45,7.0
46,7.0
49,7.0
50,7.0
51,7.0
52,7.0
53,7.0
57,7.0
60,7.0
62,7.0
63,7.0
64,7.0
65,7.0
66,7.0
66,2.0
67,7.0
67,2.0
68,7.0
68,2.0
69,7.0
69,2.0
70,2.0
70,7.0
71,7.0
72,7.0
73,7.0
74,7.0
75,7.0
76,7.0
77,7.0
78,7.0
79,7.0
80,7.0
81,7.0
82,7.0
83,7.0
84,7.0
85,7.0
86,7.0
87,7.0
88,7.0
89,7.0
90,7.0
91,7.0
92,7.0
93,7.0
94,7.0
95,7.0
96,7.0
97,7.0
98,7.0
99,7.0
100,7.0
101,7.0
102,7.0
103,7.0
104,7.0
105,7.0
106,7.0
106,2.0
107,7.0
108,7.0
108,2.0
109,7.0
109,2.0
110,7.0
110,2.0
111,7.0
112,7.0
112,2.0
113,7.0
113,2.0
114,7.0
114,2.0
115,7.0
116,7.0
117,7.0
117,0.0
117,2.0
118,7.0
118,0.0
118,2.0
119,7.0
119,0.0
119,2.0
120,7.0
121,7.0
121,2.0
122,7.0
122,2.0
123,7.0
123,2.0
124,7.0
124,0.0
125,7.0
125,2.0
126,7.0
127,7.0
128,7.0
129,7.0
130,7.0
131,7.0
132,7.0
133,7.0
134,7.0
135,7.0
136,7.0
137,7.0
138,7.0
139,7.0
140,7.0
141,7.0
142,7.0
142,2.0
143,7.0
143,2.0
144,7.0
145,7.0
146,7.0
147,7.0
148,7.0
149,7.0
150,7.0
151,7.0
152,7.0
153,7.0
154,7.0
155,7.0
156,7.0
157,7.0
158,7.0
159,7.0
160,7.0
161,7.0
162,7.0
163,7.0
164,7.0
165,7.0
166,7.0
167,7.0
168,7.0
169,7.0
170,7.0
171,7.0
172,7.0
173,7.0
174,7.0
175,7.0
176,7.0
177,7.0
178,7.0
179,7.0
180,7.0
181,7.0
182,7.0
183,7.0
184,7.0
185,7.0
186,7.0
187,7.0
188,7.0
189,7.0
190,7.0
191,7.0
192,7.0
193,7.0
194,7.0
195,7.0
196,7.0
197,7.0
198,7.0
199,7.0
200,7.0
201,7.0
202,7.0
203,7.0
204,7.0
205,7.0
206,7.0
207,7.0
208,7.0
209,7.0
210,7.0
211,7.0
212,7.0
213,7.0
214,7.0
215,7.0
216,7.0
217,7.0
218,7.0
219,7.0
220,7.0
221,7.0
222,7.0
223,7.0
224,7.0
225,7.0
226,7.0
227,7.0
228,7.0
229,7.0
230,7.0
231,7.0
232,7.0
233,7.0
234,7.0
235,7.0
236,7.0
237,7.0
238,7.0
239,7.0
240,7.0
241,7.0
242,7.0
243,7.0
244,7.0
245,7.0
246,7.0
247,7.0
248,7.0
249,7.0
250,7.0
251,7.0
252,7.0
253,7.0
254,7.0
255,7.0
256,7.0
257,7.0
258,7.0
259,7.0
265,7.0
266,7.0
267,7.0
268,7.0
269,7.0
270,7.0
270,0.0
271,7.0
271,0.0
272,0.0
272,7.0
273,0.0
273,7.0
274,0.0
274,7.0
275,0.0
275,7.0
276,0.0
276,7.0
278,0.0
279,0.0
279,7.0
280,0.0
281,0.0
282,0.0
283,0.0
284,0.0
285,7.0
286,7.0
286,0.0
287,7.0
287,0.0
287,2.0
288,0.0
288,7.0
288,2.0
289,0.0
291,0.0
292,0.0
293,0.0
296,7.0
297,7.0
298,7.0
299,7.0
300,7.0
301,7.0
302,7.0
303,7.0
304,7.0
305,7.0
306,7.0
307,7.0
308,7.0
309,7.0
310,7.0
311,7.0
312,7.0
313,7.0
314,7.0
315,7.0
316,7.0
317,7.0
318,7.0
319,7.0
320,7.0
321,7.0
322,7.0
323,7.0
324,7.0
325,7.0
326,7.0
327,7.0
328,7.0
329,7.0
330,7.0
331,7.0
332,7.0
333,7.0
334,7.0
335,7.0
336,7.0
337,7.0
338,7.0
339,7.0
340,7.0
341,7.0
342,7.0
343,7.0
344,7.0
345,7.0
346,7.0
347,7.0
348,7.0
349,7.0
350,7.0
351,7.0
352,7.0
353,7.0
354,7.0
355,7.0
356,7.0
357,7.0
358,7.0
359,7.0
360,7.0
361,7.0
362,7.0
363,7.0
364,7.0
365,7.0
366,7.0
367,7.0
368,7.0
369,7.0
370,7.0
371,7.0
372,7.0
373,7.0
374,7.0
375,7.0
376,7.0
377,7.0
378,7.0
379,7.0
380,7.0
381,7.0
382,7.0
383,7.0
384,7.0
385,7.0
386,7.0
387,7.0
388,7.0
389,7.0
390,7.0
391,7.0
392,7.0
393,7.0
394,7.0
395,7.0
396,7.0
397,7.0
398,7.0
399,7.0
400,7.0
401,7.0
402,7.0
403,7.0
404,7.0
405,7.0
406,7.0
407,7.0
408,7.0
409,7.0
410,7.0
411,7.0
412,7.0
413,7.0
414,7.0
415,7.0
416,7.0
417,7.0
418,7.0
419,7.0
420,7.0
421,7.0
422,7.0
423,7.0
424,7.0
425,7.0
426,7.0
427,7.0
428,7.0
429,7.0
430,7.0
431,7.0
432,7.0
433,7.0
434,7.0
435,7.0
436,7.0
437,7.0
438,7.0
439,7.0
440,7.0
441,7.0
442,7.0
443,7.0
444,7.0
445,7.0
446,7.0
447,7.0
448,7.0
449,7.0
450,7.0
451,7.0
452,7.0
454,7.0
455,7.0
456,7.0
457,7.0
458,7.0
459,7.0
460,7.0
461,7.0
462,7.0
463,7.0
464,7.0
465,7.0
466,7.0
467,7.0
468,7.0
469,7.0
470,7.0
471,7.0
472,7.0
473,7.0
474,7.0
475,7.0
476,7.0
477,7.0
478,7.0
479,7.0
480,7.0
481,7.0
482,7.0
483,7.0
484,7.0
485,7.0
486,7.0
487,7.0
488,7.0
489,7.0
490,7.0
491,7.0
492,7.0
493,7.0
494,7.0
495,7.0
496,7.0
497,7.0
498,7.0
499,7.0
500,7.0
501,7.0
502,7.0
503,7.0
504,7.0
505,7.0
506,7.0
507,7.0
508,7.0
509,7.0
510,7.0
511,7.0
512,7.0
513,7.0
514,7.0
515,7.0
516,7.0
517,7.0
518,7.0
519,7.0
520,7.0
521,7.0
522,7.0
523,7.0
524,7.0
525,7.0
526,7.0
527,7.0
528,7.0
529,7.0
530,7.0
531,7.0
532,7.0
533,7.0
534,7.0
535,7.0
536,7.0
537,7.0
538,7.0
539,7.0
540,7.0
541,7.0
542,7.0
543,7.0
544,7.0
545,7.0
546,7.0
547,7.0
548,7.0
549,7.0
550,7.0
551,7.0
552,7.0
553,7.0
554,7.0
555,7.0
556,7.0
557,7.0
558,7.0
559,7.0
560,7.0
561,7.0
562,7.0
563,7.0
564,7.0
565,7.0
566,7.0
567,7.0
568,7.0
569,7.0
570,7.0
571,7.0
572,7.0
573,7.0
574,7.0
575,7.0
576,7.0
577,7.0
578,7.0
579,7.0
580,7.0
581,7.0
582,7.0
583,7.0
584,7.0
585,7.0
586,7.0
587,7.0
588,7.0
589,7.0
590,7.0
591,7.0
592,7.0
593,7.0
594,7.0
595,7.0
596,7.0
597,7.0
598,7.0
599,7.0
600,7.0
601,7.0
602,7.0
603,7.0
604,7.0
605,7.0
606,7.0
607,7.0
608,7.0
609,7.0
610,7.0
611,7.0
612,7.0
613,7.0
614,7.0
615,7.0
616,7.0
617,7.0
618,7.0
619,7.0
620,7.0
621,7.0
622,7.0
623,7.0
624,7.0
625,7.0
626,7.0
627,7.0
628,7.0
629,7.0
630,7.0
631,7.0
632,7.0
633,7.0
634,7.0
635,7.0
636,7.0
637,7.0
638,7.0
639,7.0
640,7.0
641,7.0
642,7.0
643,7.0
644,7.0
645,7.0
646,7.0
647,7.0
648,7.0
649,7.0
650,7.0
651,7.0
652,7.0
653,7.0
654,7.0
655,7.0
656,7.0
657,7.0
658,7.0
659,7.0
660,7.0
661,7.0
662,7.0
663,7.0
664,7.0
665,7.0
666,7.0
667,7.0
668,7.0
669,7.0
670,7.0
671,7.0
672,7.0
673,7.0
674,7.0
675,7.0
676,7.0
677,7.0
678,7.0
679,7.0
680,7.0
681,7.0
682,7.0
683,7.0
684,7.0
685,7.0
686,7.0
687,7.0
688,7.0
689,7.0
690,7.0
691,7.0
692,7.0
693,7.0
694,7.0
695,7.0
696,7.0
697,7.0
698,7.0
699,7.0
700,7.0
701,7.0
702,7.0
703,7.0
704,7.0
705,7.0
706,7.0
707,7.0
708,7.0
709,7.0
710,7.0
711,7.0
712,7.0
713,7.0
714,7.0
715,7.0
716,7.0
717,7.0
718,7.0
719,7.0
720,7.0
721,7.0
722,7.0
723,7.0
724,7.0
725,7.0
726,7.0
727,7.0
728,7.0
729,7.0
730,7.0
731,7.0
732,7.0
733,7.0
734,7.0
735,7.0
736,7.0
737,7.0
738,7.0
739,7.0
740,7.0
741,7.0
742,7.0
743,7.0
744,7.0
745,7.0
746,7.0
747,7.0
748,7.0
749,7.0
750,7.0
751,7.0
752,7.0
753,7.0
754,7.0
755,7.0
756,7.0
757,7.0
758,7.0
759,7.0
760,7.0
761,7.0
762,7.0
763,7.0
764,7.0
765,7.0
766,7.0
767,7.0
768,7.0
769,7.0
770,7.0
771,7.0
772,7.0
773,7.0
774,7.0
775,7.0
776,7.0
777,7.0
778,7.0
779,7.0
780,7.0
781,7.0
782,7.0
783,7.0
784,7.0
785,7.0
786,7.0
787,7.0
788,7.0
789,7.0
790,7.0
791,7.0
792,7.0
793,7.0
794,7.0
795,7.0
796,7.0
797,7.0
798,7.0
799,7.0
800,7.0
801,7.0
802,7.0
803,7.0
804,7.0
805,7.0
806,7.0
807,7.0
808,7.0
809,7.0
810,7.0
811,7.0
812,7.0
813,7.0
814,7.0
815,7.0
816,7.0
817,7.0
818,7.0
819,7.0
820,7.0
821,7.0
822,7.0
823,7.0
824,7.0
825,7.0
826,7.0
827,7.0
828,7.0
829,7.0
830,7.0
831,7.0
832,7.0
833,7.0
834,7.0
835,7.0
836,7.0
837,7.0
838,7.0
839,7.0
840,7.0
841,7.0
842,7.0
843,7.0
844,7.0
845,7.0
846,7.0
847,7.0
848,7.0
849,7.0
850,7.0
851,7.0
852,7.0
853,7.0
854,7.0
855,7.0
856,7.0
857,7.0
858,7.0
859,7.0
860,7.0
861,7.0
862,7.0
863,7.0
864,7.0
865,7.0
866,7.0
866,0.0
866,0.0
867,7.0
867,0.0
867,0.0
868,0.0
868,7.0
868,0.0
869,7.0
869,0.0
870,7.0
870,0.0
871,7.0
871,0.0
872,7.0
872,0.0
873,7.0
873,0.0
874,7.0
874,0.0
875,7.0
876,7.0
877,7.0
878,7.0
879,7.0
880,7.0
881,7.0
882,7.0
883,7.0
884,7.0
885,7.0
886,7.0
887,7.0
887,0.0
888,7.0
889,7.0
890,7.0
891,7.0
892,7.0
893,7.0
894,7.0
895,7.0
896,7.0
897,7.0
898,7.0
899,7.0
900,7.0
901,7.0
901,0.0
902,7.0
902,0.0
903,7.0
904,7.0
905,7.0
906,7.0
907,7.0
908,7.0
909,7.0
910,7.0
911,7.0
912,7.0
913,7.0
914,7.0
915,7.0
915,0.0
916,7.0
916,0.0
917,7.0
918,7.0
919,7.0
920,7.0
921,7.0
922,7.0
922,0.0
923,7.0
923,0.0
924,7.0
924,0.0
925,7.0
926,7.0
926,0.0
927,7.0
927,0.0
927,0.0
928,7.0
928,0.0
929,7.0
929,0.0
930,7.0
930,0.0
931,7.0
931,0.0
932,7.0
933,7.0
934,7.0
934,0.0
935,7.0
935,0.0
936,0.0
936,7.0
937,0.0
937,7.0
938,7.0
938,0.0
939,7.0
940,7.0
941,7.0
942,7.0
943,7.0
944,7.0
945,7.0
946,7.0
947,7.0
948,7.0
949,7.0
950,7.0
951,7.0
952,7.0
953,7.0
954,7.0
955,7.0
956,7.0
957,7.0
958,7.0
959,7.0
960,7.0
961,7.0
962,7.0
963,7.0
963,0.0
964,7.0
965,7.0
966,7.0
967,7.0
968,7.0
969,7.0
970,7.0
971,7.0
972,7.0
973,7.0
974,7.0
975,7.0
976,7.0
977,7.0
978,7.0
979,7.0
980,7.0
981,7.0
982,7.0
983,7.0
984,7.0
985,7.0
986,7.0
987,7.0
988,7.0
989,7.0
990,7.0
991,7.0
992,7.0
993,7.0
994,7.0
995,7.0
996,7.0
997,7.0
998,7.0
999,7.0
1000,7.0
1001,7.0
1002,7.0
1003,7.0
1004,7.0
1005,7.0
1006,7.0
1007,7.0
1008,7.0
1009,7.0
1010,7.0
1011,7.0
1012,7.0
1013,7.0
1014,7.0
1015,7.0
1016,7.0
1017,7.0
1018,7.0
1019,7.0
1020,7.0
1021,7.0
1022,7.0
1023,7.0
1024,7.0
1025,7.0
1026,7.0
1029,7.0
1030,7.0
1031,7.0
1032,7.0
1033,7.0
1034,7.0
1035,7.0
1036,7.0
1037,7.0
1038,7.0
1039,7.0
1040,7.0
1041,7.0
1042,7.0
1043,7.0
1044,7.0
1045,7.0
1046,7.0
1047,7.0
1048,7.0
1049,7.0
1050,7.0
1051,7.0
1052,7.0
1053,7.0
1054,7.0
1055,7.0
1056,7.0
1057,7.0
1058,7.0
1059,7.0
1060,7.0
1061,7.0
1062,7.0
1063,7.0
1064,7.0
1065,7.0
1066,7.0
1067,7.0
1068,7.0
1069,7.0
1070,7.0
1071,7.0
1072,7.0
1073,7.0
1074,7.0
1075,7.0
1076,7.0
1077,7.0
1078,7.0
1079,7.0
1080,7.0
1081,7.0
1082,7.0
1083,7.0
1084,7.0
1085,7.0
1086,7.0
1087,7.0
1088,7.0
1089,7.0
1090,7.0
1091,7.0
1092,7.0
1093,7.0
1094,7.0
1095,7.0
1096,7.0
1097,7.0
1098,7.0
1099,7.0
1100,7.0
1101,7.0
1102,7.0
1103,7.0
1104,7.0
1105,7.0
1106,7.0
1107,7.0
1108,7.0
1109,7.0
1110,7.0
1111,7.0
1112,7.0
1113,7.0
1114,7.0
1115,7.0
1116,7.0
1117,7.0
1118,7.0
1119,7.0
1120,7.0
1121,7.0
1122,7.0
1123,7.0
1124,7.0
1125,7.0
1126,7.0
1127,7.0
1128,7.0
1129,7.0
1130,7.0
1131,7.0
1132,7.0
1133,7.0
1134,7.0
1135,7.0
1136,7.0
1137,7.0
1138,7.0
1139,7.0
1140,7.0
1141,7.0
1142,7.0
1143,7.0
1144,7.0
1145,7.0
1146,7.0
1147,7.0
1148,7.0
1149,7.0
1150,7.0
1151,7.0
1152,7.0
1153,7.0
1154,7.0
1155,7.0
1156,7.0
1157,7.0
1158,7.0
1159,7.0
1160,7.0
1161,7.0
1162,7.0
1163,7.0
1164,7.0
1165,7.0
1166,7.0
1167,7.0
1168,7.0
1169,7.0
1170,7.0
1171,7.0
1172,7.0
1173,7.0
1174,7.0
1179,7.0
1180,7.0
1184,7.0
1185,7.0
1190,7.0
1193,0.0
1194,0.0
1195,0.0
1196,0.0
1197,0.0
1198,0.0
1199,0.0
1200,0.0
1201,0.0
1202,0.0
1203,0.0
1204,0.0
1210,0.0
1211,0.0
1212,0.0
1213,0.0
1214,0.0
1214,7.0
1215,0.0
1215,7.0
1216,0.0
1216,7.0
1217,0.0
1217,7.0
1218,0.0
1218,7.0
1219,0.0
1219,7.0
1220,0.0
1220,5.0
1222,0.0
1223,0.0
1224,0.0
1232,7.0
1233,7.0
1234,7.0
1235,7.0
1236,7.0
1237,7.0
1238,7.0
1239,7.0
1240,7.0
1241,7.0
1242,7.0
1243,7.0
1244,7.0
1245,7.0
1246,7.0
1247,7.0
1248,7.0
1249,7.0
1250,7.0
1251,7.0
1252,7.0
1253,7.0
1254,7.0
1255,7.0
1256,7.0
1257,7.0
1258,7.0
1259,7.0
1260,7.0
1261,7.0
1262,7.0
1263,7.0
1264,7.0
1265,7.0
1266,7.0
1267,7.0
1268,7.0
1269,7.0
1270,7.0
1271,7.0
1272,7.0
1273,7.0
1274,7.0
1275,7.0
1276,7.0
1277,7.0
1278,7.0
1279,7.0
1280,7.0
1281,7.0
1282,7.0
1283,7.0
1284,7.0
1285,7.0
1286,7.0
1287,7.0
1288,7.0
1289,7.0
1290,7.0
1291,7.0
1292,7.0
1293,7.0
1294,7.0
1295,7.0
1296,7.0
1297,7.0
1298,7.0
1299,7.0
1300,7.0
1301,7.0
1302,7.0
1303,7.0
1304,7.0
1305,7.0
1306,7.0
1307,7.0
1308,7.0
1309,7.0
1310,7.0
1311,7.0
1312,7.0
1313,7.0
1314,7.0
1315,7.0
1316,7.0
1317,7.0
1318,7.0
1319,7.0
1320,7.0
1321,7.0
1322,7.0
1323,7.0
1324,7.0
1325,7.0
1326,7.0
1327,7.0
1328,7.0
1329,7.0
1330,7.0
1331,7.0
1332,7.0
1333,7.0
1334,7.0
1335,7.0
1336,7.0
1337,7.0
1338,7.0
1339,7.0
1340,7.0
1341,7.0
1342,7.0
1343,7.0
1344,7.0
1345,7.0
1346,7.0
1347,7.0
1348,7.0
1349,7.0
1350,7.0
1351,7.0
1352,7.0
1353,7.0
1354,7.0
1355,7.0
1356,7.0
1357,7.0
1358,7.0
1359,7.0
1360,7.0
1361,7.0
1362,7.0
1363,7.0
1364,7.0
1365,7.0
1366,7.0
1367,7.0
1368,7.0
1369,7.0
1370,7.0
1371,7.0
1372,7.0
1373,7.0
1374,7.0
1375,7.0
1376,7.0
1377,7.0
1378,7.0
1379,7.0
1380,7.0
1381,7.0
1382,7.0
1383,7.0
1384,7.0
1399,7.0
1400,7.0
1404,7.0
1405,7.0
1406,7.0
1408,73.0
1411,7.0
1412,7.0
