69,2.0
70,7.0
70,2.0
71,7.0
72,7.0
73,7.0
74,2.0
75,2.0
76,2.0
77,2.0
78,2.0
79,2.0
80,7.0
81,7.0
82,2.0
83,2.0
84,2.0
85,2.0
86,2.0
87,2.0
88,2.0
89,2.0
90,2.0
91,2.0
92,2.0
93,2.0
94,2.0
95,2.0
96,2.0
97,2.0
98,2.0
99,2.0
100,2.0
103,2.0
104,2.0
105,2.0
110,2.0
111,2.0
113,2.0
114,2.0
119,2.0
164,2.0
165,2.0
168,2.0
169,2.0
170,2.0
171,2.0
172,2.0
174,2.0
174,2.0
175,2.0
175,2.0
176,2.0
185,2.0
186,2.0
187,0.0
189,2.0
190,0.0
194,2.0
199,2.0
199,0.0
200,2.0
201,2.0
201,2.0
203,2.0
204,2.0
204,2.0
205,2.0
206,2.0
211,2.0
212,2.0
214,2.0
215,2.0
216,2.0
216,2.0
217,2.0
218,2.0
218,2.0
218,2.0
218,2.0
219,2.0
219,2.0
219,2.0
219,2.0
220,2.0
220,2.0
220,2.0
220,2.0
221,2.0
221,2.0
222,2.0
222,2.0
222,2.0
223,2.0
224,2.0
224,2.0
225,2.0
225,2.0
225,2.0
226,2.0
226,2.0
227,2.0
227,2.0
228,2.0
233,2.0
234,2.0
235,2.0
241,2.0
243,2.0
247,2.0
248,2.0
248,2.0
249,2.0
249,2.0
250,2.0
250,2.0
263,2.0
264,2.0
265,2.0
265,2.0
265,2.0
266,2.0
268,2.0
269,2.0
269,2.0
270,2.0
271,2.0
272,2.0
272,2.0
272,2.0
273,2.0
273,2.0
274,2.0
274,2.0
274,2.0
275,2.0
275,2.0
276,2.0
276,2.0
276,2.0
277,2.0
277,2.0
277,2.0
278,2.0
278,2.0
278,2.0
279,2.0
279,2.0
280,2.0
280,2.0
280,2.0
281,2.0
281,2.0
281,2.0
282,2.0
283,2.0
284,2.0
285,2.0
286,2.0
287,2.0
288,2.0
289,2.0
290,2.0
290,2.0
291,2.0
292,2.0
299,2.0
301,2.0
302,2.0
303,2.0
304,2.0
305,2.0
306,2.0
307,2.0
308,2.0
309,2.0
311,2.0
312,2.0
330,2.0
333,2.0
334,2.0
335,2.0
337,2.0
338,2.0
339,2.0
340,2.0
341,2.0
341,0.0
342,2.0
343,2.0
343,2.0
344,2.0
345,2.0
346,2.0
347,2.0
352,2.0
353,2.0
354,2.0
355,2.0
356,2.0
357,2.0
358,2.0
363,2.0
364,2.0
365,2.0
366,2.0
367,2.0
368,2.0
369,2.0
370,2.0
372,2.0
373,2.0
378,2.0
379,2.0
380,2.0
381,2.0
382,2.0
383,2.0
384,2.0
385,2.0
386,2.0
387,2.0
388,2.0
388,0.0
389,2.0
390,2.0
391,2.0
392,2.0
393,2.0
394,2.0
395,2.0
396,2.0
397,2.0
398,2.0
399,2.0
400,2.0
401,2.0
402,2.0
408,2.0
409,2.0
410,2.0
411,2.0
412,2.0
413,2.0
414,2.0
415,2.0
416,2.0
417,2.0
418,2.0
419,2.0
420,2.0
421,2.0
422,2.0
423,2.0
424,2.0
425,2.0
426,2.0
427,2.0
428,2.0
429,2.0
430,2.0
431,2.0
432,2.0
433,2.0
434,2.0
435,2.0
436,2.0
437,2.0
438,2.0
439,2.0
440,2.0
441,2.0
442,2.0
443,2.0
444,2.0
445,2.0
446,2.0
447,2.0
448,2.0
449,2.0
450,2.0
451,2.0
452,2.0
453,2.0
454,2.0
455,2.0
456,2.0
457,2.0
458,2.0
459,2.0
460,2.0
461,2.0
576,0.0
584,0.0
585,0.0
586,0.0
587,0.0
589,0.0
590,0.0
591,0.0
592,0.0
593,0.0
594,0.0
598,0.0
599,0.0
600,0.0
601,0.0
602,0.0
603,0.0
604,0.0
605,0.0
606,0.0
607,0.0
608,0.0
623,0.0
624,0.0
625,0.0
626,0.0
627,0.0
650,0.0
657,0.0
660,0.0
661,0.0
661,0.0
662,0.0
662,0.0
662,0.0
663,0.0
663,0.0
663,0.0
664,0.0
665,0.0
668,0.0
669,0.0
670,0.0
671,0.0
672,0.0
673,0.0
674,0.0
675,0.0
676,0.0
677,0.0
682,0.0
685,0.0
686,0.0
686,0.0
687,0.0
688,0.0
689,0.0
690,0.0
690,0.0
691,0.0
691,0.0
692,0.0
693,0.0
694,0.0
695,0.0
696,0.0
697,0.0
698,0.0
699,0.0
700,0.0
700,0.0
701,0.0
701,0.0
702,0.0
703,0.0
704,0.0
705,0.0
705,0.0
706,0.0
706,0.0
707,0.0
707,0.0
708,0.0
708,0.0
709,0.0
710,0.0
711,0.0
712,0.0
712,0.0
713,0.0
713,0.0
714,0.0
714,0.0
715,0.0
719,0.0
721,0.0
722,0.0
722,0.0
722,2.0
723,0.0
723,2.0
723,0.0
723,0.0
724,2.0
724,0.0
724,0.0
725,0.0
725,0.0
725,2.0
725,0.0
726,0.0
726,2.0
727,2.0
727,0.0
728,0.0
728,2.0
728,0.0
729,0.0
729,2.0
730,0.0
730,2.0
731,2.0
731,0.0
732,2.0
732,0.0
733,2.0
734,2.0
735,2.0
735,0.0
735,0.0
736,2.0
737,2.0
738,2.0
739,2.0
740,2.0
741,2.0
742,2.0
742,0.0
743,2.0
744,2.0
745,2.0
746,2.0
747,2.0
748,2.0
749,2.0
750,2.0
751,2.0
752,2.0
753,2.0
754,2.0
754,0.0
755,0.0
755,2.0
756,2.0
756,0.0
757,2.0
757,0.0
758,2.0
759,2.0
760,2.0
761,2.0
762,2.0
763,2.0
764,2.0
765,2.0
766,2.0
767,2.0
768,2.0
769,2.0
769,2.0
770,2.0
771,2.0
772,2.0
773,2.0
774,2.0
775,2.0
776,2.0
777,2.0
778,2.0
779,2.0
780,2.0
781,2.0
782,2.0
783,2.0
784,2.0
785,2.0
785,0.0
786,2.0
786,0.0
787,2.0
787,0.0
788,2.0
788,0.0
789,2.0
789,0.0
790,2.0
790,0.0
791,2.0
792,2.0
792,0.0
793,2.0
794,2.0
795,2.0
795,0.0
796,2.0
796,0.0
797,2.0
797,0.0
798,2.0
798,0.0
799,2.0
799,0.0
800,2.0
800,0.0
801,2.0
802,2.0
803,2.0
804,2.0
805,2.0
806,2.0
807,2.0
808,2.0
809,2.0
810,2.0
811,2.0
812,2.0
813,2.0
814,2.0
815,2.0
816,2.0
817,2.0
818,2.0
819,2.0
820,2.0
820,0.0
821,2.0
821,0.0
822,2.0
822,0.0
823,2.0
824,2.0
825,2.0
826,2.0
827,2.0
828,2.0
829,2.0
830,2.0
831,2.0
832,2.0
832,0.0
833,2.0
834,2.0
834,0.0
835,2.0
835,0.0
836,2.0
836,0.0
837,2.0
838,2.0
838,0.0
839,2.0
839,0.0
839,0.0
840,2.0
840,0.0
840,0.0
841,2.0
841,0.0
842,2.0
842,0.0
842,0.0
843,2.0
843,0.0
843,0.0
844,2.0
844,0.0
845,2.0
845,0.0
846,2.0
846,0.0
847,2.0
848,2.0
848,0.0
849,2.0
850,2.0
850,0.0
851,2.0
851,0.0
852,2.0
852,0.0
852,0.0
853,2.0
853,0.0
854,2.0
854,0.0
855,2.0
855,0.0
856,2.0
856,0.0
857,2.0
857,0.0
858,2.0
858,0.0
859,2.0
859,0.0
860,2.0
860,0.0
861,2.0
861,0.0
862,2.0
862,0.0
863,2.0
863,0.0
864,2.0
864,0.0
865,0.0
865,2.0
866,2.0
866,0.0
867,2.0
867,0.0
868,2.0
868,0.0
869,2.0
869,0.0
870,2.0
870,0.0
871,2.0
871,0.0
872,2.0
872,0.0
873,2.0
873,0.0
874,2.0
874,0.0
874,0.0
875,2.0
875,0.0
876,2.0
876,0.0
876,0.0
877,2.0
877,0.0
878,2.0
878,0.0
878,0.0
878,0.0
879,2.0
879,0.0
879,0.0
880,2.0
880,0.0
881,2.0
881,0.0
881,2.0
882,2.0
882,0.0
883,2.0
883,0.0
884,2.0
884,0.0
885,2.0
885,0.0
886,2.0
886,0.0
887,2.0
887,0.0
888,2.0
889,2.0
890,2.0
891,2.0
892,2.0
893,2.0
894,2.0
895,2.0
896,2.0
897,2.0
897,2.0
898,2.0
899,2.0
899,2.0
900,2.0
900,2.0
901,2.0
901,2.0
902,2.0
902,0.0
903,2.0
904,2.0
905,2.0
906,2.0
907,2.0
908,2.0
908,0.0
909,2.0
910,2.0
910,0.0
911,2.0
912,2.0
913,2.0
914,2.0
915,2.0
916,2.0
917,2.0
918,2.0
919,2.0
920,2.0
920,0.0
921,2.0
921,0.0
922,2.0
923,2.0
924,2.0
925,2.0
926,2.0
927,2.0
928,2.0
929,2.0
929,0.0
930,2.0
930,0.0
931,2.0
931,0.0
932,2.0
932,0.0
933,2.0
933,0.0
934,2.0
934,0.0
934,0.0
935,2.0
935,0.0
936,2.0
937,2.0
937,0.0
938,2.0
939,2.0
940,2.0
941,2.0
942,2.0
943,2.0
944,2.0
945,2.0
946,2.0
947,2.0
948,2.0
949,2.0
950,2.0
951,2.0
952,2.0
953,2.0
954,2.0
955,2.0
956,2.0
957,2.0
958,2.0
959,2.0
960,2.0
961,2.0
962,2.0
963,2.0
964,2.0
965,2.0
966,2.0
966,0.0
967,2.0
968,2.0
969,2.0
970,2.0
971,2.0
972,2.0
973,2.0
973,0.0
974,2.0
975,2.0
976,2.0
977,2.0
978,2.0
979,2.0
980,2.0
981,2.0
982,2.0
983,2.0
984,2.0
984,0.0
985,2.0
985,0.0
985,0.0
986,2.0
986,0.0
986,0.0
987,2.0
987,0.0
987,0.0
988,2.0
988,0.0
988,0.0
989,2.0
989,0.0
989,0.0
990,2.0
990,0.0
991,2.0
991,0.0
992,2.0
992,0.0
993,2.0
993,0.0
993,0.0
994,2.0
995,2.0
996,2.0
996,0.0
997,2.0
998,2.0
999,2.0
1000,2.0
1000,0.0
1001,2.0
1002,2.0
1003,2.0
1004,2.0
1005,2.0
1006,2.0
1007,2.0
1008,2.0
1009,2.0
1010,2.0
1010,0.0
1011,2.0
1011,0.0
1012,2.0
1012,0.0
1013,2.0
1013,0.0
1014,2.0
1014,0.0
1015,2.0
1015,0.0
1016,2.0
1016,0.0
1017,2.0
1017,0.0
1018,2.0
1018,0.0
1019,2.0
1019,0.0
1020,2.0
1021,2.0
1022,2.0
1022,0.0
1023,2.0
1023,0.0
1024,2.0
1024,0.0
1025,2.0
1025,0.0
1026,2.0
1026,0.0
1027,2.0
1027,0.0
1028,2.0
1028,0.0
1029,2.0
1029,0.0
1030,2.0
1030,0.0
1031,2.0
1031,0.0
1032,2.0
1032,0.0
1033,2.0
1033,0.0
1034,2.0
1034,0.0
1035,2.0
1035,0.0
1036,2.0
1036,0.0
1037,2.0
1037,0.0
1038,2.0
1038,0.0
1039,2.0
1039,0.0
1040,2.0
1040,0.0
1041,2.0
1041,0.0
1042,2.0
1043,2.0
1043,0.0
1044,2.0
1044,0.0
1045,2.0
1045,0.0
1046,2.0
1046,0.0
1047,2.0
1047,0.0
1048,2.0
1049,2.0
1049,0.0
1050,2.0
1050,0.0
1051,2.0
1051,0.0
1052,2.0
1053,2.0
1054,2.0
1055,2.0
1056,2.0
1057,2.0
1058,2.0
1059,2.0
1060,2.0
1061,2.0
1062,2.0
1063,2.0
1064,2.0
1065,2.0
1066,2.0
1067,2.0
1068,2.0
1069,2.0
1070,2.0
1071,2.0
1072,2.0
1073,2.0
1074,2.0
1075,2.0
1076,2.0
1077,2.0
1078,2.0
1079,2.0
1080,2.0
1081,2.0
1082,2.0
1083,2.0
1084,2.0
1084,0.0
1085,2.0
1085,0.0
1086,2.0
1086,0.0
1087,2.0
1087,0.0
1088,0.0
1088,2.0
1089,0.0
1089,2.0
1090,0.0
1090,2.0
1091,2.0
1091,0.0
1092,2.0
1092,0.0
1093,2.0
1093,0.0
1094,2.0
1094,0.0
1095,2.0
1095,0.0
1096,2.0
1096,0.0
1097,2.0
1097,0.0
1098,2.0
1098,0.0
1099,2.0
1099,0.0
1100,2.0
1100,0.0
1101,2.0
1101,0.0
1102,2.0
1102,0.0
1103,2.0
1103,0.0
1104,2.0
1104,0.0
1105,2.0
1105,0.0
1106,2.0
1106,0.0
1107,0.0
1107,2.0
1108,0.0
1108,2.0
1109,2.0
1109,0.0
1110,2.0
1110,0.0
1111,2.0
1111,0.0
1112,2.0
1112,0.0
1113,2.0
1113,0.0
1114,2.0
1114,0.0
1115,2.0
1115,0.0
1116,2.0
1116,0.0
1117,2.0
1117,0.0
1118,2.0
1118,0.0
1119,2.0
1119,0.0
1120,2.0
1121,2.0
1122,2.0
1123,2.0
1124,2.0
1125,2.0
1126,2.0
1126,0.0
1127,2.0
1127,0.0
1128,2.0
1128,0.0
1129,2.0
1129,0.0
1130,2.0
1130,0.0
1131,2.0
1131,0.0
1132,2.0
1132,0.0
1133,2.0
1133,0.0
1134,2.0
1134,0.0
1135,2.0
1135,0.0
1136,2.0
1136,0.0
1137,2.0
1137,0.0
1138,2.0
1138,0.0
1139,2.0
1139,0.0
1139,2.0
1140,2.0
1140,2.0
1140,0.0
1141,2.0
1141,2.0
1141,0.0
1142,2.0
1142,2.0
1143,2.0
1143,2.0
1144,2.0
1144,2.0
1145,2.0
1145,2.0
1146,2.0
1146,2.0
1147,2.0
1147,2.0
1148,2.0
1148,2.0
1149,2.0
1149,2.0
1150,2.0
1150,2.0
1151,2.0
1151,2.0
1152,2.0
1152,2.0
1153,2.0
1153,2.0
1154,2.0
1154,2.0
1155,2.0
1155,2.0
1156,2.0
1156,2.0
1157,2.0
1157,2.0
1158,2.0
1158,2.0
1159,2.0
1159,2.0
1160,2.0
1160,2.0
1161,2.0
1161,2.0
1162,2.0
1162,2.0
1163,2.0
1163,2.0
1164,2.0
1164,2.0
1165,2.0
1165,2.0
1166,2.0
1166,2.0
1167,2.0
1167,2.0
1168,2.0
1168,2.0
1169,2.0
1169,2.0
1170,2.0
1170,2.0
1171,2.0
1171,2.0
1172,2.0
1172,2.0
1172,2.0
1173,2.0
1173,2.0
1173,2.0
1174,2.0
1174,2.0
1174,2.0
1175,2.0
1175,2.0
1176,2.0
1176,2.0
1177,2.0
1177,2.0
1177,2.0
1178,2.0
1178,2.0
1178,2.0
1179,2.0
1179,2.0
1179,2.0
1180,2.0
1180,2.0
1180,2.0
1181,2.0
1181,2.0
1181,2.0
1182,2.0
1182,2.0
1182,2.0
1183,2.0
1183,2.0
1183,2.0
1184,2.0
1184,2.0
1184,2.0
1185,2.0
1185,2.0
1185,2.0
1186,2.0
1186,2.0
1186,2.0
1187,2.0
1187,2.0
1187,2.0
1188,2.0
1188,2.0
1188,2.0
1189,2.0
1189,2.0
1189,2.0
1190,2.0
1190,2.0
1190,2.0
1191,2.0
1191,2.0
1191,2.0
1192,2.0
1192,2.0
1192,2.0
1193,2.0
1193,2.0
1193,2.0
1194,2.0
1194,2.0
1194,2.0
1194,2.0
1195,2.0
1195,2.0
1195,2.0
1195,2.0
1196,2.0
1196,2.0
1196,2.0
1196,2.0
1197,2.0
1197,2.0
1197,2.0
1197,2.0
1198,2.0
1198,2.0
1198,2.0
1198,2.0
1199,2.0
1199,2.0
1199,2.0
1199,2.0
1200,2.0
1200,2.0
1200,2.0
1200,2.0
1201,2.0
1201,2.0
1201,2.0
1201,2.0
1202,2.0
1202,2.0
1202,2.0
1202,2.0
1203,2.0
1203,2.0
1203,2.0
1204,2.0
1204,2.0
1204,2.0
1205,2.0
1205,2.0
1205,2.0
1206,2.0
1206,2.0
1206,2.0
1207,2.0
1207,2.0
1207,2.0
1208,2.0
1208,2.0
1208,2.0
1209,2.0
1209,2.0
1209,2.0
1210,2.0
1210,2.0
1210,2.0
1211,2.0
1211,2.0
1211,2.0
1212,2.0
1212,2.0
1212,2.0
1213,2.0
1213,2.0
1213,2.0
1214,2.0
1214,2.0
1215,2.0
1215,2.0
1216,2.0
1216,2.0
1216,2.0
1217,2.0
1217,2.0
1217,2.0
1218,2.0
1218,2.0
1218,2.0
1219,2.0
1219,2.0
1220,2.0
1220,2.0
1221,2.0
1221,2.0
1222,2.0
1222,2.0
1223,2.0
1223,2.0
1224,2.0
1224,2.0
1225,2.0
1225,2.0
1226,2.0
1226,2.0
1227,2.0
1227,2.0
1228,2.0
1228,2.0
1229,2.0
1229,2.0
1230,2.0
1230,2.0
1231,2.0
1231,2.0
1232,2.0
1232,2.0
1232,2.0
1233,2.0
1233,2.0
1233,2.0
1234,2.0
1234,2.0
1234,2.0
1235,2.0
1235,2.0
1235,2.0
1235,0.0
1236,2.0
1236,2.0
1236,0.0
1236,2.0
1237,2.0
1237,2.0
1237,0.0
1237,2.0
1238,2.0
1238,2.0
1238,2.0
1238,0.0
1239,2.0
1239,2.0
1239,0.0
1239,2.0
1240,2.0
1240,0.0
1240,2.0
1240,2.0
1241,2.0
1241,2.0
1241,2.0
1241,0.0
1242,2.0
1242,2.0
1242,2.0
1242,0.0
1243,2.0
1243,2.0
1243,2.0
1243,0.0
1244,2.0
1244,2.0
1244,2.0
1245,2.0
1245,2.0
1245,2.0
1245,0.0
1246,2.0
1246,2.0
1246,0.0
1246,2.0
1247,2.0
1247,2.0
1247,0.0
1247,2.0
1248,2.0
1248,2.0
1248,2.0
1249,2.0
1249,2.0
1249,2.0
1250,2.0
1250,2.0
1250,2.0
1251,2.0
1251,2.0
1251,2.0
1251,0.0
1252,2.0
1252,0.0
1252,2.0
1252,2.0
1253,2.0
1253,2.0
1253,2.0
1254,2.0
1254,2.0
1254,2.0
1255,2.0
1255,2.0
1255,2.0
1256,2.0
1256,2.0
1256,2.0
1256,0.0
1257,2.0
1257,2.0
1257,2.0
1257,0.0
1258,2.0
1258,2.0
1258,0.0
1258,2.0
1259,2.0
1259,2.0
1259,2.0
1259,0.0
1260,2.0
1260,2.0
1260,2.0
1260,0.0
1261,2.0
1261,2.0
1261,2.0
1261,0.0
1262,2.0
1262,2.0
1262,2.0
1262,0.0
1263,2.0
1263,0.0
1263,2.0
1263,2.0
1264,2.0
1264,0.0
1264,2.0
1264,2.0
1265,2.0
1265,0.0
1265,2.0
1265,2.0
1266,2.0
1266,0.0
1266,2.0
1266,2.0
1266,2.0
1267,2.0
1267,0.0
1267,2.0
1267,2.0
1268,2.0
1268,0.0
1268,2.0
1268,2.0
1269,2.0
1269,2.0
1269,2.0
1269,0.0
1269,2.0
1270,2.0
1270,2.0
1270,2.0
1270,2.0
1271,2.0
1271,2.0
1271,2.0
1271,2.0
1272,2.0
1272,2.0
1272,2.0
1272,2.0
1273,2.0
1273,2.0
1273,2.0
1273,2.0
1274,2.0
1274,2.0
1274,2.0
1274,2.0
1275,2.0
1275,2.0
1275,2.0
1275,2.0
1276,2.0
1276,2.0
1276,2.0
1276,2.0
1277,2.0
1277,2.0
1277,2.0
1277,2.0
1278,2.0
1278,2.0
1278,2.0
1279,2.0
1279,2.0
1279,2.0
1280,2.0
1280,2.0
1280,2.0
1280,2.0
1280,2.0
1281,2.0
1281,2.0
1281,2.0
1282,2.0
1282,2.0
1282,2.0
1282,2.0
1283,2.0
1283,2.0
1283,2.0
1283,2.0
1284,2.0
1284,2.0
1284,2.0
1285,2.0
1285,2.0
1285,2.0
1286,2.0
1286,2.0
1287,2.0
1287,2.0
1288,2.0
1288,2.0
1289,2.0
1289,2.0
1289,2.0
1290,2.0
1290,2.0
1290,2.0
1291,2.0
1291,2.0
1292,2.0
1292,2.0
1293,2.0
1294,2.0
1295,2.0
1295,2.0
1295,2.0
1296,2.0
1296,2.0
1296,2.0
1297,2.0
1297,2.0
1297,2.0
1298,2.0
1298,2.0
1298,2.0
1299,2.0
1299,2.0
1299,2.0
1300,2.0
1300,2.0
1300,2.0
1301,2.0
1301,2.0
1301,0.0
1301,2.0
1302,2.0
1302,2.0
1303,2.0
1303,2.0
1303,0.0
1304,2.0
1304,2.0
1304,0.0
1305,2.0
1305,2.0
1305,0.0
1306,2.0
1306,2.0
1306,0.0
1307,2.0
1307,2.0
1307,0.0
1308,2.0
1308,2.0
1308,0.0
1309,2.0
1309,2.0
1310,2.0
1310,2.0
1311,2.0
1311,2.0
1312,2.0
1312,2.0
1313,2.0
1313,2.0
1314,2.0
1314,2.0
1314,2.0
1315,2.0
1315,2.0
1315,2.0
1316,2.0
1316,2.0
1316,2.0
1317,2.0
1317,2.0
1317,2.0
1318,2.0
1318,2.0
1318,2.0
1319,2.0
1319,2.0
1319,0.0
1320,2.0
1320,2.0
1320,2.0
1320,0.0
1321,2.0
1321,2.0
1321,0.0
1321,2.0
1322,2.0
1322,2.0
1323,2.0
1323,2.0
1324,2.0
1324,2.0
1325,2.0
1325,2.0
1325,0.0
1326,2.0
1326,2.0
1326,0.0
1327,2.0
1327,2.0
1327,0.0
1328,2.0
1328,2.0
1328,0.0
1329,2.0
1329,2.0
1329,0.0
1330,2.0
1330,2.0
1331,2.0
1331,2.0
1332,2.0
1332,2.0
1333,2.0
1333,2.0
1334,2.0
1334,2.0
1335,2.0
1335,2.0
1336,2.0
1336,2.0
1337,2.0
1337,2.0
1338,2.0
1338,2.0
1339,2.0
1339,2.0
1340,2.0
1340,2.0
1341,2.0
1341,2.0
1342,2.0
1342,2.0
1342,2.0
1343,2.0
1343,2.0
1343,2.0
1344,2.0
1344,2.0
1344,2.0
1345,2.0
1345,2.0
1345,2.0
1346,2.0
1346,2.0
1346,2.0
1347,2.0
1347,2.0
1347,0.0
1348,2.0
1348,2.0
1349,2.0
1349,2.0
1349,0.0
1350,2.0
1350,2.0
1350,0.0
1351,2.0
1351,2.0
1352,2.0
1352,2.0
1353,2.0
1353,2.0
1354,2.0
1354,2.0
1355,2.0
1355,2.0
1356,2.0
1356,2.0
1357,2.0
1357,2.0
1358,2.0
1358,2.0
1359,2.0
1359,2.0
1360,2.0
1360,2.0
1361,2.0
1361,2.0
1362,2.0
1362,2.0
1363,2.0
1363,2.0
1364,2.0
1364,2.0
1365,2.0
1365,2.0
1366,2.0
1366,2.0
1367,2.0
1367,2.0
1368,2.0
1368,2.0
1369,2.0
1369,2.0
1370,2.0
1370,2.0
1370,2.0
1371,2.0
1371,2.0
1372,2.0
1372,2.0
1373,2.0
1373,2.0
1373,0.0
1374,2.0
1374,2.0
1374,0.0
1375,2.0
1375,2.0
1375,0.0
1376,2.0
1376,2.0
1377,2.0
1377,2.0
1378,2.0
1378,2.0
1378,0.0
1379,2.0
1379,2.0
1379,0.0
1380,2.0
1380,2.0
1380,0.0
1381,2.0
1381,2.0
1382,2.0
1382,2.0
1383,2.0
1383,2.0
1384,2.0
1384,0.0
1384,2.0
1385,2.0
1385,0.0
1385,2.0
1386,2.0
1386,0.0
1386,2.0
1387,2.0
1387,0.0
1388,2.0
1388,0.0
1388,2.0
1389,2.0
1389,0.0
1389,2.0
1390,2.0
1390,0.0
1390,2.0
1391,2.0
1391,0.0
1392,2.0
1392,0.0
1393,2.0
1393,2.0
1393,0.0
1394,2.0
1394,0.0
1394,2.0
1395,2.0
1395,0.0
1395,2.0
1396,2.0
1396,0.0
1396,2.0
1397,2.0
1397,0.0
1397,2.0
1398,2.0
1398,0.0
1398,2.0
1399,2.0
1399,2.0
1399,0.0
1400,2.0
1400,2.0
1401,2.0
1401,2.0
1401,0.0
1402,2.0
1402,0.0
1402,2.0
1403,2.0
1403,0.0
1403,2.0
1404,2.0
1404,0.0
1404,2.0
1405,2.0
1405,0.0
1405,2.0
1406,2.0
1406,0.0
1406,7.0
1407,2.0
1407,0.0
1407,2.0
1407,7.0
1408,2.0
1408,0.0
1408,2.0
1408,7.0
1409,2.0
1409,0.0
1409,2.0
1409,7.0
1410,2.0
1410,7.0
1410,0.0
1411,2.0
1411,0.0
1411,7.0
1412,7.0
1412,2.0
1413,7.0
1413,2.0
1414,7.0
1414,2.0
1415,7.0
1415,2.0
1416,2.0
1416,7.0
1417,2.0
1417,7.0
1417,0.0
1418,2.0
1418,7.0
1419,2.0
1419,7.0
1420,2.0
1420,7.0
1421,2.0
1421,7.0
1422,2.0
1422,7.0
1423,2.0
1423,7.0
1424,2.0
1424,7.0
1425,2.0
1425,7.0
1426,2.0
1426,7.0
1426,0.0
1427,2.0
1427,2.0
1427,7.0
1428,2.0
1428,2.0
1428,7.0
1429,2.0
1429,7.0
1430,7.0
1430,2.0
1431,2.0
1431,2.0
1431,7.0
1432,0.0
1432,2.0
1432,2.0
1433,2.0
1436,0.0
1437,0.0
1438,0.0
1439,7.0
1440,7.0
1444,5.0
1445,0.0
1445,5.0
1446,0.0
1447,0.0
1448,5.0
1448,0.0
1449,5.0
1449,0.0
1450,0.0
1453,5.0
1454,5.0
1454,0.0
1455,5.0
1455,0.0
1456,5.0
1456,0.0
1457,0.0
1458,0.0
1459,0.0
1460,0.0
1461,0.0
1463,0.0
1463,0.0
1464,0.0
1464,0.0
1465,0.0
1465,0.0
1466,0.0
1466,0.0
1467,0.0
1467,0.0
1468,0.0
1468,5.0
1468,0.0
1469,0.0
1469,0.0
1469,5.0
1470,5.0
1470,0.0
1471,5.0
1471,0.0
1472,5.0
1472,0.0
1473,5.0
1473,0.0
1473,0.0
1474,5.0
1474,0.0
1474,0.0
1475,0.0
1475,5.0
1475,0.0
1476,0.0
1476,5.0
1476,7.0
1477,0.0
1477,7.0
1477,0.0
1478,7.0
1478,0.0
1479,7.0
1479,0.0
1480,7.0
1480,0.0
1480,2.0
1480,0.0
1481,7.0
1481,0.0
1481,2.0
1481,0.0
1482,0.0
1482,0.0
1482,7.0
1482,2.0
1483,0.0
1483,0.0
1483,7.0
1483,2.0
1484,0.0
1484,7.0
1484,2.0
1484,0.0
1485,7.0
1485,0.0
1485,0.0
1486,7.0
1486,0.0
1487,7.0
1487,0.0
1487,0.0
1488,7.0
1488,0.0
1488,0.0
1489,7.0
1489,0.0
1490,7.0
1490,0.0
1491,7.0
1491,0.0
1491,2.0
1492,7.0
1492,0.0
1492,0.0
1492,0.0
1493,7.0
1493,0.0
1493,0.0
1494,7.0
1494,0.0
1494,0.0
1494,2.0
1495,7.0
1495,0.0
1495,0.0
