1,0.0
1,0.0
1,1.0
1,56.0
1,13.0
2,0.0
2,0.0
2,56.0
2,13.0
3,0.0
3,0.0
3,56.0
3,13.0
4,0.0
4,0.0
4,56.0
4,13.0
5,0.0
5,0.0
5,56.0
5,13.0
6,0.0
6,0.0
6,56.0
6,13.0
6,1.0
7,0.0
7,0.0
7,56.0
7,13.0
7,1.0
8,0.0
8,0.0
8,56.0
8,13.0
8,1.0
9,0.0
9,0.0
9,56.0
9,13.0
9,1.0
10,0.0
10,0.0
10,56.0
10,13.0
10,1.0
11,0.0
11,0.0
11,56.0
11,13.0
11,1.0
12,0.0
12,0.0
12,56.0
12,13.0
12,1.0
13,0.0
13,0.0
13,56.0
13,13.0
13,1.0
14,0.0
14,0.0
14,56.0
14,13.0
14,1.0
15,0.0
15,0.0
15,1.0
15,56.0
15,13.0
16,0.0
16,0.0
16,1.0
16,56.0
16,13.0
17,0.0
17,0.0
17,1.0
17,56.0
17,13.0
18,0.0
18,0.0
18,1.0
18,56.0
18,13.0
19,0.0
19,0.0
19,1.0
19,56.0
19,13.0
20,0.0
20,0.0
20,1.0
20,56.0
20,13.0
21,0.0
21,0.0
21,1.0
21,56.0
21,13.0
22,0.0
22,0.0
22,1.0
22,56.0
22,13.0
23,0.0
23,0.0
23,1.0
23,56.0
23,13.0
24,0.0
24,0.0
24,1.0
24,56.0
24,13.0
25,0.0
25,0.0
25,1.0
25,56.0
25,13.0
26,0.0
26,0.0
26,1.0
26,56.0
26,13.0
27,0.0
27,0.0
27,1.0
27,56.0
27,13.0
28,0.0
28,0.0
28,1.0
28,56.0
28,13.0
29,0.0
29,0.0
29,1.0
29,56.0
29,13.0
30,0.0
30,0.0
30,1.0
30,56.0
30,13.0
31,0.0
31,0.0
31,1.0
31,56.0
31,13.0
32,0.0
32,0.0
32,1.0
32,56.0
32,13.0
33,0.0
33,0.0
33,1.0
33,56.0
33,13.0
34,0.0
34,0.0
34,1.0
34,56.0
34,13.0
35,0.0
35,0.0
35,56.0
35,1.0
35,13.0
36,0.0
36,0.0
36,1.0
36,56.0
36,13.0
37,0.0
37,0.0
37,1.0
37,56.0
37,13.0
38,0.0
38,0.0
38,1.0
38,56.0
38,13.0
39,0.0
39,0.0
39,1.0
39,56.0
39,13.0
40,0.0
40,0.0
40,1.0
40,56.0
40,13.0
41,0.0
41,0.0
41,1.0
41,56.0
41,13.0
42,0.0
42,0.0
42,1.0
42,56.0
42,13.0
43,0.0
43,0.0
43,1.0
43,56.0
43,13.0
44,0.0
44,0.0
44,56.0
44,13.0
44,1.0
45,0.0
45,0.0
45,1.0
45,56.0
45,13.0
46,0.0
46,0.0
46,1.0
46,56.0
46,13.0
47,0.0
47,0.0
47,56.0
47,13.0
47,1.0
48,0.0
48,0.0
48,56.0
48,13.0
48,1.0
49,0.0
49,0.0
49,1.0
49,56.0
49,13.0
50,0.0
50,0.0
50,1.0
50,56.0
50,13.0
51,0.0
51,0.0
51,1.0
51,56.0
51,13.0
52,0.0
52,0.0
52,1.0
52,56.0
52,13.0
53,0.0
53,0.0
53,56.0
53,13.0
53,1.0
54,0.0
54,0.0
54,13.0
54,56.0
54,1.0
55,0.0
55,0.0
55,13.0
55,56.0
56,0.0
56,0.0
56,13.0
57,0.0
57,0.0
57,13.0
57,56.0
58,0.0
58,0.0
58,13.0
58,56.0
59,0.0
59,0.0
59,13.0
60,0.0
60,0.0
60,13.0
61,0.0
61,0.0
61,13.0
62,0.0
62,0.0
62,13.0
63,0.0
63,0.0
63,13.0
64,0.0
64,0.0
64,13.0
65,0.0
65,0.0
65,13.0
66,0.0
66,0.0
66,13.0
66,56.0
67,0.0
67,0.0
67,13.0
67,56.0
68,0.0
68,0.0
68,13.0
69,0.0
69,0.0
69,13.0
70,0.0
70,0.0
70,13.0
71,0.0
71,0.0
71,13.0
72,0.0
72,0.0
72,13.0
73,0.0
73,0.0
73,13.0
74,0.0
74,0.0
74,13.0
75,0.0
75,0.0
75,13.0
76,0.0
76,0.0
76,13.0
77,0.0
77,0.0
77,13.0
78,0.0
78,0.0
78,13.0
79,0.0
79,0.0
79,13.0
80,0.0
80,0.0
80,13.0
81,0.0
81,0.0
81,13.0
81,1.0
82,0.0
82,0.0
82,13.0
82,1.0
83,0.0
83,0.0
83,13.0
84,0.0
84,0.0
84,13.0
85,0.0
85,0.0
85,13.0
85,56.0
86,0.0
86,0.0
86,13.0
86,56.0
87,0.0
87,0.0
87,13.0
87,56.0
88,0.0
88,0.0
88,13.0
88,56.0
89,0.0
89,0.0
89,13.0
89,56.0
90,0.0
90,0.0
90,13.0
90,56.0
91,0.0
91,0.0
91,13.0
91,56.0
92,0.0
92,0.0
92,13.0
92,56.0
93,0.0
93,0.0
93,13.0
93,56.0
94,0.0
94,0.0
94,13.0
94,56.0
95,0.0
95,0.0
95,13.0
95,56.0
96,0.0
96,0.0
96,13.0
96,56.0
97,0.0
97,0.0
97,13.0
97,56.0
98,0.0
98,0.0
98,13.0
98,56.0
99,0.0
99,0.0
99,13.0
99,56.0
100,0.0
100,0.0
100,56.0
100,13.0
101,0.0
101,0.0
101,56.0
101,13.0
102,0.0
102,0.0
102,56.0
102,13.0
103,0.0
103,0.0
103,56.0
103,13.0
104,0.0
104,0.0
104,56.0
105,0.0
105,0.0
105,56.0
105,13.0
106,0.0
106,0.0
106,56.0
106,13.0
107,0.0
107,0.0
107,56.0
107,13.0
108,0.0
108,0.0
108,56.0
108,13.0
109,0.0
109,0.0
109,56.0
109,13.0
110,0.0
110,0.0
110,56.0
110,13.0
111,0.0
111,0.0
111,13.0
111,56.0
112,0.0
112,0.0
112,13.0
112,56.0
113,0.0
113,0.0
113,56.0
113,13.0
114,0.0
114,0.0
114,56.0
114,13.0
115,0.0
115,0.0
115,2.0
115,56.0
115,13.0
116,0.0
116,0.0
116,2.0
116,13.0
116,56.0
117,0.0
117,0.0
117,2.0
117,13.0
118,0.0
118,0.0
118,2.0
118,13.0
119,0.0
119,0.0
119,2.0
119,13.0
119,1.0
119,56.0
120,0.0
120,0.0
120,2.0
120,13.0
120,1.0
120,56.0
121,0.0
121,0.0
121,2.0
121,13.0
121,1.0
121,56.0
122,0.0
122,0.0
122,13.0
122,1.0
122,2.0
122,7.0
123,0.0
123,0.0
123,1.0
123,13.0
123,2.0
123,7.0
124,0.0
124,0.0
124,1.0
124,13.0
124,2.0
124,56.0
125,0.0
125,0.0
125,1.0
125,13.0
125,2.0
125,56.0
126,0.0
126,0.0
126,2.0
126,13.0
126,1.0
127,0.0
127,0.0
127,2.0
127,13.0
127,1.0
128,0.0
128,0.0
128,2.0
128,13.0
128,1.0
129,0.0
129,0.0
129,2.0
129,13.0
129,1.0
130,0.0
130,0.0
130,1.0
130,13.0
131,0.0
131,0.0
131,1.0
131,13.0
132,0.0
132,0.0
132,13.0
132,1.0
133,0.0
133,0.0
133,13.0
133,1.0
134,0.0
134,0.0
134,13.0
134,56.0
135,0.0
135,0.0
135,1.0
135,13.0
136,0.0
136,0.0
136,1.0
136,13.0
137,0.0
137,0.0
137,13.0
137,1.0
138,0.0
138,0.0
138,13.0
138,1.0
139,0.0
139,0.0
139,13.0
139,1.0
140,0.0
140,0.0
140,13.0
140,1.0
141,0.0
141,0.0
141,13.0
142,0.0
142,0.0
142,13.0
143,0.0
143,0.0
143,1.0
143,13.0
144,0.0
144,0.0
144,1.0
144,13.0
144,0.0
145,0.0
145,0.0
145,1.0
145,13.0
145,56.0
146,0.0
146,0.0
146,1.0
146,13.0
146,56.0
147,0.0
147,0.0
147,1.0
147,13.0
147,56.0
148,0.0
148,0.0
148,1.0
148,13.0
148,56.0
149,0.0
149,0.0
149,13.0
149,56.0
150,0.0
150,0.0
150,13.0
150,56.0
151,0.0
151,0.0
151,13.0
151,56.0
152,0.0
152,0.0
152,56.0
152,13.0
153,0.0
153,0.0
153,56.0
153,13.0
154,0.0
154,0.0
154,13.0
154,56.0
155,0.0
155,0.0
155,13.0
155,56.0
156,0.0
156,0.0
156,13.0
156,56.0
157,0.0
157,0.0
157,13.0
157,56.0
158,0.0
158,0.0
158,56.0
159,0.0
159,0.0
159,56.0
159,13.0
160,0.0
160,0.0
160,56.0
160,13.0
161,0.0
161,0.0
161,56.0
161,13.0
162,0.0
162,0.0
162,56.0
162,13.0
163,0.0
163,0.0
163,56.0
163,13.0
164,0.0
164,0.0
164,13.0
164,56.0
165,0.0
165,0.0
165,13.0
165,56.0
166,0.0
166,0.0
166,13.0
166,56.0
167,0.0
167,0.0
167,13.0
168,0.0
168,0.0
168,13.0
169,0.0
169,0.0
169,13.0
170,0.0
170,0.0
170,13.0
171,0.0
171,0.0
171,13.0
172,0.0
172,0.0
172,13.0
173,0.0
173,0.0
173,13.0
174,0.0
174,0.0
174,13.0
174,56.0
175,0.0
175,0.0
175,13.0
176,0.0
176,0.0
176,13.0
177,0.0
177,0.0
177,13.0
178,0.0
178,0.0
178,13.0
179,0.0
179,0.0
179,13.0
180,0.0
180,0.0
180,13.0
181,0.0
181,0.0
181,13.0
182,0.0
182,0.0
182,13.0
183,0.0
183,0.0
183,13.0
184,0.0
184,0.0
184,13.0
185,0.0
185,0.0
185,13.0
186,0.0
186,0.0
186,13.0
187,0.0
187,0.0
187,13.0
188,0.0
188,0.0
188,13.0
189,0.0
189,0.0
189,13.0
190,0.0
190,0.0
190,13.0
191,0.0
191,0.0
191,13.0
192,0.0
192,0.0
192,13.0
193,0.0
193,0.0
193,13.0
194,0.0
194,0.0
194,13.0
195,0.0
195,0.0
195,13.0
196,0.0
196,0.0
196,13.0
197,0.0
197,0.0
197,13.0
198,0.0
198,0.0
198,13.0
199,0.0
199,0.0
199,13.0
200,0.0
200,0.0
200,13.0
201,0.0
201,0.0
201,13.0
202,0.0
202,0.0
202,13.0
203,0.0
203,0.0
203,13.0
204,0.0
204,0.0
204,13.0
205,0.0
205,0.0
205,13.0
206,0.0
206,0.0
206,13.0
207,0.0
207,0.0
207,13.0
208,0.0
208,0.0
208,13.0
209,0.0
209,0.0
209,13.0
209,1.0
210,0.0
210,0.0
210,13.0
211,0.0
211,0.0
211,13.0
212,0.0
212,0.0
212,13.0
213,0.0
213,0.0
213,13.0
214,0.0
214,0.0
214,13.0
215,0.0
215,0.0
215,13.0
216,0.0
216,0.0
216,13.0
217,0.0
217,0.0
217,13.0
218,0.0
218,0.0
218,13.0
219,0.0
219,0.0
219,13.0
220,0.0
220,0.0
220,13.0
221,0.0
221,0.0
221,13.0
222,0.0
222,0.0
222,13.0
223,0.0
223,0.0
223,13.0
224,0.0
224,0.0
224,13.0
225,0.0
225,0.0
225,13.0
226,0.0
226,0.0
226,13.0
227,0.0
227,0.0
227,13.0
228,0.0
228,0.0
228,13.0
229,0.0
229,0.0
229,13.0
230,0.0
230,0.0
230,13.0
231,0.0
231,0.0
231,13.0
232,0.0
232,0.0
232,13.0
233,0.0
233,0.0
233,13.0
234,0.0
234,0.0
234,13.0
235,0.0
235,0.0
235,13.0
236,0.0
236,0.0
236,13.0
237,0.0
237,0.0
237,13.0
237,1.0
238,0.0
238,0.0
238,13.0
238,1.0
239,0.0
239,0.0
239,13.0
239,1.0
240,0.0
240,0.0
240,13.0
241,0.0
241,0.0
241,13.0
242,0.0
242,0.0
242,13.0
243,0.0
243,0.0
243,13.0
244,0.0
244,0.0
244,13.0
245,0.0
245,0.0
245,13.0
246,0.0
246,0.0
246,13.0
246,1.0
247,0.0
247,0.0
247,13.0
247,1.0
248,0.0
248,0.0
248,13.0
248,1.0
248,56.0
249,0.0
249,0.0
249,13.0
249,1.0
249,56.0
250,0.0
250,0.0
250,1.0
250,13.0
250,56.0
251,0.0
251,0.0
251,1.0
251,13.0
252,0.0
252,0.0
252,1.0
252,13.0
252,56.0
253,0.0
253,0.0
253,1.0
253,13.0
253,56.0
254,0.0
254,0.0
254,1.0
254,13.0
254,56.0
255,0.0
255,0.0
255,1.0
255,13.0
256,0.0
256,0.0
256,1.0
256,13.0
257,0.0
257,0.0
257,13.0
257,1.0
257,56.0
258,0.0
258,0.0
258,13.0
258,1.0
258,56.0
259,0.0
259,0.0
259,1.0
259,13.0
259,56.0
260,0.0
260,0.0
260,1.0
260,13.0
260,56.0
261,0.0
261,0.0
261,13.0
261,56.0
262,0.0
262,0.0
262,13.0
262,56.0
263,0.0
263,0.0
263,13.0
263,56.0
264,0.0
264,0.0
264,13.0
264,56.0
265,0.0
265,0.0
265,13.0
265,1.0
265,56.0
266,0.0
266,0.0
266,13.0
266,1.0
266,56.0
267,0.0
267,0.0
267,1.0
267,13.0
267,56.0
268,0.0
268,0.0
268,1.0
268,13.0
268,56.0
269,0.0
269,0.0
269,1.0
269,13.0
269,56.0
270,0.0
270,0.0
270,1.0
270,13.0
270,56.0
271,0.0
271,0.0
271,1.0
271,13.0
271,56.0
272,0.0
272,0.0
272,1.0
272,13.0
272,56.0
273,0.0
273,0.0
273,1.0
273,13.0
273,56.0
274,0.0
274,0.0
274,1.0
274,13.0
274,56.0
275,0.0
275,0.0
275,1.0
275,13.0
275,56.0
276,0.0
276,0.0
276,1.0
276,13.0
276,56.0
277,0.0
277,0.0
277,1.0
277,13.0
277,56.0
278,0.0
278,0.0
278,1.0
278,13.0
278,56.0
279,0.0
279,0.0
279,1.0
279,13.0
279,56.0
280,0.0
280,0.0
280,1.0
280,56.0
280,13.0
281,0.0
281,0.0
281,1.0
281,56.0
281,13.0
282,0.0
282,0.0
282,1.0
282,13.0
282,56.0
283,0.0
283,0.0
283,1.0
283,13.0
283,56.0
284,0.0
284,0.0
284,13.0
284,1.0
284,56.0
285,0.0
285,0.0
285,1.0
285,56.0
285,13.0
286,0.0
286,0.0
286,1.0
286,56.0
286,13.0
287,0.0
287,0.0
287,1.0
287,13.0
287,56.0
288,0.0
288,0.0
288,1.0
288,13.0
288,56.0
289,0.0
289,0.0
289,1.0
289,13.0
289,56.0
290,0.0
290,0.0
290,1.0
290,13.0
290,56.0
291,0.0
291,0.0
291,1.0
291,13.0
292,0.0
292,0.0
292,1.0
292,13.0
293,0.0
293,0.0
293,1.0
293,13.0
293,56.0
294,0.0
294,0.0
294,1.0
294,13.0
294,56.0
295,0.0
295,0.0
295,13.0
295,56.0
296,0.0
296,0.0
296,13.0
296,56.0
297,0.0
297,0.0
297,13.0
298,0.0
298,0.0
298,13.0
299,0.0
299,0.0
299,13.0
300,0.0
300,0.0
300,13.0
301,0.0
301,0.0
301,13.0
302,0.0
302,0.0
302,13.0
303,0.0
303,0.0
303,13.0
304,0.0
304,0.0
304,13.0
305,0.0
305,0.0
305,13.0
306,0.0
306,0.0
306,13.0
307,0.0
307,0.0
307,13.0
308,0.0
308,0.0
308,13.0
308,1.0
309,0.0
309,0.0
309,13.0
309,1.0
310,0.0
310,0.0
310,13.0
310,1.0
311,0.0
311,0.0
311,13.0
312,0.0
312,0.0
312,13.0
313,0.0
313,0.0
313,13.0
314,0.0
314,0.0
314,13.0
315,0.0
315,0.0
315,13.0
316,0.0
316,0.0
316,13.0
317,0.0
317,0.0
317,13.0
317,56.0
318,0.0
318,0.0
318,13.0
318,56.0
319,0.0
319,0.0
319,13.0
319,56.0
320,0.0
320,0.0
320,13.0
320,56.0
321,0.0
321,0.0
321,13.0
321,56.0
322,0.0
322,0.0
322,13.0
322,56.0
323,0.0
323,0.0
323,56.0
323,13.0
324,0.0
324,0.0
324,56.0
324,13.0
325,0.0
325,0.0
325,56.0
325,13.0
326,0.0
326,0.0
326,56.0
326,13.0
327,0.0
327,0.0
327,56.0
327,13.0
328,0.0
328,0.0
328,56.0
328,13.0
329,0.0
329,0.0
329,56.0
329,13.0
330,0.0
330,0.0
330,56.0
330,13.0
331,0.0
331,0.0
331,56.0
331,13.0
332,0.0
332,0.0
332,56.0
332,13.0
333,0.0
333,0.0
333,56.0
333,13.0
334,0.0
334,0.0
334,56.0
334,13.0
335,0.0
335,0.0
335,56.0
335,13.0
336,0.0
336,0.0
336,56.0
336,13.0
337,0.0
337,0.0
337,56.0
337,13.0
338,0.0
338,0.0
338,56.0
338,13.0
339,0.0
339,0.0
339,56.0
339,13.0
340,0.0
340,0.0
340,56.0
340,13.0
341,0.0
341,0.0
341,56.0
341,13.0
342,0.0
342,0.0
342,56.0
342,13.0
343,0.0
343,0.0
343,56.0
343,13.0
344,0.0
344,0.0
344,56.0
344,13.0
345,0.0
345,0.0
345,56.0
345,13.0
346,0.0
346,0.0
346,56.0
346,13.0
347,0.0
347,0.0
347,56.0
347,13.0
348,0.0
348,0.0
348,56.0
348,13.0
349,0.0
349,0.0
349,56.0
349,13.0
350,0.0
350,0.0
350,56.0
350,13.0
351,0.0
351,0.0
351,56.0
351,0.0
351,13.0
352,0.0
352,0.0
352,56.0
352,0.0
352,13.0
353,0.0
353,0.0
353,0.0
353,56.0
353,13.0
354,0.0
354,0.0
354,0.0
354,56.0
354,13.0
355,0.0
355,0.0
355,0.0
355,56.0
355,13.0
356,0.0
356,0.0
356,0.0
356,56.0
356,13.0
357,0.0
357,0.0
357,0.0
357,56.0
357,13.0
358,0.0
358,0.0
358,0.0
358,56.0
358,13.0
359,0.0
359,0.0
359,0.0
359,56.0
359,13.0
360,0.0
360,0.0
360,0.0
360,56.0
360,13.0
361,0.0
361,0.0
361,0.0
361,56.0
361,13.0
362,0.0
362,0.0
362,0.0
362,56.0
362,13.0
363,0.0
363,0.0
363,0.0
363,56.0
363,13.0
364,0.0
364,0.0
364,0.0
364,56.0
364,13.0
365,0.0
365,0.0
365,0.0
365,56.0
365,13.0
366,0.0
366,0.0
366,0.0
366,56.0
366,13.0
367,0.0
367,0.0
367,0.0
367,56.0
367,13.0
368,0.0
368,0.0
368,0.0
368,56.0
368,13.0
369,0.0
369,0.0
369,0.0
369,56.0
369,13.0
370,0.0
370,0.0
370,0.0
370,56.0
370,13.0
371,0.0
371,0.0
371,0.0
371,56.0
371,13.0
372,0.0
372,0.0
372,0.0
372,13.0
372,56.0
373,0.0
373,0.0
373,0.0
373,13.0
373,56.0
374,0.0
374,0.0
374,0.0
374,13.0
374,56.0
375,0.0
375,0.0
375,0.0
375,13.0
375,56.0
376,0.0
376,0.0
376,0.0
376,13.0
376,56.0
377,0.0
377,0.0
377,0.0
377,56.0
377,13.0
378,0.0
378,0.0
378,0.0
378,56.0
378,13.0
379,0.0
379,0.0
379,0.0
379,56.0
379,13.0
380,0.0
380,0.0
380,0.0
380,56.0
380,13.0
381,0.0
381,0.0
381,0.0
381,56.0
381,13.0
382,0.0
382,0.0
382,0.0
382,56.0
382,13.0
383,0.0
383,0.0
383,0.0
383,56.0
383,13.0
384,0.0
384,0.0
384,0.0
384,56.0
384,13.0
385,0.0
385,0.0
385,0.0
385,56.0
385,13.0
386,0.0
386,0.0
386,0.0
386,56.0
386,13.0
387,0.0
387,0.0
387,0.0
387,56.0
387,13.0
388,0.0
388,0.0
388,0.0
388,56.0
388,13.0
389,0.0
389,0.0
389,56.0
389,13.0
390,0.0
390,0.0
390,56.0
390,13.0
391,0.0
391,0.0
391,56.0
391,13.0
392,0.0
392,0.0
392,56.0
392,13.0
393,0.0
393,0.0
393,56.0
393,13.0
394,0.0
394,0.0
394,56.0
394,13.0
395,0.0
395,0.0
395,56.0
395,13.0
396,0.0
396,0.0
396,56.0
396,13.0
397,0.0
397,0.0
397,56.0
397,13.0
398,0.0
398,0.0
398,56.0
398,13.0
399,0.0
399,0.0
399,56.0
399,13.0
400,0.0
400,0.0
400,56.0
400,13.0
401,0.0
401,0.0
401,56.0
401,13.0
402,0.0
402,0.0
402,56.0
402,13.0
403,0.0
403,0.0
403,56.0
403,13.0
404,0.0
404,0.0
404,56.0
404,13.0
405,0.0
405,0.0
405,56.0
405,13.0
406,0.0
406,0.0
406,56.0
406,13.0
407,0.0
407,0.0
407,56.0
407,13.0
408,0.0
408,0.0
408,56.0
408,13.0
409,0.0
409,0.0
409,56.0
409,13.0
410,0.0
410,0.0
410,56.0
410,13.0
411,0.0
411,0.0
411,56.0
411,13.0
412,0.0
412,0.0
412,56.0
412,13.0
413,0.0
413,0.0
413,56.0
413,13.0
414,0.0
414,0.0
414,56.0
414,13.0
415,0.0
415,0.0
415,56.0
415,13.0
416,0.0
416,0.0
416,56.0
416,13.0
417,0.0
417,0.0
417,56.0
417,0.0
418,0.0
418,0.0
418,56.0
418,0.0
419,0.0
419,0.0
419,56.0
419,0.0
419,13.0
420,0.0
420,0.0
420,56.0
420,0.0
420,13.0
421,0.0
421,0.0
421,56.0
421,0.0
421,13.0
422,0.0
422,0.0
422,56.0
422,0.0
422,13.0
423,0.0
423,0.0
423,56.0
423,0.0
423,13.0
424,0.0
424,0.0
424,56.0
424,0.0
424,13.0
425,0.0
425,0.0
425,56.0
425,0.0
425,13.0
426,0.0
426,0.0
426,56.0
426,0.0
426,13.0
427,0.0
427,0.0
427,56.0
427,0.0
427,13.0
428,0.0
428,0.0
428,56.0
428,0.0
428,13.0
429,0.0
429,0.0
429,56.0
429,0.0
429,13.0
430,0.0
430,0.0
430,56.0
430,0.0
430,13.0
431,0.0
431,0.0
431,56.0
431,0.0
431,13.0
432,0.0
432,0.0
432,56.0
432,0.0
432,13.0
433,0.0
433,0.0
433,56.0
433,0.0
433,13.0
434,0.0
434,0.0
434,0.0
434,56.0
434,13.0
435,0.0
435,0.0
435,0.0
435,56.0
435,13.0
436,0.0
436,0.0
436,0.0
436,56.0
436,13.0
437,0.0
437,0.0
437,0.0
437,56.0
437,13.0
438,0.0
438,0.0
438,0.0
438,56.0
438,13.0
439,0.0
439,0.0
439,56.0
439,0.0
440,0.0
440,0.0
440,56.0
440,0.0
441,0.0
441,0.0
441,0.0
441,56.0
441,13.0
442,0.0
442,0.0
442,0.0
442,56.0
442,13.0
443,0.0
443,0.0
443,56.0
443,0.0
443,13.0
444,0.0
444,0.0
444,56.0
444,0.0
444,13.0
445,0.0
445,0.0
445,0.0
445,56.0
445,13.0
446,0.0
446,0.0
446,0.0
446,56.0
446,13.0
447,0.0
447,0.0
447,56.0
447,0.0
447,13.0
448,0.0
448,0.0
448,56.0
448,0.0
448,13.0
449,0.0
449,0.0
449,56.0
449,13.0
450,0.0
450,0.0
450,56.0
450,13.0
451,0.0
451,0.0
451,56.0
451,13.0
452,0.0
452,0.0
452,56.0
452,13.0
453,0.0
453,0.0
453,56.0
453,13.0
454,0.0
454,0.0
454,56.0
454,13.0
454,1.0
455,0.0
455,0.0
455,56.0
455,13.0
455,1.0
456,0.0
456,0.0
456,56.0
456,13.0
457,0.0
457,0.0
457,56.0
457,13.0
458,0.0
458,0.0
458,0.0
458,56.0
458,13.0
459,0.0
459,0.0
459,0.0
459,56.0
459,13.0
460,0.0
460,0.0
460,0.0
460,56.0
460,13.0
461,0.0
461,0.0
461,0.0
461,56.0
461,13.0
462,0.0
462,0.0
462,0.0
462,56.0
462,13.0
463,0.0
463,0.0
463,0.0
463,56.0
463,13.0
464,0.0
464,0.0
464,56.0
464,13.0
464,0.0
465,0.0
465,0.0
465,56.0
465,0.0
465,13.0
466,0.0
466,0.0
466,56.0
466,0.0
466,13.0
467,0.0
467,0.0
467,56.0
467,1.0
467,13.0
467,0.0
468,0.0
468,0.0
468,56.0
468,1.0
468,13.0
468,0.0
469,0.0
469,0.0
469,1.0
469,56.0
469,13.0
470,0.0
470,0.0
470,1.0
470,56.0
470,13.0
471,0.0
471,0.0
471,0.0
471,56.0
471,1.0
471,13.0
472,0.0
472,0.0
472,0.0
472,56.0
472,1.0
472,13.0
473,0.0
473,0.0
473,0.0
473,56.0
473,13.0
473,1.0
474,0.0
474,0.0
474,0.0
474,56.0
474,13.0
474,1.0
475,0.0
475,0.0
475,56.0
475,1.0
475,13.0
476,0.0
476,0.0
476,56.0
476,1.0
476,13.0
477,0.0
477,0.0
477,56.0
477,1.0
477,13.0
478,0.0
478,0.0
478,56.0
478,1.0
478,13.0
479,0.0
479,0.0
479,56.0
479,1.0
479,0.0
479,13.0
480,0.0
480,0.0
480,56.0
480,1.0
480,13.0
480,0.0
481,0.0
481,0.0
481,56.0
481,1.0
481,0.0
481,13.0
482,0.0
482,0.0
482,56.0
482,13.0
482,0.0
483,0.0
483,0.0
483,56.0
483,13.0
483,0.0
484,0.0
484,0.0
484,56.0
484,13.0
485,0.0
485,0.0
485,56.0
485,13.0
486,0.0
486,0.0
486,56.0
486,0.0
486,3.0
486,13.0
486,1.0
487,0.0
487,0.0
487,56.0
487,0.0
487,3.0
487,1.0
487,13.0
488,0.0
488,0.0
488,56.0
488,0.0
488,13.0
489,0.0
489,0.0
489,56.0
489,0.0
489,13.0
490,0.0
490,0.0
490,56.0
490,1.0
490,13.0
491,0.0
491,0.0
491,56.0
491,1.0
491,13.0
491,0.0
492,0.0
492,0.0
492,56.0
492,13.0
493,0.0
493,0.0
493,56.0
493,13.0
494,0.0
494,0.0
494,56.0
494,0.0
494,1.0
494,13.0
495,0.0
495,0.0
495,56.0
495,0.0
495,1.0
495,13.0
496,0.0
496,0.0
496,56.0
496,0.0
496,1.0
496,13.0
497,0.0
497,0.0
497,56.0
497,13.0
498,0.0
498,0.0
498,56.0
498,13.0
499,0.0
499,0.0
499,56.0
499,1.0
499,13.0
500,0.0
500,0.0
500,56.0
500,1.0
500,13.0
501,0.0
501,0.0
501,56.0
501,13.0
501,0.0
501,1.0
502,0.0
502,0.0
502,56.0
502,13.0
502,0.0
502,1.0
503,0.0
503,0.0
503,56.0
503,1.0
503,13.0
504,0.0
504,0.0
504,56.0
504,1.0
504,13.0
505,0.0
505,0.0
505,56.0
505,3.0
505,1.0
506,0.0
506,0.0
506,56.0
506,3.0
506,1.0
507,0.0
507,0.0
507,56.0
507,3.0
507,13.0
507,1.0
508,0.0
508,0.0
508,56.0
508,3.0
508,13.0
508,1.0
509,0.0
509,0.0
509,56.0
509,13.0
509,3.0
510,0.0
510,0.0
510,56.0
510,13.0
510,3.0
511,0.0
511,0.0
511,56.0
511,13.0
511,3.0
512,0.0
512,0.0
512,56.0
512,13.0
513,0.0
513,0.0
513,56.0
513,13.0
514,0.0
514,0.0
514,56.0
514,1.0
514,13.0
515,0.0
515,0.0
515,56.0
515,1.0
515,13.0
516,0.0
516,0.0
516,56.0
516,1.0
516,13.0
517,0.0
517,0.0
517,56.0
517,1.0
517,13.0
518,0.0
518,0.0
518,56.0
518,1.0
518,3.0
518,13.0
519,0.0
519,0.0
519,56.0
519,1.0
519,3.0
520,0.0
520,0.0
520,56.0
520,1.0
521,0.0
521,0.0
521,56.0
521,1.0
522,0.0
522,0.0
522,56.0
522,1.0
522,3.0
523,0.0
523,0.0
523,56.0
523,1.0
523,3.0
524,0.0
524,0.0
524,56.0
524,0.0
524,1.0
524,13.0
525,0.0
525,0.0
525,56.0
525,1.0
525,0.0
525,13.0
526,0.0
526,0.0
526,56.0
526,1.0
526,0.0
526,13.0
527,0.0
527,0.0
527,56.0
527,0.0
527,13.0
527,1.0
528,0.0
528,0.0
528,56.0
528,0.0
528,13.0
528,1.0
529,0.0
529,0.0
529,56.0
529,0.0
529,13.0
530,0.0
530,0.0
530,56.0
530,0.0
530,13.0
531,0.0
531,0.0
531,56.0
531,13.0
531,0.0
532,0.0
532,0.0
532,56.0
532,13.0
532,0.0
533,0.0
533,0.0
533,56.0
533,13.0
534,0.0
534,0.0
534,56.0
534,13.0
535,0.0
535,0.0
535,56.0
536,0.0
536,0.0
536,56.0
537,0.0
537,0.0
537,56.0
537,0.0
537,13.0
538,0.0
538,0.0
538,56.0
538,0.0
538,13.0
539,0.0
539,0.0
539,56.0
539,0.0
539,13.0
540,0.0
540,0.0
540,56.0
540,0.0
540,13.0
541,0.0
541,0.0
541,56.0
541,0.0
541,13.0
542,0.0
542,0.0
542,56.0
542,0.0
542,13.0
543,0.0
543,0.0
543,56.0
543,0.0
543,13.0
544,0.0
544,0.0
544,56.0
544,13.0
544,0.0
545,0.0
545,0.0
545,56.0
545,13.0
545,0.0
546,0.0
546,0.0
546,56.0
546,13.0
547,0.0
547,0.0
547,56.0
547,13.0
548,0.0
548,0.0
548,56.0
548,13.0
549,0.0
549,0.0
549,56.0
549,13.0
550,0.0
550,0.0
550,56.0
550,13.0
551,0.0
551,0.0
551,56.0
551,13.0
552,0.0
552,0.0
552,56.0
552,13.0
553,0.0
553,0.0
553,56.0
553,13.0
554,0.0
554,0.0
554,56.0
554,13.0
555,0.0
555,0.0
555,56.0
555,13.0
556,0.0
556,0.0
556,56.0
556,13.0
557,0.0
557,0.0
557,56.0
557,1.0
557,13.0
558,0.0
558,0.0
558,56.0
558,1.0
558,13.0
559,0.0
559,0.0
559,56.0
559,13.0
560,0.0
560,0.0
560,56.0
560,13.0
561,0.0
561,0.0
561,56.0
561,13.0
562,0.0
562,0.0
562,56.0
562,13.0
563,0.0
563,0.0
563,56.0
564,0.0
564,0.0
564,56.0
565,0.0
565,0.0
565,56.0
565,1.0
565,13.0
566,0.0
566,0.0
566,56.0
566,1.0
566,13.0
567,0.0
567,0.0
567,56.0
567,13.0
567,1.0
568,0.0
568,0.0
568,56.0
568,13.0
568,1.0
569,0.0
569,0.0
569,2.0
569,56.0
569,13.0
569,1.0
570,0.0
570,0.0
570,2.0
570,56.0
570,13.0
570,1.0
571,0.0
571,0.0
571,2.0
571,56.0
571,13.0
571,1.0
572,0.0
572,0.0
572,2.0
572,56.0
572,13.0
572,1.0
573,0.0
573,0.0
573,2.0
573,56.0
573,13.0
573,1.0
574,0.0
574,0.0
574,2.0
574,56.0
574,13.0
574,1.0
575,0.0
575,0.0
575,2.0
575,56.0
575,13.0
575,1.0
576,0.0
576,0.0
576,2.0
576,56.0
576,13.0
576,1.0
577,0.0
577,0.0
577,2.0
577,56.0
577,13.0
577,1.0
578,0.0
578,0.0
578,2.0
578,56.0
578,1.0
578,13.0
579,0.0
579,0.0
579,2.0
579,56.0
579,1.0
579,13.0
580,0.0
580,0.0
580,2.0
580,56.0
580,13.0
580,1.0
581,0.0
581,0.0
581,2.0
581,56.0
581,13.0
581,1.0
582,0.0
582,0.0
582,2.0
582,56.0
582,13.0
582,1.0
583,0.0
583,0.0
583,2.0
583,56.0
583,13.0
583,1.0
584,0.0
584,0.0
584,2.0
584,56.0
584,1.0
584,13.0
585,0.0
585,0.0
585,2.0
585,56.0
585,1.0
585,13.0
586,0.0
586,0.0
586,2.0
586,56.0
586,1.0
586,13.0
587,0.0
587,0.0
587,56.0
587,2.0
587,13.0
587,1.0
588,0.0
588,0.0
588,56.0
588,2.0
588,13.0
588,1.0
589,0.0
589,0.0
589,2.0
589,56.0
589,1.0
589,13.0
590,0.0
590,0.0
590,2.0
590,56.0
590,1.0
590,13.0
591,0.0
591,0.0
591,56.0
591,2.0
591,1.0
591,13.0
592,0.0
592,0.0
592,56.0
592,2.0
592,1.0
592,13.0
593,0.0
593,0.0
593,56.0
593,2.0
593,1.0
593,13.0
594,0.0
594,0.0
594,56.0
594,2.0
594,1.0
594,13.0
595,0.0
595,0.0
595,2.0
595,56.0
595,1.0
595,13.0
596,0.0
596,0.0
596,2.0
596,56.0
596,13.0
596,1.0
597,0.0
597,0.0
597,2.0
597,56.0
597,13.0
597,1.0
598,0.0
598,0.0
598,2.0
598,56.0
598,13.0
598,1.0
599,0.0
599,0.0
599,56.0
599,2.0
599,13.0
599,1.0
600,0.0
600,0.0
600,56.0
600,2.0
600,13.0
601,0.0
601,0.0
601,56.0
601,2.0
601,13.0
602,0.0
602,0.0
602,56.0
602,2.0
602,13.0
603,0.0
603,0.0
603,56.0
603,2.0
603,13.0
604,0.0
604,0.0
604,56.0
604,13.0
604,2.0
605,0.0
605,0.0
605,56.0
605,13.0
605,2.0
606,0.0
606,0.0
606,56.0
606,2.0
606,13.0
607,0.0
607,0.0
607,56.0
607,2.0
607,13.0
608,0.0
608,0.0
608,56.0
608,2.0
608,13.0
609,0.0
609,0.0
609,56.0
609,2.0
609,13.0
610,0.0
610,0.0
610,2.0
610,56.0
610,13.0
611,0.0
611,0.0
611,2.0
611,56.0
612,0.0
612,0.0
612,56.0
612,13.0
613,0.0
613,0.0
613,56.0
613,13.0
614,0.0
614,0.0
614,56.0
615,0.0
615,0.0
615,56.0
615,1.0
616,0.0
616,0.0
616,56.0
616,1.0
617,0.0
617,0.0
617,56.0
617,1.0
618,0.0
618,0.0
618,56.0
618,1.0
619,0.0
619,0.0
619,56.0
619,1.0
620,0.0
620,0.0
620,56.0
620,1.0
621,0.0
621,0.0
621,1.0
621,56.0
622,0.0
622,0.0
622,1.0
622,56.0
623,0.0
623,0.0
623,56.0
624,0.0
624,0.0
624,56.0
625,0.0
625,0.0
625,56.0
625,1.0
626,0.0
626,0.0
626,56.0
626,1.0
627,0.0
627,0.0
627,56.0
627,1.0
628,0.0
628,0.0
628,56.0
628,1.0
629,0.0
629,0.0
629,56.0
629,1.0
630,0.0
630,0.0
630,56.0
630,1.0
631,0.0
631,0.0
631,56.0
631,1.0
632,0.0
632,0.0
632,56.0
632,1.0
633,0.0
633,0.0
633,56.0
633,1.0
634,0.0
634,0.0
634,56.0
634,1.0
635,0.0
635,0.0
635,56.0
635,1.0
636,0.0
636,0.0
636,56.0
637,0.0
637,0.0
637,56.0
637,1.0
638,0.0
638,0.0
638,56.0
638,1.0
639,0.0
639,0.0
639,56.0
639,1.0
640,0.0
640,0.0
640,56.0
640,1.0
641,0.0
641,0.0
641,56.0
641,1.0
642,0.0
642,0.0
642,56.0
643,0.0
643,0.0
643,56.0
644,0.0
644,0.0
644,56.0
645,0.0
645,0.0
645,56.0
646,0.0
646,0.0
646,56.0
647,0.0
647,0.0
647,56.0
648,0.0
648,0.0
648,56.0
649,0.0
649,0.0
649,56.0
649,1.0
650,0.0
650,0.0
650,56.0
650,1.0
651,0.0
651,0.0
651,56.0
651,1.0
652,0.0
652,0.0
652,56.0
652,1.0
653,0.0
653,0.0
653,56.0
653,1.0
654,0.0
654,0.0
654,56.0
654,1.0
655,0.0
655,0.0
655,56.0
656,0.0
656,0.0
656,56.0
657,0.0
657,0.0
657,56.0
658,0.0
658,0.0
658,56.0
659,0.0
659,0.0
659,56.0
659,13.0
660,0.0
660,0.0
660,56.0
660,13.0
661,0.0
661,0.0
661,56.0
661,13.0
662,0.0
662,0.0
662,56.0
663,0.0
663,0.0
663,56.0
664,0.0
664,0.0
664,56.0
664,1.0
665,0.0
665,0.0
665,56.0
665,1.0
666,0.0
666,0.0
666,56.0
667,0.0
667,0.0
667,56.0
668,0.0
668,0.0
668,56.0
669,0.0
669,0.0
669,56.0
670,0.0
670,0.0
670,56.0
670,1.0
671,0.0
671,0.0
671,56.0
671,1.0
672,0.0
672,0.0
672,56.0
672,1.0
673,0.0
673,0.0
673,56.0
673,1.0
674,0.0
674,0.0
674,56.0
674,1.0
675,0.0
675,0.0
675,56.0
675,1.0
676,0.0
676,0.0
676,56.0
676,1.0
677,0.0
677,0.0
677,56.0
677,1.0
678,0.0
678,0.0
678,56.0
678,1.0
679,0.0
679,0.0
679,56.0
679,1.0
680,0.0
680,0.0
680,56.0
680,1.0
681,0.0
681,0.0
681,56.0
682,0.0
682,0.0
682,56.0
683,0.0
683,0.0
683,56.0
684,0.0
684,0.0
684,56.0
685,0.0
685,0.0
685,56.0
686,0.0
686,0.0
686,56.0
687,0.0
687,0.0
687,56.0
687,2.0
688,0.0
688,0.0
688,56.0
688,2.0
689,0.0
689,0.0
689,56.0
689,13.0
690,0.0
690,0.0
690,56.0
690,13.0
691,0.0
691,0.0
691,56.0
691,13.0
692,0.0
692,0.0
692,56.0
692,13.0
693,0.0
693,0.0
693,56.0
693,13.0
694,0.0
694,0.0
694,56.0
694,13.0
695,0.0
695,0.0
695,56.0
695,13.0
696,0.0
696,0.0
696,56.0
696,13.0
697,0.0
697,0.0
697,56.0
697,13.0
698,0.0
698,0.0
698,56.0
698,13.0
699,0.0
699,0.0
699,56.0
699,13.0
700,0.0
700,0.0
700,56.0
700,13.0
701,0.0
701,0.0
701,56.0
701,13.0
702,0.0
702,0.0
702,56.0
702,13.0
703,0.0
703,0.0
703,56.0
703,13.0
704,0.0
704,0.0
704,56.0
704,13.0
705,0.0
705,0.0
705,56.0
705,13.0
706,0.0
706,0.0
706,56.0
706,13.0
707,0.0
707,0.0
707,56.0
707,0.0
707,13.0
708,0.0
708,0.0
708,56.0
708,0.0
708,13.0
709,0.0
709,0.0
709,56.0
709,13.0
710,0.0
710,0.0
710,56.0
710,13.0
711,0.0
711,0.0
711,56.0
711,13.0
712,0.0
712,0.0
712,56.0
712,13.0
713,0.0
713,0.0
713,56.0
714,0.0
714,0.0
714,56.0
715,0.0
715,0.0
715,56.0
716,0.0
716,0.0
716,56.0
717,0.0
717,0.0
717,56.0
717,1.0
718,0.0
718,0.0
718,56.0
718,1.0
719,0.0
719,0.0
719,56.0
720,0.0
720,0.0
720,56.0
721,0.0
721,0.0
721,56.0
722,0.0
722,0.0
722,56.0
723,0.0
723,0.0
723,56.0
724,0.0
724,0.0
724,56.0
725,0.0
725,0.0
725,56.0
726,0.0
726,0.0
726,56.0
727,0.0
727,0.0
727,56.0
728,0.0
728,0.0
728,56.0
729,0.0
729,0.0
729,56.0
730,0.0
730,0.0
730,56.0
731,0.0
731,0.0
731,56.0
732,0.0
732,0.0
732,56.0
733,0.0
733,0.0
733,56.0
734,0.0
734,0.0
734,56.0
735,0.0
735,0.0
735,56.0
736,0.0
736,0.0
736,56.0
737,0.0
737,0.0
737,56.0
738,0.0
738,0.0
738,56.0
739,0.0
739,0.0
739,56.0
740,0.0
740,0.0
740,56.0
741,0.0
741,0.0
741,56.0
742,0.0
742,0.0
742,56.0
743,0.0
743,0.0
743,56.0
744,0.0
744,0.0
744,56.0
745,0.0
745,0.0
745,56.0
745,13.0
746,0.0
746,0.0
746,56.0
746,13.0
747,0.0
747,0.0
747,56.0
747,13.0
748,0.0
748,0.0
748,56.0
748,13.0
749,0.0
749,0.0
749,56.0
749,13.0
750,0.0
750,0.0
750,56.0
750,13.0
751,0.0
751,0.0
751,56.0
751,13.0
752,0.0
752,0.0
752,56.0
752,13.0
752,1.0
753,0.0
753,0.0
753,56.0
753,13.0
753,1.0
754,0.0
754,0.0
754,56.0
754,13.0
754,1.0
755,0.0
755,0.0
755,56.0
755,13.0
755,1.0
756,0.0
756,0.0
756,56.0
756,13.0
757,0.0
757,0.0
757,56.0
757,13.0
757,1.0
758,0.0
758,0.0
758,56.0
758,13.0
758,1.0
759,0.0
759,0.0
759,56.0
759,13.0
759,1.0
760,0.0
760,0.0
760,56.0
760,1.0
760,13.0
761,0.0
761,0.0
761,56.0
761,1.0
761,13.0
762,0.0
762,0.0
762,56.0
762,1.0
762,13.0
763,0.0
763,0.0
763,56.0
763,1.0
763,13.0
764,0.0
764,0.0
764,56.0
764,13.0
764,1.0
765,0.0
765,0.0
765,56.0
765,13.0
765,1.0
766,0.0
766,0.0
766,56.0
766,13.0
766,1.0
767,0.0
767,0.0
767,56.0
767,13.0
767,1.0
768,0.0
768,0.0
768,56.0
768,13.0
768,1.0
769,0.0
769,0.0
769,13.0
769,56.0
769,1.0
770,0.0
770,0.0
770,56.0
770,13.0
770,1.0
771,0.0
771,0.0
771,13.0
771,56.0
771,1.0
772,0.0
772,0.0
772,13.0
772,56.0
772,1.0
773,0.0
773,0.0
773,56.0
773,13.0
773,1.0
774,0.0
774,0.0
774,13.0
774,56.0
774,1.0
775,0.0
775,0.0
775,56.0
775,13.0
776,0.0
776,0.0
776,56.0
776,13.0
777,0.0
777,0.0
777,56.0
777,13.0
778,0.0
778,0.0
778,56.0
778,13.0
779,0.0
779,0.0
779,56.0
779,13.0
780,0.0
780,0.0
780,56.0
780,13.0
781,0.0
781,0.0
781,56.0
781,13.0
782,0.0
782,0.0
782,56.0
782,13.0
783,0.0
783,0.0
783,56.0
783,13.0
784,0.0
784,0.0
784,56.0
784,13.0
785,0.0
785,0.0
785,56.0
785,13.0
786,0.0
786,0.0
786,56.0
786,13.0
787,0.0
787,0.0
787,56.0
787,13.0
788,0.0
788,0.0
788,56.0
788,13.0
789,0.0
789,0.0
789,56.0
789,13.0
790,0.0
790,0.0
790,56.0
790,13.0
791,0.0
791,0.0
791,56.0
791,13.0
792,0.0
792,0.0
792,56.0
792,13.0
793,0.0
793,0.0
793,56.0
793,13.0
794,0.0
794,0.0
794,56.0
794,13.0
795,0.0
795,0.0
795,56.0
795,13.0
796,0.0
796,0.0
796,56.0
796,13.0
797,0.0
797,0.0
797,56.0
797,13.0
798,0.0
798,0.0
798,56.0
798,13.0
799,0.0
799,0.0
799,56.0
799,13.0
800,0.0
800,0.0
800,56.0
800,13.0
801,0.0
801,0.0
801,56.0
801,13.0
802,0.0
802,0.0
802,56.0
802,13.0
803,0.0
803,0.0
803,56.0
803,13.0
804,0.0
804,0.0
804,56.0
804,13.0
805,0.0
805,0.0
805,56.0
805,13.0
806,0.0
806,0.0
806,56.0
806,13.0
807,0.0
807,0.0
807,56.0
807,13.0
808,0.0
808,0.0
808,56.0
808,13.0
809,0.0
809,0.0
809,56.0
810,0.0
810,0.0
810,56.0
810,13.0
811,0.0
811,0.0
811,56.0
811,13.0
812,0.0
812,0.0
812,56.0
813,0.0
813,0.0
813,56.0
814,0.0
814,0.0
814,56.0
815,0.0
815,0.0
815,56.0
816,0.0
816,0.0
816,56.0
817,0.0
817,0.0
817,56.0
818,0.0
818,0.0
818,56.0
819,0.0
819,0.0
819,56.0
819,13.0
820,0.0
820,0.0
820,56.0
820,13.0
821,0.0
821,0.0
821,56.0
821,13.0
822,0.0
822,0.0
822,56.0
822,13.0
823,0.0
823,0.0
823,56.0
823,13.0
824,0.0
824,0.0
824,56.0
824,13.0
825,0.0
825,0.0
825,56.0
825,13.0
826,0.0
826,0.0
826,56.0
826,13.0
827,0.0
827,0.0
827,56.0
827,13.0
828,0.0
828,0.0
828,56.0
828,13.0
829,0.0
829,0.0
829,56.0
829,13.0
830,0.0
830,0.0
830,56.0
830,13.0
831,0.0
831,0.0
831,56.0
831,13.0
832,0.0
832,0.0
832,56.0
832,13.0
833,0.0
833,0.0
833,56.0
833,13.0
834,0.0
834,0.0
834,56.0
834,13.0
835,0.0
835,0.0
835,56.0
835,13.0
836,0.0
836,0.0
836,56.0
836,13.0
837,0.0
837,0.0
837,56.0
837,13.0
838,0.0
838,0.0
838,56.0
838,13.0
839,0.0
839,0.0
839,56.0
839,13.0
840,0.0
840,0.0
840,56.0
840,13.0
841,0.0
841,0.0
841,56.0
841,13.0
842,0.0
842,0.0
842,56.0
842,13.0
843,0.0
843,0.0
843,56.0
843,13.0
844,0.0
844,0.0
844,56.0
844,13.0
845,0.0
845,0.0
845,56.0
845,13.0
846,0.0
846,0.0
846,56.0
846,13.0
847,0.0
847,0.0
847,56.0
847,13.0
848,0.0
848,0.0
848,56.0
848,13.0
849,0.0
849,0.0
849,56.0
849,13.0
850,0.0
850,0.0
850,56.0
850,13.0
851,0.0
851,0.0
851,56.0
851,13.0
852,0.0
852,0.0
852,56.0
852,13.0
853,0.0
853,0.0
853,56.0
853,13.0
854,0.0
854,0.0
854,56.0
854,13.0
855,0.0
855,0.0
855,13.0
855,56.0
856,0.0
856,0.0
856,13.0
856,56.0
857,0.0
857,0.0
857,13.0
857,56.0
858,0.0
858,0.0
858,13.0
858,56.0
859,0.0
859,0.0
859,56.0
859,13.0
860,0.0
860,0.0
860,56.0
860,13.0
861,0.0
861,0.0
861,56.0
861,13.0
862,0.0
862,0.0
862,56.0
862,13.0
863,0.0
863,0.0
863,56.0
863,13.0
864,0.0
864,0.0
864,56.0
864,13.0
865,0.0
865,0.0
865,56.0
865,13.0
866,0.0
866,0.0
866,56.0
866,13.0
867,0.0
867,0.0
867,56.0
867,13.0
868,0.0
868,0.0
868,56.0
868,13.0
869,0.0
869,0.0
869,56.0
870,0.0
870,0.0
870,56.0
871,0.0
871,0.0
871,56.0
872,0.0
872,0.0
872,56.0
873,0.0
873,0.0
873,56.0
874,0.0
874,0.0
874,56.0
875,0.0
875,0.0
875,56.0
876,0.0
876,0.0
876,56.0
877,0.0
877,0.0
877,56.0
878,0.0
878,0.0
878,56.0
879,0.0
879,0.0
879,56.0
880,0.0
880,0.0
880,56.0
880,13.0
881,0.0
881,0.0
881,56.0
881,13.0
882,0.0
882,0.0
882,56.0
882,13.0
883,0.0
883,0.0
883,56.0
883,13.0
884,0.0
884,0.0
884,56.0
884,13.0
885,0.0
885,0.0
885,56.0
885,13.0
886,0.0
886,0.0
886,56.0
886,13.0
887,0.0
887,0.0
887,56.0
887,13.0
888,0.0
888,0.0
888,56.0
888,13.0
889,0.0
889,0.0
889,13.0
889,56.0
890,0.0
890,0.0
890,13.0
890,56.0
891,0.0
891,0.0
891,13.0
891,56.0
891,13.0
892,0.0
892,0.0
892,13.0
892,13.0
892,56.0
893,0.0
893,0.0
893,13.0
893,13.0
894,0.0
894,0.0
894,13.0
894,13.0
895,0.0
895,0.0
895,13.0
895,13.0
895,56.0
896,0.0
896,0.0
896,13.0
896,13.0
896,56.0
897,0.0
897,0.0
897,13.0
897,13.0
898,0.0
898,0.0
898,13.0
899,0.0
899,0.0
899,13.0
899,56.0
900,0.0
900,0.0
900,56.0
900,13.0
901,0.0
901,0.0
901,56.0
902,0.0
902,0.0
902,56.0
902,3.0
903,0.0
903,0.0
903,56.0
903,3.0
904,0.0
904,0.0
904,56.0
905,0.0
905,0.0
905,56.0
906,0.0
906,0.0
906,56.0
906,3.0
906,1.0
907,0.0
907,0.0
907,56.0
907,3.0
907,1.0
908,0.0
908,0.0
908,56.0
908,1.0
909,0.0
909,0.0
909,56.0
909,1.0
910,0.0
910,0.0
910,56.0
910,13.0
910,1.0
911,0.0
911,0.0
911,56.0
911,13.0
911,1.0
912,0.0
912,0.0
912,56.0
912,13.0
913,0.0
913,0.0
913,56.0
913,13.0
914,0.0
914,0.0
914,56.0
915,0.0
915,0.0
915,56.0
915,3.0
915,1.0
916,0.0
916,0.0
916,56.0
916,3.0
916,1.0
917,0.0
917,0.0
917,56.0
918,0.0
918,0.0
918,56.0
919,0.0
919,0.0
919,56.0
919,3.0
919,1.0
920,0.0
920,0.0
920,56.0
920,3.0
920,1.0
921,0.0
921,0.0
921,56.0
921,3.0
921,1.0
922,0.0
922,0.0
922,56.0
922,3.0
922,1.0
923,0.0
923,0.0
923,56.0
923,1.0
923,1.0
924,0.0
924,0.0
924,56.0
924,1.0
924,1.0
925,0.0
925,0.0
925,56.0
925,1.0
926,0.0
926,0.0
926,56.0
926,1.0
927,0.0
927,0.0
927,56.0
927,1.0
928,0.0
928,0.0
928,56.0
928,1.0
929,0.0
929,0.0
929,56.0
930,0.0
930,0.0
930,56.0
931,0.0
931,0.0
931,56.0
932,0.0
932,0.0
932,56.0
933,0.0
933,0.0
933,56.0
934,0.0
934,0.0
934,56.0
934,3.0
934,1.0
935,0.0
935,0.0
935,56.0
935,3.0
935,1.0
936,0.0
936,0.0
936,56.0
936,3.0
937,0.0
937,0.0
937,56.0
937,3.0
938,0.0
938,0.0
938,56.0
939,0.0
939,0.0
939,56.0
940,0.0
940,0.0
940,56.0
940,3.0
941,0.0
941,0.0
941,56.0
941,3.0
942,0.0
942,0.0
942,56.0
942,3.0
943,0.0
943,0.0
943,56.0
943,3.0
944,0.0
944,0.0
944,56.0
944,3.0
945,0.0
945,0.0
945,56.0
946,0.0
946,0.0
946,56.0
947,0.0
947,0.0
947,56.0
948,0.0
948,0.0
948,56.0
949,0.0
949,0.0
949,56.0
950,0.0
950,0.0
950,56.0
951,0.0
951,0.0
951,56.0
952,0.0
952,0.0
952,56.0
953,0.0
953,0.0
953,56.0
954,0.0
954,0.0
954,56.0
955,0.0
955,0.0
955,56.0
956,0.0
956,0.0
956,56.0
957,0.0
957,0.0
957,56.0
958,0.0
958,0.0
958,56.0
959,0.0
959,0.0
959,56.0
960,0.0
960,0.0
960,56.0
961,0.0
961,0.0
961,56.0
962,0.0
962,0.0
962,56.0
963,0.0
963,0.0
963,56.0
964,0.0
964,0.0
964,56.0
964,1.0
965,0.0
965,0.0
965,56.0
965,1.0
966,0.0
966,0.0
966,56.0
967,0.0
967,0.0
967,56.0
967,0.0
968,0.0
968,0.0
968,56.0
969,0.0
969,0.0
969,56.0
970,0.0
970,0.0
970,56.0
971,0.0
971,0.0
971,56.0
972,0.0
972,0.0
972,56.0
973,0.0
973,0.0
973,56.0
974,0.0
974,0.0
974,56.0
975,0.0
975,0.0
975,56.0
976,0.0
976,0.0
976,56.0
977,0.0
977,0.0
977,56.0
978,0.0
978,0.0
978,56.0
979,0.0
979,0.0
979,56.0
980,0.0
980,0.0
980,56.0
981,0.0
981,0.0
981,56.0
982,0.0
982,0.0
982,56.0
983,0.0
983,0.0
983,56.0
984,0.0
984,0.0
984,56.0
985,0.0
985,0.0
985,56.0
985,1.0
986,0.0
986,0.0
986,56.0
986,1.0
987,0.0
987,0.0
987,56.0
987,1.0
988,0.0
988,0.0
988,56.0
988,1.0
989,0.0
989,0.0
989,56.0
989,1.0
990,0.0
990,0.0
990,56.0
990,1.0
991,0.0
991,0.0
991,56.0
991,1.0
992,0.0
992,0.0
992,56.0
992,1.0
993,0.0
993,0.0
993,56.0
993,1.0
994,0.0
994,0.0
994,56.0
994,1.0
995,0.0
995,0.0
995,56.0
995,1.0
996,0.0
996,0.0
996,56.0
996,1.0
997,0.0
997,0.0
997,56.0
997,1.0
998,0.0
998,0.0
998,56.0
998,1.0
998,67.0
999,0.0
999,0.0
999,56.0
999,1.0
999,67.0
1000,0.0
1000,0.0
1000,56.0
1001,0.0
1001,0.0
1001,56.0
1002,0.0
1002,0.0
1002,56.0
1002,1.0
1003,0.0
1003,0.0
1003,56.0
1003,1.0
1004,0.0
1004,0.0
1004,56.0
1005,0.0
1005,0.0
1005,56.0
1006,0.0
1006,0.0
1006,56.0
1007,0.0
1007,0.0
1007,56.0
1007,1.0
1008,0.0
1008,0.0
1008,56.0
1008,1.0
1009,0.0
1009,0.0
1009,56.0
1009,1.0
1010,0.0
1010,0.0
1010,56.0
1010,1.0
1011,0.0
1011,0.0
1011,56.0
1011,1.0
1012,0.0
1012,0.0
1012,56.0
1012,1.0
1013,0.0
1013,0.0
1013,56.0
1013,1.0
1014,0.0
1014,0.0
1014,56.0
1014,1.0
1015,0.0
1015,0.0
1015,56.0
1015,1.0
1016,0.0
1016,0.0
1016,56.0
1016,1.0
1017,0.0
1017,0.0
1017,56.0
1017,1.0
1018,0.0
1018,0.0
1018,56.0
1018,1.0
1019,0.0
1019,0.0
1019,56.0
1019,1.0
1020,0.0
1020,0.0
1020,56.0
1020,1.0
1021,0.0
1021,0.0
1021,56.0
1021,1.0
1022,0.0
1022,0.0
1022,1.0
1022,56.0
1023,0.0
1023,0.0
1023,1.0
1023,56.0
1024,0.0
1024,0.0
1024,56.0
1024,1.0
1025,0.0
1025,0.0
1025,56.0
1025,1.0
1026,0.0
1026,0.0
1026,56.0
1026,1.0
1027,0.0
1027,0.0
1027,56.0
1027,1.0
1028,0.0
1028,0.0
1028,56.0
1028,1.0
1029,0.0
1029,0.0
1029,56.0
1029,1.0
1030,0.0
1030,0.0
1030,1.0
1030,56.0
1031,0.0
1031,0.0
1031,1.0
1031,56.0
1032,0.0
1032,0.0
1032,56.0
1032,2.0
1032,1.0
1033,0.0
1033,0.0
1033,56.0
1033,2.0
1033,1.0
1034,0.0
1034,0.0
1034,1.0
1034,2.0
1035,0.0
1035,0.0
1035,1.0
1035,56.0
1036,0.0
1036,0.0
1036,1.0
1036,56.0
1037,0.0
1037,0.0
1037,1.0
1038,0.0
1038,0.0
1038,1.0
1039,0.0
1039,0.0
1039,2.0
1039,1.0
1040,0.0
1040,0.0
1040,2.0
1040,1.0
1041,0.0
1041,0.0
1041,2.0
1041,1.0
1042,0.0
1042,0.0
1042,2.0
1042,1.0
1043,0.0
1043,0.0
1043,2.0
1044,0.0
1044,0.0
1044,2.0
1045,0.0
1045,0.0
1045,2.0
1045,1.0
1046,0.0
1046,0.0
1046,2.0
1046,1.0
1047,0.0
1047,0.0
1047,2.0
1047,1.0
1048,0.0
1048,0.0
1048,2.0
1048,1.0
1049,0.0
1049,0.0
1049,2.0
1049,1.0
1050,0.0
1050,0.0
1050,2.0
1050,1.0
1051,0.0
1051,0.0
1051,2.0
1051,1.0
1052,0.0
1052,0.0
1052,2.0
1052,1.0
1053,0.0
1053,0.0
1053,2.0
1053,1.0
1054,0.0
1054,0.0
1054,2.0
1054,1.0
1055,0.0
1055,0.0
1055,2.0
1055,1.0
1056,0.0
1056,0.0
1056,2.0
1056,1.0
1057,0.0
1057,0.0
1057,2.0
1057,1.0
1058,0.0
1058,0.0
1058,2.0
1058,1.0
1059,0.0
1059,0.0
1059,2.0
1059,1.0
1060,0.0
1060,0.0
1060,2.0
1060,1.0
1061,0.0
1061,0.0
1061,2.0
1061,1.0
1062,0.0
1062,2.0
1062,0.0
1062,1.0
1063,0.0
1063,2.0
1063,0.0
1063,1.0
1064,0.0
1064,0.0
1064,2.0
1065,0.0
1065,0.0
1065,2.0
1066,0.0
1066,0.0
1066,2.0
1067,0.0
1067,0.0
1067,2.0
1068,0.0
1068,0.0
1068,2.0
1069,0.0
1069,0.0
1069,2.0
1070,0.0
1070,0.0
1070,2.0
1071,0.0
1071,0.0
1071,2.0
1072,0.0
1072,0.0
1072,2.0
1073,0.0
1073,0.0
1073,2.0
1074,0.0
1074,0.0
1074,2.0
1075,0.0
1075,2.0
1075,0.0
1076,0.0
1076,2.0
1076,0.0
1077,0.0
1077,0.0
1077,2.0
1078,0.0
1078,0.0
1078,2.0
1079,0.0
1079,2.0
1079,0.0
1080,0.0
1080,2.0
1080,0.0
1081,0.0
1081,2.0
1081,0.0
1082,0.0
1082,2.0
1082,0.0
1083,0.0
1083,2.0
1083,0.0
1084,0.0
1084,2.0
1084,0.0
1085,0.0
1085,2.0
1085,0.0
1086,0.0
1086,2.0
1086,0.0
1086,0.0
1087,0.0
1087,2.0
1087,0.0
1087,0.0
1088,0.0
1088,2.0
1088,0.0
1088,0.0
1089,0.0
1089,2.0
1089,0.0
1089,0.0
1090,2.0
1090,0.0
1090,0.0
1091,2.0
1091,0.0
1091,0.0
1092,0.0
1092,2.0
1092,0.0
1093,0.0
1093,2.0
1093,0.0
1094,0.0
1094,2.0
1094,0.0
1095,0.0
1095,2.0
1095,0.0
1096,0.0
1096,2.0
1096,0.0
1097,0.0
1097,2.0
1097,0.0
1098,0.0
1098,2.0
1098,0.0
1099,0.0
1099,2.0
1099,0.0
1100,0.0
1100,2.0
1100,0.0
1101,0.0
1101,2.0
1101,0.0
1102,0.0
1102,2.0
1102,0.0
1103,0.0
1103,0.0
1103,2.0
1104,0.0
1104,0.0
1104,2.0
1105,0.0
1105,0.0
1105,2.0
1106,0.0
1106,0.0
1106,2.0
1107,0.0
1107,2.0
1107,0.0
1108,0.0
1108,2.0
1108,0.0
1109,0.0
1109,2.0
1109,0.0
1110,0.0
1110,2.0
1110,0.0
1111,0.0
1111,2.0
1111,0.0
1112,0.0
1112,2.0
1112,0.0
1113,0.0
1113,2.0
1113,0.0
1114,0.0
1114,2.0
1114,0.0
1115,0.0
1115,2.0
1115,0.0
1116,0.0
1116,2.0
1116,0.0
1117,0.0
1117,2.0
1117,0.0
1118,0.0
1118,2.0
1118,0.0
1119,0.0
1119,2.0
1119,0.0
1120,0.0
1120,0.0
1120,2.0
1121,0.0
1121,0.0
1121,2.0
1122,0.0
1122,2.0
1122,0.0
1123,0.0
1123,2.0
1123,0.0
1124,2.0
1124,0.0
1124,0.0
1124,2.0
1125,2.0
1125,0.0
1125,0.0
1126,2.0
1126,0.0
1126,0.0
1127,2.0
1127,0.0
1127,0.0
1127,2.0
1128,2.0
1128,0.0
1128,0.0
1128,2.0
1129,2.0
1129,0.0
1129,0.0
1129,2.0
1130,2.0
1130,0.0
1130,0.0
1130,2.0
1131,2.0
1131,0.0
1131,0.0
1131,2.0
1132,2.0
1132,0.0
1132,0.0
1132,2.0
1133,2.0
1133,0.0
1133,0.0
1133,2.0
1134,2.0
1134,0.0
1134,0.0
1134,2.0
1135,2.0
1135,0.0
1135,0.0
1135,2.0
1136,2.0
1136,0.0
1136,0.0
1136,2.0
1137,2.0
1137,0.0
1137,0.0
1137,2.0
1137,3.0
1138,2.0
1138,0.0
1138,0.0
1138,2.0
1138,3.0
1139,2.0
1139,0.0
1139,0.0
1139,2.0
1140,2.0
1140,0.0
1140,0.0
1140,2.0
1141,2.0
1141,0.0
1141,0.0
1141,2.0
1142,2.0
1142,0.0
1142,2.0
1143,2.0
1143,0.0
1143,2.0
1144,2.0
1144,0.0
1144,2.0
1145,2.0
1145,0.0
1145,2.0
1146,2.0
1146,0.0
1146,0.0
1146,2.0
1146,3.0
1146,56.0
1147,2.0
1147,0.0
1147,0.0
1147,2.0
1147,3.0
1147,56.0
1148,2.0
1148,0.0
1148,2.0
1148,0.0
1148,56.0
1148,3.0
1148,1.0
1149,2.0
1149,0.0
1149,2.0
1149,0.0
1149,56.0
1149,3.0
1149,1.0
1150,2.0
1150,0.0
1150,2.0
1150,3.0
1150,0.0
1150,56.0
1151,2.0
1151,0.0
1151,2.0
1151,3.0
1151,0.0
1151,56.0
1152,0.0
1152,2.0
1152,0.0
1152,3.0
1152,2.0
1152,56.0
1153,0.0
1153,2.0
1153,0.0
1153,3.0
1153,2.0
1153,56.0
1154,0.0
1154,2.0
1154,0.0
1154,3.0
1154,2.0
1154,56.0
1155,2.0
1155,0.0
1155,0.0
1155,3.0
1155,56.0
1156,2.0
1156,0.0
1156,0.0
1156,3.0
1156,56.0
1157,2.0
1157,0.0
1157,3.0
1157,0.0
1157,56.0
1157,2.0
1158,2.0
1158,0.0
1158,3.0
1158,0.0
1158,56.0
1158,2.0
1159,0.0
1159,2.0
1159,3.0
1159,56.0
1159,0.0
1159,2.0
1160,0.0
1160,2.0
1160,3.0
1160,56.0
1160,0.0
1160,2.0
1161,0.0
1161,2.0
1161,3.0
1161,56.0
1161,0.0
1162,0.0
1162,2.0
1162,3.0
1162,56.0
1162,0.0
1163,0.0
1163,2.0
1163,0.0
1163,3.0
1163,56.0
1164,0.0
1164,2.0
1164,0.0
1164,3.0
1164,56.0
1165,0.0
1165,0.0
1165,2.0
1165,56.0
1165,3.0
1166,0.0
1166,0.0
1166,2.0
1166,3.0
1166,56.0
1167,0.0
1167,0.0
1167,2.0
1167,3.0
1167,56.0
1168,0.0
1168,0.0
1168,2.0
1168,3.0
1168,56.0
1169,0.0
1169,0.0
1169,2.0
1169,3.0
1169,56.0
1170,0.0
1170,0.0
1170,2.0
1170,3.0
1170,56.0
1171,0.0
1171,0.0
1171,2.0
1171,3.0
1171,56.0
1172,0.0
1172,0.0
1172,2.0
1172,3.0
1172,56.0
1173,0.0
1173,0.0
1173,2.0
1173,3.0
1173,56.0
1174,0.0
1174,0.0
1174,2.0
1174,3.0
1174,56.0
1175,0.0
1175,0.0
1175,2.0
1175,3.0
1175,56.0
1176,0.0
1176,2.0
1176,0.0
1176,56.0
1176,3.0
1177,0.0
1177,2.0
1177,0.0
1177,56.0
1177,3.0
1178,0.0
1178,2.0
1178,0.0
1178,56.0
1178,3.0
1179,0.0
1179,2.0
1179,0.0
1179,56.0
1179,3.0
1180,0.0
1180,0.0
1180,2.0
1180,56.0
1180,3.0
1181,0.0
1181,0.0
1181,2.0
1181,56.0
1181,3.0
1182,2.0
1182,0.0
1182,0.0
1182,56.0
1182,3.0
1183,2.0
1183,0.0
1183,0.0
1183,56.0
1183,3.0
1184,0.0
1184,0.0
1184,2.0
1184,56.0
1184,3.0
1184,1.0
1185,0.0
1185,0.0
1185,2.0
1185,56.0
1185,1.0
1185,3.0
1186,0.0
1186,0.0
1186,2.0
1186,56.0
1186,1.0
1186,3.0
1187,2.0
1187,0.0
1187,0.0
1187,56.0
1187,3.0
1188,2.0
1188,0.0
1188,0.0
1188,56.0
1188,3.0
1189,2.0
1189,0.0
1189,0.0
1189,3.0
1189,56.0
1190,2.0
1190,0.0
1190,0.0
1190,56.0
1190,3.0
1191,0.0
1191,2.0
1191,0.0
1191,56.0
1191,1.0
1192,0.0
1192,2.0
1192,0.0
1192,56.0
1192,1.0
1193,2.0
1193,0.0
1193,1.0
1193,56.0
1194,2.0
1194,0.0
1194,1.0
1194,56.0
1195,2.0
1195,0.0
1195,1.0
1195,56.0
1196,2.0
1196,0.0
1196,1.0
1196,56.0
1197,2.0
1197,0.0
1197,1.0
1197,56.0
1198,2.0
1198,0.0
1198,1.0
1198,56.0
1199,2.0
1199,0.0
1199,56.0
1200,2.0
1200,0.0
1200,56.0
1201,2.0
1201,0.0
1201,56.0
1202,2.0
1202,0.0
1202,56.0
1203,2.0
1203,0.0
1203,56.0
1204,2.0
1204,0.0
1204,56.0
1205,2.0
1205,0.0
1205,56.0
1206,2.0
1206,0.0
1206,2.0
1206,56.0
1207,2.0
1207,0.0
1207,2.0
1207,56.0
1208,2.0
1208,0.0
1208,56.0
1208,0.0
1209,2.0
1209,0.0
1209,56.0
1209,0.0
1210,2.0
1210,0.0
1210,56.0
1210,0.0
1210,2.0
1211,2.0
1211,0.0
1211,56.0
1211,0.0
1211,2.0
1212,2.0
1212,0.0
1212,2.0
1212,56.0
1212,3.0
1212,0.0
1213,2.0
1213,0.0
1213,2.0
1213,56.0
1213,3.0
1213,0.0
1214,2.0
1214,0.0
1214,3.0
1214,2.0
1214,56.0
1214,0.0
1215,2.0
1215,0.0
1215,3.0
1215,2.0
1215,56.0
1215,0.0
1216,2.0
1216,0.0
1216,3.0
1216,2.0
1216,56.0
1216,0.0
1217,2.0
1217,0.0
1217,3.0
1217,56.0
1217,0.0
1217,2.0
1218,2.0
1218,0.0
1218,3.0
1218,0.0
1218,56.0
1218,2.0
1219,2.0
1219,0.0
1219,0.0
1219,3.0
1219,56.0
1219,2.0
1219,7.0
1220,2.0
1220,0.0
1220,0.0
1220,3.0
1220,56.0
1220,2.0
1220,7.0
1221,2.0
1221,0.0
1221,0.0
1221,3.0
1221,56.0
1221,7.0
1221,2.0
1222,2.0
1222,0.0
1222,0.0
1222,3.0
1222,56.0
1222,7.0
1222,2.0
1223,2.0
1223,0.0
1223,0.0
1223,56.0
1223,3.0
1223,7.0
1223,2.0
1224,2.0
1224,0.0
1224,0.0
1224,3.0
1224,56.0
1224,7.0
1224,2.0
1225,2.0
1225,0.0
1225,56.0
1225,2.0
1225,0.0
1225,3.0
1226,2.0
1226,0.0
1226,56.0
1226,2.0
1226,0.0
1226,3.0
1227,2.0
1227,0.0
1227,56.0
1227,2.0
1227,0.0
1228,2.0
1228,0.0
1228,56.0
1228,2.0
1228,0.0
1229,2.0
1229,0.0
1229,2.0
1229,56.0
1229,0.0
1230,2.0
1230,0.0
1230,2.0
1230,56.0
1230,0.0
1231,2.0
1231,0.0
1231,2.0
1231,56.0
1231,0.0
1232,2.0
1232,0.0
1232,2.0
1232,56.0
1233,2.0
1233,0.0
1233,2.0
1233,56.0
1234,2.0
1234,0.0
1234,2.0
1234,56.0
1234,3.0
1235,2.0
1235,0.0
1235,2.0
1235,56.0
1235,3.0
1236,2.0
1236,0.0
1236,56.0
1236,2.0
1236,3.0
1237,2.0
1237,0.0
1237,56.0
1237,2.0
1237,3.0
1238,2.0
1238,0.0
1238,56.0
1238,2.0
1238,7.0
1238,2.0
1239,2.0
1239,0.0
1239,56.0
1239,2.0
1239,7.0
1239,2.0
1240,2.0
1240,0.0
1240,56.0
1240,2.0
1240,2.0
1240,7.0
1241,2.0
1241,0.0
1241,56.0
1241,2.0
1241,2.0
1241,7.0
1242,2.0
1242,0.0
1242,56.0
1242,7.0
1242,2.0
1242,2.0
1243,2.0
1243,0.0
1243,56.0
1243,7.0
1243,2.0
1243,2.0
1244,2.0
1244,0.0
1244,56.0
1244,2.0
1244,0.0
1244,2.0
1245,2.0
1245,0.0
1245,56.0
1245,7.0
1245,2.0
1246,2.0
1246,0.0
1246,56.0
1246,7.0
1246,2.0
1247,2.0
1247,0.0
1247,56.0
1247,7.0
1248,2.0
1248,0.0
1248,56.0
1248,7.0
1249,2.0
1249,0.0
1249,56.0
1249,7.0
1250,2.0
1250,0.0
1250,56.0
1250,7.0
1251,2.0
1251,0.0
1251,56.0
1251,2.0
1251,0.0
1252,2.0
1252,0.0
1252,56.0
1252,2.0
1252,0.0
1253,2.0
1253,0.0
1253,0.0
1253,56.0
1253,0.0
1253,3.0
1253,7.0
1253,2.0
1254,2.0
1254,0.0
1254,0.0
1254,56.0
1254,0.0
1254,3.0
1254,7.0
1254,2.0
1255,2.0
1255,0.0
1255,56.0
1255,0.0
1255,2.0
1255,7.0
1256,2.0
1256,0.0
1256,56.0
1256,0.0
1256,2.0
1256,7.0
1257,2.0
1257,0.0
1257,0.0
1257,56.0
1257,2.0
1258,2.0
1258,0.0
1258,0.0
1258,56.0
1258,2.0
1259,2.0
1259,0.0
1259,0.0
1259,56.0
1260,2.0
1260,0.0
1260,0.0
1260,56.0
1261,2.0
1261,0.0
1261,0.0
1261,56.0
1262,2.0
1262,0.0
1262,0.0
1262,56.0
1262,2.0
1263,2.0
1263,0.0
1263,0.0
1263,56.0
1263,2.0
1264,2.0
1264,0.0
1264,0.0
1264,56.0
1264,2.0
1265,2.0
1265,0.0
1265,0.0
1265,56.0
1265,2.0
1266,2.0
1266,0.0
1266,0.0
1266,56.0
1266,2.0
1267,2.0
1267,0.0
1267,0.0
1267,56.0
1267,2.0
1268,2.0
1268,0.0
1268,0.0
1268,56.0
1269,2.0
1269,0.0
1269,0.0
1269,56.0
1270,2.0
1270,0.0
1270,0.0
1270,56.0
1271,2.0
1271,0.0
1271,0.0
1271,56.0
1272,2.0
1272,0.0
1272,0.0
1272,56.0
1273,2.0
1273,0.0
1273,0.0
1273,56.0
1274,2.0
1274,0.0
1274,0.0
1274,56.0
1275,2.0
1275,0.0
1275,0.0
1275,56.0
1275,2.0
1276,2.0
1276,0.0
1276,0.0
1276,56.0
1276,2.0
1277,2.0
1277,0.0
1277,0.0
1277,56.0
1277,2.0
1278,2.0
1278,0.0
1278,0.0
1278,56.0
1278,2.0
1279,2.0
1279,0.0
1279,0.0
1279,56.0
1279,2.0
1279,24.0
1280,2.0
1280,0.0
1280,0.0
1280,56.0
1280,2.0
1280,24.0
1281,2.0
1281,0.0
1281,0.0
1281,56.0
1281,2.0
1282,2.0
1282,0.0
1282,0.0
1282,56.0
1282,2.0
1283,2.0
1283,0.0
1283,0.0
1283,56.0
1283,2.0
1284,2.0
1284,0.0
1284,0.0
1284,56.0
1284,2.0
1285,2.0
1285,0.0
1285,0.0
1285,56.0
1285,2.0
1286,2.0
1286,0.0
1286,0.0
1286,56.0
1286,2.0
1287,2.0
1287,0.0
1287,0.0
1287,56.0
1287,2.0
1288,2.0
1288,0.0
1288,0.0
1288,56.0
1288,2.0
1289,2.0
1289,0.0
1289,0.0
1289,2.0
1289,56.0
1290,0.0
1290,2.0
1290,0.0
1290,2.0
1290,56.0
1291,2.0
1291,0.0
1291,0.0
1291,2.0
1291,56.0
1292,2.0
1292,0.0
1292,0.0
1292,2.0
1292,56.0
1293,2.0
1293,0.0
1293,0.0
1293,2.0
1293,56.0
1294,0.0
1294,2.0
1294,0.0
1294,2.0
1294,56.0
1295,0.0
1295,2.0
1295,0.0
1295,2.0
1295,56.0
1296,2.0
1296,0.0
1296,0.0
1296,2.0
1296,56.0
1297,2.0
1297,0.0
1297,0.0
1297,2.0
1297,56.0
1298,2.0
1298,0.0
1298,2.0
1298,0.0
1298,56.0
1299,2.0
1299,0.0
1299,2.0
1299,0.0
1299,56.0
1300,2.0
1300,0.0
1300,0.0
1300,2.0
1300,56.0
1301,2.0
1301,0.0
1301,0.0
1301,2.0
1301,56.0
1302,2.0
1302,2.0
1302,0.0
1302,0.0
1302,56.0
1302,1.0
1303,2.0
1303,2.0
1303,0.0
1303,0.0
1303,56.0
1303,1.0
1304,2.0
1304,0.0
1304,2.0
1304,0.0
1304,56.0
1304,1.0
1304,2.0
1305,2.0
1305,0.0
1305,0.0
1305,56.0
1305,2.0
1305,2.0
1306,2.0
1306,0.0
1306,0.0
1306,56.0
1306,2.0
1306,2.0
1307,2.0
1307,0.0
1307,0.0
1307,2.0
1307,56.0
1307,2.0
1308,2.0
1308,0.0
1308,0.0
1308,2.0
1308,56.0
1308,2.0
1309,2.0
1309,0.0
1309,2.0
1309,56.0
1309,0.0
1309,2.0
1310,2.0
1310,0.0
1310,2.0
1310,56.0
1310,0.0
1310,2.0
1311,2.0
1311,0.0
1311,2.0
1311,0.0
1311,56.0
1311,2.0
1312,2.0
1312,0.0
1312,2.0
1312,0.0
1312,56.0
1312,2.0
1313,2.0
1313,0.0
1313,0.0
1313,2.0
1313,56.0
1313,2.0
1314,2.0
1314,0.0
1314,0.0
1314,2.0
1314,56.0
1314,2.0
1315,2.0
1315,0.0
1315,0.0
1315,2.0
1315,56.0
1315,2.0
1316,2.0
1316,0.0
1316,0.0
1316,2.0
1316,56.0
1316,2.0
1317,2.0
1317,2.0
1317,0.0
1317,0.0
1317,56.0
1317,2.0
1318,2.0
1318,2.0
1318,0.0
1318,0.0
1318,56.0
1318,2.0
1319,2.0
1319,2.0
1319,0.0
1319,0.0
1319,56.0
1319,2.0
1320,2.0
1320,2.0
1320,0.0
1320,0.0
1320,56.0
1320,2.0
1321,2.0
1321,2.0
1321,0.0
1321,0.0
1321,56.0
1321,2.0
1322,2.0
1322,0.0
1322,0.0
1322,2.0
1322,56.0
1322,2.0
1323,2.0
1323,0.0
1323,0.0
1323,2.0
1323,56.0
1323,2.0
1324,2.0
1324,0.0
1324,0.0
1324,2.0
1324,2.0
1324,56.0
1325,2.0
1325,0.0
1325,0.0
1325,2.0
1325,2.0
1325,56.0
1326,2.0
1326,0.0
1326,0.0
1326,2.0
1326,56.0
1326,2.0
1327,2.0
1327,0.0
1327,0.0
1327,2.0
1327,56.0
1327,2.0
1328,2.0
1328,0.0
1328,0.0
1328,2.0
1328,56.0
1328,3.0
1328,2.0
1329,2.0
1329,0.0
1329,0.0
1329,2.0
1329,56.0
1329,3.0
1329,2.0
1330,2.0
1330,0.0
1330,3.0
1330,56.0
1330,2.0
1330,0.0
1330,0.0
1331,2.0
1331,0.0
1331,3.0
1331,56.0
1331,2.0
1331,0.0
1331,0.0
1332,2.0
1332,0.0
1332,2.0
1332,56.0
1332,3.0
1332,2.0
1333,2.0
1333,0.0
1333,2.0
1333,56.0
1333,3.0
1333,2.0
1333,3.0
1334,2.0
1334,2.0
1334,0.0
1334,56.0
1334,3.0
1334,0.0
1334,0.0
1334,2.0
1335,2.0
1335,0.0
1335,2.0
1335,56.0
1335,0.0
1335,3.0
1336,2.0
1336,0.0
1336,2.0
1336,56.0
1336,0.0
1336,3.0
1337,2.0
1337,0.0
1337,2.0
1337,0.0
1337,56.0
1337,0.0
1337,2.0
1337,3.0
1338,2.0
1338,0.0
1338,2.0
1338,0.0
1338,56.0
1338,0.0
1338,2.0
1338,3.0
1339,2.0
1339,0.0
1339,2.0
1339,56.0
1339,3.0
1340,2.0
1340,0.0
1340,2.0
1340,56.0
1340,3.0
1341,2.0
1341,0.0
1341,2.0
1341,0.0
1341,56.0
1341,0.0
1341,3.0
1342,2.0
1342,0.0
1342,2.0
1342,0.0
1342,56.0
1342,0.0
1342,3.0
1343,2.0
1343,0.0
1343,2.0
1343,0.0
1343,0.0
1343,56.0
1343,2.0
1343,3.0
1344,2.0
1344,0.0
1344,2.0
1344,0.0
1344,0.0
1344,56.0
1344,2.0
1344,3.0
1345,2.0
1345,0.0
1345,2.0
1345,0.0
1345,0.0
1345,56.0
1345,2.0
1345,3.0
1346,2.0
1346,0.0
1346,2.0
1346,0.0
1346,0.0
1346,56.0
1346,2.0
1346,3.0
1347,2.0
1347,2.0
1347,0.0
1347,0.0
1347,0.0
1347,56.0
1347,3.0
1347,2.0
1348,2.0
1348,2.0
1348,0.0
1348,0.0
1348,0.0
1348,56.0
1348,3.0
1348,2.0
1349,2.0
1349,2.0
1349,0.0
1349,0.0
1349,56.0
1349,0.0
1349,3.0
1349,3.0
1350,2.0
1350,2.0
1350,0.0
1350,0.0
1350,56.0
1350,0.0
1350,3.0
1350,3.0
1351,2.0
1351,2.0
1351,0.0
1351,0.0
1351,56.0
1351,0.0
1351,3.0
1351,3.0
1352,2.0
1352,2.0
1352,0.0
1352,0.0
1352,0.0
1352,56.0
1352,0.0
1352,3.0
1352,3.0
1353,2.0
1353,2.0
1353,0.0
1353,0.0
1353,0.0
1353,56.0
1353,0.0
1353,3.0
1353,3.0
1354,2.0
1354,2.0
1354,0.0
1354,0.0
1354,3.0
1354,0.0
1354,56.0
1354,3.0
1355,2.0
1355,2.0
1355,0.0
1355,0.0
1355,3.0
1355,0.0
1355,56.0
1355,3.0
1356,2.0
1356,0.0
1356,0.0
1356,2.0
1356,56.0
1356,3.0
1356,0.0
1356,0.0
1357,2.0
1357,0.0
1357,0.0
1357,2.0
1357,56.0
1357,3.0
1357,0.0
1357,0.0
1358,2.0
1358,0.0
1358,0.0
1358,2.0
1358,0.0
1358,56.0
1358,0.0
1358,3.0
1358,0.0
1359,2.0
1359,0.0
1359,0.0
1359,2.0
1359,0.0
1359,56.0
1359,0.0
1359,3.0
1359,0.0
1360,2.0
1360,0.0
1360,0.0
1360,0.0
1360,2.0
1360,0.0
1360,56.0
1360,0.0
1360,3.0
1361,2.0
1361,0.0
1361,0.0
1361,0.0
1361,2.0
1361,0.0
1361,56.0
1361,0.0
1361,3.0
1362,2.0
1362,0.0
1362,0.0
1362,0.0
1362,2.0
1362,0.0
1362,56.0
1362,3.0
1362,0.0
1363,2.0
1363,0.0
1363,0.0
1363,0.0
1363,2.0
1363,0.0
1363,56.0
1363,3.0
1363,0.0
1364,2.0
1364,0.0
1364,0.0
1364,0.0
1364,56.0
1364,0.0
1365,2.0
1365,0.0
1365,0.0
1365,0.0
1365,0.0
1365,3.0
1365,56.0
1366,2.0
1366,0.0
1366,0.0
1366,0.0
1366,0.0
1366,3.0
1366,56.0
1367,2.0
1367,0.0
1367,0.0
1367,0.0
1367,0.0
1367,3.0
1367,56.0
1368,2.0
1368,0.0
1368,0.0
1368,0.0
1368,0.0
1368,3.0
1368,56.0
1369,2.0
1369,0.0
1369,0.0
1369,0.0
1369,0.0
1369,56.0
1369,3.0
1369,3.0
1369,0.0
1370,2.0
1370,0.0
1370,0.0
1370,0.0
1370,0.0
1370,56.0
1370,3.0
1370,3.0
1370,0.0
1371,2.0
1371,0.0
1371,0.0
1371,0.0
1371,0.0
1371,56.0
1371,3.0
1371,0.0
1372,2.0
1372,0.0
1372,0.0
1372,0.0
1372,0.0
1372,56.0
1372,3.0
1372,0.0
1373,2.0
1373,0.0
1373,0.0
1373,0.0
1373,0.0
1373,3.0
1373,56.0
1373,0.0
1373,0.0
1373,3.0
1373,3.0
1373,0.0
1374,2.0
1374,0.0
1374,0.0
1374,0.0
1374,0.0
1374,3.0
1374,56.0
1374,0.0
1374,0.0
1374,3.0
1374,3.0
1374,0.0
1375,0.0
1375,2.0
1375,0.0
1375,3.0
1375,0.0
1375,0.0
1375,56.0
1375,0.0
1376,0.0
1376,2.0
1376,0.0
1376,3.0
1376,0.0
1376,0.0
1376,56.0
1376,0.0
1377,2.0
1377,0.0
1377,0.0
1377,0.0
1377,3.0
1377,0.0
1377,56.0
1377,0.0
1377,3.0
1377,1.0
1377,2.0
1377,3.0
1378,2.0
1378,0.0
1378,0.0
1378,0.0
1378,3.0
1378,0.0
1378,56.0
1378,0.0
1378,3.0
1378,1.0
1378,2.0
1378,3.0
1379,2.0
1379,0.0
1379,0.0
1379,0.0
1379,3.0
1379,56.0
1379,0.0
1379,0.0
1379,3.0
1379,3.0
1379,0.0
1380,2.0
1380,0.0
1380,0.0
1380,0.0
1380,3.0
1380,56.0
1380,0.0
1380,0.0
1380,3.0
1380,3.0
1380,0.0
1381,2.0
1381,0.0
1381,0.0
1381,0.0
1381,3.0
1381,56.0
1381,0.0
1381,0.0
1381,3.0
1381,3.0
1381,0.0
1382,2.0
1382,0.0
1382,0.0
1382,3.0
1382,0.0
1382,56.0
1382,0.0
1382,0.0
1382,0.0
1382,3.0
1382,3.0
1382,3.0
1383,2.0
1383,0.0
1383,0.0
1383,3.0
1383,0.0
1383,56.0
1383,0.0
1383,0.0
1383,0.0
1383,3.0
1383,3.0
1383,3.0
1384,2.0
1384,0.0
1384,0.0
1384,0.0
1384,3.0
1384,0.0
1384,56.0
1384,3.0
1384,0.0
1385,2.0
1385,0.0
1385,0.0
1385,0.0
1385,3.0
1385,0.0
1385,56.0
1385,3.0
1385,0.0
1386,2.0
1386,0.0
1386,0.0
1386,0.0
1386,0.0
1386,56.0
1386,3.0
1386,0.0
1386,3.0
1386,0.0
1386,3.0
1387,2.0
1387,0.0
1387,0.0
1387,0.0
1387,0.0
1387,56.0
1387,3.0
1387,3.0
1387,0.0
1387,0.0
1387,3.0
1388,2.0
1388,0.0
1388,3.0
1388,0.0
1388,56.0
1388,0.0
1388,3.0
1388,0.0
1388,0.0
1388,3.0
1389,2.0
1389,0.0
1389,3.0
1389,0.0
1389,56.0
1389,0.0
1389,3.0
1389,0.0
1389,0.0
1389,3.0
1390,0.0
1390,2.0
1390,0.0
1390,3.0
1390,56.0
1390,0.0
1390,3.0
1390,0.0
1390,0.0
1390,0.0
1390,0.0
1390,3.0
1391,0.0
1391,2.0
1391,0.0
1391,3.0
1391,56.0
1391,0.0
1391,3.0
1391,0.0
1391,0.0
1391,0.0
1391,0.0
1391,3.0
1392,2.0
1392,0.0
1392,0.0
1392,3.0
1392,56.0
1392,0.0
1392,0.0
1392,0.0
1392,0.0
1392,3.0
1392,3.0
1393,2.0
1393,0.0
1393,0.0
1393,3.0
1393,56.0
1393,0.0
1393,0.0
1393,0.0
1393,0.0
1393,3.0
1393,3.0
1394,2.0
1394,0.0
1394,0.0
1394,3.0
1394,56.0
1394,0.0
1394,0.0
1394,0.0
1395,2.0
1395,0.0
1395,0.0
1395,56.0
1395,0.0
1395,3.0
1395,3.0
1395,0.0
1396,2.0
1396,0.0
1396,0.0
1396,56.0
1396,0.0
1396,3.0
1396,3.0
1396,0.0
1397,2.0
1397,0.0
1397,0.0
1397,0.0
1397,56.0
1397,0.0
1397,3.0
1397,3.0
1398,2.0
1398,0.0
1398,0.0
1398,0.0
1398,56.0
1398,0.0
1398,3.0
1398,3.0
1399,2.0
1399,0.0
1399,0.0
1399,0.0
1399,56.0
1399,3.0
1399,0.0
1399,0.0
1400,2.0
1400,0.0
1400,0.0
1400,0.0
1400,56.0
1400,3.0
1400,0.0
1400,0.0
1401,2.0
1401,0.0
1401,0.0
1401,0.0
1401,3.0
1401,56.0
1401,3.0
1401,0.0
1402,2.0
1402,0.0
1402,0.0
1402,0.0
1402,3.0
1402,56.0
1402,3.0
1402,0.0
1403,2.0
1403,0.0
1403,0.0
1403,0.0
1403,56.0
1403,0.0
1403,3.0
1404,2.0
1404,0.0
1404,0.0
1404,0.0
1404,56.0
1404,0.0
1404,3.0
1405,2.0
1405,0.0
1405,0.0
1405,56.0
1405,0.0
1405,0.0
1406,2.0
1406,0.0
1406,0.0
1406,56.0
1406,0.0
1406,0.0
1407,2.0
1407,0.0
1407,0.0
1407,56.0
1407,0.0
1408,2.0
1408,0.0
1408,0.0
1408,56.0
1408,0.0
1409,2.0
1409,0.0
1409,56.0
1409,0.0
1409,0.0
1410,2.0
1410,0.0
1410,56.0
1410,0.0
1410,0.0
1411,2.0
1411,0.0
1411,56.0
1411,0.0
1411,0.0
1412,2.0
1412,0.0
1412,0.0
1412,56.0
1412,0.0
1413,2.0
1413,0.0
1413,0.0
1413,56.0
1413,0.0
1414,2.0
1414,0.0
1414,0.0
1414,56.0
1414,0.0
1415,2.0
1415,0.0
1415,0.0
1415,56.0
1415,0.0
1416,2.0
1416,0.0
1416,0.0
1416,56.0
1416,0.0
1417,2.0
1417,0.0
1417,0.0
1417,56.0
1417,0.0
1418,2.0
1418,0.0
1418,0.0
1418,56.0
1418,0.0
1419,2.0
1419,0.0
1419,0.0
1419,56.0
1419,0.0
1420,0.0
1420,0.0
1420,2.0
1420,0.0
1420,56.0
1420,3.0
1421,0.0
1421,0.0
1421,2.0
1421,0.0
1421,56.0
1421,3.0
1422,0.0
1422,2.0
1422,0.0
1422,56.0
1422,0.0
1422,3.0
1422,0.0
1423,0.0
1423,2.0
1423,0.0
1423,56.0
1423,0.0
1423,3.0
1423,0.0
1424,0.0
1424,0.0
1424,2.0
1424,56.0
1424,0.0
1424,3.0
1424,0.0
1425,0.0
1425,0.0
1425,2.0
1425,3.0
1425,56.0
1425,0.0
1425,0.0
1426,0.0
1426,0.0
1426,2.0
1426,3.0
1426,56.0
1426,0.0
1426,0.0
1427,0.0
1427,0.0
1427,2.0
1427,56.0
1427,3.0
1427,0.0
1427,0.0
1428,0.0
1428,0.0
1428,2.0
1428,56.0
1428,3.0
1428,0.0
1428,0.0
1429,0.0
1429,0.0
1429,2.0
1429,56.0
1429,3.0
1429,0.0
1429,0.0
1430,0.0
1430,0.0
1430,2.0
1430,56.0
1430,3.0
1430,0.0
1430,0.0
1431,0.0
1431,0.0
1431,2.0
1431,3.0
1431,56.0
1431,0.0
1431,0.0
1432,0.0
1432,0.0
1432,2.0
1432,3.0
1432,56.0
1432,0.0
1432,0.0
1433,0.0
1433,2.0
1433,0.0
1433,3.0
1433,56.0
1433,0.0
1433,0.0
1433,0.0
1434,0.0
1434,2.0
1434,0.0
1434,3.0
1434,56.0
1434,0.0
1434,0.0
1434,0.0
1435,0.0
1435,0.0
1435,2.0
1435,56.0
1435,3.0
1435,0.0
1435,0.0
1436,0.0
1436,0.0
1436,2.0
1436,56.0
1436,3.0
1436,0.0
1436,0.0
1437,2.0
1437,0.0
1437,0.0
1437,0.0
1437,3.0
1437,56.0
1437,0.0
1437,1.0
1438,2.0
1438,0.0
1438,0.0
1438,0.0
1438,56.0
1438,3.0
1438,0.0
1438,1.0
1439,2.0
1439,0.0
1439,0.0
1439,0.0
1439,56.0
1439,0.0
1439,3.0
1439,1.0
1440,2.0
1440,0.0
1440,0.0
1440,0.0
1440,56.0
1440,0.0
1440,3.0
1440,1.0
1441,2.0
1441,0.0
1441,0.0
1441,0.0
1441,56.0
1441,0.0
1441,3.0
1441,1.0
1442,2.0
1442,0.0
1442,3.0
1442,56.0
1442,0.0
1442,0.0
1442,0.0
1443,2.0
1443,0.0
1443,3.0
1443,56.0
1443,0.0
1443,0.0
1443,0.0
1444,2.0
1444,0.0
1444,0.0
1444,56.0
1444,3.0
1444,0.0
1445,2.0
1445,0.0
1445,0.0
1445,56.0
1445,3.0
1445,0.0
1446,2.0
1446,0.0
1446,56.0
1446,0.0
1446,3.0
1446,0.0
1447,2.0
1447,0.0
1447,56.0
1447,0.0
1447,3.0
1447,0.0
1448,2.0
1448,0.0
1448,56.0
1448,0.0
1448,0.0
1448,0.0
1449,2.0
1449,0.0
1449,56.0
1449,0.0
1449,0.0
1449,0.0
1450,2.0
1450,0.0
1450,0.0
1450,56.0
1450,3.0
1450,0.0
1451,2.0
1451,0.0
1451,0.0
1451,56.0
1451,3.0
1451,0.0
1452,2.0
1452,0.0
1452,0.0
1452,56.0
1452,0.0
1452,1.0
1452,0.0
1453,2.0
1453,0.0
1453,0.0
1453,56.0
1453,0.0
1453,1.0
1453,0.0
1454,2.0
1454,0.0
1454,56.0
1454,0.0
1454,1.0
1455,2.0
1455,0.0
1455,0.0
1455,56.0
1456,2.0
1456,0.0
1456,0.0
1456,56.0
1457,2.0
1457,0.0
1457,56.0
1457,0.0
1457,0.0
1457,3.0
1458,2.0
1458,0.0
1458,56.0
1458,0.0
1458,0.0
1458,3.0
1459,2.0
1459,0.0
1459,0.0
1459,56.0
1460,2.0
1460,0.0
1460,0.0
1460,56.0
1461,2.0
1461,0.0
1461,0.0
1461,56.0
1461,3.0
1461,0.0
1461,3.0
1462,2.0
1462,0.0
1462,0.0
1462,56.0
1462,3.0
1462,0.0
1463,2.0
1463,0.0
1463,0.0
1463,56.0
1463,3.0
1463,3.0
1463,0.0
1464,2.0
1464,0.0
1464,0.0
1464,56.0
1464,3.0
1464,3.0
1464,0.0
1465,2.0
1465,0.0
1465,0.0
1465,56.0
1465,3.0
1465,3.0
1465,0.0
1466,2.0
1466,0.0
1466,0.0
1466,56.0
1466,3.0
1466,3.0
1466,0.0
1467,2.0
1467,0.0
1467,0.0
1467,56.0
1467,3.0
1467,0.0
1467,3.0
1468,2.0
1468,0.0
1468,0.0
1468,56.0
1468,3.0
1468,0.0
1468,3.0
1469,2.0
1469,0.0
1469,0.0
1469,3.0
1469,3.0
1469,0.0
1470,2.0
1470,0.0
1470,0.0
1470,3.0
1470,3.0
1470,0.0
1471,2.0
1471,0.0
1471,0.0
1471,3.0
1471,3.0
1471,0.0
1472,2.0
1472,0.0
1472,0.0
1472,3.0
1472,3.0
1472,0.0
1473,2.0
1473,0.0
1473,0.0
1473,3.0
1473,3.0
1473,0.0
1474,2.0
1474,0.0
1474,3.0
1474,3.0
1474,0.0
1475,2.0
1475,0.0
1475,3.0
1475,3.0
1475,0.0
1476,2.0
1476,0.0
1476,3.0
1476,0.0
1476,3.0
1477,2.0
1477,0.0
1477,3.0
1477,0.0
1477,3.0
1478,2.0
1478,0.0
1478,3.0
1478,3.0
1478,0.0
1479,2.0
1479,0.0
1479,3.0
1479,3.0
1479,0.0
1480,2.0
1480,0.0
1480,3.0
1480,3.0
1480,0.0
1481,2.0
1481,0.0
1481,3.0
1481,3.0
1481,0.0
1482,2.0
1482,0.0
1482,3.0
1482,56.0
1482,3.0
1483,2.0
1483,0.0
1483,3.0
1483,56.0
1483,3.0
1484,2.0
1484,0.0
1484,3.0
1484,56.0
1484,3.0
1485,2.0
1485,0.0
1485,3.0
1485,56.0
1485,0.0
1485,3.0
1486,2.0
1486,0.0
1486,3.0
1486,56.0
1486,0.0
1486,3.0
1487,2.0
1487,0.0
1487,56.0
1487,3.0
1487,3.0
1488,2.0
1488,0.0
1488,56.0
1488,3.0
1488,3.0
1489,0.0
1489,2.0
1489,56.0
1489,3.0
1489,3.0
1489,1.0
1490,0.0
1490,2.0
1490,56.0
1490,3.0
1490,3.0
1490,1.0
1491,2.0
1491,0.0
1491,56.0
1491,3.0
1491,1.0
1492,2.0
1492,0.0
1492,56.0
1492,1.0
1492,3.0
1493,0.0
1493,2.0
1493,56.0
1493,3.0
1494,0.0
1494,2.0
1494,56.0
1494,3.0
1495,2.0
1495,0.0
1495,56.0
1495,3.0
1496,2.0
1496,0.0
1496,56.0
1496,3.0
1497,2.0
1497,0.0
1497,56.0
1497,3.0
1498,2.0
1498,0.0
1498,56.0
1498,3.0
1499,2.0
1499,0.0
1499,56.0
1499,3.0
1500,2.0
1500,0.0
1500,56.0
1500,3.0
1501,2.0
1501,0.0
1501,56.0
1501,3.0
1502,2.0
1502,0.0
1502,56.0
1502,3.0
1503,2.0
1503,0.0
1503,56.0
1503,3.0
1504,2.0
1504,0.0
1504,56.0
1504,3.0
1505,2.0
1505,0.0
1505,56.0
1505,3.0
1506,2.0
1506,0.0
1506,56.0
1506,3.0
1507,2.0
1507,0.0
1507,56.0
1507,3.0
1508,2.0
1508,0.0
1508,56.0
1508,3.0
1509,2.0
1509,0.0
1509,56.0
1509,3.0
1510,2.0
1510,0.0
1510,56.0
1510,3.0
1511,2.0
1511,0.0
1511,56.0
1511,3.0
1512,2.0
1512,0.0
1512,56.0
1512,3.0
1513,2.0
1513,0.0
1513,56.0
1513,3.0
1514,0.0
1514,2.0
1514,56.0
1514,3.0
1515,0.0
1515,2.0
1515,56.0
1515,1.0
1516,0.0
1516,2.0
1516,56.0
1516,1.0
1517,0.0
1517,2.0
1517,56.0
1517,1.0
1517,3.0
1518,0.0
1518,2.0
1518,56.0
1518,1.0
1518,3.0
1519,0.0
1519,2.0
1519,56.0
1519,1.0
1520,0.0
1520,2.0
1520,56.0
1520,1.0
1521,0.0
1521,2.0
1521,56.0
1521,3.0
1522,0.0
1522,2.0
1522,56.0
1522,3.0
1523,0.0
1523,2.0
1523,56.0
1524,0.0
1524,2.0
1524,56.0
1525,0.0
1525,2.0
1525,56.0
1526,0.0
1526,2.0
1526,56.0
1527,0.0
1527,2.0
1527,56.0
1528,0.0
1528,2.0
1528,56.0
1529,0.0
1529,2.0
1529,56.0
1530,0.0
1530,2.0
1530,56.0
1531,0.0
1531,2.0
1531,56.0
1532,0.0
1532,2.0
1532,56.0
1533,0.0
1533,2.0
1533,56.0
1534,0.0
1534,2.0
1534,56.0
1535,0.0
1535,2.0
1535,56.0
1536,0.0
1536,2.0
1536,56.0
1537,0.0
1537,2.0
1537,56.0
1538,0.0
1538,2.0
1538,56.0
1539,0.0
1539,2.0
1539,56.0
1540,0.0
1540,2.0
1540,56.0
1541,0.0
1541,2.0
1541,56.0
1542,0.0
1542,2.0
1542,56.0
1543,0.0
1543,2.0
1543,56.0
1544,0.0
1544,2.0
1544,56.0
1545,0.0
1545,2.0
1545,56.0
1546,0.0
1546,2.0
1546,56.0
1547,0.0
1547,2.0
1547,56.0
1548,0.0
1548,2.0
1548,56.0
1549,0.0
1549,2.0
1549,56.0
1550,0.0
1550,2.0
1550,56.0
1551,0.0
1551,2.0
1551,56.0
1552,0.0
1552,2.0
1552,56.0
1553,0.0
1553,2.0
1553,56.0
1554,0.0
1554,2.0
1554,56.0
1555,0.0
1555,2.0
1555,56.0
1556,0.0
1556,2.0
1556,56.0
1557,0.0
1557,2.0
1557,56.0
1558,0.0
1558,2.0
1558,56.0
1559,0.0
1559,2.0
1559,56.0
1560,0.0
1560,2.0
1560,56.0
1561,0.0
1561,2.0
1561,56.0
1562,0.0
1562,2.0
1562,56.0
1563,0.0
1563,2.0
1563,56.0
1564,0.0
1564,2.0
1564,56.0
1565,0.0
1565,2.0
1565,56.0
1566,0.0
1566,2.0
1566,56.0
1567,0.0
1567,2.0
1567,56.0
1568,0.0
1568,2.0
1568,56.0
1569,0.0
1569,2.0
1569,56.0
1570,0.0
1570,2.0
1570,56.0
1571,0.0
1571,2.0
1571,56.0
1572,0.0
1572,2.0
1572,56.0
1573,0.0
1573,2.0
1573,56.0
1574,0.0
1574,2.0
1574,56.0
1575,0.0
1575,2.0
1575,56.0
1576,0.0
1576,2.0
1576,56.0
1577,0.0
1577,2.0
1577,56.0
1578,0.0
1578,2.0
1578,56.0
1579,0.0
1579,2.0
1579,56.0
1580,0.0
1580,2.0
1580,56.0
1581,0.0
1581,2.0
1581,56.0
1582,0.0
1582,2.0
1582,56.0
1583,0.0
1583,2.0
1583,56.0
1584,0.0
1584,2.0
1584,56.0
1585,0.0
1585,2.0
1585,56.0
1586,0.0
1586,2.0
1586,56.0
1587,0.0
1587,2.0
1587,56.0
1588,0.0
1588,2.0
1588,56.0
1589,0.0
1589,2.0
1589,56.0
1590,0.0
1590,2.0
1590,56.0
1591,0.0
1591,2.0
1591,56.0
1592,0.0
1592,2.0
1592,56.0
1593,0.0
1593,2.0
1593,56.0
1594,0.0
1594,2.0
1594,56.0
1594,0.0
1595,0.0
1595,2.0
1595,56.0
1595,0.0
1596,0.0
1596,2.0
1596,0.0
1596,56.0
1597,0.0
1597,2.0
1597,0.0
1597,56.0
1598,0.0
1598,2.0
1598,0.0
1599,0.0
1599,2.0
1599,0.0
1600,0.0
1600,2.0
1600,0.0
1601,0.0
1601,2.0
1601,0.0
1602,0.0
1602,2.0
1602,0.0
1603,0.0
1603,2.0
1603,0.0
1604,0.0
1604,0.0
1604,2.0
1605,0.0
1605,2.0
1605,0.0
1606,0.0
1606,2.0
1606,0.0
1607,0.0
1607,2.0
1607,0.0
1608,0.0
1608,2.0
1608,0.0
1609,0.0
1609,0.0
1609,2.0
1609,56.0
1610,0.0
1610,0.0
1610,2.0
1610,56.0
1611,0.0
1611,0.0
1611,2.0
1611,56.0
1612,0.0
1612,0.0
1612,2.0
1612,56.0
1613,0.0
1613,0.0
1613,56.0
1613,0.0
1613,2.0
1614,0.0
1614,0.0
1614,56.0
1614,0.0
1614,2.0
1615,0.0
1615,0.0
1615,0.0
1615,56.0
1615,2.0
1616,0.0
1616,0.0
1616,0.0
1616,56.0
1616,2.0
1617,0.0
1617,0.0
1617,56.0
1617,0.0
1617,0.0
1617,3.0
1618,0.0
1618,0.0
1618,56.0
1618,0.0
1618,0.0
1618,3.0
1618,2.0
1619,0.0
1619,0.0
1619,56.0
1619,0.0
1620,0.0
1620,0.0
1620,56.0
1620,0.0
1621,0.0
1621,0.0
1621,56.0
1621,0.0
1622,0.0
1622,0.0
1622,56.0
1622,0.0
1622,3.0
1623,0.0
1623,0.0
1623,56.0
1623,0.0
1623,3.0
1624,0.0
1624,0.0
1624,56.0
1624,0.0
1625,0.0
1625,0.0
1625,56.0
1625,0.0
1626,0.0
1626,0.0
1626,56.0
1627,0.0
1627,0.0
1627,56.0
1628,0.0
1628,0.0
1628,56.0
1628,1.0
1629,0.0
1629,0.0
1629,56.0
1629,1.0
1630,0.0
1630,0.0
1630,56.0
1630,1.0
1631,0.0
1631,0.0
1631,56.0
1631,1.0
1632,0.0
1632,0.0
1632,56.0
1632,1.0
1633,0.0
1633,0.0
1633,56.0
1633,1.0
1634,0.0
1634,0.0
1634,56.0
1634,1.0
1635,0.0
1635,0.0
1635,56.0
1635,1.0
1636,0.0
1636,0.0
1636,56.0
1636,1.0
1637,0.0
1637,0.0
1637,56.0
1637,0.0
1637,1.0
1638,0.0
1638,0.0
1638,56.0
1638,0.0
1638,1.0
1639,0.0
1639,0.0
1639,56.0
1639,0.0
1639,1.0
1640,0.0
1640,0.0
1640,56.0
1640,0.0
1640,1.0
1641,0.0
1641,0.0
1641,0.0
1641,56.0
1641,1.0
1642,0.0
1642,0.0
1642,0.0
1642,56.0
1642,1.0
1643,0.0
1643,0.0
1643,0.0
1643,56.0
1644,0.0
1644,0.0
1644,0.0
1644,56.0
1645,0.0
1645,0.0
1645,0.0
1645,56.0
1645,1.0
1646,0.0
1646,0.0
1646,0.0
1646,56.0
1646,1.0
1647,0.0
1647,0.0
1647,0.0
1647,56.0
1647,1.0
1648,0.0
1648,0.0
1648,0.0
1648,56.0
1648,1.0
1649,0.0
1649,0.0
1649,0.0
1649,56.0
1649,1.0
1650,0.0
1650,0.0
1650,0.0
1650,56.0
1650,1.0
1651,0.0
1651,0.0
1651,0.0
1651,56.0
1651,1.0
1652,0.0
1652,0.0
1652,56.0
1652,0.0
1652,1.0
1653,0.0
1653,0.0
1653,56.0
1653,0.0
1653,1.0
1654,0.0
1654,0.0
1654,56.0
1654,0.0
1654,1.0
1655,0.0
1655,0.0
1655,0.0
1655,56.0
1655,1.0
1656,0.0
1656,0.0
1656,0.0
1656,56.0
1656,1.0
1657,0.0
1657,0.0
1657,0.0
1657,56.0
1657,1.0
1658,0.0
1658,0.0
1658,0.0
1658,56.0
1658,1.0
1659,0.0
1659,0.0
1659,0.0
1659,56.0
1659,1.0
1660,0.0
1660,0.0
1660,0.0
1660,56.0
1660,1.0
1661,0.0
1661,0.0
1661,0.0
1661,56.0
1661,1.0
1662,0.0
1662,0.0
1662,0.0
1662,56.0
1662,1.0
1663,0.0
1663,0.0
1663,0.0
1663,56.0
1663,1.0
1664,0.0
1664,0.0
1664,0.0
1664,56.0
1664,1.0
1665,0.0
1665,0.0
1665,0.0
1665,56.0
1665,1.0
1666,0.0
1666,0.0
1666,0.0
1666,56.0
1666,1.0
1667,0.0
1667,0.0
1667,56.0
1667,0.0
1667,1.0
1668,0.0
1668,0.0
1668,56.0
1668,0.0
1668,1.0
1669,0.0
1669,0.0
1669,56.0
1669,1.0
1670,0.0
1670,0.0
1670,56.0
1670,1.0
1671,0.0
1671,0.0
1671,56.0
1671,1.0
1672,0.0
1672,0.0
1672,56.0
1672,1.0
1673,0.0
1673,0.0
1673,56.0
1673,1.0
1674,0.0
1674,0.0
1674,56.0
1674,1.0
1675,0.0
1675,0.0
1675,56.0
1675,1.0
1676,0.0
1676,0.0
1676,56.0
1676,1.0
1677,0.0
1677,0.0
1677,56.0
1677,1.0
1678,0.0
1678,0.0
1678,56.0
1678,1.0
1679,0.0
1679,0.0
1679,56.0
1679,1.0
1679,0.0
1680,0.0
1680,0.0
1680,56.0
1680,0.0
1680,1.0
1681,0.0
1681,0.0
1681,56.0
1681,0.0
1681,1.0
1682,0.0
1682,0.0
1682,56.0
1682,0.0
1683,0.0
1683,0.0
1683,56.0
1683,0.0
1684,0.0
1684,0.0
1684,0.0
1684,56.0
1685,0.0
1685,0.0
1685,0.0
1685,56.0
1686,0.0
1686,0.0
1686,0.0
1686,56.0
1687,0.0
1687,0.0
1687,0.0
1687,56.0
1688,0.0
1688,0.0
1688,0.0
1688,56.0
1689,0.0
1689,0.0
1689,0.0
1689,56.0
1690,0.0
1690,0.0
1690,0.0
1690,56.0
1691,0.0
1691,0.0
1691,0.0
1691,56.0
1692,0.0
1692,0.0
1692,0.0
1692,56.0
1693,0.0
1693,0.0
1693,0.0
1693,56.0
1694,0.0
1694,0.0
1694,0.0
1694,56.0
1695,0.0
1695,0.0
1695,0.0
1695,56.0
1696,0.0
1696,0.0
1696,0.0
1696,56.0
1697,0.0
1697,0.0
1697,0.0
1697,56.0
1698,0.0
1698,0.0
1698,0.0
1698,56.0
1699,0.0
1699,0.0
1699,0.0
1699,56.0
1700,0.0
1700,0.0
1700,0.0
1700,56.0
1701,0.0
1701,0.0
1701,0.0
1701,56.0
1702,0.0
1702,0.0
1702,0.0
1702,56.0
1703,0.0
1703,0.0
1703,0.0
1703,56.0
1704,0.0
1704,0.0
1704,0.0
1704,56.0
1705,0.0
1705,0.0
1705,0.0
1705,56.0
1705,67.0
1706,0.0
1706,0.0
1706,0.0
1706,56.0
1706,67.0
1707,0.0
1707,0.0
1707,0.0
1707,56.0
1708,0.0
1708,0.0
1708,0.0
1708,56.0
1709,0.0
1709,0.0
1709,0.0
1709,56.0
1709,3.0
1710,0.0
1710,0.0
1710,0.0
1710,56.0
1710,3.0
1711,0.0
1711,0.0
1711,0.0
1711,56.0
1711,3.0
1712,0.0
1712,0.0
1712,0.0
1712,56.0
1712,3.0
1713,0.0
1713,0.0
1713,0.0
1713,56.0
1713,3.0
1714,0.0
1714,0.0
1714,0.0
1714,56.0
1715,0.0
1715,0.0
1715,0.0
1715,56.0
1716,0.0
1716,0.0
1716,0.0
1716,56.0
1716,3.0
1717,0.0
1717,0.0
1717,0.0
1717,56.0
1717,3.0
1718,0.0
1718,0.0
1718,0.0
1718,56.0
1718,36.0
1719,0.0
1719,0.0
1719,0.0
1719,56.0
1719,36.0
1720,0.0
1720,0.0
1720,0.0
1720,56.0
1720,36.0
1721,0.0
1721,0.0
1721,0.0
1721,56.0
1721,36.0
1722,0.0
1722,0.0
1722,0.0
1722,56.0
1722,36.0
1723,0.0
1723,0.0
1723,0.0
1723,56.0
1723,36.0
1724,0.0
1724,0.0
1724,0.0
1724,56.0
1725,0.0
1725,0.0
1725,0.0
1725,56.0
1726,0.0
1726,0.0
1726,0.0
1726,56.0
1727,0.0
1727,0.0
1727,0.0
1727,56.0
1727,36.0
1728,0.0
1728,0.0
1728,0.0
1728,56.0
1728,36.0
1729,0.0
1729,0.0
1729,0.0
1729,56.0
1730,0.0
1730,0.0
1730,0.0
1730,56.0
1731,0.0
1731,0.0
1731,0.0
1731,56.0
1732,0.0
1732,0.0
1732,0.0
1732,56.0
1733,0.0
1733,0.0
1733,0.0
1733,56.0
1734,0.0
1734,0.0
1734,0.0
1734,56.0
1735,0.0
1735,0.0
1735,0.0
1735,56.0
1736,0.0
1736,0.0
1736,0.0
1736,56.0
1737,0.0
1737,0.0
1737,0.0
1737,56.0
1738,0.0
1738,0.0
1738,0.0
1738,56.0
1739,0.0
1739,0.0
1739,0.0
1739,56.0
1740,0.0
1740,0.0
1740,0.0
1740,56.0
1741,0.0
1741,0.0
1741,0.0
1741,56.0
1742,0.0
1742,0.0
1742,0.0
1742,56.0
1743,0.0
1743,0.0
1743,0.0
1743,56.0
1744,0.0
1744,0.0
1744,0.0
1744,56.0
1745,0.0
1745,0.0
1745,0.0
1745,56.0
1746,0.0
1746,0.0
1746,0.0
1746,56.0
1747,0.0
1747,0.0
1747,0.0
1747,56.0
1748,0.0
1748,0.0
1748,0.0
1748,56.0
1749,0.0
1749,0.0
1749,0.0
1749,56.0
1750,0.0
1750,0.0
1750,0.0
1750,56.0
1751,0.0
1751,0.0
1751,0.0
1751,56.0
1752,0.0
1752,0.0
1752,0.0
1752,56.0
1753,0.0
1753,0.0
1753,0.0
1753,56.0
1754,0.0
1754,0.0
1754,0.0
1754,56.0
1755,0.0
1755,0.0
1755,0.0
1755,56.0
1756,0.0
1756,0.0
1756,0.0
1756,56.0
1757,0.0
1757,0.0
1757,0.0
1757,56.0
1758,0.0
1758,0.0
1758,0.0
1758,56.0
1759,0.0
1759,0.0
1759,0.0
1759,56.0
1760,0.0
1760,0.0
1760,0.0
1760,56.0
1761,0.0
1761,0.0
1761,0.0
1761,56.0
1761,1.0
1762,0.0
1762,0.0
1762,0.0
1762,56.0
1762,1.0
1763,0.0
1763,0.0
1763,0.0
1763,56.0
1763,1.0
1764,0.0
1764,0.0
1764,0.0
1764,56.0
1764,1.0
1765,0.0
1765,0.0
1765,0.0
1765,56.0
1766,0.0
1766,0.0
1766,0.0
1766,56.0
1767,0.0
1767,0.0
1767,0.0
1767,56.0
1768,0.0
1768,0.0
1768,0.0
1768,56.0
1769,0.0
1769,0.0
1769,0.0
1769,56.0
1770,0.0
1770,0.0
1770,0.0
1770,56.0
1771,0.0
1771,0.0
1771,0.0
1771,56.0
1772,0.0
1772,0.0
1772,0.0
1772,56.0
1773,0.0
1773,0.0
1773,0.0
1773,56.0
1774,0.0
1774,0.0
1774,0.0
1774,56.0
1775,0.0
1775,0.0
1775,0.0
1775,56.0
1776,0.0
1776,0.0
1776,0.0
1776,56.0
1777,0.0
1777,0.0
1777,0.0
1777,56.0
1778,0.0
1778,0.0
1778,0.0
1778,56.0
1779,0.0
1779,0.0
1779,0.0
1779,56.0
1780,0.0
1780,0.0
1780,0.0
1780,56.0
1781,0.0
1781,0.0
1781,0.0
1781,56.0
1782,0.0
1782,0.0
1782,56.0
1782,0.0
1783,0.0
1783,0.0
1783,0.0
1783,56.0
1784,0.0
1784,0.0
1784,0.0
1784,56.0
1785,0.0
1785,0.0
1785,0.0
1785,56.0
1786,0.0
1786,0.0
1786,0.0
1786,56.0
1787,0.0
1787,0.0
1787,0.0
1787,56.0
1788,0.0
1788,0.0
1788,0.0
1788,56.0
1789,0.0
1789,0.0
1789,0.0
1789,56.0
1790,0.0
1790,0.0
1790,0.0
1790,56.0
1791,0.0
1791,0.0
1791,0.0
1791,56.0
1792,0.0
1792,0.0
1792,0.0
1792,56.0
1793,0.0
1793,0.0
1793,0.0
1793,56.0
1794,0.0
1794,0.0
1794,0.0
1794,56.0
1795,0.0
1795,0.0
1795,0.0
1795,56.0
1796,0.0
1796,0.0
1796,0.0
1796,56.0
1797,0.0
1797,0.0
1797,0.0
1797,56.0
