1,2.0
1,2.0
1,2.0
2,2.0
2,2.0
2,2.0
3,2.0
3,2.0
3,2.0
4,2.0
4,2.0
4,2.0
5,2.0
5,2.0
5,2.0
5,2.0
6,2.0
6,2.0
6,2.0
7,2.0
7,2.0
7,2.0
8,2.0
8,2.0
9,2.0
9,2.0
9,2.0
10,2.0
10,2.0
10,2.0
11,2.0
11,2.0
12,2.0
12,2.0
13,2.0
13,2.0
14,2.0
14,2.0
15,2.0
15,2.0
16,2.0
17,2.0
18,2.0
20,2.0
21,2.0
21,2.0
22,2.0
23,2.0
24,2.0
24,2.0
25,2.0
26,2.0
27,2.0
27,2.0
28,2.0
28,2.0
29,2.0
29,2.0
30,2.0
30,2.0
31,2.0
31,2.0
32,2.0
32,2.0
32,2.0
33,2.0
33,2.0
34,2.0
34,2.0
35,2.0
36,2.0
37,2.0
38,2.0
40,2.0
42,2.0
43,2.0
44,2.0
45,2.0
46,2.0
46,2.0
47,2.0
48,2.0
49,2.0
49,2.0
50,2.0
50,2.0
51,2.0
51,2.0
52,2.0
52,2.0
53,2.0
53,2.0
54,2.0
54,2.0
55,2.0
55,2.0
55,2.0
56,2.0
56,2.0
56,2.0
57,2.0
57,2.0
58,2.0
58,2.0
59,2.0
60,2.0
60,2.0
60,2.0
61,2.0
61,2.0
61,2.0
61,2.0
62,2.0
62,2.0
62,2.0
62,2.0
63,2.0
63,2.0
63,2.0
63,2.0
63,2.0
64,2.0
64,2.0
64,2.0
64,2.0
65,2.0
65,2.0
65,2.0
65,2.0
66,2.0
66,2.0
67,2.0
67,2.0
67,2.0
68,2.0
69,2.0
69,2.0
70,2.0
70,2.0
70,2.0
71,2.0
71,2.0
72,2.0
73,2.0
73,2.0
74,2.0
75,2.0
75,2.0
76,2.0
76,2.0
77,2.0
78,2.0
78,2.0
80,2.0
81,2.0
82,2.0
83,2.0
85,2.0
86,2.0
87,2.0
87,2.0
88,2.0
90,2.0
91,2.0
93,2.0
94,2.0
95,2.0
96,2.0
97,2.0
97,7.0
98,2.0
98,2.0
99,2.0
100,2.0
100,2.0
101,2.0
102,2.0
103,2.0
103,2.0
104,2.0
104,2.0
104,2.0
104,2.0
105,2.0
106,2.0
107,2.0
107,2.0
107,2.0
108,2.0
108,2.0
109,2.0
109,2.0
110,2.0
110,2.0
111,2.0
112,2.0
112,2.0
112,13.0
112,2.0
113,2.0
113,2.0
113,2.0
113,2.0
114,2.0
114,2.0
114,2.0
114,2.0
115,2.0
115,2.0
115,2.0
115,9.0
115,2.0
116,2.0
116,2.0
117,2.0
117,2.0
118,2.0
118,2.0
118,2.0
119,2.0
119,2.0
120,2.0
120,2.0
120,2.0
121,2.0
124,2.0
128,2.0
129,9.0
131,9.0
132,9.0
136,9.0
137,9.0
137,9.0
138,9.0
138,9.0
138,2.0
139,2.0
139,2.0
139,2.0
139,9.0
140,2.0
140,2.0
140,9.0
140,9.0
141,9.0
141,2.0
141,2.0
141,2.0
141,9.0
141,2.0
142,9.0
142,2.0
142,2.0
142,9.0
142,2.0
143,9.0
143,2.0
143,2.0
143,9.0
143,2.0
144,9.0
144,2.0
144,9.0
144,2.0
144,2.0
145,9.0
145,2.0
145,9.0
145,2.0
145,2.0
146,9.0
146,2.0
146,9.0
146,2.0
146,2.0
147,9.0
147,2.0
147,9.0
147,2.0
147,2.0
148,9.0
148,2.0
148,9.0
148,2.0
148,2.0
149,9.0
149,2.0
149,9.0
149,2.0
149,2.0
150,9.0
150,2.0
150,9.0
150,2.0
150,2.0
151,9.0
151,9.0
151,2.0
151,2.0
151,2.0
152,9.0
152,9.0
152,2.0
152,2.0
153,9.0
153,2.0
153,9.0
153,2.0
153,2.0
154,9.0
154,2.0
154,9.0
154,2.0
154,2.0
155,9.0
155,9.0
155,2.0
155,2.0
156,9.0
156,2.0
156,9.0
156,2.0
157,9.0
157,2.0
157,9.0
157,2.0
158,9.0
158,2.0
158,9.0
158,2.0
159,9.0
159,2.0
159,9.0
159,2.0
160,9.0
160,2.0
160,9.0
160,2.0
161,9.0
161,2.0
161,9.0
161,2.0
162,9.0
162,9.0
162,2.0
162,2.0
163,9.0
163,9.0
163,2.0
163,2.0
164,9.0
164,2.0
164,9.0
164,2.0
165,9.0
165,2.0
165,9.0
165,2.0
166,9.0
166,2.0
166,9.0
166,2.0
167,9.0
167,9.0
167,2.0
167,2.0
168,9.0
168,9.0
168,2.0
168,2.0
169,9.0
169,9.0
169,2.0
169,2.0
170,9.0
170,9.0
170,2.0
170,2.0
171,9.0
171,9.0
171,2.0
171,2.0
172,9.0
172,9.0
172,2.0
172,2.0
173,9.0
173,9.0
173,2.0
173,2.0
174,9.0
174,9.0
174,2.0
174,2.0
175,9.0
175,9.0
175,2.0
175,2.0
176,9.0
176,9.0
176,2.0
176,2.0
177,9.0
177,9.0
177,2.0
177,2.0
178,9.0
178,9.0
178,2.0
178,2.0
179,9.0
179,9.0
179,2.0
179,2.0
180,9.0
180,9.0
180,2.0
180,2.0
181,9.0
181,9.0
181,2.0
181,2.0
182,9.0
182,9.0
182,2.0
182,2.0
183,9.0
183,9.0
183,2.0
183,2.0
184,9.0
184,9.0
184,2.0
184,2.0
185,9.0
185,9.0
185,2.0
185,2.0
186,9.0
186,9.0
186,2.0
186,2.0
187,9.0
187,9.0
187,2.0
187,2.0
188,9.0
188,9.0
188,2.0
188,2.0
188,9.0
189,9.0
189,9.0
189,2.0
189,2.0
190,9.0
190,9.0
190,2.0
190,2.0
190,9.0
191,9.0
191,9.0
191,2.0
191,2.0
191,9.0
192,9.0
192,9.0
192,2.0
192,2.0
192,9.0
193,9.0
193,9.0
193,2.0
193,2.0
193,9.0
194,9.0
194,9.0
194,2.0
194,2.0
194,9.0
195,9.0
195,9.0
195,2.0
195,2.0
195,9.0
196,9.0
196,9.0
196,2.0
196,9.0
196,2.0
197,9.0
197,9.0
197,2.0
197,9.0
198,9.0
198,9.0
198,2.0
198,2.0
198,9.0
199,9.0
199,9.0
199,2.0
199,2.0
200,9.0
200,9.0
200,2.0
200,2.0
201,9.0
201,9.0
202,9.0
202,9.0
202,2.0
202,2.0
203,9.0
203,9.0
203,2.0
203,2.0
204,9.0
204,9.0
204,2.0
204,2.0
205,9.0
205,9.0
205,2.0
205,2.0
206,9.0
206,9.0
206,2.0
206,2.0
207,9.0
207,9.0
207,2.0
207,2.0
208,9.0
208,9.0
208,2.0
208,2.0
209,9.0
209,9.0
209,2.0
209,2.0
210,9.0
210,9.0
210,2.0
210,2.0
211,9.0
211,9.0
211,2.0
211,2.0
212,9.0
212,9.0
212,2.0
212,2.0
213,9.0
213,9.0
213,2.0
213,2.0
214,9.0
214,9.0
214,2.0
214,2.0
215,9.0
215,9.0
215,2.0
215,2.0
216,9.0
216,9.0
216,2.0
216,2.0
217,9.0
217,9.0
217,2.0
217,2.0
218,9.0
218,2.0
218,9.0
218,2.0
219,9.0
219,2.0
219,9.0
219,2.0
220,9.0
220,9.0
220,2.0
220,2.0
221,9.0
221,2.0
221,9.0
221,2.0
222,9.0
222,9.0
222,2.0
222,2.0
223,9.0
223,9.0
223,2.0
223,2.0
224,9.0
224,9.0
224,2.0
224,2.0
225,9.0
225,9.0
225,2.0
225,2.0
226,9.0
226,9.0
226,2.0
226,2.0
227,9.0
227,9.0
227,2.0
227,2.0
228,9.0
228,9.0
228,2.0
228,2.0
229,9.0
229,2.0
229,9.0
229,2.0
230,9.0
230,2.0
230,9.0
230,2.0
231,9.0
231,2.0
231,9.0
231,2.0
232,9.0
232,9.0
232,2.0
232,2.0
233,9.0
233,2.0
233,9.0
233,2.0
234,9.0
234,9.0
234,2.0
234,2.0
235,9.0
235,9.0
235,2.0
235,2.0
236,9.0
236,9.0
236,2.0
236,2.0
237,9.0
237,2.0
237,9.0
237,2.0
238,9.0
238,2.0
238,9.0
238,2.0
239,9.0
239,9.0
239,2.0
239,2.0
240,9.0
240,2.0
240,9.0
240,2.0
241,9.0
241,9.0
241,2.0
241,2.0
242,9.0
242,9.0
242,2.0
242,2.0
243,9.0
243,2.0
243,9.0
243,2.0
244,9.0
244,9.0
244,2.0
244,2.0
245,9.0
245,9.0
245,2.0
245,2.0
246,9.0
246,9.0
246,2.0
246,2.0
247,9.0
247,9.0
247,2.0
247,2.0
248,9.0
248,9.0
248,2.0
248,2.0
249,9.0
249,9.0
249,2.0
249,2.0
250,9.0
250,9.0
250,2.0
250,2.0
251,9.0
251,9.0
251,2.0
251,2.0
252,9.0
252,9.0
252,2.0
252,2.0
253,9.0
253,9.0
253,2.0
253,2.0
254,9.0
254,9.0
254,2.0
254,2.0
255,9.0
255,9.0
255,2.0
255,2.0
256,9.0
256,9.0
256,2.0
256,2.0
257,9.0
257,9.0
257,2.0
257,2.0
258,9.0
258,9.0
258,2.0
258,2.0
259,9.0
259,9.0
259,2.0
259,2.0
260,9.0
260,9.0
260,2.0
260,2.0
261,9.0
261,9.0
261,2.0
261,2.0
262,9.0
262,9.0
262,2.0
262,2.0
263,9.0
263,9.0
263,2.0
263,2.0
264,9.0
264,9.0
264,2.0
264,2.0
265,9.0
265,9.0
265,2.0
265,2.0
266,9.0
266,9.0
266,2.0
266,2.0
267,9.0
267,9.0
267,2.0
267,2.0
268,9.0
268,9.0
268,2.0
268,2.0
269,9.0
269,9.0
269,2.0
269,2.0
270,9.0
270,9.0
270,2.0
270,2.0
271,9.0
271,9.0
271,2.0
271,2.0
272,9.0
272,9.0
272,2.0
272,2.0
273,9.0
273,9.0
273,2.0
273,2.0
274,9.0
274,9.0
274,2.0
274,2.0
275,9.0
275,9.0
275,2.0
275,2.0
276,9.0
276,9.0
276,2.0
276,2.0
277,9.0
277,9.0
277,2.0
277,2.0
278,9.0
278,9.0
278,2.0
278,2.0
279,9.0
279,9.0
279,2.0
279,2.0
280,9.0
280,9.0
280,2.0
280,2.0
281,9.0
281,9.0
281,2.0
281,2.0
282,9.0
282,9.0
282,2.0
282,2.0
283,9.0
283,9.0
283,2.0
283,2.0
284,9.0
284,9.0
284,2.0
284,2.0
285,9.0
285,9.0
285,2.0
285,2.0
286,9.0
286,9.0
286,2.0
286,2.0
287,9.0
287,9.0
287,2.0
287,2.0
288,9.0
288,9.0
288,2.0
288,2.0
289,9.0
289,9.0
289,2.0
289,2.0
290,9.0
290,9.0
290,2.0
290,2.0
291,9.0
291,9.0
291,2.0
291,2.0
292,9.0
292,9.0
292,2.0
292,2.0
293,9.0
293,9.0
293,2.0
293,2.0
294,9.0
294,9.0
294,2.0
294,2.0
295,9.0
295,9.0
295,2.0
295,2.0
296,9.0
296,9.0
296,2.0
296,2.0
297,9.0
297,9.0
297,2.0
297,2.0
298,9.0
298,9.0
298,2.0
298,2.0
299,9.0
299,9.0
299,2.0
299,2.0
300,9.0
300,9.0
300,2.0
300,2.0
301,9.0
301,9.0
301,2.0
301,2.0
302,9.0
302,9.0
302,2.0
302,2.0
303,9.0
303,9.0
303,2.0
303,2.0
304,9.0
304,9.0
304,2.0
304,2.0
305,9.0
305,9.0
305,2.0
305,2.0
306,9.0
306,9.0
306,2.0
306,2.0
307,9.0
307,2.0
307,9.0
307,2.0
308,9.0
308,9.0
308,2.0
309,9.0
309,9.0
309,2.0
309,2.0
310,9.0
310,9.0
310,2.0
310,2.0
311,9.0
311,9.0
311,2.0
311,2.0
312,9.0
312,9.0
312,2.0
312,2.0
313,9.0
313,9.0
313,2.0
313,2.0
314,9.0
314,9.0
314,2.0
315,9.0
315,9.0
315,2.0
315,2.0
316,9.0
316,9.0
316,2.0
316,2.0
317,9.0
317,9.0
317,2.0
317,2.0
318,9.0
318,9.0
318,2.0
318,2.0
319,9.0
319,9.0
319,2.0
319,2.0
320,9.0
320,9.0
320,2.0
320,2.0
321,9.0
321,9.0
321,2.0
321,2.0
322,9.0
322,9.0
322,2.0
322,2.0
323,9.0
323,9.0
323,2.0
323,2.0
324,9.0
324,9.0
324,2.0
324,2.0
325,9.0
325,2.0
325,9.0
325,2.0
326,9.0
326,2.0
326,9.0
326,2.0
326,9.0
327,9.0
327,9.0
327,2.0
327,2.0
328,9.0
328,2.0
328,9.0
328,2.0
329,9.0
329,9.0
329,9.0
329,2.0
329,2.0
330,9.0
330,9.0
330,2.0
330,2.0
330,9.0
331,9.0
331,9.0
331,2.0
331,2.0
331,9.0
332,9.0
332,9.0
332,2.0
332,9.0
333,9.0
333,9.0
333,2.0
333,9.0
334,9.0
334,9.0
334,2.0
334,9.0
334,2.0
335,9.0
335,2.0
335,2.0
335,9.0
335,9.0
336,9.0
336,9.0
336,2.0
336,9.0
336,2.0
337,9.0
337,9.0
337,9.0
337,2.0
337,2.0
338,9.0
338,9.0
338,2.0
338,9.0
339,9.0
339,9.0
339,2.0
339,9.0
340,9.0
340,9.0
340,2.0
340,9.0
341,9.0
341,9.0
341,2.0
341,9.0
342,9.0
342,9.0
342,2.0
342,0.0
342,9.0
343,9.0
343,9.0
343,2.0
343,2.0
343,9.0
344,9.0
344,9.0
344,2.0
344,2.0
344,2.0
344,9.0
345,9.0
345,9.0
345,2.0
345,9.0
346,9.0
346,9.0
346,2.0
346,2.0
346,2.0
347,9.0
347,9.0
347,2.0
347,9.0
347,2.0
347,2.0
348,9.0
348,9.0
348,2.0
348,9.0
348,2.0
349,9.0
349,9.0
349,2.0
349,2.0
349,9.0
349,2.0
350,9.0
350,9.0
350,9.0
350,2.0
351,9.0
351,9.0
351,9.0
352,9.0
352,9.0
352,9.0
353,9.0
353,9.0
353,9.0
354,9.0
354,9.0
354,9.0
354,2.0
355,9.0
355,9.0
355,2.0
356,9.0
356,9.0
356,2.0
357,9.0
357,9.0
357,2.0
358,9.0
358,9.0
358,2.0
359,9.0
359,9.0
359,2.0
360,9.0
360,9.0
360,2.0
361,9.0
361,9.0
361,2.0
362,9.0
362,9.0
362,2.0
363,9.0
363,9.0
363,2.0
364,9.0
364,9.0
364,2.0
365,9.0
365,9.0
365,2.0
366,9.0
366,9.0
366,2.0
367,9.0
367,9.0
368,9.0
368,9.0
368,2.0
369,9.0
369,9.0
369,2.0
369,9.0
370,9.0
370,9.0
371,9.0
371,9.0
371,2.0
371,2.0
371,9.0
372,9.0
372,9.0
372,2.0
372,2.0
373,9.0
373,9.0
373,9.0
373,2.0
374,9.0
374,9.0
374,9.0
374,2.0
374,2.0
375,9.0
375,9.0
375,9.0
375,2.0
376,9.0
376,9.0
376,2.0
376,9.0
377,9.0
377,9.0
377,9.0
377,2.0
377,2.0
377,9.0
378,9.0
378,9.0
378,2.0
378,2.0
378,9.0
379,9.0
379,9.0
379,9.0
379,2.0
379,9.0
380,9.0
380,9.0
380,9.0
380,2.0
380,9.0
381,9.0
381,9.0
381,2.0
381,2.0
381,9.0
381,9.0
382,9.0
382,9.0
382,2.0
382,9.0
382,2.0
382,9.0
383,9.0
383,9.0
383,2.0
383,2.0
383,9.0
384,9.0
384,9.0
384,2.0
384,2.0
385,9.0
385,9.0
385,9.0
385,2.0
385,2.0
386,9.0
386,9.0
386,9.0
386,2.0
386,0.0
387,9.0
387,9.0
387,0.0
387,2.0
387,9.0
388,9.0
388,9.0
388,9.0
388,0.0
389,9.0
389,9.0
389,9.0
390,9.0
390,9.0
390,2.0
391,9.0
391,9.0
391,9.0
392,9.0
392,9.0
392,9.0
393,9.0
393,9.0
393,9.0
394,9.0
394,9.0
394,9.0
394,2.0
395,9.0
395,9.0
396,9.0
396,0.0
396,9.0
397,0.0
397,9.0
397,9.0
398,0.0
398,9.0
398,9.0
398,9.0
399,9.0
399,0.0
399,9.0
399,2.0
399,9.0
400,9.0
400,2.0
400,9.0
401,9.0
401,2.0
401,9.0
401,0.0
402,9.0
402,0.0
402,9.0
402,9.0
403,9.0
403,0.0
403,9.0
403,2.0
403,9.0
404,9.0
404,0.0
404,9.0
404,2.0
404,9.0
405,9.0
405,0.0
405,9.0
405,9.0
406,9.0
406,9.0
406,0.0
406,2.0
407,9.0
407,0.0
407,9.0
407,9.0
407,2.0
408,9.0
408,0.0
408,9.0
408,2.0
408,9.0
409,9.0
409,9.0
409,0.0
409,2.0
409,9.0
410,9.0
410,9.0
410,0.0
410,9.0
411,9.0
411,9.0
411,9.0
411,0.0
412,9.0
412,0.0
412,9.0
412,9.0
413,0.0
413,9.0
413,9.0
413,9.0
414,9.0
414,0.0
414,9.0
414,9.0
414,2.0
415,9.0
415,9.0
415,2.0
415,9.0
416,9.0
416,9.0
416,0.0
416,2.0
416,9.0
417,9.0
417,9.0
417,2.0
418,9.0
418,9.0
418,0.0
418,2.0
418,9.0
419,9.0
419,0.0
419,9.0
419,2.0
419,9.0
420,9.0
420,0.0
420,9.0
420,2.0
420,9.0
421,0.0
421,9.0
421,9.0
421,9.0
422,9.0
422,0.0
422,9.0
422,0.0
422,9.0
423,0.0
423,9.0
423,9.0
423,9.0
424,0.0
424,9.0
424,9.0
424,9.0
425,0.0
425,9.0
425,9.0
426,0.0
426,9.0
426,9.0
427,0.0
427,9.0
427,9.0
427,9.0
428,9.0
428,0.0
428,9.0
428,0.0
428,9.0
428,2.0
429,9.0
429,0.0
429,9.0
429,9.0
430,0.0
430,9.0
430,9.0
430,2.0
431,0.0
431,9.0
431,9.0
432,0.0
432,9.0
432,9.0
433,9.0
433,0.0
433,9.0
433,2.0
433,2.0
434,9.0
434,0.0
434,9.0
434,2.0
435,9.0
435,9.0
435,0.0
435,2.0
436,9.0
436,0.0
436,9.0
437,9.0
437,0.0
437,9.0
438,9.0
438,0.0
438,9.0
439,0.0
439,9.0
439,9.0
440,9.0
440,0.0
440,9.0
440,9.0
440,2.0
440,2.0
441,9.0
441,0.0
441,9.0
442,9.0
442,9.0
442,0.0
442,2.0
443,9.0
443,9.0
443,0.0
444,9.0
444,0.0
444,9.0
444,2.0
445,9.0
445,9.0
445,0.0
445,2.0
446,9.0
446,9.0
446,0.0
447,9.0
447,9.0
448,9.0
448,9.0
448,2.0
449,9.0
449,9.0
457,0.0
535,13.0
536,2.0
538,13.0
541,13.0
542,13.0
543,2.0
544,13.0
545,13.0
546,13.0
547,13.0
548,13.0
549,2.0
558,2.0
559,2.0
