1,2.0
1,2.0
1,2.0
1,2.0
1,2.0
2,2.0
2,2.0
2,2.0
2,2.0
2,2.0
3,2.0
3,2.0
3,2.0
3,2.0
4,2.0
4,2.0
4,2.0
4,2.0
4,2.0
4,2.0
4,2.0
5,2.0
5,2.0
5,2.0
5,2.0
5,2.0
5,2.0
5,2.0
6,2.0
6,2.0
6,2.0
6,2.0
6,2.0
6,2.0
7,2.0
7,2.0
7,2.0
7,2.0
7,2.0
7,2.0
8,2.0
8,2.0
8,2.0
8,2.0
8,2.0
9,2.0
9,2.0
9,2.0
9,2.0
9,2.0
10,2.0
10,2.0
10,2.0
10,2.0
10,2.0
10,2.0
11,2.0
11,2.0
11,2.0
11,2.0
11,2.0
12,2.0
12,2.0
12,2.0
12,2.0
12,2.0
13,2.0
13,2.0
13,2.0
13,2.0
14,2.0
14,2.0
14,2.0
14,2.0
14,2.0
15,2.0
15,2.0
15,2.0
15,2.0
16,2.0
16,2.0
16,2.0
16,2.0
16,2.0
16,2.0
16,2.0
16,2.0
17,2.0
17,2.0
17,2.0
17,2.0
17,2.0
17,2.0
17,2.0
17,2.0
18,2.0
18,2.0
18,2.0
18,2.0
18,2.0
18,2.0
19,2.0
19,2.0
19,2.0
19,2.0
19,2.0
19,2.0
19,2.0
20,2.0
20,2.0
20,2.0
20,2.0
20,2.0
20,2.0
21,2.0
21,2.0
21,2.0
21,2.0
21,2.0
21,2.0
22,2.0
22,2.0
22,2.0
22,2.0
22,2.0
23,2.0
23,2.0
23,2.0
23,2.0
24,2.0
24,2.0
24,2.0
24,2.0
24,2.0
25,2.0
25,2.0
25,2.0
25,2.0
25,2.0
26,2.0
26,2.0
26,2.0
26,2.0
26,2.0
27,2.0
27,2.0
27,2.0
27,2.0
28,2.0
28,2.0
28,2.0
28,2.0
29,2.0
29,2.0
29,2.0
29,2.0
30,2.0
30,2.0
30,2.0
30,2.0
30,2.0
30,2.0
30,2.0
31,2.0
31,2.0
31,2.0
31,2.0
31,7.0
31,2.0
31,2.0
32,2.0
32,2.0
32,2.0
32,2.0
32,7.0
32,2.0
33,2.0
33,2.0
33,7.0
33,2.0
33,2.0
33,2.0
34,2.0
34,2.0
34,2.0
34,7.0
34,2.0
34,2.0
35,2.0
35,2.0
35,7.0
35,2.0
35,2.0
35,2.0
36,2.0
36,2.0
36,7.0
36,2.0
36,2.0
37,2.0
37,2.0
37,2.0
37,7.0
37,2.0
37,2.0
37,2.0
38,2.0
38,2.0
38,7.0
38,2.0
38,2.0
38,2.0
38,2.0
39,2.0
39,2.0
39,7.0
39,2.0
39,2.0
39,2.0
39,2.0
40,2.0
40,2.0
40,2.0
40,2.0
40,7.0
41,2.0
41,2.0
41,2.0
41,2.0
41,7.0
41,2.0
42,2.0
42,2.0
42,2.0
42,7.0
42,2.0
42,2.0
42,2.0
43,2.0
43,2.0
43,2.0
43,2.0
43,7.0
43,2.0
43,2.0
43,2.0
43,2.0
44,2.0
44,2.0
44,2.0
44,7.0
44,2.0
44,2.0
44,2.0
45,2.0
45,2.0
45,2.0
45,7.0
45,2.0
45,2.0
45,2.0
46,2.0
46,2.0
46,2.0
46,2.0
46,7.0
46,2.0
47,2.0
47,2.0
47,2.0
47,2.0
47,7.0
47,2.0
48,2.0
48,2.0
48,2.0
48,2.0
48,2.0
48,7.0
48,2.0
49,2.0
49,2.0
49,2.0
49,2.0
49,2.0
49,7.0
49,2.0
49,2.0
50,2.0
50,2.0
50,2.0
50,2.0
50,7.0
50,2.0
50,2.0
51,2.0
51,2.0
51,2.0
51,2.0
51,2.0
51,7.0
51,2.0
51,2.0
52,2.0
52,2.0
52,2.0
52,2.0
52,2.0
52,2.0
52,2.0
52,7.0
53,2.0
53,2.0
53,2.0
53,2.0
53,2.0
53,2.0
53,2.0
54,2.0
54,2.0
54,2.0
54,2.0
54,2.0
54,2.0
54,7.0
55,2.0
55,2.0
55,2.0
55,2.0
55,7.0
55,2.0
55,2.0
56,2.0
56,2.0
56,2.0
56,2.0
56,2.0
56,2.0
56,7.0
56,2.0
57,2.0
57,2.0
57,2.0
57,2.0
57,2.0
57,7.0
57,2.0
58,2.0
58,2.0
58,2.0
58,2.0
58,2.0
58,7.0
58,2.0
59,2.0
59,2.0
59,2.0
59,2.0
59,2.0
59,7.0
59,2.0
60,2.0
60,2.0
60,2.0
60,2.0
60,2.0
60,7.0
60,2.0
61,2.0
61,2.0
61,2.0
61,2.0
61,2.0
61,2.0
61,7.0
62,2.0
62,2.0
62,2.0
62,7.0
62,2.0
62,2.0
62,2.0
63,2.0
63,2.0
63,2.0
63,2.0
63,2.0
63,7.0
63,2.0
64,2.0
64,2.0
64,2.0
64,7.0
64,2.0
65,2.0
65,2.0
65,2.0
65,7.0
65,2.0
66,2.0
66,2.0
66,2.0
66,7.0
66,2.0
66,2.0
66,2.0
67,2.0
67,2.0
67,2.0
67,2.0
67,7.0
67,2.0
68,2.0
68,2.0
68,2.0
68,2.0
68,2.0
68,7.0
69,2.0
69,2.0
69,2.0
69,2.0
69,7.0
70,2.0
70,2.0
70,2.0
70,2.0
70,7.0
70,2.0
71,2.0
71,2.0
71,2.0
71,2.0
71,7.0
71,2.0
72,2.0
72,2.0
72,2.0
72,2.0
73,2.0
73,2.0
73,2.0
73,2.0
73,7.0
74,2.0
74,2.0
74,2.0
74,2.0
74,7.0
75,2.0
75,2.0
75,2.0
75,2.0
75,7.0
76,2.0
76,2.0
76,2.0
76,2.0
76,7.0
77,2.0
77,2.0
77,2.0
77,2.0
77,7.0
78,2.0
78,2.0
78,2.0
78,2.0
78,2.0
78,7.0
79,2.0
79,2.0
79,2.0
79,2.0
79,7.0
79,2.0
79,2.0
80,2.0
80,2.0
80,2.0
80,2.0
80,7.0
80,2.0
80,2.0
81,2.0
81,2.0
81,2.0
81,7.0
81,2.0
81,2.0
82,2.0
82,2.0
82,2.0
82,7.0
82,2.0
82,2.0
83,2.0
83,2.0
83,2.0
83,7.0
83,2.0
83,2.0
84,2.0
84,2.0
84,2.0
84,7.0
85,2.0
85,2.0
85,2.0
85,7.0
85,2.0
85,2.0
86,2.0
86,2.0
86,2.0
86,7.0
86,2.0
87,2.0
87,2.0
87,2.0
87,2.0
87,7.0
88,2.0
88,2.0
88,2.0
88,7.0
88,2.0
89,2.0
89,2.0
89,2.0
89,7.0
89,2.0
89,2.0
90,2.0
90,2.0
90,2.0
90,7.0
91,2.0
91,2.0
91,2.0
91,2.0
91,2.0
92,2.0
92,2.0
92,2.0
92,2.0
92,2.0
93,2.0
93,2.0
93,2.0
93,2.0
93,2.0
94,2.0
94,2.0
94,2.0
94,2.0
94,7.0
94,2.0
95,2.0
95,2.0
95,2.0
95,2.0
95,7.0
95,2.0
96,2.0
96,2.0
96,2.0
96,2.0
96,7.0
96,2.0
96,2.0
97,2.0
97,2.0
97,2.0
97,7.0
97,2.0
97,2.0
98,2.0
98,2.0
98,2.0
98,7.0
98,2.0
98,2.0
99,2.0
99,2.0
99,2.0
99,2.0
99,7.0
99,2.0
100,2.0
100,2.0
100,2.0
100,2.0
100,7.0
100,2.0
101,2.0
101,2.0
101,2.0
101,2.0
101,7.0
101,2.0
102,2.0
102,2.0
102,2.0
102,7.0
102,2.0
103,2.0
103,2.0
103,2.0
103,2.0
103,7.0
103,2.0
104,2.0
104,2.0
104,2.0
104,2.0
104,7.0
104,2.0
105,2.0
105,2.0
105,2.0
105,2.0
105,7.0
106,2.0
106,2.0
106,2.0
106,2.0
106,7.0
107,2.0
107,2.0
107,2.0
107,2.0
107,7.0
108,2.0
108,2.0
108,2.0
108,2.0
108,7.0
109,2.0
109,2.0
109,2.0
109,2.0
109,2.0
110,2.0
110,2.0
110,2.0
110,2.0
111,2.0
111,2.0
111,2.0
111,2.0
111,2.0
112,2.0
112,2.0
112,2.0
112,2.0
113,2.0
113,2.0
113,2.0
113,2.0
114,2.0
114,2.0
114,2.0
114,2.0
115,2.0
115,2.0
115,2.0
115,2.0
115,2.0
115,2.0
116,2.0
116,2.0
116,2.0
116,2.0
117,2.0
117,2.0
117,2.0
117,2.0
117,2.0
118,2.0
118,2.0
118,2.0
118,2.0
118,2.0
119,2.0
119,2.0
119,2.0
119,2.0
119,2.0
120,2.0
120,2.0
120,2.0
120,2.0
121,2.0
121,2.0
121,2.0
121,2.0
121,7.0
122,2.0
122,2.0
122,2.0
123,2.0
123,2.0
123,2.0
123,2.0
123,2.0
124,2.0
124,2.0
124,2.0
124,2.0
124,7.0
124,2.0
125,2.0
125,2.0
125,2.0
125,2.0
125,7.0
126,2.0
126,2.0
126,2.0
126,7.0
127,2.0
127,2.0
127,2.0
127,2.0
127,2.0
127,7.0
128,2.0
128,2.0
128,2.0
128,2.0
128,7.0
128,2.0
129,2.0
129,2.0
129,2.0
129,2.0
130,2.0
130,2.0
130,2.0
130,2.0
131,2.0
131,2.0
131,2.0
131,2.0
132,2.0
132,2.0
132,2.0
132,2.0
133,2.0
133,2.0
133,2.0
133,2.0
134,2.0
134,2.0
134,2.0
134,2.0
134,2.0
135,2.0
135,2.0
135,2.0
135,2.0
135,7.0
136,2.0
136,2.0
136,2.0
137,2.0
137,2.0
137,2.0
138,2.0
138,2.0
138,2.0
138,2.0
139,2.0
139,2.0
139,2.0
139,2.0
140,2.0
140,2.0
140,2.0
140,2.0
140,2.0
140,2.0
141,2.0
141,2.0
141,2.0
141,2.0
141,2.0
142,2.0
142,2.0
142,2.0
142,2.0
143,2.0
143,2.0
143,2.0
143,2.0
144,2.0
144,2.0
144,2.0
144,2.0
145,2.0
145,2.0
145,2.0
145,2.0
146,2.0
146,2.0
146,2.0
146,2.0
146,7.0
147,2.0
147,2.0
147,2.0
147,7.0
147,2.0
148,2.0
148,2.0
148,2.0
149,2.0
149,2.0
149,2.0
150,2.0
150,2.0
150,2.0
150,2.0
151,2.0
151,2.0
151,7.0
151,2.0
151,2.0
151,2.0
152,2.0
152,2.0
152,7.0
152,2.0
152,2.0
153,2.0
153,2.0
153,2.0
153,7.0
153,2.0
154,2.0
154,2.0
154,2.0
154,2.0
154,7.0
154,2.0
155,2.0
155,2.0
155,2.0
155,7.0
155,2.0
155,2.0
156,2.0
156,2.0
156,7.0
156,2.0
156,2.0
156,2.0
157,2.0
157,2.0
157,2.0
157,7.0
158,2.0
158,2.0
158,2.0
158,7.0
158,2.0
158,2.0
159,2.0
159,2.0
159,2.0
159,7.0
159,2.0
160,2.0
160,2.0
160,2.0
160,7.0
160,2.0
161,2.0
161,2.0
161,2.0
161,7.0
161,2.0
162,2.0
162,2.0
162,2.0
162,7.0
162,2.0
162,2.0
163,2.0
163,2.0
163,2.0
163,2.0
163,7.0
163,2.0
164,2.0
164,2.0
164,2.0
164,2.0
164,7.0
164,2.0
165,2.0
165,2.0
165,2.0
165,2.0
165,2.0
165,7.0
166,2.0
166,2.0
166,2.0
166,2.0
166,7.0
166,2.0
167,2.0
167,2.0
167,2.0
167,2.0
167,7.0
167,2.0
168,2.0
168,2.0
168,2.0
168,2.0
168,2.0
168,7.0
169,2.0
169,2.0
169,2.0
169,2.0
169,7.0
169,2.0
170,2.0
170,2.0
170,2.0
170,2.0
170,2.0
170,2.0
170,7.0
171,2.0
171,2.0
171,7.0
171,2.0
171,2.0
171,2.0
171,2.0
172,2.0
172,2.0
172,2.0
172,7.0
172,2.0
173,2.0
173,2.0
173,2.0
173,7.0
173,2.0
174,2.0
174,2.0
174,2.0
174,2.0
174,7.0
174,7.0
174,2.0
175,2.0
175,2.0
175,2.0
175,2.0
175,7.0
175,2.0
175,2.0
176,2.0
176,2.0
176,2.0
176,7.0
176,7.0
177,2.0
177,2.0
177,2.0
177,7.0
177,2.0
177,2.0
178,2.0
178,2.0
178,2.0
178,7.0
178,2.0
179,2.0
179,2.0
179,2.0
179,7.0
179,2.0
180,2.0
180,2.0
180,2.0
180,7.0
180,2.0
181,2.0
181,2.0
181,2.0
181,2.0
181,7.0
181,2.0
182,2.0
182,2.0
182,2.0
182,2.0
182,7.0
183,2.0
183,2.0
183,2.0
183,2.0
183,2.0
183,2.0
184,2.0
184,2.0
184,2.0
184,2.0
184,2.0
185,2.0
185,2.0
185,2.0
185,2.0
185,2.0
186,2.0
186,2.0
186,2.0
186,2.0
186,7.0
186,2.0
187,2.0
187,2.0
187,2.0
187,2.0
187,2.0
187,7.0
187,2.0
188,2.0
188,2.0
188,2.0
188,2.0
188,2.0
188,2.0
188,7.0
189,2.0
189,2.0
189,2.0
189,2.0
189,2.0
189,7.0
189,2.0
190,2.0
190,2.0
190,2.0
190,2.0
190,7.0
190,2.0
190,2.0
191,2.0
191,2.0
191,2.0
191,2.0
191,7.0
191,2.0
191,2.0
192,2.0
192,2.0
192,2.0
192,2.0
192,7.0
192,2.0
192,2.0
193,2.0
193,2.0
193,2.0
193,2.0
193,7.0
193,2.0
194,2.0
194,2.0
194,2.0
194,2.0
194,7.0
194,2.0
195,2.0
195,2.0
195,2.0
195,2.0
195,2.0
195,7.0
196,2.0
196,2.0
196,2.0
196,2.0
196,2.0
197,2.0
197,2.0
197,2.0
197,2.0
197,2.0
198,2.0
198,2.0
198,2.0
198,2.0
198,7.0
198,2.0
199,2.0
199,2.0
199,2.0
199,2.0
199,2.0
199,7.0
200,2.0
200,2.0
200,2.0
200,2.0
200,2.0
200,2.0
201,2.0
201,2.0
201,2.0
201,2.0
201,2.0
201,7.0
201,2.0
202,2.0
202,2.0
202,2.0
202,2.0
202,2.0
202,2.0
202,7.0
203,2.0
203,2.0
203,2.0
203,2.0
203,2.0
203,2.0
203,7.0
204,2.0
204,2.0
204,2.0
204,2.0
204,2.0
204,2.0
204,7.0
205,2.0
205,2.0
205,2.0
205,2.0
205,2.0
205,2.0
206,2.0
206,2.0
206,2.0
206,2.0
206,2.0
207,2.0
207,2.0
207,2.0
207,2.0
208,2.0
208,2.0
208,2.0
208,2.0
209,2.0
209,2.0
209,2.0
209,2.0
210,2.0
210,2.0
210,2.0
210,2.0
210,2.0
210,7.0
211,2.0
211,2.0
211,2.0
211,2.0
211,2.0
211,7.0
211,2.0
212,2.0
212,2.0
212,2.0
212,2.0
212,2.0
212,7.0
213,2.0
213,2.0
213,2.0
213,2.0
213,2.0
214,2.0
214,2.0
214,2.0
214,2.0
214,2.0
214,2.0
214,7.0
215,2.0
215,2.0
215,2.0
215,2.0
215,2.0
215,2.0
215,7.0
216,2.0
216,2.0
216,2.0
216,2.0
216,2.0
216,7.0
216,2.0
217,2.0
217,2.0
217,2.0
217,2.0
217,2.0
218,2.0
218,2.0
218,2.0
218,2.0
218,7.0
218,2.0
218,2.0
219,2.0
219,2.0
219,2.0
219,2.0
219,7.0
219,2.0
220,2.0
220,2.0
220,2.0
220,2.0
220,2.0
220,2.0
220,7.0
220,2.0
221,2.0
221,2.0
221,2.0
221,2.0
221,2.0
221,7.0
221,2.0
221,2.0
222,2.0
222,2.0
222,2.0
222,2.0
222,2.0
222,7.0
222,2.0
223,2.0
223,2.0
223,2.0
223,2.0
223,2.0
223,7.0
223,2.0
223,2.0
223,2.0
224,2.0
224,2.0
224,2.0
224,2.0
224,2.0
224,7.0
224,2.0
225,2.0
225,2.0
225,2.0
225,2.0
225,7.0
225,2.0
225,2.0
225,2.0
226,2.0
226,2.0
226,2.0
226,2.0
226,2.0
226,7.0
226,2.0
227,2.0
227,2.0
227,2.0
227,2.0
227,2.0
227,7.0
227,2.0
228,2.0
228,2.0
228,2.0
228,2.0
228,2.0
228,2.0
228,7.0
228,2.0
229,2.0
229,2.0
229,2.0
229,2.0
229,2.0
229,7.0
229,2.0
229,2.0
230,2.0
230,2.0
230,2.0
230,2.0
230,2.0
230,7.0
230,2.0
231,2.0
231,2.0
231,2.0
231,2.0
231,2.0
231,7.0
232,2.0
232,2.0
232,2.0
232,2.0
232,2.0
232,7.0
232,2.0
233,2.0
233,2.0
233,2.0
233,2.0
233,7.0
233,2.0
233,2.0
234,2.0
234,2.0
234,2.0
234,2.0
234,7.0
234,2.0
234,2.0
235,2.0
235,2.0
235,2.0
235,2.0
235,7.0
236,2.0
236,2.0
236,2.0
236,2.0
236,7.0
236,2.0
237,2.0
237,2.0
237,2.0
237,2.0
237,7.0
237,2.0
238,2.0
238,2.0
238,2.0
238,2.0
238,7.0
238,2.0
238,2.0
239,2.0
239,2.0
239,2.0
239,2.0
239,7.0
239,2.0
239,2.0
240,2.0
240,2.0
240,2.0
240,2.0
240,7.0
240,2.0
241,2.0
241,2.0
241,2.0
241,2.0
241,2.0
241,2.0
241,2.0
241,2.0
242,2.0
242,2.0
242,2.0
242,2.0
242,7.0
242,2.0
243,2.0
243,2.0
243,2.0
243,2.0
243,2.0
243,2.0
243,7.0
244,2.0
244,2.0
244,2.0
244,2.0
244,2.0
244,2.0
245,2.0
245,2.0
245,2.0
245,2.0
245,2.0
245,2.0
246,2.0
246,2.0
246,2.0
246,2.0
246,7.0
246,2.0
246,2.0
247,2.0
247,2.0
247,2.0
247,2.0
247,7.0
247,2.0
247,2.0
248,2.0
248,2.0
248,2.0
248,2.0
248,2.0
248,2.0
248,2.0
249,2.0
249,2.0
249,2.0
249,2.0
249,2.0
249,2.0
249,7.0
250,2.0
250,2.0
250,2.0
250,2.0
250,2.0
250,2.0
250,7.0
251,2.0
251,2.0
251,2.0
251,2.0
251,2.0
251,2.0
251,7.0
252,2.0
252,2.0
252,2.0
252,2.0
252,2.0
252,7.0
252,2.0
252,2.0
253,2.0
253,2.0
253,2.0
253,2.0
253,2.0
253,7.0
254,2.0
254,2.0
254,2.0
254,2.0
254,2.0
254,2.0
255,2.0
255,2.0
255,2.0
255,2.0
255,2.0
256,2.0
256,2.0
256,2.0
256,2.0
256,2.0
256,2.0
257,2.0
257,2.0
257,2.0
257,2.0
257,2.0
257,2.0
258,2.0
258,2.0
258,2.0
258,2.0
258,2.0
258,2.0
259,2.0
259,2.0
259,2.0
259,2.0
259,2.0
259,2.0
259,7.0
260,2.0
260,2.0
260,2.0
260,2.0
260,2.0
260,2.0
261,2.0
261,2.0
261,2.0
261,2.0
261,2.0
261,2.0
262,2.0
262,2.0
262,2.0
262,2.0
262,2.0
262,7.0
263,2.0
263,2.0
263,2.0
263,2.0
263,2.0
263,7.0
264,2.0
264,2.0
264,2.0
264,2.0
264,2.0
264,7.0
265,2.0
265,2.0
265,2.0
265,2.0
265,2.0
265,2.0
