1,62.0
2,62.0
3,62.0
4,62.0
5,62.0
15,62.0
16,62.0
18,62.0
40,62.0
41,62.0
42,62.0
43,62.0
44,62.0
45,62.0
46,62.0
47,62.0
48,62.0
49,62.0
50,62.0
51,62.0
52,62.0
53,62.0
54,62.0
55,62.0
56,62.0
57,62.0
58,62.0
59,62.0
60,62.0
61,62.0
63,62.0
64,62.0
65,62.0
66,62.0
67,62.0
68,62.0
69,62.0
72,62.0
73,62.0
76,62.0
77,62.0
78,62.0
79,62.0
80,62.0
81,62.0
82,62.0
83,62.0
84,62.0
85,62.0
86,62.0
87,62.0
88,62.0
89,62.0
90,62.0
91,62.0
92,2.0
93,2.0
96,62.0
97,62.0
98,62.0
99,62.0
105,2.0
105,2.0
106,2.0
106,2.0
107,2.0
109,2.0
110,2.0
111,2.0
112,2.0
113,2.0
114,62.0
115,62.0
116,62.0
117,62.0
118,62.0
119,2.0
119,62.0
121,62.0
124,62.0
125,62.0
127,62.0
128,62.0
129,62.0
130,62.0
130,2.0
131,62.0
132,62.0
133,62.0
134,62.0
135,62.0
136,62.0
138,62.0
139,62.0
140,62.0
141,62.0
142,62.0
143,62.0
144,2.0
145,2.0
146,2.0
148,2.0
150,2.0
154,62.0
155,62.0
156,62.0
157,62.0
158,62.0
159,62.0
160,62.0
161,62.0
162,62.0
163,62.0
164,62.0
165,62.0
166,62.0
168,62.0
169,62.0
170,2.0
171,2.0
172,62.0
173,62.0
175,2.0
178,2.0
179,62.0
181,62.0
182,62.0
183,62.0
184,62.0
185,62.0
186,62.0
187,62.0
188,62.0
189,62.0
190,62.0
191,62.0
192,62.0
193,62.0
194,62.0
195,62.0
196,62.0
197,62.0
198,62.0
199,62.0
200,62.0
201,62.0
202,62.0
203,62.0
204,62.0
205,62.0
206,62.0
207,62.0
208,62.0
209,62.0
210,62.0
211,62.0
212,62.0
213,62.0
214,62.0
215,62.0
216,62.0
217,62.0
218,62.0
219,62.0
224,62.0
226,62.0
232,62.0
233,62.0
234,62.0
237,62.0
238,62.0
239,62.0
240,62.0
241,62.0
242,62.0
243,62.0
244,62.0
245,62.0
246,62.0
247,62.0
248,62.0
249,62.0
250,62.0
251,62.0
252,62.0
253,62.0
254,62.0
255,62.0
256,62.0
257,62.0
258,62.0
259,62.0
260,62.0
261,62.0
262,62.0
263,62.0
264,62.0
265,62.0
266,62.0
267,62.0
268,62.0
269,62.0
270,62.0
271,62.0
272,62.0
273,62.0
274,62.0
275,62.0
276,62.0
277,62.0
278,62.0
279,62.0
280,62.0
281,62.0
282,62.0
283,62.0
284,62.0
285,62.0
286,62.0
287,62.0
288,62.0
289,62.0
290,62.0
291,62.0
292,62.0
293,62.0
294,62.0
295,62.0
296,62.0
298,62.0
299,62.0
300,62.0
309,62.0
310,62.0
320,62.0
325,62.0
351,2.0
400,2.0
411,2.0
421,62.0
422,62.0
423,62.0
424,62.0
425,62.0
426,62.0
427,62.0
428,62.0
429,62.0
430,62.0
431,62.0
432,62.0
433,62.0
434,62.0
435,62.0
436,62.0
437,62.0
438,62.0
439,62.0
440,62.0
441,62.0
442,62.0
443,62.0
444,62.0
445,62.0
446,62.0
447,62.0
448,62.0
449,62.0
450,62.0
451,62.0
452,62.0
453,62.0
456,62.0
482,62.0
492,0.0
493,0.0
494,0.0
495,0.0
496,0.0
497,0.0
498,0.0
499,0.0
500,0.0
501,0.0
502,0.0
503,0.0
504,0.0
505,0.0
506,0.0
506,62.0
507,0.0
507,62.0
508,0.0
509,0.0
510,0.0
511,0.0
512,0.0
512,2.0
513,0.0
514,0.0
515,0.0
516,0.0
517,0.0
518,0.0
519,0.0
520,0.0
521,0.0
522,0.0
525,0.0
525,62.0
526,62.0
526,0.0
527,62.0
528,62.0
529,62.0
530,62.0
531,62.0
532,62.0
532,0.0
533,0.0
533,62.0
534,62.0
534,0.0
535,62.0
535,0.0
536,62.0
536,0.0
537,62.0
538,62.0
539,62.0
540,62.0
541,62.0
542,62.0
543,62.0
544,62.0
545,62.0
546,62.0
547,62.0
548,62.0
549,62.0
550,62.0
551,62.0
552,62.0
553,62.0
554,62.0
555,62.0
556,62.0
557,62.0
558,62.0
559,62.0
560,62.0
561,62.0
562,62.0
563,62.0
564,62.0
565,62.0
566,62.0
567,62.0
568,62.0
569,62.0
570,62.0
571,62.0
572,62.0
573,62.0
574,62.0
575,62.0
576,62.0
577,62.0
578,62.0
579,62.0
580,62.0
581,62.0
583,62.0
584,62.0
585,62.0
586,62.0
587,62.0
588,62.0
589,62.0
590,62.0
591,62.0
592,62.0
593,62.0
594,62.0
595,62.0
596,62.0
597,62.0
598,62.0
599,62.0
600,62.0
601,62.0
604,62.0
605,62.0
606,62.0
607,62.0
608,62.0
609,62.0
610,62.0
611,62.0
612,62.0
613,62.0
614,62.0
615,62.0
616,62.0
617,62.0
618,62.0
619,62.0
620,62.0
621,62.0
622,62.0
623,62.0
624,62.0
625,62.0
626,62.0
627,62.0
628,62.0
629,62.0
630,62.0
631,62.0
632,62.0
633,62.0
634,62.0
635,62.0
636,62.0
637,62.0
638,62.0
640,0.0
641,0.0
642,0.0
643,0.0
644,0.0
645,0.0
646,0.0
647,0.0
648,0.0
649,0.0
650,0.0
651,0.0
652,0.0
653,0.0
654,0.0
655,0.0
656,0.0
657,0.0
658,0.0
659,0.0
660,0.0
661,0.0
662,0.0
663,0.0
664,0.0
665,0.0
666,0.0
667,0.0
668,0.0
669,0.0
670,0.0
671,0.0
672,0.0
673,0.0
674,0.0
675,0.0
676,0.0
677,0.0
678,0.0
679,0.0
680,0.0
681,0.0
682,0.0
683,0.0
684,0.0
685,0.0
686,0.0
687,0.0
687,2.0
688,0.0
689,0.0
690,0.0
691,0.0
691,2.0
692,0.0
693,0.0
694,0.0
695,0.0
696,0.0
697,0.0
698,0.0
699,0.0
700,0.0
701,0.0
702,0.0
703,0.0
704,0.0
705,0.0
706,0.0
707,0.0
708,0.0
709,0.0
710,0.0
711,0.0
712,0.0
713,0.0
714,0.0
715,0.0
716,0.0
717,0.0
718,0.0
719,0.0
720,0.0
721,0.0
722,0.0
722,62.0
723,0.0
723,62.0
724,0.0
725,0.0
726,0.0
727,0.0
727,62.0
728,0.0
729,0.0
729,62.0
730,0.0
730,62.0
731,62.0
732,0.0
733,0.0
736,0.0
736,62.0
737,62.0
739,62.0
740,62.0
741,62.0
742,62.0
743,62.0
744,62.0
745,62.0
746,62.0
747,62.0
748,62.0
749,62.0
750,62.0
751,62.0
752,62.0
753,62.0
754,62.0
755,62.0
756,62.0
757,62.0
758,62.0
759,62.0
761,62.0
762,62.0
763,62.0
766,0.0
767,0.0
768,0.0
769,0.0
770,0.0
771,0.0
772,0.0
773,0.0
774,0.0
775,0.0
776,0.0
777,0.0
778,0.0
779,0.0
780,0.0
781,0.0
782,0.0
783,0.0
784,0.0
785,0.0
786,0.0
787,0.0
788,0.0
789,0.0
790,0.0
791,0.0
792,0.0
793,0.0
794,0.0
795,0.0
796,0.0
797,0.0
798,0.0
799,0.0
800,0.0
801,0.0
802,0.0
803,0.0
804,0.0
805,0.0
806,0.0
806,0.0
807,0.0
808,0.0
809,0.0
809,62.0
810,0.0
811,0.0
812,0.0
813,0.0
814,0.0
815,0.0
816,0.0
817,0.0
818,0.0
819,0.0
820,0.0
821,0.0
822,0.0
823,0.0
824,0.0
824,0.0
825,0.0
826,0.0
827,0.0
828,0.0
829,0.0
830,0.0
831,0.0
831,0.0
832,0.0
832,0.0
833,0.0
833,0.0
834,0.0
834,0.0
835,0.0
835,0.0
836,0.0
836,0.0
837,0.0
837,0.0
838,0.0
838,0.0
839,0.0
839,62.0
840,0.0
840,62.0
841,0.0
841,62.0
842,0.0
843,0.0
844,0.0
845,0.0
846,0.0
847,0.0
848,0.0
849,0.0
850,0.0
850,0.0
851,0.0
852,0.0
853,0.0
854,0.0
854,62.0
855,0.0
855,62.0
856,0.0
856,62.0
857,0.0
857,62.0
858,0.0
858,62.0
859,0.0
859,62.0
860,0.0
860,62.0
861,0.0
861,62.0
862,0.0
862,62.0
863,0.0
863,62.0
864,0.0
864,62.0
865,0.0
865,62.0
866,0.0
866,62.0
867,0.0
867,62.0
868,0.0
868,62.0
869,0.0
869,62.0
870,0.0
870,62.0
871,0.0
871,62.0
872,0.0
873,0.0
873,0.0
874,0.0
874,0.0
875,0.0
876,0.0
876,0.0
877,0.0
877,0.0
878,0.0
878,0.0
878,62.0
879,0.0
879,62.0
879,0.0
880,0.0
880,62.0
881,0.0
882,0.0
882,62.0
883,0.0
883,62.0
884,0.0
884,62.0
885,0.0
885,62.0
886,0.0
886,62.0
887,0.0
887,62.0
888,0.0
888,62.0
889,0.0
890,0.0
890,62.0
891,0.0
891,62.0
892,0.0
893,0.0
893,0.0
894,0.0
894,0.0
895,0.0
895,0.0
896,0.0
896,0.0
897,0.0
898,0.0
898,62.0
899,0.0
900,0.0
901,0.0
902,0.0
902,0.0
903,0.0
903,0.0
904,0.0
904,0.0
905,0.0
906,0.0
907,0.0
908,0.0
909,0.0
910,0.0
911,0.0
912,0.0
913,0.0
914,0.0
915,0.0
916,0.0
917,0.0
918,0.0
919,0.0
920,0.0
921,0.0
922,0.0
923,0.0
923,62.0
924,0.0
924,62.0
925,0.0
925,62.0
926,0.0
926,62.0
927,0.0
927,62.0
928,0.0
928,62.0
929,0.0
929,62.0
930,0.0
930,62.0
931,0.0
931,62.0
932,0.0
933,0.0
934,0.0
934,62.0
935,0.0
935,62.0
936,0.0
936,62.0
937,0.0
938,0.0
939,0.0
940,0.0
941,0.0
942,0.0
943,0.0
944,0.0
945,0.0
946,0.0
947,0.0
948,0.0
948,62.0
949,0.0
949,62.0
950,0.0
950,62.0
951,0.0
951,62.0
952,0.0
952,62.0
953,0.0
953,62.0
954,0.0
955,0.0
956,0.0
956,62.0
957,0.0
958,0.0
959,0.0
960,0.0
960,62.0
961,0.0
962,0.0
963,0.0
964,0.0
965,0.0
966,0.0
967,0.0
968,0.0
968,62.0
969,0.0
969,62.0
970,0.0
970,62.0
971,0.0
971,62.0
972,0.0
972,62.0
973,0.0
973,62.0
974,62.0
974,0.0
975,0.0
975,62.0
976,62.0
976,0.0
976,0.0
977,0.0
977,62.0
978,0.0
978,62.0
979,0.0
979,62.0
980,0.0
980,62.0
981,0.0
981,62.0
981,0.0
982,0.0
982,62.0
983,0.0
983,62.0
984,0.0
984,62.0
985,62.0
985,0.0
986,62.0
986,0.0
987,0.0
987,62.0
988,0.0
989,0.0
989,62.0
990,0.0
1000,62.0
1002,62.0
1008,0.0
1009,0.0
1010,62.0
1011,62.0
1017,62.0
1020,62.0
1021,2.0
1021,62.0
1021,2.0
1022,62.0
1022,2.0
1023,62.0
1024,62.0
1025,62.0
1026,62.0
1027,62.0
1028,62.0
1030,62.0
1031,62.0
1032,62.0
1033,62.0
1034,62.0
1035,62.0
1036,62.0
1037,62.0
1038,62.0
1039,62.0
1040,62.0
1041,62.0
1042,62.0
1043,62.0
1043,0.0
1044,62.0
1044,0.0
1045,62.0
1045,0.0
1046,62.0
1046,0.0
1047,0.0
1047,62.0
1048,0.0
1048,62.0
1049,0.0
1049,62.0
1050,0.0
1050,62.0
1051,62.0
1052,62.0
1053,62.0
1054,62.0
1055,62.0
1056,62.0
1057,62.0
1058,62.0
1059,62.0
1060,62.0
1061,62.0
1062,62.0
1063,62.0
1064,62.0
1065,62.0
1066,62.0
1067,62.0
1068,62.0
1069,62.0
1070,62.0
1071,62.0
1072,62.0
1073,62.0
1074,62.0
1075,62.0
1076,62.0
1077,62.0
1078,62.0
1079,62.0
1080,62.0
1081,62.0
1082,62.0
1083,62.0
1084,62.0
1085,62.0
1086,62.0
1087,62.0
1088,62.0
1089,62.0
1090,62.0
1091,62.0
1092,62.0
1093,62.0
1094,62.0
1095,62.0
1096,62.0
1097,62.0
1098,62.0
1099,62.0
1100,62.0
1101,62.0
1102,62.0
1103,62.0
1104,62.0
1105,62.0
1106,62.0
1107,62.0
1108,62.0
1109,62.0
1110,62.0
1111,62.0
1112,62.0
1113,62.0
1114,62.0
1115,62.0
1116,62.0
1117,62.0
1118,62.0
1119,62.0
1120,62.0
1121,62.0
1122,62.0
1123,62.0
1124,62.0
1125,62.0
1126,62.0
1127,62.0
1128,62.0
1129,62.0
1130,62.0
1131,62.0
1132,62.0
1133,62.0
1134,62.0
1135,62.0
1136,62.0
1137,62.0
1138,62.0
1139,62.0
1140,62.0
1141,62.0
1142,62.0
1143,62.0
1144,62.0
1145,62.0
1146,62.0
1149,62.0
1150,62.0
1151,62.0
1152,62.0
1153,62.0
1154,62.0
1155,62.0
1156,62.0
1157,62.0
1158,62.0
1159,62.0
1160,62.0
1161,62.0
1162,62.0
1163,62.0
1164,62.0
1165,62.0
1166,62.0
1167,62.0
1168,62.0
1169,62.0
1170,62.0
1171,62.0
1172,62.0
1173,62.0
1174,62.0
1175,62.0
1175,0.0
1176,62.0
1176,0.0
1177,62.0
1177,0.0
1178,62.0
1178,0.0
1179,62.0
1179,0.0
1180,62.0
1180,0.0
1181,0.0
1181,62.0
1182,0.0
1182,62.0
1183,0.0
1183,62.0
1184,0.0
1184,62.0
1185,0.0
1185,62.0
1186,0.0
1186,62.0
1187,0.0
1187,62.0
1188,0.0
1188,62.0
1189,62.0
1189,0.0
1190,62.0
1190,0.0
1191,62.0
1191,0.0
1192,62.0
1192,0.0
1193,62.0
1193,0.0
1194,62.0
1194,0.0
1195,62.0
1195,0.0
1196,62.0
1196,0.0
1197,62.0
1197,0.0
1198,62.0
1198,0.0
1199,62.0
1199,0.0
1200,62.0
1200,0.0
1201,62.0
1201,0.0
1202,62.0
1203,62.0
1204,62.0
1205,62.0
1206,62.0
1207,62.0
1208,62.0
1209,62.0
1210,62.0
1211,62.0
1212,62.0
1213,62.0
1214,62.0
1214,0.0
1215,62.0
1215,0.0
1216,62.0
1216,0.0
1217,62.0
1218,62.0
1219,62.0
1220,62.0
1221,62.0
1222,62.0
1223,62.0
1224,62.0
1225,62.0
1226,62.0
1226,0.0
1227,62.0
1227,0.0
1228,62.0
1228,0.0
1229,62.0
1229,0.0
1230,62.0
1230,0.0
1231,62.0
1231,0.0
1232,62.0
1233,62.0
1233,0.0
1234,62.0
1235,62.0
1236,62.0
1236,0.0
1237,62.0
1237,0.0
1238,0.0
1238,62.0
1239,62.0
1239,0.0
1239,0.0
1240,0.0
1240,0.0
1240,62.0
1241,0.0
1241,0.0
1242,0.0
1242,0.0
1242,62.0
1243,62.0
1243,0.0
1243,0.0
1244,62.0
1244,0.0
1245,62.0
1245,0.0
1246,62.0
1246,0.0
1246,0.0
1247,62.0
1247,0.0
1247,0.0
1248,62.0
1249,62.0
1249,0.0
1250,62.0
1250,0.0
1251,62.0
1252,62.0
1253,62.0
1253,0.0
1253,0.0
1254,0.0
1254,62.0
1255,62.0
1255,0.0
1255,0.0
1256,62.0
1256,0.0
1257,62.0
1257,0.0
1258,62.0
1258,0.0
1259,0.0
1259,62.0
1260,62.0
1260,0.0
1261,62.0
1261,0.0
1262,0.0
1262,62.0
1263,62.0
1263,0.0
1264,62.0
1264,0.0
1265,62.0
1265,0.0
1266,0.0
1266,62.0
1267,0.0
1267,0.0
1267,62.0
1268,0.0
1268,62.0
1269,62.0
1269,0.0
1270,62.0
1271,62.0
1272,62.0
1272,0.0
1273,62.0
1274,62.0
1275,62.0
1276,0.0
1276,62.0
1277,62.0
1277,0.0
1278,62.0
1278,0.0
1279,62.0
1280,62.0
1281,62.0
1282,62.0
1283,0.0
1284,0.0
1285,0.0
1286,0.0
1287,0.0
1288,0.0
1289,0.0
1290,0.0
1291,0.0
1291,62.0
1292,62.0
1294,62.0
1295,0.0
1296,0.0
1297,0.0
1298,0.0
1299,0.0
1299,62.0
1299,0.0
1300,0.0
1300,62.0
1300,0.0
1301,0.0
1301,0.0
1301,62.0
1302,0.0
1302,0.0
1302,62.0
1303,0.0
1304,0.0
1304,62.0
1305,0.0
1305,0.0
1306,0.0
1306,62.0
1306,0.0
1307,0.0
1307,62.0
1308,0.0
1308,62.0
1309,0.0
1309,62.0
1310,0.0
1310,62.0
1311,0.0
1311,62.0
1312,0.0
1312,62.0
1313,0.0
1314,0.0
1315,0.0
1315,62.0
1316,0.0
1316,62.0
1317,0.0
1318,0.0
1318,62.0
1319,0.0
1320,0.0
1321,0.0
1322,0.0
1322,62.0
1323,0.0
1323,62.0
1324,0.0
1324,62.0
1325,0.0
1325,62.0
1326,0.0
1327,0.0
1328,0.0
1329,0.0
1330,0.0
1331,0.0
1332,0.0
1333,0.0
1334,0.0
1335,0.0
1335,62.0
1336,0.0
1337,0.0
1338,0.0
1339,0.0
1340,0.0
1341,0.0
1342,0.0
1343,0.0
1344,0.0
1345,0.0
1346,0.0
1347,0.0
1348,0.0
1349,62.0
1349,0.0
1350,0.0
1350,62.0
1351,62.0
1351,0.0
1352,0.0
1352,62.0
1353,62.0
1353,0.0
1354,62.0
1354,0.0
1355,62.0
1355,0.0
1356,62.0
1356,0.0
1357,62.0
1358,62.0
1359,62.0
1359,0.0
1360,62.0
1360,0.0
1361,62.0
1362,62.0
1363,62.0
1364,62.0
1365,62.0
1366,62.0
1367,62.0
1368,62.0
1369,62.0
1369,0.0
1370,62.0
1371,62.0
1371,0.0
1372,62.0
1372,0.0
1373,62.0
1373,0.0
1374,62.0
1374,0.0
1375,62.0
1375,0.0
1376,62.0
1376,0.0
1377,62.0
1377,0.0
1378,62.0
1378,0.0
1379,62.0
1379,0.0
1380,62.0
1381,62.0
1382,62.0
1383,62.0
1384,62.0
1385,62.0
1386,62.0
1387,62.0
1388,62.0
1389,62.0
1390,62.0
1391,62.0
1392,62.0
1393,62.0
1394,62.0
1395,62.0
1395,0.0
1396,62.0
1396,0.0
1397,62.0
1397,0.0
1398,62.0
1398,0.0
1399,62.0
1399,0.0
1400,62.0
1400,0.0
1401,62.0
1401,0.0
1402,62.0
1402,0.0
1403,62.0
1403,0.0
1404,62.0
1404,0.0
1405,62.0
1406,0.0
1406,62.0
1407,0.0
1407,62.0
1408,0.0
1408,62.0
1409,0.0
1409,62.0
1410,0.0
1410,62.0
1411,62.0
1411,0.0
1412,0.0
1412,62.0
1413,62.0
1413,0.0
1414,62.0
1414,0.0
1415,62.0
1416,62.0
1417,62.0
1418,62.0
1419,62.0
1420,62.0
1421,62.0
1422,62.0
1423,62.0
1424,62.0
1425,62.0
1426,62.0
1427,62.0
1428,62.0
1429,62.0
1430,62.0
1431,62.0
1432,62.0
1433,62.0
1434,62.0
1435,62.0
1436,62.0
1437,62.0
1438,62.0
1439,62.0
1440,62.0
1441,62.0
1442,62.0
1443,62.0
1444,62.0
1445,62.0
1446,62.0
1447,62.0
1448,62.0
1449,62.0
1450,62.0
1450,0.0
1451,62.0
1451,0.0
1452,62.0
1453,62.0
1453,0.0
1454,62.0
1454,0.0
1455,62.0
1455,0.0
1455,0.0
1456,0.0
1456,62.0
1456,0.0
1457,0.0
1457,0.0
1457,62.0
1458,0.0
1458,62.0
1458,0.0
1459,0.0
1459,62.0
1459,0.0
1460,0.0
1460,62.0
1460,0.0
1461,0.0
1461,62.0
1461,0.0
1462,0.0
1462,62.0
1462,0.0
1463,0.0
1463,62.0
1463,0.0
1464,0.0
1464,62.0
1464,0.0
1465,0.0
1465,62.0
1465,0.0
1466,0.0
1466,62.0
1466,0.0
1467,0.0
1467,62.0
1467,0.0
1468,0.0
1468,62.0
1468,0.0
1469,0.0
1469,0.0
1469,62.0
1470,0.0
1470,0.0
1470,62.0
1471,0.0
1471,0.0
1471,62.0
1472,62.0
1472,0.0
1472,0.0
1473,62.0
1473,0.0
1473,0.0
1473,0.0
1474,0.0
1474,0.0
1474,62.0
1475,62.0
1475,0.0
1476,62.0
1476,0.0
1477,62.0
1478,62.0
1479,62.0
1480,62.0
1481,62.0
1482,62.0
1484,62.0
1485,62.0
1486,62.0
1487,62.0
1488,62.0
1489,62.0
1490,62.0
1491,62.0
1493,62.0
1495,62.0
1495,0.0
1496,0.0
1496,62.0
1497,0.0
1498,0.0
1499,0.0
1500,0.0
1501,0.0
1502,0.0
1502,62.0
1503,0.0
1503,62.0
1504,0.0
1505,0.0
1505,62.0
1506,0.0
1506,62.0
1507,0.0
1507,62.0
1508,0.0
1508,62.0
1509,0.0
1509,62.0
1510,0.0
1510,62.0
1511,62.0
1511,0.0
1512,62.0
1513,62.0
1514,62.0
1515,62.0
1516,62.0
1517,62.0
1518,62.0
1519,62.0
1520,62.0
1521,62.0
1522,62.0
1523,62.0
1524,62.0
1525,62.0
1526,62.0
1527,62.0
1528,62.0
1529,62.0
1530,62.0
1531,62.0
1532,62.0
1533,62.0
1534,62.0
1535,62.0
1536,62.0
1537,62.0
1538,62.0
1539,62.0
1540,62.0
1541,62.0
1542,62.0
1543,62.0
1544,62.0
1545,62.0
1546,62.0
1547,62.0
1548,62.0
1549,62.0
1550,62.0
1551,62.0
1552,62.0
1553,62.0
1554,62.0
1555,62.0
1556,62.0
1557,62.0
1558,62.0
1559,62.0
1560,62.0
1561,62.0
1562,62.0
1563,62.0
1564,62.0
1565,62.0
1566,62.0
1567,62.0
1568,62.0
1569,62.0
1570,62.0
1571,62.0
1572,62.0
1573,62.0
1574,62.0
1575,62.0
1576,62.0
1577,62.0
1578,62.0
1579,62.0
1579,0.0
1580,62.0
1580,0.0
1581,62.0
1581,0.0
1582,62.0
1582,0.0
1583,62.0
1583,0.0
1584,62.0
1584,0.0
1585,62.0
1585,0.0
1586,62.0
1586,0.0
1587,62.0
1587,0.0
1588,62.0
1588,0.0
1589,62.0
1589,0.0
1590,62.0
1590,0.0
1591,62.0
1591,0.0
1592,62.0
1593,62.0
1594,62.0
1595,62.0
1596,62.0
1597,62.0
1598,62.0
1599,62.0
1600,62.0
1601,62.0
1602,62.0
1603,62.0
1604,62.0
1605,62.0
1606,62.0
1607,62.0
1608,62.0
1609,62.0
1610,62.0
1611,62.0
1612,62.0
1613,62.0
1614,62.0
1615,62.0
1616,62.0
1617,62.0
1618,62.0
1619,62.0
1620,62.0
1621,62.0
1622,62.0
1623,62.0
1624,62.0
1625,62.0
1626,62.0
1627,62.0
1628,62.0
1629,62.0
1630,62.0
1631,62.0
1632,62.0
1633,62.0
1634,62.0
1635,62.0
1636,62.0
1637,62.0
1638,62.0
1639,62.0
1640,62.0
1641,62.0
1642,62.0
1643,62.0
1644,62.0
1645,62.0
1646,62.0
1647,62.0
1648,62.0
1649,0.0
1650,0.0
1651,62.0
1652,62.0
1654,62.0
1655,62.0
1656,62.0
1656,0.0
1657,62.0
1662,0.0
1663,0.0
1664,0.0
1664,0.0
1665,0.0
1665,0.0
1666,0.0
1666,0.0
1667,0.0
1671,0.0
1672,0.0
1672,0.0
1673,0.0
1673,0.0
1674,0.0
1675,0.0
1676,0.0
1677,0.0
1678,0.0
1680,0.0
1681,0.0
1681,62.0
1682,62.0
1682,0.0
1682,0.0
1683,62.0
1683,0.0
1684,62.0
1685,62.0
1686,62.0
1687,62.0
1688,62.0
1689,62.0
1690,62.0
1691,62.0
1692,62.0
1693,62.0
1694,62.0
1695,62.0
1696,62.0
1696,0.0
1697,62.0
1697,0.0
1698,62.0
1699,62.0
1700,62.0
1701,62.0
1702,62.0
1703,62.0
1704,62.0
1705,62.0
1706,62.0
1706,0.0
1707,0.0
1708,0.0
1709,0.0
1710,0.0
1711,0.0
1711,62.0
1712,0.0
1712,62.0
1713,62.0
1713,0.0
1714,62.0
1715,62.0
1716,62.0
1717,62.0
1718,62.0
1719,62.0
1721,62.0
1722,62.0
1723,62.0
1724,62.0
1725,62.0
1726,62.0
1726,0.0
1727,62.0
1727,0.0
1728,0.0
1728,62.0
1729,62.0
1729,0.0
1730,0.0
1730,62.0
1731,0.0
1731,62.0
1732,0.0
1732,62.0
1733,0.0
1733,62.0
1734,0.0
1734,62.0
1735,62.0
1735,0.0
1736,62.0
1736,0.0
1737,62.0
1737,0.0
1738,62.0
1738,0.0
1739,62.0
1739,0.0
1740,0.0
1740,62.0
1741,62.0
1742,0.0
1742,62.0
1743,62.0
1744,62.0
1745,62.0
1746,62.0
1747,62.0
1748,62.0
1749,62.0
1750,62.0
1751,62.0
1752,62.0
1752,0.0
1753,62.0
1753,0.0
1754,62.0
1754,0.0
1755,62.0
1756,62.0
1757,62.0
1758,62.0
1759,62.0
1760,62.0
1761,62.0
1762,62.0
1763,62.0
1764,62.0
1765,62.0
1766,62.0
1767,62.0
1768,62.0
1769,62.0
1769,0.0
1769,0.0
1770,62.0
1770,0.0
1771,62.0
1771,0.0
1772,62.0
1772,0.0
1773,62.0
1774,62.0
1775,0.0
1776,62.0
1776,0.0
1777,62.0
1778,62.0
1779,62.0
1780,0.0
1781,0.0
1782,62.0
1783,62.0
1784,62.0
1785,62.0
1786,62.0
1787,62.0
1789,62.0
1790,0.0
1791,62.0
1793,62.0
1794,62.0
1795,62.0
1796,62.0
1797,62.0
1798,62.0
1799,62.0
1800,62.0
1801,62.0
1802,62.0
1803,62.0
1804,62.0
1805,62.0
1806,62.0
1807,62.0
1808,62.0
1809,62.0
1810,62.0
1811,62.0
1812,62.0
1813,62.0
1814,62.0
1815,62.0
1816,62.0
1817,62.0
1818,62.0
1819,62.0
1820,62.0
1821,62.0
1822,62.0
1823,62.0
1824,62.0
1825,62.0
1826,62.0
1827,62.0
1828,62.0
1829,62.0
1830,62.0
1831,62.0
1832,62.0
1833,62.0
1834,62.0
1835,62.0
1836,62.0
1837,62.0
1838,62.0
1839,62.0
1840,62.0
1841,62.0
1842,62.0
1843,62.0
1844,62.0
1845,62.0
1846,62.0
1847,62.0
1847,0.0
1848,62.0
1849,62.0
1850,62.0
1851,62.0
1852,62.0
1853,62.0
1854,62.0
1855,62.0
1856,62.0
1857,62.0
1858,62.0
1859,62.0
1860,62.0
1860,0.0
1861,62.0
1861,0.0
1862,62.0
1862,0.0
1863,62.0
1863,0.0
1864,62.0
1865,62.0
1866,62.0
1867,62.0
1867,0.0
1868,62.0
1868,0.0
1869,62.0
1870,62.0
1871,62.0
1871,0.0
1872,62.0
1872,0.0
1873,62.0
1873,0.0
1874,62.0
1874,0.0
