3,0.0
4,0.0
5,0.0
6,0.0
7,0.0
8,0.0
9,0.0
10,0.0
11,0.0
12,0.0
13,0.0
14,0.0
15,0.0
16,0.0
16,39.0
17,0.0
17,39.0
17,39.0
18,0.0
19,0.0
20,0.0
21,0.0
22,0.0
23,0.0
24,0.0
25,0.0
26,0.0
27,0.0
28,0.0
29,0.0
30,0.0
31,0.0
32,0.0
33,0.0
34,0.0
35,0.0
36,0.0
37,0.0
38,0.0
39,0.0
40,0.0
41,0.0
42,0.0
43,0.0
44,0.0
45,0.0
46,0.0
47,0.0
48,0.0
49,0.0
50,0.0
51,0.0
52,0.0
53,0.0
54,0.0
55,0.0
56,0.0
57,0.0
58,0.0
59,0.0
60,0.0
61,0.0
62,0.0
63,0.0
64,0.0
65,0.0
66,0.0
67,0.0
68,0.0
69,0.0
70,0.0
71,0.0
72,0.0
73,0.0
74,0.0
75,0.0
76,0.0
77,0.0
78,0.0
79,0.0
80,0.0
81,0.0
82,0.0
83,0.0
84,0.0
85,0.0
86,0.0
87,0.0
87,0.0
88,0.0
88,0.0
89,0.0
89,0.0
90,0.0
90,0.0
91,0.0
91,0.0
92,0.0
92,0.0
93,0.0
93,0.0
94,0.0
94,0.0
95,0.0
95,0.0
96,0.0
96,0.0
97,0.0
98,0.0
99,0.0
100,0.0
101,0.0
102,0.0
103,0.0
104,0.0
105,0.0
106,0.0
107,0.0
108,0.0
109,0.0
110,0.0
111,0.0
112,0.0
113,0.0
114,0.0
115,0.0
116,0.0
117,0.0
118,0.0
119,0.0
120,0.0
121,0.0
122,0.0
123,0.0
124,0.0
125,0.0
126,0.0
127,0.0
128,0.0
129,0.0
130,0.0
131,0.0
132,0.0
133,0.0
134,0.0
135,0.0
136,0.0
137,0.0
138,0.0
139,0.0
140,0.0
141,0.0
142,0.0
143,0.0
144,0.0
145,0.0
146,0.0
147,0.0
148,0.0
149,0.0
150,0.0
238,0.0
239,0.0
241,0.0
242,0.0
243,0.0
246,39.0
247,39.0
248,39.0
249,39.0
250,39.0
251,39.0
252,39.0
253,39.0
254,0.0
254,39.0
255,0.0
255,39.0
256,0.0
256,39.0
257,0.0
257,39.0
258,0.0
258,39.0
259,0.0
259,39.0
260,0.0
260,39.0
261,0.0
261,39.0
262,0.0
262,39.0
263,0.0
263,39.0
264,0.0
264,39.0
265,0.0
265,39.0
266,0.0
266,39.0
267,0.0
267,39.0
268,0.0
268,39.0
269,0.0
269,39.0
270,0.0
270,39.0
271,0.0
271,39.0
272,0.0
272,39.0
273,0.0
274,0.0
275,0.0
276,0.0
277,0.0
277,39.0
278,0.0
278,39.0
279,0.0
279,39.0
280,0.0
280,39.0
281,0.0
281,39.0
282,0.0
282,39.0
283,0.0
283,39.0
284,0.0
284,39.0
285,0.0
285,39.0
286,0.0
286,39.0
287,0.0
287,39.0
288,0.0
288,39.0
289,0.0
289,39.0
290,0.0
290,39.0
291,0.0
291,39.0
292,0.0
292,39.0
292,39.0
293,0.0
293,39.0
293,39.0
294,0.0
294,39.0
295,0.0
295,39.0
296,0.0
296,39.0
297,0.0
297,39.0
298,0.0
298,39.0
299,0.0
299,39.0
300,0.0
300,39.0
301,0.0
302,0.0
303,0.0
304,0.0
305,0.0
306,0.0
307,0.0
308,0.0
309,0.0
310,0.0
311,0.0
312,0.0
313,0.0
314,0.0
315,0.0
316,0.0
317,0.0
318,0.0
319,0.0
320,0.0
321,0.0
322,0.0
323,0.0
324,0.0
325,0.0
326,0.0
327,0.0
328,0.0
329,0.0
330,0.0
331,0.0
332,0.0
333,0.0
334,0.0
335,0.0
336,0.0
337,0.0
338,0.0
339,0.0
340,0.0
341,0.0
342,0.0
342,2.0
343,0.0
343,2.0
344,0.0
344,2.0
345,0.0
345,2.0
346,0.0
346,2.0
347,0.0
347,2.0
348,0.0
348,2.0
349,0.0
349,2.0
350,0.0
350,2.0
351,0.0
351,2.0
352,0.0
352,2.0
353,0.0
353,2.0
354,2.0
354,0.0
355,2.0
355,0.0
356,2.0
356,0.0
357,0.0
357,2.0
358,0.0
358,2.0
359,0.0
359,2.0
360,2.0
360,0.0
361,2.0
362,2.0
363,2.0
363,7.0
364,2.0
364,7.0
365,2.0
365,7.0
366,2.0
367,2.0
368,2.0
369,7.0
370,7.0
371,7.0
372,7.0
373,39.0
374,39.0
375,2.0
375,7.0
375,39.0
376,2.0
376,39.0
377,2.0
377,39.0
378,2.0
379,2.0
380,2.0
381,2.0
382,2.0
383,2.0
384,2.0
384,7.0
385,7.0
386,7.0
386,2.0
387,2.0
387,7.0
388,7.0
388,2.0
389,2.0
389,7.0
390,2.0
390,7.0
391,2.0
392,2.0
392,7.0
393,2.0
394,2.0
395,2.0
396,2.0
397,2.0
398,2.0
398,7.0
399,2.0
400,2.0
401,2.0
402,2.0
403,2.0
404,2.0
405,2.0
406,2.0
407,2.0
408,2.0
409,2.0
410,2.0
411,2.0
412,2.0
413,2.0
414,2.0
415,2.0
416,2.0
417,2.0
418,2.0
419,2.0
420,2.0
421,2.0
422,2.0
423,2.0
424,2.0
425,2.0
426,2.0
427,2.0
428,2.0
429,2.0
430,2.0
431,2.0
435,7.0
436,7.0
437,7.0
438,7.0
439,2.0
439,7.0
440,2.0
441,2.0
441,0.0
442,2.0
443,2.0
444,2.0
445,2.0
446,2.0
447,2.0
448,2.0
449,2.0
450,2.0
450,39.0
451,2.0
451,39.0
452,2.0
452,39.0
453,2.0
454,2.0
455,2.0
456,2.0
457,2.0
458,2.0
459,2.0
460,2.0
461,2.0
462,2.0
463,2.0
464,2.0
465,2.0
466,2.0
467,2.0
468,2.0
469,2.0
470,2.0
471,2.0
472,2.0
473,2.0
474,2.0
475,2.0
476,2.0
477,2.0
478,2.0
479,2.0
480,2.0
481,7.0
481,2.0
482,2.0
483,2.0
484,2.0
485,2.0
486,2.0
487,2.0
490,7.0
491,7.0
498,7.0
499,7.0
512,7.0
513,7.0
514,7.0
515,7.0
516,7.0
517,7.0
518,7.0
520,7.0
521,7.0
523,7.0
524,7.0
526,7.0
527,7.0
529,7.0
541,7.0
548,2.0
789,7.0
790,7.0
791,7.0
792,7.0
795,7.0
798,7.0
828,7.0
946,2.0
947,2.0
1003,2.0
1004,2.0
1005,2.0
1006,2.0
1007,2.0
1008,2.0
1207,39.0
1218,0.0
1219,0.0
1220,0.0
1221,0.0
1222,0.0
1223,0.0
1224,0.0
1225,0.0
1226,0.0
1227,0.0
1228,0.0
1229,0.0
1230,0.0
1231,0.0
1232,0.0
1233,0.0
1234,0.0
1235,0.0
1236,0.0
1237,0.0
1238,0.0
1239,0.0
1240,0.0
1241,0.0
1242,0.0
1243,0.0
1244,0.0
1245,0.0
1246,0.0
1247,0.0
1248,0.0
1249,0.0
1250,0.0
1251,0.0
1252,0.0
1253,0.0
1254,0.0
1255,0.0
1256,0.0
1257,0.0
1258,0.0
1259,0.0
1260,0.0
1261,0.0
1262,0.0
1263,0.0
1264,0.0
1265,0.0
1266,0.0
1267,0.0
1268,0.0
1269,0.0
1270,0.0
1271,0.0
1272,0.0
1273,0.0
1274,0.0
1275,0.0
1276,0.0
1277,0.0
1278,0.0
1279,0.0
1280,0.0
1281,0.0
1282,0.0
1283,0.0
1284,0.0
1284,7.0
1285,0.0
1286,0.0
1287,0.0
1288,0.0
1289,0.0
1290,0.0
1291,0.0
1292,0.0
1293,0.0
1294,0.0
1295,0.0
1296,0.0
1297,0.0
1298,0.0
1299,0.0
1300,0.0
1301,0.0
1302,0.0
1303,0.0
1304,0.0
1305,0.0
1306,0.0
1307,0.0
1308,0.0
1309,0.0
1310,0.0
1311,0.0
1312,0.0
1313,0.0
1314,0.0
1315,0.0
1316,0.0
1317,0.0
1318,0.0
1319,0.0
1320,0.0
1321,0.0
1322,0.0
1323,0.0
1324,0.0
1325,0.0
1326,0.0
1327,0.0
1328,0.0
1329,0.0
1330,0.0
1331,0.0
1332,0.0
1333,0.0
1334,0.0
1335,0.0
1336,0.0
1337,0.0
1338,0.0
1339,0.0
1340,0.0
1341,0.0
1342,0.0
1343,0.0
1344,0.0
1345,0.0
1346,0.0
1347,0.0
1348,0.0
1349,0.0
1350,0.0
1351,0.0
1352,0.0
1353,0.0
1354,0.0
1355,0.0
1356,0.0
1357,0.0
1358,0.0
1359,0.0
1360,0.0
1361,0.0
1362,0.0
1363,0.0
1364,0.0
1365,0.0
1366,0.0
1367,0.0
1368,0.0
1369,0.0
1370,0.0
1371,0.0
1372,0.0
1373,0.0
1374,0.0
1375,0.0
1375,2.0
1376,0.0
1376,2.0
1377,0.0
1378,0.0
1379,0.0
1380,0.0
1381,0.0
1382,0.0
1383,0.0
1384,0.0
1385,0.0
1386,0.0
1387,0.0
1388,0.0
1389,0.0
1390,0.0
1391,0.0
1392,0.0
1393,0.0
1394,0.0
1395,0.0
1396,0.0
1397,0.0
1398,0.0
1399,0.0
1400,0.0
1401,0.0
1402,0.0
1403,0.0
1404,0.0
1405,0.0
1406,0.0
1407,0.0
1408,0.0
1409,0.0
1410,0.0
1411,0.0
1412,0.0
1413,0.0
1414,0.0
1415,0.0
1416,0.0
1417,0.0
1418,0.0
1419,0.0
1420,0.0
1421,0.0
1422,0.0
1423,0.0
1424,0.0
1425,0.0
1426,0.0
1427,0.0
1428,0.0
1429,0.0
1430,0.0
1431,0.0
1432,0.0
1433,0.0
1434,0.0
1435,0.0
1436,0.0
1437,0.0
1438,0.0
1439,0.0
1440,0.0
1441,0.0
1442,0.0
1442,2.0
1443,0.0
1444,0.0
1445,0.0
1446,0.0
1447,0.0
1448,0.0
1449,0.0
1450,0.0
1451,0.0
1452,0.0
1453,0.0
1454,0.0
1455,0.0
1456,0.0
1457,0.0
1458,0.0
1459,0.0
1460,0.0
1461,0.0
1462,0.0
1463,0.0
1464,0.0
1465,0.0
1466,0.0
1467,0.0
1468,0.0
1469,0.0
1470,0.0
1471,0.0
1472,0.0
1473,0.0
1474,0.0
1475,0.0
1476,0.0
1477,0.0
1478,0.0
1479,0.0
1480,0.0
1481,0.0
1482,0.0
1483,0.0
1484,0.0
1485,0.0
1486,0.0
1487,0.0
1488,0.0
1489,0.0
1490,0.0
1491,0.0
1492,0.0
1493,0.0
1494,0.0
1495,0.0
1496,0.0
1497,0.0
1498,0.0
1499,0.0
1500,0.0
1501,0.0
1501,0.0
1502,0.0
1502,0.0
1503,0.0
1503,0.0
1504,0.0
1504,0.0
1505,0.0
1505,0.0
1506,0.0
1506,0.0
1507,0.0
1507,0.0
1508,0.0
1508,0.0
1509,0.0
1510,0.0
1511,0.0
1512,0.0
1513,0.0
1514,0.0
1515,0.0
1516,0.0
1517,0.0
1518,0.0
1519,0.0
1520,0.0
1521,0.0
1522,0.0
1523,0.0
1524,0.0
1525,0.0
1526,0.0
1527,0.0
1528,0.0
1529,0.0
1530,0.0
1531,0.0
1532,0.0
1533,0.0
1534,0.0
1535,0.0
1536,0.0
1537,0.0
1538,0.0
1539,0.0
1540,0.0
1541,0.0
1542,0.0
1543,0.0
1544,0.0
1545,0.0
1552,0.0
1553,0.0
1554,0.0
1555,0.0
1556,0.0
1560,0.0
1594,0.0
1595,0.0
1596,0.0
1597,0.0
1598,0.0
1598,39.0
1598,39.0
1599,0.0
1599,39.0
1599,39.0
1599,39.0
1600,0.0
1600,39.0
1600,39.0
1601,0.0
1601,39.0
1601,39.0
1602,0.0
1602,39.0
1602,39.0
1602,39.0
1603,0.0
1603,39.0
1603,39.0
1603,39.0
1604,0.0
1604,39.0
1604,39.0
1604,39.0
1604,39.0
1604,39.0
1605,0.0
1605,39.0
1605,39.0
1605,39.0
1605,39.0
1605,39.0
1606,0.0
1606,39.0
1606,39.0
1606,39.0
1606,39.0
1606,39.0
1607,0.0
1607,39.0
1607,39.0
1607,39.0
1607,39.0
1607,39.0
1608,0.0
1608,39.0
1608,39.0
1609,0.0
1609,39.0
1610,0.0
1610,39.0
1611,0.0
1611,39.0
1612,0.0
1612,39.0
1613,0.0
1613,39.0
1614,0.0
1614,39.0
1615,0.0
1615,39.0
1616,0.0
1616,39.0
1617,0.0
1617,39.0
1618,0.0
1618,39.0
1619,0.0
1619,39.0
1620,0.0
1621,0.0
1622,0.0
1623,0.0
1624,0.0
1625,0.0
1626,0.0
1627,0.0
1628,0.0
1629,0.0
1630,0.0
1631,0.0
1632,0.0
1633,0.0
1634,0.0
1635,0.0
1636,0.0
1637,0.0
1638,0.0
1639,0.0
1640,0.0
1641,0.0
1642,0.0
1643,0.0
1644,0.0
1645,0.0
1646,0.0
1647,0.0
1648,0.0
1649,0.0
1650,0.0
1651,0.0
1652,0.0
1653,0.0
1654,0.0
1655,0.0
1656,0.0
1657,0.0
1658,0.0
1659,0.0
1660,0.0
1661,0.0
1662,0.0
1663,0.0
1664,0.0
1665,0.0
1666,0.0
1667,0.0
1668,0.0
1669,0.0
1670,0.0
1671,0.0
1672,0.0
1673,0.0
1674,0.0
1675,0.0
1676,0.0
1677,0.0
1678,0.0
1679,0.0
1680,0.0
1681,0.0
1682,0.0
1683,0.0
1684,0.0
1685,0.0
1686,0.0
1686,39.0
1687,0.0
1688,0.0
1689,0.0
1690,0.0
1691,0.0
1692,0.0
1693,0.0
1694,0.0
1695,0.0
1696,0.0
1697,0.0
1698,0.0
1699,0.0
1700,0.0
1701,0.0
1701,0.0
1702,0.0
1702,0.0
1703,0.0
1703,0.0
1704,0.0
1704,0.0
1705,0.0
1705,0.0
1706,0.0
1706,0.0
1707,0.0
1707,0.0
1708,0.0
1708,0.0
1709,0.0
1709,0.0
1710,0.0
1710,0.0
1711,0.0
1711,0.0
1712,0.0
1712,0.0
1712,0.0
1713,0.0
1713,0.0
1714,0.0
1714,0.0
1715,0.0
1715,0.0
1716,0.0
1716,0.0
1717,0.0
1717,0.0
1718,0.0
1718,0.0
1719,0.0
1719,0.0
1720,0.0
1720,0.0
1721,0.0
1721,0.0
1722,0.0
1722,0.0
1723,0.0
1723,0.0
1724,0.0
1724,0.0
1725,0.0
1725,0.0
1726,0.0
1726,0.0
1727,0.0
1727,0.0
1728,0.0
1728,0.0
1729,0.0
1729,0.0
1730,0.0
1730,0.0
1730,39.0
1731,0.0
1732,0.0
1733,0.0
1733,39.0
1734,0.0
1734,39.0
1735,0.0
1736,0.0
1736,39.0
1737,0.0
1737,39.0
1738,0.0
1738,39.0
1739,0.0
1739,39.0
1740,0.0
1740,39.0
1741,0.0
1742,0.0
1743,0.0
1744,0.0
1745,0.0
1746,0.0
1746,39.0
1747,0.0
1747,39.0
1748,0.0
1748,39.0
1749,0.0
1750,0.0
1751,0.0
1752,0.0
1752,39.0
1753,0.0
1754,0.0
1754,39.0
1755,0.0
1755,39.0
1756,0.0
1756,39.0
1757,0.0
1757,39.0
1758,0.0
1758,39.0
1759,0.0
1760,0.0
1761,0.0
1761,39.0
1762,0.0
1762,39.0
1763,0.0
1763,39.0
1764,0.0
1765,0.0
1766,0.0
1767,0.0
1768,0.0
1769,0.0
1770,0.0
1771,0.0
1772,0.0
1773,0.0
1774,0.0
1775,0.0
1776,0.0
1777,0.0
1778,0.0
1779,0.0
1780,0.0
1781,0.0
1782,0.0
1783,0.0
1784,0.0
