1,2.0
1,2.0
1,2.0
2,2.0
2,2.0
2,2.0
3,2.0
3,2.0
3,2.0
4,2.0
4,2.0
4,2.0
5,2.0
5,2.0
5,2.0
6,2.0
6,2.0
6,2.0
7,2.0
7,2.0
7,2.0
8,2.0
8,2.0
8,2.0
9,2.0
9,2.0
9,2.0
10,2.0
10,2.0
10,2.0
11,2.0
11,2.0
11,2.0
12,2.0
12,2.0
12,2.0
13,2.0
13,2.0
13,2.0
14,2.0
14,2.0
14,2.0
15,2.0
15,2.0
15,2.0
16,2.0
16,2.0
16,2.0
17,2.0
17,2.0
17,2.0
18,2.0
18,2.0
18,2.0
19,2.0
19,2.0
19,2.0
20,2.0
20,2.0
20,2.0
21,2.0
21,2.0
21,2.0
22,2.0
22,2.0
22,2.0
23,2.0
23,2.0
23,2.0
24,2.0
24,2.0
24,2.0
25,2.0
25,2.0
25,2.0
26,2.0
26,2.0
26,2.0
27,2.0
27,2.0
27,2.0
28,2.0
28,2.0
28,2.0
29,2.0
29,2.0
29,2.0
30,2.0
30,2.0
30,2.0
31,2.0
31,2.0
31,2.0
32,2.0
32,2.0
32,2.0
33,2.0
33,2.0
33,2.0
34,2.0
34,2.0
34,2.0
35,2.0
35,2.0
35,2.0
36,2.0
36,2.0
36,2.0
37,2.0
37,2.0
37,2.0
38,2.0
38,2.0
38,2.0
39,2.0
39,2.0
39,2.0
40,2.0
40,2.0
40,2.0
41,2.0
41,2.0
41,2.0
42,2.0
42,2.0
42,2.0
43,2.0
43,2.0
43,2.0
44,2.0
44,2.0
44,2.0
45,2.0
45,2.0
45,2.0
46,2.0
46,2.0
46,2.0
47,2.0
47,2.0
47,2.0
48,2.0
48,2.0
48,2.0
49,2.0
49,2.0
49,2.0
50,2.0
50,2.0
50,2.0
51,2.0
51,2.0
51,2.0
52,2.0
52,2.0
52,2.0
53,2.0
53,2.0
53,2.0
54,2.0
54,2.0
54,2.0
55,2.0
55,2.0
55,2.0
56,2.0
56,2.0
56,2.0
57,2.0
57,2.0
57,2.0
58,2.0
58,2.0
58,2.0
59,2.0
59,2.0
59,2.0
60,2.0
60,2.0
60,2.0
61,2.0
61,2.0
61,2.0
62,2.0
62,2.0
62,2.0
63,2.0
63,2.0
63,2.0
64,2.0
64,2.0
64,2.0
65,2.0
65,2.0
65,2.0
66,2.0
66,2.0
66,2.0
67,2.0
67,2.0
67,2.0
68,2.0
68,2.0
68,2.0
69,2.0
69,2.0
69,2.0
70,2.0
70,2.0
70,2.0
71,2.0
71,2.0
71,2.0
72,2.0
72,2.0
72,2.0
73,2.0
73,2.0
73,2.0
74,2.0
74,2.0
74,2.0
75,2.0
75,2.0
75,2.0
76,2.0
76,2.0
76,2.0
77,2.0
77,2.0
77,2.0
78,2.0
78,2.0
78,2.0
79,2.0
79,2.0
79,2.0
79,2.0
80,2.0
80,2.0
80,2.0
81,2.0
81,2.0
81,2.0
81,2.0
82,2.0
82,2.0
82,2.0
82,2.0
83,2.0
83,2.0
83,2.0
83,2.0
84,2.0
84,2.0
84,2.0
84,2.0
84,7.0
85,2.0
85,2.0
85,2.0
85,2.0
86,2.0
86,2.0
86,2.0
87,2.0
87,2.0
87,2.0
87,7.0
88,2.0
88,2.0
88,2.0
88,2.0
88,7.0
89,2.0
89,2.0
89,2.0
89,2.0
89,7.0
90,2.0
90,2.0
90,2.0
90,2.0
90,7.0
91,2.0
91,2.0
91,2.0
91,2.0
91,7.0
92,2.0
92,2.0
92,2.0
92,2.0
92,7.0
93,2.0
93,2.0
93,2.0
93,2.0
93,7.0
94,2.0
94,2.0
94,2.0
94,2.0
94,7.0
95,2.0
95,2.0
95,2.0
95,2.0
95,7.0
96,2.0
96,2.0
96,2.0
96,2.0
96,7.0
97,2.0
97,2.0
97,2.0
97,2.0
97,7.0
98,2.0
98,2.0
98,2.0
98,2.0
98,7.0
99,2.0
99,2.0
99,2.0
99,2.0
99,7.0
100,2.0
100,2.0
100,2.0
100,2.0
100,7.0
101,2.0
101,2.0
101,2.0
101,2.0
101,7.0
102,2.0
102,2.0
102,2.0
102,2.0
102,7.0
103,2.0
103,2.0
103,2.0
103,2.0
103,7.0
104,2.0
104,2.0
104,2.0
104,2.0
105,2.0
105,2.0
105,2.0
105,2.0
106,2.0
106,2.0
106,2.0
106,2.0
107,2.0
107,2.0
107,2.0
107,2.0
108,2.0
108,2.0
108,2.0
108,2.0
109,2.0
109,2.0
109,2.0
109,2.0
110,2.0
110,2.0
110,2.0
110,2.0
111,2.0
111,2.0
111,2.0
111,2.0
112,2.0
112,2.0
112,2.0
112,2.0
113,2.0
113,2.0
113,2.0
113,2.0
114,2.0
114,2.0
114,2.0
114,2.0
115,2.0
115,2.0
115,2.0
115,2.0
116,2.0
116,2.0
116,2.0
116,2.0
117,2.0
117,2.0
117,2.0
117,2.0
118,2.0
118,2.0
118,2.0
118,2.0
119,2.0
119,2.0
119,2.0
119,2.0
120,2.0
120,2.0
120,2.0
120,2.0
121,2.0
121,2.0
121,2.0
121,2.0
122,2.0
122,2.0
122,2.0
122,2.0
123,2.0
123,2.0
123,2.0
123,2.0
124,2.0
124,2.0
124,2.0
124,2.0
125,2.0
125,2.0
125,2.0
125,2.0
126,2.0
126,2.0
126,2.0
126,2.0
127,2.0
127,2.0
127,2.0
127,2.0
128,2.0
128,2.0
128,2.0
128,2.0
129,2.0
129,2.0
129,2.0
129,2.0
130,2.0
130,2.0
130,2.0
130,2.0
131,2.0
131,2.0
131,2.0
131,2.0
132,2.0
132,2.0
132,2.0
132,2.0
133,2.0
133,2.0
133,2.0
133,2.0
134,2.0
134,2.0
134,2.0
134,2.0
135,2.0
135,2.0
135,2.0
135,2.0
136,2.0
136,2.0
136,2.0
136,2.0
137,2.0
137,2.0
137,2.0
137,2.0
138,2.0
138,2.0
138,2.0
138,2.0
139,2.0
139,2.0
139,2.0
139,2.0
140,2.0
140,2.0
140,2.0
140,2.0
141,2.0
141,2.0
141,2.0
141,2.0
142,2.0
142,2.0
142,2.0
142,2.0
143,2.0
143,2.0
143,2.0
143,2.0
144,2.0
144,2.0
144,2.0
144,2.0
145,2.0
145,2.0
145,2.0
145,2.0
146,2.0
146,2.0
146,2.0
146,2.0
147,2.0
147,2.0
147,2.0
147,2.0
148,2.0
148,2.0
148,2.0
148,2.0
149,2.0
149,2.0
149,2.0
149,2.0
150,2.0
150,2.0
150,2.0
150,2.0
151,2.0
151,2.0
151,2.0
151,2.0
151,2.0
152,2.0
152,2.0
152,2.0
152,2.0
152,2.0
153,2.0
153,2.0
153,2.0
153,2.0
153,2.0
154,2.0
154,2.0
154,2.0
155,2.0
155,2.0
155,2.0
156,2.0
156,2.0
156,2.0
156,2.0
157,2.0
157,2.0
157,2.0
157,2.0
158,2.0
158,2.0
158,2.0
158,2.0
159,2.0
159,2.0
159,2.0
160,2.0
160,2.0
160,2.0
161,2.0
161,2.0
161,2.0
162,2.0
162,2.0
162,2.0
162,2.0
162,2.0
163,2.0
163,2.0
163,2.0
163,2.0
164,2.0
164,2.0
164,2.0
164,2.0
165,2.0
165,2.0
165,2.0
165,2.0
166,2.0
166,2.0
166,2.0
167,2.0
167,2.0
167,2.0
168,2.0
168,2.0
168,2.0
168,7.0
169,2.0
169,2.0
169,2.0
169,2.0
169,7.0
170,2.0
170,0.0
170,2.0
170,2.0
170,2.0
170,7.0
171,2.0
171,2.0
171,2.0
171,0.0
171,7.0
172,2.0
172,2.0
172,2.0
172,0.0
172,7.0
173,2.0
173,2.0
173,2.0
173,0.0
173,7.0
174,2.0
174,2.0
174,0.0
174,2.0
174,7.0
175,2.0
175,2.0
175,0.0
175,2.0
175,7.0
175,2.0
176,2.0
176,2.0
176,0.0
176,2.0
176,7.0
177,2.0
177,0.0
177,2.0
177,2.0
177,7.0
178,2.0
178,0.0
178,2.0
178,2.0
178,7.0
179,2.0
179,0.0
179,2.0
179,2.0
179,7.0
180,2.0
180,0.0
180,2.0
180,2.0
180,7.0
181,2.0
181,0.0
181,2.0
181,2.0
182,2.0
182,0.0
182,2.0
182,2.0
183,2.0
183,0.0
183,2.0
183,2.0
184,2.0
184,0.0
184,2.0
184,2.0
185,2.0
185,0.0
185,2.0
185,2.0
186,2.0
186,0.0
186,2.0
186,2.0
187,2.0
187,0.0
187,2.0
187,2.0
188,2.0
188,0.0
188,2.0
188,1.0
188,2.0
189,2.0
189,0.0
189,2.0
189,1.0
189,2.0
190,2.0
190,0.0
190,2.0
190,1.0
190,2.0
191,2.0
191,0.0
191,2.0
191,1.0
191,2.0
192,2.0
192,0.0
192,2.0
192,1.0
192,2.0
193,2.0
193,0.0
193,1.0
193,2.0
193,2.0
194,2.0
194,0.0
194,1.0
194,2.0
194,2.0
195,2.0
195,0.0
195,1.0
195,2.0
195,2.0
196,2.0
196,1.0
196,0.0
196,2.0
196,2.0
196,1.0
197,2.0
197,1.0
197,0.0
197,2.0
197,2.0
197,1.0
198,2.0
198,0.0
198,1.0
198,2.0
198,2.0
199,2.0
199,0.0
199,1.0
199,2.0
199,2.0
200,2.0
200,1.0
200,0.0
200,2.0
200,2.0
201,2.0
201,0.0
201,1.0
201,2.0
201,2.0
202,2.0
202,0.0
202,1.0
202,2.0
202,2.0
203,2.0
203,0.0
203,1.0
203,2.0
203,2.0
204,0.0
204,2.0
204,1.0
204,2.0
204,2.0
205,2.0
205,1.0
205,0.0
205,2.0
205,2.0
205,13.0
206,2.0
206,1.0
206,0.0
206,2.0
206,2.0
206,13.0
207,2.0
207,0.0
207,1.0
207,2.0
207,2.0
208,0.0
208,2.0
208,1.0
208,2.0
208,2.0
209,0.0
209,2.0
209,1.0
209,2.0
209,2.0
210,0.0
210,2.0
210,1.0
210,2.0
210,2.0
211,1.0
211,2.0
211,0.0
211,2.0
211,2.0
212,1.0
212,2.0
212,0.0
212,2.0
212,2.0
213,1.0
213,0.0
213,2.0
213,2.0
213,2.0
214,0.0
214,1.0
214,2.0
214,2.0
214,2.0
215,0.0
215,1.0
215,2.0
215,2.0
215,2.0
216,1.0
216,2.0
216,0.0
216,2.0
216,2.0
216,2.0
217,1.0
217,2.0
217,0.0
217,2.0
217,2.0
217,2.0
218,2.0
218,1.0
218,0.0
218,2.0
218,2.0
218,2.0
219,1.0
219,2.0
219,0.0
219,2.0
219,2.0
219,2.0
220,0.0
220,2.0
220,1.0
220,2.0
220,2.0
221,0.0
221,2.0
221,1.0
221,2.0
221,2.0
222,2.0
222,1.0
222,0.0
222,2.0
222,2.0
222,7.0
223,2.0
223,1.0
223,0.0
223,2.0
223,2.0
223,7.0
224,2.0
224,0.0
224,1.0
224,2.0
224,2.0
224,7.0
225,2.0
225,0.0
225,1.0
225,2.0
225,2.0
225,7.0
226,2.0
226,1.0
226,0.0
226,2.0
226,2.0
226,7.0
227,2.0
227,1.0
227,0.0
227,2.0
227,2.0
227,7.0
228,2.0
228,1.0
228,0.0
228,2.0
228,2.0
228,7.0
229,2.0
229,1.0
229,0.0
229,2.0
229,2.0
229,2.0
229,7.0
230,2.0
230,1.0
230,0.0
230,2.0
230,2.0
230,2.0
230,2.0
230,7.0
231,2.0
231,1.0
231,0.0
231,2.0
231,2.0
231,2.0
231,2.0
231,7.0
232,2.0
232,1.0
232,0.0
232,2.0
232,2.0
232,2.0
233,2.0
233,1.0
233,0.0
233,2.0
233,2.0
233,2.0
234,2.0
234,1.0
234,0.0
234,2.0
234,2.0
234,2.0
235,2.0
235,1.0
235,0.0
235,2.0
235,2.0
235,2.0
236,2.0
236,1.0
236,2.0
236,0.0
236,2.0
236,2.0
237,2.0
237,1.0
237,0.0
237,2.0
237,2.0
237,2.0
238,2.0
238,1.0
238,0.0
238,2.0
238,2.0
238,2.0
239,2.0
239,1.0
239,0.0
239,2.0
239,2.0
239,2.0
240,2.0
240,1.0
240,0.0
240,2.0
240,2.0
240,2.0
241,2.0
241,2.0
241,0.0
241,1.0
241,2.0
242,2.0
242,0.0
242,2.0
242,1.0
242,2.0
243,2.0
243,2.0
243,0.0
243,1.0
243,2.0
244,2.0
244,0.0
244,1.0
244,2.0
244,2.0
245,2.0
245,0.0
245,1.0
245,2.0
245,2.0
246,2.0
246,0.0
246,1.0
246,2.0
246,2.0
247,2.0
247,0.0
247,2.0
247,1.0
247,2.0
248,2.0
248,0.0
248,2.0
248,1.0
248,2.0
248,2.0
249,2.0
249,0.0
249,1.0
249,2.0
249,2.0
250,2.0
250,0.0
250,1.0
250,2.0
250,2.0
251,2.0
251,0.0
251,1.0
251,2.0
251,2.0
252,2.0
252,0.0
252,2.0
252,2.0
252,1.0
253,2.0
253,0.0
253,2.0
253,2.0
253,1.0
254,2.0
254,0.0
254,2.0
254,2.0
254,1.0
255,2.0
255,0.0
255,2.0
255,2.0
255,1.0
256,2.0
256,2.0
256,0.0
256,2.0
256,1.0
257,2.0
257,2.0
257,0.0
257,2.0
257,1.0
258,2.0
258,2.0
258,0.0
258,2.0
259,2.0
259,2.0
259,0.0
259,2.0
260,2.0
260,2.0
260,0.0
260,2.0
260,2.0
261,2.0
261,2.0
261,0.0
261,2.0
261,2.0
262,2.0
262,2.0
262,2.0
262,2.0
263,2.0
263,2.0
263,2.0
263,2.0
264,2.0
264,2.0
264,2.0
264,2.0
265,2.0
265,2.0
265,2.0
266,2.0
266,2.0
266,2.0
267,2.0
267,2.0
267,2.0
268,2.0
268,2.0
268,2.0
269,2.0
269,2.0
269,2.0
270,2.0
270,2.0
270,2.0
271,2.0
271,2.0
271,2.0
272,2.0
272,2.0
272,2.0
272,2.0
273,2.0
273,2.0
273,2.0
273,2.0
274,2.0
274,2.0
274,2.0
275,2.0
275,2.0
275,2.0
276,2.0
276,2.0
276,2.0
276,2.0
276,2.0
277,2.0
277,2.0
277,2.0
277,2.0
277,2.0
278,2.0
278,2.0
278,2.0
278,2.0
278,2.0
279,2.0
279,2.0
279,2.0
279,2.0
279,2.0
280,2.0
280,2.0
280,2.0
280,2.0
280,2.0
281,2.0
281,2.0
281,2.0
281,2.0
281,2.0
282,2.0
282,2.0
282,2.0
282,2.0
283,2.0
283,2.0
283,2.0
284,2.0
284,2.0
284,2.0
285,2.0
285,2.0
285,2.0
285,2.0
285,2.0
286,2.0
286,2.0
286,2.0
286,2.0
286,0.0
287,2.0
287,2.0
287,2.0
287,2.0
287,0.0
288,2.0
288,2.0
288,2.0
288,2.0
288,0.0
288,2.0
289,2.0
289,2.0
289,2.0
289,2.0
289,0.0
289,2.0
290,2.0
290,2.0
290,2.0
290,2.0
291,2.0
291,2.0
291,2.0
291,2.0
291,0.0
292,2.0
292,2.0
292,2.0
292,2.0
293,2.0
293,2.0
293,2.0
293,2.0
294,2.0
294,2.0
294,2.0
294,2.0
294,0.0
295,2.0
295,2.0
295,2.0
295,2.0
295,0.0
296,2.0
296,2.0
296,2.0
296,2.0
296,0.0
297,2.0
297,2.0
297,2.0
297,2.0
297,0.0
298,2.0
298,2.0
298,2.0
298,2.0
299,2.0
299,2.0
299,2.0
299,2.0
300,2.0
300,2.0
300,2.0
300,2.0
301,2.0
301,2.0
301,2.0
302,2.0
302,2.0
302,2.0
303,2.0
303,2.0
303,2.0
303,2.0
304,2.0
304,2.0
304,2.0
304,2.0
305,2.0
305,2.0
305,2.0
305,2.0
306,2.0
306,2.0
306,2.0
307,2.0
307,2.0
307,2.0
308,2.0
308,2.0
308,2.0
309,2.0
309,2.0
309,2.0
310,2.0
310,2.0
310,2.0
311,2.0
311,2.0
311,2.0
312,2.0
312,2.0
312,2.0
312,2.0
313,2.0
313,2.0
313,2.0
313,2.0
314,2.0
314,2.0
314,2.0
314,2.0
314,2.0
315,2.0
315,2.0
315,2.0
315,2.0
315,2.0
316,2.0
316,2.0
316,2.0
317,2.0
317,2.0
317,2.0
318,2.0
318,2.0
318,2.0
319,2.0
319,2.0
319,2.0
320,2.0
320,2.0
320,2.0
321,2.0
321,2.0
321,2.0
322,2.0
322,2.0
322,2.0
322,2.0
323,2.0
323,2.0
323,2.0
323,2.0
324,2.0
324,2.0
324,2.0
325,2.0
325,2.0
325,2.0
325,2.0
326,2.0
326,2.0
326,2.0
326,2.0
327,2.0
327,2.0
327,2.0
327,2.0
327,2.0
328,2.0
328,2.0
328,2.0
328,2.0
329,2.0
329,2.0
329,2.0
329,2.0
330,2.0
330,2.0
330,2.0
330,2.0
331,2.0
331,2.0
331,2.0
331,2.0
332,2.0
332,2.0
332,2.0
332,2.0
332,2.0
333,2.0
333,2.0
333,2.0
333,2.0
333,2.0
334,2.0
334,2.0
334,2.0
334,2.0
334,2.0
335,2.0
335,2.0
335,2.0
335,2.0
335,2.0
336,2.0
336,2.0
336,2.0
336,2.0
336,2.0
337,2.0
337,2.0
337,2.0
337,2.0
338,2.0
338,2.0
338,2.0
338,2.0
339,2.0
339,2.0
339,2.0
339,2.0
340,2.0
340,2.0
340,2.0
340,2.0
341,2.0
341,2.0
341,2.0
341,2.0
342,2.0
342,2.0
342,2.0
342,2.0
342,2.0
343,2.0
343,2.0
343,2.0
343,2.0
343,2.0
344,2.0
344,2.0
344,2.0
344,2.0
344,2.0
345,2.0
345,2.0
345,2.0
345,2.0
346,2.0
346,2.0
346,2.0
346,2.0
347,2.0
347,2.0
347,2.0
347,2.0
348,2.0
348,2.0
348,2.0
348,2.0
349,2.0
349,2.0
349,2.0
349,2.0
350,2.0
350,2.0
350,2.0
350,2.0
351,2.0
351,2.0
351,2.0
351,2.0
352,2.0
352,2.0
352,2.0
353,2.0
353,2.0
353,2.0
354,2.0
354,2.0
354,2.0
355,2.0
355,2.0
355,2.0
356,2.0
356,2.0
356,2.0
357,2.0
357,2.0
357,2.0
358,2.0
358,2.0
358,2.0
359,2.0
359,2.0
359,2.0
360,2.0
360,2.0
360,2.0
361,2.0
361,2.0
361,2.0
362,2.0
362,2.0
362,2.0
363,2.0
363,2.0
363,2.0
364,2.0
364,2.0
364,2.0
365,2.0
365,2.0
365,2.0
366,2.0
366,2.0
366,2.0
366,7.0
367,2.0
367,2.0
367,2.0
368,2.0
368,2.0
368,2.0
369,2.0
369,2.0
369,2.0
369,7.0
370,2.0
370,2.0
370,2.0
370,7.0
371,2.0
371,2.0
371,2.0
371,7.0
372,2.0
372,2.0
372,2.0
372,7.0
373,2.0
373,2.0
373,2.0
373,7.0
374,2.0
374,2.0
374,2.0
374,7.0
375,2.0
375,2.0
375,2.0
375,7.0
376,2.0
376,2.0
376,2.0
376,7.0
377,2.0
377,2.0
377,2.0
377,7.0
378,2.0
378,2.0
378,2.0
378,7.0
379,2.0
379,2.0
379,2.0
379,7.0
380,2.0
380,2.0
380,2.0
380,7.0
381,2.0
381,2.0
381,2.0
381,7.0
382,2.0
382,2.0
382,2.0
382,2.0
382,7.0
383,2.0
383,2.0
383,2.0
383,2.0
383,7.0
384,2.0
384,2.0
384,2.0
384,2.0
384,7.0
385,2.0
385,2.0
385,2.0
385,2.0
385,7.0
386,2.0
386,2.0
386,2.0
386,2.0
386,7.0
387,2.0
387,2.0
387,2.0
387,2.0
387,7.0
388,2.0
388,2.0
388,2.0
388,2.0
388,7.0
389,2.0
389,2.0
389,2.0
389,2.0
389,7.0
390,2.0
390,2.0
390,2.0
390,2.0
390,7.0
391,2.0
391,2.0
391,2.0
391,2.0
391,7.0
392,2.0
392,2.0
392,2.0
392,2.0
392,2.0
393,2.0
393,2.0
393,2.0
393,2.0
394,2.0
394,2.0
394,2.0
394,7.0
394,2.0
395,2.0
395,2.0
395,2.0
395,7.0
395,2.0
396,2.0
396,2.0
396,2.0
397,2.0
397,2.0
397,2.0
398,2.0
398,2.0
398,2.0
399,2.0
399,2.0
399,2.0
400,2.0
400,2.0
400,2.0
401,2.0
401,2.0
401,2.0
402,2.0
402,2.0
402,2.0
403,2.0
403,2.0
403,2.0
404,2.0
404,2.0
404,2.0
405,2.0
405,2.0
405,2.0
406,2.0
406,2.0
406,2.0
406,2.0
407,2.0
407,2.0
407,2.0
407,2.0
408,2.0
408,2.0
408,2.0
408,2.0
409,2.0
409,2.0
409,2.0
409,2.0
410,2.0
410,2.0
410,2.0
410,2.0
411,2.0
411,2.0
411,2.0
411,2.0
412,2.0
412,2.0
412,2.0
412,2.0
413,2.0
413,2.0
413,2.0
413,2.0
414,2.0
414,2.0
414,2.0
414,2.0
415,2.0
415,2.0
415,2.0
415,2.0
416,2.0
416,2.0
416,2.0
416,2.0
417,2.0
417,2.0
417,2.0
417,2.0
418,2.0
418,2.0
418,2.0
418,2.0
419,2.0
419,2.0
419,2.0
419,2.0
420,2.0
420,2.0
420,2.0
420,2.0
421,2.0
421,2.0
421,2.0
421,2.0
422,2.0
422,2.0
422,2.0
422,2.0
423,2.0
423,2.0
423,2.0
423,2.0
423,2.0
424,2.0
424,2.0
424,2.0
424,2.0
425,2.0
425,2.0
425,2.0
425,2.0
426,2.0
426,2.0
426,2.0
426,2.0
427,2.0
427,2.0
427,2.0
427,3.0
427,2.0
428,2.0
428,2.0
428,2.0
428,3.0
428,2.0
429,2.0
429,2.0
429,3.0
429,2.0
430,2.0
430,2.0
430,3.0
430,2.0
431,2.0
431,2.0
431,3.0
431,2.0
432,2.0
432,2.0
432,3.0
432,2.0
432,2.0
433,2.0
433,2.0
433,3.0
433,2.0
433,2.0
433,0.0
434,2.0
434,2.0
434,3.0
434,2.0
434,2.0
435,2.0
435,2.0
435,2.0
435,3.0
435,0.0
435,2.0
436,2.0
436,2.0
436,2.0
436,3.0
436,2.0
436,0.0
436,1.0
437,2.0
437,2.0
437,2.0
437,3.0
437,2.0
437,0.0
438,2.0
438,2.0
438,2.0
438,2.0
438,0.0
439,2.0
439,2.0
439,2.0
439,2.0
440,2.0
440,2.0
440,2.0
440,2.0
440,0.0
441,2.0
441,2.0
441,2.0
441,2.0
442,2.0
442,2.0
442,2.0
442,2.0
443,2.0
443,2.0
443,2.0
443,2.0
444,2.0
444,2.0
444,2.0
444,2.0
445,2.0
445,2.0
445,2.0
445,2.0
446,2.0
446,2.0
446,2.0
446,2.0
447,2.0
447,2.0
447,2.0
447,2.0
448,2.0
448,2.0
448,2.0
448,2.0
449,2.0
449,2.0
449,2.0
449,2.0
450,2.0
450,2.0
450,2.0
450,2.0
451,2.0
451,2.0
451,2.0
451,2.0
451,2.0
452,2.0
452,2.0
452,2.0
452,2.0
452,2.0
453,2.0
453,2.0
453,2.0
453,2.0
453,0.0
454,2.0
454,2.0
454,0.0
454,2.0
454,2.0
454,2.0
455,2.0
455,2.0
455,0.0
455,2.0
455,2.0
455,2.0
456,2.0
456,2.0
456,2.0
456,0.0
456,2.0
457,2.0
457,2.0
457,2.0
457,0.0
457,2.0
458,2.0
458,2.0
458,2.0
458,0.0
458,2.0
459,2.0
459,2.0
459,2.0
459,2.0
459,0.0
459,2.0
460,2.0
460,2.0
460,2.0
460,2.0
460,3.0
460,2.0
461,2.0
461,2.0
461,2.0
461,2.0
461,3.0
461,2.0
462,2.0
462,2.0
462,2.0
462,2.0
462,0.0
463,2.0
463,2.0
463,2.0
463,0.0
463,2.0
463,2.0
464,2.0
464,2.0
464,2.0
464,2.0
464,2.0
465,2.0
465,2.0
465,2.0
465,2.0
466,2.0
466,2.0
466,2.0
466,2.0
467,2.0
467,2.0
467,2.0
467,2.0
468,2.0
468,2.0
468,2.0
468,2.0
469,2.0
469,2.0
469,2.0
469,2.0
469,2.0
470,2.0
470,2.0
470,2.0
470,2.0
470,0.0
470,2.0
470,3.0
471,2.0
471,2.0
471,2.0
471,2.0
471,2.0
471,0.0
472,2.0
472,2.0
472,2.0
472,2.0
472,2.0
472,3.0
473,2.0
473,2.0
473,2.0
473,2.0
473,2.0
474,2.0
474,2.0
474,2.0
474,2.0
474,2.0
475,2.0
475,2.0
475,2.0
475,2.0
475,3.0
475,0.0
475,3.0
475,2.0
476,2.0
476,2.0
476,2.0
476,2.0
476,2.0
476,3.0
476,0.0
476,3.0
477,2.0
477,2.0
477,2.0
477,2.0
477,3.0
477,3.0
477,2.0
478,2.0
478,2.0
478,2.0
478,3.0
478,2.0
478,2.0
478,3.0
479,2.0
479,2.0
479,2.0
479,3.0
479,2.0
479,2.0
479,3.0
480,2.0
480,2.0
480,2.0
480,3.0
480,2.0
480,3.0
480,2.0
481,2.0
481,2.0
481,2.0
481,3.0
481,2.0
481,0.0
481,3.0
482,2.0
482,2.0
482,2.0
482,2.0
483,2.0
483,2.0
483,2.0
483,2.0
484,2.0
484,2.0
484,2.0
485,2.0
485,2.0
485,2.0
486,2.0
486,2.0
486,2.0
487,2.0
487,2.0
487,2.0
488,2.0
488,2.0
488,2.0
488,3.0
488,3.0
489,2.0
489,2.0
489,2.0
489,3.0
489,3.0
490,2.0
490,2.0
490,2.0
490,3.0
490,2.0
490,2.0
491,2.0
491,2.0
491,2.0
491,3.0
491,2.0
491,2.0
492,2.0
492,2.0
492,2.0
492,3.0
492,2.0
493,2.0
493,2.0
493,2.0
493,3.0
493,2.0
493,2.0
494,2.0
494,2.0
494,2.0
494,3.0
494,2.0
495,2.0
495,2.0
495,2.0
495,3.0
495,2.0
496,2.0
496,2.0
496,2.0
496,3.0
496,3.0
497,2.0
497,2.0
497,2.0
497,3.0
497,3.0
498,2.0
498,2.0
498,2.0
498,3.0
498,3.0
499,2.0
499,2.0
499,2.0
499,3.0
499,2.0
499,3.0
500,2.0
500,2.0
500,2.0
500,3.0
500,3.0
501,2.0
501,2.0
501,2.0
501,3.0
501,3.0
502,2.0
502,2.0
502,2.0
502,3.0
502,3.0
503,2.0
503,2.0
503,2.0
503,3.0
503,3.0
504,2.0
504,2.0
504,2.0
504,3.0
504,3.0
505,2.0
505,2.0
505,2.0
505,3.0
506,2.0
506,2.0
506,2.0
506,3.0
507,2.0
507,2.0
507,2.0
507,3.0
507,3.0
508,2.0
508,2.0
508,2.0
508,3.0
508,3.0
509,2.0
509,2.0
509,2.0
509,3.0
509,3.0
510,2.0
510,2.0
510,2.0
510,3.0
510,3.0
511,2.0
511,2.0
511,3.0
511,3.0
511,2.0
512,2.0
512,2.0
512,3.0
512,3.0
512,2.0
513,2.0
513,2.0
513,3.0
513,3.0
513,2.0
514,2.0
514,2.0
514,3.0
514,3.0
514,2.0
515,2.0
515,2.0
515,3.0
515,3.0
515,2.0
516,2.0
516,2.0
516,3.0
516,3.0
516,2.0
517,2.0
517,2.0
517,3.0
517,2.0
517,3.0
518,2.0
518,2.0
518,3.0
518,3.0
518,2.0
519,2.0
519,2.0
519,3.0
519,3.0
519,2.0
520,2.0
520,2.0
520,3.0
520,3.0
520,2.0
521,2.0
521,2.0
521,3.0
521,3.0
521,2.0
522,2.0
522,2.0
522,3.0
522,2.0
522,3.0
522,2.0
523,2.0
523,2.0
523,3.0
523,2.0
523,3.0
524,2.0
524,2.0
524,3.0
524,2.0
525,2.0
525,2.0
525,3.0
525,2.0
526,2.0
526,2.0
526,3.0
526,3.0
526,0.0
526,2.0
527,2.0
527,2.0
527,3.0
527,3.0
527,0.0
527,2.0
528,2.0
528,2.0
528,3.0
528,0.0
528,3.0
528,2.0
529,2.0
529,2.0
529,3.0
529,0.0
529,3.0
529,2.0
530,2.0
530,2.0
530,3.0
530,0.0
530,3.0
530,2.0
531,2.0
531,2.0
531,3.0
531,0.0
531,3.0
531,2.0
532,2.0
532,2.0
532,3.0
532,2.0
532,0.0
532,3.0
533,2.0
533,2.0
533,3.0
533,2.0
533,0.0
533,3.0
534,2.0
534,2.0
534,3.0
534,2.0
534,0.0
535,2.0
535,2.0
535,3.0
535,2.0
535,0.0
535,3.0
536,2.0
536,2.0
536,3.0
536,0.0
536,3.0
536,2.0
537,2.0
537,2.0
537,3.0
537,0.0
537,2.0
537,3.0
538,2.0
538,2.0
538,3.0
538,0.0
538,3.0
538,2.0
539,2.0
539,2.0
539,3.0
539,0.0
539,3.0
539,2.0
540,2.0
540,2.0
540,3.0
540,0.0
540,3.0
540,2.0
541,2.0
541,2.0
541,2.0
541,3.0
542,2.0
542,2.0
542,3.0
542,2.0
543,2.0
543,2.0
543,3.0
543,2.0
543,0.0
544,2.0
544,2.0
544,0.0
544,3.0
544,2.0
544,2.0
544,3.0
545,2.0
545,2.0
545,0.0
545,3.0
545,2.0
545,2.0
545,3.0
546,2.0
546,2.0
546,0.0
546,3.0
546,2.0
547,2.0
547,2.0
547,3.0
547,0.0
547,2.0
548,2.0
548,2.0
548,3.0
548,0.0
548,2.0
549,2.0
549,2.0
549,3.0
549,2.0
549,0.0
550,2.0
550,2.0
550,3.0
550,0.0
550,2.0
551,2.0
551,2.0
551,3.0
551,0.0
551,2.0
552,2.0
552,2.0
552,3.0
552,0.0
552,2.0
553,2.0
553,2.0
553,3.0
553,0.0
553,2.0
554,2.0
554,2.0
554,3.0
554,0.0
554,2.0
555,2.0
555,2.0
555,3.0
555,0.0
555,2.0
556,2.0
556,2.0
556,3.0
556,2.0
557,2.0
557,2.0
557,3.0
557,2.0
558,2.0
558,2.0
558,3.0
558,2.0
559,2.0
559,2.0
559,3.0
559,2.0
560,2.0
560,2.0
560,3.0
560,0.0
560,2.0
561,2.0
561,2.0
561,3.0
561,0.0
561,2.0
562,2.0
562,2.0
562,3.0
562,2.0
563,2.0
563,2.0
563,3.0
563,2.0
564,2.0
564,2.0
564,3.0
564,2.0
565,2.0
565,2.0
565,3.0
565,2.0
566,2.0
566,2.0
566,3.0
566,2.0
567,2.0
567,2.0
567,3.0
567,2.0
568,2.0
568,2.0
568,3.0
568,2.0
569,2.0
569,2.0
569,3.0
569,2.0
570,2.0
570,2.0
570,3.0
570,2.0
571,2.0
571,2.0
571,3.0
571,2.0
572,2.0
572,2.0
572,3.0
572,2.0
573,2.0
573,2.0
573,3.0
573,2.0
574,2.0
574,2.0
574,3.0
574,2.0
575,2.0
575,2.0
575,3.0
575,2.0
576,2.0
576,2.0
576,3.0
576,2.0
577,2.0
577,2.0
577,3.0
577,2.0
578,2.0
578,2.0
578,3.0
578,0.0
578,2.0
579,2.0
579,2.0
579,3.0
579,0.0
579,2.0
580,2.0
580,2.0
580,3.0
580,0.0
580,2.0
581,2.0
581,2.0
581,3.0
581,0.0
581,2.0
582,2.0
582,2.0
582,3.0
582,2.0
582,0.0
583,2.0
583,2.0
583,3.0
583,2.0
583,0.0
583,2.0
584,2.0
584,2.0
584,3.0
584,2.0
584,2.0
585,2.0
585,2.0
585,3.0
585,2.0
585,2.0
586,2.0
586,2.0
586,3.0
586,2.0
586,2.0
587,2.0
587,2.0
587,3.0
587,2.0
587,2.0
588,2.0
588,2.0
588,3.0
588,2.0
588,2.0
589,2.0
589,2.0
589,3.0
589,2.0
589,2.0
590,2.0
590,2.0
590,3.0
590,2.0
590,2.0
591,2.0
591,2.0
591,3.0
591,2.0
591,2.0
592,2.0
592,2.0
592,3.0
592,2.0
592,2.0
593,2.0
593,2.0
593,3.0
593,2.0
593,2.0
594,2.0
594,2.0
594,3.0
594,2.0
594,2.0
595,2.0
595,2.0
595,3.0
595,2.0
595,2.0
596,2.0
596,2.0
596,3.0
596,2.0
596,2.0
597,2.0
597,2.0
597,3.0
597,2.0
597,2.0
598,2.0
598,2.0
598,3.0
598,2.0
598,2.0
599,2.0
599,2.0
599,3.0
599,2.0
599,2.0
600,2.0
600,2.0
600,3.0
600,2.0
600,2.0
601,2.0
601,2.0
601,3.0
601,2.0
601,2.0
602,2.0
602,2.0
602,3.0
602,2.0
602,2.0
603,2.0
603,2.0
603,3.0
603,2.0
603,2.0
604,2.0
604,2.0
604,3.0
604,2.0
604,2.0
605,2.0
605,2.0
605,3.0
605,2.0
605,2.0
606,2.0
606,2.0
606,3.0
606,2.0
606,2.0
607,2.0
607,2.0
607,3.0
607,2.0
607,2.0
608,2.0
608,2.0
608,3.0
608,2.0
608,2.0
609,2.0
609,2.0
609,3.0
609,2.0
609,2.0
610,2.0
610,2.0
610,3.0
610,2.0
610,2.0
611,2.0
611,2.0
611,3.0
611,2.0
611,2.0
612,2.0
612,2.0
612,3.0
612,2.0
612,2.0
613,2.0
613,2.0
613,3.0
613,2.0
613,2.0
614,2.0
614,2.0
614,3.0
614,2.0
614,2.0
615,2.0
615,2.0
615,3.0
615,2.0
615,2.0
616,2.0
616,2.0
616,3.0
616,2.0
616,2.0
617,2.0
617,2.0
617,3.0
617,2.0
617,2.0
618,2.0
618,2.0
618,3.0
618,2.0
618,2.0
619,2.0
619,2.0
619,3.0
619,2.0
619,2.0
620,2.0
620,2.0
620,3.0
620,2.0
620,2.0
621,2.0
621,2.0
621,3.0
621,2.0
621,2.0
622,2.0
622,2.0
622,3.0
622,2.0
622,2.0
623,2.0
623,2.0
623,3.0
623,2.0
623,2.0
624,2.0
624,2.0
624,3.0
624,2.0
624,2.0
625,2.0
625,2.0
625,3.0
625,2.0
625,2.0
626,2.0
626,2.0
626,3.0
626,2.0
626,2.0
627,2.0
627,2.0
627,3.0
627,2.0
627,2.0
628,2.0
628,2.0
628,3.0
628,2.0
628,2.0
629,2.0
629,2.0
629,3.0
629,2.0
629,2.0
630,2.0
630,2.0
630,3.0
630,2.0
630,2.0
631,2.0
631,2.0
631,3.0
631,2.0
631,2.0
632,2.0
632,2.0
632,3.0
632,2.0
633,2.0
633,2.0
633,3.0
633,2.0
634,2.0
634,2.0
634,3.0
634,2.0
635,2.0
635,2.0
635,3.0
635,2.0
635,2.0
636,2.0
636,2.0
636,3.0
636,2.0
636,2.0
637,2.0
637,2.0
637,3.0
637,2.0
637,2.0
638,2.0
638,2.0
638,3.0
638,2.0
638,2.0
639,2.0
639,2.0
639,3.0
639,2.0
639,2.0
640,2.0
640,2.0
640,3.0
640,2.0
640,2.0
641,2.0
641,2.0
641,3.0
641,2.0
641,2.0
642,2.0
642,2.0
642,2.0
642,3.0
642,2.0
643,2.0
643,2.0
643,2.0
643,2.0
643,3.0
644,2.0
644,2.0
644,3.0
644,2.0
644,2.0
645,2.0
645,2.0
645,3.0
645,2.0
645,2.0
646,2.0
646,2.0
646,3.0
646,2.0
646,2.0
647,2.0
647,2.0
647,3.0
647,2.0
647,2.0
648,2.0
648,2.0
648,3.0
648,0.0
648,2.0
648,2.0
649,2.0
649,2.0
649,3.0
649,0.0
649,2.0
649,2.0
650,2.0
650,2.0
650,3.0
650,0.0
650,2.0
650,2.0
651,2.0
651,2.0
651,3.0
651,0.0
651,2.0
651,2.0
652,2.0
652,2.0
652,3.0
652,2.0
652,2.0
653,2.0
653,2.0
653,3.0
653,2.0
653,2.0
654,2.0
654,2.0
654,3.0
654,2.0
654,2.0
655,2.0
655,2.0
655,3.0
655,2.0
655,2.0
656,2.0
656,2.0
656,3.0
656,2.0
656,2.0
657,2.0
657,2.0
657,3.0
657,2.0
657,2.0
658,2.0
658,2.0
658,3.0
658,2.0
658,2.0
659,2.0
659,2.0
659,3.0
659,2.0
659,2.0
660,2.0
660,2.0
660,3.0
660,2.0
660,2.0
661,2.0
661,2.0
661,3.0
661,2.0
661,2.0
662,2.0
662,2.0
662,3.0
662,2.0
662,2.0
663,2.0
663,2.0
663,3.0
663,2.0
663,0.0
663,2.0
664,2.0
664,2.0
664,3.0
664,0.0
664,2.0
664,2.0
665,2.0
665,2.0
665,3.0
665,0.0
665,2.0
665,2.0
666,2.0
666,2.0
666,3.0
666,0.0
666,2.0
666,2.0
667,2.0
667,2.0
667,3.0
667,0.0
667,2.0
667,2.0
668,2.0
668,2.0
668,3.0
668,0.0
668,2.0
668,2.0
669,2.0
669,2.0
669,3.0
669,0.0
669,2.0
669,2.0
670,2.0
670,2.0
670,3.0
670,2.0
670,2.0
671,2.0
671,2.0
671,3.0
671,2.0
671,2.0
672,2.0
672,2.0
672,3.0
672,2.0
672,2.0
672,0.0
673,2.0
673,2.0
673,3.0
673,0.0
673,2.0
673,3.0
673,2.0
674,2.0
674,2.0
674,3.0
674,2.0
674,3.0
674,2.0
674,0.0
675,2.0
675,2.0
675,3.0
675,0.0
675,3.0
675,2.0
675,2.0
676,2.0
676,2.0
676,3.0
676,2.0
676,2.0
677,2.0
677,2.0
677,3.0
677,2.0
677,2.0
678,2.0
678,2.0
678,3.0
678,2.0
678,2.0
679,2.0
679,2.0
679,3.0
679,0.0
679,3.0
679,2.0
679,2.0
680,2.0
680,2.0
680,3.0
680,0.0
680,3.0
680,2.0
680,2.0
681,2.0
681,2.0
681,3.0
681,0.0
681,2.0
681,2.0
682,2.0
682,2.0
682,0.0
682,3.0
682,3.0
682,2.0
682,2.0
683,2.0
683,2.0
683,0.0
683,3.0
683,3.0
683,2.0
683,2.0
684,2.0
684,2.0
684,0.0
684,3.0
684,3.0
684,2.0
684,2.0
685,2.0
685,2.0
685,0.0
685,3.0
685,3.0
685,2.0
685,2.0
686,2.0
686,2.0
686,0.0
686,3.0
686,3.0
686,2.0
686,2.0
687,2.0
687,2.0
687,0.0
687,3.0
687,2.0
687,2.0
687,3.0
688,2.0
688,2.0
688,0.0
688,3.0
688,2.0
688,3.0
688,2.0
689,2.0
689,2.0
689,0.0
689,3.0
689,2.0
689,3.0
689,2.0
690,2.0
690,2.0
690,0.0
690,3.0
690,2.0
690,2.0
691,2.0
691,2.0
691,0.0
691,3.0
691,2.0
691,2.0
692,2.0
692,2.0
692,0.0
692,3.0
692,2.0
692,2.0
693,2.0
693,2.0
693,0.0
693,3.0
693,2.0
693,2.0
694,2.0
694,2.0
694,0.0
694,3.0
694,2.0
694,2.0
695,2.0
695,2.0
695,0.0
695,3.0
695,2.0
695,2.0
696,2.0
696,2.0
696,0.0
696,3.0
696,2.0
696,2.0
697,2.0
697,2.0
697,0.0
697,3.0
697,2.0
697,2.0
698,2.0
698,2.0
698,3.0
698,0.0
698,2.0
698,2.0
699,2.0
699,2.0
699,3.0
699,0.0
699,2.0
699,2.0
700,2.0
700,2.0
700,0.0
700,3.0
700,2.0
700,2.0
701,2.0
701,2.0
701,3.0
701,0.0
701,2.0
701,2.0
702,2.0
702,2.0
702,3.0
702,2.0
702,0.0
702,2.0
703,2.0
703,2.0
703,3.0
703,0.0
703,2.0
704,2.0
704,2.0
704,0.0
704,3.0
704,2.0
705,2.0
705,2.0
705,3.0
705,0.0
705,2.0
705,2.0
706,2.0
706,2.0
706,0.0
706,3.0
706,2.0
706,2.0
707,2.0
707,2.0
707,0.0
707,3.0
707,2.0
707,2.0
708,2.0
708,2.0
708,0.0
708,3.0
708,2.0
708,3.0
708,2.0
709,2.0
709,2.0
709,0.0
709,3.0
709,3.0
709,2.0
709,2.0
710,2.0
710,2.0
710,0.0
710,3.0
710,3.0
710,2.0
710,2.0
711,2.0
711,2.0
711,3.0
711,3.0
711,2.0
711,0.0
711,2.0
712,2.0
712,2.0
712,3.0
712,0.0
712,3.0
712,2.0
712,2.0
713,2.0
713,2.0
713,3.0
713,0.0
713,3.0
713,2.0
714,2.0
714,2.0
714,0.0
714,3.0
714,3.0
714,2.0
714,2.0
715,2.0
715,2.0
715,0.0
715,3.0
715,3.0
715,2.0
716,2.0
716,2.0
716,0.0
716,3.0
716,2.0
716,3.0
717,2.0
717,2.0
717,0.0
717,3.0
717,3.0
717,2.0
718,2.0
718,2.0
718,3.0
718,0.0
718,3.0
718,2.0
718,2.0
719,2.0
719,2.0
719,3.0
719,0.0
719,3.0
719,2.0
719,2.0
720,2.0
720,2.0
720,3.0
720,0.0
720,3.0
720,2.0
720,2.0
721,2.0
721,2.0
721,0.0
721,3.0
721,3.0
721,2.0
721,2.0
722,2.0
722,2.0
722,3.0
722,0.0
722,3.0
722,2.0
722,2.0
723,2.0
723,2.0
723,3.0
723,0.0
723,3.0
723,2.0
723,2.0
724,2.0
724,2.0
724,3.0
724,0.0
724,3.0
724,2.0
724,2.0
725,2.0
725,2.0
725,3.0
725,0.0
725,3.0
725,2.0
725,2.0
726,2.0
726,2.0
726,3.0
726,3.0
726,0.0
726,2.0
726,2.0
727,2.0
727,2.0
727,3.0
727,3.0
727,0.0
727,2.0
727,2.0
728,2.0
728,2.0
728,3.0
728,0.0
728,3.0
728,2.0
728,2.0
729,2.0
729,2.0
729,3.0
729,0.0
729,2.0
729,3.0
729,2.0
730,2.0
730,2.0
730,3.0
730,0.0
730,2.0
730,3.0
730,2.0
731,2.0
731,2.0
731,3.0
731,0.0
731,2.0
731,3.0
731,2.0
732,2.0
732,2.0
732,3.0
732,3.0
732,0.0
732,2.0
732,2.0
733,2.0
733,2.0
733,3.0
733,3.0
733,0.0
733,2.0
733,2.0
734,2.0
734,2.0
734,3.0
734,3.0
734,0.0
734,2.0
734,2.0
735,2.0
735,2.0
735,3.0
735,3.0
735,2.0
735,0.0
735,2.0
736,2.0
736,2.0
736,3.0
736,3.0
736,2.0
736,2.0
737,2.0
737,2.0
737,3.0
737,3.0
737,2.0
737,2.0
738,2.0
738,2.0
738,3.0
738,3.0
738,2.0
738,2.0
739,2.0
739,2.0
739,3.0
739,3.0
739,2.0
739,2.0
740,2.0
740,2.0
740,3.0
740,3.0
740,2.0
740,2.0
741,2.0
741,2.0
741,3.0
741,3.0
741,2.0
741,2.0
742,2.0
742,2.0
742,3.0
742,3.0
742,2.0
742,2.0
743,2.0
743,2.0
743,3.0
743,3.0
743,2.0
743,2.0
744,2.0
744,2.0
744,3.0
744,3.0
744,2.0
744,2.0
745,2.0
745,2.0
745,3.0
745,3.0
745,2.0
745,2.0
746,2.0
746,2.0
746,3.0
746,3.0
746,2.0
746,2.0
747,2.0
747,2.0
747,3.0
747,2.0
747,3.0
747,2.0
748,2.0
748,2.0
748,3.0
748,3.0
748,2.0
748,2.0
749,2.0
749,2.0
749,3.0
749,3.0
749,2.0
749,2.0
750,2.0
750,2.0
750,3.0
750,3.0
750,2.0
750,2.0
751,2.0
751,2.0
751,3.0
751,3.0
751,2.0
751,2.0
752,2.0
752,2.0
752,3.0
752,3.0
752,0.0
752,2.0
752,2.0
753,2.0
753,2.0
753,3.0
753,2.0
753,2.0
754,2.0
754,2.0
754,3.0
754,2.0
754,2.0
755,2.0
755,2.0
755,3.0
755,2.0
755,2.0
756,2.0
756,2.0
756,3.0
756,2.0
756,2.0
757,2.0
757,2.0
757,3.0
757,0.0
757,2.0
757,2.0
758,2.0
758,2.0
758,3.0
758,0.0
758,2.0
758,2.0
758,3.0
759,2.0
759,2.0
759,3.0
759,0.0
759,2.0
759,2.0
760,2.0
760,2.0
760,0.0
760,3.0
760,2.0
760,2.0
761,2.0
761,2.0
761,0.0
761,3.0
761,2.0
761,2.0
762,2.0
762,2.0
762,0.0
762,3.0
762,2.0
762,2.0
763,2.0
763,2.0
763,0.0
763,3.0
763,2.0
763,2.0
763,3.0
764,2.0
764,2.0
764,3.0
764,0.0
764,2.0
764,2.0
765,2.0
765,2.0
765,3.0
765,0.0
765,2.0
765,2.0
766,2.0
766,2.0
766,3.0
766,0.0
766,2.0
766,2.0
767,2.0
767,2.0
767,3.0
767,0.0
767,2.0
767,2.0
768,2.0
768,2.0
768,3.0
768,0.0
768,2.0
768,2.0
769,2.0
769,2.0
769,0.0
769,3.0
769,2.0
769,2.0
770,2.0
770,2.0
770,3.0
770,0.0
770,2.0
770,2.0
771,2.0
771,2.0
771,3.0
771,0.0
771,2.0
771,2.0
772,2.0
772,2.0
772,3.0
772,0.0
772,2.0
772,2.0
773,2.0
773,2.0
773,3.0
773,0.0
773,2.0
773,2.0
774,2.0
774,2.0
774,3.0
774,0.0
774,2.0
774,2.0
775,2.0
775,2.0
775,0.0
775,3.0
775,2.0
775,2.0
776,2.0
776,2.0
776,0.0
776,3.0
776,2.0
776,2.0
777,2.0
777,2.0
777,0.0
777,3.0
777,2.0
777,2.0
778,2.0
778,2.0
778,0.0
778,3.0
778,2.0
778,2.0
779,2.0
779,2.0
779,0.0
779,3.0
779,2.0
779,2.0
780,2.0
780,2.0
780,0.0
780,3.0
780,2.0
780,2.0
781,2.0
781,2.0
781,3.0
781,0.0
781,2.0
781,2.0
782,2.0
782,2.0
782,3.0
782,0.0
782,2.0
782,2.0
783,2.0
783,2.0
783,3.0
783,0.0
783,2.0
783,2.0
784,2.0
784,2.0
784,3.0
784,0.0
784,2.0
784,2.0
785,2.0
785,2.0
785,3.0
785,0.0
785,2.0
785,2.0
786,2.0
786,2.0
786,3.0
786,0.0
786,2.0
786,2.0
787,2.0
787,2.0
787,3.0
787,0.0
787,2.0
787,2.0
788,2.0
788,2.0
788,3.0
788,0.0
788,2.0
788,2.0
789,2.0
789,2.0
789,3.0
789,0.0
789,2.0
789,2.0
790,2.0
790,2.0
790,3.0
790,0.0
790,2.0
790,2.0
790,7.0
791,2.0
791,2.0
791,3.0
791,0.0
791,2.0
791,2.0
791,7.0
792,2.0
792,2.0
792,3.0
792,0.0
792,2.0
792,2.0
793,2.0
793,2.0
793,3.0
793,2.0
793,2.0
793,7.0
794,2.0
794,2.0
794,3.0
794,0.0
794,2.0
794,2.0
794,7.0
795,2.0
795,2.0
795,3.0
795,0.0
795,2.0
795,2.0
796,2.0
796,2.0
796,3.0
796,2.0
796,0.0
796,2.0
797,2.0
797,2.0
797,3.0
797,2.0
797,0.0
797,2.0
798,2.0
798,2.0
798,3.0
798,0.0
798,2.0
798,2.0
799,2.0
799,2.0
799,3.0
799,0.0
799,2.0
799,2.0
800,2.0
800,2.0
800,3.0
800,0.0
800,2.0
800,2.0
801,2.0
801,2.0
801,3.0
801,0.0
801,2.0
801,2.0
802,2.0
802,2.0
802,3.0
802,0.0
802,2.0
803,2.0
803,2.0
803,3.0
803,0.0
803,2.0
804,2.0
804,2.0
804,3.0
804,0.0
804,2.0
805,2.0
805,2.0
805,0.0
805,3.0
805,2.0
806,2.0
806,2.0
806,0.0
806,3.0
806,2.0
807,2.0
807,2.0
807,0.0
807,3.0
807,2.0
808,2.0
808,2.0
808,0.0
808,3.0
808,2.0
809,2.0
809,2.0
809,0.0
809,3.0
809,2.0
810,2.0
810,2.0
810,3.0
810,0.0
810,3.0
810,2.0
811,2.0
811,2.0
811,3.0
811,0.0
811,3.0
811,2.0
812,2.0
812,2.0
812,0.0
812,3.0
812,3.0
812,2.0
812,2.0
813,2.0
813,2.0
813,0.0
813,3.0
813,3.0
813,2.0
814,2.0
814,2.0
814,3.0
814,0.0
814,2.0
815,2.0
815,2.0
815,3.0
815,0.0
815,2.0
816,2.0
816,2.0
816,3.0
816,0.0
816,2.0
817,2.0
817,2.0
817,3.0
817,2.0
817,0.0
818,2.0
818,2.0
818,3.0
818,0.0
818,2.0
819,2.0
819,2.0
819,3.0
819,2.0
819,0.0
820,2.0
820,2.0
820,3.0
820,0.0
820,2.0
820,2.0
821,2.0
821,2.0
821,3.0
821,0.0
821,2.0
821,2.0
822,2.0
822,2.0
822,3.0
822,0.0
822,2.0
822,3.0
822,2.0
823,2.0
823,2.0
823,3.0
823,0.0
823,2.0
823,3.0
824,2.0
824,2.0
824,0.0
824,3.0
824,2.0
825,2.0
825,2.0
825,0.0
825,3.0
825,2.0
826,2.0
826,2.0
826,0.0
826,3.0
826,2.0
827,2.0
827,2.0
827,0.0
827,3.0
827,2.0
828,2.0
828,2.0
828,0.0
828,3.0
828,2.0
829,2.0
829,2.0
829,0.0
829,3.0
829,2.0
830,2.0
830,2.0
830,0.0
830,3.0
830,2.0
831,2.0
831,2.0
831,0.0
831,3.0
831,2.0
832,2.0
832,2.0
832,0.0
832,3.0
832,3.0
832,2.0
832,2.0
833,2.0
833,2.0
833,0.0
833,3.0
833,3.0
833,2.0
833,2.0
834,2.0
834,2.0
834,3.0
834,0.0
834,2.0
834,2.0
835,2.0
835,2.0
835,3.0
835,2.0
835,2.0
836,2.0
836,2.0
836,3.0
836,2.0
836,2.0
837,2.0
837,2.0
837,3.0
837,2.0
837,2.0
838,2.0
838,2.0
838,3.0
838,2.0
838,2.0
839,2.0
839,2.0
839,3.0
839,2.0
839,2.0
840,2.0
840,2.0
840,3.0
840,2.0
840,2.0
841,2.0
841,2.0
841,3.0
841,2.0
841,2.0
842,2.0
842,2.0
842,2.0
842,3.0
842,2.0
843,2.0
843,2.0
843,3.0
843,2.0
843,2.0
844,2.0
844,2.0
844,2.0
844,3.0
844,2.0
845,2.0
845,2.0
845,2.0
845,3.0
845,2.0
846,2.0
846,2.0
846,3.0
846,2.0
846,2.0
847,2.0
847,2.0
847,3.0
847,2.0
847,2.0
848,2.0
848,2.0
848,3.0
848,2.0
848,2.0
849,2.0
849,2.0
849,3.0
849,2.0
849,2.0
850,2.0
850,2.0
850,3.0
850,2.0
850,2.0
851,2.0
851,2.0
851,3.0
851,2.0
851,2.0
852,2.0
852,2.0
852,3.0
852,2.0
852,2.0
853,2.0
853,2.0
853,3.0
853,2.0
853,2.0
854,2.0
854,2.0
854,3.0
854,2.0
854,2.0
855,2.0
855,2.0
855,3.0
855,2.0
855,2.0
856,2.0
856,2.0
856,3.0
856,2.0
856,2.0
857,2.0
857,2.0
857,3.0
857,2.0
857,2.0
858,2.0
858,2.0
858,3.0
858,2.0
858,2.0
859,2.0
859,2.0
859,2.0
859,3.0
859,2.0
860,2.0
860,2.0
860,3.0
860,2.0
860,2.0
861,2.0
861,2.0
861,3.0
861,2.0
861,2.0
862,2.0
862,2.0
862,3.0
862,2.0
862,2.0
863,2.0
863,2.0
863,3.0
863,2.0
863,2.0
864,2.0
864,2.0
864,3.0
864,2.0
864,2.0
865,2.0
865,2.0
865,3.0
865,2.0
865,2.0
866,2.0
866,2.0
866,3.0
866,2.0
866,2.0
867,2.0
867,2.0
867,3.0
867,2.0
867,2.0
868,2.0
868,2.0
868,3.0
868,2.0
868,2.0
869,2.0
869,2.0
869,3.0
869,2.0
869,2.0
870,2.0
870,2.0
870,3.0
870,2.0
870,2.0
870,7.0
871,2.0
871,2.0
871,3.0
871,2.0
871,2.0
872,2.0
872,2.0
872,3.0
872,2.0
872,2.0
873,2.0
873,2.0
873,3.0
873,2.0
873,2.0
874,2.0
874,2.0
874,3.0
874,2.0
874,2.0
875,2.0
875,2.0
875,3.0
875,2.0
875,2.0
876,2.0
876,2.0
876,3.0
876,2.0
876,2.0
877,2.0
877,2.0
877,3.0
877,2.0
877,2.0
878,2.0
878,2.0
878,3.0
878,2.0
878,2.0
879,2.0
879,2.0
879,3.0
879,2.0
879,2.0
880,2.0
880,2.0
880,3.0
880,2.0
880,2.0
881,2.0
881,2.0
881,3.0
881,2.0
881,2.0
882,2.0
882,2.0
882,3.0
882,2.0
882,2.0
883,2.0
883,2.0
883,3.0
883,2.0
883,2.0
884,2.0
884,2.0
884,3.0
884,2.0
884,2.0
885,2.0
885,2.0
885,3.0
885,2.0
885,2.0
886,2.0
886,2.0
886,3.0
886,2.0
886,2.0
887,2.0
887,2.0
887,3.0
887,2.0
887,2.0
888,2.0
888,2.0
888,3.0
888,2.0
888,2.0
889,2.0
889,2.0
889,3.0
889,2.0
889,2.0
890,2.0
890,2.0
890,3.0
890,2.0
890,2.0
891,2.0
891,2.0
891,3.0
891,2.0
891,2.0
892,2.0
892,2.0
892,3.0
892,2.0
892,2.0
893,2.0
893,2.0
893,3.0
893,2.0
893,2.0
894,2.0
894,2.0
894,3.0
894,2.0
894,2.0
895,2.0
895,2.0
895,3.0
895,2.0
896,2.0
896,2.0
896,3.0
896,2.0
897,2.0
897,2.0
897,3.0
897,2.0
898,2.0
898,2.0
898,3.0
899,2.0
899,2.0
899,3.0
900,2.0
900,2.0
900,3.0
900,2.0
901,2.0
901,2.0
901,3.0
901,2.0
902,2.0
902,2.0
902,3.0
902,2.0
903,2.0
903,2.0
903,3.0
903,2.0
904,2.0
904,2.0
904,3.0
904,2.0
905,2.0
905,2.0
905,3.0
905,2.0
906,2.0
906,2.0
906,3.0
906,2.0
907,2.0
907,2.0
907,3.0
907,2.0
908,2.0
908,2.0
908,3.0
908,2.0
909,2.0
909,2.0
909,3.0
909,2.0
910,2.0
910,2.0
910,3.0
910,2.0
911,2.0
911,2.0
911,3.0
911,2.0
912,2.0
912,2.0
912,3.0
912,2.0
913,2.0
913,2.0
913,3.0
913,2.0
914,2.0
914,2.0
914,3.0
914,2.0
915,2.0
915,2.0
915,3.0
915,2.0
916,2.0
916,2.0
916,3.0
916,2.0
917,2.0
917,2.0
917,3.0
917,2.0
918,2.0
918,2.0
918,3.0
918,2.0
919,2.0
919,2.0
919,3.0
919,2.0
920,2.0
920,2.0
920,3.0
920,2.0
921,2.0
921,2.0
921,3.0
921,2.0
922,2.0
922,2.0
922,3.0
922,2.0
923,2.0
923,2.0
923,3.0
923,2.0
924,2.0
924,2.0
924,3.0
924,2.0
924,2.0
925,2.0
925,2.0
925,3.0
925,2.0
925,0.0
925,2.0
926,2.0
926,2.0
926,3.0
926,2.0
926,0.0
926,2.0
927,2.0
927,2.0
927,3.0
927,2.0
927,0.0
927,2.0
928,2.0
928,2.0
928,3.0
928,2.0
928,2.0
929,2.0
929,2.0
929,3.0
929,2.0
929,2.0
930,2.0
930,2.0
930,3.0
930,2.0
930,2.0
931,2.0
931,2.0
931,3.0
931,2.0
931,2.0
932,2.0
932,2.0
932,3.0
932,2.0
932,2.0
933,2.0
933,2.0
933,3.0
933,2.0
933,2.0
934,2.0
934,2.0
934,3.0
934,2.0
934,2.0
935,2.0
935,2.0
935,3.0
935,2.0
935,2.0
936,2.0
936,2.0
936,3.0
936,2.0
936,2.0
937,2.0
937,2.0
937,3.0
937,2.0
937,2.0
938,2.0
938,2.0
938,3.0
938,2.0
938,2.0
938,0.0
939,2.0
939,2.0
939,3.0
939,2.0
939,2.0
940,2.0
940,2.0
940,3.0
940,2.0
940,2.0
941,2.0
941,2.0
941,3.0
941,2.0
941,2.0
942,2.0
942,2.0
942,3.0
942,2.0
942,2.0
943,2.0
943,2.0
943,3.0
943,2.0
943,2.0
944,2.0
944,2.0
944,3.0
944,2.0
944,2.0
945,2.0
945,2.0
945,3.0
945,2.0
945,2.0
946,2.0
946,2.0
946,3.0
946,2.0
946,2.0
947,2.0
947,2.0
947,3.0
947,2.0
947,2.0
948,2.0
948,2.0
948,3.0
948,2.0
948,2.0
949,2.0
949,2.0
949,3.0
949,2.0
949,2.0
950,2.0
950,2.0
950,3.0
950,2.0
950,2.0
951,2.0
951,2.0
951,3.0
951,2.0
951,2.0
952,2.0
952,2.0
952,3.0
952,2.0
952,0.0
952,2.0
953,2.0
953,2.0
953,3.0
953,2.0
953,0.0
953,2.0
954,2.0
954,2.0
954,3.0
954,2.0
954,0.0
954,2.0
955,2.0
955,2.0
955,3.0
955,2.0
955,0.0
955,2.0
956,2.0
956,2.0
956,3.0
956,2.0
956,0.0
956,2.0
957,2.0
957,2.0
957,3.0
957,2.0
957,2.0
958,2.0
958,2.0
958,3.0
958,2.0
958,2.0
959,2.0
959,2.0
959,3.0
959,2.0
959,2.0
960,2.0
960,2.0
960,3.0
960,2.0
960,2.0
961,2.0
961,2.0
961,3.0
961,2.0
961,2.0
962,2.0
962,2.0
962,3.0
962,2.0
962,2.0
963,2.0
963,2.0
963,3.0
963,2.0
963,2.0
964,2.0
964,2.0
964,3.0
964,2.0
964,2.0
965,2.0
965,2.0
965,3.0
965,2.0
965,2.0
966,2.0
966,2.0
966,3.0
966,2.0
966,2.0
967,2.0
967,2.0
967,3.0
967,2.0
967,0.0
967,2.0
968,2.0
968,2.0
968,3.0
968,0.0
968,2.0
968,2.0
969,2.0
969,2.0
969,3.0
969,2.0
969,0.0
969,2.0
970,2.0
970,2.0
970,3.0
970,0.0
970,2.0
970,2.0
971,2.0
971,2.0
971,3.0
971,0.0
971,2.0
971,2.0
972,2.0
972,2.0
972,3.0
972,2.0
972,0.0
972,2.0
973,2.0
973,2.0
973,3.0
973,2.0
973,0.0
973,2.0
974,2.0
974,2.0
974,3.0
974,2.0
974,0.0
974,2.0
975,2.0
975,2.0
975,3.0
975,2.0
975,0.0
975,2.0
976,2.0
976,2.0
976,3.0
976,2.0
976,0.0
976,2.0
977,2.0
977,2.0
977,3.0
977,2.0
977,0.0
977,2.0
978,2.0
978,2.0
978,3.0
978,2.0
978,0.0
978,2.0
979,2.0
979,2.0
979,3.0
979,2.0
979,0.0
979,2.0
980,2.0
980,2.0
980,3.0
980,2.0
980,2.0
981,2.0
981,2.0
981,3.0
981,2.0
981,2.0
982,2.0
982,2.0
982,3.0
982,2.0
982,2.0
983,2.0
983,2.0
983,3.0
983,2.0
983,2.0
984,2.0
984,2.0
984,3.0
984,2.0
985,2.0
985,2.0
985,3.0
985,2.0
986,2.0
986,2.0
986,3.0
986,2.0
987,2.0
987,2.0
987,3.0
987,2.0
987,2.0
988,2.0
988,2.0
988,3.0
988,2.0
988,2.0
989,2.0
989,2.0
989,3.0
989,2.0
989,2.0
990,2.0
990,2.0
990,3.0
990,2.0
990,2.0
991,2.0
991,2.0
991,3.0
991,2.0
992,2.0
992,2.0
992,3.0
992,2.0
993,2.0
993,2.0
993,3.0
993,2.0
994,2.0
994,2.0
994,3.0
994,2.0
995,2.0
995,2.0
995,3.0
995,2.0
996,2.0
996,2.0
996,3.0
996,2.0
997,2.0
997,2.0
997,3.0
997,2.0
998,2.0
998,2.0
998,3.0
998,2.0
999,2.0
999,2.0
999,3.0
999,2.0
1000,2.0
1000,2.0
1000,3.0
1000,2.0
1000,0.0
1001,2.0
1001,2.0
1001,3.0
1001,2.0
1001,0.0
1002,2.0
1002,2.0
1002,3.0
1002,0.0
1002,2.0
1002,3.0
1003,2.0
1003,2.0
1003,3.0
1003,0.0
1003,3.0
1003,2.0
1004,2.0
1004,2.0
1004,3.0
1004,0.0
1004,2.0
1004,3.0
1005,2.0
1005,2.0
1005,3.0
1005,0.0
1005,3.0
1005,2.0
1006,2.0
1006,2.0
1006,0.0
1006,3.0
1006,3.0
1006,2.0
1007,2.0
1007,2.0
1007,0.0
1007,3.0
1007,3.0
1007,2.0
1008,2.0
1008,2.0
1008,0.0
1008,3.0
1008,3.0
1008,2.0
1008,2.0
1009,2.0
1009,2.0
1009,0.0
1009,3.0
1009,3.0
1009,2.0
1009,2.0
1010,2.0
1010,2.0
1010,0.0
1010,3.0
1010,3.0
1010,2.0
1010,2.0
1011,2.0
1011,2.0
1011,3.0
1011,0.0
1011,2.0
1011,2.0
1012,2.0
1012,2.0
1012,3.0
1012,0.0
1012,2.0
1012,2.0
1012,3.0
1013,2.0
1013,2.0
1013,3.0
1013,0.0
1013,2.0
1013,2.0
1013,3.0
1014,2.0
1014,2.0
1014,3.0
1014,0.0
1014,3.0
1014,2.0
1014,2.0
1015,2.0
1015,2.0
1015,3.0
1015,0.0
1015,2.0
1015,2.0
1015,3.0
1016,2.0
1016,2.0
1016,0.0
1016,3.0
1016,2.0
1016,2.0
1016,3.0
1017,2.0
1017,2.0
1017,3.0
1017,0.0
1017,2.0
1017,2.0
1018,2.0
1018,2.0
1018,0.0
1018,3.0
1018,2.0
1018,3.0
1018,2.0
1019,2.0
1019,2.0
1019,0.0
1019,3.0
1019,2.0
1019,3.0
1019,2.0
1020,2.0
1020,2.0
1020,0.0
1020,3.0
1020,3.0
1020,2.0
1020,2.0
1021,2.0
1021,2.0
1021,0.0
1021,3.0
1021,3.0
1021,2.0
1021,2.0
1022,2.0
1022,2.0
1022,0.0
1022,3.0
1022,3.0
1022,2.0
1022,2.0
1023,2.0
1023,0.0
1023,2.0
1023,3.0
1023,3.0
1023,2.0
1023,2.0
1024,2.0
1024,0.0
1024,2.0
1024,3.0
1024,3.0
1024,2.0
1024,2.0
1025,2.0
1025,0.0
1025,2.0
1025,3.0
1025,3.0
1025,2.0
1025,2.0
1026,2.0
1026,0.0
1026,2.0
1026,3.0
1026,3.0
1026,2.0
1026,2.0
1027,2.0
1027,0.0
1027,2.0
1027,3.0
1027,3.0
1027,2.0
1027,2.0
1028,2.0
1028,0.0
1028,2.0
1028,3.0
1028,3.0
1028,2.0
1028,2.0
1029,2.0
1029,0.0
1029,2.0
1029,3.0
1029,3.0
1029,2.0
1029,2.0
1030,2.0
1030,2.0
1030,0.0
1030,3.0
1030,3.0
1030,2.0
1030,2.0
1031,2.0
1031,2.0
1031,0.0
1031,3.0
1031,3.0
1031,2.0
1031,2.0
1032,2.0
1032,2.0
1032,0.0
1032,3.0
1032,3.0
1032,2.0
1032,2.0
1033,2.0
1033,2.0
1033,0.0
1033,3.0
1033,3.0
1033,2.0
1033,2.0
1034,2.0
1034,2.0
1034,0.0
1034,3.0
1034,3.0
1034,2.0
1034,2.0
1035,2.0
1035,2.0
1035,0.0
1035,3.0
1035,3.0
1035,2.0
1035,2.0
1036,2.0
1036,2.0
1036,0.0
1036,3.0
1036,3.0
1036,2.0
1036,2.0
1037,2.0
1037,2.0
1037,0.0
1037,3.0
1037,3.0
1037,2.0
1037,2.0
1038,2.0
1038,2.0
1038,0.0
1038,3.0
1038,3.0
1038,2.0
1038,2.0
1039,2.0
1039,2.0
1039,0.0
1039,3.0
1039,3.0
1039,2.0
1039,2.0
1040,2.0
1040,2.0
1040,0.0
1040,3.0
1040,3.0
1040,2.0
1040,2.0
1041,2.0
1041,2.0
1041,0.0
1041,3.0
1041,3.0
1041,2.0
1041,2.0
1042,2.0
1042,2.0
1042,0.0
1042,3.0
1042,3.0
1042,2.0
1042,2.0
1043,2.0
1043,2.0
1043,0.0
1043,3.0
1043,3.0
1043,2.0
1043,2.0
1044,2.0
1044,2.0
1044,0.0
1044,3.0
1044,3.0
1044,2.0
1044,2.0
1045,2.0
1045,2.0
1045,0.0
1045,3.0
1045,3.0
1045,2.0
1045,2.0
1046,2.0
1046,2.0
1046,0.0
1046,3.0
1046,3.0
1046,2.0
1046,2.0
1047,2.0
1047,2.0
1047,0.0
1047,3.0
1047,3.0
1047,2.0
1047,2.0
1048,2.0
1048,2.0
1048,0.0
1048,3.0
1048,3.0
1048,2.0
1048,2.0
1049,2.0
1049,2.0
1049,0.0
1049,3.0
1049,3.0
1049,2.0
1049,2.0
1050,2.0
1050,2.0
1050,0.0
1050,3.0
1050,3.0
1050,2.0
1050,2.0
1051,2.0
1051,2.0
1051,0.0
1051,3.0
1051,3.0
1051,2.0
1052,2.0
1052,2.0
1052,0.0
1052,3.0
1052,3.0
1052,2.0
1053,2.0
1053,2.0
1053,3.0
1053,0.0
1053,3.0
1053,2.0
1054,2.0
1054,2.0
1054,3.0
1054,3.0
1054,0.0
1054,2.0
1055,2.0
1055,2.0
1055,3.0
1055,3.0
1055,0.0
1055,2.0
1056,2.0
1056,2.0
1056,3.0
1056,3.0
1056,0.0
1056,2.0
1057,2.0
1057,2.0
1057,3.0
1057,3.0
1057,0.0
1057,2.0
1058,2.0
1058,2.0
1058,3.0
1058,3.0
1058,0.0
1059,2.0
1059,2.0
1059,3.0
1059,0.0
1059,3.0
1059,2.0
1060,2.0
1060,2.0
1060,3.0
1060,0.0
1060,3.0
1060,2.0
1061,2.0
1061,2.0
1061,3.0
1061,0.0
1061,3.0
1061,2.0
1062,2.0
1062,2.0
1062,3.0
1062,3.0
1062,0.0
1062,2.0
1062,2.0
1063,2.0
1063,2.0
1063,3.0
1063,3.0
1063,0.0
1063,2.0
1063,2.0
1064,2.0
1064,2.0
1064,3.0
1064,3.0
1064,0.0
1064,2.0
1065,2.0
1065,2.0
1065,3.0
1065,3.0
1065,2.0
1065,0.0
1066,2.0
1066,2.0
1066,3.0
1066,3.0
1066,2.0
1066,0.0
1067,2.0
1067,2.0
1067,3.0
1067,3.0
1067,2.0
1067,0.0
1068,2.0
1068,2.0
1068,3.0
1068,3.0
1068,2.0
1068,0.0
1069,2.0
1069,2.0
1069,3.0
1069,3.0
1069,0.0
1069,2.0
1069,2.0
1070,2.0
1070,2.0
1070,3.0
1070,3.0
1070,0.0
1070,2.0
1070,2.0
1071,2.0
1071,2.0
1071,3.0
1071,3.0
1071,0.0
1071,2.0
1071,2.0
1072,2.0
1072,2.0
1072,3.0
1072,3.0
1072,0.0
1072,2.0
1072,2.0
1073,2.0
1073,2.0
1073,3.0
1073,3.0
1073,0.0
1073,2.0
1073,2.0
1074,2.0
1074,2.0
1074,3.0
1074,3.0
1074,0.0
1074,2.0
1074,2.0
1075,2.0
1075,2.0
1075,3.0
1075,3.0
1075,0.0
1075,2.0
1075,2.0
1076,2.0
1076,2.0
1076,3.0
1076,3.0
1076,0.0
1076,2.0
1077,2.0
1077,2.0
1077,3.0
1077,3.0
1077,0.0
1077,2.0
1078,2.0
1078,2.0
1078,3.0
1078,3.0
1078,0.0
1078,2.0
1079,2.0
1079,2.0
1079,3.0
1079,3.0
1079,0.0
1079,2.0
1080,2.0
1080,2.0
1080,3.0
1080,3.0
1080,0.0
1080,2.0
1081,2.0
1081,2.0
1081,3.0
1081,3.0
1081,0.0
1081,2.0
1081,2.0
1082,2.0
1082,2.0
1082,3.0
1082,3.0
1082,0.0
1082,2.0
1082,2.0
1083,2.0
1083,2.0
1083,3.0
1083,3.0
1083,0.0
1083,2.0
1083,2.0
1084,2.0
1084,2.0
1084,3.0
1084,3.0
1084,0.0
1084,2.0
1084,2.0
1085,2.0
1085,2.0
1085,3.0
1085,3.0
1085,0.0
1085,2.0
1085,2.0
1086,2.0
1086,2.0
1086,3.0
1086,3.0
1086,0.0
1086,2.0
1086,2.0
1087,2.0
1087,2.0
1087,3.0
1087,3.0
1087,0.0
1087,2.0
1087,2.0
1088,2.0
1088,2.0
1088,3.0
1088,3.0
1088,2.0
1088,0.0
1088,2.0
1089,2.0
1089,2.0
1089,3.0
1089,3.0
1089,2.0
1089,0.0
1089,2.0
1090,2.0
1090,2.0
1090,3.0
1090,3.0
1090,2.0
1090,2.0
1091,2.0
1091,2.0
1091,3.0
1091,3.0
1091,2.0
1091,2.0
1092,2.0
1092,2.0
1092,3.0
1092,3.0
1092,2.0
1092,2.0
1093,2.0
1093,2.0
1093,3.0
1093,3.0
1093,2.0
1093,2.0
1094,2.0
1094,2.0
1094,3.0
1094,3.0
1094,2.0
1095,2.0
1095,2.0
1095,3.0
1095,3.0
1095,2.0
1096,2.0
1096,2.0
1096,3.0
1096,3.0
1096,2.0
1097,2.0
1097,2.0
1097,3.0
1097,3.0
1097,2.0
1098,2.0
1098,2.0
1098,3.0
1098,3.0
1098,2.0
1099,2.0
1099,2.0
1099,3.0
1099,3.0
1099,2.0
1100,2.0
1100,2.0
1100,3.0
1100,3.0
1100,2.0
1101,2.0
1101,2.0
1101,3.0
1101,3.0
1101,2.0
1102,2.0
1102,2.0
1102,3.0
1102,3.0
1102,2.0
1103,2.0
1103,2.0
1103,3.0
1103,3.0
1103,2.0
1104,2.0
1104,2.0
1104,3.0
1104,3.0
1104,2.0
1105,2.0
1105,2.0
1105,3.0
1105,3.0
1105,2.0
1106,2.0
1106,2.0
1106,3.0
1106,3.0
1106,2.0
1107,2.0
1107,2.0
1107,3.0
1107,3.0
1107,2.0
1108,2.0
1108,2.0
1108,3.0
1108,3.0
1108,2.0
1109,2.0
1109,2.0
1109,3.0
1109,3.0
1109,2.0
1110,2.0
1110,2.0
1110,3.0
1110,2.0
1110,3.0
1111,2.0
1111,2.0
1111,3.0
1111,2.0
1112,2.0
1112,2.0
1112,3.0
1112,2.0
1113,2.0
1113,2.0
1113,3.0
1113,2.0
1114,2.0
1114,2.0
1114,2.0
1114,3.0
1115,2.0
1115,2.0
1115,2.0
1115,3.0
1116,2.0
1116,2.0
1116,3.0
1116,2.0
1117,2.0
1117,2.0
1117,3.0
1117,2.0
1118,2.0
1118,2.0
1118,3.0
1118,2.0
1119,2.0
1119,2.0
1119,3.0
1119,2.0
1120,2.0
1120,2.0
1120,3.0
1120,2.0
1121,2.0
1121,2.0
1121,3.0
1121,2.0
1122,2.0
1122,2.0
1122,3.0
1122,2.0
1123,2.0
1123,2.0
1123,3.0
1123,2.0
1123,0.0
1123,0.0
1124,2.0
1124,2.0
1124,3.0
1124,2.0
1125,2.0
1125,2.0
1125,3.0
1125,2.0
1126,2.0
1126,2.0
1126,3.0
1126,2.0
1126,0.0
1127,2.0
1127,2.0
1127,3.0
1127,2.0
1127,0.0
1128,2.0
1128,2.0
1128,3.0
1128,2.0
1128,0.0
1129,2.0
1129,2.0
1129,3.0
1129,2.0
1129,0.0
1130,2.0
1130,2.0
1130,3.0
1130,0.0
1130,2.0
1130,0.0
1131,2.0
1131,2.0
1131,3.0
1131,0.0
1131,2.0
1131,0.0
1131,2.0
1132,2.0
1132,2.0
1132,3.0
1132,2.0
1132,0.0
1132,0.0
1133,2.0
1133,2.0
1133,3.0
1133,2.0
1133,0.0
1133,0.0
1134,2.0
1134,2.0
1134,3.0
1134,2.0
1134,0.0
1135,2.0
1135,2.0
1135,3.0
1135,2.0
1135,0.0
1135,0.0
1135,3.0
1136,2.0
1136,2.0
1136,3.0
1136,2.0
1136,0.0
1136,2.0
1137,2.0
1137,2.0
1137,3.0
1137,0.0
1137,2.0
1138,2.0
1138,2.0
1138,3.0
1138,2.0
1139,2.0
1139,2.0
1139,3.0
1139,2.0
1140,2.0
1140,2.0
1140,3.0
1140,2.0
1141,2.0
1141,2.0
1141,3.0
1141,2.0
1141,0.0
1142,2.0
1142,2.0
1142,3.0
1142,2.0
1142,0.0
1143,2.0
1143,2.0
1143,3.0
1143,2.0
1143,0.0
1144,2.0
1144,2.0
1144,3.0
1144,0.0
1144,2.0
1144,0.0
1145,2.0
1145,2.0
1145,3.0
1145,0.0
1145,2.0
1145,0.0
1146,2.0
1146,2.0
1146,3.0
1146,0.0
1146,2.0
1147,2.0
1147,2.0
1147,3.0
1147,0.0
1147,2.0
1147,0.0
1148,2.0
1148,2.0
1148,3.0
1148,2.0
1148,0.0
1148,0.0
1149,2.0
1149,2.0
1149,3.0
1149,0.0
1149,2.0
1150,2.0
1150,2.0
1150,3.0
1150,2.0
1151,2.0
1151,2.0
1151,3.0
1151,2.0
1152,2.0
1152,2.0
1152,3.0
1152,2.0
1153,2.0
1153,2.0
1153,3.0
1153,2.0
1154,2.0
1154,2.0
1154,3.0
1154,0.0
1154,2.0
1154,0.0
1154,3.0
1155,2.0
1155,2.0
1155,3.0
1155,0.0
1155,0.0
1155,2.0
1156,2.0
1156,2.0
1156,0.0
1156,3.0
1156,0.0
1156,2.0
1157,2.0
1157,2.0
1157,0.0
1157,3.0
1157,0.0
1157,2.0
1158,2.0
1158,2.0
1158,0.0
1158,3.0
1158,0.0
1158,2.0
1159,2.0
1159,2.0
1159,0.0
1159,3.0
1159,0.0
1159,2.0
1160,2.0
1160,2.0
1160,0.0
1160,3.0
1160,0.0
1160,2.0
1161,2.0
1161,2.0
1161,0.0
1161,0.0
1161,3.0
1162,2.0
1162,2.0
1162,0.0
1162,3.0
1162,0.0
1162,3.0
1163,2.0
1163,2.0
1163,0.0
1163,3.0
1163,0.0
1163,3.0
1164,2.0
1164,0.0
1164,2.0
1164,3.0
1164,0.0
1164,3.0
1165,2.0
1165,0.0
1165,2.0
1165,0.0
1165,3.0
1165,3.0
1166,2.0
1166,0.0
1166,2.0
1166,3.0
1166,0.0
1166,3.0
1167,2.0
1167,0.0
1167,2.0
1167,0.0
1167,3.0
1167,3.0
1168,2.0
1168,0.0
1168,2.0
1168,3.0
1168,0.0
1168,3.0
1168,2.0
1169,2.0
1169,0.0
1169,2.0
1169,3.0
1169,0.0
1169,3.0
1169,2.0
1170,2.0
1170,0.0
1170,2.0
1170,3.0
1170,0.0
1170,3.0
1170,2.0
1170,2.0
1171,2.0
1171,0.0
1171,2.0
1171,0.0
1171,3.0
1171,2.0
1171,3.0
1172,2.0
1172,0.0
1172,2.0
1172,0.0
1172,3.0
1172,2.0
1172,3.0
1173,2.0
1173,0.0
1173,2.0
1173,0.0
1173,3.0
1173,3.0
1173,2.0
1174,2.0
1174,0.0
1174,2.0
1174,0.0
1174,3.0
1174,3.0
1174,2.0
1175,2.0
1175,0.0
1175,2.0
1175,0.0
1175,3.0
1175,3.0
1175,2.0
1176,2.0
1176,0.0
1176,2.0
1176,0.0
1176,3.0
1176,3.0
1176,2.0
1177,2.0
1177,0.0
1177,2.0
1177,0.0
1177,3.0
1177,3.0
1177,2.0
1178,2.0
1178,0.0
1178,2.0
1178,0.0
1178,3.0
1178,3.0
1178,2.0
1179,2.0
1179,0.0
1179,2.0
1179,0.0
1179,3.0
1179,3.0
1179,2.0
1180,2.0
1180,0.0
1180,2.0
1180,0.0
1180,3.0
1180,3.0
1180,2.0
1181,2.0
1181,0.0
1181,2.0
1181,0.0
1181,3.0
1181,3.0
1181,2.0
1182,2.0
1182,0.0
1182,2.0
1182,0.0
1182,3.0
1182,2.0
1183,2.0
1183,0.0
1183,2.0
1183,0.0
1183,3.0
1183,2.0
1184,2.0
1184,0.0
1184,2.0
1184,0.0
1184,3.0
1184,2.0
1185,2.0
1185,0.0
1185,2.0
1185,0.0
1185,3.0
1185,2.0
1186,2.0
1186,0.0
1186,2.0
1186,0.0
1186,3.0
1186,2.0
1187,2.0
1187,0.0
1187,2.0
1187,0.0
1187,3.0
1187,2.0
1188,2.0
1188,0.0
1188,2.0
1188,0.0
1188,2.0
1189,2.0
1189,0.0
1189,2.0
1189,0.0
1189,2.0
1190,2.0
1190,0.0
1190,2.0
1190,0.0
1190,3.0
1191,2.0
1191,2.0
1191,0.0
1191,0.0
1191,3.0
1191,2.0
1192,2.0
1192,0.0
1192,2.0
1192,0.0
1192,2.0
1193,2.0
1193,0.0
1193,2.0
1193,0.0
1193,2.0
1194,2.0
1194,0.0
1194,2.0
1194,0.0
1194,2.0
1195,2.0
1195,0.0
1195,2.0
1195,0.0
1195,2.0
1196,2.0
1196,0.0
1196,2.0
1196,0.0
1196,2.0
1197,2.0
1197,0.0
1197,2.0
1197,0.0
1197,2.0
1198,2.0
1198,0.0
1198,2.0
1198,0.0
1198,2.0
1199,2.0
1199,0.0
1199,2.0
1199,0.0
1199,2.0
1200,2.0
1200,0.0
1200,2.0
1200,0.0
1200,2.0
1201,2.0
1201,2.0
1201,0.0
1201,0.0
1201,2.0
1202,2.0
1202,0.0
1202,2.0
1202,0.0
1202,2.0
1203,2.0
1203,0.0
1203,2.0
1203,0.0
1203,2.0
1204,2.0
1204,0.0
1204,2.0
1204,0.0
1204,2.0
1205,2.0
1205,0.0
1205,2.0
1205,0.0
1205,2.0
1206,2.0
1206,0.0
1206,2.0
1206,0.0
1206,2.0
1207,2.0
1207,0.0
1207,2.0
1207,0.0
1207,2.0
1208,2.0
1208,0.0
1208,2.0
1208,0.0
1208,2.0
1209,2.0
1209,0.0
1209,2.0
1209,0.0
1209,2.0
1210,2.0
1210,0.0
1210,2.0
1210,0.0
1210,2.0
1211,2.0
1211,0.0
1211,2.0
1211,0.0
1211,2.0
1212,2.0
1212,0.0
1212,2.0
1212,0.0
1212,2.0
1213,2.0
1213,0.0
1213,2.0
1213,0.0
1213,2.0
1214,2.0
1214,0.0
1214,2.0
1214,0.0
1214,2.0
1215,2.0
1215,0.0
1215,2.0
1215,0.0
1215,2.0
1216,2.0
1216,2.0
1216,0.0
1216,0.0
1216,2.0
1217,2.0
1217,2.0
1217,0.0
1217,0.0
1217,2.0
1218,2.0
1218,2.0
1218,0.0
1218,0.0
1218,2.0
1219,2.0
1219,2.0
1219,0.0
1219,0.0
1219,2.0
1220,2.0
1220,2.0
1220,0.0
1220,0.0
1220,2.0
1221,2.0
1221,2.0
1221,0.0
1221,0.0
1221,2.0
1221,2.0
1222,2.0
1222,2.0
1222,0.0
1222,0.0
1222,2.0
1222,3.0
1223,2.0
1223,2.0
1223,0.0
1223,0.0
1223,2.0
1223,3.0
1224,2.0
1224,2.0
1224,0.0
1224,0.0
1224,3.0
1224,2.0
1224,2.0
1225,2.0
1225,2.0
1225,0.0
1225,3.0
1225,0.0
1225,2.0
1225,2.0
1226,2.0
1226,2.0
1226,0.0
1226,0.0
1226,3.0
1226,2.0
1226,2.0
1227,2.0
1227,2.0
1227,0.0
1227,3.0
1227,0.0
1227,2.0
1227,2.0
1228,2.0
1228,2.0
1228,0.0
1228,3.0
1228,0.0
1228,2.0
1228,2.0
1229,2.0
1229,2.0
1229,0.0
1229,3.0
1229,0.0
1229,2.0
1229,2.0
1230,2.0
1230,2.0
1230,0.0
1230,3.0
1230,0.0
1230,2.0
1230,2.0
1231,2.0
1231,2.0
1231,0.0
1231,0.0
1231,3.0
1231,2.0
1232,2.0
1232,2.0
1232,0.0
1232,0.0
1232,2.0
1233,2.0
1233,2.0
1233,0.0
1233,0.0
1233,2.0
1234,2.0
1234,2.0
1234,0.0
1234,0.0
1234,2.0
1235,2.0
1235,2.0
1235,0.0
1235,0.0
1235,2.0
1236,2.0
1236,2.0
1236,0.0
1236,0.0
1236,2.0
1237,2.0
1237,2.0
1237,0.0
1237,0.0
1237,2.0
1237,2.0
1238,2.0
1238,0.0
1238,2.0
1238,0.0
1238,2.0
1239,2.0
1239,0.0
1239,2.0
1239,0.0
1239,2.0
1240,2.0
1240,0.0
1240,2.0
1240,0.0
1240,2.0
1241,2.0
1241,0.0
1241,2.0
1241,0.0
1241,2.0
1242,2.0
1242,0.0
1242,2.0
1242,0.0
1242,2.0
1243,2.0
1243,0.0
1243,2.0
1243,0.0
1243,2.0
1244,2.0
1244,0.0
1244,2.0
1244,0.0
1244,2.0
1244,3.0
1245,2.0
1245,0.0
1245,2.0
1245,0.0
1245,3.0
1245,2.0
1246,2.0
1246,0.0
1246,2.0
1246,0.0
1246,3.0
1246,2.0
1247,2.0
1247,0.0
1247,2.0
1247,0.0
1247,3.0
1247,2.0
1248,2.0
1248,0.0
1248,2.0
1248,0.0
1248,3.0
1248,2.0
1249,2.0
1249,0.0
1249,2.0
1249,0.0
1249,2.0
1250,2.0
1250,0.0
1250,2.0
1250,0.0
1250,3.0
1250,2.0
1251,2.0
1251,0.0
1251,2.0
1251,0.0
1251,3.0
1251,2.0
1252,2.0
1252,2.0
1252,0.0
1252,0.0
1252,2.0
1252,3.0
1253,2.0
1253,2.0
1253,0.0
1253,0.0
1253,2.0
1253,3.0
1254,2.0
1254,0.0
1254,2.0
1254,0.0
1254,2.0
1255,2.0
1255,0.0
1255,2.0
1255,0.0
1255,2.0
1255,3.0
1256,2.0
1256,0.0
1256,2.0
1256,0.0
1256,2.0
1257,2.0
1257,0.0
1257,2.0
1257,0.0
1257,2.0
1257,0.0
1258,2.0
1258,0.0
1258,2.0
1258,0.0
1258,0.0
1258,2.0
1259,2.0
1259,0.0
1259,2.0
1259,0.0
1259,0.0
1259,2.0
1260,2.0
1260,0.0
1260,2.0
1260,0.0
1260,0.0
1260,2.0
1261,2.0
1261,0.0
1261,2.0
1261,0.0
1261,0.0
1261,2.0
1262,2.0
1262,0.0
1262,2.0
1262,0.0
1262,0.0
1262,2.0
1263,2.0
1263,0.0
1263,2.0
1263,0.0
1263,0.0
1263,2.0
1263,3.0
1264,2.0
1264,0.0
1264,2.0
1264,0.0
1264,0.0
1264,2.0
1264,3.0
1265,2.0
1265,0.0
1265,2.0
1265,0.0
1265,0.0
1265,2.0
1265,3.0
1266,2.0
1266,2.0
1266,0.0
1266,0.0
1266,2.0
1266,0.0
1267,2.0
1267,0.0
1267,2.0
1267,0.0
1267,2.0
1267,3.0
1267,0.0
1267,3.0
1268,2.0
1268,0.0
1268,2.0
1268,0.0
1268,2.0
1268,0.0
1269,2.0
1269,0.0
1269,2.0
1269,0.0
1269,0.0
1269,2.0
1269,3.0
1270,2.0
1270,0.0
1270,2.0
1270,0.0
1270,0.0
1270,3.0
1270,2.0
1271,2.0
1271,0.0
1271,2.0
1271,0.0
1271,0.0
1271,3.0
1271,2.0
1272,2.0
1272,0.0
1272,2.0
1272,0.0
1272,0.0
1272,2.0
1272,3.0
1273,2.0
1273,0.0
1273,2.0
1273,0.0
1273,3.0
1273,2.0
1273,0.0
1274,2.0
1274,0.0
1274,2.0
1274,0.0
1274,3.0
1274,2.0
1274,0.0
1275,2.0
1275,0.0
1275,2.0
1275,0.0
1275,3.0
1275,2.0
1276,2.0
1276,0.0
1276,2.0
1276,0.0
1276,3.0
1276,2.0
1277,2.0
1277,0.0
1277,2.0
1277,0.0
1277,3.0
1277,2.0
1278,2.0
1278,0.0
1278,2.0
1278,0.0
1278,0.0
1278,2.0
1278,3.0
1279,2.0
1279,0.0
1279,2.0
1279,0.0
1279,0.0
1279,2.0
1279,3.0
1280,2.0
1280,0.0
1280,2.0
1280,0.0
1280,0.0
1280,2.0
1280,3.0
1281,2.0
1281,0.0
1281,2.0
1281,0.0
1281,0.0
1281,2.0
1281,3.0
1282,2.0
1282,0.0
1282,2.0
1282,0.0
1282,0.0
1282,3.0
1282,2.0
1283,2.0
1283,0.0
1283,2.0
1283,0.0
1283,0.0
1283,3.0
1283,2.0
1284,2.0
1284,0.0
1284,2.0
1284,0.0
1284,0.0
1284,3.0
1284,2.0
1285,2.0
1285,0.0
1285,2.0
1285,0.0
1285,0.0
1285,3.0
1285,2.0
1286,2.0
1286,0.0
1286,2.0
1286,0.0
1286,3.0
1286,0.0
1286,2.0
1287,2.0
1287,0.0
1287,2.0
1287,0.0
1287,3.0
1287,2.0
1287,2.0
1288,2.0
1288,0.0
1288,2.0
1288,0.0
1288,3.0
1288,2.0
1288,0.0
1289,2.0
1289,0.0
1289,2.0
1289,0.0
1289,3.0
1289,2.0
1289,0.0
1290,2.0
1290,0.0
1290,2.0
1290,0.0
1290,0.0
1290,3.0
1290,2.0
1291,2.0
1291,0.0
1291,2.0
1291,0.0
1291,3.0
1291,0.0
1291,2.0
1292,2.0
1292,2.0
1292,0.0
1292,0.0
1292,3.0
1292,2.0
1293,2.0
1293,2.0
1293,0.0
1293,0.0
1293,3.0
1293,2.0
1294,2.0
1294,2.0
1294,0.0
1294,0.0
1294,3.0
1295,2.0
1295,2.0
1295,0.0
1295,0.0
1295,3.0
1296,2.0
1296,2.0
1296,0.0
1296,3.0
1296,0.0
1297,2.0
1297,2.0
1297,0.0
1297,3.0
1297,0.0
1297,2.0
1298,2.0
1298,2.0
1298,0.0
1298,3.0
1298,0.0
1298,2.0
1299,2.0
1299,2.0
1299,0.0
1299,3.0
1299,2.0
1300,2.0
1300,2.0
1300,0.0
1300,3.0
1300,2.0
1301,2.0
1301,2.0
1301,0.0
1301,3.0
1301,2.0
1302,2.0
1302,2.0
1302,0.0
1302,3.0
1302,2.0
1303,2.0
1303,2.0
1303,0.0
1303,3.0
1303,2.0
1304,2.0
1304,0.0
1304,2.0
1304,3.0
1304,2.0
1305,2.0
1305,0.0
1305,2.0
1305,3.0
1305,0.0
1305,2.0
1306,2.0
1306,0.0
1306,2.0
1306,0.0
1306,3.0
1306,2.0
1307,2.0
1307,0.0
1307,2.0
1307,0.0
1307,3.0
1307,2.0
1308,2.0
1308,0.0
1308,2.0
1308,0.0
1308,3.0
1308,2.0
1309,2.0
1309,0.0
1309,2.0
1309,0.0
1309,3.0
1309,2.0
1310,2.0
1310,0.0
1310,2.0
1310,0.0
1310,3.0
1310,2.0
1311,2.0
1311,2.0
1311,0.0
1311,0.0
1311,3.0
1312,2.0
1312,2.0
1312,0.0
1312,0.0
1312,3.0
1313,2.0
1313,2.0
1313,0.0
1313,0.0
1313,3.0
1314,2.0
1314,2.0
1314,0.0
1314,0.0
1314,3.0
1315,2.0
1315,0.0
1315,2.0
1315,0.0
1315,3.0
1316,2.0
1316,0.0
1316,2.0
1316,0.0
1316,3.0
1317,2.0
1317,2.0
1317,0.0
1317,0.0
1317,3.0
1318,2.0
1318,2.0
1318,0.0
1318,0.0
1318,3.0
1319,2.0
1319,2.0
1319,0.0
1319,0.0
1319,3.0
1320,2.0
1320,2.0
1320,0.0
1320,0.0
1320,3.0
1321,2.0
1321,2.0
1321,0.0
1321,0.0
1321,3.0
1321,2.0
1322,2.0
1322,2.0
1322,0.0
1322,0.0
1322,3.0
1322,2.0
1323,2.0
1323,2.0
1323,0.0
1323,0.0
1323,3.0
1323,2.0
1324,2.0
1324,2.0
1324,0.0
1324,0.0
1324,3.0
1324,2.0
1325,2.0
1325,2.0
1325,0.0
1325,0.0
1325,3.0
1325,2.0
1326,2.0
1326,2.0
1326,0.0
1326,0.0
1326,3.0
1326,2.0
1327,2.0
1327,2.0
1327,0.0
1327,0.0
1327,3.0
1327,2.0
1328,2.0
1328,2.0
1328,0.0
1328,0.0
1328,3.0
1328,2.0
1329,2.0
1329,2.0
1329,0.0
1329,0.0
1329,3.0
1329,2.0
1330,2.0
1330,2.0
1330,0.0
1330,0.0
1330,3.0
1330,2.0
1330,2.0
1331,2.0
1331,2.0
1331,0.0
1331,0.0
1331,3.0
1331,2.0
1331,2.0
1332,2.0
1332,2.0
1332,0.0
1332,0.0
1332,3.0
1332,2.0
1332,2.0
1333,2.0
1333,2.0
1333,0.0
1333,0.0
1333,3.0
1333,2.0
1333,2.0
1334,2.0
1334,2.0
1334,0.0
1334,0.0
1334,0.0
1334,3.0
1334,2.0
1335,2.0
1335,2.0
1335,0.0
1335,0.0
1335,0.0
1335,3.0
1335,2.0
1335,2.0
1336,2.0
1336,2.0
1336,0.0
1336,0.0
1336,0.0
1336,3.0
1336,2.0
1336,2.0
1337,2.0
1337,2.0
1337,0.0
1337,0.0
1337,0.0
1337,3.0
1337,2.0
1337,2.0
1338,2.0
1338,2.0
1338,0.0
1338,0.0
1338,0.0
1338,3.0
1338,2.0
1338,2.0
1339,2.0
1339,2.0
1339,0.0
1339,0.0
1339,0.0
1339,3.0
1339,2.0
1340,2.0
1340,0.0
1340,2.0
1340,0.0
1340,0.0
1340,3.0
1340,2.0
1341,2.0
1341,0.0
1341,0.0
1341,2.0
1341,0.0
1341,3.0
1341,2.0
1342,2.0
1342,0.0
1342,2.0
1342,0.0
1342,0.0
1342,3.0
1342,2.0
1343,2.0
1343,0.0
1343,2.0
1343,0.0
1343,0.0
1343,3.0
1343,2.0
1344,2.0
1344,0.0
1344,2.0
1344,0.0
1344,0.0
1344,3.0
1344,2.0
1345,2.0
1345,0.0
1345,2.0
1345,0.0
1345,0.0
1345,3.0
1345,2.0
1346,2.0
1346,2.0
1346,0.0
1346,0.0
1346,0.0
1346,3.0
1346,2.0
1347,2.0
1347,2.0
1347,0.0
1347,0.0
1347,0.0
1347,3.0
1347,2.0
1348,2.0
1348,2.0
1348,0.0
1348,0.0
1348,0.0
1348,3.0
1348,2.0
1349,2.0
1349,2.0
1349,0.0
1349,0.0
1349,0.0
1349,3.0
1349,2.0
1350,2.0
1350,2.0
1350,0.0
1350,0.0
1350,0.0
1350,3.0
1351,2.0
1351,2.0
1351,0.0
1351,0.0
1351,0.0
1351,3.0
1351,2.0
1351,2.0
1352,2.0
1352,2.0
1352,0.0
1352,0.0
1352,0.0
1352,3.0
1352,2.0
1352,2.0
1353,2.0
1353,2.0
1353,0.0
1353,0.0
1353,0.0
1353,3.0
1353,2.0
1354,2.0
1354,2.0
1354,0.0
1354,0.0
1354,0.0
1354,3.0
1354,2.0
1355,2.0
1355,2.0
1355,0.0
1355,0.0
1355,0.0
1355,3.0
1355,2.0
1356,2.0
1356,2.0
1356,0.0
1356,0.0
1356,0.0
1356,3.0
1356,2.0
1357,2.0
1357,2.0
1357,0.0
1357,0.0
1357,0.0
1357,3.0
1357,2.0
1358,2.0
1358,2.0
1358,0.0
1358,0.0
1358,0.0
1358,3.0
1358,2.0
1359,2.0
1359,2.0
1359,0.0
1359,0.0
1359,3.0
1359,0.0
1359,2.0
1360,2.0
1360,0.0
1360,2.0
1360,0.0
1360,0.0
1360,3.0
1361,2.0
1361,0.0
1361,2.0
1361,0.0
1361,0.0
1361,3.0
1362,2.0
1362,2.0
1362,0.0
1362,0.0
1362,3.0
1362,0.0
1362,2.0
1363,2.0
1363,2.0
1363,0.0
1363,0.0
1363,0.0
1363,3.0
1364,2.0
1364,2.0
1364,0.0
1364,0.0
1364,0.0
1364,3.0
1364,3.0
1365,2.0
1365,2.0
1365,0.0
1365,0.0
1365,0.0
1365,3.0
1366,2.0
1366,0.0
1366,0.0
1366,2.0
1366,0.0
1366,3.0
1367,2.0
1367,0.0
1367,0.0
1367,2.0
1367,0.0
1367,3.0
1368,2.0
1368,0.0
1368,0.0
1368,2.0
1368,0.0
1368,3.0
1369,2.0
1369,0.0
1369,0.0
1369,2.0
1369,0.0
1369,3.0
1369,3.0
1370,2.0
1370,0.0
1370,2.0
1370,0.0
1370,0.0
1370,3.0
1370,3.0
1371,2.0
1371,0.0
1371,2.0
1371,0.0
1371,0.0
1371,3.0
1372,2.0
1372,0.0
1372,2.0
1372,0.0
1372,0.0
1372,3.0
1372,0.0
1373,2.0
1373,0.0
1373,2.0
1373,0.0
1373,0.0
1373,3.0
1373,0.0
1374,2.0
1374,0.0
1374,2.0
1374,0.0
1374,0.0
1374,3.0
1374,0.0
1375,2.0
1375,0.0
1375,2.0
1375,0.0
1375,0.0
1375,3.0
1376,2.0
1376,0.0
1376,0.0
1376,2.0
1376,0.0
1376,3.0
1376,3.0
1377,2.0
1377,0.0
1377,0.0
1377,2.0
1377,3.0
1377,0.0
1377,3.0
1378,2.0
1378,0.0
1378,2.0
1378,0.0
1378,0.0
1378,3.0
1378,3.0
1379,2.0
1379,0.0
1379,2.0
1379,0.0
1379,0.0
1379,3.0
1379,3.0
1380,2.0
1380,0.0
1380,0.0
1380,2.0
1380,0.0
1380,3.0
1380,3.0
1381,2.0
1381,0.0
1381,2.0
1381,0.0
1381,0.0
1381,3.0
1382,2.0
1382,0.0
1382,2.0
1382,0.0
1382,0.0
1382,3.0
1382,2.0
1383,2.0
1383,0.0
1383,0.0
1383,2.0
1383,0.0
1383,3.0
1383,2.0
1384,2.0
1384,0.0
1384,0.0
1384,2.0
1384,0.0
1384,3.0
1384,2.0
1385,2.0
1385,0.0
1385,0.0
1385,2.0
1385,0.0
1385,3.0
1385,2.0
1386,2.0
1386,0.0
1386,0.0
1386,2.0
1386,0.0
1386,3.0
1386,2.0
1387,2.0
1387,0.0
1387,2.0
1387,0.0
1387,0.0
1387,3.0
1387,2.0
1388,2.0
1388,2.0
1388,0.0
1388,0.0
1388,0.0
1388,3.0
1388,2.0
1389,2.0
1389,0.0
1389,2.0
1389,0.0
1389,0.0
1389,3.0
1389,2.0
1390,2.0
1390,2.0
1390,0.0
1390,0.0
1390,0.0
1390,3.0
1391,2.0
1391,2.0
1391,0.0
1391,0.0
1391,0.0
1391,3.0
1392,2.0
1392,2.0
1392,0.0
1392,0.0
1392,0.0
1392,3.0
1393,2.0
1393,2.0
1393,0.0
1393,3.0
1393,0.0
1393,0.0
1394,2.0
1394,2.0
1394,0.0
1394,3.0
1394,0.0
1394,0.0
1395,2.0
1395,2.0
1395,0.0
1395,3.0
1395,0.0
1395,0.0
1396,2.0
1396,2.0
1396,0.0
1396,0.0
1396,3.0
1396,0.0
1397,2.0
1397,2.0
1397,0.0
1397,0.0
1397,3.0
1397,0.0
1398,2.0
1398,2.0
1398,0.0
1398,0.0
1398,0.0
1398,3.0
1399,2.0
1399,2.0
1399,0.0
1399,0.0
1399,3.0
1399,0.0
1400,2.0
1400,2.0
1400,0.0
1400,0.0
1400,3.0
1400,0.0
1401,2.0
1401,2.0
1401,0.0
1401,0.0
1401,0.0
1401,3.0
1402,2.0
1402,2.0
1402,0.0
1402,0.0
1402,0.0
1402,3.0
1403,2.0
1403,2.0
1403,0.0
1403,0.0
1403,0.0
1403,3.0
1404,2.0
1404,2.0
1404,0.0
1404,0.0
1404,0.0
1404,3.0
1405,2.0
1405,2.0
1405,0.0
1405,0.0
1405,0.0
1405,3.0
1406,2.0
1406,2.0
1406,0.0
1406,0.0
1406,3.0
1406,0.0
1407,2.0
1407,2.0
1407,0.0
1407,0.0
1407,0.0
1407,3.0
1408,2.0
1408,0.0
1408,2.0
1408,0.0
1408,0.0
1408,3.0
1409,2.0
1409,0.0
1409,2.0
1409,0.0
1409,0.0
1409,3.0
1410,2.0
1410,2.0
1410,0.0
1410,0.0
1410,0.0
1410,3.0
1411,2.0
1411,2.0
1411,0.0
1411,0.0
1411,0.0
1411,3.0
1411,2.0
1412,2.0
1412,2.0
1412,0.0
1412,0.0
1412,0.0
1412,2.0
1412,3.0
1413,2.0
1413,2.0
1413,0.0
1413,0.0
1413,0.0
1413,3.0
1413,2.0
1414,2.0
1414,2.0
1414,0.0
1414,0.0
1414,0.0
1414,2.0
1414,3.0
1414,2.0
1414,2.0
1415,2.0
1415,2.0
1415,0.0
1415,0.0
1415,0.0
1415,2.0
1415,3.0
1415,2.0
1415,2.0
1416,2.0
1416,2.0
1416,0.0
1416,0.0
1416,3.0
1416,2.0
1416,2.0
1416,0.0
1417,2.0
1417,2.0
1417,0.0
1417,0.0
1417,2.0
1417,3.0
1417,2.0
1417,2.0
1417,0.0
1418,2.0
1418,2.0
1418,0.0
1418,0.0
1418,0.0
1418,2.0
1418,2.0
1418,3.0
1418,2.0
1419,2.0
1419,2.0
1419,0.0
1419,0.0
1419,0.0
1419,3.0
1419,2.0
1419,2.0
1419,2.0
1420,2.0
1420,0.0
1420,2.0
1420,0.0
1420,0.0
1420,2.0
1420,3.0
1420,2.0
1420,2.0
1421,2.0
1421,0.0
1421,2.0
1421,0.0
1421,0.0
1421,2.0
1421,3.0
1421,2.0
1421,2.0
1422,2.0
1422,2.0
1422,0.0
1422,0.0
1422,2.0
1422,3.0
1422,0.0
1422,2.0
1423,2.0
1423,2.0
1423,0.0
1423,0.0
1423,2.0
1423,3.0
1423,2.0
1423,2.0
1424,2.0
1424,2.0
1424,0.0
1424,0.0
1424,3.0
1424,2.0
1424,2.0
1424,2.0
1425,2.0
1425,2.0
1425,0.0
1425,0.0
1425,3.0
1425,2.0
1425,2.0
1425,2.0
1426,2.0
1426,2.0
1426,0.0
1426,0.0
1426,3.0
1426,2.0
1426,2.0
1426,2.0
1427,2.0
1427,2.0
1427,0.0
1427,0.0
1427,3.0
1427,2.0
1427,2.0
1427,2.0
1428,2.0
1428,2.0
1428,0.0
1428,0.0
1428,2.0
1428,2.0
1428,3.0
1428,2.0
1428,3.0
1429,2.0
1429,2.0
1429,0.0
1429,0.0
1429,3.0
1429,2.0
1429,2.0
1429,2.0
1429,3.0
1430,2.0
1430,2.0
1430,0.0
1430,0.0
1430,3.0
1430,2.0
1430,2.0
1430,3.0
1430,2.0
1431,2.0
1431,2.0
1431,0.0
1431,0.0
1431,2.0
1431,2.0
1431,2.0
1431,3.0
1432,2.0
1432,2.0
1432,0.0
1432,0.0
1432,2.0
1432,2.0
1432,3.0
1432,2.0
1433,2.0
1433,2.0
1433,0.0
1433,0.0
1433,2.0
1433,2.0
1433,3.0
1433,2.0
1434,2.0
1434,2.0
1434,0.0
1434,0.0
1434,2.0
1434,3.0
1434,2.0
1434,2.0
1435,2.0
1435,2.0
1435,0.0
1435,0.0
1435,2.0
1435,2.0
1435,3.0
1435,2.0
1436,2.0
1436,2.0
1436,0.0
1436,0.0
1436,2.0
1436,2.0
1436,3.0
1436,2.0
1437,2.0
1437,2.0
1437,0.0
1437,0.0
1437,3.0
1437,2.0
1437,2.0
1437,2.0
1438,2.0
1438,2.0
1438,0.0
1438,0.0
1438,3.0
1438,2.0
1438,2.0
1438,2.0
1439,2.0
1439,2.0
1439,0.0
1439,0.0
1439,3.0
1439,2.0
1439,2.0
1439,2.0
1440,2.0
1440,2.0
1440,0.0
1440,0.0
1440,3.0
1440,2.0
1440,2.0
1440,2.0
1441,2.0
1441,2.0
1441,0.0
1441,0.0
1441,2.0
1441,3.0
1441,2.0
1441,2.0
1442,2.0
1442,2.0
1442,0.0
1442,0.0
1442,2.0
1442,2.0
1442,3.0
1442,2.0
1443,2.0
1443,2.0
1443,0.0
1443,0.0
1443,2.0
1443,2.0
1443,3.0
1443,2.0
1443,0.0
1444,2.0
1444,2.0
1444,0.0
1444,0.0
1444,2.0
1444,2.0
1444,3.0
1444,0.0
1444,2.0
1445,2.0
1445,2.0
1445,0.0
1445,0.0
1445,2.0
1445,2.0
1445,3.0
1445,0.0
1445,2.0
1446,2.0
1446,2.0
1446,0.0
1446,0.0
1446,2.0
1446,3.0
1446,2.0
1446,0.0
1446,2.0
1447,2.0
1447,2.0
1447,0.0
1447,0.0
1447,3.0
1447,2.0
1447,2.0
1447,2.0
1447,0.0
1448,2.0
1448,2.0
1448,0.0
1448,3.0
1448,2.0
1448,0.0
1448,2.0
1448,2.0
1449,2.0
1449,2.0
1449,0.0
1449,0.0
1449,3.0
1449,2.0
1449,2.0
1449,3.0
1449,2.0
1450,2.0
1450,2.0
1450,0.0
1450,0.0
1450,2.0
1450,2.0
1450,3.0
1450,2.0
1451,2.0
1451,2.0
1451,0.0
1451,0.0
1451,2.0
1451,2.0
1451,3.0
1451,2.0
1452,2.0
1452,2.0
1452,0.0
1452,0.0
1452,0.0
1452,2.0
1452,3.0
1452,2.0
1452,2.0
1453,2.0
1453,2.0
1453,0.0
1453,0.0
1453,2.0
1453,0.0
1453,3.0
1453,2.0
1453,2.0
1454,2.0
1454,2.0
1454,0.0
1454,0.0
1454,2.0
1454,0.0
1454,3.0
1454,2.0
1454,2.0
1455,2.0
1455,2.0
1455,0.0
1455,0.0
1455,2.0
1455,2.0
1455,3.0
1455,2.0
1456,2.0
1456,2.0
1456,0.0
1456,0.0
1456,2.0
1456,3.0
1456,2.0
1456,2.0
1457,2.0
1457,2.0
1457,0.0
1457,0.0
1457,2.0
1457,3.0
1457,2.0
1457,2.0
1458,2.0
1458,2.0
1458,0.0
1458,0.0
1458,2.0
1458,3.0
1458,2.0
1458,2.0
1459,2.0
1459,2.0
1459,0.0
1459,2.0
1459,2.0
1459,0.0
1459,3.0
1459,2.0
1460,2.0
1460,2.0
1460,0.0
1460,2.0
1460,2.0
1460,3.0
1460,2.0
1461,2.0
1461,2.0
1461,0.0
1461,2.0
1461,2.0
1461,3.0
1461,2.0
1461,0.0
1462,2.0
1462,2.0
1462,0.0
1462,2.0
1462,3.0
1462,2.0
1462,0.0
1462,2.0
1463,2.0
1463,2.0
1463,0.0
1463,2.0
1463,3.0
1463,2.0
1463,0.0
1463,2.0
1464,2.0
1464,2.0
1464,0.0
1464,2.0
1464,2.0
1464,3.0
1464,0.0
1464,2.0
1464,3.0
1465,2.0
1465,2.0
1465,0.0
1465,3.0
1465,3.0
1465,2.0
1465,2.0
1465,2.0
1466,2.0
1466,2.0
1466,0.0
1466,3.0
1466,3.0
1466,0.0
1466,2.0
1466,2.0
1466,2.0
1467,2.0
1467,2.0
1467,0.0
1467,3.0
1467,3.0
1467,2.0
1467,0.0
1467,2.0
1468,2.0
1468,2.0
1468,0.0
1468,3.0
1468,3.0
1468,0.0
1468,2.0
1468,2.0
1469,2.0
1469,2.0
1469,0.0
1469,3.0
1469,3.0
1469,0.0
1469,2.0
1469,2.0
1470,2.0
1470,2.0
1470,0.0
1470,3.0
1470,3.0
1470,2.0
1470,0.0
1470,2.0
1470,2.0
1470,0.0
1471,2.0
1471,2.0
1471,0.0
1471,3.0
1471,3.0
1471,0.0
1471,2.0
1471,2.0
1471,0.0
1472,2.0
1472,2.0
1472,0.0
1472,3.0
1472,3.0
1472,2.0
1472,2.0
1472,0.0
1473,2.0
1473,2.0
1473,0.0
1473,0.0
1473,3.0
1473,0.0
1473,2.0
1473,3.0
1473,2.0
1474,2.0
1474,2.0
1474,0.0
1474,0.0
1474,3.0
1474,0.0
1474,2.0
1474,2.0
1474,3.0
1475,2.0
1475,2.0
1475,0.0
1475,0.0
1475,3.0
1475,0.0
1475,2.0
1475,2.0
1475,3.0
1476,2.0
1476,2.0
1476,0.0
1476,0.0
1476,3.0
1476,2.0
1476,2.0
1476,0.0
1476,0.0
1476,3.0
1477,2.0
1477,2.0
1477,0.0
1477,3.0
1477,0.0
1477,0.0
1477,2.0
1477,2.0
1478,2.0
1478,2.0
1478,0.0
1478,0.0
1478,0.0
1478,3.0
1478,2.0
1478,2.0
1478,3.0
1479,2.0
1479,2.0
1479,0.0
1479,0.0
1479,0.0
1479,3.0
1479,2.0
1479,2.0
1480,2.0
1480,2.0
1480,0.0
1480,0.0
1480,3.0
1480,0.0
1480,2.0
1480,3.0
1480,2.0
1481,2.0
1481,2.0
1481,0.0
1481,0.0
1481,3.0
1481,0.0
1481,2.0
1481,3.0
1481,2.0
1482,2.0
1482,2.0
1482,0.0
1482,0.0
1482,3.0
1482,2.0
1482,0.0
1482,3.0
1482,2.0
1483,2.0
1483,2.0
1483,0.0
1483,0.0
1483,3.0
1483,2.0
1483,3.0
1483,2.0
1483,0.0
1484,2.0
1484,2.0
1484,0.0
1484,0.0
1484,3.0
1484,2.0
1484,2.0
1484,0.0
1484,3.0
1485,2.0
1485,2.0
1485,0.0
1485,0.0
1485,3.0
1485,2.0
1485,2.0
1486,2.0
1486,2.0
1486,0.0
1486,0.0
1486,3.0
1486,2.0
1486,2.0
1486,3.0
1487,2.0
1487,2.0
1487,0.0
1487,0.0
1487,3.0
1487,2.0
1487,2.0
1487,3.0
1488,2.0
1488,2.0
1488,0.0
1488,0.0
1488,3.0
1488,2.0
1488,2.0
1488,3.0
1489,2.0
1489,2.0
1489,0.0
1489,0.0
1489,3.0
1489,2.0
1489,2.0
1490,2.0
1490,2.0
1490,0.0
1490,0.0
1490,3.0
1490,2.0
1490,2.0
1491,2.0
1491,2.0
1491,0.0
1491,0.0
1491,3.0
1491,0.0
1491,2.0
1491,2.0
1492,2.0
1492,2.0
1492,0.0
1492,0.0
1492,3.0
1492,2.0
1492,2.0
1492,0.0
1493,2.0
1493,2.0
1493,0.0
1493,0.0
1493,3.0
1493,2.0
1493,2.0
1493,0.0
1494,2.0
1494,2.0
1494,0.0
1494,0.0
1494,3.0
1494,2.0
1494,2.0
1495,2.0
1495,2.0
1495,0.0
1495,0.0
1495,3.0
1495,2.0
1495,2.0
1496,2.0
1496,2.0
1496,0.0
1496,0.0
1496,3.0
1496,2.0
1496,2.0
1497,2.0
1497,2.0
1497,0.0
1497,0.0
1497,2.0
1497,2.0
1497,3.0
1497,3.0
1498,2.0
1498,2.0
1498,0.0
1498,2.0
1498,2.0
1498,3.0
1498,0.0
1498,3.0
1499,2.0
1499,2.0
1499,0.0
1499,2.0
1499,2.0
1499,3.0
1499,0.0
1499,3.0
1500,2.0
1500,2.0
1500,0.0
1500,3.0
1500,2.0
1500,2.0
1500,3.0
1501,2.0
1501,2.0
1501,0.0
1501,3.0
1501,2.0
1501,2.0
1501,3.0
1501,2.0
1502,2.0
1502,2.0
1502,0.0
1502,3.0
1502,3.0
1502,2.0
1502,2.0
1502,2.0
1503,2.0
1503,2.0
1503,0.0
1503,2.0
1503,2.0
1503,2.0
1503,3.0
1503,3.0
1504,2.0
1504,2.0
1504,0.0
1504,2.0
1504,2.0
1504,3.0
1504,2.0
1504,3.0
1505,2.0
1505,2.0
1505,0.0
1505,2.0
1505,2.0
1505,2.0
1505,3.0
1505,3.0
1506,2.0
1506,2.0
1506,0.0
1506,2.0
1506,2.0
1506,3.0
1506,3.0
1507,2.0
1507,2.0
1507,0.0
1507,3.0
1507,2.0
1507,2.0
1507,3.0
1508,2.0
1508,2.0
1508,0.0
1508,3.0
1508,2.0
1508,2.0
1508,3.0
1509,2.0
1509,2.0
1509,3.0
1509,0.0
1509,2.0
1509,2.0
1509,3.0
1509,2.0
1510,2.0
1510,2.0
1510,0.0
1510,3.0
1510,2.0
1510,2.0
1510,3.0
1511,2.0
1511,2.0
1511,0.0
1511,3.0
1511,2.0
1511,2.0
1511,3.0
1512,2.0
1512,2.0
1512,0.0
1512,3.0
1512,2.0
1512,2.0
1512,3.0
1512,0.0
1513,2.0
1513,2.0
1513,0.0
1513,3.0
1513,2.0
1513,0.0
1513,2.0
1513,3.0
1513,2.0
1514,2.0
1514,2.0
1514,0.0
1514,3.0
1514,2.0
1514,2.0
1514,0.0
1514,2.0
1514,3.0
1515,2.0
1515,2.0
1515,0.0
1515,3.0
1515,0.0
1515,2.0
1515,2.0
1515,2.0
1515,3.0
1515,0.0
1516,2.0
1516,2.0
1516,0.0
1516,3.0
1516,2.0
1516,2.0
1516,0.0
1517,2.0
1517,2.0
1517,0.0
1517,3.0
1517,2.0
1517,2.0
1517,0.0
1517,3.0
1518,2.0
1518,2.0
1518,0.0
1518,3.0
1518,2.0
1518,2.0
1518,0.0
1518,3.0
1519,2.0
1519,2.0
1519,3.0
1519,0.0
1519,2.0
1519,2.0
1519,2.0
1519,2.0
1520,2.0
1520,2.0
1520,3.0
1520,0.0
1520,2.0
1520,2.0
1520,2.0
1521,2.0
1521,2.0
1521,3.0
1521,0.0
1521,2.0
1521,2.0
1521,2.0
1521,2.0
1522,2.0
1522,2.0
1522,3.0
1522,2.0
1522,2.0
1522,0.0
1522,2.0
1522,2.0
1523,2.0
1523,2.0
1523,3.0
1523,2.0
1523,2.0
1523,0.0
1523,2.0
1523,2.0
1524,2.0
1524,2.0
1524,3.0
1524,0.0
1524,2.0
1524,3.0
1524,2.0
1524,2.0
1524,2.0
1525,2.0
1525,2.0
1525,3.0
1525,0.0
1525,3.0
1525,2.0
1525,2.0
1525,2.0
1525,2.0
1526,2.0
1526,2.0
1526,3.0
1526,0.0
1526,2.0
1526,2.0
1526,2.0
1526,3.0
1526,2.0
1527,2.0
1527,2.0
1527,3.0
1527,2.0
1527,0.0
1527,2.0
1527,2.0
1527,3.0
1527,2.0
1528,2.0
1528,2.0
1528,3.0
1528,2.0
1528,0.0
1528,2.0
1528,2.0
1528,2.0
1528,3.0
1529,2.0
1529,2.0
1529,3.0
1529,2.0
1529,0.0
1529,2.0
1529,2.0
1529,3.0
1529,2.0
1530,2.0
1530,2.0
1530,3.0
1530,2.0
1530,0.0
1530,2.0
1530,2.0
1530,2.0
1530,3.0
1531,2.0
1531,2.0
1531,3.0
1531,2.0
1531,0.0
1531,2.0
1531,2.0
1532,2.0
1532,2.0
1532,2.0
1532,3.0
1532,0.0
1532,2.0
1532,2.0
1533,2.0
1533,2.0
1533,2.0
1533,3.0
1533,0.0
1533,2.0
1533,2.0
1534,2.0
1534,2.0
1534,2.0
1534,3.0
1534,0.0
1534,2.0
1534,2.0
1535,2.0
1535,2.0
1535,2.0
1535,3.0
1535,0.0
1535,2.0
1535,2.0
1536,2.0
1536,2.0
1536,2.0
1536,0.0
1536,3.0
1536,2.0
1536,2.0
1537,2.0
1537,2.0
1537,2.0
1537,0.0
1537,3.0
1537,2.0
1537,3.0
1537,2.0
1538,2.0
1538,2.0
1538,2.0
1538,0.0
1538,3.0
1538,2.0
1538,2.0
1539,2.0
1539,2.0
1539,0.0
1539,2.0
1539,3.0
1539,2.0
1539,2.0
1540,2.0
1540,2.0
1540,0.0
1540,2.0
1540,3.0
1540,2.0
1540,2.0
1541,2.0
1541,2.0
1541,0.0
1541,2.0
1541,3.0
1541,2.0
1541,2.0
1542,2.0
1542,2.0
1542,0.0
1542,2.0
1542,3.0
1542,2.0
1542,2.0
1543,2.0
1543,2.0
1543,2.0
1543,0.0
1543,3.0
1543,2.0
1543,2.0
1544,2.0
1544,2.0
1544,0.0
1544,2.0
1544,2.0
1544,3.0
1544,2.0
1545,2.0
1545,2.0
1545,0.0
1545,2.0
1545,2.0
1545,3.0
1545,2.0
1546,2.0
1546,2.0
1546,2.0
1546,0.0
1546,2.0
1546,3.0
1546,2.0
1547,2.0
1547,2.0
1547,2.0
1547,0.0
1547,2.0
1547,3.0
1547,2.0
1548,2.0
1548,2.0
1548,0.0
1548,2.0
1548,3.0
1548,2.0
1548,2.0
1549,2.0
1549,2.0
1549,0.0
1549,2.0
1549,3.0
1549,2.0
1549,2.0
1550,2.0
1550,2.0
1550,0.0
1550,2.0
1550,3.0
1550,2.0
1550,2.0
1551,2.0
1551,2.0
1551,2.0
1551,3.0
1551,2.0
1551,2.0
1552,2.0
1552,2.0
1552,2.0
1552,3.0
1552,2.0
1552,2.0
1553,2.0
1553,2.0
1553,2.0
1553,3.0
1553,2.0
1553,2.0
1554,2.0
1554,2.0
1554,2.0
1554,3.0
1554,2.0
1554,2.0
1554,2.0
1555,2.0
1555,2.0
1555,2.0
1555,0.0
1555,3.0
1555,2.0
1555,2.0
1555,2.0
1556,2.0
1556,2.0
1556,2.0
1556,0.0
1556,3.0
1556,2.0
1556,2.0
1557,2.0
1557,2.0
1557,2.0
1557,0.0
1557,3.0
1557,2.0
1557,2.0
1558,2.0
1558,2.0
1558,2.0
1558,0.0
1558,3.0
1558,2.0
1558,2.0
1558,2.0
1559,2.0
1559,2.0
1559,2.0
1559,0.0
1559,3.0
1559,2.0
1559,2.0
1559,2.0
1560,2.0
1560,2.0
1560,2.0
1560,0.0
1560,3.0
1560,2.0
1560,2.0
1560,2.0
1561,2.0
1561,2.0
1561,2.0
1561,0.0
1561,3.0
1561,2.0
1561,2.0
1561,2.0
1562,2.0
1562,2.0
1562,2.0
1562,0.0
1562,3.0
1562,2.0
1562,2.0
1562,2.0
1563,2.0
1563,2.0
1563,2.0
1563,0.0
1563,3.0
1563,2.0
1563,2.0
1563,2.0
1564,2.0
1564,2.0
1564,2.0
1564,0.0
1564,3.0
1564,2.0
1564,2.0
1564,2.0
1565,2.0
1565,2.0
1565,2.0
1565,0.0
1565,3.0
1565,2.0
1565,2.0
1565,2.0
1566,2.0
1566,2.0
1566,2.0
1566,0.0
1566,3.0
1566,2.0
1566,2.0
1566,2.0
1567,2.0
1567,2.0
1567,2.0
1567,0.0
1567,3.0
1567,2.0
1567,2.0
1567,2.0
1568,2.0
1568,2.0
1568,2.0
1568,0.0
1568,2.0
1568,3.0
1568,2.0
1568,2.0
1569,2.0
1569,2.0
1569,2.0
1569,0.0
1569,2.0
1569,2.0
1569,2.0
1569,3.0
1569,0.0
1570,2.0
1570,2.0
1570,2.0
1570,0.0
1570,2.0
1570,2.0
1570,2.0
1571,2.0
1571,2.0
1571,2.0
1571,0.0
1571,2.0
1571,2.0
1571,2.0
1572,2.0
1572,2.0
1572,2.0
1572,0.0
1572,2.0
1572,2.0
1572,2.0
1573,2.0
1573,2.0
1573,2.0
1573,0.0
1573,2.0
1573,2.0
1573,2.0
1573,0.0
1574,2.0
1574,2.0
1574,2.0
1574,0.0
1574,2.0
1574,2.0
1574,2.0
1574,0.0
1575,2.0
1575,2.0
1575,2.0
1575,0.0
1575,2.0
1575,2.0
1575,2.0
1575,0.0
1576,2.0
1576,2.0
1576,2.0
1576,0.0
1576,2.0
1576,2.0
1576,2.0
1576,0.0
1577,2.0
1577,2.0
1577,2.0
1577,0.0
1577,2.0
1577,2.0
1577,2.0
1577,0.0
1578,2.0
1578,2.0
1578,2.0
1578,0.0
1578,2.0
1578,2.0
1578,0.0
1578,2.0
1579,2.0
1579,2.0
1579,2.0
1579,0.0
1579,2.0
1579,2.0
1579,0.0
1579,2.0
1579,0.0
1580,2.0
1580,2.0
1580,2.0
1580,0.0
1580,2.0
1580,2.0
1580,2.0
1580,0.0
1581,2.0
1581,2.0
1581,2.0
1581,2.0
1581,2.0
1581,2.0
1582,2.0
1582,2.0
1582,2.0
1582,2.0
1582,2.0
1582,2.0
1583,2.0
1583,2.0
1583,2.0
1583,2.0
1583,2.0
1583,2.0
1584,2.0
1584,2.0
1584,2.0
1584,2.0
1584,2.0
1584,2.0
1585,2.0
1585,2.0
1585,2.0
1585,2.0
1585,2.0
1585,2.0
1586,2.0
1586,2.0
1586,2.0
1586,2.0
1586,2.0
1586,2.0
1587,2.0
1587,2.0
1587,2.0
1587,2.0
1587,2.0
1587,2.0
1588,2.0
1588,2.0
1588,2.0
1588,2.0
1588,2.0
1588,2.0
1589,2.0
1589,2.0
1589,2.0
1589,2.0
1589,2.0
1589,2.0
1590,2.0
1590,2.0
1590,2.0
1590,2.0
1590,2.0
1590,2.0
1591,2.0
1591,2.0
1591,2.0
1591,2.0
1591,2.0
1591,2.0
1592,2.0
1592,2.0
1592,2.0
1592,2.0
1592,2.0
1592,2.0
1593,2.0
1593,2.0
1593,2.0
1593,2.0
1593,2.0
1593,2.0
1594,2.0
1594,2.0
1594,2.0
1594,2.0
1594,2.0
1594,2.0
1595,2.0
1595,2.0
1595,2.0
1595,2.0
1595,2.0
1595,2.0
1596,2.0
1596,2.0
1596,2.0
1596,2.0
1596,2.0
1596,2.0
1597,2.0
1597,2.0
1597,2.0
1597,2.0
1597,2.0
1597,2.0
1598,2.0
1598,2.0
1598,2.0
1598,2.0
1598,2.0
1598,2.0
1599,2.0
1599,2.0
1599,2.0
1599,2.0
1599,2.0
1599,2.0
1600,2.0
1600,2.0
1600,2.0
1600,2.0
1600,2.0
1600,2.0
1601,2.0
1601,2.0
1601,2.0
1601,2.0
1601,2.0
1601,2.0
1602,2.0
1602,2.0
1602,2.0
1602,2.0
1602,2.0
1602,2.0
1603,2.0
1603,2.0
1603,2.0
1603,2.0
1603,2.0
1604,2.0
1604,2.0
1604,2.0
1604,2.0
1604,2.0
1605,2.0
1605,2.0
1605,2.0
1605,2.0
1605,2.0
1605,2.0
1606,2.0
1606,2.0
1606,2.0
1606,2.0
1606,2.0
1606,0.0
1607,2.0
1607,2.0
1607,2.0
1607,2.0
1607,2.0
1607,0.0
1608,2.0
1608,2.0
1608,2.0
1608,2.0
1608,2.0
1609,2.0
1609,2.0
1609,2.0
1609,2.0
1609,2.0
1609,0.0
1610,2.0
1610,2.0
1610,2.0
1610,0.0
1610,2.0
1610,2.0
1610,2.0
1611,2.0
1611,2.0
1611,2.0
1611,0.0
1611,2.0
1611,2.0
1611,2.0
1612,2.0
1612,2.0
1612,2.0
1612,0.0
1612,2.0
1612,2.0
1612,2.0
1613,2.0
1613,2.0
1613,2.0
1613,0.0
1613,2.0
1613,2.0
1613,2.0
1614,2.0
1614,2.0
1614,2.0
1614,2.0
1614,0.0
1614,2.0
1615,2.0
1615,2.0
1615,2.0
1615,2.0
1616,2.0
1616,2.0
1616,2.0
1616,2.0
1617,2.0
1617,2.0
1617,2.0
1617,2.0
1618,2.0
1618,2.0
1618,2.0
1618,2.0
1619,2.0
1619,2.0
1619,2.0
1619,2.0
1620,2.0
1620,2.0
1620,2.0
1620,2.0
1620,0.0
1621,2.0
1621,2.0
1621,2.0
1621,0.0
1621,2.0
1622,2.0
1622,2.0
1622,2.0
1622,0.0
1622,2.0
1623,2.0
1623,2.0
1623,2.0
1623,0.0
1623,2.0
1624,2.0
1624,2.0
1624,2.0
1624,0.0
1624,2.0
1625,2.0
1625,2.0
1625,2.0
1625,0.0
1625,2.0
1626,2.0
1626,2.0
1626,2.0
1626,0.0
1626,2.0
1627,2.0
1627,2.0
1627,2.0
1627,0.0
1627,2.0
1628,2.0
1628,2.0
1628,2.0
1628,0.0
1628,2.0
1629,2.0
1629,2.0
1629,2.0
1629,0.0
1629,2.0
1629,2.0
1630,2.0
1630,2.0
1630,2.0
1630,0.0
1630,2.0
1630,2.0
1631,2.0
1631,2.0
1631,2.0
1631,0.0
1631,2.0
1631,2.0
1632,2.0
1632,2.0
1632,2.0
1632,0.0
1632,2.0
1632,2.0
1633,2.0
1633,2.0
1633,2.0
1633,0.0
1633,2.0
1633,2.0
1634,2.0
1634,2.0
1634,2.0
1634,0.0
1634,2.0
1634,2.0
1635,2.0
1635,2.0
1635,2.0
1635,2.0
1635,2.0
1635,0.0
1636,2.0
1636,2.0
1636,2.0
1636,0.0
1636,2.0
1636,2.0
1637,2.0
1637,2.0
1637,2.0
1637,0.0
1637,2.0
1637,2.0
1638,2.0
1638,2.0
1638,2.0
1638,0.0
1638,2.0
1638,2.0
1639,2.0
1639,2.0
1639,2.0
1639,0.0
1639,2.0
1639,2.0
1640,2.0
1640,2.0
1640,2.0
1640,0.0
1640,2.0
1641,2.0
1641,2.0
1641,2.0
1641,0.0
1641,2.0
1641,2.0
1642,2.0
1642,2.0
1642,2.0
1642,0.0
1642,2.0
1642,2.0
1643,2.0
1643,2.0
1643,2.0
1643,0.0
1643,2.0
1643,2.0
1644,2.0
1644,2.0
1644,2.0
1644,0.0
1644,2.0
1644,2.0
1645,2.0
1645,2.0
1645,2.0
1645,0.0
1645,2.0
1645,2.0
1646,2.0
1646,2.0
1646,2.0
1646,0.0
1646,2.0
1646,2.0
1647,2.0
1647,2.0
1647,2.0
1647,0.0
1647,2.0
1648,2.0
1648,2.0
1648,0.0
1648,2.0
1648,2.0
1649,2.0
1649,2.0
1649,0.0
1649,2.0
1649,2.0
1650,2.0
1650,2.0
1650,0.0
1650,2.0
1650,2.0
1651,2.0
1651,2.0
1651,2.0
1651,0.0
1651,2.0
1652,2.0
1652,2.0
1652,2.0
1652,0.0
1652,2.0
1652,2.0
1653,2.0
1653,2.0
1653,2.0
1653,0.0
1653,2.0
1654,2.0
1654,2.0
1654,2.0
1654,0.0
1654,2.0
1655,2.0
1655,2.0
1655,2.0
1655,0.0
1655,2.0
1656,2.0
1656,2.0
1656,2.0
1656,0.0
1657,2.0
1657,2.0
1657,2.0
1657,0.0
1658,2.0
1658,2.0
1658,2.0
1658,0.0
1658,2.0
1659,2.0
1659,2.0
1659,2.0
1659,0.0
1660,2.0
1660,2.0
1660,2.0
1660,0.0
1661,2.0
1661,2.0
1661,2.0
1661,0.0
1662,2.0
1662,2.0
1662,2.0
1662,0.0
1663,2.0
1663,2.0
1663,2.0
1663,0.0
1664,2.0
1664,2.0
1664,2.0
1664,0.0
1665,2.0
1665,2.0
1665,0.0
1665,2.0
1666,2.0
1666,2.0
1666,0.0
1666,2.0
1667,2.0
1667,2.0
1667,0.0
1667,2.0
1668,2.0
1668,2.0
1668,0.0
1668,2.0
1669,2.0
1669,2.0
1669,0.0
1669,2.0
1670,2.0
1670,2.0
1670,0.0
1670,2.0
1671,2.0
1671,2.0
1671,0.0
1671,2.0
1671,2.0
1672,2.0
1672,2.0
1672,0.0
1672,2.0
1673,2.0
1673,2.0
1673,0.0
1673,2.0
1674,2.0
1674,2.0
1674,0.0
1674,2.0
1675,2.0
1675,2.0
1675,0.0
1675,2.0
1676,2.0
1676,2.0
1676,0.0
1676,2.0
1677,2.0
1677,2.0
1677,0.0
1677,2.0
1677,2.0
1678,2.0
1678,2.0
1678,0.0
1678,2.0
1679,2.0
1679,2.0
1679,0.0
1679,2.0
1680,2.0
1680,2.0
1680,0.0
1680,2.0
1681,2.0
1681,2.0
1681,0.0
1681,2.0
1682,2.0
1682,2.0
1682,0.0
1682,2.0
1683,2.0
1683,2.0
1683,0.0
1683,2.0
1684,2.0
1684,2.0
1684,0.0
1684,2.0
1685,2.0
1685,2.0
1685,0.0
1685,2.0
1686,2.0
1686,2.0
1686,0.0
1686,2.0
1687,2.0
1687,2.0
1687,0.0
1687,2.0
1688,2.0
1688,2.0
1688,0.0
1688,2.0
1689,2.0
1689,2.0
1689,0.0
1689,2.0
1690,2.0
1690,2.0
1690,0.0
1690,2.0
1691,2.0
1691,2.0
1691,0.0
1691,2.0
1692,2.0
1692,2.0
1692,0.0
1692,2.0
1693,2.0
1693,2.0
1693,0.0
1693,2.0
1694,2.0
1694,2.0
1694,0.0
1694,2.0
1695,2.0
1695,2.0
1695,0.0
1695,2.0
1696,2.0
1696,2.0
1696,0.0
1696,2.0
1697,2.0
1697,2.0
1697,0.0
1697,2.0
1698,2.0
1698,2.0
1698,0.0
1698,2.0
1699,2.0
1699,2.0
1699,0.0
1699,2.0
1700,2.0
1700,2.0
1700,0.0
1700,2.0
1701,2.0
1701,2.0
1701,0.0
1701,2.0
1702,2.0
1702,2.0
1702,0.0
1702,2.0
1703,2.0
1703,2.0
1703,0.0
1703,2.0
1704,2.0
1704,2.0
1704,0.0
1704,2.0
1705,2.0
1705,2.0
1705,0.0
1705,2.0
1705,0.0
1706,2.0
1706,2.0
1706,0.0
1706,2.0
1707,2.0
1707,2.0
1707,0.0
1707,2.0
1707,0.0
1708,2.0
1708,2.0
1708,0.0
1708,2.0
1708,0.0
1709,2.0
1709,2.0
1709,0.0
1709,2.0
1709,0.0
1710,2.0
1710,2.0
1710,0.0
1710,2.0
1710,0.0
1711,2.0
1711,2.0
1711,2.0
1711,0.0
1711,0.0
1711,0.0
1711,2.0
1712,2.0
1712,2.0
1712,0.0
1712,2.0
1712,0.0
1712,0.0
1712,2.0
1713,2.0
1713,2.0
1713,0.0
1713,2.0
1713,0.0
1713,0.0
1713,2.0
1714,2.0
1714,2.0
1714,0.0
1714,2.0
1714,2.0
1715,2.0
1715,2.0
1715,0.0
1715,2.0
1715,2.0
1716,2.0
1716,2.0
1716,2.0
1716,0.0
1716,2.0
1717,2.0
1717,2.0
1717,2.0
1717,0.0
1717,2.0
1718,2.0
1718,2.0
1718,2.0
1718,0.0
1718,2.0
1719,2.0
1719,2.0
1719,2.0
1719,0.0
1719,2.0
1719,0.0
1720,2.0
1720,2.0
1720,2.0
1720,0.0
1720,0.0
1720,2.0
1721,2.0
1721,2.0
1721,2.0
1721,0.0
1721,0.0
1721,2.0
1722,2.0
1722,2.0
1722,2.0
1722,0.0
1722,0.0
1722,2.0
1723,2.0
1723,2.0
1723,2.0
1723,0.0
1723,0.0
1723,2.0
1724,2.0
1724,2.0
1724,2.0
1724,0.0
1724,0.0
1724,0.0
1724,2.0
1725,2.0
1725,2.0
1725,2.0
1725,0.0
1725,0.0
1725,2.0
1725,0.0
1726,2.0
1726,2.0
1726,2.0
1726,0.0
1726,0.0
1726,2.0
1727,2.0
1727,2.0
1727,2.0
1727,0.0
1727,0.0
1727,2.0
1728,2.0
1728,2.0
1728,2.0
1728,2.0
1728,0.0
1728,0.0
1728,0.0
1729,2.0
1729,2.0
1729,2.0
1729,2.0
1729,0.0
1729,0.0
1730,2.0
1730,2.0
1730,2.0
1730,0.0
1730,2.0
1730,0.0
1731,2.0
1731,2.0
1731,2.0
1731,0.0
1731,0.0
1731,2.0
1732,2.0
1732,2.0
1732,2.0
1732,0.0
1732,2.0
1733,2.0
1733,2.0
1733,2.0
1733,0.0
1733,2.0
1734,2.0
1734,2.0
1734,2.0
1734,0.0
1734,2.0
1734,0.0
1735,2.0
1735,2.0
1735,2.0
1735,0.0
1735,2.0
1736,2.0
1736,2.0
1736,2.0
1736,2.0
1736,0.0
1736,0.0
1737,2.0
1737,2.0
1737,2.0
1737,2.0
1737,0.0
1738,2.0
1738,2.0
1738,2.0
1738,2.0
1738,0.0
1739,2.0
1739,2.0
1739,2.0
1739,2.0
1739,0.0
1740,2.0
1740,2.0
1740,2.0
1740,2.0
1740,0.0
1741,2.0
1741,2.0
1741,2.0
1741,0.0
1741,2.0
1741,0.0
1741,2.0
1742,2.0
1742,2.0
1742,2.0
1742,0.0
1742,2.0
1742,0.0
1742,2.0
1743,2.0
1743,2.0
1743,2.0
1743,0.0
1743,2.0
1743,2.0
1743,0.0
1744,2.0
1744,2.0
1744,2.0
1744,0.0
1744,2.0
1744,0.0
1744,2.0
1745,2.0
1745,2.0
1745,2.0
1745,0.0
1745,2.0
1745,0.0
1745,2.0
1746,2.0
1746,2.0
1746,2.0
1746,0.0
1746,2.0
1746,2.0
1746,0.0
1746,0.0
1747,2.0
1747,2.0
1747,2.0
1747,0.0
1747,2.0
1747,2.0
1747,0.0
1748,2.0
1748,2.0
1748,2.0
1748,0.0
1748,2.0
1748,2.0
1748,0.0
1749,2.0
1749,2.0
1749,2.0
1749,0.0
1749,2.0
1749,2.0
1749,0.0
1750,2.0
1750,2.0
1750,2.0
1750,0.0
1750,2.0
1750,0.0
1750,2.0
1751,2.0
1751,2.0
1751,2.0
1751,0.0
1751,2.0
1751,0.0
1751,2.0
1752,2.0
1752,2.0
1752,2.0
1752,0.0
1752,0.0
1752,2.0
1752,2.0
1752,0.0
1753,2.0
1753,2.0
1753,2.0
1753,0.0
1753,2.0
1753,0.0
1753,2.0
1754,2.0
1754,2.0
1754,2.0
1754,0.0
1754,2.0
1754,0.0
1754,2.0
1754,0.0
1755,2.0
1755,2.0
1755,2.0
1755,2.0
1755,0.0
1755,0.0
1755,2.0
1756,2.0
1756,2.0
1756,2.0
1756,0.0
1756,2.0
1756,0.0
1756,2.0
1757,2.0
1757,2.0
1757,2.0
1757,0.0
1757,2.0
1757,0.0
1757,2.0
1758,2.0
1758,2.0
1758,2.0
1758,2.0
1758,0.0
1758,2.0
1758,0.0
1759,2.0
1759,2.0
1759,2.0
1759,2.0
1759,0.0
1759,2.0
1759,0.0
1759,0.0
1760,2.0
1760,2.0
1760,2.0
1760,2.0
1760,0.0
1760,2.0
1760,0.0
1761,2.0
1761,2.0
1761,2.0
1761,2.0
1761,0.0
1761,0.0
1761,2.0
1762,2.0
1762,2.0
1762,2.0
1762,2.0
1762,0.0
1762,0.0
1762,2.0
1763,2.0
1763,2.0
1763,2.0
1763,2.0
1763,0.0
1763,0.0
1763,2.0
1764,2.0
1764,2.0
1764,2.0
1764,2.0
1764,0.0
1764,0.0
1764,2.0
1765,2.0
1765,2.0
1765,2.0
1765,0.0
1765,2.0
1765,0.0
1765,2.0
1766,2.0
1766,2.0
1766,2.0
1766,0.0
1766,0.0
1766,2.0
1766,2.0
1767,2.0
1767,2.0
1767,2.0
1767,2.0
1767,0.0
1767,0.0
1767,2.0
1768,2.0
1768,2.0
1768,2.0
1768,0.0
1768,2.0
1768,0.0
1768,2.0
1769,2.0
1769,2.0
1769,2.0
1769,0.0
1769,2.0
1769,0.0
1769,2.0
1770,2.0
1770,2.0
1770,2.0
1770,0.0
1770,0.0
1770,2.0
1770,2.0
1771,2.0
1771,2.0
1771,2.0
1771,0.0
1771,2.0
1771,0.0
1771,0.0
1771,2.0
1772,2.0
1772,2.0
1772,2.0
1772,0.0
1772,2.0
1772,0.0
1772,0.0
1772,2.0
1773,2.0
1773,2.0
1773,2.0
1773,0.0
1773,2.0
1773,0.0
1773,0.0
1774,2.0
1774,2.0
1774,2.0
1774,0.0
1774,0.0
1774,2.0
1774,0.0
1775,2.0
1775,2.0
1775,2.0
1775,0.0
1775,0.0
1775,2.0
1775,0.0
1776,2.0
1776,2.0
1776,2.0
1776,0.0
1776,2.0
1776,0.0
1776,0.0
1777,2.0
1777,2.0
1777,2.0
1777,0.0
1777,2.0
1777,0.0
1777,0.0
1778,2.0
1778,2.0
1778,2.0
1778,0.0
1778,2.0
1778,0.0
1778,0.0
1779,2.0
1779,2.0
1779,2.0
1779,0.0
1779,2.0
1779,0.0
1779,0.0
1779,0.0
1780,2.0
1780,2.0
1780,2.0
1780,0.0
1780,2.0
1780,0.0
1780,0.0
1780,0.0
1781,2.0
1781,2.0
1781,2.0
1781,0.0
1781,2.0
1781,0.0
1781,0.0
1781,0.0
1782,2.0
1782,2.0
1782,2.0
1782,0.0
1782,0.0
1782,2.0
1782,0.0
1782,0.0
1783,2.0
1783,2.0
1783,2.0
1783,0.0
1783,0.0
1783,2.0
1783,0.0
1783,0.0
1784,2.0
1784,2.0
1784,2.0
1784,0.0
1784,0.0
1784,0.0
1784,2.0
1784,0.0
1785,2.0
1785,2.0
1785,2.0
1785,0.0
1785,0.0
1785,0.0
1785,2.0
1785,0.0
1785,2.0
1786,2.0
1786,2.0
1786,2.0
1786,0.0
1786,0.0
1786,0.0
1786,2.0
1786,0.0
1787,2.0
1787,2.0
1787,2.0
1787,0.0
1787,0.0
1787,0.0
1787,2.0
1787,0.0
1788,2.0
1788,2.0
1788,2.0
1788,0.0
1788,0.0
1788,2.0
1788,0.0
1789,2.0
1789,2.0
1789,2.0
1789,0.0
1789,2.0
1789,0.0
1789,0.0
1789,2.0
1790,2.0
1790,2.0
1790,2.0
1790,0.0
1790,2.0
1790,0.0
1790,0.0
1791,2.0
1791,2.0
1791,2.0
1791,0.0
1791,2.0
1791,0.0
1791,0.0
1791,0.0
1792,2.0
1792,2.0
1792,2.0
1792,0.0
1792,2.0
1792,0.0
1792,0.0
1792,0.0
1793,2.0
1793,2.0
1793,2.0
1793,0.0
1793,0.0
1793,2.0
1793,0.0
1793,0.0
1794,2.0
1794,2.0
1794,2.0
1794,0.0
1794,0.0
1794,2.0
1794,0.0
1794,0.0
1795,2.0
1795,2.0
1795,2.0
1795,0.0
1795,0.0
1795,0.0
1795,0.0
1795,2.0
1796,2.0
1796,2.0
1796,2.0
1796,0.0
1796,2.0
1796,0.0
1796,0.0
1796,0.0
1797,2.0
1797,2.0
1797,2.0
1797,0.0
1797,0.0
1797,2.0
1797,0.0
1797,0.0
1798,2.0
1798,2.0
1798,2.0
1798,0.0
1798,0.0
1798,0.0
1798,2.0
1798,0.0
1799,2.0
1799,2.0
1799,2.0
1799,0.0
1799,0.0
1799,0.0
1799,2.0
1799,0.0
1800,2.0
1800,2.0
1800,2.0
1800,0.0
1800,0.0
1800,2.0
1800,0.0
1801,2.0
1801,2.0
1801,2.0
1801,0.0
1801,2.0
1801,0.0
1801,0.0
1801,0.0
1802,2.0
1802,2.0
1802,2.0
1802,0.0
1802,0.0
1802,2.0
1802,0.0
1803,2.0
1803,2.0
1803,2.0
1803,0.0
1803,0.0
1803,2.0
1803,0.0
1804,2.0
1804,2.0
1804,2.0
1804,0.0
1804,2.0
1804,0.0
1804,0.0
1805,2.0
1805,2.0
1805,2.0
1805,0.0
1805,2.0
1805,0.0
1805,0.0
1806,2.0
1806,2.0
1806,2.0
1806,0.0
1806,0.0
1806,2.0
1806,0.0
1806,2.0
1807,2.0
1807,2.0
1807,2.0
1807,0.0
1807,0.0
1807,2.0
1807,0.0
1807,2.0
1808,2.0
1808,2.0
1808,2.0
1808,0.0
1808,0.0
1808,2.0
1808,0.0
1808,2.0
1809,2.0
1809,2.0
1809,2.0
1809,0.0
1809,0.0
1809,2.0
1809,0.0
1809,2.0
1810,2.0
1810,2.0
1810,2.0
1810,0.0
1810,0.0
1810,2.0
1810,0.0
1810,2.0
1811,2.0
1811,2.0
1811,2.0
1811,0.0
1811,0.0
1811,2.0
1811,0.0
1811,2.0
1812,2.0
1812,2.0
1812,2.0
1812,0.0
1812,0.0
1812,0.0
1812,2.0
1812,0.0
1812,2.0
1813,2.0
1813,2.0
1813,2.0
1813,0.0
1813,0.0
1813,2.0
1813,0.0
1813,0.0
1813,2.0
1814,2.0
1814,2.0
1814,2.0
1814,0.0
1814,0.0
1814,2.0
1814,0.0
1814,2.0
1815,2.0
1815,2.0
1815,2.0
1815,0.0
1815,2.0
1815,0.0
1815,2.0
1815,0.0
1816,2.0
1816,2.0
1816,2.0
1816,0.0
1816,0.0
1816,0.0
1816,2.0
1816,0.0
1816,2.0
1817,2.0
1817,2.0
1817,2.0
1817,0.0
1817,0.0
1817,0.0
1817,2.0
1817,0.0
1817,2.0
1818,2.0
1818,2.0
1818,2.0
1818,0.0
1818,0.0
1818,2.0
1818,0.0
1818,2.0
1818,0.0
1819,2.0
1819,2.0
1819,2.0
1819,0.0
1819,2.0
1819,0.0
1819,0.0
1819,2.0
1820,2.0
1820,2.0
1820,2.0
1820,0.0
1820,0.0
1820,2.0
1820,0.0
1820,2.0
1821,2.0
1821,2.0
1821,2.0
1821,0.0
1821,0.0
1821,2.0
1821,2.0
1821,0.0
1822,2.0
1822,2.0
1822,2.0
1822,0.0
1822,0.0
1822,2.0
1822,2.0
1822,0.0
1823,2.0
1823,2.0
1823,2.0
1823,0.0
1823,0.0
1823,2.0
1823,2.0
1823,0.0
1824,2.0
1824,2.0
1824,2.0
1824,0.0
1824,2.0
1824,0.0
1824,2.0
1824,0.0
1825,2.0
1825,2.0
1825,2.0
1825,0.0
1825,2.0
1825,2.0
1826,2.0
1826,2.0
1826,2.0
1826,0.0
1826,2.0
1826,2.0
1827,2.0
1827,2.0
1827,2.0
1827,0.0
1827,2.0
1827,2.0
1828,2.0
1828,2.0
1828,2.0
1828,0.0
1828,2.0
1828,2.0
1829,2.0
1829,2.0
1829,2.0
1829,0.0
1829,2.0
1829,2.0
1830,2.0
1830,2.0
1830,2.0
1830,2.0
1830,0.0
1830,2.0
1831,2.0
1831,2.0
1831,2.0
1831,0.0
1831,2.0
1831,2.0
1832,2.0
1832,2.0
1832,2.0
1832,0.0
1832,2.0
1832,2.0
1832,2.0
1833,2.0
1833,2.0
1833,2.0
1833,0.0
1833,2.0
1833,2.0
1833,2.0
1834,2.0
1834,2.0
1834,2.0
1834,0.0
1834,2.0
1834,2.0
1835,2.0
1835,2.0
1835,2.0
1835,0.0
1835,2.0
1835,2.0
1836,2.0
1836,2.0
1836,2.0
1836,0.0
1836,2.0
1836,0.0
1836,2.0
1837,2.0
1837,2.0
1837,2.0
1837,0.0
1837,2.0
1837,2.0
1837,0.0
1838,2.0
1838,2.0
1838,2.0
1838,0.0
1838,2.0
1838,2.0
1838,2.0
1839,2.0
1839,2.0
1839,2.0
1839,2.0
1839,0.0
1839,2.0
1839,2.0
1840,2.0
1840,2.0
1840,2.0
1840,2.0
1840,2.0
1840,2.0
1841,2.0
1841,2.0
1841,2.0
1841,2.0
1841,2.0
1841,2.0
1842,2.0
1842,2.0
1842,2.0
1842,2.0
1842,2.0
1843,2.0
1843,2.0
1843,2.0
1843,2.0
1843,2.0
1844,2.0
1844,2.0
1844,2.0
1844,2.0
1844,2.0
1845,2.0
1845,2.0
1845,2.0
1845,2.0
1845,2.0
1846,2.0
1846,2.0
1846,2.0
1846,2.0
1846,2.0
1847,2.0
1847,2.0
1847,2.0
1847,2.0
1847,2.0
1848,2.0
1848,2.0
1848,2.0
1848,2.0
1848,2.0
1848,0.0
1848,2.0
1848,0.0
1849,2.0
1849,2.0
1849,2.0
1849,2.0
1849,2.0
1850,2.0
1850,2.0
1850,2.0
1850,2.0
1850,2.0
1851,2.0
1851,2.0
1851,2.0
1851,2.0
1851,2.0
1851,0.0
1851,2.0
1852,2.0
1852,2.0
1852,2.0
1852,2.0
1852,2.0
1852,2.0
1853,2.0
1853,2.0
1853,2.0
1853,2.0
1853,2.0
1853,2.0
1854,2.0
1854,2.0
1854,2.0
1854,2.0
1854,2.0
1854,2.0
1855,2.0
1855,2.0
1855,2.0
1855,2.0
1855,2.0
1856,2.0
1856,2.0
1856,2.0
1856,2.0
1856,2.0
1857,2.0
1857,2.0
1857,2.0
1857,2.0
1857,2.0
1858,2.0
1858,2.0
1858,2.0
1858,2.0
1858,2.0
1859,2.0
1859,2.0
1859,2.0
1859,2.0
1859,2.0
1860,2.0
1860,2.0
1860,2.0
1860,2.0
1860,2.0
1861,2.0
1861,2.0
1861,2.0
1861,2.0
1861,2.0
1862,2.0
1862,2.0
1862,2.0
1862,2.0
1862,2.0
1863,2.0
1863,2.0
1863,2.0
1863,2.0
1863,2.0
1864,2.0
1864,2.0
1864,2.0
1864,2.0
1864,2.0
1865,2.0
1865,2.0
1865,2.0
1865,2.0
1865,2.0
1866,2.0
1866,2.0
1866,2.0
1866,2.0
1866,2.0
1867,2.0
1867,2.0
1867,2.0
1867,2.0
1867,2.0
1868,2.0
1868,2.0
1868,2.0
1868,2.0
1868,2.0
1869,2.0
1869,2.0
1869,2.0
1869,2.0
1869,2.0
1870,2.0
1870,2.0
1870,2.0
1870,2.0
1870,2.0
1871,2.0
1871,2.0
1871,2.0
1871,2.0
1871,2.0
1872,2.0
1872,2.0
1872,2.0
1872,2.0
1872,2.0
1873,2.0
1873,2.0
1873,2.0
1873,2.0
1873,2.0
1874,2.0
1874,2.0
1874,2.0
1874,2.0
1874,2.0
1875,2.0
1875,2.0
1875,2.0
1875,2.0
1875,2.0
1876,2.0
1876,2.0
1876,2.0
1876,2.0
1876,2.0
1876,0.0
1877,2.0
1877,2.0
1877,2.0
1877,2.0
1877,2.0
1877,0.0
1878,2.0
1878,2.0
1878,2.0
1878,2.0
1878,2.0
1878,0.0
1879,2.0
1879,2.0
1879,2.0
1879,0.0
1879,2.0
1879,2.0
1880,2.0
1880,2.0
1880,2.0
1880,0.0
1880,2.0
1880,2.0
1880,3.0
1881,2.0
1881,2.0
1881,2.0
1881,0.0
1881,2.0
1881,2.0
1881,3.0
1882,2.0
1882,2.0
1882,2.0
1882,0.0
1882,2.0
1882,3.0
1882,2.0
1883,2.0
1883,2.0
1883,2.0
1883,0.0
1883,2.0
1883,3.0
1883,2.0
1884,2.0
1884,2.0
1884,2.0
1884,0.0
1884,2.0
1884,3.0
1884,2.0
1885,2.0
1885,2.0
1885,2.0
1885,0.0
1885,2.0
1885,2.0
1885,0.0
1885,3.0
1886,2.0
1886,2.0
1886,2.0
1886,0.0
1886,2.0
1886,2.0
1886,0.0
1887,2.0
1887,2.0
1887,2.0
1887,0.0
1887,2.0
1887,3.0
1887,2.0
1888,2.0
1888,2.0
1888,2.0
1888,0.0
1888,2.0
1888,2.0
1888,3.0
1889,2.0
1889,2.0
1889,2.0
1889,0.0
1889,2.0
1889,2.0
1889,3.0
1890,2.0
1890,2.0
1890,2.0
1890,0.0
1890,2.0
1890,3.0
1890,2.0
1891,2.0
1891,2.0
1891,2.0
1891,0.0
1891,2.0
1891,2.0
1891,3.0
1892,2.0
1892,2.0
1892,2.0
1892,0.0
1892,2.0
1892,2.0
1892,3.0
1893,2.0
1893,2.0
1893,2.0
1893,0.0
1893,2.0
1893,2.0
1894,2.0
1894,2.0
1894,2.0
1894,0.0
1894,2.0
1894,2.0
1895,2.0
1895,2.0
1895,2.0
1895,0.0
1895,2.0
1895,2.0
1896,2.0
1896,2.0
1896,2.0
1896,0.0
1896,2.0
1897,2.0
1897,2.0
1897,2.0
1897,0.0
1897,2.0
1898,2.0
1898,2.0
1898,2.0
1898,0.0
1898,2.0
1899,2.0
1899,2.0
1899,2.0
1899,0.0
1899,2.0
1899,2.0
1900,2.0
1900,2.0
1900,2.0
1900,0.0
1900,2.0
1900,2.0
1901,2.0
1901,2.0
1901,2.0
1901,0.0
1901,2.0
1901,2.0
1902,2.0
1902,2.0
1902,0.0
1902,2.0
1902,2.0
1902,2.0
1903,2.0
1903,2.0
1903,0.0
1903,2.0
1903,2.0
1904,2.0
1904,2.0
1904,0.0
1904,2.0
1904,2.0
1904,2.0
1904,3.0
1905,2.0
1905,2.0
1905,0.0
1905,2.0
1905,2.0
1905,3.0
1905,2.0
1906,2.0
1906,2.0
1906,0.0
1906,2.0
1906,2.0
1906,2.0
1906,2.0
1907,2.0
1907,2.0
1907,0.0
1907,2.0
1907,2.0
1907,2.0
1907,2.0
1908,2.0
1908,2.0
1908,0.0
1908,2.0
1908,2.0
1908,2.0
1908,2.0
1908,3.0
1909,2.0
1909,2.0
1909,0.0
1909,2.0
1909,2.0
1909,3.0
1909,2.0
1910,2.0
1910,2.0
1910,0.0
1910,2.0
1910,3.0
1910,2.0
1910,2.0
1911,2.0
1911,2.0
1911,0.0
1911,2.0
1911,3.0
1911,2.0
1911,2.0
1912,2.0
1912,2.0
1912,0.0
1912,2.0
1912,3.0
1912,2.0
1912,2.0
1913,2.0
1913,2.0
1913,0.0
1913,2.0
1913,3.0
1913,2.0
1913,2.0
1914,2.0
1914,2.0
1914,0.0
1914,2.0
1914,2.0
1914,3.0
1914,3.0
1914,2.0
1915,2.0
1915,2.0
1915,0.0
1915,2.0
1915,3.0
1915,2.0
1915,3.0
1915,2.0
1916,2.0
1916,2.0
1916,0.0
1916,2.0
1916,2.0
1916,3.0
1916,3.0
1916,2.0
1917,2.0
1917,2.0
1917,0.0
1917,2.0
1917,2.0
1917,3.0
1917,2.0
1917,3.0
1918,2.0
1918,2.0
1918,0.0
1918,2.0
1918,2.0
1918,3.0
1918,2.0
1918,3.0
1919,2.0
1919,2.0
1919,0.0
1919,2.0
1919,2.0
1919,3.0
1919,2.0
1919,3.0
1920,2.0
1920,2.0
1920,0.0
1920,2.0
1920,3.0
1920,2.0
1920,2.0
1921,2.0
1921,2.0
1921,0.0
1921,2.0
1921,2.0
1921,3.0
1921,2.0
1922,2.0
1922,2.0
1922,0.0
1922,2.0
1922,2.0
1922,3.0
1922,2.0
1923,2.0
1923,2.0
1923,0.0
1923,2.0
1923,2.0
1923,3.0
1923,2.0
1924,2.0
1924,2.0
1924,0.0
1924,2.0
1924,3.0
1924,2.0
1924,2.0
1925,2.0
1925,2.0
1925,0.0
1925,2.0
1925,3.0
1925,2.0
1925,2.0
1926,2.0
1926,2.0
1926,0.0
1926,3.0
1926,2.0
1926,2.0
1926,2.0
1927,2.0
1927,2.0
1927,0.0
1927,3.0
1927,2.0
1927,2.0
1927,2.0
1928,2.0
1928,2.0
1928,0.0
1928,3.0
1928,2.0
1928,2.0
1929,2.0
1929,2.0
1929,0.0
1929,3.0
1929,2.0
1930,2.0
1930,2.0
1930,0.0
1930,3.0
1930,2.0
1931,2.0
1931,2.0
1931,0.0
1931,3.0
1931,2.0
1932,2.0
1932,2.0
1932,0.0
1932,3.0
1932,2.0
1933,2.0
1933,2.0
1933,0.0
1933,3.0
1933,2.0
1934,2.0
1934,2.0
1934,0.0
1934,3.0
1934,2.0
1935,2.0
1935,2.0
1935,0.0
1935,3.0
1935,2.0
1936,2.0
1936,2.0
1936,0.0
1936,3.0
1936,2.0
1937,2.0
1937,2.0
1937,0.0
1937,3.0
1937,2.0
1938,2.0
1938,2.0
1938,0.0
1938,3.0
1938,2.0
1938,0.0
1939,2.0
1939,2.0
1939,0.0
1939,3.0
1939,2.0
1940,2.0
1940,2.0
1940,0.0
1940,3.0
1940,0.0
1941,2.0
1941,2.0
1941,0.0
1941,3.0
1941,0.0
1942,2.0
1942,2.0
1942,0.0
1942,3.0
1942,0.0
1942,3.0
1943,2.0
1943,2.0
1943,0.0
1943,3.0
1943,0.0
1943,3.0
1944,2.0
1944,2.0
1944,0.0
1944,3.0
1944,0.0
1944,3.0
1945,2.0
1945,2.0
1945,0.0
1945,3.0
1945,3.0
1945,0.0
1946,2.0
1946,2.0
1946,0.0
1946,3.0
1946,0.0
1946,3.0
1947,2.0
1947,2.0
1947,0.0
1947,3.0
1947,0.0
1947,3.0
1948,2.0
1948,2.0
1948,0.0
1948,3.0
1948,0.0
1948,3.0
1949,2.0
1949,2.0
1949,0.0
1949,3.0
1949,0.0
1949,3.0
1950,2.0
1950,2.0
1950,0.0
1950,3.0
1950,2.0
1950,0.0
1950,3.0
1951,2.0
1951,2.0
1951,0.0
1951,2.0
1951,0.0
1951,3.0
1951,3.0
1951,0.0
1951,0.0
1952,2.0
1952,2.0
1952,0.0
1952,0.0
1952,3.0
1952,2.0
1952,3.0
1952,0.0
1952,0.0
1953,2.0
1953,2.0
1953,0.0
1953,3.0
1953,0.0
1953,3.0
1953,0.0
1953,0.0
1954,2.0
1954,2.0
1954,0.0
1954,0.0
1954,3.0
1954,3.0
1954,0.0
1954,0.0
1955,2.0
1955,2.0
1955,0.0
1955,0.0
1955,3.0
1955,3.0
1955,0.0
1955,0.0
1956,2.0
1956,2.0
1956,0.0
1956,3.0
1956,3.0
1956,0.0
1956,0.0
1956,0.0
1956,2.0
1957,2.0
1957,2.0
1957,0.0
1957,3.0
1957,0.0
1957,3.0
1957,0.0
1957,0.0
1958,2.0
1958,2.0
1958,0.0
1958,3.0
1958,3.0
1958,0.0
1958,0.0
1958,0.0
1959,2.0
1959,2.0
1959,0.0
1959,3.0
1959,0.0
1959,3.0
1959,0.0
1959,0.0
1960,2.0
1960,2.0
1960,0.0
1960,3.0
1960,0.0
1960,3.0
1960,0.0
1960,0.0
1961,2.0
1961,2.0
1961,0.0
1961,3.0
1961,0.0
1961,3.0
1961,0.0
1961,0.0
1962,2.0
1962,2.0
1962,0.0
1962,3.0
1962,0.0
1962,3.0
1962,0.0
1962,0.0
1963,2.0
1963,2.0
1963,0.0
1963,0.0
1963,0.0
1963,3.0
1963,3.0
1963,0.0
1964,2.0
1964,2.0
1964,0.0
1964,0.0
1964,3.0
1964,0.0
1964,3.0
1964,0.0
1965,2.0
1965,2.0
1965,0.0
1965,3.0
1965,2.0
1965,3.0
1965,0.0
1965,0.0
1965,0.0
1966,2.0
1966,2.0
1966,0.0
1966,2.0
1966,3.0
1966,3.0
1966,0.0
1966,0.0
1966,0.0
1967,2.0
1967,2.0
1967,0.0
1967,2.0
1967,3.0
1967,3.0
1967,0.0
1967,0.0
1967,0.0
1968,2.0
1968,2.0
1968,0.0
1968,3.0
1968,2.0
1968,3.0
1968,0.0
1968,0.0
1968,0.0
1969,2.0
1969,2.0
1969,0.0
1969,3.0
1969,3.0
1969,2.0
1969,0.0
1969,0.0
1970,2.0
1970,2.0
1970,0.0
1970,3.0
1970,3.0
1970,0.0
1970,2.0
1970,0.0
1970,0.0
1971,2.0
1971,2.0
1971,0.0
1971,3.0
1971,3.0
1971,0.0
1971,0.0
1971,0.0
1972,2.0
1972,2.0
1972,0.0
1972,3.0
1972,3.0
1972,0.0
1972,0.0
1972,0.0
1973,2.0
1973,2.0
1973,0.0
1973,3.0
1973,3.0
1973,0.0
1973,0.0
1973,0.0
1974,2.0
1974,2.0
1974,0.0
1974,3.0
1974,3.0
1974,0.0
1974,0.0
1974,0.0
1975,2.0
1975,2.0
1975,0.0
1975,3.0
1975,3.0
1975,0.0
1975,0.0
1975,0.0
1976,2.0
1976,2.0
1976,0.0
1976,3.0
1976,3.0
1976,0.0
1976,0.0
1977,2.0
1977,2.0
1977,0.0
1977,3.0
1977,3.0
1977,0.0
1977,0.0
1978,2.0
1978,2.0
1978,0.0
1978,3.0
1978,2.0
1978,3.0
1978,0.0
1978,0.0
1978,2.0
1978,0.0
1979,2.0
1979,2.0
1979,0.0
1979,3.0
1979,3.0
1979,2.0
1979,0.0
1979,0.0
1979,2.0
1979,0.0
1980,2.0
1980,2.0
1980,0.0
1980,3.0
1980,3.0
1980,2.0
1980,0.0
1980,2.0
