1,2.0
2,2.0
3,2.0
4,2.0
5,2.0
6,2.0
6,2.0
7,2.0
7,2.0
8,2.0
9,2.0
10,2.0
10,2.0
11,2.0
11,2.0
11,2.0
11,2.0
12,2.0
12,2.0
12,2.0
13,2.0
13,2.0
14,2.0
14,2.0
14,2.0
15,2.0
15,2.0
15,2.0
16,2.0
16,2.0
17,2.0
17,2.0
18,2.0
18,2.0
19,2.0
19,2.0
20,2.0
20,2.0
21,2.0
21,2.0
22,2.0
22,2.0
22,2.0
23,2.0
23,2.0
23,2.0
24,2.0
24,2.0
24,2.0
25,2.0
25,2.0
25,2.0
26,2.0
26,2.0
26,2.0
26,2.0
27,2.0
27,2.0
27,2.0
27,2.0
28,2.0
28,2.0
28,2.0
28,2.0
29,2.0
29,2.0
29,2.0
29,2.0
30,2.0
30,2.0
30,2.0
30,0.0
30,2.0
30,2.0
31,2.0
31,2.0
31,2.0
31,2.0
31,0.0
31,2.0
32,2.0
32,2.0
32,0.0
32,2.0
32,2.0
33,2.0
33,2.0
33,0.0
33,2.0
33,2.0
34,2.0
34,2.0
34,2.0
34,0.0
34,2.0
35,2.0
35,2.0
35,2.0
35,0.0
35,2.0
36,2.0
36,2.0
36,2.0
36,0.0
36,2.0
37,0.0
37,2.0
37,2.0
37,2.0
37,2.0
38,2.0
38,0.0
38,2.0
38,2.0
38,2.0
39,2.0
39,0.0
39,2.0
39,2.0
39,2.0
40,2.0
40,0.0
40,2.0
40,2.0
41,2.0
41,0.0
41,2.0
41,2.0
42,2.0
42,0.0
42,2.0
42,2.0
43,2.0
43,2.0
43,0.0
43,2.0
44,2.0
44,2.0
44,0.0
44,2.0
45,2.0
45,2.0
45,0.0
45,2.0
46,2.0
46,2.0
46,0.0
46,2.0
47,2.0
47,2.0
47,0.0
47,2.0
48,2.0
48,2.0
48,0.0
48,2.0
49,0.0
49,2.0
49,2.0
49,2.0
50,0.0
50,2.0
50,2.0
50,2.0
51,2.0
51,0.0
51,2.0
51,2.0
52,2.0
52,2.0
52,0.0
52,2.0
53,2.0
53,2.0
53,0.0
53,2.0
54,2.0
54,2.0
54,2.0
54,0.0
54,2.0
55,2.0
55,2.0
55,0.0
55,2.0
56,2.0
56,2.0
56,0.0
56,2.0
57,2.0
57,2.0
57,0.0
57,2.0
58,2.0
58,2.0
58,0.0
58,2.0
59,2.0
59,2.0
59,0.0
59,2.0
60,2.0
60,2.0
60,0.0
60,2.0
61,2.0
61,0.0
62,2.0
62,0.0
63,2.0
63,0.0
63,2.0
64,2.0
64,0.0
64,2.0
65,2.0
65,0.0
65,2.0
66,2.0
66,0.0
67,2.0
67,0.0
68,2.0
68,0.0
69,2.0
69,0.0
70,2.0
70,0.0
71,2.0
71,0.0
72,2.0
72,0.0
73,2.0
73,0.0
74,2.0
74,0.0
75,2.0
75,0.0
76,2.0
76,0.0
77,2.0
77,0.0
78,2.0
78,0.0
79,2.0
79,0.0
80,2.0
80,0.0
81,2.0
81,0.0
82,2.0
82,0.0
83,2.0
83,0.0
84,2.0
84,0.0
85,2.0
85,0.0
86,2.0
86,0.0
86,2.0
87,2.0
87,0.0
87,2.0
88,2.0
88,0.0
88,2.0
89,2.0
89,0.0
89,2.0
90,0.0
90,2.0
91,0.0
91,2.0
92,2.0
92,0.0
93,2.0
93,0.0
94,2.0
94,0.0
95,2.0
95,0.0
96,0.0
96,2.0
97,0.0
97,2.0
98,0.0
98,2.0
99,0.0
99,2.0
100,0.0
100,2.0
101,0.0
101,2.0
102,0.0
103,0.0
104,0.0
104,2.0
104,2.0
105,0.0
105,2.0
106,0.0
106,2.0
106,2.0
107,0.0
107,2.0
107,2.0
108,2.0
108,0.0
108,2.0
108,2.0
109,2.0
109,0.0
109,2.0
109,2.0
110,2.0
110,0.0
110,2.0
110,2.0
111,0.0
111,2.0
111,2.0
112,0.0
112,2.0
112,2.0
113,0.0
113,2.0
113,2.0
114,0.0
114,2.0
115,0.0
115,2.0
116,0.0
116,0.0
117,0.0
117,0.0
118,0.0
119,0.0
120,0.0
120,0.0
121,0.0
122,0.0
122,0.0
123,0.0
123,2.0
123,2.0
123,2.0
124,0.0
124,2.0
124,2.0
125,0.0
125,2.0
125,2.0
126,2.0
126,0.0
126,2.0
126,2.0
126,2.0
127,2.0
127,0.0
127,2.0
127,2.0
127,2.0
128,2.0
128,0.0
128,2.0
128,2.0
128,2.0
129,0.0
129,2.0
130,0.0
130,2.0
131,0.0
131,2.0
132,0.0
132,2.0
133,0.0
133,2.0
134,0.0
134,2.0
135,0.0
135,2.0
136,0.0
136,2.0
137,0.0
137,2.0
138,0.0
139,0.0
140,0.0
141,0.0
142,0.0
143,0.0
144,0.0
145,0.0
146,0.0
147,0.0
147,0.0
148,0.0
148,0.0
149,0.0
150,0.0
151,0.0
152,0.0
153,0.0
153,0.0
154,0.0
154,0.0
155,0.0
155,0.0
156,0.0
156,0.0
157,0.0
157,0.0
158,0.0
158,0.0
159,0.0
159,0.0
160,0.0
160,0.0
161,0.0
161,0.0
162,0.0
162,0.0
163,0.0
163,0.0
164,0.0
165,0.0
165,0.0
166,0.0
167,0.0
168,0.0
169,0.0
170,0.0
171,0.0
172,0.0
173,0.0
174,0.0
175,0.0
176,0.0
176,0.0
177,0.0
178,0.0
178,0.0
179,0.0
179,0.0
180,0.0
180,0.0
181,0.0
181,0.0
181,0.0
182,0.0
182,0.0
182,0.0
183,0.0
183,0.0
183,0.0
184,0.0
184,0.0
184,0.0
185,0.0
185,0.0
185,0.0
186,0.0
186,0.0
186,0.0
187,0.0
187,0.0
187,0.0
188,0.0
188,0.0
188,0.0
189,0.0
190,0.0
191,0.0
192,0.0
193,0.0
194,0.0
195,0.0
195,0.0
196,0.0
197,0.0
198,0.0
199,0.0
200,0.0
201,0.0
202,0.0
203,0.0
204,0.0
204,0.0
205,0.0
205,0.0
206,0.0
206,0.0
207,0.0
208,0.0
209,0.0
210,0.0
211,0.0
211,2.0
212,0.0
212,2.0
213,0.0
213,2.0
214,0.0
214,2.0
215,0.0
215,2.0
216,0.0
216,2.0
216,2.0
217,0.0
217,2.0
217,2.0
218,0.0
218,2.0
218,2.0
219,2.0
219,0.0
220,2.0
220,0.0
221,2.0
221,0.0
222,2.0
222,0.0
223,2.0
223,0.0
224,2.0
224,0.0
225,2.0
225,0.0
226,2.0
226,0.0
226,0.0
227,2.0
227,0.0
227,0.0
228,2.0
228,2.0
228,0.0
229,2.0
229,2.0
229,0.0
230,2.0
230,2.0
230,0.0
231,2.0
231,0.0
231,2.0
231,2.0
232,2.0
232,0.0
232,2.0
232,2.0
233,2.0
233,0.0
233,2.0
233,2.0
234,2.0
234,2.0
234,2.0
234,0.0
234,2.0
235,2.0
235,0.0
235,2.0
235,2.0
235,2.0
236,2.0
236,2.0
236,2.0
236,0.0
236,2.0
237,2.0
237,2.0
237,0.0
237,2.0
238,2.0
238,2.0
238,0.0
238,2.0
239,2.0
239,2.0
239,0.0
239,2.0
240,2.0
240,2.0
240,0.0
240,2.0
241,2.0
241,2.0
241,0.0
241,2.0
241,2.0
242,2.0
242,2.0
242,0.0
242,2.0
242,2.0
243,2.0
243,2.0
243,2.0
243,0.0
243,2.0
244,2.0
244,2.0
244,2.0
244,0.0
244,2.0
245,2.0
245,2.0
245,2.0
245,0.0
245,2.0
246,2.0
246,2.0
246,0.0
246,2.0
246,2.0
247,2.0
247,2.0
247,0.0
247,2.0
247,2.0
248,2.0
248,2.0
248,0.0
248,2.0
248,2.0
249,2.0
249,0.0
249,2.0
249,2.0
250,2.0
250,2.0
250,0.0
250,2.0
251,2.0
251,2.0
251,0.0
251,2.0
252,2.0
252,2.0
252,0.0
252,2.0
253,2.0
253,2.0
253,0.0
253,2.0
254,2.0
254,2.0
254,0.0
255,2.0
255,0.0
255,2.0
255,2.0
256,2.0
256,2.0
256,0.0
256,2.0
257,2.0
257,2.0
257,0.0
257,2.0
258,2.0
258,2.0
258,0.0
258,2.0
259,2.0
259,2.0
259,0.0
259,2.0
260,2.0
260,2.0
260,0.0
260,2.0
261,2.0
261,2.0
261,0.0
261,2.0
262,2.0
262,2.0
262,0.0
262,2.0
263,2.0
263,2.0
263,0.0
263,2.0
264,2.0
264,2.0
264,0.0
264,2.0
265,2.0
265,2.0
265,0.0
265,2.0
266,2.0
266,2.0
266,0.0
266,0.0
266,2.0
266,2.0
267,2.0
267,2.0
267,0.0
267,2.0
268,2.0
268,2.0
268,0.0
268,2.0
269,2.0
269,2.0
269,0.0
269,2.0
270,2.0
270,2.0
270,0.0
270,2.0
271,2.0
271,2.0
271,2.0
271,2.0
271,0.0
272,2.0
272,2.0
272,2.0
272,2.0
272,0.0
273,2.0
273,2.0
273,2.0
273,2.0
273,0.0
273,0.0
274,2.0
274,2.0
274,2.0
274,2.0
274,0.0
274,0.0
275,2.0
275,2.0
275,2.0
275,2.0
275,0.0
275,0.0
276,2.0
276,2.0
276,2.0
276,0.0
276,2.0
277,2.0
277,2.0
277,0.0
277,2.0
277,2.0
278,2.0
278,2.0
278,0.0
278,2.0
278,2.0
279,2.0
279,2.0
279,0.0
279,2.0
280,2.0
280,2.0
280,2.0
280,0.0
280,2.0
281,2.0
281,2.0
281,2.0
281,0.0
281,2.0
282,2.0
282,2.0
282,0.0
282,2.0
282,2.0
283,2.0
283,2.0
283,0.0
283,2.0
284,2.0
284,2.0
284,2.0
284,0.0
284,2.0
285,2.0
285,2.0
285,0.0
285,0.0
285,2.0
286,2.0
286,2.0
286,0.0
286,0.0
286,2.0
287,2.0
287,2.0
287,0.0
287,0.0
287,2.0
288,2.0
288,2.0
288,2.0
288,0.0
288,2.0
289,2.0
289,2.0
289,0.0
289,2.0
289,2.0
290,2.0
290,2.0
290,0.0
290,2.0
290,2.0
291,2.0
291,2.0
291,0.0
291,0.0
292,2.0
292,2.0
292,0.0
292,2.0
293,2.0
293,2.0
293,0.0
293,2.0
293,0.0
294,2.0
294,0.0
294,2.0
295,2.0
295,2.0
295,0.0
296,2.0
296,2.0
296,2.0
296,0.0
296,2.0
297,2.0
297,2.0
297,2.0
297,0.0
297,2.0
298,2.0
298,2.0
298,2.0
298,0.0
298,2.0
299,2.0
299,2.0
299,2.0
299,0.0
299,2.0
300,2.0
300,2.0
300,2.0
300,0.0
300,2.0
300,2.0
301,2.0
301,2.0
301,2.0
301,2.0
301,2.0
301,0.0
301,2.0
302,2.0
302,2.0
302,2.0
302,2.0
302,2.0
302,0.0
302,2.0
303,2.0
303,2.0
303,2.0
303,2.0
303,2.0
303,2.0
303,0.0
303,2.0
304,2.0
304,2.0
304,2.0
304,2.0
304,2.0
304,2.0
304,0.0
304,2.0
305,2.0
305,2.0
305,2.0
305,2.0
305,2.0
305,2.0
305,0.0
305,2.0
306,2.0
306,2.0
306,2.0
306,2.0
306,2.0
306,0.0
307,2.0
307,2.0
307,2.0
307,2.0
307,2.0
307,0.0
308,2.0
308,2.0
308,2.0
308,2.0
308,2.0
308,0.0
308,2.0
309,2.0
309,2.0
309,2.0
309,0.0
309,2.0
310,2.0
310,2.0
310,2.0
310,0.0
310,2.0
311,2.0
311,2.0
311,2.0
311,0.0
311,2.0
311,2.0
312,2.0
312,2.0
312,2.0
312,2.0
312,0.0
312,2.0
312,2.0
312,2.0
313,2.0
313,2.0
313,2.0
313,2.0
313,2.0
313,0.0
313,2.0
313,2.0
314,2.0
314,2.0
314,2.0
314,2.0
314,2.0
314,0.0
314,2.0
314,2.0
315,2.0
315,2.0
315,2.0
315,0.0
315,2.0
315,2.0
315,2.0
316,2.0
316,2.0
316,2.0
316,0.0
316,2.0
316,2.0
317,2.0
317,2.0
317,2.0
317,0.0
317,2.0
317,2.0
318,2.0
318,2.0
318,2.0
318,0.0
318,2.0
318,2.0
319,2.0
319,2.0
319,2.0
319,0.0
319,2.0
319,2.0
319,2.0
320,2.0
320,2.0
320,2.0
320,0.0
320,2.0
321,2.0
321,2.0
321,2.0
321,2.0
321,0.0
321,2.0
321,2.0
322,2.0
322,2.0
322,2.0
322,2.0
322,2.0
322,0.0
322,2.0
323,2.0
323,2.0
323,2.0
323,2.0
323,2.0
323,0.0
323,2.0
324,2.0
324,2.0
324,2.0
324,2.0
324,2.0
324,0.0
324,2.0
325,2.0
325,2.0
325,2.0
325,2.0
325,2.0
325,0.0
326,2.0
326,2.0
326,2.0
326,2.0
326,2.0
326,2.0
326,2.0
327,2.0
327,2.0
327,2.0
327,2.0
327,2.0
327,2.0
328,2.0
328,2.0
328,2.0
328,2.0
328,2.0
328,2.0
329,2.0
329,2.0
329,2.0
329,2.0
329,2.0
329,2.0
330,2.0
330,2.0
330,2.0
330,2.0
330,2.0
330,2.0
331,2.0
331,2.0
331,2.0
331,2.0
331,2.0
331,2.0
332,2.0
332,2.0
332,2.0
332,2.0
332,2.0
332,2.0
333,2.0
333,2.0
333,2.0
333,2.0
333,2.0
333,2.0
334,2.0
334,2.0
334,2.0
334,2.0
334,2.0
335,2.0
335,2.0
335,2.0
335,2.0
335,2.0
336,2.0
336,2.0
336,2.0
336,2.0
337,2.0
337,2.0
337,2.0
337,2.0
338,2.0
338,2.0
338,2.0
338,2.0
339,2.0
339,2.0
339,2.0
339,2.0
339,2.0
340,2.0
340,2.0
340,2.0
340,2.0
340,2.0
340,2.0
340,2.0
341,2.0
341,2.0
341,2.0
341,2.0
341,2.0
341,2.0
341,2.0
342,2.0
342,2.0
342,2.0
342,2.0
342,2.0
342,2.0
342,2.0
343,2.0
343,2.0
343,2.0
343,2.0
343,2.0
343,2.0
344,2.0
344,2.0
344,2.0
344,2.0
344,2.0
344,2.0
345,2.0
345,2.0
345,2.0
345,2.0
345,2.0
346,2.0
346,2.0
346,2.0
346,2.0
346,2.0
347,2.0
347,2.0
347,2.0
347,2.0
347,2.0
348,2.0
348,2.0
348,2.0
348,2.0
348,2.0
349,2.0
349,2.0
349,2.0
349,2.0
349,2.0
350,2.0
350,2.0
350,2.0
350,2.0
350,2.0
351,2.0
351,2.0
351,2.0
351,2.0
351,2.0
352,2.0
352,2.0
352,2.0
352,2.0
353,2.0
353,2.0
353,2.0
353,2.0
354,2.0
354,2.0
354,2.0
355,2.0
355,2.0
355,2.0
356,2.0
356,2.0
356,2.0
357,2.0
357,2.0
357,2.0
357,2.0
357,2.0
358,2.0
358,2.0
358,2.0
358,2.0
359,2.0
359,2.0
359,2.0
359,2.0
360,2.0
360,2.0
360,2.0
361,2.0
361,2.0
361,2.0
361,2.0
361,2.0
362,2.0
362,2.0
362,2.0
362,2.0
362,2.0
363,2.0
363,2.0
363,2.0
363,2.0
363,2.0
364,2.0
364,2.0
364,2.0
364,2.0
364,2.0
365,2.0
365,2.0
365,2.0
365,2.0
365,2.0
366,2.0
366,2.0
366,2.0
366,2.0
366,2.0
367,2.0
367,2.0
367,2.0
367,2.0
367,2.0
368,2.0
368,2.0
368,2.0
368,2.0
368,2.0
369,2.0
369,2.0
369,2.0
369,2.0
369,2.0
369,2.0
370,2.0
370,2.0
370,2.0
370,2.0
370,2.0
371,2.0
371,2.0
371,2.0
371,2.0
371,2.0
372,2.0
372,2.0
372,2.0
372,2.0
372,2.0
373,2.0
373,2.0
373,2.0
373,2.0
374,2.0
374,2.0
374,2.0
374,2.0
374,2.0
375,2.0
375,2.0
376,2.0
376,2.0
377,2.0
377,2.0
378,2.0
378,2.0
379,2.0
379,2.0
379,2.0
379,2.0
380,2.0
380,2.0
380,2.0
381,2.0
381,2.0
381,2.0
382,2.0
382,2.0
382,2.0
383,2.0
383,2.0
383,2.0
384,2.0
384,2.0
384,2.0
385,2.0
385,2.0
386,2.0
386,2.0
387,2.0
387,2.0
387,2.0
388,2.0
388,2.0
389,2.0
389,2.0
389,2.0
390,2.0
390,2.0
391,2.0
391,2.0
392,2.0
392,2.0
393,2.0
393,2.0
393,2.0
394,2.0
394,2.0
394,2.0
395,2.0
395,2.0
395,2.0
396,2.0
396,2.0
396,2.0
397,2.0
397,2.0
397,2.0
398,2.0
398,2.0
398,2.0
399,2.0
399,2.0
399,2.0
400,2.0
400,2.0
400,2.0
401,2.0
401,2.0
401,2.0
402,2.0
402,2.0
402,2.0
402,0.0
403,2.0
403,2.0
403,2.0
404,2.0
404,2.0
404,2.0
405,2.0
405,2.0
405,2.0
406,2.0
406,2.0
406,2.0
407,2.0
407,2.0
407,2.0
408,2.0
408,2.0
408,2.0
409,2.0
409,2.0
409,2.0
410,2.0
410,2.0
410,2.0
411,2.0
411,2.0
411,2.0
412,2.0
412,2.0
412,2.0
413,2.0
413,2.0
413,2.0
414,2.0
414,2.0
414,2.0
415,2.0
415,2.0
415,2.0
416,2.0
416,2.0
416,2.0
417,2.0
417,2.0
417,2.0
418,2.0
418,2.0
418,2.0
419,2.0
419,2.0
419,2.0
420,2.0
420,2.0
420,2.0
421,2.0
421,2.0
421,2.0
422,2.0
422,2.0
422,2.0
423,2.0
423,2.0
423,2.0
424,2.0
424,2.0
424,2.0
425,2.0
425,2.0
425,2.0
426,2.0
426,2.0
426,2.0
427,2.0
427,2.0
427,2.0
428,2.0
428,2.0
428,2.0
429,2.0
429,2.0
429,2.0
430,2.0
430,2.0
430,2.0
431,2.0
431,2.0
431,2.0
432,2.0
432,2.0
433,2.0
433,2.0
434,2.0
434,2.0
434,2.0
435,2.0
435,2.0
435,2.0
436,2.0
436,2.0
436,2.0
437,2.0
437,2.0
437,2.0
438,2.0
438,2.0
438,2.0
439,2.0
439,2.0
440,2.0
440,2.0
441,2.0
441,2.0
441,2.0
442,2.0
442,2.0
442,2.0
443,2.0
443,2.0
443,2.0
444,2.0
444,2.0
444,2.0
445,2.0
445,2.0
445,2.0
446,2.0
446,2.0
447,2.0
447,2.0
448,2.0
448,2.0
449,2.0
449,2.0
450,2.0
450,2.0
451,2.0
451,2.0
451,2.0
452,2.0
452,2.0
452,2.0
453,2.0
453,2.0
453,2.0
453,2.0
454,2.0
454,2.0
454,2.0
454,2.0
455,2.0
455,2.0
455,2.0
455,2.0
456,2.0
456,2.0
456,2.0
456,2.0
457,2.0
457,2.0
457,2.0
457,2.0
458,2.0
458,2.0
458,2.0
458,2.0
459,2.0
459,2.0
459,0.0
459,2.0
459,2.0
459,2.0
460,2.0
460,2.0
460,0.0
460,2.0
460,2.0
460,2.0
461,2.0
461,2.0
461,0.0
461,2.0
461,2.0
461,2.0
462,2.0
462,0.0
462,2.0
463,2.0
463,0.0
464,2.0
464,0.0
465,2.0
465,2.0
465,0.0
466,2.0
466,2.0
466,0.0
467,2.0
467,2.0
467,0.0
468,2.0
468,0.0
468,2.0
469,2.0
469,0.0
469,2.0
470,2.0
470,0.0
470,2.0
471,2.0
471,2.0
472,2.0
472,2.0
473,2.0
473,2.0
474,2.0
474,2.0
475,2.0
475,2.0
476,2.0
476,2.0
477,2.0
477,2.0
478,2.0
478,2.0
479,2.0
479,2.0
480,2.0
480,2.0
481,2.0
481,2.0
482,2.0
482,2.0
483,2.0
483,2.0
484,2.0
484,2.0
485,2.0
485,2.0
486,2.0
487,2.0
488,2.0
489,2.0
490,2.0
491,2.0
492,2.0
493,2.0
493,2.0
494,2.0
494,2.0
495,2.0
495,2.0
496,2.0
496,2.0
497,2.0
497,2.0
498,2.0
498,2.0
499,2.0
499,2.0
500,2.0
500,2.0
501,2.0
501,2.0
501,2.0
502,2.0
502,2.0
502,2.0
503,2.0
503,2.0
503,2.0
504,2.0
504,2.0
504,2.0
505,2.0
505,2.0
505,2.0
506,2.0
506,2.0
506,2.0
507,2.0
507,2.0
508,2.0
508,2.0
509,2.0
509,2.0
510,2.0
510,2.0
511,2.0
511,2.0
512,2.0
512,2.0
513,2.0
513,2.0
514,2.0
514,2.0
514,0.0
515,2.0
515,2.0
515,0.0
516,2.0
516,2.0
516,2.0
517,2.0
517,2.0
517,2.0
518,2.0
518,2.0
519,2.0
519,2.0
520,2.0
520,2.0
521,2.0
521,2.0
522,2.0
522,2.0
522,2.0
523,2.0
523,2.0
523,2.0
523,0.0
524,2.0
524,2.0
524,2.0
524,0.0
525,2.0
525,2.0
526,2.0
526,2.0
527,2.0
527,2.0
528,2.0
528,2.0
529,2.0
529,2.0
530,2.0
530,2.0
531,2.0
531,2.0
532,2.0
532,2.0
533,2.0
533,2.0
534,2.0
534,2.0
535,2.0
535,2.0
536,2.0
536,2.0
537,2.0
537,2.0
538,2.0
538,2.0
539,2.0
539,2.0
540,2.0
540,2.0
541,2.0
541,2.0
542,2.0
542,2.0
543,2.0
543,2.0
544,2.0
544,2.0
545,2.0
545,2.0
546,2.0
546,2.0
547,2.0
547,2.0
548,2.0
548,2.0
549,2.0
549,2.0
550,2.0
550,2.0
551,2.0
551,2.0
552,2.0
552,2.0
553,2.0
553,2.0
554,2.0
554,2.0
555,2.0
555,2.0
556,2.0
556,2.0
557,2.0
557,2.0
558,2.0
558,2.0
559,2.0
559,2.0
560,2.0
560,2.0
561,2.0
561,2.0
562,2.0
562,2.0
563,2.0
563,2.0
564,2.0
564,2.0
565,2.0
565,2.0
566,2.0
566,2.0
567,2.0
567,2.0
568,2.0
568,2.0
569,2.0
569,2.0
570,2.0
570,2.0
571,2.0
571,2.0
572,2.0
572,2.0
573,2.0
573,2.0
574,2.0
574,2.0
575,2.0
575,2.0
576,2.0
576,2.0
577,2.0
577,2.0
578,2.0
578,2.0
579,2.0
579,2.0
580,2.0
580,2.0
581,2.0
581,2.0
582,2.0
582,2.0
583,2.0
583,2.0
584,2.0
584,2.0
585,2.0
585,2.0
586,2.0
586,2.0
587,2.0
587,2.0
588,2.0
588,2.0
589,2.0
589,2.0
590,2.0
590,2.0
591,2.0
591,2.0
592,2.0
592,2.0
593,2.0
593,2.0
594,2.0
594,2.0
595,2.0
595,2.0
596,2.0
596,2.0
597,2.0
597,2.0
598,2.0
598,2.0
599,2.0
599,2.0
600,2.0
600,2.0
601,2.0
601,2.0
601,2.0
602,2.0
602,2.0
602,2.0
603,2.0
603,2.0
603,2.0
604,2.0
604,2.0
604,2.0
605,2.0
605,2.0
605,2.0
606,2.0
606,2.0
606,2.0
607,2.0
607,2.0
608,2.0
608,2.0
609,2.0
609,2.0
609,2.0
610,2.0
610,2.0
610,2.0
611,2.0
611,2.0
611,2.0
612,2.0
612,2.0
613,2.0
613,2.0
614,2.0
614,2.0
615,2.0
615,2.0
616,2.0
616,2.0
617,2.0
617,2.0
618,2.0
618,2.0
619,2.0
619,2.0
620,2.0
620,2.0
621,2.0
621,2.0
622,2.0
622,2.0
623,2.0
623,2.0
624,2.0
624,2.0
625,2.0
625,2.0
626,2.0
626,2.0
627,2.0
627,2.0
628,2.0
628,2.0
629,2.0
629,2.0
630,2.0
630,2.0
631,2.0
631,2.0
632,2.0
632,2.0
633,2.0
633,2.0
634,2.0
634,2.0
635,2.0
635,2.0
636,2.0
636,2.0
637,2.0
637,2.0
638,2.0
638,2.0
639,2.0
639,2.0
640,2.0
640,2.0
640,0.0
641,2.0
641,2.0
641,0.0
642,0.0
642,2.0
642,2.0
642,2.0
643,2.0
643,0.0
643,2.0
643,2.0
644,2.0
644,0.0
644,2.0
644,2.0
645,2.0
645,0.0
645,2.0
645,2.0
645,2.0
645,2.0
646,2.0
646,0.0
646,2.0
646,2.0
646,2.0
647,2.0
647,0.0
647,2.0
647,2.0
647,2.0
648,2.0
648,2.0
648,0.0
648,2.0
648,2.0
648,0.0
649,2.0
649,2.0
649,0.0
649,2.0
649,2.0
649,0.0
650,2.0
650,2.0
650,0.0
650,2.0
650,0.0
651,2.0
651,2.0
651,2.0
651,0.0
651,2.0
651,0.0
652,2.0
652,2.0
652,2.0
652,0.0
652,2.0
652,0.0
653,2.0
653,2.0
653,2.0
653,0.0
653,2.0
653,0.0
654,2.0
654,2.0
654,0.0
654,2.0
654,2.0
654,0.0
655,2.0
655,2.0
655,0.0
655,2.0
655,2.0
656,2.0
656,2.0
656,2.0
656,2.0
656,0.0
657,2.0
657,2.0
657,0.0
657,2.0
658,2.0
658,2.0
658,0.0
659,2.0
659,2.0
659,0.0
659,0.0
660,2.0
660,2.0
660,2.0
660,0.0
661,2.0
661,2.0
661,2.0
661,2.0
661,0.0
662,2.0
662,2.0
662,2.0
662,2.0
662,0.0
663,2.0
663,2.0
663,2.0
663,0.0
663,2.0
664,2.0
664,2.0
664,2.0
664,0.0
664,2.0
665,2.0
665,2.0
665,2.0
665,0.0
665,2.0
666,2.0
666,2.0
666,2.0
666,0.0
666,2.0
667,2.0
667,2.0
667,0.0
667,2.0
668,2.0
668,2.0
668,0.0
669,2.0
669,2.0
669,0.0
669,0.0
670,2.0
670,2.0
670,0.0
670,0.0
671,2.0
671,2.0
671,0.0
671,0.0
672,2.0
672,2.0
672,0.0
672,0.0
673,2.0
673,2.0
673,0.0
673,0.0
674,2.0
674,2.0
674,0.0
674,0.0
674,2.0
675,2.0
675,2.0
675,0.0
676,2.0
676,2.0
676,0.0
677,2.0
677,2.0
677,0.0
678,2.0
678,2.0
678,0.0
679,2.0
679,2.0
679,0.0
680,2.0
680,2.0
680,2.0
680,0.0
681,2.0
681,2.0
681,2.0
681,0.0
682,2.0
682,2.0
682,2.0
682,0.0
683,2.0
683,2.0
683,2.0
683,0.0
684,2.0
684,2.0
684,2.0
684,0.0
684,2.0
684,2.0
685,2.0
685,2.0
685,2.0
685,0.0
685,2.0
686,2.0
686,2.0
686,2.0
686,0.0
686,2.0
687,2.0
687,2.0
687,2.0
687,0.0
687,2.0
688,2.0
688,2.0
688,0.0
688,2.0
688,2.0
688,2.0
689,2.0
689,2.0
689,0.0
689,2.0
689,2.0
689,2.0
690,2.0
690,2.0
690,0.0
690,2.0
690,2.0
691,2.0
691,2.0
691,0.0
691,2.0
691,2.0
692,2.0
692,2.0
692,2.0
692,0.0
692,2.0
693,2.0
693,2.0
693,2.0
693,0.0
693,2.0
694,2.0
694,2.0
694,2.0
694,0.0
694,2.0
694,0.0
695,2.0
695,2.0
695,2.0
695,0.0
695,2.0
695,0.0
696,2.0
696,2.0
696,2.0
696,0.0
696,2.0
697,2.0
697,2.0
697,2.0
697,0.0
697,2.0
697,2.0
698,2.0
698,2.0
698,2.0
698,2.0
698,0.0
698,2.0
699,2.0
699,2.0
699,2.0
699,2.0
699,0.0
699,2.0
700,2.0
700,2.0
700,0.0
700,2.0
700,2.0
700,2.0
700,2.0
701,2.0
701,2.0
701,2.0
701,0.0
701,2.0
701,2.0
701,2.0
702,2.0
702,2.0
702,0.0
702,2.0
702,2.0
703,2.0
703,2.0
703,2.0
703,0.0
703,2.0
703,2.0
703,2.0
704,2.0
704,2.0
704,2.0
704,0.0
704,2.0
704,2.0
705,2.0
705,2.0
705,2.0
705,2.0
705,2.0
705,0.0
706,2.0
706,2.0
706,2.0
706,2.0
706,2.0
706,0.0
707,2.0
707,2.0
707,2.0
707,2.0
707,2.0
707,0.0
708,2.0
708,2.0
708,2.0
708,2.0
708,2.0
708,0.0
709,2.0
709,2.0
709,2.0
709,2.0
709,2.0
709,0.0
709,2.0
710,2.0
710,2.0
710,2.0
710,2.0
710,2.0
711,2.0
711,2.0
711,2.0
711,2.0
711,2.0
711,2.0
711,0.0
712,2.0
712,2.0
712,2.0
712,2.0
712,2.0
712,2.0
712,0.0
713,2.0
713,2.0
713,2.0
713,2.0
713,2.0
713,2.0
713,0.0
714,2.0
714,2.0
714,2.0
714,2.0
714,2.0
714,0.0
715,2.0
715,2.0
715,2.0
715,2.0
715,2.0
716,2.0
716,2.0
716,2.0
716,2.0
716,2.0
717,2.0
717,2.0
717,2.0
717,2.0
718,2.0
718,2.0
718,2.0
718,2.0
719,2.0
719,2.0
719,2.0
719,2.0
720,2.0
720,2.0
720,2.0
720,2.0
720,2.0
721,2.0
721,2.0
721,2.0
721,2.0
721,2.0
721,2.0
722,2.0
722,2.0
722,2.0
722,2.0
722,2.0
722,2.0
723,2.0
723,2.0
723,2.0
723,2.0
723,2.0
723,2.0
723,2.0
724,2.0
724,2.0
724,2.0
724,2.0
724,2.0
724,2.0
724,2.0
725,2.0
725,2.0
725,2.0
725,2.0
725,2.0
725,2.0
725,2.0
726,2.0
726,2.0
726,2.0
726,2.0
726,2.0
726,2.0
726,2.0
727,2.0
727,2.0
727,2.0
727,2.0
727,2.0
727,2.0
727,2.0
727,2.0
728,2.0
728,2.0
728,2.0
728,2.0
728,2.0
728,2.0
728,2.0
728,2.0
729,2.0
729,2.0
729,2.0
729,2.0
729,2.0
729,2.0
729,2.0
729,2.0
730,2.0
730,2.0
730,2.0
730,2.0
730,2.0
730,2.0
731,2.0
731,2.0
731,2.0
731,2.0
731,2.0
731,2.0
732,2.0
732,2.0
732,2.0
732,2.0
733,2.0
733,2.0
733,2.0
734,2.0
734,2.0
734,2.0
734,2.0
735,2.0
735,2.0
735,2.0
736,2.0
736,2.0
736,2.0
736,2.0
737,2.0
737,2.0
737,2.0
737,2.0
738,2.0
738,2.0
738,2.0
739,2.0
739,2.0
739,2.0
740,2.0
740,2.0
740,2.0
741,2.0
741,2.0
741,2.0
742,2.0
742,2.0
742,2.0
743,2.0
743,2.0
743,2.0
744,2.0
744,2.0
744,2.0
745,2.0
745,2.0
745,2.0
745,2.0
746,2.0
746,2.0
746,2.0
746,2.0
747,2.0
747,2.0
747,2.0
747,2.0
748,2.0
748,2.0
748,2.0
748,2.0
749,2.0
749,2.0
749,2.0
750,2.0
750,2.0
750,2.0
750,2.0
751,2.0
751,2.0
751,2.0
751,2.0
751,2.0
752,2.0
752,2.0
752,2.0
752,2.0
752,2.0
753,2.0
753,2.0
753,2.0
753,2.0
753,2.0
754,2.0
754,2.0
754,2.0
754,2.0
754,2.0
755,2.0
755,2.0
755,2.0
755,2.0
755,2.0
756,2.0
756,2.0
756,2.0
756,2.0
756,2.0
757,2.0
757,2.0
757,2.0
757,2.0
758,2.0
758,2.0
758,2.0
758,2.0
759,2.0
759,2.0
760,2.0
760,2.0
761,2.0
761,2.0
762,2.0
762,2.0
762,2.0
762,2.0
763,2.0
763,2.0
763,2.0
763,2.0
764,2.0
764,2.0
764,2.0
764,2.0
765,2.0
765,2.0
766,2.0
766,2.0
766,2.0
767,2.0
767,2.0
767,2.0
768,2.0
768,2.0
769,2.0
769,2.0
770,2.0
770,2.0
771,2.0
771,2.0
772,2.0
772,2.0
773,2.0
773,2.0
774,2.0
774,2.0
775,2.0
775,2.0
775,2.0
776,2.0
776,2.0
776,2.0
777,2.0
777,2.0
777,2.0
778,2.0
778,2.0
778,2.0
779,2.0
779,2.0
779,2.0
780,2.0
780,2.0
781,2.0
781,2.0
782,2.0
782,2.0
783,2.0
783,2.0
784,2.0
784,2.0
785,2.0
785,2.0
786,2.0
786,2.0
786,2.0
787,2.0
787,2.0
787,2.0
788,2.0
788,2.0
788,2.0
789,2.0
789,2.0
789,2.0
790,2.0
790,2.0
790,2.0
791,2.0
791,2.0
791,2.0
792,2.0
792,2.0
792,2.0
793,2.0
793,2.0
793,2.0
794,2.0
794,2.0
794,2.0
795,2.0
795,2.0
795,2.0
796,2.0
796,2.0
796,2.0
797,2.0
797,2.0
797,2.0
798,2.0
798,2.0
798,2.0
799,2.0
799,2.0
799,2.0
800,2.0
800,2.0
800,2.0
801,2.0
801,2.0
801,2.0
802,2.0
802,2.0
802,2.0
803,2.0
803,2.0
803,2.0
804,2.0
804,2.0
804,2.0
805,2.0
805,2.0
805,2.0
806,2.0
806,2.0
806,2.0
807,2.0
807,2.0
807,2.0
808,2.0
808,2.0
808,2.0
809,2.0
809,2.0
809,2.0
810,2.0
810,2.0
810,2.0
811,2.0
811,2.0
811,2.0
812,2.0
812,2.0
812,2.0
813,2.0
813,2.0
813,2.0
814,2.0
814,2.0
814,2.0
815,2.0
815,2.0
815,2.0
816,2.0
816,2.0
816,2.0
817,2.0
817,2.0
817,2.0
818,2.0
818,2.0
818,2.0
819,2.0
819,2.0
819,2.0
820,2.0
820,2.0
820,2.0
821,2.0
821,2.0
821,2.0
822,2.0
822,2.0
823,2.0
823,2.0
824,2.0
824,2.0
825,2.0
825,2.0
825,2.0
826,2.0
826,2.0
826,2.0
827,2.0
827,2.0
827,2.0
828,2.0
828,2.0
828,2.0
828,2.0
829,2.0
829,2.0
829,2.0
829,2.0
830,2.0
830,2.0
830,2.0
831,2.0
831,2.0
831,2.0
831,2.0
832,2.0
832,2.0
832,2.0
832,2.0
833,2.0
833,2.0
833,2.0
833,2.0
834,2.0
834,2.0
834,2.0
834,2.0
835,2.0
835,2.0
835,2.0
836,2.0
836,2.0
836,2.0
836,2.0
837,2.0
837,2.0
837,2.0
837,2.0
838,2.0
838,2.0
838,2.0
838,2.0
839,2.0
839,2.0
839,2.0
839,2.0
840,2.0
840,2.0
840,2.0
840,2.0
841,2.0
841,2.0
841,2.0
841,2.0
842,2.0
842,2.0
842,2.0
842,2.0
843,2.0
843,2.0
843,0.0
843,2.0
843,2.0
844,2.0
844,2.0
844,0.0
844,2.0
844,2.0
845,2.0
845,2.0
845,0.0
845,2.0
845,2.0
846,2.0
846,0.0
846,2.0
847,2.0
847,0.0
847,2.0
848,2.0
848,0.0
848,2.0
849,2.0
849,2.0
849,0.0
850,2.0
850,2.0
850,0.0
851,2.0
851,2.0
851,0.0
852,2.0
852,0.0
852,2.0
853,2.0
853,0.0
853,2.0
854,2.0
854,0.0
854,2.0
855,2.0
855,2.0
856,2.0
856,2.0
857,2.0
857,2.0
858,2.0
858,2.0
859,2.0
859,2.0
860,2.0
860,2.0
861,2.0
861,2.0
862,2.0
862,2.0
863,2.0
863,2.0
864,2.0
864,2.0
865,2.0
865,2.0
866,2.0
866,2.0
867,2.0
867,2.0
868,2.0
868,2.0
869,2.0
869,2.0
870,2.0
870,2.0
871,2.0
871,2.0
872,2.0
872,2.0
873,2.0
873,2.0
874,2.0
874,2.0
875,2.0
875,2.0
876,2.0
876,2.0
877,2.0
877,2.0
878,2.0
878,2.0
879,2.0
879,2.0
880,2.0
880,2.0
881,2.0
881,2.0
882,2.0
882,2.0
883,2.0
883,2.0
884,2.0
884,2.0
885,2.0
885,2.0
885,2.0
886,2.0
886,2.0
886,2.0
887,2.0
887,2.0
887,2.0
888,2.0
888,2.0
888,2.0
889,2.0
889,2.0
889,2.0
890,2.0
890,2.0
891,2.0
891,2.0
892,2.0
892,2.0
893,2.0
893,2.0
894,2.0
894,2.0
895,2.0
895,2.0
896,2.0
896,2.0
897,2.0
897,2.0
898,2.0
899,2.0
900,2.0
901,2.0
901,2.0
902,2.0
902,2.0
903,2.0
903,2.0
904,2.0
904,2.0
905,2.0
905,2.0
906,2.0
906,2.0
906,2.0
907,2.0
907,2.0
907,2.0
908,2.0
908,2.0
908,2.0
909,2.0
909,2.0
910,2.0
910,2.0
911,2.0
911,2.0
912,2.0
912,2.0
913,2.0
913,2.0
914,2.0
914,2.0
915,2.0
915,2.0
915,2.0
916,2.0
916,2.0
917,2.0
917,2.0
918,2.0
918,2.0
919,2.0
919,2.0
920,2.0
920,2.0
921,2.0
921,2.0
922,2.0
922,2.0
923,2.0
923,2.0
924,2.0
924,2.0
925,2.0
925,2.0
926,2.0
926,2.0
927,2.0
927,2.0
927,2.0
928,2.0
928,2.0
928,2.0
929,2.0
929,2.0
929,2.0
930,2.0
930,2.0
930,2.0
930,2.0
931,2.0
931,2.0
931,2.0
931,2.0
932,2.0
932,2.0
932,2.0
932,2.0
933,2.0
933,2.0
934,2.0
934,2.0
935,2.0
935,2.0
936,2.0
936,2.0
937,2.0
937,2.0
937,2.0
938,2.0
938,2.0
938,2.0
939,2.0
939,2.0
940,2.0
940,2.0
941,2.0
941,2.0
942,2.0
942,2.0
943,2.0
943,2.0
944,2.0
944,2.0
945,2.0
945,2.0
946,2.0
946,2.0
947,2.0
947,2.0
948,2.0
948,2.0
949,2.0
949,2.0
950,2.0
950,2.0
951,2.0
951,2.0
952,2.0
952,2.0
953,2.0
953,2.0
954,2.0
954,2.0
955,2.0
955,2.0
956,2.0
956,2.0
957,2.0
957,2.0
958,2.0
958,2.0
959,2.0
959,2.0
960,2.0
960,2.0
961,2.0
961,2.0
962,2.0
962,2.0
