1,0.0
1,0.0
1,63.0
2,0.0
2,0.0
2,63.0
3,0.0
3,0.0
3,63.0
4,0.0
4,0.0
4,63.0
5,0.0
5,0.0
5,63.0
6,0.0
6,0.0
6,63.0
7,0.0
7,0.0
7,63.0
8,0.0
8,0.0
8,63.0
8,0.0
9,0.0
9,0.0
9,63.0
9,0.0
10,0.0
10,0.0
10,63.0
10,0.0
11,0.0
11,0.0
11,63.0
11,0.0
12,0.0
12,0.0
12,63.0
12,0.0
13,0.0
13,0.0
13,63.0
13,0.0
14,0.0
14,0.0
14,63.0
14,0.0
15,0.0
15,0.0
15,63.0
15,0.0
16,0.0
16,0.0
16,63.0
16,0.0
17,0.0
17,0.0
17,63.0
17,0.0
17,0.0
17,62.0
18,0.0
18,0.0
18,63.0
18,0.0
18,62.0
18,0.0
19,0.0
19,0.0
19,63.0
19,0.0
19,62.0
20,0.0
20,0.0
20,63.0
20,0.0
20,62.0
21,0.0
21,0.0
21,63.0
21,0.0
21,62.0
21,0.0
22,0.0
22,63.0
22,0.0
23,0.0
23,63.0
23,0.0
23,0.0
24,0.0
24,0.0
24,63.0
25,0.0
25,0.0
25,63.0
26,0.0
26,0.0
26,63.0
27,0.0
27,0.0
27,63.0
28,0.0
28,0.0
28,63.0
29,0.0
29,0.0
29,63.0
30,0.0
30,0.0
30,63.0
31,0.0
31,0.0
31,63.0
32,0.0
32,0.0
32,63.0
33,0.0
33,0.0
33,63.0
33,0.0
34,0.0
34,0.0
34,63.0
34,0.0
35,0.0
35,0.0
35,63.0
36,0.0
36,63.0
36,0.0
36,0.0
37,0.0
37,63.0
37,0.0
37,0.0
38,0.0
38,63.0
38,0.0
38,0.0
39,0.0
39,63.0
39,0.0
40,0.0
40,63.0
40,0.0
41,0.0
41,0.0
41,63.0
41,0.0
42,0.0
42,0.0
42,63.0
42,0.0
43,0.0
43,0.0
43,63.0
43,0.0
44,0.0
44,0.0
44,63.0
44,0.0
45,0.0
45,0.0
45,63.0
45,0.0
46,0.0
46,0.0
46,63.0
47,0.0
47,0.0
47,63.0
48,0.0
48,63.0
48,0.0
49,0.0
49,63.0
49,0.0
50,0.0
50,63.0
50,0.0
51,0.0
51,63.0
51,0.0
52,0.0
52,63.0
52,0.0
53,0.0
53,0.0
53,63.0
53,0.0
54,0.0
54,0.0
54,63.0
54,0.0
55,0.0
55,0.0
55,63.0
55,0.0
56,0.0
56,0.0
56,63.0
57,0.0
57,0.0
57,63.0
58,0.0
58,0.0
58,63.0
59,0.0
59,0.0
59,63.0
60,0.0
60,0.0
60,63.0
61,0.0
61,0.0
61,63.0
62,0.0
62,0.0
62,63.0
63,0.0
63,0.0
63,63.0
63,0.0
64,0.0
64,0.0
64,63.0
64,0.0
65,0.0
65,0.0
65,63.0
65,0.0
66,0.0
66,0.0
66,63.0
66,0.0
67,0.0
67,0.0
67,63.0
67,0.0
68,0.0
68,0.0
68,63.0
69,0.0
69,0.0
69,63.0
70,0.0
70,0.0
70,63.0
70,0.0
71,0.0
71,0.0
71,63.0
71,0.0
72,0.0
72,0.0
72,0.0
72,63.0
72,0.0
73,0.0
73,0.0
73,0.0
73,63.0
73,0.0
74,0.0
74,0.0
74,0.0
74,63.0
74,0.0
75,0.0
75,0.0
75,0.0
75,63.0
75,0.0
76,0.0
76,0.0
76,0.0
76,63.0
76,0.0
77,0.0
77,0.0
77,63.0
77,0.0
78,0.0
78,0.0
78,63.0
78,0.0
79,0.0
79,0.0
79,63.0
79,0.0
80,0.0
80,0.0
80,63.0
80,0.0
80,0.0
81,0.0
81,0.0
81,63.0
81,0.0
81,0.0
82,0.0
82,63.0
82,0.0
82,0.0
83,0.0
83,63.0
83,0.0
83,0.0
84,0.0
84,63.0
84,0.0
84,0.0
85,0.0
85,63.0
85,0.0
85,0.0
86,0.0
86,63.0
86,0.0
86,0.0
87,0.0
87,0.0
87,63.0
88,0.0
88,0.0
88,63.0
89,0.0
89,0.0
89,0.0
89,63.0
90,0.0
90,0.0
90,0.0
90,63.0
91,0.0
91,0.0
91,0.0
91,63.0
92,0.0
92,0.0
92,0.0
92,63.0
93,0.0
93,0.0
93,0.0
93,63.0
94,0.0
94,0.0
94,0.0
94,63.0
95,0.0
95,0.0
95,63.0
95,0.0
96,0.0
96,0.0
96,63.0
96,0.0
97,0.0
97,0.0
97,63.0
97,0.0
98,0.0
98,0.0
98,63.0
98,0.0
99,0.0
99,0.0
99,63.0
99,0.0
100,0.0
100,0.0
100,63.0
100,0.0
101,0.0
101,0.0
101,63.0
101,0.0
102,0.0
102,0.0
102,63.0
102,0.0
103,0.0
103,0.0
103,63.0
103,0.0
104,0.0
104,0.0
104,63.0
104,0.0
105,0.0
105,0.0
105,63.0
105,0.0
106,0.0
106,0.0
106,0.0
106,63.0
107,0.0
107,0.0
107,0.0
107,63.0
108,0.0
108,0.0
108,0.0
108,63.0
109,0.0
109,0.0
109,0.0
109,63.0
110,0.0
110,0.0
110,0.0
110,63.0
111,0.0
111,0.0
111,0.0
111,63.0
112,0.0
112,0.0
112,0.0
112,63.0
113,0.0
113,0.0
113,63.0
113,0.0
114,0.0
114,0.0
114,63.0
114,0.0
114,0.0
115,0.0
115,0.0
115,63.0
115,0.0
115,0.0
116,0.0
116,0.0
116,63.0
117,0.0
117,0.0
117,63.0
118,0.0
118,0.0
118,63.0
118,0.0
119,0.0
119,0.0
119,63.0
119,0.0
120,0.0
120,0.0
120,0.0
120,63.0
121,0.0
121,0.0
121,0.0
121,63.0
122,0.0
122,0.0
122,0.0
122,63.0
123,0.0
123,0.0
123,0.0
123,63.0
124,0.0
124,0.0
124,0.0
124,63.0
125,0.0
125,0.0
125,63.0
125,0.0
125,0.0
126,0.0
126,0.0
126,63.0
126,0.0
126,0.0
127,0.0
127,0.0
127,63.0
127,0.0
127,0.0
128,0.0
128,0.0
128,0.0
128,63.0
128,0.0
129,0.0
129,0.0
129,0.0
129,63.0
129,0.0
130,0.0
130,0.0
130,0.0
130,63.0
131,0.0
131,0.0
131,0.0
131,63.0
132,0.0
132,0.0
132,0.0
132,63.0
133,0.0
133,0.0
133,0.0
133,63.0
134,0.0
134,0.0
134,0.0
134,63.0
135,0.0
135,0.0
135,63.0
135,0.0
136,0.0
136,0.0
136,63.0
136,0.0
137,0.0
137,0.0
137,0.0
137,63.0
138,0.0
138,0.0
138,0.0
138,63.0
139,0.0
139,0.0
139,0.0
139,63.0
140,0.0
140,0.0
140,0.0
140,63.0
141,0.0
141,0.0
141,0.0
141,63.0
142,0.0
142,0.0
142,0.0
142,63.0
143,0.0
143,0.0
143,0.0
143,63.0
144,0.0
144,0.0
144,0.0
144,63.0
145,0.0
145,0.0
145,0.0
145,63.0
146,0.0
146,0.0
146,0.0
146,63.0
147,0.0
147,0.0
147,0.0
147,63.0
147,0.0
148,0.0
148,0.0
148,0.0
148,63.0
148,0.0
149,0.0
149,0.0
149,0.0
149,63.0
149,0.0
150,0.0
150,0.0
150,63.0
150,0.0
150,0.0
151,0.0
151,0.0
151,0.0
151,63.0
151,0.0
152,0.0
152,0.0
152,63.0
152,0.0
152,0.0
153,0.0
153,0.0
153,63.0
153,0.0
153,0.0
154,0.0
154,0.0
154,0.0
154,63.0
155,0.0
155,0.0
155,0.0
155,63.0
156,0.0
156,0.0
156,0.0
156,63.0
157,0.0
157,0.0
157,0.0
157,63.0
158,0.0
158,0.0
158,0.0
158,63.0
159,0.0
159,0.0
159,63.0
159,0.0
160,0.0
160,0.0
160,63.0
160,0.0
161,0.0
161,0.0
161,63.0
161,0.0
162,0.0
162,0.0
162,63.0
162,0.0
163,0.0
163,0.0
163,63.0
163,0.0
164,0.0
164,0.0
164,63.0
164,0.0
165,0.0
165,0.0
165,63.0
165,0.0
166,0.0
166,0.0
166,63.0
166,0.0
167,0.0
167,0.0
167,0.0
167,63.0
168,0.0
168,0.0
168,0.0
168,63.0
169,0.0
169,0.0
169,0.0
169,63.0
170,0.0
170,0.0
170,0.0
170,63.0
171,0.0
171,0.0
171,0.0
171,63.0
172,0.0
172,0.0
172,0.0
172,63.0
173,0.0
173,0.0
173,0.0
174,0.0
174,0.0
174,0.0
175,0.0
175,0.0
175,0.0
176,0.0
176,0.0
176,0.0
177,0.0
177,0.0
177,0.0
178,0.0
178,0.0
178,0.0
178,63.0
179,0.0
179,0.0
179,0.0
179,63.0
180,0.0
180,0.0
180,63.0
180,0.0
181,0.0
181,0.0
181,63.0
181,0.0
182,0.0
182,0.0
182,0.0
182,63.0
183,0.0
183,0.0
183,0.0
183,63.0
184,0.0
184,0.0
184,0.0
184,63.0
185,0.0
185,0.0
185,63.0
185,0.0
186,0.0
186,0.0
186,63.0
186,0.0
187,0.0
187,0.0
187,63.0
187,0.0
188,0.0
188,0.0
188,63.0
189,0.0
189,0.0
189,63.0
190,0.0
190,0.0
190,63.0
191,0.0
191,0.0
191,63.0
192,0.0
192,0.0
192,63.0
193,0.0
193,0.0
193,63.0
194,0.0
194,0.0
194,63.0
195,0.0
195,0.0
195,63.0
196,0.0
196,0.0
196,63.0
197,0.0
197,0.0
197,63.0
198,0.0
198,0.0
198,63.0
199,0.0
199,0.0
199,63.0
200,0.0
200,0.0
200,0.0
200,66.0
201,0.0
201,0.0
201,0.0
202,0.0
202,0.0
202,0.0
202,66.0
203,0.0
203,0.0
203,0.0
203,66.0
204,0.0
204,0.0
204,0.0
204,66.0
205,0.0
205,0.0
205,0.0
205,66.0
206,0.0
206,0.0
206,0.0
206,66.0
207,0.0
207,0.0
207,0.0
207,66.0
208,0.0
208,0.0
208,0.0
208,66.0
209,0.0
209,0.0
209,0.0
210,0.0
210,0.0
210,0.0
211,0.0
211,0.0
211,0.0
212,0.0
212,0.0
213,0.0
213,0.0
214,0.0
214,0.0
215,0.0
215,0.0
216,0.0
216,0.0
216,62.0
216,0.0
217,0.0
217,0.0
217,62.0
217,0.0
218,0.0
218,0.0
218,62.0
218,0.0
219,0.0
219,0.0
219,62.0
219,0.0
220,0.0
220,0.0
220,62.0
220,0.0
221,0.0
221,0.0
221,62.0
221,0.0
222,0.0
222,0.0
222,62.0
222,0.0
223,0.0
223,0.0
223,62.0
223,0.0
224,0.0
224,0.0
224,62.0
224,0.0
225,0.0
225,0.0
225,62.0
225,0.0
226,0.0
226,0.0
226,0.0
226,63.0
226,62.0
226,0.0
227,0.0
227,0.0
227,0.0
227,63.0
227,62.0
227,0.0
228,0.0
228,0.0
228,0.0
228,0.0
228,63.0
228,62.0
229,0.0
229,0.0
229,0.0
229,0.0
229,63.0
229,62.0
230,0.0
230,0.0
230,0.0
230,0.0
230,63.0
230,62.0
231,0.0
231,0.0
231,0.0
231,0.0
231,63.0
231,62.0
232,0.0
232,0.0
232,0.0
232,0.0
232,63.0
232,62.0
233,0.0
233,0.0
233,0.0
233,0.0
233,63.0
233,62.0
234,0.0
234,0.0
234,0.0
234,0.0
234,63.0
234,62.0
235,0.0
235,0.0
235,0.0
235,0.0
235,63.0
235,62.0
236,0.0
236,0.0
236,62.0
236,0.0
237,0.0
237,0.0
237,62.0
237,0.0
238,0.0
238,0.0
238,62.0
238,0.0
239,0.0
239,0.0
239,62.0
239,0.0
240,0.0
240,0.0
240,62.0
240,0.0
241,0.0
241,0.0
241,62.0
241,0.0
242,0.0
242,0.0
242,62.0
242,0.0
243,0.0
243,0.0
243,62.0
243,0.0
244,0.0
244,0.0
244,62.0
244,0.0
245,0.0
245,0.0
245,62.0
245,0.0
245,0.0
246,0.0
246,0.0
246,62.0
246,0.0
246,0.0
247,0.0
247,0.0
247,62.0
247,0.0
247,0.0
248,0.0
248,0.0
248,62.0
248,0.0
248,0.0
249,0.0
249,0.0
249,62.0
249,0.0
249,0.0
250,0.0
250,0.0
250,62.0
250,0.0
250,0.0
251,0.0
251,0.0
251,62.0
251,0.0
251,0.0
252,0.0
252,0.0
252,62.0
253,0.0
253,0.0
253,62.0
254,0.0
254,0.0
254,62.0
255,0.0
255,0.0
255,62.0
256,0.0
256,0.0
256,62.0
257,0.0
257,0.0
257,62.0
258,0.0
258,0.0
258,62.0
259,0.0
259,0.0
259,62.0
260,0.0
260,0.0
260,62.0
261,0.0
261,0.0
261,62.0
262,0.0
262,0.0
262,62.0
263,0.0
263,0.0
263,62.0
264,0.0
264,0.0
264,62.0
265,0.0
265,0.0
265,62.0
266,0.0
266,0.0
266,62.0
267,0.0
267,0.0
267,62.0
268,0.0
268,0.0
268,62.0
269,0.0
269,0.0
269,62.0
270,0.0
270,0.0
270,62.0
271,0.0
271,0.0
271,62.0
272,0.0
272,0.0
272,62.0
272,0.0
273,0.0
273,0.0
273,62.0
273,0.0
274,0.0
274,0.0
274,62.0
274,63.0
275,0.0
275,0.0
275,62.0
275,63.0
276,0.0
276,0.0
276,62.0
277,0.0
277,0.0
277,62.0
278,0.0
278,0.0
278,62.0
279,0.0
279,0.0
279,62.0
279,63.0
280,0.0
280,0.0
280,62.0
280,63.0
281,0.0
281,0.0
281,62.0
281,63.0
282,0.0
282,0.0
282,62.0
282,63.0
283,0.0
283,0.0
283,62.0
283,63.0
284,0.0
284,0.0
284,62.0
285,0.0
285,0.0
285,62.0
286,0.0
286,0.0
286,62.0
287,0.0
287,0.0
287,62.0
288,0.0
288,0.0
288,62.0
289,0.0
289,0.0
289,62.0
290,0.0
290,0.0
290,62.0
291,0.0
291,0.0
291,63.0
291,62.0
292,0.0
292,0.0
292,63.0
292,62.0
293,0.0
293,0.0
293,63.0
293,62.0
294,0.0
294,0.0
294,63.0
294,62.0
295,0.0
295,0.0
295,63.0
295,62.0
296,0.0
296,0.0
296,63.0
297,0.0
297,0.0
297,63.0
298,0.0
298,0.0
298,63.0
299,0.0
299,0.0
299,63.0
300,0.0
300,0.0
300,63.0
301,0.0
301,0.0
301,63.0
302,0.0
302,0.0
302,63.0
303,0.0
303,0.0
303,63.0
304,0.0
304,0.0
304,63.0
305,0.0
305,0.0
305,63.0
306,0.0
306,0.0
306,63.0
307,0.0
307,0.0
307,63.0
308,0.0
308,0.0
308,0.0
308,63.0
309,0.0
309,0.0
309,0.0
309,63.0
310,0.0
310,0.0
310,0.0
310,63.0
311,0.0
311,0.0
311,0.0
311,63.0
312,0.0
312,0.0
312,63.0
313,0.0
313,0.0
313,63.0
313,0.0
314,0.0
314,0.0
314,63.0
314,0.0
315,0.0
315,0.0
315,63.0
316,0.0
316,0.0
316,63.0
316,0.0
317,0.0
317,0.0
317,63.0
318,0.0
318,0.0
318,63.0
319,0.0
319,0.0
319,63.0
320,0.0
320,0.0
320,63.0
320,66.0
321,0.0
321,0.0
321,63.0
321,66.0
322,0.0
322,0.0
322,63.0
322,66.0
323,0.0
323,0.0
323,63.0
323,66.0
324,0.0
324,0.0
324,63.0
325,0.0
325,0.0
325,63.0
326,0.0
326,0.0
326,63.0
327,0.0
327,0.0
327,63.0
327,66.0
328,0.0
328,0.0
328,63.0
328,66.0
329,0.0
329,0.0
329,63.0
329,62.0
329,0.0
329,66.0
330,0.0
330,0.0
330,63.0
330,62.0
330,0.0
330,66.0
331,0.0
331,0.0
331,63.0
331,62.0
331,0.0
331,66.0
332,0.0
332,0.0
332,63.0
333,0.0
333,0.0
333,63.0
334,0.0
334,0.0
334,63.0
335,0.0
335,0.0
335,63.0
336,0.0
336,0.0
336,63.0
336,0.0
337,0.0
337,0.0
337,63.0
337,0.0
338,0.0
338,0.0
338,63.0
338,0.0
339,0.0
339,0.0
339,63.0
339,0.0
340,0.0
340,0.0
340,63.0
340,0.0
341,0.0
341,0.0
341,63.0
341,0.0
342,0.0
342,0.0
342,63.0
342,0.0
343,0.0
343,0.0
343,63.0
343,0.0
344,0.0
344,0.0
344,63.0
344,0.0
345,0.0
345,0.0
345,63.0
345,0.0
346,0.0
346,0.0
346,0.0
346,63.0
347,0.0
347,0.0
347,0.0
347,63.0
348,0.0
348,0.0
348,0.0
348,63.0
349,0.0
349,0.0
349,0.0
349,63.0
350,0.0
350,0.0
350,0.0
350,63.0
351,0.0
351,0.0
351,0.0
351,63.0
352,0.0
352,0.0
352,0.0
352,63.0
353,0.0
353,0.0
353,0.0
353,63.0
353,66.0
354,0.0
354,0.0
354,0.0
354,63.0
354,66.0
355,0.0
355,0.0
355,0.0
355,63.0
355,66.0
356,0.0
356,0.0
356,0.0
356,63.0
356,66.0
357,0.0
357,0.0
357,0.0
357,63.0
357,66.0
358,0.0
358,0.0
358,0.0
358,63.0
358,66.0
359,0.0
359,0.0
359,0.0
359,63.0
359,66.0
360,0.0
360,0.0
360,0.0
360,63.0
360,66.0
361,0.0
361,0.0
361,0.0
361,63.0
361,66.0
362,0.0
362,0.0
362,0.0
362,63.0
362,66.0
363,0.0
363,0.0
363,0.0
363,66.0
363,63.0
363,15.0
364,0.0
364,0.0
364,0.0
364,66.0
364,63.0
364,15.0
365,0.0
365,0.0
365,0.0
365,66.0
365,63.0
365,15.0
366,0.0
366,0.0
366,0.0
366,66.0
366,63.0
366,15.0
367,0.0
367,0.0
367,0.0
367,66.0
367,63.0
367,15.0
368,0.0
368,0.0
368,0.0
368,66.0
369,0.0
369,0.0
369,0.0
369,66.0
370,0.0
370,0.0
370,0.0
370,66.0
370,63.0
371,0.0
371,0.0
371,0.0
371,66.0
371,63.0
372,0.0
372,0.0
372,0.0
372,66.0
372,63.0
373,0.0
373,0.0
373,0.0
373,66.0
373,63.0
374,0.0
374,0.0
374,0.0
374,66.0
374,63.0
375,0.0
375,0.0
375,0.0
375,66.0
375,63.0
376,0.0
376,0.0
376,0.0
376,66.0
376,63.0
377,0.0
377,0.0
377,0.0
377,66.0
377,63.0
378,0.0
378,0.0
378,66.0
378,0.0
378,63.0
379,0.0
379,0.0
379,66.0
379,0.0
379,63.0
380,0.0
380,0.0
380,0.0
380,63.0
380,66.0
381,0.0
381,0.0
381,0.0
381,63.0
381,66.0
382,0.0
382,0.0
382,0.0
382,63.0
382,66.0
383,0.0
383,0.0
383,0.0
383,63.0
383,66.0
384,0.0
384,0.0
384,0.0
384,66.0
384,63.0
385,0.0
385,0.0
385,0.0
385,66.0
385,63.0
386,0.0
386,0.0
386,0.0
386,66.0
386,63.0
387,0.0
387,0.0
387,66.0
387,0.0
387,63.0
388,0.0
388,0.0
388,66.0
388,0.0
388,63.0
389,0.0
389,0.0
389,66.0
389,0.0
389,63.0
390,0.0
390,0.0
390,66.0
390,0.0
390,63.0
391,0.0
391,0.0
391,66.0
391,0.0
391,63.0
392,0.0
392,0.0
392,66.0
392,0.0
392,63.0
393,0.0
393,0.0
393,66.0
393,0.0
393,63.0
394,0.0
394,0.0
394,0.0
394,66.0
394,63.0
395,0.0
395,0.0
395,0.0
395,66.0
395,63.0
396,0.0
396,0.0
396,63.0
396,66.0
396,0.0
397,0.0
397,0.0
397,63.0
397,66.0
397,0.0
398,0.0
398,0.0
398,66.0
398,63.0
399,0.0
399,0.0
399,0.0
399,66.0
400,0.0
400,0.0
400,66.0
400,0.0
401,0.0
401,0.0
401,0.0
401,66.0
401,63.0
402,0.0
402,0.0
402,0.0
402,66.0
402,63.0
403,0.0
403,0.0
403,0.0
403,66.0
403,63.0
404,0.0
404,0.0
404,66.0
405,0.0
405,0.0
405,66.0
406,0.0
406,0.0
406,66.0
407,0.0
407,0.0
407,66.0
408,0.0
408,0.0
408,66.0
409,0.0
409,0.0
409,66.0
410,0.0
410,0.0
410,66.0
411,0.0
411,0.0
411,66.0
412,0.0
412,0.0
412,66.0
413,0.0
413,0.0
413,66.0
414,0.0
414,0.0
414,66.0
415,0.0
415,0.0
415,66.0
416,0.0
416,0.0
416,66.0
417,0.0
417,0.0
417,66.0
418,0.0
418,0.0
418,66.0
418,0.0
419,0.0
419,0.0
419,66.0
419,0.0
420,0.0
420,0.0
420,66.0
420,63.0
420,0.0
421,0.0
421,0.0
421,66.0
421,63.0
421,0.0
422,0.0
422,0.0
422,66.0
422,63.0
422,0.0
423,0.0
423,0.0
423,66.0
423,63.0
424,0.0
424,0.0
424,66.0
424,63.0
425,0.0
425,0.0
425,66.0
425,63.0
426,0.0
426,0.0
426,66.0
426,63.0
427,0.0
427,0.0
427,66.0
427,63.0
428,0.0
428,0.0
428,66.0
428,63.0
429,0.0
429,0.0
429,66.0
429,63.0
430,0.0
430,0.0
430,66.0
430,63.0
431,0.0
431,0.0
431,66.0
431,63.0
432,0.0
432,0.0
432,66.0
432,63.0
432,63.0
433,0.0
433,0.0
433,66.0
433,63.0
433,63.0
434,0.0
434,0.0
434,66.0
434,63.0
434,63.0
435,0.0
435,0.0
435,66.0
435,63.0
435,0.0
436,0.0
436,0.0
436,66.0
436,63.0
436,0.0
437,0.0
437,0.0
437,0.0
437,66.0
437,63.0
438,0.0
438,0.0
438,0.0
438,66.0
438,63.0
439,0.0
439,0.0
439,0.0
439,66.0
439,63.0
440,0.0
440,0.0
440,0.0
440,66.0
440,63.0
441,0.0
441,0.0
441,0.0
441,66.0
441,63.0
442,0.0
442,0.0
442,0.0
442,66.0
442,63.0
443,0.0
443,0.0
443,0.0
443,66.0
443,63.0
444,0.0
444,0.0
444,0.0
444,66.0
444,63.0
445,0.0
445,0.0
445,0.0
445,66.0
445,63.0
446,0.0
446,0.0
446,0.0
446,66.0
446,63.0
447,0.0
447,0.0
447,0.0
447,66.0
447,63.0
448,0.0
448,0.0
448,0.0
448,66.0
448,63.0
449,0.0
449,0.0
449,0.0
449,66.0
449,63.0
450,0.0
450,0.0
450,0.0
450,66.0
450,63.0
451,0.0
451,0.0
451,0.0
451,66.0
451,63.0
452,0.0
452,0.0
452,0.0
452,66.0
452,63.0
453,0.0
453,0.0
453,0.0
453,66.0
453,63.0
454,0.0
454,0.0
454,0.0
454,63.0
454,66.0
455,0.0
455,0.0
455,0.0
455,63.0
455,66.0
456,0.0
456,0.0
456,0.0
456,63.0
456,66.0
457,0.0
457,0.0
457,0.0
457,63.0
457,66.0
458,0.0
458,0.0
458,0.0
458,63.0
458,66.0
459,0.0
459,0.0
459,0.0
459,63.0
459,66.0
460,0.0
460,0.0
460,0.0
460,63.0
460,66.0
461,0.0
461,0.0
461,63.0
461,0.0
461,66.0
462,0.0
462,0.0
462,63.0
462,0.0
462,66.0
463,0.0
463,0.0
463,63.0
463,0.0
463,66.0
464,0.0
464,0.0
464,63.0
464,66.0
464,0.0
465,0.0
465,0.0
465,63.0
465,66.0
465,0.0
466,0.0
466,0.0
466,63.0
466,66.0
466,0.0
467,0.0
467,0.0
467,63.0
467,66.0
467,0.0
468,0.0
468,0.0
468,63.0
468,0.0
468,66.0
469,0.0
469,0.0
469,63.0
469,0.0
469,66.0
470,0.0
470,0.0
470,63.0
470,0.0
471,0.0
471,0.0
471,63.0
471,0.0
471,66.0
472,0.0
472,0.0
472,63.0
472,0.0
472,66.0
473,0.0
473,63.0
473,0.0
473,0.0
474,0.0
474,63.0
474,0.0
474,0.0
475,0.0
475,63.0
475,0.0
475,0.0
476,0.0
476,63.0
476,0.0
476,0.0
477,0.0
477,63.0
477,0.0
477,0.0
478,0.0
478,63.0
478,0.0
478,0.0
479,0.0
479,63.0
479,0.0
479,0.0
480,0.0
480,63.0
480,0.0
480,0.0
481,0.0
481,63.0
481,0.0
481,0.0
482,0.0
482,63.0
482,0.0
482,0.0
483,0.0
483,63.0
483,0.0
483,0.0
484,0.0
484,63.0
484,0.0
484,0.0
485,0.0
485,63.0
485,0.0
485,0.0
485,66.0
486,0.0
486,63.0
486,0.0
486,0.0
486,66.0
487,0.0
487,63.0
487,0.0
487,0.0
487,66.0
488,0.0
488,63.0
488,0.0
488,0.0
489,0.0
489,63.0
489,0.0
489,0.0
490,0.0
490,63.0
490,0.0
490,0.0
491,0.0
491,63.0
491,0.0
491,0.0
492,0.0
492,63.0
492,0.0
492,0.0
493,0.0
493,63.0
493,0.0
493,0.0
494,0.0
494,63.0
494,0.0
494,0.0
495,0.0
495,63.0
495,0.0
495,0.0
495,66.0
496,0.0
496,63.0
496,0.0
496,0.0
496,66.0
497,0.0
497,63.0
497,0.0
497,0.0
497,66.0
498,0.0
498,63.0
498,0.0
498,0.0
498,66.0
499,0.0
499,63.0
499,0.0
499,0.0
499,66.0
500,0.0
500,63.0
500,0.0
500,0.0
500,66.0
501,0.0
501,63.0
501,0.0
501,0.0
501,66.0
502,0.0
502,63.0
502,0.0
502,0.0
502,66.0
503,0.0
503,63.0
503,0.0
503,0.0
503,66.0
504,0.0
504,63.0
504,0.0
504,66.0
504,0.0
505,0.0
505,63.0
505,0.0
505,66.0
505,0.0
506,0.0
506,63.0
506,0.0
506,66.0
506,0.0
507,0.0
507,63.0
507,0.0
507,66.0
507,0.0
508,0.0
508,63.0
508,0.0
508,66.0
508,0.0
509,0.0
509,63.0
509,0.0
509,66.0
510,0.0
510,63.0
510,0.0
510,66.0
511,0.0
511,63.0
511,0.0
511,66.0
512,0.0
512,63.0
512,0.0
512,66.0
513,0.0
513,63.0
513,0.0
513,66.0
514,0.0
514,63.0
514,0.0
514,66.0
515,0.0
515,63.0
515,0.0
515,66.0
516,0.0
516,63.0
516,0.0
516,66.0
517,0.0
517,63.0
517,0.0
517,66.0
518,0.0
518,63.0
518,0.0
518,66.0
519,0.0
519,0.0
519,63.0
519,66.0
520,0.0
520,0.0
520,63.0
520,66.0
521,0.0
521,0.0
521,63.0
521,0.0
522,0.0
522,0.0
522,63.0
522,0.0
523,0.0
523,0.0
523,63.0
523,0.0
524,0.0
524,0.0
524,63.0
524,0.0
525,0.0
525,0.0
525,63.0
525,0.0
526,0.0
526,0.0
526,63.0
526,0.0
526,66.0
527,0.0
527,0.0
527,63.0
527,0.0
528,0.0
528,0.0
528,63.0
528,0.0
528,0.0
529,0.0
529,0.0
529,63.0
529,0.0
529,0.0
530,0.0
530,0.0
530,63.0
530,0.0
530,0.0
531,0.0
531,0.0
531,63.0
531,0.0
531,66.0
532,0.0
532,0.0
532,63.0
532,0.0
532,66.0
533,0.0
533,0.0
533,63.0
533,0.0
533,66.0
534,0.0
534,0.0
534,63.0
534,0.0
534,66.0
534,0.0
535,0.0
535,0.0
535,63.0
535,0.0
535,66.0
535,0.0
536,0.0
536,0.0
536,63.0
536,0.0
537,0.0
537,0.0
537,0.0
537,63.0
538,0.0
538,0.0
538,0.0
538,63.0
538,66.0
539,0.0
539,0.0
539,0.0
539,63.0
539,66.0
540,0.0
540,0.0
540,0.0
540,63.0
541,0.0
541,0.0
541,0.0
541,63.0
542,0.0
542,0.0
542,0.0
542,63.0
543,0.0
543,0.0
543,0.0
543,63.0
544,0.0
544,0.0
544,0.0
544,63.0
545,0.0
545,0.0
545,0.0
545,63.0
546,0.0
546,0.0
546,0.0
546,63.0
547,0.0
547,0.0
547,0.0
547,63.0
548,0.0
548,0.0
548,0.0
548,63.0
549,0.0
549,0.0
549,0.0
549,63.0
550,0.0
550,0.0
550,63.0
550,0.0
550,66.0
551,0.0
551,0.0
551,63.0
551,0.0
551,66.0
552,0.0
552,0.0
552,0.0
552,63.0
552,66.0
553,0.0
553,0.0
553,0.0
553,63.0
553,66.0
554,0.0
554,0.0
554,0.0
554,63.0
554,66.0
555,0.0
555,0.0
555,0.0
555,63.0
555,66.0
556,0.0
556,0.0
556,0.0
556,63.0
556,66.0
557,0.0
557,0.0
557,63.0
557,0.0
557,66.0
558,0.0
558,0.0
558,63.0
558,66.0
558,0.0
559,0.0
559,0.0
559,63.0
559,0.0
559,66.0
560,0.0
560,0.0
560,63.0
561,0.0
561,0.0
561,63.0
562,0.0
562,0.0
562,63.0
563,0.0
563,0.0
563,63.0
564,0.0
564,0.0
564,63.0
565,0.0
565,0.0
565,63.0
566,0.0
566,0.0
566,63.0
567,0.0
567,0.0
567,63.0
567,0.0
568,0.0
568,0.0
568,63.0
568,0.0
569,0.0
569,0.0
569,0.0
569,63.0
570,0.0
570,0.0
570,0.0
570,63.0
571,0.0
571,0.0
571,0.0
571,63.0
572,0.0
572,0.0
572,0.0
572,63.0
573,0.0
573,0.0
573,0.0
573,63.0
574,0.0
574,0.0
574,0.0
574,63.0
575,0.0
575,0.0
575,0.0
575,63.0
576,0.0
576,0.0
576,0.0
576,63.0
577,0.0
577,0.0
577,0.0
577,63.0
578,0.0
578,0.0
578,0.0
578,63.0
579,0.0
579,0.0
579,0.0
579,63.0
580,0.0
580,0.0
580,0.0
580,63.0
581,0.0
581,0.0
581,0.0
581,63.0
582,0.0
582,0.0
582,0.0
582,63.0
583,0.0
583,0.0
583,0.0
583,63.0
584,0.0
584,0.0
584,0.0
584,63.0
585,0.0
585,0.0
585,0.0
585,63.0
586,0.0
586,0.0
586,0.0
586,63.0
587,0.0
587,0.0
587,0.0
587,63.0
588,0.0
588,0.0
588,0.0
588,63.0
589,0.0
589,0.0
589,0.0
589,63.0
590,0.0
590,0.0
590,0.0
590,63.0
591,0.0
591,0.0
591,0.0
591,63.0
592,0.0
592,0.0
592,0.0
592,63.0
593,0.0
593,0.0
593,63.0
593,0.0
594,0.0
594,0.0
594,63.0
594,0.0
595,0.0
595,0.0
595,63.0
595,0.0
596,0.0
596,63.0
596,0.0
596,0.0
597,0.0
597,63.0
597,0.0
597,0.0
598,0.0
598,0.0
598,63.0
598,0.0
599,0.0
599,0.0
599,63.0
599,0.0
600,0.0
600,0.0
600,63.0
600,0.0
601,0.0
601,0.0
601,63.0
601,0.0
602,0.0
602,0.0
602,63.0
602,0.0
603,0.0
603,0.0
603,0.0
603,63.0
604,0.0
604,0.0
604,0.0
604,63.0
605,0.0
605,0.0
605,0.0
605,63.0
606,0.0
606,0.0
606,63.0
606,0.0
607,0.0
607,0.0
607,63.0
607,0.0
608,0.0
608,0.0
608,0.0
608,63.0
609,0.0
609,0.0
609,0.0
609,63.0
610,0.0
610,0.0
610,0.0
610,63.0
611,0.0
611,0.0
611,0.0
611,63.0
612,0.0
612,0.0
612,63.0
612,0.0
613,0.0
613,0.0
613,63.0
613,0.0
614,0.0
614,0.0
614,63.0
614,0.0
615,0.0
615,0.0
615,0.0
615,63.0
616,0.0
616,0.0
616,0.0
616,63.0
617,0.0
617,0.0
617,63.0
618,0.0
618,0.0
618,63.0
619,0.0
619,0.0
619,63.0
620,0.0
620,63.0
620,0.0
621,0.0
621,63.0
621,0.0
622,0.0
622,63.0
622,0.0
623,0.0
623,63.0
623,0.0
624,0.0
624,63.0
625,0.0
625,63.0
626,0.0
626,63.0
627,0.0
627,63.0
628,0.0
628,63.0
629,0.0
629,63.0
630,0.0
630,63.0
631,0.0
631,63.0
631,0.0
632,0.0
632,0.0
632,63.0
633,0.0
633,0.0
633,63.0
634,0.0
634,0.0
634,63.0
635,0.0
635,0.0
635,63.0
636,0.0
636,0.0
636,0.0
636,63.0
637,0.0
637,0.0
637,0.0
637,63.0
638,0.0
638,0.0
638,0.0
638,63.0
639,0.0
639,0.0
639,63.0
639,0.0
640,0.0
640,0.0
640,63.0
640,0.0
641,0.0
641,0.0
641,63.0
641,0.0
642,0.0
642,0.0
642,63.0
642,0.0
643,0.0
643,0.0
643,63.0
643,0.0
644,0.0
644,0.0
644,0.0
644,63.0
645,0.0
645,0.0
645,0.0
645,63.0
646,0.0
646,0.0
646,63.0
646,0.0
647,0.0
647,0.0
647,63.0
647,0.0
648,0.0
648,0.0
648,0.0
648,63.0
649,0.0
649,0.0
649,0.0
649,63.0
650,0.0
650,0.0
650,0.0
650,63.0
651,0.0
651,0.0
651,0.0
651,63.0
652,0.0
652,0.0
652,0.0
652,63.0
653,0.0
653,0.0
653,0.0
653,63.0
654,0.0
654,0.0
654,0.0
654,63.0
655,0.0
655,0.0
655,0.0
655,63.0
656,0.0
656,0.0
656,63.0
656,0.0
657,0.0
657,0.0
657,63.0
657,0.0
658,0.0
658,0.0
658,63.0
658,0.0
659,0.0
659,0.0
659,63.0
659,0.0
660,0.0
660,63.0
660,0.0
660,0.0
661,0.0
661,63.0
661,0.0
661,0.0
662,0.0
662,63.0
662,0.0
662,0.0
663,0.0
663,63.0
663,0.0
663,0.0
664,0.0
664,63.0
664,0.0
664,0.0
665,0.0
665,0.0
665,63.0
665,0.0
666,0.0
666,0.0
666,63.0
666,0.0
667,0.0
667,0.0
667,63.0
667,0.0
668,0.0
668,0.0
668,0.0
668,63.0
669,0.0
669,0.0
669,0.0
669,63.0
670,0.0
670,0.0
670,0.0
670,63.0
671,0.0
671,0.0
671,0.0
671,63.0
672,0.0
672,0.0
672,0.0
672,63.0
673,0.0
673,0.0
673,0.0
673,63.0
674,0.0
674,0.0
674,0.0
674,63.0
675,0.0
675,0.0
675,0.0
675,63.0
676,0.0
676,0.0
676,0.0
676,63.0
677,0.0
677,0.0
677,0.0
677,63.0
678,0.0
678,0.0
678,0.0
678,63.0
679,0.0
679,0.0
679,0.0
679,63.0
680,0.0
680,0.0
680,0.0
680,63.0
681,0.0
681,0.0
681,0.0
681,63.0
682,0.0
682,0.0
682,63.0
682,0.0
683,0.0
683,0.0
683,63.0
683,0.0
684,0.0
684,0.0
684,63.0
684,0.0
685,0.0
685,0.0
685,63.0
685,0.0
686,0.0
686,0.0
686,63.0
686,0.0
687,0.0
687,0.0
687,63.0
687,0.0
688,0.0
688,0.0
688,63.0
688,0.0
689,0.0
689,0.0
689,63.0
689,0.0
690,0.0
690,0.0
690,63.0
690,0.0
691,0.0
691,0.0
691,63.0
691,0.0
692,0.0
692,0.0
692,63.0
692,0.0
692,62.0
693,0.0
693,0.0
693,63.0
693,0.0
693,62.0
694,0.0
694,0.0
694,63.0
694,0.0
694,62.0
695,0.0
695,0.0
695,63.0
695,0.0
695,62.0
696,0.0
696,0.0
696,63.0
696,0.0
696,62.0
697,0.0
697,0.0
697,63.0
697,0.0
697,62.0
698,0.0
698,0.0
698,63.0
698,0.0
698,62.0
699,0.0
699,0.0
699,0.0
699,63.0
699,62.0
700,0.0
700,0.0
700,0.0
700,63.0
700,62.0
701,0.0
701,0.0
701,0.0
701,63.0
701,62.0
702,0.0
702,0.0
702,0.0
702,63.0
702,62.0
703,0.0
703,0.0
703,0.0
703,63.0
703,62.0
704,0.0
704,0.0
704,63.0
704,0.0
704,62.0
705,0.0
705,0.0
705,63.0
705,0.0
705,62.0
706,0.0
706,0.0
706,63.0
706,0.0
706,62.0
707,0.0
707,0.0
707,63.0
707,0.0
707,62.0
708,0.0
708,0.0
708,63.0
708,0.0
708,62.0
709,0.0
709,0.0
709,63.0
709,0.0
709,62.0
710,0.0
710,0.0
710,63.0
710,0.0
710,62.0
711,0.0
711,0.0
711,63.0
711,0.0
711,62.0
712,0.0
712,0.0
712,63.0
712,0.0
712,62.0
713,0.0
713,0.0
713,63.0
713,0.0
713,62.0
714,0.0
714,0.0
714,63.0
714,0.0
714,62.0
715,0.0
715,0.0
715,63.0
715,0.0
715,62.0
716,0.0
716,0.0
716,63.0
716,0.0
716,62.0
717,0.0
717,0.0
717,63.0
717,0.0
717,62.0
718,0.0
718,0.0
718,63.0
718,0.0
719,0.0
719,0.0
719,63.0
719,0.0
720,0.0
720,0.0
720,63.0
720,0.0
721,0.0
721,0.0
721,63.0
721,0.0
722,0.0
722,0.0
722,63.0
722,0.0
723,0.0
723,0.0
723,63.0
723,0.0
724,0.0
724,0.0
724,63.0
724,0.0
725,0.0
725,0.0
725,63.0
725,0.0
725,62.0
726,0.0
726,0.0
726,63.0
726,0.0
726,62.0
727,0.0
727,0.0
727,63.0
727,0.0
727,62.0
728,0.0
728,0.0
728,63.0
728,0.0
728,62.0
729,0.0
729,0.0
729,63.0
729,0.0
729,62.0
730,0.0
730,0.0
730,63.0
730,0.0
730,62.0
731,0.0
731,0.0
731,63.0
731,0.0
731,62.0
732,0.0
732,0.0
732,63.0
732,0.0
733,0.0
733,0.0
733,63.0
733,0.0
734,0.0
734,0.0
734,63.0
734,0.0
735,0.0
735,0.0
735,63.0
735,0.0
735,62.0
736,0.0
736,0.0
736,63.0
736,0.0
737,0.0
737,0.0
737,63.0
737,0.0
737,62.0
738,0.0
738,0.0
738,63.0
738,0.0
738,62.0
739,0.0
739,0.0
739,63.0
739,0.0
739,62.0
740,0.0
740,0.0
740,63.0
740,0.0
740,62.0
741,0.0
741,0.0
741,63.0
741,0.0
741,62.0
742,0.0
742,0.0
742,63.0
742,0.0
743,0.0
743,0.0
743,63.0
743,0.0
744,0.0
744,0.0
744,63.0
744,0.0
745,0.0
745,0.0
745,63.0
745,0.0
746,0.0
746,0.0
746,63.0
746,0.0
747,0.0
747,0.0
747,63.0
747,0.0
748,0.0
748,0.0
748,63.0
748,0.0
749,0.0
749,0.0
749,63.0
749,0.0
750,0.0
750,0.0
750,63.0
750,0.0
751,0.0
751,0.0
751,63.0
751,0.0
752,0.0
752,0.0
752,63.0
752,0.0
753,0.0
753,0.0
753,63.0
753,0.0
754,0.0
754,0.0
754,63.0
754,0.0
755,0.0
755,0.0
755,63.0
755,0.0
756,0.0
756,0.0
756,63.0
756,0.0
756,62.0
757,0.0
757,0.0
757,63.0
757,0.0
757,62.0
758,0.0
758,0.0
758,63.0
758,0.0
758,62.0
759,0.0
759,0.0
759,63.0
759,62.0
759,0.0
760,0.0
760,0.0
760,63.0
760,62.0
760,0.0
761,0.0
761,0.0
761,63.0
761,62.0
761,0.0
762,0.0
762,0.0
762,63.0
762,62.0
762,0.0
763,0.0
763,0.0
763,63.0
763,62.0
763,0.0
764,0.0
764,0.0
764,63.0
764,62.0
764,0.0
765,0.0
765,0.0
765,63.0
765,62.0
765,0.0
766,0.0
766,0.0
766,63.0
767,0.0
767,0.0
767,63.0
768,0.0
768,0.0
768,63.0
768,0.0
769,0.0
769,0.0
769,63.0
769,0.0
770,0.0
770,0.0
770,63.0
770,0.0
771,0.0
771,0.0
771,63.0
771,0.0
772,0.0
772,0.0
772,63.0
772,0.0
773,0.0
773,0.0
773,63.0
773,0.0
774,0.0
774,0.0
774,63.0
774,0.0
775,0.0
775,0.0
775,63.0
775,0.0
776,0.0
776,0.0
776,63.0
776,0.0
777,0.0
777,0.0
777,63.0
777,0.0
778,0.0
778,0.0
778,56.0
778,63.0
779,0.0
779,0.0
779,56.0
779,63.0
780,0.0
780,0.0
780,56.0
780,63.0
781,0.0
781,0.0
781,56.0
781,63.0
782,0.0
782,0.0
782,56.0
782,63.0
783,0.0
783,56.0
783,63.0
783,0.0
784,0.0
784,56.0
784,63.0
784,0.0
785,0.0
785,56.0
785,63.0
786,0.0
786,56.0
786,63.0
787,0.0
787,56.0
787,63.0
788,0.0
788,63.0
788,0.0
789,0.0
789,63.0
789,0.0
790,0.0
790,63.0
790,0.0
791,0.0
791,63.0
791,0.0
792,0.0
792,63.0
792,0.0
793,0.0
793,63.0
793,0.0
794,0.0
794,63.0
794,0.0
795,0.0
795,63.0
795,0.0
795,56.0
795,0.0
795,62.0
796,0.0
796,63.0
796,0.0
796,56.0
796,0.0
796,62.0
797,0.0
797,63.0
797,0.0
797,62.0
798,0.0
798,63.0
798,0.0
798,62.0
799,0.0
799,63.0
799,0.0
799,62.0
800,0.0
800,63.0
800,0.0
800,62.0
801,0.0
801,63.0
801,0.0
801,62.0
801,56.0
802,0.0
802,63.0
802,0.0
802,62.0
802,56.0
803,0.0
803,63.0
803,0.0
803,62.0
803,56.0
804,0.0
804,0.0
804,63.0
805,0.0
805,0.0
805,63.0
806,0.0
806,0.0
806,63.0
807,0.0
807,63.0
807,0.0
808,0.0
808,63.0
808,0.0
809,0.0
809,63.0
810,0.0
810,63.0
811,0.0
811,63.0
812,0.0
812,63.0
813,0.0
813,63.0
814,0.0
814,63.0
815,0.0
815,63.0
816,0.0
816,63.0
817,0.0
817,63.0
818,0.0
818,63.0
819,0.0
819,63.0
820,0.0
820,63.0
821,0.0
821,63.0
822,0.0
822,63.0
823,0.0
823,63.0
824,0.0
824,63.0
825,0.0
825,63.0
826,0.0
826,63.0
827,0.0
827,63.0
828,0.0
828,63.0
829,0.0
829,63.0
830,0.0
830,63.0
831,0.0
831,63.0
832,0.0
832,63.0
833,0.0
833,63.0
833,62.0
834,0.0
834,63.0
834,62.0
835,0.0
835,63.0
835,62.0
836,0.0
836,63.0
836,62.0
836,0.0
837,0.0
837,63.0
837,62.0
838,0.0
838,63.0
838,0.0
838,62.0
839,0.0
839,63.0
839,0.0
839,62.0
840,0.0
840,63.0
840,0.0
840,62.0
841,0.0
841,63.0
841,0.0
841,62.0
842,0.0
842,63.0
842,0.0
842,62.0
843,0.0
843,63.0
843,62.0
844,0.0
844,63.0
844,62.0
845,0.0
845,62.0
845,63.0
846,0.0
846,62.0
846,63.0
847,0.0
847,62.0
847,63.0
848,0.0
848,63.0
848,62.0
849,0.0
849,63.0
849,62.0
850,0.0
850,0.0
850,63.0
851,0.0
851,0.0
851,63.0
852,0.0
852,0.0
852,63.0
853,0.0
853,0.0
853,63.0
854,0.0
854,0.0
854,63.0
855,0.0
855,0.0
855,63.0
856,0.0
856,0.0
856,63.0
857,0.0
857,0.0
857,63.0
857,62.0
858,0.0
858,0.0
858,63.0
858,62.0
859,0.0
859,0.0
859,63.0
859,62.0
860,0.0
860,0.0
860,63.0
861,0.0
861,0.0
861,63.0
862,0.0
862,63.0
862,0.0
862,62.0
863,0.0
863,63.0
863,0.0
863,62.0
864,0.0
864,63.0
864,0.0
864,62.0
865,0.0
865,63.0
865,0.0
865,62.0
866,0.0
866,63.0
866,0.0
866,62.0
867,0.0
867,63.0
867,0.0
867,62.0
868,0.0
868,63.0
868,0.0
868,62.0
869,0.0
869,63.0
869,62.0
869,0.0
870,0.0
870,63.0
870,0.0
870,62.0
871,0.0
871,63.0
871,0.0
871,62.0
872,0.0
872,63.0
872,0.0
872,62.0
873,0.0
873,63.0
873,0.0
873,62.0
874,0.0
874,63.0
874,62.0
875,0.0
875,63.0
875,62.0
876,0.0
876,63.0
877,0.0
877,63.0
878,0.0
878,63.0
879,0.0
879,63.0
879,62.0
880,0.0
880,63.0
880,62.0
881,0.0
881,63.0
881,62.0
882,0.0
882,63.0
882,62.0
883,0.0
883,63.0
883,62.0
884,0.0
884,63.0
884,62.0
885,0.0
885,63.0
885,62.0
886,0.0
886,63.0
886,62.0
887,0.0
887,63.0
887,62.0
888,0.0
888,63.0
889,0.0
889,63.0
890,0.0
890,63.0
891,0.0
891,63.0
891,62.0
892,0.0
892,63.0
892,62.0
893,0.0
893,63.0
893,0.0
894,0.0
894,63.0
894,0.0
895,0.0
895,63.0
895,0.0
896,0.0
896,63.0
897,0.0
897,63.0
898,0.0
899,0.0
900,0.0
900,63.0
900,62.0
901,0.0
901,63.0
901,62.0
902,0.0
902,63.0
902,62.0
903,0.0
903,63.0
903,62.0
904,0.0
904,63.0
904,62.0
905,0.0
905,63.0
905,62.0
906,0.0
906,63.0
906,62.0
907,0.0
907,63.0
907,62.0
908,0.0
908,63.0
909,0.0
909,63.0
910,0.0
910,63.0
911,0.0
911,63.0
912,0.0
913,0.0
914,0.0
915,0.0
915,63.0
915,62.0
916,0.0
916,63.0
916,62.0
917,0.0
917,63.0
917,62.0
918,0.0
918,63.0
918,62.0
919,0.0
919,63.0
919,62.0
920,0.0
920,62.0
920,63.0
921,0.0
921,62.0
921,63.0
922,0.0
922,62.0
922,63.0
923,0.0
923,63.0
923,62.0
924,0.0
924,62.0
924,63.0
