1,2.0
2,2.0
2,2.0
2,7.0
3,2.0
3,7.0
3,2.0
4,2.0
4,2.0
4,2.0
4,7.0
5,2.0
5,2.0
5,7.0
5,2.0
6,2.0
6,2.0
6,2.0
7,2.0
7,2.0
7,2.0
8,2.0
8,2.0
8,2.0
9,2.0
9,2.0
9,2.0
10,2.0
10,2.0
10,2.0
11,2.0
11,2.0
11,2.0
12,2.0
12,2.0
13,2.0
13,2.0
14,2.0
14,2.0
15,2.0
15,2.0
16,2.0
16,2.0
16,2.0
17,2.0
17,2.0
17,2.0
18,2.0
18,2.0
18,2.0
19,2.0
19,2.0
20,2.0
20,2.0
21,2.0
21,2.0
21,2.0
22,2.0
22,2.0
22,2.0
22,2.0
23,2.0
23,2.0
23,2.0
23,2.0
24,2.0
24,2.0
24,2.0
25,2.0
25,2.0
25,2.0
25,2.0
26,2.0
26,2.0
26,2.0
27,2.0
27,2.0
27,2.0
28,2.0
28,2.0
28,2.0
29,2.0
29,2.0
29,2.0
30,2.0
30,2.0
30,2.0
30,2.0
31,2.0
31,2.0
31,2.0
31,2.0
32,2.0
32,2.0
32,2.0
32,2.0
33,2.0
33,2.0
33,2.0
34,2.0
34,2.0
34,2.0
35,2.0
35,2.0
35,2.0
36,2.0
36,2.0
36,2.0
36,2.0
37,2.0
37,2.0
37,2.0
37,2.0
37,0.0
38,2.0
38,2.0
38,2.0
38,0.0
38,2.0
39,2.0
39,2.0
39,2.0
39,2.0
39,0.0
40,2.0
40,2.0
40,2.0
40,2.0
40,0.0
41,2.0
41,2.0
41,2.0
41,2.0
41,0.0
42,2.0
42,2.0
42,2.0
42,2.0
42,0.0
43,2.0
43,2.0
43,2.0
43,2.0
43,0.0
44,2.0
44,2.0
44,2.0
44,2.0
44,0.0
45,2.0
45,2.0
45,2.0
45,2.0
45,0.0
46,2.0
46,2.0
46,2.0
46,2.0
47,2.0
47,2.0
47,2.0
47,2.0
48,2.0
48,2.0
48,2.0
48,2.0
48,2.0
49,2.0
49,2.0
49,2.0
49,2.0
49,2.0
50,2.0
50,2.0
50,2.0
50,2.0
50,2.0
51,2.0
51,2.0
51,2.0
51,2.0
51,2.0
52,2.0
52,2.0
52,2.0
52,2.0
52,2.0
53,2.0
53,2.0
53,2.0
53,2.0
53,2.0
54,2.0
54,2.0
54,2.0
54,2.0
54,2.0
55,2.0
55,2.0
55,2.0
55,2.0
56,2.0
56,2.0
56,2.0
56,2.0
56,2.0
57,2.0
57,2.0
57,2.0
57,2.0
57,2.0
58,2.0
58,2.0
58,2.0
58,2.0
59,2.0
59,2.0
59,2.0
59,2.0
60,2.0
60,2.0
60,2.0
60,2.0
61,2.0
61,2.0
61,2.0
61,2.0
62,2.0
62,2.0
62,2.0
62,2.0
63,2.0
63,2.0
63,2.0
63,2.0
64,2.0
64,2.0
64,2.0
64,2.0
65,2.0
65,2.0
65,2.0
65,2.0
66,2.0
66,2.0
66,2.0
66,2.0
67,2.0
67,2.0
67,2.0
67,2.0
68,2.0
68,2.0
68,2.0
68,2.0
69,2.0
69,2.0
69,2.0
69,2.0
70,2.0
70,2.0
70,2.0
70,2.0
70,0.0
71,2.0
71,2.0
71,2.0
71,2.0
71,0.0
72,2.0
72,2.0
72,2.0
72,2.0
72,0.0
73,2.0
73,2.0
73,2.0
73,2.0
73,0.0
74,2.0
74,2.0
74,2.0
74,2.0
74,0.0
75,2.0
75,2.0
75,2.0
75,2.0
75,0.0
76,2.0
76,2.0
76,2.0
76,0.0
76,2.0
76,7.0
77,2.0
77,2.0
77,2.0
77,0.0
77,2.0
77,7.0
78,2.0
78,2.0
78,2.0
78,0.0
78,2.0
79,2.0
79,2.0
79,2.0
79,2.0
79,0.0
80,2.0
80,2.0
80,2.0
80,2.0
80,0.0
81,2.0
81,2.0
81,7.0
81,2.0
81,0.0
81,7.0
82,2.0
82,2.0
82,7.0
82,0.0
82,7.0
82,2.0
83,2.0
83,2.0
83,7.0
83,0.0
83,7.0
83,2.0
84,2.0
84,2.0
84,2.0
84,7.0
84,2.0
85,2.0
85,2.0
85,7.0
85,2.0
85,2.0
86,2.0
86,2.0
86,2.0
86,7.0
87,2.0
87,2.0
87,7.0
87,2.0
88,2.0
88,2.0
88,7.0
88,2.0
88,2.0
89,2.0
89,2.0
89,7.0
89,2.0
89,2.0
90,2.0
90,2.0
90,7.0
90,2.0
90,0.0
91,2.0
91,2.0
91,7.0
91,2.0
91,0.0
91,2.0
92,2.0
92,2.0
92,2.0
92,7.0
92,0.0
93,2.0
93,2.0
93,0.0
93,2.0
93,7.0
93,2.0
94,2.0
94,2.0
94,7.0
94,0.0
94,2.0
94,2.0
94,7.0
95,2.0
95,2.0
95,7.0
95,0.0
95,2.0
95,2.0
95,7.0
96,7.0
96,2.0
96,2.0
96,0.0
96,7.0
97,2.0
97,2.0
97,7.0
97,0.0
97,2.0
97,0.0
97,2.0
98,2.0
98,2.0
98,7.0
98,0.0
98,2.0
98,0.0
98,2.0
98,2.0
99,2.0
99,2.0
99,2.0
99,7.0
99,0.0
99,2.0
99,0.0
100,2.0
100,2.0
100,7.0
100,2.0
100,0.0
100,2.0
100,0.0
101,2.0
101,2.0
101,7.0
101,2.0
101,0.0
101,2.0
101,0.0
102,2.0
102,7.0
102,2.0
102,2.0
102,2.0
102,0.0
102,0.0
103,7.0
103,2.0
103,2.0
103,2.0
103,2.0
103,0.0
103,0.0
104,2.0
104,2.0
104,2.0
104,7.0
104,2.0
104,0.0
104,0.0
105,7.0
105,2.0
105,2.0
105,2.0
105,2.0
105,0.0
105,0.0
106,7.0
106,2.0
106,2.0
106,2.0
106,2.0
106,0.0
107,7.0
107,2.0
107,2.0
107,2.0
107,2.0
107,0.0
108,7.0
108,2.0
108,2.0
108,2.0
108,2.0
108,0.0
109,2.0
109,7.0
109,2.0
109,2.0
109,0.0
109,2.0
109,0.0
110,2.0
110,2.0
110,7.0
110,2.0
110,2.0
110,0.0
110,0.0
111,2.0
111,2.0
111,2.0
111,7.0
111,0.0
111,2.0
111,0.0
112,2.0
112,2.0
112,2.0
112,0.0
112,2.0
112,0.0
113,2.0
113,2.0
113,2.0
113,0.0
113,2.0
113,0.0
114,2.0
114,2.0
114,2.0
114,2.0
114,0.0
114,0.0
115,2.0
115,2.0
115,2.0
115,0.0
115,0.0
116,2.0
116,2.0
116,2.0
116,2.0
116,0.0
116,0.0
117,2.0
117,2.0
117,2.0
117,2.0
117,0.0
117,0.0
118,2.0
118,2.0
118,2.0
118,2.0
118,0.0
118,0.0
119,2.0
119,2.0
119,2.0
119,2.0
119,0.0
119,0.0
120,2.0
120,2.0
120,2.0
120,2.0
120,0.0
120,0.0
121,2.0
121,2.0
121,2.0
121,2.0
121,0.0
121,0.0
122,2.0
122,2.0
122,2.0
122,2.0
122,0.0
122,0.0
123,2.0
123,2.0
123,2.0
123,2.0
123,0.0
124,2.0
124,2.0
124,2.0
124,2.0
124,0.0
125,2.0
125,2.0
125,2.0
125,2.0
125,0.0
126,2.0
126,2.0
126,2.0
126,2.0
126,0.0
127,2.0
127,2.0
127,2.0
127,2.0
127,0.0
128,2.0
128,2.0
128,2.0
128,2.0
128,0.0
129,2.0
129,2.0
129,2.0
129,2.0
129,0.0
130,2.0
130,2.0
130,2.0
130,2.0
130,0.0
130,0.0
131,2.0
131,2.0
131,2.0
131,2.0
131,0.0
131,0.0
132,2.0
132,2.0
132,2.0
132,2.0
132,0.0
132,0.0
133,2.0
133,2.0
133,2.0
133,2.0
133,0.0
133,0.0
134,2.0
134,2.0
134,2.0
134,0.0
134,0.0
134,2.0
135,2.0
135,2.0
135,2.0
135,0.0
136,2.0
136,2.0
136,2.0
136,0.0
137,2.0
137,2.0
137,2.0
137,0.0
138,2.0
138,2.0
138,2.0
138,0.0
139,2.0
139,2.0
139,0.0
140,2.0
140,2.0
140,2.0
141,2.0
141,2.0
141,2.0
142,2.0
142,2.0
142,7.0
142,2.0
143,2.0
143,2.0
143,7.0
143,2.0
144,2.0
144,2.0
144,2.0
145,2.0
145,2.0
145,2.0
145,7.0
146,2.0
146,2.0
146,2.0
147,2.0
147,2.0
147,2.0
147,7.0
148,2.0
148,2.0
148,2.0
149,2.0
149,2.0
149,2.0
150,2.0
150,2.0
150,2.0
151,2.0
151,2.0
151,2.0
151,0.0
152,2.0
152,2.0
152,2.0
153,2.0
153,2.0
153,2.0
154,2.0
154,2.0
154,2.0
154,0.0
155,2.0
155,2.0
155,2.0
155,0.0
156,2.0
156,2.0
156,2.0
156,0.0
157,2.0
157,2.0
157,2.0
157,7.0
157,0.0
157,2.0
158,2.0
158,2.0
158,2.0
158,2.0
158,0.0
159,2.0
159,2.0
159,2.0
159,0.0
159,2.0
160,2.0
160,2.0
160,2.0
160,2.0
160,0.0
161,2.0
161,2.0
161,2.0
161,2.0
161,0.0
162,2.0
162,2.0
162,2.0
162,2.0
162,0.0
163,2.0
163,2.0
163,2.0
163,2.0
163,0.0
163,2.0
164,2.0
164,2.0
164,2.0
164,2.0
164,0.0
165,2.0
165,2.0
165,2.0
165,2.0
165,0.0
166,2.0
166,2.0
166,2.0
166,2.0
166,0.0
167,2.0
167,2.0
167,2.0
167,2.0
167,0.0
168,2.0
168,2.0
168,2.0
168,0.0
168,2.0
169,2.0
169,2.0
169,2.0
169,2.0
169,0.0
170,2.0
170,2.0
170,2.0
170,2.0
170,0.0
171,2.0
171,2.0
171,2.0
171,2.0
171,0.0
172,2.0
172,2.0
172,2.0
172,2.0
172,0.0
173,2.0
173,2.0
173,2.0
173,2.0
173,0.0
174,2.0
174,2.0
174,2.0
174,2.0
174,2.0
174,0.0
175,2.0
175,2.0
175,2.0
175,2.0
175,0.0
176,2.0
176,2.0
176,2.0
176,2.0
176,0.0
177,2.0
177,2.0
177,2.0
177,2.0
177,0.0
178,2.0
178,2.0
178,2.0
178,2.0
178,0.0
179,2.0
179,2.0
179,2.0
179,2.0
179,0.0
180,2.0
180,2.0
180,2.0
180,2.0
180,0.0
181,2.0
181,2.0
181,2.0
181,0.0
181,2.0
182,2.0
182,2.0
182,2.0
182,0.0
183,2.0
183,2.0
183,2.0
183,0.0
184,2.0
184,2.0
184,2.0
184,0.0
185,2.0
185,2.0
185,2.0
185,0.0
186,2.0
186,2.0
186,2.0
186,0.0
187,2.0
187,2.0
187,2.0
187,0.0
188,2.0
188,2.0
188,2.0
188,0.0
188,2.0
189,2.0
189,2.0
189,2.0
189,0.0
190,2.0
190,2.0
190,0.0
191,2.0
191,2.0
191,0.0
192,2.0
192,2.0
192,0.0
193,2.0
193,2.0
193,0.0
194,2.0
194,2.0
194,0.0
195,2.0
195,2.0
195,0.0
196,2.0
196,2.0
196,0.0
197,2.0
197,2.0
197,0.0
198,2.0
198,2.0
198,0.0
199,2.0
199,0.0
200,2.0
200,0.0
200,7.0
201,2.0
201,0.0
201,7.0
202,2.0
202,0.0
202,7.0
203,2.0
203,0.0
203,7.0
204,2.0
204,0.0
204,7.0
205,2.0
205,7.0
205,0.0
205,2.0
206,2.0
206,7.0
206,0.0
206,2.0
207,2.0
207,7.0
207,0.0
208,2.0
208,7.0
208,0.0
208,5.0
209,2.0
209,7.0
209,0.0
209,5.0
210,2.0
210,7.0
210,0.0
211,2.0
211,7.0
211,0.0
212,7.0
212,2.0
212,0.0
213,2.0
213,7.0
213,2.0
213,0.0
214,2.0
214,7.0
214,0.0
214,2.0
215,2.0
215,7.0
215,0.0
215,2.0
216,2.0
216,7.0
216,2.0
216,0.0
217,2.0
217,7.0
217,2.0
217,0.0
218,2.0
218,7.0
218,2.0
218,0.0
219,2.0
219,2.0
219,7.0
219,0.0
220,2.0
220,2.0
220,7.0
220,0.0
221,2.0
221,7.0
221,2.0
221,0.0
222,2.0
222,7.0
222,2.0
222,0.0
223,2.0
223,2.0
223,0.0
223,7.0
224,2.0
224,2.0
224,0.0
224,7.0
225,2.0
225,2.0
225,0.0
226,2.0
226,2.0
226,0.0
227,2.0
227,2.0
227,0.0
228,2.0
228,2.0
228,0.0
228,2.0
229,2.0
229,2.0
229,2.0
229,0.0
230,2.0
230,2.0
230,2.0
230,0.0
230,7.0
231,2.0
231,2.0
231,2.0
231,0.0
232,2.0
232,2.0
232,2.0
232,0.0
233,2.0
233,2.0
233,2.0
233,0.0
234,2.0
234,2.0
234,2.0
234,2.0
234,0.0
235,2.0
235,2.0
235,2.0
235,2.0
235,0.0
235,7.0
236,2.0
236,2.0
236,2.0
236,0.0
236,7.0
236,2.0
237,2.0
237,2.0
237,0.0
238,2.0
238,2.0
238,2.0
238,2.0
238,0.0
239,2.0
239,2.0
239,2.0
239,2.0
239,0.0
240,2.0
240,2.0
240,2.0
240,2.0
241,2.0
241,2.0
241,2.0
241,2.0
241,2.0
242,2.0
242,2.0
242,2.0
242,2.0
242,2.0
243,2.0
243,2.0
243,2.0
243,2.0
243,2.0
244,2.0
244,2.0
244,2.0
244,2.0
244,2.0
245,2.0
245,2.0
245,2.0
245,2.0
245,2.0
246,2.0
246,2.0
246,2.0
246,2.0
246,2.0
247,2.0
247,2.0
247,2.0
247,2.0
247,2.0
248,2.0
248,2.0
248,2.0
248,2.0
248,2.0
249,2.0
249,2.0
249,2.0
249,2.0
249,2.0
250,2.0
250,2.0
250,2.0
250,2.0
250,2.0
251,2.0
251,2.0
251,2.0
251,2.0
251,2.0
252,2.0
252,2.0
252,2.0
252,2.0
252,2.0
253,2.0
253,2.0
253,2.0
253,2.0
253,2.0
254,2.0
254,2.0
254,2.0
254,2.0
254,2.0
255,2.0
255,2.0
255,2.0
255,2.0
255,2.0
256,2.0
256,2.0
256,2.0
256,2.0
256,2.0
257,2.0
257,2.0
257,2.0
257,2.0
257,2.0
258,2.0
258,2.0
258,2.0
258,2.0
259,2.0
259,2.0
259,2.0
259,2.0
259,0.0
260,2.0
260,2.0
260,2.0
260,2.0
260,0.0
261,2.0
261,2.0
261,2.0
261,2.0
261,0.0
262,2.0
262,2.0
262,2.0
262,0.0
263,2.0
263,2.0
263,2.0
263,0.0
264,2.0
264,2.0
264,2.0
264,0.0
265,2.0
265,2.0
265,2.0
265,0.0
266,2.0
266,2.0
266,2.0
266,0.0
267,2.0
267,2.0
267,2.0
267,0.0
268,2.0
268,2.0
268,0.0
268,2.0
269,2.0
269,2.0
269,0.0
269,2.0
270,2.0
270,2.0
270,0.0
270,2.0
271,2.0
271,2.0
271,0.0
271,2.0
272,2.0
272,2.0
272,0.0
272,2.0
273,2.0
273,2.0
273,0.0
273,2.0
274,2.0
274,2.0
274,0.0
274,2.0
275,2.0
275,2.0
275,0.0
275,2.0
276,2.0
276,2.0
276,0.0
276,2.0
277,2.0
277,2.0
277,0.0
277,2.0
278,2.0
278,2.0
278,2.0
278,0.0
279,2.0
279,2.0
279,0.0
279,2.0
280,2.0
280,2.0
280,0.0
280,2.0
281,2.0
281,2.0
281,0.0
281,2.0
282,2.0
282,2.0
282,2.0
282,0.0
283,2.0
283,2.0
283,2.0
283,0.0
283,2.0
284,2.0
284,2.0
284,2.0
284,0.0
284,2.0
285,2.0
285,2.0
285,2.0
285,0.0
285,2.0
286,2.0
286,2.0
286,2.0
286,0.0
287,2.0
287,2.0
287,2.0
287,0.0
288,2.0
288,2.0
288,2.0
288,0.0
288,2.0
289,2.0
289,2.0
289,2.0
289,2.0
289,0.0
290,2.0
290,2.0
290,2.0
290,0.0
290,2.0
291,2.0
291,2.0
291,2.0
291,2.0
291,0.0
291,2.0
292,2.0
292,2.0
292,2.0
292,0.0
292,2.0
293,2.0
293,2.0
293,2.0
293,0.0
293,2.0
294,2.0
294,2.0
294,2.0
294,2.0
294,0.0
295,2.0
295,2.0
295,2.0
295,2.0
295,0.0
296,2.0
296,2.0
296,2.0
296,2.0
296,0.0
297,2.0
297,2.0
297,2.0
297,2.0
297,0.0
297,0.0
298,2.0
298,2.0
298,2.0
298,2.0
298,0.0
299,2.0
299,2.0
299,2.0
299,2.0
299,0.0
300,2.0
300,2.0
300,2.0
300,2.0
300,0.0
301,2.0
301,2.0
301,2.0
301,2.0
301,0.0
302,2.0
302,2.0
302,2.0
302,2.0
302,0.0
303,2.0
303,2.0
303,2.0
303,2.0
303,0.0
304,2.0
304,2.0
304,2.0
304,2.0
304,0.0
305,2.0
305,2.0
305,2.0
305,2.0
305,0.0
306,2.0
306,2.0
306,2.0
306,2.0
306,0.0
307,2.0
307,2.0
307,2.0
307,2.0
307,0.0
308,2.0
308,2.0
308,2.0
308,2.0
308,0.0
309,2.0
309,2.0
309,2.0
309,2.0
309,0.0
310,2.0
310,2.0
310,2.0
310,2.0
310,0.0
311,2.0
311,2.0
311,2.0
311,2.0
311,0.0
312,2.0
312,2.0
312,2.0
312,2.0
312,0.0
313,2.0
313,2.0
313,2.0
313,2.0
313,0.0
314,2.0
314,2.0
314,2.0
314,0.0
314,2.0
315,2.0
315,2.0
315,2.0
315,0.0
316,2.0
316,2.0
316,2.0
316,0.0
317,2.0
317,2.0
317,2.0
317,0.0
318,2.0
318,2.0
318,2.0
318,0.0
319,2.0
319,2.0
319,2.0
319,0.0
320,2.0
320,2.0
320,2.0
320,0.0
321,2.0
321,2.0
321,2.0
321,0.0
322,2.0
322,2.0
322,2.0
322,0.0
323,2.0
323,2.0
323,2.0
323,0.0
324,2.0
324,2.0
324,2.0
324,0.0
325,2.0
325,2.0
325,2.0
325,0.0
326,2.0
326,2.0
326,0.0
326,2.0
327,2.0
327,2.0
327,0.0
328,2.0
328,2.0
328,0.0
329,2.0
329,2.0
329,0.0
330,2.0
330,2.0
330,0.0
330,2.0
331,2.0
331,2.0
331,0.0
332,2.0
332,2.0
332,0.0
333,2.0
333,0.0
333,2.0
334,2.0
334,2.0
334,0.0
335,2.0
335,2.0
335,0.0
336,2.0
336,2.0
336,0.0
337,2.0
337,2.0
337,0.0
338,2.0
338,2.0
338,0.0
339,2.0
339,2.0
339,0.0
340,2.0
340,2.0
340,0.0
341,2.0
341,2.0
341,0.0
342,2.0
342,2.0
342,0.0
343,2.0
343,2.0
343,0.0
344,2.0
344,2.0
344,0.0
345,2.0
345,2.0
345,0.0
346,2.0
346,2.0
346,0.0
346,2.0
347,2.0
347,2.0
347,0.0
347,2.0
348,2.0
348,2.0
348,2.0
348,0.0
349,2.0
349,2.0
349,2.0
349,0.0
350,2.0
350,2.0
350,2.0
350,0.0
351,2.0
351,2.0
351,2.0
351,0.0
352,2.0
352,2.0
352,2.0
352,0.0
353,2.0
353,2.0
353,2.0
353,0.0
354,2.0
354,2.0
354,0.0
354,2.0
355,2.0
355,2.0
355,0.0
355,2.0
356,2.0
356,2.0
356,0.0
357,2.0
357,2.0
357,0.0
357,2.0
358,2.0
358,2.0
358,2.0
358,0.0
359,2.0
359,2.0
359,2.0
359,0.0
360,2.0
360,2.0
360,2.0
360,0.0
361,2.0
361,2.0
361,2.0
361,0.0
362,2.0
362,2.0
362,2.0
362,0.0
363,2.0
363,2.0
363,2.0
364,2.0
364,2.0
364,2.0
365,2.0
365,2.0
365,2.0
366,2.0
366,2.0
366,2.0
367,2.0
367,2.0
367,2.0
368,2.0
368,2.0
368,2.0
368,0.0
369,2.0
369,2.0
369,2.0
370,2.0
370,2.0
370,2.0
370,0.0
371,2.0
371,2.0
371,2.0
371,0.0
372,2.0
372,2.0
372,2.0
372,0.0
373,2.0
373,2.0
373,2.0
373,0.0
374,2.0
374,2.0
374,2.0
375,2.0
375,2.0
375,2.0
376,2.0
376,2.0
376,2.0
376,2.0
377,2.0
377,2.0
377,2.0
377,2.0
378,2.0
378,2.0
378,2.0
379,2.0
379,2.0
379,2.0
379,2.0
379,2.0
380,2.0
380,2.0
380,2.0
381,2.0
381,2.0
381,2.0
381,2.0
381,2.0
382,2.0
382,2.0
382,2.0
382,2.0
382,2.0
383,2.0
383,2.0
383,2.0
383,2.0
383,2.0
384,2.0
384,2.0
384,2.0
384,2.0
384,2.0
385,2.0
385,2.0
385,2.0
385,2.0
385,2.0
386,2.0
386,2.0
386,2.0
386,2.0
386,2.0
387,2.0
387,2.0
387,2.0
387,2.0
387,2.0
388,2.0
388,2.0
388,2.0
388,2.0
388,2.0
389,2.0
389,2.0
389,2.0
389,2.0
389,2.0
390,2.0
390,2.0
390,2.0
390,2.0
390,2.0
391,2.0
391,2.0
391,2.0
391,2.0
391,0.0
392,2.0
392,2.0
392,2.0
392,2.0
392,0.0
393,2.0
393,2.0
393,2.0
393,2.0
393,0.0
394,2.0
394,2.0
394,2.0
394,2.0
394,0.0
395,2.0
395,2.0
395,2.0
395,2.0
395,0.0
396,2.0
396,2.0
396,2.0
396,2.0
396,0.0
397,2.0
397,2.0
397,2.0
397,2.0
397,0.0
397,2.0
398,2.0
398,2.0
398,2.0
398,2.0
398,0.0
398,2.0
399,2.0
399,2.0
399,2.0
399,0.0
399,2.0
399,2.0
400,2.0
400,2.0
400,2.0
400,0.0
400,2.0
401,2.0
401,2.0
401,2.0
401,0.0
401,2.0
402,2.0
402,2.0
402,2.0
402,0.0
403,2.0
403,2.0
403,2.0
403,0.0
404,2.0
404,2.0
404,2.0
404,0.0
405,2.0
405,2.0
405,2.0
405,0.0
406,2.0
406,2.0
406,2.0
406,0.0
406,2.0
407,2.0
407,2.0
407,2.0
407,0.0
407,2.0
408,2.0
408,2.0
408,2.0
408,0.0
409,2.0
409,2.0
409,2.0
409,0.0
410,2.0
410,2.0
410,2.0
410,0.0
411,2.0
411,2.0
411,2.0
411,0.0
412,2.0
412,2.0
412,2.0
412,0.0
413,2.0
413,2.0
413,2.0
413,0.0
414,2.0
414,2.0
414,2.0
414,0.0
415,2.0
415,2.0
415,2.0
415,0.0
416,2.0
416,2.0
416,2.0
416,0.0
417,2.0
417,2.0
417,2.0
417,0.0
418,2.0
418,2.0
418,2.0
418,0.0
419,2.0
419,2.0
419,2.0
419,0.0
420,2.0
420,2.0
420,2.0
420,0.0
421,2.0
421,2.0
421,2.0
421,0.0
422,2.0
422,2.0
422,2.0
422,0.0
423,2.0
423,2.0
423,2.0
423,0.0
424,2.0
424,2.0
424,2.0
424,0.0
425,2.0
425,2.0
425,2.0
425,0.0
426,2.0
426,2.0
426,2.0
426,0.0
427,2.0
427,2.0
427,2.0
427,0.0
428,2.0
428,2.0
428,2.0
428,0.0
429,2.0
429,2.0
429,2.0
429,0.0
430,2.0
430,2.0
430,0.0
430,2.0
431,2.0
431,2.0
431,0.0
431,2.0
432,2.0
432,2.0
432,2.0
432,0.0
433,2.0
433,2.0
433,2.0
433,0.0
433,7.0
434,2.0
434,2.0
434,2.0
434,0.0
435,2.0
435,2.0
435,2.0
435,7.0
435,0.0
435,2.0
436,2.0
436,2.0
436,2.0
436,7.0
436,0.0
436,2.0
437,2.0
437,2.0
437,2.0
437,7.0
437,0.0
437,2.0
438,2.0
438,2.0
438,2.0
438,2.0
438,0.0
438,7.0
438,2.0
439,2.0
439,2.0
439,2.0
439,2.0
439,0.0
440,2.0
440,2.0
440,2.0
440,2.0
440,0.0
441,2.0
441,2.0
441,2.0
441,0.0
441,2.0
441,7.0
442,2.0
442,2.0
442,2.0
442,0.0
442,7.0
442,2.0
443,2.0
443,2.0
443,2.0
443,0.0
443,7.0
443,2.0
444,2.0
444,2.0
444,7.0
444,2.0
444,0.0
445,2.0
445,2.0
445,7.0
445,2.0
445,0.0
446,2.0
446,2.0
446,2.0
446,0.0
446,2.0
447,2.0
447,2.0
447,7.0
447,0.0
448,2.0
448,2.0
448,0.0
448,7.0
449,2.0
449,2.0
449,0.0
449,7.0
450,2.0
450,2.0
450,0.0
450,7.0
450,5.0
