175,2.0
176,2.0
176,0.0
177,2.0
177,13.0
178,2.0
178,0.0
178,13.0
179,2.0
179,0.0
179,13.0
180,2.0
180,0.0
180,13.0
181,2.0
181,0.0
181,13.0
182,2.0
182,0.0
182,13.0
183,0.0
183,2.0
184,0.0
184,2.0
185,2.0
185,0.0
185,13.0
186,2.0
186,0.0
186,13.0
187,2.0
187,0.0
187,13.0
188,2.0
188,0.0
188,13.0
189,0.0
189,2.0
189,13.0
190,2.0
190,0.0
191,2.0
191,0.0
192,2.0
193,2.0
194,2.0
195,2.0
196,2.0
197,2.0
198,2.0
199,2.0
200,2.0
201,2.0
201,0.0
202,2.0
202,0.0
203,0.0
203,2.0
204,0.0
204,2.0
205,0.0
205,2.0
206,0.0
206,2.0
207,0.0
207,2.0
208,0.0
208,2.0
209,0.0
209,2.0
210,0.0
210,2.0
211,0.0
211,2.0
212,0.0
212,2.0
213,0.0
213,2.0
214,0.0
214,2.0
215,0.0
215,2.0
216,0.0
216,2.0
217,0.0
217,2.0
218,0.0
218,2.0
219,0.0
219,2.0
220,0.0
220,2.0
221,0.0
221,2.0
222,0.0
222,2.0
223,0.0
223,2.0
224,0.0
224,2.0
225,0.0
225,2.0
226,0.0
226,2.0
227,0.0
227,2.0
228,0.0
228,2.0
229,0.0
229,2.0
230,0.0
230,2.0
231,0.0
231,2.0
232,0.0
232,2.0
233,0.0
233,2.0
234,0.0
234,2.0
235,0.0
235,2.0
236,0.0
236,2.0
237,0.0
237,2.0
238,0.0
238,2.0
239,0.0
239,2.0
240,0.0
240,2.0
241,0.0
241,2.0
242,0.0
242,2.0
243,0.0
243,2.0
244,0.0
244,2.0
245,0.0
245,2.0
246,0.0
246,2.0
247,0.0
247,2.0
248,0.0
248,2.0
249,0.0
249,2.0
250,0.0
250,2.0
251,0.0
251,2.0
252,0.0
252,2.0
253,0.0
253,2.0
254,0.0
254,2.0
255,0.0
255,2.0
256,0.0
256,2.0
257,0.0
257,2.0
258,0.0
258,2.0
259,0.0
259,2.0
260,0.0
260,2.0
261,0.0
261,2.0
262,0.0
262,2.0
263,0.0
263,2.0
264,0.0
264,2.0
265,0.0
265,2.0
266,0.0
266,2.0
267,0.0
267,2.0
268,0.0
268,2.0
269,0.0
269,2.0
270,0.0
270,2.0
271,0.0
271,2.0
272,0.0
272,2.0
273,0.0
273,2.0
274,0.0
274,2.0
275,0.0
275,2.0
276,0.0
276,2.0
277,0.0
277,2.0
278,0.0
278,2.0
279,0.0
279,2.0
279,36.0
280,0.0
280,2.0
280,36.0
281,0.0
281,2.0
282,0.0
282,2.0
283,0.0
283,2.0
284,0.0
284,2.0
285,0.0
285,2.0
286,0.0
286,2.0
287,0.0
287,2.0
288,0.0
288,2.0
289,0.0
289,2.0
290,0.0
290,2.0
291,0.0
291,2.0
292,0.0
292,2.0
293,0.0
293,2.0
294,0.0
294,2.0
295,2.0
295,0.0
296,2.0
296,0.0
297,0.0
297,2.0
298,0.0
298,2.0
298,36.0
299,0.0
299,2.0
300,0.0
300,2.0
301,0.0
301,2.0
302,0.0
302,2.0
303,0.0
303,2.0
304,0.0
304,2.0
305,0.0
305,2.0
306,0.0
306,2.0
307,0.0
307,2.0
308,0.0
308,2.0
309,0.0
309,2.0
310,0.0
310,2.0
311,0.0
311,2.0
312,0.0
312,2.0
313,0.0
313,2.0
314,0.0
314,2.0
315,0.0
315,2.0
316,0.0
316,2.0
317,0.0
317,2.0
318,0.0
318,2.0
319,0.0
319,2.0
320,0.0
320,2.0
321,0.0
321,2.0
322,0.0
322,2.0
323,0.0
323,2.0
323,36.0
324,0.0
324,2.0
324,36.0
325,0.0
325,2.0
325,36.0
326,0.0
326,2.0
326,36.0
327,2.0
327,0.0
328,2.0
328,0.0
329,2.0
329,0.0
330,2.0
330,0.0
331,2.0
331,0.0
332,2.0
332,0.0
333,2.0
333,0.0
334,2.0
334,0.0
335,2.0
335,0.0
336,2.0
336,0.0
337,0.0
337,2.0
338,0.0
338,2.0
339,0.0
339,2.0
340,0.0
340,2.0
341,0.0
341,2.0
342,0.0
342,2.0
343,0.0
343,2.0
344,0.0
344,2.0
345,0.0
345,2.0
346,0.0
346,2.0
347,0.0
347,2.0
348,0.0
348,2.0
349,0.0
349,2.0
350,0.0
350,2.0
351,0.0
351,2.0
352,0.0
352,2.0
353,0.0
353,2.0
354,0.0
354,2.0
355,0.0
355,2.0
356,0.0
356,2.0
357,0.0
357,2.0
358,0.0
358,2.0
359,0.0
359,2.0
360,0.0
360,2.0
361,0.0
361,2.0
362,0.0
362,2.0
363,0.0
363,2.0
363,36.0
364,0.0
364,2.0
364,36.0
365,2.0
365,0.0
366,2.0
366,0.0
367,2.0
367,0.0
368,2.0
368,0.0
369,0.0
369,2.0
370,0.0
370,2.0
371,0.0
371,2.0
372,0.0
372,2.0
373,0.0
373,2.0
374,0.0
374,2.0
375,0.0
375,2.0
376,0.0
376,2.0
377,0.0
377,2.0
378,0.0
378,2.0
379,0.0
379,2.0
380,0.0
380,2.0
381,0.0
381,2.0
382,0.0
382,2.0
383,0.0
383,2.0
384,0.0
384,2.0
385,0.0
385,2.0
386,0.0
386,2.0
387,0.0
387,2.0
388,0.0
388,2.0
389,2.0
389,0.0
389,0.0
390,2.0
390,0.0
390,0.0
391,2.0
391,0.0
391,0.0
391,0.0
392,2.0
392,0.0
392,0.0
392,0.0
393,2.0
393,0.0
393,0.0
394,2.0
394,0.0
394,0.0
395,2.0
395,0.0
395,0.0
396,2.0
396,0.0
396,0.0
397,2.0
397,0.0
398,2.0
398,0.0
399,2.0
399,0.0
399,0.0
400,2.0
400,0.0
401,2.0
401,0.0
401,0.0
402,2.0
402,0.0
402,0.0
403,2.0
403,0.0
404,2.0
404,0.0
405,2.0
405,0.0
406,2.0
406,0.0
407,2.0
407,0.0
408,2.0
408,0.0
409,2.0
409,0.0
410,2.0
410,0.0
411,2.0
411,0.0
411,36.0
412,2.0
412,0.0
412,36.0
413,2.0
413,0.0
414,2.0
414,0.0
415,2.0
415,0.0
416,2.0
416,0.0
416,0.0
417,2.0
417,0.0
418,2.0
418,0.0
419,2.0
419,0.0
420,2.0
420,0.0
421,2.0
421,0.0
422,2.0
422,0.0
423,2.0
423,0.0
424,2.0
424,0.0
425,2.0
426,2.0
427,2.0
428,2.0
429,2.0
430,2.0
431,2.0
432,2.0
433,2.0
434,2.0
435,2.0
436,2.0
437,2.0
437,0.0
438,2.0
438,0.0
439,2.0
439,0.0
440,2.0
440,0.0
441,2.0
442,2.0
443,2.0
444,2.0
445,2.0
445,0.0
446,2.0
446,0.0
447,0.0
447,2.0
448,0.0
448,2.0
449,0.0
449,2.0
449,24.0
450,0.0
450,2.0
450,24.0
451,2.0
451,0.0
451,24.0
452,2.0
452,0.0
452,24.0
453,0.0
453,2.0
454,0.0
454,2.0
455,0.0
455,2.0
456,0.0
456,2.0
457,0.0
457,2.0
458,0.0
458,2.0
459,0.0
459,2.0
460,0.0
460,2.0
461,0.0
461,2.0
462,0.0
462,2.0
463,0.0
463,2.0
464,0.0
464,2.0
465,0.0
465,2.0
466,0.0
466,2.0
467,0.0
467,2.0
468,0.0
468,2.0
469,0.0
469,2.0
470,0.0
470,2.0
471,0.0
471,2.0
471,36.0
472,0.0
472,2.0
472,36.0
473,0.0
473,2.0
474,0.0
474,2.0
475,0.0
475,2.0
476,0.0
476,2.0
477,2.0
477,0.0
478,0.0
478,2.0
479,2.0
479,0.0
479,36.0
480,2.0
480,0.0
480,36.0
481,0.0
481,2.0
482,0.0
482,2.0
483,2.0
483,0.0
483,36.0
484,0.0
484,2.0
484,36.0
485,2.0
485,36.0
486,2.0
486,36.0
486,0.0
487,2.0
487,0.0
487,36.0
488,2.0
488,0.0
488,36.0
489,2.0
490,2.0
491,2.0
492,2.0
493,2.0
494,2.0
495,2.0
496,2.0
497,2.0
498,2.0
499,2.0
500,2.0
501,2.0
501,0.0
502,2.0
502,0.0
503,2.0
503,0.0
504,2.0
504,0.0
505,2.0
505,0.0
506,2.0
506,0.0
507,2.0
507,0.0
508,2.0
508,0.0
508,25.0
509,2.0
510,2.0
511,2.0
512,2.0
513,2.0
514,2.0
515,0.0
515,2.0
516,0.0
516,2.0
517,2.0
518,2.0
519,0.0
519,2.0
520,0.0
520,2.0
525,7.0
525,2.0
526,7.0
526,2.0
535,2.0
536,2.0
537,2.0
538,2.0
539,2.0
540,2.0
540,7.0
541,2.0
542,2.0
543,2.0
544,2.0
545,2.0
546,2.0
547,2.0
548,2.0
549,2.0
550,2.0
551,2.0
552,2.0
553,2.0
554,2.0
555,2.0
556,2.0
557,2.0
558,2.0
559,2.0
560,2.0
561,2.0
562,2.0
563,2.0
564,2.0
565,2.0
566,2.0
567,2.0
568,2.0
568,37.0
569,2.0
569,37.0
570,2.0
570,37.0
571,2.0
572,2.0
573,2.0
574,2.0
575,2.0
576,2.0
577,2.0
578,2.0
579,2.0
580,2.0
581,2.0
582,2.0
585,2.0
586,2.0
587,2.0
588,2.0
589,2.0
589,0.0
590,2.0
590,0.0
591,2.0
591,0.0
592,2.0
592,0.0
593,2.0
593,3.0
593,0.0
594,2.0
594,3.0
594,0.0
595,2.0
595,3.0
595,0.0
596,2.0
597,2.0
597,0.0
598,2.0
598,0.0
599,2.0
599,0.0
600,2.0
600,3.0
600,0.0
601,2.0
601,3.0
602,2.0
602,0.0
603,2.0
603,0.0
604,2.0
604,0.0
605,2.0
605,0.0
606,2.0
607,2.0
607,0.0
608,2.0
608,0.0
609,2.0
609,0.0
610,2.0
610,0.0
611,2.0
611,3.0
612,2.0
612,3.0
613,2.0
613,3.0
614,2.0
614,0.0
614,3.0
615,2.0
615,0.0
616,2.0
616,0.0
617,2.0
617,0.0
618,2.0
619,2.0
620,2.0
621,2.0
622,2.0
623,2.0
624,2.0
625,2.0
626,2.0
627,2.0
628,2.0
629,2.0
630,2.0
631,2.0
632,2.0
633,2.0
634,2.0
635,2.0
636,2.0
637,2.0
638,2.0
639,2.0
640,2.0
641,2.0
641,37.0
642,2.0
642,37.0
643,2.0
643,37.0
644,2.0
644,37.0
645,2.0
646,2.0
647,2.0
648,2.0
649,2.0
650,2.0
651,2.0
651,37.0
652,2.0
653,2.0
654,2.0
655,2.0
656,2.0
657,2.0
658,2.0
659,2.0
660,2.0
661,2.0
661,37.0
662,2.0
662,2.0
662,37.0
663,2.0
663,2.0
664,2.0
664,2.0
665,2.0
665,2.0
666,2.0
666,2.0
667,2.0
667,2.0
667,37.0
668,2.0
668,2.0
668,37.0
669,2.0
669,2.0
669,37.0
670,2.0
670,2.0
670,37.0
671,2.0
671,2.0
671,37.0
672,2.0
672,2.0
673,2.0
673,2.0
674,2.0
674,2.0
675,2.0
675,2.0
676,2.0
676,2.0
677,2.0
677,2.0
678,2.0
678,2.0
679,2.0
679,2.0
680,2.0
680,2.0
681,2.0
681,2.0
682,2.0
682,2.0
683,2.0
683,2.0
684,2.0
684,2.0
685,2.0
685,2.0
686,2.0
686,2.0
687,2.0
687,2.0
688,2.0
688,2.0
689,2.0
689,2.0
690,2.0
690,2.0
691,2.0
691,2.0
692,2.0
692,2.0
693,2.0
693,2.0
694,2.0
694,2.0
695,2.0
695,2.0
696,2.0
697,2.0
698,2.0
699,2.0
700,2.0
