1,0.0
1,0.0
1,28.0
1,28.0
1,0.0
2,0.0
2,0.0
2,28.0
2,28.0
2,0.0
3,0.0
3,0.0
3,28.0
3,28.0
3,0.0
3,0.0
4,0.0
4,0.0
4,28.0
4,0.0
4,0.0
5,0.0
5,0.0
5,28.0
5,0.0
6,0.0
6,0.0
6,0.0
6,28.0
7,0.0
7,0.0
7,0.0
7,28.0
8,0.0
8,0.0
8,0.0
8,28.0
8,0.0
9,0.0
9,0.0
9,0.0
9,28.0
9,0.0
9,0.0
9,24.0
10,0.0
10,0.0
10,28.0
10,0.0
10,0.0
10,0.0
10,24.0
11,0.0
11,0.0
11,28.0
11,0.0
11,0.0
11,0.0
12,0.0
12,0.0
12,28.0
12,0.0
12,0.0
13,0.0
13,0.0
13,28.0
13,0.0
14,0.0
14,0.0
14,28.0
14,0.0
14,0.0
15,0.0
15,0.0
15,28.0
15,0.0
15,0.0
16,0.0
16,0.0
16,0.0
16,28.0
16,0.0
17,0.0
17,0.0
17,0.0
17,28.0
17,0.0
18,0.0
18,0.0
18,0.0
18,28.0
18,0.0
19,0.0
19,0.0
19,0.0
19,28.0
19,0.0
20,0.0
20,0.0
20,28.0
20,0.0
20,0.0
21,0.0
21,0.0
21,0.0
21,28.0
21,0.0
22,0.0
22,0.0
22,28.0
22,0.0
22,0.0
23,0.0
23,0.0
23,0.0
23,28.0
23,0.0
24,0.0
24,0.0
24,0.0
24,0.0
24,28.0
25,0.0
25,0.0
25,0.0
25,0.0
25,28.0
26,0.0
26,0.0
26,0.0
26,0.0
26,28.0
27,0.0
27,0.0
27,0.0
27,0.0
27,28.0
28,0.0
28,0.0
28,0.0
28,0.0
28,28.0
29,0.0
29,0.0
29,0.0
29,0.0
29,28.0
30,0.0
30,0.0
30,0.0
30,0.0
30,0.0
31,0.0
31,0.0
31,0.0
31,0.0
31,28.0
31,0.0
32,0.0
32,0.0
32,0.0
32,0.0
32,28.0
33,0.0
33,0.0
33,0.0
33,28.0
34,0.0
34,0.0
34,0.0
34,28.0
35,0.0
35,0.0
35,0.0
35,28.0
36,0.0
36,0.0
36,0.0
36,28.0
37,0.0
37,0.0
37,0.0
37,28.0
38,0.0
38,0.0
38,0.0
38,28.0
39,0.0
39,0.0
39,0.0
39,28.0
39,0.0
40,0.0
40,0.0
40,0.0
40,28.0
40,0.0
41,0.0
41,0.0
41,0.0
41,28.0
41,0.0
42,0.0
42,0.0
42,0.0
42,0.0
43,0.0
43,0.0
43,0.0
43,0.0
43,28.0
44,0.0
44,0.0
44,0.0
44,0.0
44,28.0
45,0.0
45,0.0
45,0.0
45,0.0
46,0.0
46,0.0
46,0.0
46,0.0
47,0.0
47,0.0
47,0.0
47,0.0
48,0.0
48,0.0
48,0.0
48,0.0
48,28.0
49,0.0
49,0.0
49,0.0
49,0.0
49,28.0
50,0.0
50,0.0
50,0.0
50,0.0
50,28.0
51,0.0
51,0.0
51,0.0
51,0.0
52,0.0
52,0.0
52,0.0
52,28.0
52,0.0
53,0.0
53,0.0
53,0.0
53,28.0
53,0.0
54,0.0
54,0.0
54,0.0
54,28.0
54,0.0
55,0.0
55,0.0
55,0.0
55,28.0
55,0.0
56,0.0
56,0.0
56,0.0
56,28.0
56,0.0
57,0.0
57,0.0
57,0.0
57,28.0
58,0.0
58,0.0
58,0.0
58,28.0
58,0.0
59,0.0
59,0.0
59,0.0
59,28.0
59,0.0
60,0.0
60,0.0
60,0.0
60,28.0
60,0.0
60,0.0
61,0.0
61,0.0
61,0.0
61,0.0
61,0.0
61,28.0
62,0.0
62,0.0
62,0.0
62,0.0
62,0.0
62,28.0
63,0.0
63,0.0
63,0.0
63,0.0
63,0.0
63,28.0
63,0.0
64,0.0
64,0.0
64,0.0
64,0.0
64,0.0
64,28.0
64,0.0
65,0.0
65,0.0
65,0.0
65,0.0
65,0.0
65,28.0
65,0.0
66,0.0
66,0.0
66,0.0
66,0.0
66,0.0
66,28.0
66,0.0
67,0.0
67,0.0
67,0.0
67,0.0
67,0.0
67,28.0
67,0.0
68,0.0
68,0.0
68,0.0
68,0.0
68,0.0
68,0.0
68,28.0
69,0.0
69,0.0
69,0.0
69,0.0
69,0.0
70,0.0
70,0.0
70,0.0
70,0.0
70,0.0
71,0.0
71,0.0
71,0.0
71,0.0
71,0.0
71,28.0
72,0.0
72,0.0
72,0.0
72,0.0
72,0.0
72,28.0
73,0.0
73,0.0
73,0.0
73,0.0
73,0.0
74,0.0
74,0.0
74,0.0
74,0.0
74,0.0
74,28.0
75,0.0
75,0.0
75,0.0
75,0.0
75,0.0
75,28.0
76,0.0
76,0.0
76,0.0
76,0.0
76,0.0
76,28.0
77,0.0
77,0.0
77,0.0
77,0.0
77,0.0
77,28.0
78,0.0
78,0.0
78,0.0
78,0.0
78,0.0
78,28.0
79,0.0
79,0.0
79,0.0
79,0.0
79,0.0
79,28.0
79,0.0
80,0.0
80,0.0
80,0.0
80,0.0
80,0.0
80,0.0
80,28.0
81,0.0
81,0.0
81,0.0
81,0.0
81,0.0
81,28.0
82,0.0
82,0.0
82,0.0
82,0.0
82,0.0
83,0.0
83,0.0
83,0.0
83,0.0
83,0.0
84,0.0
84,0.0
84,0.0
84,0.0
84,0.0
85,0.0
85,0.0
85,0.0
85,0.0
85,0.0
86,0.0
86,0.0
86,0.0
86,0.0
86,0.0
87,0.0
87,0.0
87,0.0
87,0.0
87,0.0
88,0.0
88,0.0
88,0.0
88,0.0
88,0.0
89,0.0
89,0.0
89,0.0
89,0.0
89,0.0
90,0.0
90,0.0
90,0.0
90,0.0
90,0.0
91,0.0
91,0.0
91,0.0
91,0.0
91,0.0
92,0.0
92,0.0
92,0.0
92,0.0
92,0.0
93,0.0
93,0.0
93,0.0
93,0.0
93,0.0
93,0.0
94,0.0
94,0.0
94,0.0
94,0.0
95,0.0
95,0.0
95,0.0
95,0.0
96,0.0
96,0.0
96,0.0
96,0.0
97,0.0
97,0.0
97,0.0
97,0.0
98,0.0
98,0.0
98,0.0
98,0.0
99,0.0
99,0.0
99,0.0
99,0.0
100,0.0
100,0.0
100,0.0
100,0.0
101,0.0
101,0.0
101,0.0
101,0.0
102,0.0
102,0.0
102,0.0
102,0.0
103,0.0
103,0.0
103,0.0
103,0.0
104,0.0
104,0.0
104,0.0
104,0.0
104,28.0
105,0.0
105,0.0
105,0.0
105,0.0
105,28.0
106,0.0
106,0.0
106,0.0
106,0.0
106,28.0
107,0.0
107,0.0
107,0.0
107,0.0
107,28.0
108,0.0
108,0.0
108,0.0
108,0.0
108,28.0
109,0.0
109,0.0
109,0.0
109,0.0
109,28.0
110,0.0
110,0.0
110,0.0
110,0.0
110,28.0
111,0.0
111,0.0
111,0.0
111,0.0
111,28.0
112,0.0
112,0.0
112,0.0
112,0.0
112,28.0
113,0.0
113,0.0
113,0.0
113,0.0
113,28.0
114,0.0
114,0.0
114,0.0
114,0.0
114,28.0
114,0.0
115,0.0
115,0.0
115,0.0
115,0.0
115,28.0
116,0.0
116,0.0
116,0.0
116,0.0
116,28.0
117,0.0
117,0.0
117,0.0
117,0.0
117,0.0
118,0.0
118,0.0
118,0.0
118,28.0
119,0.0
119,0.0
119,0.0
119,28.0
120,0.0
120,0.0
120,0.0
120,28.0
121,0.0
121,0.0
121,16.0
121,0.0
121,28.0
121,61.0
122,0.0
122,0.0
122,0.0
122,28.0
122,61.0
123,0.0
123,0.0
123,61.0
123,0.0
123,28.0
124,0.0
124,0.0
124,61.0
124,0.0
124,28.0
125,0.0
125,0.0
125,61.0
125,0.0
125,28.0
126,0.0
126,0.0
126,61.0
126,0.0
126,28.0
127,0.0
127,0.0
127,28.0
127,0.0
128,0.0
128,0.0
128,28.0
128,0.0
128,61.0
129,0.0
129,0.0
129,28.0
129,61.0
129,0.0
130,0.0
130,0.0
130,28.0
130,61.0
130,0.0
131,0.0
131,0.0
131,61.0
131,28.0
131,0.0
132,0.0
132,0.0
132,28.0
133,0.0
133,0.0
133,28.0
134,0.0
134,0.0
134,28.0
135,0.0
135,0.0
135,28.0
136,0.0
136,0.0
136,28.0
136,0.0
137,0.0
137,0.0
137,28.0
138,0.0
138,0.0
138,28.0
139,0.0
139,0.0
139,28.0
140,0.0
140,0.0
140,28.0
141,0.0
141,0.0
141,28.0
142,0.0
142,0.0
142,28.0
143,0.0
143,0.0
143,28.0
144,0.0
144,0.0
144,28.0
145,0.0
145,0.0
145,28.0
146,0.0
146,0.0
146,28.0
147,0.0
147,0.0
147,28.0
148,0.0
148,0.0
148,28.0
149,0.0
149,0.0
149,28.0
150,0.0
150,0.0
150,28.0
151,0.0
151,0.0
151,28.0
152,0.0
152,0.0
152,28.0
153,0.0
153,28.0
153,0.0
154,0.0
154,28.0
154,0.0
155,0.0
155,28.0
155,0.0
156,0.0
156,0.0
156,28.0
157,0.0
157,28.0
157,0.0
158,0.0
158,28.0
158,0.0
159,0.0
159,28.0
159,0.0
160,0.0
160,28.0
160,0.0
161,0.0
161,28.0
161,0.0
162,0.0
162,28.0
162,0.0
163,0.0
163,28.0
163,0.0
164,0.0
164,28.0
164,0.0
165,0.0
165,28.0
166,0.0
166,28.0
167,0.0
167,28.0
168,0.0
168,28.0
169,0.0
169,28.0
170,0.0
170,28.0
171,0.0
171,28.0
172,0.0
172,28.0
173,0.0
173,28.0
174,0.0
174,28.0
175,0.0
175,28.0
176,0.0
176,28.0
177,0.0
177,28.0
178,0.0
178,28.0
179,0.0
179,28.0
180,0.0
180,28.0
181,0.0
181,28.0
182,0.0
182,28.0
183,0.0
183,28.0
184,0.0
184,28.0
185,0.0
185,28.0
186,0.0
186,28.0
187,0.0
187,28.0
188,0.0
188,28.0
189,0.0
189,28.0
190,0.0
190,28.0
191,0.0
191,28.0
192,0.0
192,28.0
193,0.0
193,28.0
194,0.0
194,28.0
195,0.0
195,28.0
196,0.0
196,28.0
197,0.0
197,28.0
198,0.0
198,28.0
198,0.0
199,0.0
199,28.0
200,0.0
200,28.0
201,0.0
201,28.0
202,0.0
202,28.0
202,0.0
203,0.0
203,28.0
203,0.0
204,0.0
204,28.0
204,0.0
205,0.0
205,28.0
205,0.0
206,0.0
206,28.0
206,0.0
207,0.0
207,28.0
207,0.0
208,0.0
208,28.0
208,0.0
209,0.0
209,0.0
209,28.0
210,0.0
210,28.0
210,0.0
211,0.0
211,0.0
211,28.0
212,0.0
212,0.0
212,28.0
213,0.0
213,0.0
213,28.0
214,0.0
214,0.0
214,28.0
215,0.0
215,28.0
215,0.0
215,0.0
216,0.0
216,0.0
216,28.0
216,0.0
217,0.0
217,28.0
217,0.0
218,0.0
218,28.0
218,0.0
219,0.0
219,28.0
219,0.0
220,0.0
220,28.0
220,0.0
221,0.0
221,28.0
221,0.0
222,0.0
222,28.0
222,0.0
223,0.0
223,28.0
223,0.0
224,0.0
224,28.0
224,0.0
225,0.0
225,28.0
225,0.0
226,0.0
226,28.0
226,0.0
227,0.0
227,28.0
227,0.0
228,0.0
228,28.0
228,0.0
229,0.0
229,28.0
229,0.0
230,0.0
230,28.0
230,0.0
231,0.0
231,28.0
231,0.0
232,0.0
232,28.0
232,0.0
233,0.0
233,28.0
233,0.0
234,0.0
234,28.0
234,0.0
235,0.0
235,28.0
235,0.0
236,0.0
236,28.0
236,0.0
237,0.0
237,28.0
237,0.0
238,0.0
238,28.0
238,0.0
239,0.0
239,28.0
239,0.0
240,0.0
240,0.0
240,28.0
241,0.0
241,0.0
241,28.0
242,0.0
242,0.0
242,28.0
243,0.0
243,0.0
243,28.0
244,0.0
244,0.0
244,28.0
245,0.0
245,0.0
245,28.0
246,0.0
246,28.0
246,0.0
247,0.0
247,28.0
247,0.0
248,0.0
248,28.0
248,0.0
249,0.0
249,28.0
249,0.0
250,0.0
250,28.0
250,0.0
251,0.0
251,28.0
251,0.0
252,0.0
252,28.0
252,0.0
253,0.0
253,28.0
253,0.0
254,0.0
254,28.0
254,0.0
255,0.0
255,28.0
255,0.0
256,0.0
256,28.0
256,0.0
256,0.0
256,28.0
257,0.0
257,28.0
257,0.0
257,0.0
258,0.0
258,28.0
258,0.0
258,0.0
259,0.0
259,28.0
259,0.0
259,0.0
260,0.0
260,28.0
260,0.0
261,0.0
261,28.0
261,0.0
262,0.0
262,28.0
263,0.0
263,28.0
263,28.0
264,0.0
264,28.0
264,28.0
265,0.0
265,28.0
265,28.0
266,0.0
266,28.0
266,0.0
267,0.0
267,28.0
268,0.0
268,28.0
269,0.0
269,28.0
270,0.0
270,28.0
271,0.0
271,28.0
272,0.0
272,28.0
273,0.0
273,28.0
274,0.0
274,28.0
275,0.0
275,28.0
275,0.0
276,0.0
276,28.0
276,0.0
277,0.0
277,28.0
277,0.0
278,0.0
278,0.0
278,28.0
279,0.0
279,0.0
279,28.0
280,0.0
280,0.0
280,28.0
281,0.0
281,28.0
281,0.0
282,0.0
282,28.0
282,0.0
283,0.0
283,28.0
283,0.0
283,0.0
284,0.0
284,28.0
284,0.0
285,0.0
285,28.0
285,0.0
286,0.0
286,0.0
286,28.0
287,0.0
287,0.0
287,28.0
288,0.0
288,0.0
288,28.0
289,28.0
289,0.0
289,0.0
290,28.0
290,0.0
290,0.0
291,28.0
291,0.0
291,0.0
292,0.0
292,0.0
292,28.0
293,0.0
293,0.0
293,28.0
294,0.0
294,0.0
294,28.0
295,0.0
295,0.0
295,28.0
296,0.0
296,0.0
296,28.0
297,0.0
297,0.0
297,28.0
298,0.0
298,0.0
298,28.0
299,0.0
299,0.0
299,28.0
300,0.0
300,0.0
300,28.0
301,0.0
301,0.0
301,28.0
302,0.0
302,0.0
302,28.0
303,0.0
303,0.0
303,28.0
304,0.0
304,0.0
304,28.0
305,0.0
305,0.0
305,28.0
306,0.0
306,0.0
306,28.0
307,0.0
307,0.0
307,28.0
308,0.0
308,0.0
308,28.0
309,0.0
309,0.0
309,28.0
310,0.0
310,0.0
310,28.0
311,0.0
311,0.0
311,28.0
311,0.0
312,0.0
312,0.0
312,28.0
312,0.0
313,0.0
313,28.0
313,0.0
313,0.0
314,0.0
314,28.0
314,0.0
315,0.0
315,28.0
315,0.0
316,0.0
316,28.0
316,0.0
317,0.0
317,28.0
317,0.0
317,0.0
317,0.0
318,0.0
318,28.0
318,0.0
318,0.0
319,0.0
319,28.0
319,0.0
319,0.0
320,0.0
320,28.0
320,0.0
320,0.0
321,0.0
321,28.0
321,0.0
321,0.0
321,0.0
322,0.0
322,0.0
322,28.0
322,0.0
323,0.0
323,0.0
323,28.0
323,0.0
324,0.0
324,0.0
324,28.0
324,0.0
325,0.0
325,0.0
325,28.0
325,0.0
326,0.0
326,0.0
326,28.0
326,0.0
327,0.0
327,0.0
327,28.0
327,0.0
328,0.0
328,28.0
328,0.0
328,0.0
329,0.0
329,0.0
329,28.0
329,0.0
330,0.0
330,28.0
330,0.0
330,0.0
331,0.0
331,0.0
331,28.0
331,0.0
332,0.0
332,0.0
332,28.0
332,0.0
333,0.0
333,0.0
333,28.0
333,0.0
334,0.0
334,0.0
334,28.0
334,0.0
334,0.0
335,0.0
335,0.0
335,28.0
335,0.0
335,0.0
336,0.0
336,0.0
336,28.0
336,0.0
336,0.0
337,0.0
337,0.0
337,28.0
337,0.0
337,0.0
338,0.0
338,0.0
338,28.0
338,0.0
338,0.0
339,0.0
339,0.0
339,28.0
339,0.0
339,0.0
340,0.0
340,0.0
340,28.0
340,0.0
340,0.0
341,0.0
341,0.0
341,28.0
341,0.0
341,0.0
342,0.0
342,28.0
342,0.0
342,0.0
342,0.0
343,0.0
343,28.0
343,0.0
343,0.0
343,0.0
344,0.0
344,28.0
344,0.0
344,0.0
344,0.0
345,0.0
345,0.0
345,28.0
345,0.0
345,0.0
346,0.0
346,0.0
346,28.0
346,0.0
346,0.0
347,0.0
347,0.0
347,28.0
347,0.0
347,0.0
348,0.0
348,0.0
348,28.0
348,0.0
348,0.0
349,0.0
349,0.0
349,28.0
349,0.0
349,0.0
350,0.0
350,28.0
350,0.0
350,0.0
350,0.0
351,0.0
351,28.0
351,0.0
351,0.0
351,0.0
352,0.0
352,28.0
352,0.0
352,0.0
352,0.0
353,0.0
353,28.0
353,0.0
353,0.0
353,0.0
354,0.0
354,28.0
354,0.0
354,0.0
355,0.0
355,28.0
355,0.0
355,0.0
356,0.0
356,28.0
356,0.0
356,0.0
357,0.0
357,28.0
357,0.0
357,0.0
358,0.0
358,28.0
358,0.0
358,0.0
359,0.0
359,28.0
359,0.0
359,0.0
360,0.0
360,28.0
360,0.0
360,0.0
360,0.0
361,0.0
361,28.0
361,0.0
361,0.0
361,0.0
362,0.0
362,28.0
362,0.0
362,0.0
362,0.0
363,0.0
363,28.0
363,0.0
363,0.0
363,0.0
364,0.0
364,28.0
364,0.0
364,0.0
364,0.0
365,0.0
365,28.0
365,0.0
365,0.0
365,0.0
366,0.0
366,28.0
366,0.0
366,0.0
366,0.0
367,0.0
367,28.0
367,0.0
367,0.0
367,0.0
368,0.0
368,28.0
368,0.0
368,0.0
368,0.0
369,0.0
369,28.0
369,0.0
369,0.0
369,0.0
370,0.0
370,28.0
370,0.0
370,0.0
370,0.0
371,0.0
371,28.0
371,0.0
371,0.0
371,0.0
372,0.0
372,0.0
372,28.0
372,0.0
372,0.0
373,0.0
373,0.0
373,28.0
373,0.0
373,0.0
374,0.0
374,0.0
374,28.0
374,0.0
374,0.0
375,0.0
375,0.0
375,28.0
375,0.0
376,0.0
376,28.0
376,0.0
376,0.0
377,0.0
377,28.0
377,0.0
377,0.0
378,0.0
378,28.0
378,0.0
378,0.0
379,0.0
379,28.0
379,0.0
379,0.0
380,0.0
380,28.0
380,0.0
380,0.0
381,0.0
381,28.0
381,0.0
381,0.0
382,0.0
382,28.0
382,0.0
382,0.0
383,0.0
383,28.0
383,0.0
383,0.0
384,0.0
384,28.0
384,0.0
384,0.0
385,0.0
385,28.0
385,0.0
385,0.0
386,0.0
386,28.0
386,0.0
386,0.0
387,0.0
387,28.0
387,0.0
387,0.0
388,0.0
388,28.0
388,0.0
389,0.0
389,28.0
389,0.0
390,0.0
390,28.0
390,0.0
391,0.0
391,28.0
391,0.0
391,0.0
392,0.0
392,28.0
392,0.0
392,0.0
393,0.0
393,28.0
393,0.0
393,0.0
394,0.0
394,28.0
394,0.0
394,0.0
395,0.0
395,28.0
395,0.0
395,0.0
396,0.0
396,28.0
396,0.0
397,0.0
397,28.0
397,0.0
398,0.0
398,28.0
398,0.0
399,0.0
399,28.0
399,0.0
400,0.0
400,28.0
400,0.0
400,0.0
401,0.0
401,28.0
401,0.0
401,0.0
402,0.0
402,28.0
402,0.0
402,0.0
403,0.0
403,28.0
403,0.0
403,0.0
404,0.0
404,28.0
404,0.0
404,0.0
405,0.0
405,28.0
405,0.0
405,0.0
406,0.0
406,28.0
406,0.0
406,0.0
407,0.0
407,28.0
407,0.0
407,0.0
408,0.0
408,28.0
408,0.0
408,0.0
409,0.0
409,28.0
409,0.0
409,0.0
410,0.0
410,28.0
410,0.0
410,0.0
411,0.0
411,28.0
411,0.0
411,0.0
412,0.0
412,28.0
412,0.0
412,0.0
413,0.0
413,28.0
413,0.0
413,0.0
414,0.0
414,28.0
414,0.0
414,0.0
415,0.0
415,28.0
415,0.0
416,0.0
416,28.0
416,0.0
417,0.0
417,28.0
417,0.0
418,0.0
418,28.0
418,0.0
419,0.0
419,28.0
419,0.0
420,0.0
420,28.0
420,0.0
421,0.0
421,28.0
421,0.0
422,0.0
422,28.0
422,0.0
423,0.0
423,28.0
423,0.0
424,0.0
424,28.0
424,0.0
425,0.0
425,28.0
425,0.0
426,0.0
426,28.0
426,0.0
427,0.0
427,28.0
427,0.0
428,0.0
428,28.0
428,0.0
429,0.0
429,28.0
429,0.0
430,0.0
430,28.0
430,0.0
431,0.0
431,28.0
431,0.0
432,0.0
432,28.0
432,0.0
433,0.0
433,28.0
433,0.0
434,0.0
434,28.0
434,0.0
435,0.0
435,28.0
435,0.0
436,0.0
436,28.0
436,0.0
437,0.0
437,28.0
437,0.0
438,0.0
438,28.0
438,0.0
439,0.0
439,28.0
439,0.0
440,0.0
440,28.0
440,0.0
441,0.0
441,28.0
441,0.0
442,0.0
442,28.0
442,0.0
443,0.0
443,28.0
443,0.0
444,0.0
444,28.0
444,0.0
444,0.0
445,0.0
445,28.0
445,0.0
445,0.0
446,28.0
446,0.0
446,0.0
446,0.0
447,28.0
447,0.0
447,0.0
447,0.0
448,0.0
448,28.0
448,0.0
448,0.0
449,0.0
449,28.0
449,0.0
449,0.0
450,0.0
450,28.0
450,0.0
450,0.0
451,0.0
451,28.0
451,0.0
451,0.0
452,0.0
452,28.0
452,0.0
452,0.0
453,0.0
453,28.0
453,0.0
453,0.0
454,0.0
454,28.0
454,0.0
454,0.0
455,0.0
455,28.0
455,0.0
455,0.0
456,0.0
456,28.0
456,0.0
456,0.0
457,0.0
457,28.0
457,0.0
457,0.0
458,0.0
458,28.0
458,0.0
458,0.0
459,0.0
459,28.0
459,0.0
459,0.0
460,0.0
460,28.0
460,0.0
460,0.0
461,0.0
461,28.0
461,0.0
461,0.0
462,0.0
462,28.0
462,0.0
462,0.0
463,0.0
463,28.0
463,0.0
463,0.0
464,0.0
464,28.0
464,0.0
464,0.0
465,0.0
465,28.0
465,0.0
465,0.0
466,0.0
466,28.0
466,0.0
466,0.0
467,0.0
467,28.0
467,0.0
467,0.0
468,0.0
468,28.0
468,0.0
468,0.0
469,0.0
469,28.0
469,0.0
469,0.0
470,0.0
470,28.0
470,0.0
470,0.0
471,0.0
471,28.0
471,0.0
471,0.0
472,0.0
472,28.0
472,0.0
472,0.0
473,0.0
473,28.0
473,0.0
473,0.0
474,0.0
474,28.0
474,0.0
474,0.0
475,0.0
475,28.0
475,0.0
476,0.0
476,28.0
476,0.0
476,0.0
477,0.0
477,28.0
477,0.0
477,0.0
478,0.0
478,28.0
478,0.0
478,0.0
479,0.0
479,28.0
479,0.0
479,0.0
480,0.0
480,28.0
480,0.0
480,0.0
481,0.0
481,28.0
481,0.0
481,0.0
482,0.0
482,28.0
482,0.0
482,0.0
483,0.0
483,28.0
483,0.0
483,0.0
484,0.0
484,28.0
484,0.0
484,0.0
485,0.0
485,28.0
485,0.0
485,0.0
486,0.0
486,0.0
486,28.0
486,0.0
487,0.0
487,0.0
487,28.0
487,0.0
488,0.0
488,0.0
488,28.0
488,0.0
489,0.0
489,0.0
489,28.0
489,0.0
490,0.0
490,0.0
490,28.0
490,0.0
491,0.0
491,0.0
491,28.0
491,0.0
492,0.0
492,0.0
492,28.0
492,0.0
493,0.0
493,0.0
493,28.0
493,0.0
494,0.0
494,0.0
494,28.0
494,0.0
495,0.0
495,0.0
495,28.0
495,0.0
496,0.0
496,0.0
496,28.0
497,0.0
497,0.0
497,28.0
498,0.0
498,0.0
498,28.0
499,0.0
499,0.0
499,28.0
500,0.0
500,0.0
500,28.0
501,0.0
501,0.0
501,28.0
502,0.0
502,0.0
502,28.0
503,0.0
503,0.0
503,28.0
504,0.0
504,0.0
504,28.0
505,0.0
505,0.0
505,28.0
506,0.0
506,0.0
506,28.0
507,0.0
507,0.0
507,28.0
508,0.0
508,0.0
508,28.0
509,0.0
509,0.0
509,28.0
510,0.0
510,0.0
510,28.0
511,0.0
511,0.0
511,28.0
512,0.0
512,0.0
512,28.0
513,0.0
513,0.0
513,28.0
514,0.0
514,0.0
514,28.0
515,0.0
515,0.0
515,28.0
515,0.0
516,0.0
516,0.0
516,28.0
516,0.0
517,0.0
517,0.0
517,28.0
517,0.0
518,0.0
518,0.0
518,0.0
518,28.0
519,0.0
519,0.0
519,0.0
519,28.0
520,0.0
520,0.0
520,0.0
520,28.0
521,0.0
521,0.0
521,0.0
521,28.0
522,0.0
522,0.0
522,0.0
522,28.0
523,0.0
523,0.0
523,0.0
523,28.0
524,0.0
524,0.0
524,0.0
524,28.0
525,0.0
525,0.0
525,0.0
525,28.0
526,0.0
526,0.0
526,0.0
526,28.0
527,0.0
527,0.0
527,0.0
527,28.0
528,0.0
528,0.0
528,0.0
528,28.0
529,0.0
529,0.0
529,0.0
529,28.0
530,0.0
530,0.0
530,0.0
530,28.0
531,0.0
531,0.0
531,28.0
531,0.0
532,0.0
532,0.0
532,28.0
532,0.0
533,0.0
533,0.0
533,28.0
533,0.0
534,0.0
534,0.0
534,28.0
535,0.0
535,0.0
535,28.0
535,0.0
536,0.0
536,0.0
536,28.0
536,0.0
537,0.0
537,0.0
537,28.0
537,0.0
538,0.0
538,0.0
538,28.0
538,0.0
539,0.0
539,0.0
539,28.0
539,0.0
539,0.0
540,0.0
540,0.0
540,28.0
540,0.0
540,0.0
541,0.0
541,0.0
541,0.0
541,28.0
542,0.0
542,28.0
542,0.0
542,0.0
543,0.0
543,28.0
543,0.0
544,0.0
544,28.0
544,0.0
544,0.0
545,0.0
545,28.0
545,0.0
545,0.0
546,0.0
546,28.0
546,0.0
547,0.0
547,28.0
547,0.0
548,0.0
548,28.0
548,0.0
549,0.0
549,28.0
549,0.0
550,0.0
550,28.0
550,0.0
551,0.0
551,28.0
551,0.0
552,0.0
552,28.0
552,0.0
552,0.0
552,0.0
553,0.0
553,28.0
553,0.0
553,0.0
553,0.0
554,0.0
554,28.0
554,0.0
554,0.0
555,0.0
555,28.0
555,0.0
556,0.0
556,28.0
557,0.0
557,28.0
557,0.0
557,0.0
558,0.0
558,28.0
558,0.0
558,0.0
559,0.0
559,28.0
559,0.0
559,0.0
560,0.0
560,28.0
560,0.0
560,0.0
561,0.0
561,28.0
561,0.0
562,0.0
562,28.0
563,0.0
563,28.0
563,0.0
564,0.0
564,28.0
564,0.0
565,0.0
565,28.0
566,0.0
566,28.0
567,0.0
567,28.0
568,0.0
568,28.0
569,0.0
569,28.0
570,0.0
570,28.0
571,0.0
571,28.0
572,0.0
572,28.0
573,0.0
573,28.0
574,0.0
574,28.0
575,0.0
575,28.0
576,0.0
576,28.0
577,0.0
577,28.0
578,0.0
578,28.0
579,0.0
579,28.0
579,0.0
580,0.0
580,28.0
580,0.0
581,0.0
581,28.0
581,0.0
582,0.0
582,28.0
583,0.0
583,28.0
583,0.0
583,0.0
584,0.0
584,28.0
584,0.0
585,0.0
585,28.0
585,0.0
585,0.0
586,0.0
586,28.0
587,0.0
587,28.0
587,0.0
588,0.0
588,28.0
588,0.0
588,0.0
589,0.0
589,28.0
589,0.0
589,0.0
590,0.0
590,28.0
590,0.0
590,0.0
591,0.0
591,28.0
591,0.0
591,0.0
592,0.0
592,28.0
592,0.0
592,0.0
593,0.0
593,28.0
593,0.0
593,0.0
594,0.0
594,28.0
594,0.0
594,0.0
595,0.0
595,28.0
595,0.0
595,0.0
596,0.0
596,28.0
596,0.0
597,0.0
597,28.0
597,0.0
598,0.0
598,28.0
598,0.0
599,0.0
599,28.0
599,0.0
600,0.0
600,28.0
600,0.0
601,0.0
601,28.0
601,0.0
602,0.0
602,28.0
602,0.0
603,0.0
603,28.0
603,0.0
604,0.0
604,28.0
604,0.0
605,0.0
605,28.0
605,0.0
606,0.0
606,28.0
606,0.0
607,0.0
607,28.0
607,0.0
608,0.0
608,28.0
608,0.0
609,0.0
609,28.0
609,0.0
610,0.0
610,28.0
610,0.0
610,0.0
611,0.0
611,28.0
612,0.0
612,28.0
613,0.0
613,28.0
613,0.0
614,0.0
614,28.0
614,0.0
615,0.0
615,28.0
615,0.0
615,0.0
616,0.0
616,28.0
616,0.0
616,0.0
617,28.0
617,0.0
617,0.0
618,28.0
618,0.0
619,28.0
619,0.0
620,28.0
620,0.0
620,0.0
621,28.0
621,0.0
621,0.0
622,28.0
622,0.0
622,0.0
622,0.0
623,28.0
623,0.0
624,28.0
624,0.0
624,0.0
625,28.0
625,0.0
625,0.0
626,28.0
626,0.0
627,28.0
627,0.0
628,28.0
628,0.0
628,0.0
629,28.0
629,0.0
630,28.0
630,0.0
631,0.0
631,28.0
631,0.0
632,0.0
632,28.0
632,0.0
633,0.0
633,28.0
633,0.0
634,0.0
634,28.0
634,0.0
635,0.0
635,28.0
635,0.0
636,0.0
636,28.0
636,0.0
637,0.0
637,28.0
637,0.0
638,0.0
638,28.0
638,0.0
639,0.0
639,28.0
639,0.0
640,0.0
640,28.0
640,0.0
641,0.0
641,28.0
641,0.0
642,0.0
642,28.0
642,0.0
643,0.0
643,28.0
643,0.0
644,0.0
644,28.0
644,0.0
645,0.0
645,28.0
645,0.0
646,0.0
646,28.0
646,0.0
647,0.0
647,28.0
647,0.0
648,0.0
648,28.0
648,0.0
649,0.0
649,28.0
649,0.0
650,0.0
650,28.0
650,0.0
651,0.0
651,28.0
651,0.0
652,0.0
652,0.0
652,28.0
652,0.0
653,0.0
653,28.0
653,0.0
653,0.0
654,0.0
654,0.0
654,28.0
654,0.0
655,0.0
655,0.0
655,28.0
655,0.0
656,0.0
656,0.0
656,28.0
657,0.0
657,28.0
657,0.0
658,0.0
658,28.0
658,0.0
659,0.0
659,28.0
659,0.0
660,0.0
660,28.0
660,0.0
661,0.0
661,0.0
661,28.0
662,0.0
662,0.0
662,28.0
663,0.0
663,0.0
663,28.0
664,0.0
664,0.0
664,28.0
665,0.0
665,28.0
665,0.0
666,0.0
666,0.0
666,28.0
667,0.0
667,0.0
667,28.0
668,0.0
668,0.0
668,28.0
669,0.0
669,0.0
669,28.0
670,0.0
670,0.0
670,28.0
671,0.0
671,0.0
671,28.0
672,0.0
672,0.0
672,28.0
673,0.0
673,0.0
673,28.0
674,0.0
674,0.0
674,28.0
675,0.0
675,0.0
675,28.0
676,0.0
676,28.0
676,0.0
677,0.0
677,0.0
677,28.0
678,0.0
678,0.0
678,28.0
679,0.0
679,28.0
679,0.0
680,0.0
680,28.0
680,0.0
681,0.0
681,28.0
681,0.0
682,0.0
682,28.0
683,0.0
683,28.0
684,0.0
684,28.0
684,0.0
685,0.0
685,28.0
685,0.0
686,0.0
686,28.0
687,0.0
687,28.0
688,0.0
688,28.0
688,0.0
689,0.0
689,28.0
690,0.0
690,28.0
691,0.0
691,28.0
692,0.0
692,28.0
693,0.0
693,28.0
694,0.0
694,28.0
695,0.0
695,28.0
696,0.0
696,28.0
697,0.0
697,28.0
698,0.0
698,28.0
699,0.0
699,28.0
700,0.0
700,28.0
701,0.0
701,28.0
702,0.0
702,28.0
703,0.0
703,28.0
704,0.0
704,28.0
705,0.0
705,28.0
706,0.0
706,28.0
707,0.0
707,28.0
708,0.0
708,28.0
708,0.0
709,0.0
709,28.0
709,0.0
710,0.0
710,28.0
711,0.0
711,28.0
711,0.0
712,0.0
712,28.0
713,0.0
713,28.0
714,0.0
714,28.0
715,0.0
715,28.0
715,0.0
716,0.0
716,28.0
717,0.0
717,28.0
718,0.0
718,28.0
718,0.0
719,0.0
719,28.0
719,0.0
720,0.0
720,28.0
720,0.0
721,0.0
721,28.0
721,0.0
722,0.0
722,28.0
722,0.0
723,0.0
723,28.0
723,0.0
724,0.0
724,28.0
724,0.0
725,0.0
725,28.0
725,0.0
726,0.0
726,0.0
726,28.0
727,0.0
727,0.0
727,28.0
728,0.0
728,0.0
728,28.0
729,0.0
729,28.0
730,0.0
730,28.0
731,0.0
731,28.0
732,0.0
732,28.0
733,0.0
733,28.0
734,0.0
734,28.0
735,0.0
735,28.0
736,0.0
736,28.0
736,2.0
737,0.0
737,28.0
737,2.0
738,0.0
738,28.0
739,0.0
739,28.0
740,0.0
740,28.0
741,0.0
741,28.0
742,0.0
742,28.0
742,2.0
743,0.0
743,28.0
743,0.0
744,0.0
744,28.0
744,0.0
745,0.0
745,28.0
746,0.0
746,28.0
746,0.0
747,0.0
747,28.0
747,0.0
748,0.0
748,28.0
748,0.0
749,0.0
749,28.0
749,0.0
750,0.0
750,28.0
751,0.0
751,28.0
751,0.0
752,0.0
752,28.0
752,0.0
753,0.0
753,28.0
753,0.0
754,0.0
754,28.0
754,0.0
755,0.0
755,28.0
755,0.0
756,0.0
756,28.0
756,0.0
757,0.0
757,28.0
757,0.0
758,0.0
758,28.0
758,0.0
759,0.0
759,28.0
759,0.0
760,0.0
760,28.0
760,0.0
760,0.0
761,0.0
761,28.0
761,0.0
761,0.0
762,0.0
762,28.0
762,0.0
762,0.0
763,0.0
763,28.0
763,0.0
764,0.0
764,28.0
764,0.0
765,0.0
765,28.0
765,0.0
766,0.0
766,28.0
766,0.0
767,0.0
767,28.0
767,0.0
768,0.0
768,28.0
768,0.0
769,0.0
769,28.0
769,0.0
770,0.0
770,28.0
770,0.0
770,0.0
771,0.0
771,28.0
771,0.0
772,0.0
772,28.0
772,0.0
773,0.0
773,28.0
773,0.0
773,0.0
774,0.0
774,0.0
774,28.0
774,0.0
775,0.0
775,28.0
775,0.0
775,0.0
776,0.0
776,0.0
776,28.0
776,0.0
777,0.0
777,28.0
777,0.0
777,0.0
778,0.0
778,28.0
778,0.0
778,0.0
779,0.0
779,28.0
779,0.0
779,0.0
780,0.0
780,0.0
780,28.0
780,0.0
781,0.0
781,0.0
781,28.0
781,0.0
782,0.0
782,0.0
782,28.0
782,0.0
782,3.0
783,0.0
783,3.0
783,28.0
783,0.0
783,0.0
784,0.0
784,3.0
784,28.0
784,0.0
784,0.0
785,0.0
785,3.0
785,28.0
785,0.0
785,0.0
785,0.0
786,0.0
786,3.0
786,0.0
786,0.0
786,28.0
786,0.0
787,0.0
787,3.0
787,0.0
787,0.0
787,28.0
788,0.0
788,0.0
788,3.0
788,0.0
788,28.0
789,0.0
789,3.0
789,0.0
789,0.0
789,28.0
790,0.0
790,0.0
790,28.0
790,0.0
790,3.0
791,0.0
791,0.0
791,28.0
791,0.0
791,0.0
792,0.0
792,28.0
792,3.0
792,0.0
792,0.0
793,0.0
793,28.0
793,0.0
793,3.0
793,0.0
794,0.0
794,28.0
794,0.0
794,0.0
794,3.0
794,0.0
795,0.0
795,28.0
795,0.0
795,0.0
795,0.0
796,0.0
796,28.0
796,0.0
797,0.0
797,28.0
797,0.0
797,0.0
798,0.0
798,28.0
798,0.0
798,0.0
799,0.0
799,28.0
799,0.0
799,0.0
799,0.0
800,0.0
800,0.0
800,28.0
800,0.0
800,0.0
801,0.0
801,0.0
801,28.0
801,3.0
801,0.0
802,0.0
802,28.0
802,0.0
802,3.0
802,0.0
803,0.0
803,28.0
803,0.0
803,0.0
803,0.0
804,0.0
804,0.0
804,28.0
804,0.0
804,0.0
804,3.0
805,0.0
805,0.0
805,28.0
805,0.0
805,0.0
806,0.0
806,0.0
806,28.0
806,0.0
806,0.0
807,0.0
807,28.0
808,0.0
808,28.0
808,0.0
808,0.0
808,0.0
809,0.0
809,28.0
809,0.0
810,0.0
810,28.0
810,0.0
811,0.0
811,28.0
811,0.0
811,0.0
812,0.0
812,0.0
812,0.0
812,28.0
813,0.0
813,0.0
813,0.0
813,28.0
814,0.0
814,0.0
814,0.0
814,28.0
815,0.0
815,0.0
815,0.0
815,28.0
815,0.0
816,0.0
816,0.0
816,0.0
816,28.0
817,0.0
817,0.0
817,0.0
817,28.0
817,0.0
818,0.0
818,0.0
818,0.0
818,28.0
818,0.0
819,0.0
819,0.0
819,0.0
819,28.0
820,0.0
820,0.0
820,0.0
820,28.0
821,0.0
821,0.0
821,28.0
821,0.0
822,0.0
822,0.0
822,28.0
822,0.0
823,0.0
823,0.0
823,28.0
823,0.0
824,0.0
824,0.0
824,0.0
824,28.0
825,0.0
825,0.0
825,0.0
825,28.0
826,0.0
826,0.0
826,28.0
827,0.0
827,0.0
827,0.0
827,28.0
828,0.0
828,0.0
828,0.0
828,28.0
829,0.0
829,0.0
829,28.0
830,0.0
830,0.0
830,28.0
831,0.0
831,0.0
831,0.0
831,28.0
832,0.0
832,0.0
832,0.0
832,28.0
833,0.0
833,0.0
833,28.0
833,0.0
834,0.0
834,0.0
834,28.0
835,0.0
835,0.0
835,28.0
835,0.0
836,0.0
836,0.0
836,0.0
836,28.0
837,0.0
837,0.0
837,28.0
837,0.0
838,0.0
838,0.0
838,0.0
838,28.0
839,0.0
839,28.0
840,0.0
840,28.0
841,0.0
841,28.0
842,0.0
842,28.0
843,0.0
843,28.0
843,0.0
844,0.0
844,0.0
844,28.0
845,0.0
845,0.0
845,28.0
846,0.0
846,28.0
847,0.0
847,28.0
848,0.0
848,28.0
849,0.0
849,28.0
850,0.0
850,28.0
851,0.0
851,28.0
852,0.0
852,28.0
853,0.0
853,28.0
854,0.0
854,28.0
855,0.0
855,28.0
856,0.0
856,28.0
857,0.0
857,28.0
858,0.0
858,28.0
859,0.0
859,28.0
860,0.0
860,28.0
860,0.0
861,0.0
861,28.0
862,0.0
862,28.0
863,0.0
863,28.0
864,0.0
864,28.0
864,0.0
865,0.0
865,0.0
865,28.0
866,0.0
866,0.0
866,28.0
867,0.0
867,0.0
867,28.0
867,0.0
868,0.0
868,0.0
868,28.0
868,0.0
869,0.0
869,0.0
869,28.0
870,0.0
870,0.0
870,28.0
871,0.0
871,0.0
871,28.0
872,0.0
872,0.0
872,28.0
872,0.0
873,0.0
873,0.0
873,28.0
873,0.0
874,0.0
874,28.0
874,0.0
875,0.0
875,28.0
875,0.0
876,0.0
876,28.0
876,0.0
877,0.0
877,28.0
877,0.0
878,0.0
878,28.0
878,0.0
879,0.0
879,28.0
879,0.0
880,0.0
880,28.0
880,0.0
881,0.0
881,28.0
881,0.0
882,0.0
882,28.0
882,0.0
883,0.0
883,28.0
883,0.0
884,0.0
884,28.0
884,0.0
885,0.0
885,28.0
885,0.0
886,0.0
886,28.0
886,0.0
887,0.0
887,28.0
887,0.0
888,0.0
888,28.0
888,0.0
889,0.0
889,28.0
889,0.0
890,0.0
890,28.0
890,0.0
891,0.0
891,28.0
891,0.0
892,0.0
892,28.0
892,0.0
893,0.0
893,28.0
893,0.0
894,0.0
894,28.0
894,0.0
895,0.0
895,28.0
895,0.0
896,0.0
896,28.0
896,0.0
897,0.0
897,28.0
897,0.0
898,0.0
898,28.0
899,0.0
899,28.0
900,28.0
900,0.0
901,28.0
901,0.0
901,0.0
902,28.0
902,0.0
902,0.0
903,28.0
903,0.0
904,28.0
904,0.0
905,0.0
905,28.0
905,0.0
906,0.0
906,28.0
906,0.0
907,0.0
907,28.0
907,0.0
908,0.0
908,28.0
908,0.0
909,0.0
909,28.0
909,0.0
910,0.0
910,28.0
911,0.0
911,28.0
912,0.0
912,28.0
913,0.0
913,28.0
914,0.0
914,28.0
915,0.0
915,28.0
916,0.0
916,28.0
917,0.0
917,28.0
918,0.0
918,28.0
919,0.0
919,28.0
920,0.0
920,28.0
921,0.0
921,28.0
922,0.0
922,28.0
923,0.0
923,28.0
924,0.0
924,28.0
924,0.0
925,0.0
925,28.0
925,0.0
926,0.0
926,28.0
926,0.0
927,0.0
927,28.0
927,0.0
928,0.0
928,28.0
928,0.0
929,0.0
929,28.0
929,0.0
930,0.0
930,28.0
930,0.0
931,0.0
931,28.0
931,0.0
932,0.0
932,28.0
932,0.0
933,0.0
933,28.0
933,0.0
934,0.0
934,28.0
934,0.0
935,0.0
935,28.0
935,0.0
936,0.0
936,28.0
936,0.0
937,0.0
937,28.0
937,0.0
938,0.0
938,28.0
938,0.0
939,0.0
939,28.0
939,0.0
940,0.0
940,28.0
940,0.0
941,0.0
941,28.0
941,0.0
942,0.0
942,28.0
942,0.0
943,0.0
943,28.0
943,0.0
944,0.0
944,28.0
944,0.0
944,0.0
945,0.0
945,28.0
945,0.0
945,0.0
946,0.0
946,28.0
946,0.0
946,0.0
947,0.0
947,28.0
947,0.0
947,0.0
948,0.0
948,28.0
948,0.0
949,0.0
949,28.0
949,0.0
950,0.0
950,28.0
950,0.0
950,0.0
951,0.0
951,28.0
951,0.0
951,0.0
952,0.0
952,28.0
952,0.0
952,0.0
953,0.0
953,28.0
953,0.0
953,0.0
954,0.0
954,28.0
954,0.0
954,0.0
955,0.0
955,28.0
955,0.0
955,0.0
956,0.0
956,28.0
956,0.0
956,0.0
957,0.0
957,28.0
957,0.0
957,0.0
958,0.0
958,28.0
958,0.0
958,0.0
959,0.0
959,28.0
959,0.0
959,0.0
960,0.0
960,28.0
960,0.0
960,0.0
961,0.0
961,28.0
961,0.0
961,0.0
962,0.0
962,28.0
962,0.0
962,0.0
963,0.0
963,28.0
963,0.0
963,0.0
964,0.0
964,28.0
964,0.0
964,0.0
965,0.0
965,28.0
965,0.0
965,0.0
966,0.0
966,28.0
966,0.0
966,0.0
967,0.0
967,28.0
967,0.0
967,0.0
968,0.0
968,28.0
968,0.0
968,0.0
969,0.0
969,28.0
969,0.0
969,0.0
970,0.0
970,28.0
970,0.0
970,0.0
971,0.0
971,28.0
971,0.0
971,0.0
972,0.0
972,28.0
972,0.0
972,0.0
973,0.0
973,28.0
973,0.0
973,0.0
974,0.0
974,28.0
974,0.0
974,0.0
975,0.0
975,28.0
975,0.0
975,0.0
976,0.0
976,28.0
976,0.0
976,0.0
977,0.0
977,28.0
977,0.0
977,0.0
978,0.0
978,28.0
978,0.0
978,0.0
979,0.0
979,28.0
979,0.0
979,0.0
980,0.0
980,28.0
980,0.0
980,0.0
981,0.0
981,0.0
981,28.0
981,0.0
982,0.0
982,0.0
982,28.0
982,0.0
983,0.0
983,0.0
983,28.0
983,0.0
984,0.0
984,0.0
984,28.0
984,0.0
985,0.0
985,0.0
985,28.0
985,0.0
986,0.0
986,0.0
986,28.0
986,0.0
986,0.0
987,0.0
987,0.0
987,28.0
987,0.0
987,0.0
988,0.0
988,0.0
988,28.0
988,0.0
989,0.0
989,0.0
989,28.0
989,0.0
990,0.0
990,28.0
990,0.0
990,0.0
991,0.0
991,28.0
991,0.0
991,0.0
992,0.0
992,28.0
992,0.0
992,0.0
993,0.0
993,28.0
993,0.0
993,0.0
994,0.0
994,28.0
994,0.0
995,0.0
995,28.0
995,0.0
996,0.0
996,28.0
996,0.0
997,0.0
997,28.0
997,0.0
998,0.0
998,28.0
998,0.0
999,0.0
999,28.0
999,0.0
1000,0.0
1000,28.0
1000,0.0
1001,0.0
1001,28.0
1001,0.0
1002,0.0
1002,28.0
1002,0.0
1003,0.0
1003,28.0
1003,0.0
1004,0.0
1004,28.0
1004,0.0
1005,0.0
1005,28.0
1005,0.0
1006,0.0
1006,28.0
1006,0.0
1007,0.0
1007,28.0
1007,0.0
1008,0.0
1008,28.0
1008,0.0
1009,0.0
1009,28.0
1009,0.0
1010,0.0
1010,28.0
1010,0.0
1011,0.0
1011,28.0
1011,0.0
1012,0.0
1012,28.0
1012,0.0
1012,0.0
1013,0.0
1013,28.0
1013,0.0
1013,0.0
1014,0.0
1014,28.0
1014,0.0
1014,0.0
1015,0.0
1015,28.0
1015,0.0
1015,0.0
1016,0.0
1016,28.0
1016,0.0
1016,0.0
1016,0.0
1017,0.0
1017,28.0
1017,0.0
1017,0.0
1017,0.0
1018,0.0
1018,28.0
1018,0.0
1018,0.0
1018,0.0
1019,0.0
1019,28.0
1019,0.0
1019,0.0
1019,0.0
1020,0.0
1020,28.0
1020,0.0
1020,0.0
1021,0.0
1021,28.0
1021,0.0
1021,0.0
1022,0.0
1022,28.0
1022,0.0
1022,0.0
1022,0.0
1023,0.0
1023,28.0
1023,0.0
1023,0.0
1024,0.0
1024,28.0
1024,0.0
1024,0.0
1024,0.0
1025,0.0
1025,28.0
1025,0.0
1025,0.0
1026,0.0
1026,28.0
1026,0.0
1026,0.0
1027,0.0
1027,28.0
1027,0.0
1027,0.0
1027,0.0
1028,0.0
1028,28.0
1028,0.0
1028,0.0
1028,0.0
1029,0.0
1029,28.0
1029,0.0
1030,0.0
1030,28.0
1030,0.0
1030,0.0
1031,0.0
1031,0.0
1031,28.0
1031,0.0
1032,0.0
1032,0.0
1032,28.0
1032,0.0
1033,0.0
1033,0.0
1033,28.0
1033,0.0
1034,0.0
1034,0.0
1034,28.0
1034,0.0
1035,0.0
1035,0.0
1035,28.0
1035,0.0
1036,0.0
1036,0.0
1036,28.0
1036,0.0
1036,0.0
1037,0.0
1037,0.0
1037,28.0
1037,0.0
1037,0.0
1038,0.0
1038,0.0
1038,28.0
1038,0.0
1038,0.0
1039,0.0
1039,0.0
1039,28.0
1039,0.0
1040,0.0
1040,0.0
1040,28.0
1040,0.0
1041,0.0
1041,0.0
1041,28.0
1041,0.0
1042,0.0
1042,0.0
1042,28.0
1042,0.0
1042,0.0
1043,0.0
1043,0.0
1043,28.0
1043,0.0
1044,0.0
1044,0.0
1044,28.0
1044,0.0
1044,0.0
1045,0.0
1045,0.0
1045,28.0
1045,0.0
1045,0.0
1046,0.0
1046,0.0
1046,28.0
1046,0.0
1046,0.0
1047,0.0
1047,0.0
1047,28.0
1047,0.0
1047,0.0
1048,0.0
1048,0.0
1048,28.0
1048,0.0
1048,0.0
1049,0.0
1049,0.0
1049,28.0
1049,0.0
1050,0.0
1050,0.0
1050,28.0
1050,0.0
1051,0.0
1051,0.0
1051,28.0
1051,0.0
1052,0.0
1052,0.0
1052,28.0
1052,0.0
1053,0.0
1053,0.0
1053,28.0
1053,0.0
1053,0.0
1054,0.0
1054,0.0
1054,28.0
1054,0.0
1054,0.0
1055,0.0
1055,0.0
1055,28.0
1055,0.0
1055,0.0
1056,0.0
1056,0.0
1056,28.0
1056,0.0
1056,0.0
1057,0.0
1057,0.0
1057,28.0
1057,0.0
1057,0.0
1058,0.0
1058,0.0
1058,28.0
1058,0.0
1058,0.0
1059,0.0
1059,0.0
1059,28.0
1059,0.0
1059,0.0
1060,0.0
1060,0.0
1060,28.0
1060,0.0
1060,0.0
1061,0.0
1061,0.0
1061,28.0
1061,0.0
1061,0.0
1062,0.0
1062,0.0
1062,0.0
1062,28.0
1062,0.0
1063,0.0
1063,0.0
1063,0.0
1063,28.0
1063,0.0
1064,0.0
1064,0.0
1064,28.0
1064,0.0
1064,0.0
1065,0.0
1065,0.0
1065,28.0
1065,0.0
1065,0.0
1066,0.0
1066,0.0
1066,28.0
1066,0.0
1066,0.0
1067,0.0
1067,0.0
1067,28.0
1067,0.0
1067,0.0
1068,0.0
1068,0.0
1068,0.0
1068,28.0
1068,0.0
1069,0.0
1069,0.0
1069,0.0
1069,28.0
1069,0.0
1070,0.0
1070,0.0
1070,0.0
1070,28.0
1070,0.0
1071,0.0
1071,0.0
1071,0.0
1071,28.0
1071,0.0
1072,0.0
1072,0.0
1072,0.0
1072,28.0
1072,0.0
1073,0.0
1073,0.0
1073,0.0
1073,28.0
1073,0.0
1074,0.0
1074,0.0
1074,0.0
1074,28.0
1074,0.0
1075,0.0
1075,0.0
1075,0.0
1075,28.0
1075,0.0
1076,0.0
1076,0.0
1076,0.0
1076,28.0
1076,0.0
1077,0.0
1077,0.0
1077,28.0
1077,0.0
1077,0.0
1078,0.0
1078,0.0
1078,28.0
1078,0.0
1078,0.0
1079,0.0
1079,0.0
1079,28.0
1079,0.0
1079,0.0
1080,0.0
1080,0.0
1080,28.0
1080,0.0
1080,0.0
1081,0.0
1081,28.0
1081,0.0
1081,0.0
1081,0.0
1082,0.0
1082,28.0
1082,0.0
1082,0.0
1082,0.0
1083,0.0
1083,28.0
1083,0.0
1083,0.0
1083,0.0
1084,0.0
1084,0.0
1084,28.0
1084,0.0
1084,0.0
1085,0.0
1085,28.0
1085,0.0
1085,0.0
1085,0.0
1086,0.0
1086,28.0
1086,0.0
1086,0.0
1087,0.0
1087,0.0
1087,28.0
1087,0.0
1087,0.0
1088,0.0
1088,0.0
1088,28.0
1088,0.0
1089,0.0
1089,0.0
1089,28.0
1089,0.0
1089,0.0
1090,0.0
1090,0.0
1090,28.0
1090,0.0
1090,0.0
1091,0.0
1091,0.0
1091,28.0
1091,0.0
1092,28.0
1092,0.0
1092,0.0
1093,28.0
1093,0.0
1094,28.0
1094,0.0
1094,0.0
1095,0.0
1095,28.0
1095,0.0
1096,0.0
1096,28.0
1096,0.0
1097,0.0
1097,28.0
1097,0.0
1098,0.0
1098,28.0
1098,0.0
1099,0.0
1099,28.0
1099,0.0
1100,0.0
1100,28.0
1100,0.0
1101,0.0
1101,28.0
1101,0.0
1102,28.0
1102,0.0
1102,0.0
1103,0.0
1103,0.0
1103,28.0
1104,0.0
1104,0.0
1104,28.0
1104,0.0
1105,0.0
1105,0.0
1105,28.0
1105,0.0
1106,0.0
1106,0.0
1106,28.0
1106,0.0
1107,0.0
1107,0.0
1107,28.0
1107,0.0
1108,0.0
1108,28.0
1108,0.0
1108,0.0
1109,0.0
1109,28.0
1109,0.0
1109,0.0
1110,0.0
1110,28.0
1110,0.0
1110,0.0
1111,0.0
1111,28.0
1111,0.0
1111,0.0
1112,0.0
1112,0.0
1112,28.0
1112,0.0
1113,0.0
1113,0.0
1113,28.0
1113,0.0
1114,0.0
1114,0.0
1114,28.0
1114,0.0
1115,0.0
1115,0.0
1115,28.0
1115,0.0
1116,0.0
1116,0.0
1116,28.0
1116,0.0
1117,0.0
1117,0.0
1117,28.0
1117,0.0
1118,0.0
1118,28.0
1118,0.0
1119,0.0
1119,0.0
1119,28.0
1120,0.0
1120,0.0
1120,28.0
1120,0.0
1121,0.0
1121,0.0
1121,28.0
1122,0.0
1122,28.0
1122,0.0
1123,0.0
1123,28.0
1123,0.0
1123,0.0
1124,0.0
1124,28.0
1124,0.0
1124,0.0
1125,0.0
1125,28.0
1125,0.0
1125,0.0
1125,0.0
1126,0.0
1126,28.0
1126,0.0
1126,0.0
1127,0.0
1127,28.0
1127,0.0
1128,0.0
1128,0.0
1128,28.0
1128,0.0
1129,0.0
1129,0.0
1129,28.0
1129,0.0
1130,0.0
1130,0.0
1130,28.0
1131,0.0
1131,0.0
1131,28.0
1132,0.0
1132,0.0
1132,28.0
1133,0.0
1133,0.0
1133,28.0
1134,0.0
1134,0.0
1134,28.0
1135,0.0
1135,0.0
1135,28.0
1136,0.0
1136,0.0
1136,28.0
1137,0.0
1137,0.0
1137,28.0
1138,0.0
1138,0.0
1138,28.0
1139,0.0
1139,0.0
1139,28.0
1140,0.0
1140,28.0
1140,0.0
1141,0.0
1141,28.0
1141,0.0
1142,0.0
1142,28.0
1142,0.0
1143,0.0
1143,28.0
1143,0.0
1144,0.0
1144,28.0
1144,0.0
1145,0.0
1145,28.0
1145,0.0
1146,0.0
1146,0.0
1146,28.0
1146,0.0
1147,0.0
1147,0.0
1147,28.0
1147,0.0
1148,0.0
1148,0.0
1148,28.0
1148,0.0
1149,0.0
1149,0.0
1149,28.0
1149,0.0
1150,0.0
1150,0.0
1150,28.0
1150,0.0
1151,0.0
1151,0.0
1151,28.0
1151,0.0
1152,0.0
1152,0.0
1152,28.0
1152,0.0
1153,0.0
1153,0.0
1153,28.0
1153,0.0
1154,0.0
1154,0.0
1154,28.0
1154,0.0
1155,0.0
1155,0.0
1155,28.0
1155,0.0
1156,0.0
1156,0.0
1156,28.0
1156,0.0
1157,0.0
1157,0.0
1157,28.0
1157,0.0
1158,0.0
1158,0.0
1158,28.0
1158,0.0
1159,0.0
1159,0.0
1159,28.0
1159,0.0
1160,0.0
1160,0.0
1160,28.0
1160,0.0
1161,0.0
1161,0.0
1161,28.0
1161,0.0
1162,0.0
1162,0.0
1162,28.0
1163,0.0
1163,0.0
1163,28.0
1164,0.0
1164,0.0
1164,28.0
1165,0.0
1165,0.0
1165,28.0
1166,0.0
1166,28.0
1166,0.0
1167,0.0
1167,0.0
1167,28.0
1168,0.0
1168,0.0
1168,28.0
1169,0.0
1169,0.0
1169,28.0
1170,0.0
1170,0.0
1170,28.0
1171,0.0
1171,0.0
1171,28.0
1172,0.0
1172,0.0
1172,28.0
1172,0.0
1173,0.0
1173,0.0
1173,28.0
1173,0.0
1174,0.0
1174,0.0
1174,0.0
1174,28.0
1175,0.0
1175,0.0
1175,28.0
1175,0.0
1176,0.0
1176,0.0
1176,0.0
1177,0.0
1177,0.0
1177,0.0
1178,0.0
1178,0.0
1178,28.0
1178,0.0
1179,0.0
1179,0.0
1179,28.0
1180,0.0
1180,0.0
1180,28.0
1181,0.0
1181,0.0
1181,28.0
1182,0.0
1182,0.0
1182,28.0
1183,0.0
1183,0.0
1183,28.0
1184,0.0
1184,0.0
1184,28.0
1185,0.0
1185,28.0
1186,0.0
1186,28.0
1187,0.0
1187,28.0
1188,0.0
1188,28.0
1188,0.0
1189,0.0
1189,28.0
1189,0.0
1190,0.0
1190,28.0
1190,0.0
1191,0.0
1191,28.0
1191,0.0
1192,0.0
1192,28.0
1192,0.0
1193,0.0
1193,28.0
1193,0.0
1194,0.0
1194,28.0
1194,0.0
1195,0.0
1195,28.0
1195,0.0
1196,0.0
1196,28.0
1196,0.0
1197,0.0
1197,28.0
1197,0.0
1198,0.0
1198,28.0
1198,0.0
1199,0.0
1199,28.0
1199,0.0
1200,0.0
1200,28.0
1200,0.0
1201,0.0
1201,0.0
1201,0.0
1201,28.0
1202,0.0
1202,0.0
1202,0.0
1202,28.0
1203,0.0
1203,0.0
1203,0.0
1203,28.0
1204,0.0
1204,0.0
1204,28.0
1204,0.0
1205,0.0
1205,0.0
1205,28.0
1205,0.0
1206,0.0
1206,0.0
1206,0.0
1206,28.0
1207,0.0
1207,0.0
1207,0.0
1207,28.0
1208,0.0
1208,0.0
1208,0.0
1209,0.0
1209,0.0
1209,0.0
1210,0.0
1210,0.0
1210,0.0
1211,0.0
1211,0.0
1211,0.0
1212,0.0
1212,0.0
1212,0.0
1213,0.0
1213,0.0
1214,0.0
1214,0.0
1214,0.0
1215,0.0
1215,0.0
1215,0.0
1216,0.0
1216,0.0
1216,0.0
1217,0.0
1217,0.0
1217,0.0
1218,0.0
1218,0.0
1218,0.0
1219,0.0
1219,0.0
1219,0.0
1220,0.0
1220,0.0
1220,0.0
1221,0.0
1221,0.0
1221,0.0
1222,0.0
1222,0.0
1222,0.0
1223,0.0
1223,0.0
1223,0.0
1224,0.0
1224,0.0
1224,0.0
1225,0.0
1225,0.0
1225,0.0
1226,0.0
1226,0.0
1226,0.0
1227,0.0
1227,0.0
1227,0.0
1228,0.0
1228,0.0
1228,0.0
1229,0.0
1229,0.0
1229,0.0
1230,0.0
1230,0.0
1230,0.0
1231,0.0
1231,0.0
1231,0.0
1232,0.0
1232,0.0
1232,0.0
1233,0.0
1233,0.0
1233,0.0
1234,0.0
1234,0.0
1234,0.0
1235,0.0
1235,0.0
1235,0.0
1236,0.0
1236,0.0
1236,0.0
1237,0.0
1237,0.0
1237,0.0
1238,0.0
1238,0.0
1238,0.0
1239,0.0
1239,0.0
1239,0.0
1240,0.0
1240,0.0
1240,0.0
1241,0.0
1241,0.0
1241,0.0
1242,0.0
1242,0.0
1243,0.0
1243,0.0
1243,0.0
1244,0.0
1244,0.0
1244,0.0
1245,0.0
1245,0.0
1245,0.0
1246,0.0
1246,0.0
1247,0.0
1248,0.0
1249,0.0
1250,0.0
1251,0.0
1252,0.0
1253,0.0
1254,0.0
1255,0.0
1256,0.0
1256,0.0
1257,0.0
1258,0.0
1259,0.0
1259,26.0
1260,0.0
1260,0.0
1261,0.0
1261,0.0
1262,0.0
1262,0.0
1262,28.0
1263,0.0
1263,0.0
1263,28.0
1264,0.0
1264,0.0
1264,28.0
1265,0.0
1265,0.0
1266,0.0
1266,0.0
1267,0.0
1267,0.0
1268,0.0
1268,0.0
1268,0.0
1269,0.0
1269,0.0
1269,0.0
1270,0.0
1270,0.0
1270,0.0
1271,0.0
1271,0.0
1271,0.0
1272,0.0
1272,0.0
1272,0.0
1273,0.0
1273,0.0
1273,0.0
1274,0.0
1274,0.0
1275,0.0
1275,0.0
1276,0.0
1276,0.0
1277,0.0
1277,0.0
1277,0.0
1278,0.0
1278,0.0
1278,0.0
1279,0.0
1279,0.0
1279,0.0
1280,0.0
1280,0.0
1280,0.0
1281,0.0
1281,0.0
1281,0.0
1282,0.0
1282,0.0
1282,0.0
1283,0.0
1283,0.0
1283,0.0
1284,0.0
1284,0.0
1284,0.0
1285,0.0
1285,0.0
1285,0.0
1286,0.0
1286,0.0
1286,0.0
1287,0.0
1287,0.0
1287,0.0
1288,0.0
1288,0.0
1288,0.0
1289,0.0
1289,0.0
1289,0.0
1290,0.0
1290,0.0
1290,0.0
1291,0.0
1291,0.0
1292,0.0
1292,0.0
1293,0.0
1293,0.0
1294,0.0
1294,0.0
1295,0.0
1295,0.0
1296,0.0
1296,0.0
1297,0.0
1297,0.0
1298,0.0
1298,0.0
1299,0.0
1299,0.0
1300,0.0
1300,0.0
1301,0.0
1301,0.0
1302,0.0
1303,0.0
1304,28.0
1305,28.0
1306,28.0
1307,28.0
1308,28.0
1309,28.0
1310,28.0
1311,28.0
1312,28.0
1313,28.0
1314,28.0
1314,0.0
1315,28.0
1315,0.0
1316,28.0
1316,0.0
1317,28.0
1317,0.0
1318,28.0
1318,0.0
1319,28.0
1320,28.0
1320,0.0
1321,28.0
1322,28.0
1323,28.0
1323,0.0
1324,28.0
1324,0.0
1325,28.0
1325,0.0
1326,28.0
1326,0.0
1327,28.0
1327,0.0
1328,28.0
1329,28.0
1330,28.0
1331,28.0
1331,0.0
1332,28.0
1332,0.0
1333,28.0
1333,0.0
1334,28.0
1334,0.0
1335,28.0
1335,0.0
1336,28.0
1336,0.0
1337,28.0
1337,0.0
1338,28.0
1338,0.0
1339,28.0
1339,0.0
1340,28.0
1340,0.0
1341,28.0
1341,0.0
1342,28.0
1342,0.0
1343,28.0
1343,0.0
1344,28.0
1344,0.0
1345,28.0
1345,0.0
1346,28.0
1346,0.0
1347,28.0
1347,0.0
1348,28.0
1348,0.0
1349,28.0
1349,0.0
1350,28.0
1350,0.0
1351,0.0
1351,28.0
1352,0.0
1352,28.0
1353,28.0
1353,0.0
1354,28.0
1354,0.0
1355,28.0
1355,0.0
1356,0.0
1356,28.0
1357,0.0
1357,28.0
1358,0.0
1358,28.0
1359,0.0
1359,28.0
1360,0.0
1360,28.0
1360,0.0
1361,0.0
1361,28.0
1361,0.0
1362,0.0
1362,28.0
1362,0.0
1362,0.0
1363,0.0
1363,28.0
1364,28.0
1364,0.0
1364,0.0
1365,28.0
1365,0.0
1365,0.0
1366,28.0
1366,0.0
1366,0.0
1367,0.0
1367,28.0
1367,0.0
1368,0.0
1368,28.0
1369,0.0
1369,28.0
1369,0.0
1370,0.0
1370,0.0
1370,28.0
1371,0.0
1371,0.0
1371,28.0
1372,0.0
1372,28.0
1372,0.0
1373,0.0
1373,28.0
1374,0.0
1374,0.0
1374,28.0
1375,0.0
1375,0.0
1375,28.0
1376,0.0
1376,0.0
1376,28.0
1377,0.0
1377,0.0
1377,28.0
1378,0.0
1378,0.0
1378,28.0
1379,0.0
1379,0.0
1379,28.0
1380,0.0
1380,0.0
1380,28.0
1381,0.0
1381,28.0
1381,0.0
1382,0.0
1382,28.0
1382,0.0
1383,0.0
1383,28.0
1383,0.0
1384,0.0
1384,28.0
1384,0.0
1385,0.0
1385,28.0
1385,0.0
1386,0.0
1386,28.0
1386,0.0
1387,0.0
1387,28.0
1387,0.0
1388,0.0
1388,28.0
1388,0.0
1389,0.0
1389,28.0
1389,0.0
1390,0.0
1390,28.0
1390,0.0
1391,0.0
1391,28.0
1391,0.0
1392,0.0
1392,28.0
1392,0.0
1393,0.0
1393,28.0
1393,0.0
1394,0.0
1394,28.0
1395,0.0
1395,0.0
1395,28.0
1395,0.0
1396,0.0
1396,0.0
1396,28.0
1397,0.0
1397,0.0
1397,28.0
1398,0.0
1398,0.0
1398,28.0
1399,0.0
1399,0.0
1399,28.0
1400,0.0
1400,0.0
1400,28.0
1401,0.0
1401,28.0
1401,0.0
1402,0.0
1402,28.0
1402,0.0
1403,0.0
1403,0.0
1403,28.0
1403,0.0
1404,0.0
1404,0.0
1404,28.0
1404,0.0
1405,0.0
1405,0.0
1405,28.0
1405,0.0
1406,0.0
1406,0.0
1406,28.0
1406,0.0
1407,0.0
1407,0.0
1407,28.0
1407,0.0
1408,0.0
1408,0.0
1408,28.0
1408,0.0
1409,0.0
1409,0.0
1409,28.0
1409,0.0
1410,0.0
1410,0.0
1410,28.0
1410,0.0
1411,0.0
1411,28.0
1411,0.0
1412,0.0
1412,28.0
1412,0.0
1413,0.0
1413,28.0
1413,0.0
1414,0.0
1414,28.0
1414,0.0
1415,0.0
1415,28.0
1415,0.0
1415,0.0
1416,0.0
1416,28.0
1416,0.0
1416,0.0
1417,0.0
1417,0.0
1417,28.0
1417,0.0
1418,0.0
1418,0.0
1418,28.0
1418,0.0
1419,0.0
1419,28.0
1419,0.0
1419,0.0
1420,0.0
1420,28.0
1420,0.0
1420,0.0
1421,0.0
1421,28.0
1421,0.0
1422,0.0
1422,0.0
1422,28.0
1423,0.0
1423,0.0
1423,28.0
1424,0.0
1424,0.0
1424,28.0
1425,0.0
1425,0.0
1425,28.0
1426,0.0
1426,0.0
1426,0.0
1426,28.0
1427,0.0
1427,0.0
1427,0.0
1427,28.0
1428,0.0
1428,0.0
1428,0.0
1428,28.0
1429,0.0
1429,0.0
1429,0.0
1430,0.0
1430,0.0
1430,0.0
1431,0.0
1431,0.0
1431,0.0
1432,0.0
1432,0.0
1432,0.0
1432,28.0
1432,0.0
1433,0.0
1433,0.0
1433,0.0
1434,0.0
1434,0.0
1435,0.0
1435,0.0
1436,0.0
1436,0.0
1437,0.0
1437,0.0
1437,0.0
1438,0.0
1439,0.0
1440,0.0
1440,0.0
1441,0.0
1447,0.0
1448,0.0
1449,0.0
1449,0.0
1450,0.0
1450,0.0
1451,0.0
1451,0.0
1452,0.0
1452,0.0
1453,0.0
1453,0.0
1454,0.0
1454,0.0
1455,0.0
1456,0.0
1456,0.0
1457,0.0
1457,0.0
1458,0.0
1458,0.0
1459,0.0
1459,0.0
1459,0.0
1460,0.0
1460,0.0
1460,0.0
1461,0.0
1461,0.0
1461,0.0
1462,0.0
1462,0.0
1463,0.0
1464,0.0
1465,0.0
1466,0.0
1467,0.0
1467,0.0
1467,0.0
1468,0.0
1469,0.0
1469,0.0
1470,0.0
1470,0.0
1471,0.0
1471,0.0
1472,0.0
1472,0.0
1473,0.0
1473,0.0
1473,0.0
1474,0.0
1474,0.0
1474,0.0
1475,0.0
1475,0.0
1475,0.0
1476,0.0
1476,0.0
1476,0.0
1476,0.0
1477,0.0
1477,0.0
1477,0.0
1477,0.0
1478,0.0
1478,0.0
1478,0.0
1479,0.0
1479,0.0
1480,0.0
1480,0.0
1481,0.0
1481,0.0
1482,0.0
1482,0.0
1482,0.0
1482,2.0
1482,0.0
1483,0.0
1483,0.0
1483,2.0
1484,0.0
1484,2.0
1484,0.0
1485,0.0
1485,2.0
1486,0.0
1486,0.0
1486,2.0
1487,0.0
1487,0.0
1487,0.0
1488,0.0
1488,0.0
1488,0.0
1488,0.0
1489,0.0
1489,0.0
1489,0.0
1490,0.0
1490,0.0
1490,0.0
1491,0.0
1491,0.0
1491,0.0
1492,0.0
1492,0.0
1492,0.0
1492,0.0
1493,0.0
1493,0.0
1493,0.0
1493,0.0
1494,0.0
1494,0.0
1494,0.0
1494,0.0
1495,0.0
1495,0.0
1495,0.0
1495,0.0
1495,0.0
1496,0.0
1496,0.0
1496,0.0
1496,0.0
1497,0.0
1497,0.0
1497,0.0
1497,0.0
1498,0.0
1498,0.0
1498,0.0
1498,0.0
1499,0.0
1499,0.0
1499,0.0
1499,0.0
1499,0.0
1500,0.0
1500,0.0
1500,0.0
1500,0.0
1500,0.0
1501,0.0
1501,0.0
1501,0.0
1501,0.0
1501,0.0
1501,0.0
1501,0.0
1502,0.0
1502,0.0
1502,0.0
1502,0.0
1502,0.0
1502,0.0
1503,0.0
1503,0.0
1503,0.0
1503,0.0
1503,0.0
1504,0.0
1504,0.0
1504,0.0
1504,0.0
1504,0.0
1505,0.0
1505,0.0
1505,0.0
1505,0.0
1506,0.0
1506,0.0
1506,0.0
1506,0.0
1507,0.0
1507,0.0
1507,0.0
1507,0.0
1507,0.0
1507,0.0
1508,0.0
1508,0.0
1508,0.0
1508,0.0
1508,0.0
1509,0.0
1509,0.0
1509,0.0
1509,0.0
1509,0.0
1509,28.0
1509,0.0
1510,0.0
1510,0.0
1510,0.0
1510,0.0
1510,28.0
1511,0.0
1511,0.0
1511,0.0
1511,0.0
1511,0.0
1512,0.0
1512,0.0
1512,0.0
1513,0.0
1513,0.0
1513,0.0
1513,0.0
1514,0.0
1514,0.0
1514,0.0
1514,0.0
1514,0.0
1514,28.0
1515,0.0
1515,0.0
1515,0.0
1515,0.0
1515,0.0
1515,28.0
1516,0.0
1516,0.0
1516,0.0
1516,0.0
1517,0.0
1517,0.0
1517,0.0
1517,0.0
1517,28.0
1517,0.0
1518,0.0
1518,0.0
1518,0.0
1518,0.0
1518,0.0
1518,28.0
1519,0.0
1519,0.0
1519,0.0
1519,0.0
1519,0.0
1519,28.0
1520,0.0
1520,0.0
1520,0.0
1520,0.0
1520,28.0
1520,0.0
1521,0.0
1521,0.0
1521,0.0
1521,28.0
1521,0.0
1521,0.0
1522,0.0
1522,0.0
1522,0.0
1522,0.0
1522,28.0
1522,0.0
1523,0.0
1523,0.0
1523,0.0
1523,0.0
1523,0.0
1523,28.0
1523,0.0
1523,0.0
1524,0.0
1524,0.0
1524,0.0
1524,0.0
1524,0.0
1524,28.0
1524,0.0
1524,0.0
1525,0.0
1525,0.0
1525,0.0
1525,0.0
1525,28.0
1525,2.0
1525,0.0
1526,0.0
1526,0.0
1526,0.0
1526,28.0
1526,0.0
1526,0.0
1526,0.0
1526,2.0
1527,0.0
1527,0.0
1527,0.0
1527,0.0
1527,28.0
1527,2.0
1527,0.0
1528,0.0
1528,2.0
1528,0.0
1528,0.0
1528,0.0
1528,28.0
1528,0.0
1529,0.0
1529,2.0
1529,0.0
1529,0.0
1529,28.0
1529,0.0
1529,0.0
1530,2.0
1530,0.0
1530,0.0
1530,0.0
1530,0.0
1530,28.0
1530,0.0
1531,0.0
1531,2.0
1531,28.0
1531,0.0
1531,0.0
1531,0.0
1531,0.0
1532,0.0
1532,2.0
1532,0.0
1532,0.0
1532,28.0
1532,0.0
1533,0.0
1533,2.0
1533,0.0
1533,0.0
1533,0.0
1533,28.0
1534,0.0
1534,0.0
1534,0.0
1534,0.0
1534,28.0
1534,0.0
1534,0.0
1535,0.0
1535,0.0
1535,0.0
1535,28.0
1535,0.0
1535,0.0
1535,0.0
1536,0.0
1536,0.0
1536,0.0
1536,0.0
1536,0.0
1536,28.0
1537,0.0
1537,0.0
1537,0.0
1537,0.0
1537,28.0
1537,0.0
1538,0.0
1538,0.0
1538,0.0
1538,0.0
1539,0.0
1539,0.0
1539,0.0
1539,0.0
1539,0.0
1539,0.0
1540,0.0
1540,0.0
1540,0.0
1540,0.0
1540,0.0
1540,28.0
1541,0.0
1541,0.0
1541,0.0
1541,0.0
1541,0.0
1542,0.0
1542,0.0
1542,0.0
1542,0.0
1542,0.0
1542,0.0
1543,0.0
1543,0.0
1543,0.0
1543,0.0
1543,0.0
1543,0.0
1544,0.0
1544,0.0
1544,2.0
1544,0.0
1544,0.0
1544,0.0
1545,0.0
1545,0.0
1545,0.0
1545,2.0
1545,0.0
1545,0.0
1546,0.0
1546,0.0
1546,0.0
1546,0.0
1546,0.0
1546,0.0
1547,0.0
1547,0.0
1547,0.0
1547,0.0
1547,0.0
1547,0.0
1548,0.0
1548,0.0
1548,0.0
1548,0.0
1548,0.0
1549,0.0
1549,0.0
1549,0.0
1549,0.0
1549,28.0
1549,0.0
1550,0.0
1550,0.0
1550,0.0
1550,0.0
1551,0.0
1551,0.0
1551,0.0
1551,0.0
1551,28.0
1552,0.0
1552,0.0
1552,0.0
1552,0.0
1552,0.0
1552,0.0
1552,0.0
1552,0.0
1553,0.0
1553,0.0
1553,0.0
1553,0.0
1553,0.0
1553,0.0
1554,0.0
1554,0.0
1554,0.0
1554,0.0
1554,0.0
1554,0.0
1554,0.0
1555,0.0
1555,0.0
1555,0.0
1555,0.0
1555,0.0
1556,0.0
1556,0.0
1556,0.0
1556,0.0
1556,0.0
1557,0.0
1557,0.0
1557,0.0
1557,0.0
1557,0.0
1557,0.0
1558,0.0
1558,0.0
1558,0.0
1558,0.0
1558,0.0
1558,0.0
1558,0.0
1559,0.0
1559,0.0
1559,0.0
1559,0.0
1559,0.0
1559,0.0
1559,28.0
1560,0.0
1560,0.0
1560,0.0
1560,0.0
1560,0.0
1560,28.0
1560,0.0
1560,0.0
1561,0.0
1561,0.0
1561,0.0
1561,0.0
1561,0.0
1561,0.0
1561,28.0
1561,0.0
1562,0.0
1562,0.0
1562,0.0
1562,0.0
1562,0.0
1562,0.0
1562,28.0
1562,0.0
1563,0.0
1563,0.0
1563,0.0
1563,0.0
1563,0.0
1563,0.0
1563,0.0
1564,0.0
1564,0.0
1564,0.0
1564,0.0
1564,0.0
1564,0.0
1564,0.0
1565,0.0
1565,0.0
1565,0.0
1565,0.0
1565,0.0
1565,0.0
1566,0.0
1566,0.0
1566,0.0
1566,0.0
1566,0.0
1566,0.0
1566,0.0
1567,0.0
1567,0.0
1567,0.0
1567,0.0
1567,0.0
1567,0.0
1568,0.0
1568,0.0
1568,0.0
1568,0.0
1568,0.0
1568,0.0
1569,0.0
1569,0.0
1569,0.0
1569,0.0
1569,0.0
1569,0.0
1569,0.0
1570,0.0
1570,0.0
1570,0.0
1570,0.0
1570,0.0
1570,0.0
1570,0.0
1571,0.0
1571,0.0
1571,0.0
1571,0.0
1571,0.0
1571,0.0
1572,0.0
1572,0.0
1572,0.0
1572,0.0
1572,0.0
1572,0.0
1573,0.0
1573,0.0
1573,0.0
1573,0.0
1573,0.0
1573,0.0
1574,0.0
1574,0.0
1574,0.0
1574,0.0
1574,0.0
1574,0.0
1574,0.0
1575,0.0
1575,0.0
1575,0.0
1575,0.0
1575,0.0
1575,0.0
1575,0.0
1576,0.0
1576,0.0
1576,0.0
1576,0.0
1576,0.0
1576,0.0
1576,0.0
1577,0.0
1577,0.0
1577,0.0
1577,0.0
1577,0.0
1577,0.0
1577,0.0
1578,0.0
1578,0.0
1578,0.0
1578,0.0
1578,0.0
1578,0.0
1579,0.0
1579,0.0
1579,0.0
1579,0.0
1579,0.0
1579,0.0
1580,0.0
1580,0.0
1580,0.0
1580,0.0
1580,0.0
1580,0.0
1581,0.0
1581,0.0
1581,0.0
1581,0.0
1581,0.0
1581,28.0
1581,0.0
1582,0.0
1582,0.0
1582,0.0
1582,0.0
1582,0.0
1582,0.0
1582,28.0
1582,0.0
1583,0.0
1583,0.0
1583,0.0
1583,28.0
1583,0.0
1583,0.0
1583,0.0
1584,0.0
1584,0.0
1584,0.0
1584,28.0
1584,0.0
1584,0.0
1584,0.0
1584,0.0
1585,0.0
1585,0.0
1585,0.0
1585,0.0
1585,0.0
1585,28.0
1585,0.0
1586,0.0
1586,0.0
1586,0.0
1586,0.0
1586,28.0
1586,0.0
1586,0.0
1587,0.0
1587,0.0
1587,28.0
1587,0.0
1587,0.0
1587,0.0
1587,0.0
1587,0.0
1588,0.0
1588,0.0
1588,0.0
1588,28.0
1588,0.0
1588,0.0
1588,0.0
1588,0.0
1589,0.0
1589,0.0
1589,0.0
1589,0.0
1589,0.0
1589,0.0
1589,28.0
1589,0.0
1590,0.0
1590,0.0
1590,0.0
1590,0.0
1590,0.0
1590,28.0
1590,0.0
1591,0.0
1591,28.0
1591,0.0
1591,0.0
1591,0.0
1591,0.0
1591,0.0
1591,0.0
1592,0.0
1592,28.0
1592,0.0
1592,0.0
1593,0.0
1593,28.0
1593,0.0
1593,0.0
1593,0.0
1594,0.0
1594,28.0
1594,0.0
1594,0.0
1595,0.0
1595,28.0
1595,0.0
1595,0.0
1596,0.0
1596,0.0
1596,28.0
1596,0.0
1596,0.0
1596,0.0
1597,0.0
1597,28.0
1597,0.0
1597,0.0
1597,0.0
1598,0.0
1598,0.0
1598,28.0
1598,0.0
1598,0.0
1599,0.0
1599,28.0
1599,0.0
1599,0.0
1599,0.0
1599,0.0
1600,0.0
1600,28.0
1600,0.0
1600,0.0
1600,0.0
1600,0.0
1601,0.0
1601,0.0
1601,28.0
1601,0.0
1601,0.0
1602,0.0
1602,0.0
1602,28.0
1602,0.0
1602,0.0
1603,0.0
1603,0.0
1603,28.0
1603,0.0
1603,0.0
1603,0.0
1604,0.0
1604,0.0
1604,28.0
1604,0.0
1604,0.0
1604,0.0
1605,0.0
1605,0.0
1605,28.0
1605,0.0
1605,0.0
1605,0.0
1606,0.0
1606,0.0
1606,28.0
1606,0.0
1606,0.0
1606,0.0
1607,0.0
1607,0.0
1607,28.0
1607,0.0
1607,0.0
1607,0.0
1608,0.0
1608,0.0
1608,28.0
1608,0.0
1608,0.0
1608,0.0
1609,0.0
1609,0.0
1609,28.0
1609,0.0
1609,0.0
1609,0.0
1610,0.0
1610,28.0
1610,0.0
1610,0.0
1610,0.0
1610,0.0
1611,0.0
1611,28.0
1611,0.0
1612,0.0
1612,28.0
1612,0.0
1612,0.0
1613,0.0
1613,28.0
1613,0.0
1613,0.0
1614,0.0
1614,28.0
1614,0.0
1614,0.0
1615,0.0
1615,28.0
1615,0.0
1615,0.0
1616,0.0
1616,28.0
1616,0.0
1616,0.0
1617,0.0
1617,28.0
1617,0.0
1617,0.0
1618,0.0
1618,28.0
1618,0.0
1618,0.0
1619,0.0
1619,28.0
1619,0.0
1619,0.0
1620,0.0
1620,28.0
1620,0.0
1620,0.0
1621,0.0
1621,28.0
1621,0.0
1621,0.0
1622,0.0
1622,28.0
1622,0.0
1622,0.0
1623,0.0
1623,28.0
1623,0.0
1623,0.0
1624,0.0
1624,28.0
1624,0.0
1624,0.0
1625,0.0
1625,28.0
1625,0.0
1625,0.0
1626,0.0
1626,28.0
1626,0.0
