1,0.0
2,0.0
3,0.0
4,0.0
5,0.0
6,0.0
7,0.0
8,0.0
9,0.0
10,0.0
11,0.0
12,0.0
13,0.0
14,0.0
15,0.0
16,0.0
17,0.0
18,0.0
19,0.0
20,0.0
21,0.0
22,0.0
23,0.0
24,0.0
25,0.0
26,0.0
27,0.0
28,0.0
29,0.0
30,0.0
31,0.0
32,0.0
33,0.0
34,0.0
35,0.0
36,0.0
37,0.0
38,0.0
39,0.0
40,0.0
41,0.0
42,0.0
43,0.0
44,0.0
45,0.0
46,0.0
47,0.0
48,0.0
49,0.0
50,0.0
51,0.0
52,0.0
53,0.0
54,0.0
55,0.0
56,0.0
57,0.0
58,0.0
59,0.0
60,0.0
61,0.0
62,0.0
63,0.0
64,0.0
65,0.0
66,0.0
67,0.0
68,0.0
69,0.0
70,0.0
71,0.0
72,0.0
73,0.0
74,0.0
75,0.0
76,0.0
77,0.0
78,0.0
79,0.0
80,0.0
81,0.0
82,0.0
83,0.0
84,0.0
85,0.0
86,0.0
87,0.0
88,0.0
89,0.0
90,0.0
91,0.0
92,0.0
93,0.0
94,0.0
95,0.0
96,0.0
97,0.0
98,0.0
99,0.0
100,0.0
101,0.0
102,0.0
103,0.0
104,0.0
105,0.0
106,0.0
107,0.0
108,0.0
109,0.0
110,0.0
111,0.0
112,0.0
113,0.0
114,0.0
115,0.0
116,0.0
117,0.0
118,0.0
119,0.0
120,0.0
121,0.0
122,0.0
123,0.0
124,0.0
125,0.0
126,0.0
127,0.0
128,0.0
129,0.0
130,0.0
130,0.0
131,0.0
131,0.0
132,0.0
132,0.0
133,0.0
133,0.0
134,0.0
134,0.0
135,0.0
135,0.0
136,0.0
136,0.0
137,0.0
137,0.0
138,0.0
138,0.0
139,0.0
139,0.0
140,0.0
140,0.0
141,0.0
141,0.0
142,0.0
142,0.0
143,0.0
143,0.0
144,0.0
144,0.0
145,0.0
145,0.0
146,0.0
146,0.0
147,0.0
147,0.0
148,0.0
148,0.0
149,0.0
149,0.0
150,0.0
151,0.0
152,0.0
153,0.0
154,0.0
155,0.0
156,0.0
157,0.0
158,0.0
159,0.0
160,0.0
161,0.0
162,0.0
163,0.0
163,72.0
164,0.0
164,72.0
165,0.0
165,72.0
166,0.0
166,72.0
167,0.0
167,72.0
168,0.0
169,0.0
170,0.0
171,0.0
172,0.0
173,0.0
174,0.0
175,0.0
176,0.0
177,0.0
178,0.0
179,0.0
180,0.0
181,0.0
182,0.0
183,0.0
184,0.0
185,0.0
186,0.0
187,0.0
188,0.0
189,0.0
190,0.0
191,0.0
192,0.0
193,0.0
194,0.0
195,0.0
196,0.0
197,0.0
198,0.0
199,0.0
200,0.0
201,0.0
202,0.0
203,0.0
204,0.0
205,0.0
206,0.0
207,0.0
208,0.0
209,0.0
210,0.0
211,0.0
212,0.0
213,0.0
214,0.0
215,0.0
216,0.0
217,0.0
218,0.0
219,0.0
220,0.0
221,0.0
222,0.0
223,0.0
224,0.0
225,0.0
226,0.0
227,0.0
228,0.0
229,0.0
229,72.0
230,0.0
231,0.0
232,0.0
233,0.0
234,0.0
235,0.0
236,0.0
237,0.0
238,0.0
239,0.0
240,0.0
241,0.0
242,0.0
243,0.0
244,0.0
245,0.0
246,0.0
247,0.0
248,0.0
249,0.0
250,0.0
251,0.0
252,0.0
253,0.0
254,0.0
255,0.0
256,0.0
257,0.0
258,0.0
259,0.0
260,0.0
261,0.0
262,0.0
263,0.0
264,0.0
265,0.0
266,0.0
267,0.0
268,0.0
268,56.0
269,0.0
269,56.0
270,0.0
270,56.0
271,0.0
272,0.0
273,0.0
274,0.0
275,0.0
276,0.0
277,0.0
278,0.0
279,0.0
280,0.0
281,0.0
282,0.0
285,0.0
478,0.0
479,0.0
480,0.0
481,0.0
482,0.0
483,0.0
484,0.0
485,0.0
486,0.0
487,0.0
488,0.0
489,0.0
490,0.0
491,0.0
492,0.0
493,0.0
494,0.0
495,0.0
496,0.0
497,0.0
498,0.0
499,0.0
500,0.0
501,0.0
501,56.0
502,0.0
502,56.0
503,0.0
503,56.0
504,0.0
504,56.0
505,0.0
506,0.0
507,0.0
508,0.0
509,0.0
510,0.0
511,0.0
512,0.0
513,0.0
514,0.0
515,0.0
516,0.0
517,0.0
518,0.0
519,0.0
520,0.0
521,0.0
522,0.0
523,0.0
524,0.0
525,0.0
526,0.0
527,0.0
528,0.0
529,0.0
530,0.0
531,0.0
532,0.0
533,0.0
534,0.0
535,0.0
536,0.0
537,0.0
538,0.0
539,0.0
540,0.0
541,0.0
542,0.0
543,0.0
544,0.0
545,0.0
546,0.0
547,0.0
548,0.0
549,0.0
550,0.0
551,0.0
552,0.0
553,0.0
554,0.0
555,0.0
556,0.0
557,0.0
558,0.0
559,0.0
560,0.0
561,0.0
562,0.0
563,0.0
564,0.0
565,0.0
566,0.0
567,0.0
568,0.0
569,0.0
570,0.0
571,0.0
572,0.0
573,0.0
574,0.0
575,0.0
576,0.0
577,0.0
578,0.0
579,0.0
580,0.0
581,0.0
582,0.0
583,0.0
584,0.0
585,0.0
586,0.0
587,0.0
588,0.0
589,0.0
590,0.0
591,0.0
592,0.0
593,0.0
594,0.0
595,0.0
596,0.0
597,0.0
598,0.0
599,0.0
600,0.0
601,0.0
602,0.0
603,0.0
604,0.0
605,0.0
606,0.0
607,0.0
608,0.0
609,0.0
610,0.0
611,0.0
612,0.0
613,0.0
614,0.0
615,0.0
616,0.0
617,0.0
618,0.0
619,0.0
620,0.0
621,0.0
622,0.0
623,0.0
624,0.0
625,0.0
626,0.0
627,0.0
628,0.0
629,0.0
630,0.0
631,0.0
632,0.0
633,0.0
634,0.0
635,0.0
636,0.0
637,0.0
638,0.0
639,0.0
640,0.0
641,0.0
642,0.0
643,0.0
644,0.0
645,0.0
646,0.0
647,0.0
648,0.0
649,0.0
650,0.0
651,0.0
652,0.0
653,0.0
654,0.0
655,0.0
656,0.0
657,0.0
658,0.0
659,0.0
660,0.0
661,0.0
662,0.0
663,0.0
664,0.0
665,0.0
666,0.0
667,0.0
668,0.0
669,0.0
670,0.0
671,0.0
672,0.0
673,0.0
674,0.0
675,0.0
676,0.0
677,0.0
678,0.0
679,0.0
680,0.0
681,0.0
682,0.0
683,0.0
684,0.0
685,0.0
686,0.0
687,0.0
688,0.0
689,0.0
690,0.0
691,0.0
692,0.0
693,0.0
694,0.0
695,0.0
696,0.0
697,0.0
698,0.0
699,0.0
700,0.0
701,0.0
702,0.0
703,0.0
704,0.0
705,0.0
706,0.0
707,0.0
708,0.0
709,0.0
710,0.0
711,0.0
712,0.0
713,0.0
714,0.0
715,0.0
716,0.0
717,0.0
718,0.0
719,0.0
720,0.0
721,0.0
722,0.0
723,0.0
724,0.0
725,0.0
726,0.0
727,0.0
728,0.0
729,0.0
730,0.0
731,0.0
732,0.0
733,0.0
734,0.0
735,0.0
736,0.0
737,0.0
738,0.0
739,0.0
740,0.0
741,0.0
742,0.0
743,0.0
744,0.0
745,0.0
746,0.0
747,0.0
748,0.0
749,0.0
750,0.0
751,0.0
752,0.0
753,0.0
754,0.0
755,0.0
756,0.0
757,0.0
758,0.0
759,0.0
760,0.0
761,0.0
762,0.0
763,0.0
764,0.0
765,0.0
766,0.0
767,0.0
768,0.0
769,0.0
770,0.0
771,0.0
772,0.0
773,0.0
774,0.0
775,0.0
776,0.0
777,0.0
778,0.0
779,0.0
780,0.0
781,0.0
782,0.0
783,0.0
784,0.0
785,0.0
786,0.0
787,0.0
788,0.0
789,0.0
790,0.0
791,0.0
792,0.0
793,0.0
794,0.0
795,0.0
796,0.0
797,0.0
798,0.0
799,0.0
800,0.0
801,0.0
802,0.0
803,0.0
804,0.0
805,0.0
806,0.0
807,0.0
808,0.0
809,0.0
810,0.0
811,0.0
812,0.0
813,0.0
813,56.0
814,0.0
814,56.0
815,0.0
815,56.0
816,0.0
817,0.0
817,56.0
818,0.0
819,0.0
819,56.0
820,0.0
820,56.0
821,0.0
821,56.0
822,0.0
822,56.0
823,0.0
823,56.0
824,0.0
825,0.0
826,0.0
827,0.0
828,0.0
829,0.0
830,0.0
831,0.0
832,0.0
833,0.0
834,0.0
835,0.0
836,0.0
837,0.0
838,0.0
839,0.0
840,0.0
841,0.0
842,0.0
843,0.0
844,0.0
845,0.0
846,0.0
847,0.0
848,0.0
849,0.0
850,0.0
851,0.0
852,0.0
853,0.0
854,0.0
855,0.0
856,0.0
857,0.0
858,0.0
859,0.0
860,0.0
861,0.0
862,0.0
863,0.0
864,0.0
865,0.0
866,0.0
867,0.0
868,0.0
869,0.0
870,0.0
871,0.0
872,0.0
873,0.0
874,0.0
875,0.0
876,0.0
877,0.0
878,0.0
879,0.0
880,0.0
881,0.0
882,0.0
883,0.0
884,0.0
885,0.0
886,0.0
887,0.0
888,0.0
889,0.0
890,0.0
891,0.0
892,0.0
893,0.0
945,56.0
946,0.0
946,56.0
947,0.0
947,56.0
948,0.0
948,56.0
949,0.0
949,56.0
950,0.0
950,56.0
950,62.0
951,0.0
951,56.0
951,62.0
952,0.0
953,0.0
954,0.0
954,56.0
955,0.0
956,0.0
957,0.0
968,56.0
969,56.0
970,56.0
971,56.0
972,56.0
973,56.0
973,62.0
974,56.0
974,62.0
975,56.0
975,0.0
975,62.0
976,56.0
976,0.0
976,62.0
977,56.0
977,0.0
977,62.0
978,56.0
978,0.0
978,62.0
979,56.0
979,0.0
979,62.0
980,0.0
980,56.0
980,62.0
981,0.0
981,56.0
981,62.0
982,0.0
982,56.0
982,62.0
983,0.0
983,56.0
983,62.0
984,0.0
984,56.0
984,62.0
985,0.0
985,56.0
985,62.0
986,0.0
986,56.0
986,62.0
987,0.0
987,56.0
987,62.0
988,0.0
988,56.0
988,62.0
989,0.0
989,56.0
989,62.0
990,0.0
990,56.0
990,62.0
991,56.0
991,0.0
991,62.0
992,0.0
992,56.0
992,62.0
993,0.0
993,56.0
993,62.0
994,0.0
994,56.0
994,62.0
995,0.0
995,56.0
995,62.0
996,0.0
996,56.0
996,62.0
997,0.0
997,56.0
997,62.0
998,0.0
998,56.0
998,62.0
999,0.0
999,56.0
999,62.0
999,73.0
1000,0.0
1000,56.0
1000,62.0
1001,0.0
1001,56.0
1001,62.0
1002,0.0
1002,56.0
1002,62.0
1003,0.0
1003,56.0
1003,62.0
1004,0.0
1004,56.0
1004,62.0
1005,0.0
1005,56.0
1005,62.0
1006,0.0
1006,56.0
1006,62.0
1007,0.0
1007,56.0
1007,62.0
1008,0.0
1008,56.0
1008,62.0
1009,0.0
1009,56.0
1009,62.0
1010,0.0
1010,56.0
1010,62.0
1011,0.0
1011,56.0
1011,62.0
1012,0.0
1012,56.0
1012,62.0
1013,0.0
1013,56.0
1013,62.0
1014,0.0
1014,56.0
1014,62.0
1015,0.0
1015,56.0
1015,62.0
1016,0.0
1016,56.0
1016,62.0
1017,0.0
1017,56.0
1017,62.0
1018,0.0
1018,56.0
1018,62.0
1019,0.0
1019,56.0
1019,62.0
1020,0.0
1020,56.0
1020,62.0
1021,56.0
1021,0.0
1021,62.0
1022,56.0
1022,0.0
1022,62.0
1023,0.0
1023,56.0
1023,62.0
1024,0.0
1024,56.0
1024,62.0
1025,0.0
1025,56.0
1025,62.0
1026,0.0
1026,56.0
1026,62.0
1027,0.0
1027,56.0
1027,62.0
1028,0.0
1028,56.0
1028,62.0
1029,0.0
1029,56.0
1029,62.0
1030,0.0
1030,56.0
1030,62.0
1031,0.0
1031,56.0
1031,62.0
1032,0.0
1032,56.0
1032,62.0
1033,0.0
1033,56.0
1033,62.0
1034,0.0
1034,56.0
1034,62.0
1035,0.0
1035,56.0
1035,62.0
1036,0.0
1036,56.0
1036,62.0
1037,0.0
1037,56.0
1037,62.0
1038,0.0
1038,56.0
1038,62.0
1039,0.0
1039,56.0
1039,62.0
1040,0.0
1040,62.0
1040,56.0
1041,0.0
1041,62.0
1041,56.0
1042,0.0
1042,62.0
1042,56.0
1043,0.0
1043,62.0
1043,56.0
1044,0.0
1044,62.0
1044,73.0
1045,0.0
1045,62.0
1045,56.0
1046,0.0
1046,62.0
1046,56.0
1047,0.0
1047,62.0
1047,56.0
1048,0.0
1048,62.0
1048,56.0
1049,0.0
1049,62.0
1049,56.0
1050,0.0
1050,62.0
1050,56.0
1051,0.0
1051,62.0
1051,56.0
1052,0.0
1052,62.0
1053,0.0
1053,62.0
1053,56.0
1053,56.0
1054,0.0
1054,62.0
1054,56.0
1054,56.0
1055,0.0
1055,62.0
1055,56.0
1055,56.0
1056,0.0
1056,62.0
1056,56.0
1056,56.0
1057,0.0
1057,62.0
1058,0.0
1058,62.0
1059,0.0
1059,62.0
1060,0.0
1060,62.0
1060,56.0
1061,0.0
1061,62.0
1061,56.0
1062,0.0
1062,62.0
1062,56.0
1063,0.0
1063,62.0
1064,0.0
1064,62.0
1065,0.0
1065,62.0
1066,0.0
1066,62.0
1067,0.0
1067,62.0
1068,0.0
1069,0.0
1070,0.0
1071,0.0
1072,0.0
1073,0.0
1074,0.0
1075,0.0
1076,0.0
1077,0.0
1078,0.0
1079,0.0
1080,0.0
1081,0.0
1082,0.0
1083,0.0
1084,0.0
1084,56.0
1085,0.0
1085,56.0
1086,0.0
1086,56.0
1087,0.0
1087,56.0
1088,0.0
1089,0.0
1090,0.0
1091,0.0
1092,0.0
1093,0.0
1094,0.0
1095,0.0
1096,0.0
1097,0.0
1098,0.0
1099,0.0
1100,0.0
1100,62.0
1101,0.0
1101,62.0
1102,0.0
1102,62.0
1102,56.0
1103,0.0
1103,62.0
1103,56.0
1104,0.0
1104,56.0
1104,62.0
1105,0.0
1105,56.0
1105,62.0
1106,0.0
1106,56.0
1106,62.0
1107,0.0
1107,56.0
1107,62.0
1108,0.0
1108,56.0
1108,62.0
1109,0.0
1109,56.0
1109,62.0
1110,0.0
1110,56.0
1110,62.0
1111,0.0
1111,56.0
1111,62.0
1112,56.0
1112,0.0
1112,62.0
1113,56.0
1113,62.0
1113,0.0
1114,56.0
1114,62.0
1114,0.0
1115,56.0
1115,62.0
1115,0.0
1116,56.0
1116,62.0
1116,0.0
1117,56.0
1117,62.0
1118,56.0
1118,62.0
1119,56.0
1119,0.0
1119,62.0
1120,56.0
1120,62.0
1121,56.0
1121,62.0
1122,56.0
1122,62.0
1123,56.0
1123,62.0
1124,56.0
1124,62.0
1125,56.0
1125,62.0
1126,56.0
1126,62.0
1127,56.0
1127,62.0
1128,56.0
1128,62.0
1129,56.0
1129,62.0
1130,56.0
1130,62.0
1131,56.0
1131,62.0
1132,56.0
1132,62.0
1133,56.0
1133,62.0
1134,56.0
1134,62.0
1135,56.0
1136,56.0
1136,62.0
1137,56.0
1138,56.0
1138,62.0
1139,56.0
1139,62.0
1140,56.0
1140,62.0
1141,56.0
1142,56.0
1142,62.0
1143,56.0
1143,62.0
1144,56.0
1144,62.0
1145,56.0
1145,62.0
1146,56.0
1146,62.0
1147,56.0
1147,62.0
1148,56.0
1148,62.0
1149,56.0
1149,62.0
1150,56.0
1150,62.0
1151,56.0
1151,62.0
1152,56.0
1152,62.0
1153,56.0
1153,62.0
1154,56.0
1154,62.0
1155,56.0
1155,62.0
1156,56.0
1156,62.0
1157,56.0
1157,62.0
1158,56.0
1158,62.0
1159,56.0
1159,62.0
1160,56.0
1160,62.0
1161,56.0
1161,62.0
1162,56.0
1162,62.0
1163,56.0
1163,62.0
1164,56.0
1164,62.0
1165,56.0
1165,62.0
1166,56.0
1166,62.0
1167,56.0
1167,62.0
1168,56.0
1168,62.0
1169,56.0
1169,62.0
1170,56.0
1170,62.0
1171,56.0
1171,73.0
1172,56.0
1172,73.0
1173,56.0
1173,73.0
1173,62.0
1174,56.0
1174,73.0
1175,56.0
1175,73.0
1176,56.0
1176,73.0
1177,56.0
1177,73.0
1178,56.0
1178,73.0
1179,56.0
1179,73.0
1180,56.0
1180,73.0
1180,62.0
1181,56.0
1181,73.0
1181,62.0
1182,56.0
1182,73.0
1182,62.0
1183,56.0
1183,73.0
1184,56.0
1184,73.0
1185,56.0
1185,73.0
1186,56.0
1186,73.0
1187,56.0
1187,73.0
1188,56.0
1188,73.0
1189,56.0
1189,73.0
1190,56.0
1190,73.0
1191,56.0
1191,73.0
1191,62.0
1192,56.0
1192,73.0
1193,56.0
1193,62.0
1193,73.0
1194,56.0
1194,62.0
1194,73.0
1195,56.0
1195,62.0
1196,56.0
1197,56.0
1197,73.0
1198,56.0
1199,56.0
1200,56.0
1201,56.0
1202,56.0
1203,56.0
1204,56.0
1205,56.0
1206,56.0
1207,56.0
1207,62.0
1208,56.0
1209,56.0
1210,56.0
1211,56.0
1212,56.0
1213,56.0
1213,62.0
1214,56.0
1215,56.0
1216,56.0
1217,56.0
1218,56.0
1218,62.0
1219,56.0
1220,56.0
1221,56.0
1222,56.0
1223,56.0
1224,56.0
1225,56.0
1226,56.0
1227,56.0
1228,56.0
1228,62.0
1229,56.0
1229,62.0
1230,56.0
1230,62.0
1231,56.0
1231,62.0
1232,56.0
1232,62.0
1233,56.0
1233,62.0
1234,56.0
1234,62.0
1235,56.0
1235,62.0
1236,56.0
1236,62.0
1237,56.0
1237,62.0
1238,56.0
1238,62.0
1239,56.0
1239,62.0
1240,56.0
1240,62.0
1241,56.0
1241,62.0
1242,56.0
1242,62.0
1243,56.0
1243,62.0
1244,56.0
1244,62.0
1245,56.0
1245,62.0
1246,56.0
1246,62.0
1247,56.0
1247,62.0
1248,56.0
1248,62.0
1249,56.0
1249,62.0
1250,56.0
1250,62.0
1251,56.0
1251,62.0
1252,56.0
1252,62.0
1253,56.0
1253,62.0
1254,56.0
1254,62.0
1255,56.0
1255,62.0
1256,56.0
1256,62.0
1257,56.0
1257,62.0
1258,56.0
1258,62.0
1259,56.0
1259,62.0
1260,56.0
1260,62.0
1261,56.0
1261,62.0
1262,56.0
1262,62.0
1263,56.0
1263,62.0
1264,56.0
1264,62.0
1265,56.0
1265,62.0
1266,56.0
1266,62.0
1267,56.0
1267,62.0
1268,56.0
1268,62.0
1269,56.0
1269,62.0
1270,56.0
1270,62.0
1271,56.0
1271,62.0
1272,56.0
1272,62.0
1273,56.0
1273,62.0
1274,56.0
1274,62.0
1275,56.0
1275,62.0
1276,56.0
1276,62.0
1277,56.0
1277,62.0
1278,56.0
1278,62.0
1279,56.0
1279,62.0
1280,56.0
1280,62.0
1281,56.0
1281,62.0
1282,56.0
1282,62.0
1283,56.0
1283,62.0
1284,56.0
1284,62.0
1285,56.0
1285,62.0
1286,56.0
1286,62.0
1287,56.0
1287,62.0
1288,56.0
1288,62.0
1289,56.0
1289,62.0
1290,56.0
1291,56.0
1292,56.0
1293,56.0
1294,56.0
1295,56.0
1296,56.0
1297,56.0
1298,56.0
1299,56.0
1300,56.0
1301,56.0
1302,56.0
1303,56.0
1304,56.0
1305,56.0
1306,56.0
1306,73.0
1307,56.0
1307,73.0
1308,56.0
1308,73.0
1309,56.0
1309,0.0
1309,73.0
1310,56.0
1310,0.0
1310,73.0
1311,56.0
1311,0.0
1311,73.0
1312,56.0
1312,0.0
1312,73.0
1313,56.0
1313,0.0
1313,73.0
1314,0.0
1314,56.0
1314,73.0
1315,0.0
1315,56.0
1316,0.0
1316,56.0
1316,73.0
1317,0.0
1317,56.0
1318,0.0
1318,56.0
1318,62.0
1319,0.0
1319,56.0
1319,62.0
1320,0.0
1320,56.0
1320,62.0
1321,0.0
1321,56.0
1321,62.0
1322,0.0
1322,56.0
1322,62.0
1323,0.0
1323,56.0
1323,62.0
1324,0.0
1324,56.0
1324,62.0
1325,0.0
1325,56.0
1325,62.0
1326,0.0
1326,56.0
1326,62.0
1327,0.0
1327,56.0
1327,62.0
1328,0.0
1328,56.0
1328,62.0
1329,0.0
1329,56.0
1329,56.0
1329,62.0
1330,0.0
1330,62.0
1331,0.0
1331,62.0
1332,0.0
1333,0.0
1334,0.0
1335,0.0
1336,0.0
1337,0.0
1338,0.0
1339,0.0
1339,72.0
1340,0.0
1341,0.0
1342,0.0
1343,0.0
1344,0.0
1345,0.0
1346,0.0
1347,0.0
1348,0.0
1349,0.0
1350,0.0
1351,0.0
1352,0.0
1353,0.0
1354,0.0
1355,0.0
1356,0.0
1357,0.0
1358,0.0
1359,0.0
1360,0.0
1361,0.0
1362,0.0
1363,0.0
1364,0.0
1365,0.0
1366,0.0
1367,0.0
1368,0.0
1369,0.0
1370,0.0
1371,0.0
1371,56.0
1372,0.0
1372,56.0
1373,0.0
1373,56.0
1374,0.0
1374,56.0
1375,0.0
1376,0.0
1377,0.0
1378,0.0
1379,0.0
1380,0.0
1381,0.0
1382,0.0
1383,0.0
1384,0.0
1385,0.0
1386,0.0
1387,0.0
1388,0.0
1389,0.0
1390,0.0
1391,0.0
1392,0.0
1392,72.0
1392,72.0
1393,0.0
1393,72.0
1394,0.0
1394,72.0
1395,0.0
1396,0.0
1397,0.0
1398,0.0
1399,0.0
1399,72.0
1400,0.0
1401,0.0
1402,0.0
1403,0.0
1404,0.0
1405,0.0
1406,0.0
1407,0.0
1408,0.0
1409,0.0
1410,0.0
1411,0.0
1412,0.0
1413,0.0
1414,0.0
1415,0.0
1416,0.0
1417,0.0
1418,0.0
1419,0.0
1420,0.0
1421,0.0
1422,0.0
1423,0.0
1424,0.0
1425,0.0
1426,0.0
1427,0.0
1428,0.0
1428,72.0
1429,0.0
1429,72.0
1430,0.0
1431,0.0
1432,0.0
1433,0.0
1434,0.0
1435,0.0
1436,0.0
1437,0.0
1438,0.0
1439,0.0
1440,0.0
1441,0.0
1441,72.0
1442,0.0
1443,0.0
1444,0.0
1445,0.0
1446,0.0
1447,0.0
1448,0.0
1449,0.0
1449,72.0
1450,0.0
1451,0.0
1452,0.0
1453,0.0
1454,0.0
1454,72.0
1455,0.0
1455,72.0
1456,0.0
1456,72.0
1457,0.0
1457,72.0
1458,0.0
1458,72.0
1459,0.0
1459,72.0
1460,0.0
1461,0.0
1461,72.0
1462,0.0
1463,0.0
1464,0.0
1465,0.0
1466,0.0
1467,0.0
1468,0.0
1469,0.0
1470,0.0
1471,0.0
1472,0.0
1472,62.0
1473,0.0
1473,62.0
1474,0.0
1474,62.0
1475,0.0
1475,62.0
1476,0.0
1476,62.0
1477,0.0
1477,62.0
1478,0.0
1478,62.0
1479,0.0
1479,62.0
1480,0.0
1480,62.0
1481,0.0
1481,62.0
1482,0.0
1482,62.0
1483,0.0
1483,62.0
1484,0.0
1484,62.0
1485,0.0
1485,62.0
1486,0.0
1486,62.0
1487,0.0
1487,62.0
1488,0.0
1488,62.0
1489,0.0
1489,62.0
1490,0.0
1490,62.0
1491,0.0
1491,62.0
1492,0.0
1492,62.0
1493,0.0
1493,62.0
1494,0.0
1494,62.0
1494,72.0
1495,0.0
1495,62.0
1496,0.0
1496,62.0
1497,0.0
1497,62.0
1498,0.0
1498,62.0
1499,0.0
1499,62.0
1500,0.0
1500,62.0
1501,0.0
1501,62.0
1502,0.0
1502,62.0
1503,0.0
1503,62.0
1504,0.0
1504,62.0
1505,0.0
1505,62.0
1506,0.0
1506,62.0
1507,0.0
1507,62.0
1508,0.0
1508,62.0
1509,0.0
1509,62.0
1510,0.0
1510,62.0
1510,56.0
1511,0.0
1511,62.0
1511,56.0
1512,0.0
1512,62.0
1512,56.0
1513,0.0
1513,62.0
1514,0.0
1514,62.0
1514,56.0
1515,0.0
1515,56.0
1515,62.0
1516,56.0
1516,0.0
1516,62.0
1517,56.0
1517,0.0
1517,62.0
1518,0.0
1518,56.0
1518,62.0
1519,0.0
1519,56.0
1519,62.0
1520,0.0
1520,56.0
1520,62.0
1521,0.0
1521,56.0
1521,62.0
1522,0.0
1522,56.0
1522,62.0
1523,0.0
1523,56.0
1523,62.0
1524,0.0
1524,56.0
1524,62.0
1525,0.0
1525,56.0
1525,62.0
1526,0.0
1526,56.0
1526,62.0
1527,0.0
1527,56.0
1527,62.0
1528,56.0
1528,0.0
1528,62.0
1529,56.0
1529,0.0
1529,62.0
1530,56.0
1530,0.0
1530,62.0
1531,0.0
1531,56.0
1531,62.0
1532,0.0
1532,56.0
1532,62.0
1533,0.0
1533,56.0
1533,62.0
1534,0.0
1534,56.0
1534,62.0
1535,0.0
1535,56.0
1535,62.0
1536,0.0
1536,56.0
1536,62.0
1537,0.0
1537,56.0
1537,62.0
1538,0.0
1538,56.0
1538,62.0
1539,0.0
1539,56.0
1539,62.0
1540,56.0
1540,0.0
1540,62.0
1541,56.0
1541,0.0
1541,62.0
1542,56.0
1542,0.0
1542,62.0
1543,56.0
1543,0.0
1543,62.0
1544,56.0
1544,0.0
1544,62.0
1545,0.0
1545,56.0
1545,62.0
1545,73.0
1545,73.0
1546,0.0
1546,56.0
1546,62.0
1546,73.0
1546,73.0
1547,0.0
1547,56.0
1547,62.0
1547,73.0
1547,73.0
1548,0.0
1548,56.0
1548,62.0
1548,73.0
1548,73.0
1549,0.0
1549,56.0
1549,62.0
1549,73.0
1549,73.0
1550,0.0
1550,56.0
1550,62.0
1550,73.0
1550,73.0
1551,0.0
1551,56.0
1551,62.0
1551,73.0
1551,73.0
1552,56.0
1552,0.0
1552,62.0
1552,73.0
1552,73.0
1553,56.0
1553,0.0
1553,62.0
1553,73.0
1553,73.0
1554,0.0
1554,56.0
1554,62.0
1554,73.0
1554,73.0
1555,0.0
1555,56.0
1555,62.0
1555,73.0
1555,73.0
1556,0.0
1556,56.0
1556,62.0
1556,73.0
1556,73.0
1557,0.0
1557,62.0
1557,56.0
1557,73.0
1557,73.0
1558,0.0
1558,56.0
1558,62.0
1558,73.0
1558,73.0
1559,0.0
1559,56.0
1559,62.0
1559,73.0
1559,73.0
1560,0.0
1560,62.0
1560,56.0
1560,73.0
1560,73.0
1561,0.0
1561,56.0
1561,62.0
1562,0.0
1562,56.0
1562,62.0
1562,73.0
1562,73.0
1563,0.0
1563,56.0
1563,62.0
1564,0.0
1564,56.0
1564,62.0
1565,0.0
1565,56.0
1565,62.0
1566,0.0
1566,56.0
1566,62.0
1567,0.0
1567,56.0
1567,62.0
1568,0.0
1568,62.0
1568,56.0
1569,0.0
1569,62.0
1569,56.0
1570,0.0
1570,62.0
1570,56.0
1571,0.0
1571,62.0
1571,56.0
1572,0.0
1572,56.0
1572,62.0
1573,0.0
1573,62.0
1573,56.0
1573,56.0
1574,0.0
1574,62.0
1574,56.0
1574,56.0
1575,0.0
1575,62.0
1575,56.0
1575,56.0
1575,73.0
1576,0.0
1576,62.0
1576,56.0
1576,56.0
1576,73.0
1576,73.0
1577,0.0
1577,62.0
1577,56.0
1577,56.0
1577,73.0
1577,73.0
1578,0.0
1578,62.0
1578,56.0
1578,73.0
1579,0.0
1579,62.0
1579,56.0
1579,73.0
1579,73.0
1580,0.0
1580,56.0
1580,62.0
1580,73.0
1581,0.0
1581,56.0
1581,62.0
1581,73.0
1581,73.0
1582,0.0
1582,56.0
1582,62.0
1582,73.0
1582,73.0
1583,0.0
1583,56.0
1583,62.0
1583,73.0
1583,73.0
1584,0.0
1584,56.0
1584,62.0
1584,73.0
1584,73.0
1585,0.0
1585,56.0
1585,62.0
1585,73.0
1585,73.0
1586,0.0
1586,62.0
1586,56.0
1586,73.0
1586,73.0
1587,0.0
1587,62.0
1587,56.0
1587,73.0
1587,73.0
1588,0.0
1588,62.0
1588,56.0
1588,73.0
1588,73.0
1589,0.0
1589,56.0
1589,62.0
1589,73.0
1589,73.0
1590,0.0
1590,56.0
1590,62.0
1590,73.0
1590,73.0
1591,0.0
1591,56.0
1591,62.0
1591,73.0
1591,73.0
1592,0.0
1592,62.0
1592,56.0
1592,73.0
1592,73.0
1593,0.0
1593,62.0
1593,56.0
1593,73.0
1593,73.0
1594,0.0
1594,62.0
1594,56.0
1594,73.0
1594,73.0
1595,0.0
1595,62.0
1595,56.0
1595,73.0
1595,73.0
1596,0.0
1596,62.0
1596,56.0
1596,73.0
1596,73.0
1597,0.0
1597,62.0
1597,56.0
1597,73.0
1597,73.0
1598,0.0
1598,62.0
1598,73.0
1598,56.0
1598,73.0
1599,0.0
1599,62.0
1599,56.0
1599,73.0
1599,73.0
1600,0.0
1600,62.0
1600,56.0
1600,73.0
1600,73.0
1601,0.0
1601,62.0
1601,56.0
1601,73.0
1601,73.0
1602,0.0
1602,62.0
1602,56.0
1602,73.0
1602,73.0
1603,0.0
1603,62.0
1603,56.0
1603,73.0
1603,73.0
1604,0.0
1604,62.0
1604,56.0
1604,73.0
1604,73.0
1605,0.0
1605,62.0
1605,73.0
1605,56.0
1605,73.0
1606,0.0
1606,62.0
1606,73.0
1606,56.0
1606,73.0
1607,0.0
1607,62.0
1607,56.0
1607,73.0
1607,73.0
1608,0.0
1608,62.0
1608,73.0
1608,56.0
1608,73.0
1609,0.0
1609,62.0
1609,56.0
1609,73.0
1609,73.0
1610,0.0
1610,62.0
1610,56.0
1610,73.0
1610,73.0
1611,0.0
1611,62.0
1611,73.0
1611,73.0
1611,56.0
1612,0.0
1612,62.0
1612,73.0
1612,73.0
1613,0.0
1613,62.0
1613,73.0
1613,73.0
1614,0.0
1614,62.0
1614,73.0
1614,73.0
1615,0.0
1615,62.0
1615,56.0
1615,73.0
1615,73.0
1616,0.0
1616,62.0
1616,56.0
1616,73.0
1616,73.0
1616,56.0
1617,0.0
1617,62.0
1617,73.0
1617,73.0
1617,56.0
1617,56.0
1618,0.0
1618,62.0
1618,73.0
1618,56.0
1618,73.0
1619,0.0
1619,62.0
1619,56.0
1619,73.0
1619,73.0
1620,0.0
1620,62.0
1620,56.0
1620,73.0
1620,73.0
1621,0.0
1621,62.0
1621,56.0
1621,73.0
1621,73.0
1622,0.0
1622,62.0
1622,56.0
1622,73.0
1622,73.0
1623,0.0
1623,62.0
1623,56.0
1623,73.0
1624,0.0
1624,62.0
1624,56.0
1624,73.0
1624,73.0
1625,0.0
1625,62.0
1625,56.0
1625,73.0
1625,73.0
1626,0.0
1626,62.0
1626,56.0
1626,73.0
1626,73.0
1627,0.0
1627,62.0
1627,56.0
1627,73.0
1628,0.0
1628,62.0
1628,56.0
1628,73.0
1629,0.0
1629,62.0
1629,56.0
1629,73.0
1629,73.0
1630,0.0
1630,62.0
1630,56.0
1630,73.0
1630,73.0
1631,0.0
1631,62.0
1631,56.0
1631,73.0
1631,73.0
1632,0.0
1632,62.0
1632,56.0
1632,73.0
1632,73.0
1633,0.0
1633,62.0
1633,56.0
1633,73.0
1633,73.0
1634,0.0
1634,62.0
1634,56.0
1634,73.0
1634,73.0
1635,0.0
1635,62.0
1635,56.0
1635,73.0
1635,73.0
1636,0.0
1636,62.0
1636,56.0
1636,73.0
1636,73.0
1637,0.0
1637,62.0
1637,56.0
1637,73.0
1637,73.0
1638,0.0
1638,62.0
1638,56.0
1638,73.0
1638,73.0
1639,0.0
1639,62.0
1639,56.0
1639,73.0
1639,73.0
1640,0.0
1640,62.0
1640,56.0
1640,73.0
1640,73.0
1641,0.0
1641,62.0
1641,56.0
1641,73.0
1641,73.0
1642,0.0
1642,62.0
1642,56.0
1642,73.0
1642,73.0
1643,0.0
1643,62.0
1643,56.0
1643,73.0
1643,73.0
1644,0.0
1644,62.0
1644,56.0
1644,73.0
1644,73.0
1645,0.0
1645,62.0
1645,56.0
1645,73.0
1645,73.0
1646,0.0
1646,62.0
1646,56.0
1646,73.0
1646,73.0
1647,0.0
1647,62.0
1647,56.0
1647,73.0
1647,73.0
1648,0.0
1648,62.0
1648,56.0
1648,73.0
1648,73.0
1649,0.0
1649,62.0
1649,56.0
1649,73.0
1649,73.0
1650,0.0
1650,62.0
1650,56.0
1650,73.0
1651,0.0
1651,62.0
1651,56.0
1651,73.0
1651,73.0
1652,0.0
1652,62.0
1652,56.0
1653,0.0
1653,62.0
1653,73.0
1653,73.0
1653,56.0
1654,0.0
1654,62.0
1654,73.0
1655,0.0
1655,62.0
1656,0.0
1656,62.0
1656,56.0
1657,0.0
1657,62.0
1658,0.0
1658,62.0
1659,0.0
1659,62.0
1660,0.0
1660,62.0
1660,56.0
1661,0.0
1661,62.0
1661,56.0
1662,0.0
1662,62.0
1662,56.0
1663,0.0
1663,62.0
1664,0.0
1664,62.0
1664,56.0
1665,0.0
1665,62.0
1665,56.0
1666,0.0
1666,62.0
1666,56.0
1667,0.0
1667,62.0
1667,56.0
1668,0.0
1668,62.0
1668,56.0
1669,0.0
1669,62.0
1669,56.0
1670,0.0
1670,62.0
1670,56.0
1671,0.0
1671,62.0
1671,56.0
1672,0.0
1672,62.0
1672,56.0
1673,0.0
1673,62.0
1673,56.0
1674,0.0
1674,62.0
1674,56.0
1675,0.0
1675,62.0
1675,56.0
1676,0.0
1676,62.0
1676,56.0
1677,0.0
1677,62.0
1677,56.0
1678,0.0
1678,62.0
1678,56.0
1678,73.0
1679,0.0
1679,62.0
1679,56.0
1679,73.0
1680,0.0
1680,62.0
1680,56.0
1681,0.0
1681,56.0
1681,62.0
1682,0.0
1682,62.0
1682,56.0
1683,0.0
1683,56.0
1683,62.0
1683,73.0
1684,0.0
1684,56.0
1684,62.0
1684,73.0
1685,0.0
1685,56.0
1685,62.0
1685,73.0
1686,0.0
1686,56.0
1686,62.0
1686,73.0
1687,0.0
1687,56.0
1687,62.0
1687,73.0
1688,0.0
1688,56.0
1688,62.0
1688,73.0
1689,0.0
1689,62.0
1689,56.0
1689,73.0
1690,0.0
1690,56.0
1690,62.0
1690,73.0
1690,73.0
1691,0.0
1691,56.0
1691,62.0
1691,73.0
1691,73.0
1692,0.0
1692,62.0
1692,56.0
1692,73.0
1692,73.0
1693,0.0
1693,62.0
1693,56.0
1693,73.0
1693,73.0
1694,0.0
1694,62.0
1694,56.0
1694,73.0
1694,73.0
1695,0.0
1695,62.0
1695,56.0
1695,73.0
1695,73.0
1696,0.0
1696,62.0
1696,56.0
1696,73.0
1696,73.0
1697,0.0
1697,62.0
1697,56.0
1697,73.0
1697,73.0
1698,0.0
1698,62.0
1698,56.0
1698,73.0
1698,73.0
1699,0.0
1699,62.0
1699,56.0
1699,73.0
1699,73.0
1700,0.0
1700,62.0
1700,56.0
1700,73.0
1700,73.0
1701,0.0
1701,62.0
1701,56.0
1701,73.0
1701,73.0
1702,0.0
1702,62.0
1702,56.0
1702,73.0
1702,73.0
1703,0.0
1703,62.0
1703,56.0
1703,73.0
1703,73.0
1704,0.0
1704,62.0
1704,56.0
1704,73.0
1704,73.0
1705,0.0
1705,62.0
1705,56.0
1705,73.0
1705,73.0
1706,0.0
1706,62.0
1706,56.0
1706,73.0
1706,73.0
1707,0.0
1707,62.0
1707,56.0
1707,73.0
1707,73.0
1708,0.0
1708,62.0
1708,56.0
1708,73.0
1708,73.0
1709,0.0
1709,62.0
1709,56.0
1709,73.0
1709,73.0
1710,0.0
1710,62.0
1710,56.0
1710,73.0
1710,73.0
1711,0.0
1711,62.0
1711,56.0
1711,73.0
1711,73.0
1712,0.0
1712,62.0
1712,56.0
1712,73.0
1712,73.0
1713,0.0
1713,62.0
1713,56.0
1713,73.0
1713,73.0
1714,0.0
1714,62.0
1714,56.0
1714,73.0
1714,73.0
1715,0.0
1715,62.0
1715,56.0
1715,73.0
1715,73.0
1716,0.0
1716,62.0
1716,56.0
1716,73.0
1716,73.0
1717,0.0
1717,62.0
1717,56.0
1717,73.0
1717,73.0
1718,0.0
1718,62.0
1718,56.0
1718,73.0
1718,73.0
1719,0.0
1719,62.0
1719,56.0
1719,73.0
1719,73.0
1720,0.0
1720,62.0
1720,56.0
1720,73.0
1720,73.0
1721,0.0
1721,62.0
1721,56.0
1721,73.0
1721,73.0
1722,0.0
1722,62.0
1722,56.0
1722,73.0
1722,73.0
1723,0.0
1723,62.0
1723,56.0
1723,73.0
1723,73.0
1724,0.0
1724,62.0
1724,56.0
1724,73.0
1724,73.0
1725,0.0
1725,62.0
1725,56.0
1725,73.0
1725,73.0
1726,0.0
1726,62.0
1726,56.0
1726,73.0
1726,73.0
1727,0.0
1727,62.0
1727,56.0
1727,73.0
1727,73.0
1728,0.0
1728,62.0
1728,56.0
1728,73.0
1728,73.0
1729,0.0
1729,62.0
1729,56.0
1729,73.0
1729,73.0
1730,0.0
1730,62.0
1730,56.0
1730,73.0
1730,73.0
1731,0.0
1731,62.0
1731,56.0
1731,73.0
1731,73.0
1732,0.0
1732,62.0
1732,56.0
1732,73.0
1732,73.0
1733,0.0
1733,62.0
1733,56.0
1733,73.0
1733,73.0
1734,0.0
1734,62.0
1734,56.0
1734,73.0
1734,73.0
1735,0.0
1735,62.0
1735,56.0
1735,73.0
1735,73.0
1736,0.0
1736,62.0
1736,56.0
1736,73.0
1736,73.0
1737,0.0
1737,62.0
1737,56.0
1737,73.0
1737,73.0
1738,0.0
1738,62.0
1738,56.0
1738,73.0
1738,73.0
1739,0.0
1739,62.0
1739,56.0
1739,73.0
1739,73.0
1740,0.0
1740,62.0
1740,56.0
1740,73.0
1740,73.0
1741,0.0
1741,62.0
1741,56.0
1741,73.0
1741,73.0
1742,0.0
1742,62.0
1742,56.0
1742,73.0
1742,73.0
1743,0.0
1743,62.0
1743,56.0
1743,73.0
1743,73.0
1744,0.0
1744,62.0
1744,56.0
1744,73.0
1744,73.0
1745,0.0
1745,62.0
1745,56.0
1745,73.0
1745,73.0
1746,0.0
1746,62.0
1746,56.0
1746,73.0
1746,73.0
1747,0.0
1747,56.0
1747,62.0
1747,73.0
1747,73.0
1748,0.0
1748,62.0
1748,56.0
1748,73.0
1748,73.0
1749,0.0
1749,62.0
1749,56.0
1749,73.0
1749,73.0
1750,0.0
1750,62.0
1750,56.0
1750,73.0
1750,73.0
1751,0.0
1751,62.0
1751,56.0
1751,73.0
1751,73.0
1752,0.0
1752,62.0
1752,56.0
1752,73.0
1752,73.0
1753,0.0
1753,62.0
1753,56.0
1753,73.0
1753,73.0
1754,0.0
1754,62.0
1754,56.0
1754,73.0
1754,73.0
1755,0.0
1755,62.0
1755,56.0
1755,73.0
1755,73.0
1756,0.0
1756,62.0
1756,56.0
1756,73.0
1756,73.0
1757,0.0
1757,62.0
1757,56.0
1757,73.0
1757,73.0
1758,0.0
1758,62.0
1758,56.0
1758,73.0
1758,73.0
1759,0.0
1759,62.0
1759,56.0
1759,73.0
1759,73.0
1760,0.0
1760,62.0
1760,56.0
1760,73.0
1760,73.0
1761,0.0
1761,62.0
1761,56.0
1761,73.0
1761,73.0
1762,0.0
1762,62.0
1762,56.0
1762,73.0
1762,73.0
1763,0.0
1763,62.0
1763,56.0
1763,73.0
1763,73.0
1764,0.0
1764,62.0
1764,56.0
1764,73.0
1764,73.0
1765,0.0
1765,62.0
1765,56.0
1765,73.0
1765,73.0
1766,0.0
1766,62.0
1766,56.0
1766,73.0
1766,73.0
1767,0.0
1767,62.0
1767,56.0
1767,73.0
1767,73.0
1768,0.0
1768,62.0
1768,56.0
1768,73.0
1768,73.0
1769,0.0
1769,62.0
1769,56.0
1769,73.0
1769,73.0
1770,0.0
1770,62.0
1770,56.0
1770,73.0
1770,73.0
1771,0.0
1771,62.0
1771,56.0
1771,73.0
1772,0.0
1772,62.0
1772,56.0
1772,73.0
1772,73.0
1773,0.0
1773,62.0
1773,56.0
1773,73.0
1774,0.0
1774,62.0
1774,56.0
1774,73.0
1774,73.0
1775,0.0
1775,62.0
1775,56.0
1775,73.0
1775,73.0
1776,0.0
1776,62.0
1776,56.0
1776,73.0
1776,73.0
1777,0.0
1777,62.0
1777,56.0
1777,73.0
1777,73.0
1778,0.0
1778,62.0
1778,56.0
1778,73.0
1779,0.0
1779,62.0
1779,56.0
1779,73.0
1780,0.0
1780,62.0
1780,56.0
1780,73.0
1781,0.0
1781,62.0
1781,56.0
1781,73.0
1782,0.0
1782,62.0
1782,56.0
1782,73.0
1782,73.0
1783,0.0
1783,56.0
1783,62.0
1783,73.0
1783,73.0
1784,0.0
1784,62.0
1784,56.0
1784,73.0
1785,0.0
1785,62.0
1785,56.0
1785,73.0
1786,0.0
1786,62.0
1786,56.0
1786,73.0
1787,0.0
1787,62.0
1787,56.0
1787,73.0
1788,0.0
1788,62.0
1788,56.0
1788,73.0
1789,0.0
1789,62.0
1789,56.0
1789,73.0
1789,73.0
1790,0.0
1790,62.0
1790,56.0
1790,73.0
1791,0.0
1791,62.0
1791,56.0
1791,73.0
1792,0.0
1792,62.0
1792,56.0
1792,73.0
1793,0.0
1793,62.0
1793,56.0
1793,73.0
1794,0.0
1794,62.0
1794,56.0
1794,73.0
1795,0.0
1795,62.0
1795,56.0
1795,73.0
1796,0.0
1796,62.0
1796,56.0
1796,73.0
1797,0.0
1797,62.0
1797,56.0
1797,73.0
1798,0.0
1798,62.0
1798,56.0
1798,73.0
1799,0.0
1799,62.0
1799,56.0
1799,73.0
1800,0.0
1800,62.0
1800,56.0
1800,73.0
1801,0.0
1801,62.0
1801,56.0
1802,0.0
1802,62.0
1802,56.0
1803,0.0
1803,62.0
1803,56.0
1804,0.0
1804,62.0
1804,56.0
1804,73.0
1805,0.0
1805,62.0
1805,56.0
1805,73.0
1806,0.0
1806,62.0
1806,56.0
1806,73.0
1807,0.0
1807,62.0
1807,56.0
1807,73.0
1808,0.0
1808,62.0
1808,56.0
1808,73.0
1809,0.0
1809,62.0
1809,56.0
1810,0.0
1810,62.0
1810,56.0
1810,73.0
1811,0.0
1811,62.0
1811,56.0
1811,73.0
1812,0.0
1812,62.0
1812,56.0
1812,73.0
1813,0.0
1813,62.0
1813,56.0
1813,73.0
1814,0.0
1814,62.0
1814,56.0
1814,73.0
1815,0.0
1815,62.0
1815,56.0
1815,73.0
1816,0.0
1816,62.0
1816,56.0
1816,73.0
1817,0.0
1817,62.0
1817,56.0
1817,73.0
1818,0.0
1818,62.0
1818,56.0
1818,73.0
1819,0.0
1819,62.0
1819,56.0
1819,73.0
1820,0.0
1820,62.0
1820,56.0
1820,73.0
1821,0.0
1821,62.0
1821,56.0
1821,73.0
1822,0.0
1822,62.0
1822,56.0
1822,73.0
1823,0.0
1823,62.0
1823,56.0
1823,73.0
1824,0.0
1824,62.0
1824,56.0
1824,73.0
1824,73.0
1825,0.0
1825,62.0
1825,56.0
1825,73.0
1826,0.0
1826,62.0
1826,56.0
1826,73.0
1827,0.0
1827,62.0
1827,56.0
1827,73.0
1828,0.0
1828,62.0
1828,56.0
1828,73.0
1829,0.0
1829,62.0
1829,56.0
1829,73.0
1830,0.0
1830,56.0
1830,62.0
1831,0.0
1831,62.0
1831,56.0
1832,0.0
1832,62.0
1832,56.0
1833,0.0
1833,62.0
1833,56.0
1834,0.0
1834,56.0
1834,62.0
1835,0.0
1835,56.0
1835,62.0
