138,7.0
139,7.0
140,7.0
141,7.0
142,7.0
143,7.0
144,7.0
145,7.0
146,7.0
147,7.0
148,7.0
162,7.0
165,7.0
173,7.0
176,7.0
177,7.0
178,7.0
179,7.0
180,7.0
181,7.0
182,7.0
183,7.0
184,7.0
185,7.0
186,7.0
187,7.0
188,7.0
189,7.0
190,7.0
191,7.0
192,7.0
193,7.0
194,7.0
195,7.0
196,7.0
197,7.0
198,7.0
199,7.0
200,7.0
201,7.0
202,7.0
203,7.0
204,7.0
205,7.0
206,7.0
207,7.0
208,7.0
209,7.0
210,7.0
211,7.0
212,7.0
213,7.0
214,7.0
215,7.0
216,7.0
217,7.0
218,7.0
219,7.0
220,7.0
221,7.0
222,7.0
223,7.0
224,7.0
225,7.0
226,7.0
227,7.0
228,7.0
229,7.0
230,7.0
231,7.0
232,7.0
233,7.0
234,7.0
235,7.0
236,7.0
237,7.0
238,7.0
239,7.0
240,7.0
240,2.0
241,7.0
242,7.0
243,7.0
244,7.0
245,7.0
246,7.0
247,7.0
248,7.0
249,7.0
250,7.0
251,7.0
252,7.0
253,7.0
254,7.0
255,7.0
256,7.0
257,7.0
258,7.0
259,7.0
260,7.0
261,7.0
262,7.0
263,7.0
264,7.0
265,7.0
266,7.0
267,7.0
268,7.0
269,7.0
270,7.0
271,7.0
272,7.0
273,7.0
274,7.0
275,7.0
275,2.0
276,7.0
277,7.0
278,7.0
279,7.0
280,7.0
281,7.0
282,7.0
283,7.0
284,7.0
285,7.0
286,7.0
287,7.0
288,7.0
289,7.0
290,7.0
291,7.0
292,7.0
293,7.0
294,7.0
295,7.0
296,7.0
297,7.0
298,7.0
299,7.0
300,0.0
300,7.0
301,0.0
301,7.0
302,7.0
303,7.0
304,7.0
304,0.0
305,0.0
305,7.0
306,0.0
306,7.0
306,5.0
307,5.0
307,0.0
308,5.0
308,0.0
309,5.0
309,0.0
310,7.0
310,0.0
311,5.0
311,0.0
311,3.0
312,3.0
312,0.0
312,7.0
313,5.0
313,7.0
314,5.0
314,7.0
315,5.0
315,7.0
316,0.0
316,5.0
316,7.0
316,3.0
317,7.0
317,0.0
318,7.0
318,5.0
319,3.0
319,5.0
319,7.0
320,3.0
320,5.0
321,5.0
321,3.0
321,7.0
322,5.0
322,3.0
323,5.0
323,7.0
324,5.0
324,0.0
325,7.0
326,7.0
327,7.0
328,7.0
329,7.0
329,5.0
330,7.0
331,7.0
331,0.0
332,7.0
332,0.0
333,7.0
333,0.0
334,7.0
335,7.0
335,0.0
336,7.0
336,0.0
337,0.0
337,5.0
337,7.0
338,0.0
338,5.0
338,7.0
339,0.0
339,5.0
339,7.0
340,0.0
340,5.0
340,7.0
341,5.0
342,5.0
342,0.0
343,5.0
343,0.0
343,0.0
344,5.0
344,0.0
344,0.0
345,5.0
345,0.0
345,0.0
346,5.0
346,0.0
346,0.0
347,5.0
347,0.0
347,0.0
348,5.0
348,0.0
348,0.0
348,3.0
349,0.0
349,3.0
349,5.0
349,0.0
349,2.0
350,0.0
350,3.0
350,5.0
350,0.0
350,2.0
351,0.0
351,3.0
351,5.0
351,0.0
351,2.0
352,3.0
352,0.0
352,7.0
352,0.0
352,2.0
352,5.0
353,0.0
353,0.0
353,3.0
353,7.0
353,2.0
353,5.0
354,0.0
354,0.0
354,3.0
354,7.0
354,2.0
355,0.0
355,7.0
355,0.0
355,3.0
355,3.0
355,3.0
356,0.0
356,7.0
356,0.0
356,3.0
356,3.0
356,3.0
356,3.0
357,0.0
357,7.0
357,3.0
357,0.0
357,3.0
357,3.0
358,7.0
358,3.0
358,0.0
358,0.0
358,3.0
359,3.0
359,0.0
359,0.0
359,3.0
359,7.0
359,5.0
360,3.0
360,0.0
360,5.0
360,3.0
360,0.0
361,3.0
361,3.0
361,0.0
361,0.0
361,5.0
362,3.0
362,3.0
362,0.0
362,0.0
362,5.0
363,3.0
363,3.0
363,0.0
363,0.0
363,5.0
364,3.0
364,0.0
364,3.0
364,0.0
364,7.0
364,5.0
365,3.0
365,0.0
365,3.0
365,0.0
365,7.0
365,0.0
366,3.0
366,0.0
366,0.0
366,3.0
366,7.0
366,5.0
367,3.0
367,3.0
367,0.0
367,0.0
367,0.0
367,5.0
368,3.0
368,3.0
368,0.0
368,0.0
368,5.0
368,0.0
369,3.0
369,3.0
369,0.0
369,5.0
369,0.0
369,0.0
370,3.0
370,0.0
370,3.0
370,5.0
371,0.0
371,3.0
371,3.0
371,7.0
371,0.0
372,3.0
372,0.0
372,3.0
372,5.0
372,0.0
373,3.0
373,5.0
373,0.0
373,3.0
373,0.0
373,0.0
374,3.0
374,0.0
374,5.0
374,3.0
374,0.0
374,0.0
375,3.0
375,0.0
375,5.0
375,3.0
375,0.0
375,0.0
376,3.0
376,0.0
376,5.0
376,3.0
376,0.0
377,0.0
377,3.0
377,5.0
377,3.0
377,0.0
378,3.0
378,0.0
378,3.0
378,5.0
378,0.0
378,3.0
379,3.0
379,3.0
379,0.0
379,0.0
379,3.0
380,3.0
380,0.0
380,3.0
380,0.0
380,3.0
381,3.0
381,0.0
381,3.0
381,0.0
382,3.0
382,3.0
382,0.0
382,0.0
382,2.0
382,0.0
383,0.0
383,3.0
383,3.0
383,0.0
383,0.0
383,2.0
384,0.0
384,3.0
384,3.0
384,0.0
385,3.0
385,0.0
385,3.0
385,0.0
386,3.0
386,0.0
386,3.0
386,0.0
387,3.0
387,0.0
387,3.0
387,0.0
388,3.0
388,3.0
388,0.0
388,0.0
389,3.0
389,3.0
389,0.0
389,0.0
390,3.0
390,3.0
390,0.0
390,0.0
390,0.0
391,3.0
391,3.0
391,0.0
391,3.0
392,3.0
392,3.0
392,0.0
392,3.0
393,3.0
393,3.0
393,0.0
393,3.0
393,0.0
394,3.0
394,0.0
394,3.0
395,0.0
395,3.0
395,3.0
396,3.0
396,3.0
396,0.0
397,0.0
397,3.0
397,0.0
397,3.0
398,0.0
398,3.0
398,0.0
398,3.0
399,0.0
399,0.0
399,3.0
399,3.0
400,3.0
400,0.0
400,0.0
400,3.0
400,0.0
401,3.0
401,0.0
401,3.0
401,0.0
402,3.0
402,0.0
402,3.0
402,0.0
403,0.0
403,3.0
403,0.0
403,3.0
404,3.0
404,0.0
404,0.0
404,3.0
405,3.0
405,0.0
405,0.0
405,3.0
406,3.0
406,0.0
406,0.0
406,3.0
407,0.0
407,3.0
407,0.0
407,3.0
408,0.0
408,3.0
408,3.0
409,3.0
409,3.0
409,0.0
409,0.0
409,0.0
410,3.0
410,3.0
410,0.0
410,0.0
410,0.0
411,3.0
411,3.0
411,0.0
411,0.0
411,0.0
412,3.0
412,3.0
412,0.0
412,3.0
412,0.0
413,0.0
413,3.0
413,3.0
413,0.0
413,3.0
413,0.0
414,3.0
414,0.0
414,0.0
414,3.0
414,3.0
414,0.0
415,0.0
415,3.0
415,3.0
415,3.0
415,0.0
415,0.0
416,0.0
416,3.0
416,3.0
416,3.0
416,0.0
416,3.0
416,0.0
417,0.0
417,3.0
417,3.0
417,3.0
417,0.0
417,3.0
417,0.0
418,3.0
418,0.0
418,3.0
418,0.0
419,3.0
419,3.0
419,0.0
419,0.0
419,3.0
420,3.0
420,3.0
420,0.0
420,0.0
420,3.0
421,3.0
421,3.0
421,0.0
421,0.0
421,0.0
422,3.0
422,0.0
422,3.0
422,0.0
423,3.0
423,3.0
423,0.0
423,0.0
423,0.0
424,3.0
424,0.0
424,3.0
424,0.0
425,3.0
425,0.0
425,3.0
425,0.0
425,0.0
425,3.0
426,0.0
426,3.0
426,3.0
426,0.0
427,0.0
427,3.0
427,3.0
427,0.0
427,2.0
428,0.0
428,3.0
428,3.0
428,0.0
428,2.0
429,0.0
429,3.0
429,3.0
429,0.0
429,2.0
430,0.0
430,3.0
430,3.0
430,0.0
430,2.0
431,0.0
431,3.0
431,3.0
431,0.0
431,0.0
431,0.0
431,7.0
432,3.0
432,0.0
432,3.0
432,0.0
432,2.0
432,0.0
432,0.0
433,3.0
433,0.0
433,3.0
433,0.0
433,2.0
433,0.0
434,3.0
434,0.0
434,3.0
434,0.0
434,2.0
434,0.0
434,0.0
435,3.0
435,0.0
435,3.0
435,0.0
435,2.0
435,0.0
436,3.0
436,3.0
436,0.0
436,0.0
436,0.0
436,3.0
436,0.0
436,2.0
437,3.0
437,3.0
437,0.0
437,2.0
437,0.0
438,3.0
438,3.0
438,0.0
438,2.0
438,0.0
438,0.0
439,3.0
439,2.0
439,3.0
439,0.0
439,0.0
439,0.0
440,3.0
440,2.0
440,3.0
440,0.0
440,0.0
440,0.0
441,3.0
441,2.0
441,3.0
441,0.0
441,0.0
441,0.0
442,3.0
442,2.0
442,3.0
442,0.0
442,0.0
442,0.0
443,3.0
443,3.0
443,2.0
443,0.0
443,0.0
444,3.0
444,3.0
444,2.0
444,0.0
444,0.0
444,0.0
445,3.0
445,2.0
445,0.0
445,3.0
445,0.0
446,3.0
446,2.0
446,0.0
446,3.0
446,3.0
446,0.0
447,3.0
447,2.0
447,0.0
447,3.0
447,0.0
447,3.0
448,3.0
448,2.0
448,0.0
448,3.0
448,0.0
449,3.0
449,3.0
449,2.0
449,0.0
449,0.0
450,3.0
450,2.0
450,3.0
450,0.0
450,0.0
450,3.0
451,3.0
451,0.0
451,2.0
451,0.0
451,0.0
451,3.0
451,3.0
451,3.0
452,3.0
452,0.0
452,2.0
452,0.0
452,0.0
452,3.0
452,3.0
453,3.0
453,0.0
453,2.0
453,0.0
453,0.0
453,3.0
453,3.0
454,3.0
454,0.0
454,2.0
454,0.0
454,0.0
454,3.0
454,3.0
455,3.0
455,0.0
455,0.0
455,7.0
455,0.0
455,2.0
455,0.0
455,3.0
456,3.0
456,0.0
456,0.0
456,7.0
456,3.0
456,0.0
457,0.0
457,2.0
457,3.0
457,0.0
457,0.0
457,3.0
457,0.0
457,3.0
458,0.0
458,3.0
458,2.0
458,0.0
458,0.0
458,3.0
458,0.0
458,3.0
459,0.0
459,3.0
459,2.0
459,0.0
459,0.0
459,3.0
459,3.0
459,0.0
460,3.0
460,0.0
460,3.0
460,2.0
460,0.0
460,0.0
460,0.0
461,3.0
461,0.0
461,3.0
461,2.0
461,0.0
461,0.0
462,3.0
462,0.0
462,3.0
462,0.0
462,2.0
462,0.0
463,0.0
463,3.0
463,0.0
463,2.0
463,3.0
463,3.0
464,0.0
464,3.0
464,0.0
464,2.0
464,3.0
464,3.0
465,0.0
465,3.0
465,0.0
465,2.0
465,3.0
465,3.0
466,0.0
466,0.0
466,2.0
466,3.0
466,3.0
466,3.0
467,0.0
467,0.0
467,2.0
467,3.0
467,3.0
468,0.0
468,0.0
468,3.0
468,2.0
468,3.0
468,3.0
469,0.0
469,0.0
469,0.0
469,3.0
469,2.0
469,3.0
470,0.0
470,0.0
470,0.0
470,3.0
470,2.0
470,3.0
471,0.0
471,0.0
471,0.0
471,3.0
471,2.0
471,3.0
472,0.0
472,0.0
472,0.0
472,2.0
472,3.0
472,3.0
473,0.0
473,0.0
473,0.0
473,3.0
473,7.0
474,0.0
474,3.0
474,0.0
474,0.0
474,2.0
475,0.0
475,0.0
475,2.0
475,0.0
476,0.0
476,0.0
476,0.0
476,2.0
477,0.0
477,0.0
477,0.0
477,2.0
478,0.0
478,2.0
478,0.0
478,0.0
478,3.0
479,0.0
479,0.0
479,0.0
479,2.0
479,7.0
480,2.0
480,0.0
480,0.0
480,0.0
481,2.0
481,0.0
481,0.0
481,3.0
482,2.0
482,0.0
482,0.0
482,3.0
483,2.0
483,0.0
483,0.0
483,3.0
484,2.0
484,0.0
484,0.0
484,3.0
485,2.0
485,0.0
486,2.0
486,0.0
486,0.0
486,3.0
487,2.0
487,0.0
487,3.0
488,2.0
488,0.0
488,3.0
489,2.0
489,0.0
489,3.0
490,2.0
490,0.0
490,3.0
491,0.0
491,2.0
491,3.0
492,0.0
492,3.0
493,2.0
493,0.0
493,3.0
494,2.0
494,0.0
494,3.0
495,2.0
495,0.0
495,3.0
496,0.0
496,2.0
496,3.0
497,0.0
497,2.0
497,3.0
498,0.0
498,2.0
498,3.0
499,0.0
499,3.0
499,2.0
500,0.0
500,3.0
500,2.0
501,0.0
501,3.0
501,2.0
502,0.0
502,3.0
502,2.0
503,0.0
503,7.0
503,3.0
504,0.0
504,7.0
504,3.0
505,0.0
505,2.0
505,3.0
505,7.0
506,7.0
506,0.0
507,0.0
507,7.0
507,3.0
508,0.0
508,7.0
508,3.0
509,7.0
509,0.0
509,3.0
510,2.0
510,0.0
511,2.0
511,0.0
511,3.0
512,2.0
512,3.0
512,0.0
513,2.0
513,3.0
513,0.0
514,3.0
514,0.0
514,2.0
515,0.0
515,3.0
515,2.0
516,0.0
516,3.0
517,0.0
517,3.0
517,7.0
518,0.0
518,2.0
518,3.0
519,0.0
519,2.0
519,3.0
520,0.0
520,2.0
520,3.0
521,0.0
521,2.0
521,3.0
522,0.0
522,3.0
522,7.0
523,0.0
523,7.0
523,3.0
524,0.0
524,2.0
524,3.0
525,0.0
525,2.0
525,3.0
525,7.0
526,0.0
526,2.0
526,3.0
526,7.0
527,0.0
527,7.0
527,3.0
528,0.0
528,3.0
528,7.0
528,2.0
529,0.0
529,3.0
529,2.0
530,3.0
530,2.0
530,0.0
531,3.0
531,2.0
531,0.0
532,3.0
532,2.0
532,0.0
533,3.0
533,0.0
533,2.0
534,3.0
534,0.0
535,2.0
535,3.0
535,0.0
536,2.0
536,3.0
537,2.0
537,3.0
537,0.0
538,2.0
538,3.0
538,0.0
539,2.0
540,2.0
541,2.0
541,0.0
541,0.0
542,2.0
543,2.0
544,2.0
545,2.0
546,2.0
547,2.0
548,2.0
549,2.0
550,2.0
551,2.0
552,2.0
553,2.0
558,2.0
559,2.0
560,0.0
560,2.0
561,0.0
561,2.0
562,0.0
562,2.0
562,0.0
563,2.0
563,0.0
563,0.0
564,0.0
564,0.0
564,7.0
564,2.0
565,0.0
565,2.0
565,0.0
566,0.0
566,7.0
567,0.0
568,0.0
568,0.0
569,0.0
569,0.0
569,7.0
569,2.0
570,0.0
570,0.0
570,2.0
571,2.0
571,0.0
571,0.0
572,2.0
572,0.0
572,3.0
573,2.0
573,0.0
573,3.0
574,2.0
574,0.0
574,3.0
575,2.0
575,0.0
575,0.0
576,2.0
576,0.0
577,2.0
577,0.0
578,2.0
578,0.0
579,2.0
579,0.0
580,2.0
580,0.0
581,2.0
581,0.0
581,0.0
582,2.0
582,0.0
583,2.0
583,0.0
583,0.0
583,3.0
584,2.0
584,3.0
584,0.0
585,2.0
585,3.0
585,0.0
586,2.0
586,0.0
586,3.0
586,0.0
587,2.0
587,0.0
587,0.0
587,3.0
588,2.0
588,0.0
588,0.0
588,3.0
589,2.0
589,0.0
589,0.0
589,3.0
590,2.0
590,0.0
590,0.0
590,3.0
591,2.0
591,0.0
591,0.0
591,3.0
592,2.0
592,0.0
592,0.0
592,3.0
593,2.0
593,0.0
593,0.0
593,3.0
594,2.0
594,0.0
594,0.0
594,3.0
595,2.0
595,0.0
595,0.0
595,3.0
596,0.0
596,2.0
596,0.0
596,3.0
597,0.0
597,2.0
597,0.0
597,3.0
598,0.0
598,2.0
598,0.0
598,3.0
599,0.0
599,2.0
599,0.0
599,3.0
600,0.0
600,2.0
600,0.0
600,3.0
601,2.0
601,0.0
601,0.0
601,3.0
602,2.0
602,0.0
602,0.0
602,3.0
603,2.0
603,0.0
603,0.0
603,3.0
604,2.0
604,0.0
604,0.0
604,3.0
605,2.0
605,0.0
605,0.0
605,3.0
606,0.0
606,2.0
606,0.0
606,3.0
606,0.0
607,0.0
607,2.0
607,0.0
607,3.0
607,0.0
608,0.0
608,2.0
608,0.0
608,3.0
609,0.0
609,2.0
609,3.0
609,0.0
610,2.0
610,0.0
610,3.0
610,0.0
611,2.0
611,0.0
611,3.0
611,0.0
612,2.0
612,0.0
612,3.0
612,0.0
613,2.0
613,3.0
613,0.0
613,0.0
614,2.0
614,3.0
614,0.0
615,2.0
615,3.0
616,2.0
616,3.0
617,2.0
617,3.0
618,2.0
618,0.0
618,3.0
619,2.0
619,0.0
619,3.0
620,2.0
620,3.0
620,0.0
620,0.0
621,2.0
621,3.0
621,0.0
621,0.0
622,2.0
622,3.0
622,0.0
622,0.0
623,2.0
623,0.0
623,3.0
623,0.0
624,2.0
624,0.0
624,3.0
624,0.0
625,2.0
625,0.0
625,0.0
625,3.0
626,2.0
626,0.0
626,0.0
626,3.0
626,0.0
627,2.0
627,0.0
627,3.0
627,0.0
628,2.0
628,0.0
628,0.0
628,3.0
629,0.0
629,2.0
629,0.0
629,3.0
629,7.0
630,2.0
630,0.0
630,0.0
630,3.0
631,2.0
631,0.0
631,3.0
631,0.0
632,2.0
632,0.0
632,3.0
632,0.0
633,2.0
633,3.0
633,0.0
633,0.0
634,2.0
634,0.0
634,3.0
634,0.0
635,2.0
635,3.0
635,0.0
635,0.0
636,2.0
636,3.0
636,0.0
636,0.0
637,2.0
637,3.0
637,0.0
637,0.0
638,2.0
638,0.0
638,3.0
638,0.0
639,2.0
639,0.0
639,3.0
639,0.0
640,2.0
640,0.0
640,3.0
640,0.0
641,2.0
641,3.0
641,0.0
641,0.0
642,2.0
642,3.0
642,0.0
642,0.0
643,2.0
643,3.0
643,0.0
643,0.0
644,2.0
644,0.0
644,0.0
644,3.0
644,0.0
645,2.0
645,0.0
645,0.0
645,3.0
645,0.0
646,2.0
646,0.0
646,0.0
646,3.0
646,0.0
647,2.0
647,0.0
647,0.0
647,3.0
647,0.0
648,2.0
648,0.0
648,0.0
648,3.0
649,2.0
649,0.0
649,3.0
649,0.0
650,2.0
650,0.0
650,0.0
650,3.0
651,2.0
651,0.0
651,0.0
651,3.0
652,2.0
652,0.0
652,0.0
652,3.0
653,2.0
653,0.0
653,0.0
653,3.0
654,2.0
654,0.0
654,0.0
654,3.0
654,0.0
654,2.0
655,2.0
655,0.0
655,0.0
655,3.0
655,2.0
656,2.0
656,0.0
656,0.0
656,3.0
656,2.0
657,2.0
657,0.0
657,0.0
657,3.0
657,2.0
658,2.0
658,0.0
658,0.0
658,3.0
658,2.0
659,2.0
659,0.0
659,3.0
659,0.0
659,2.0
660,2.0
660,0.0
660,3.0
660,0.0
660,2.0
661,2.0
661,0.0
661,0.0
661,3.0
661,2.0
662,2.0
662,0.0
662,3.0
662,2.0
662,0.0
663,2.0
663,0.0
663,3.0
663,2.0
663,0.0
664,2.0
664,0.0
664,3.0
664,0.0
664,2.0
665,0.0
665,2.0
665,3.0
665,0.0
665,2.0
666,0.0
666,3.0
666,7.0
666,2.0
666,0.0
666,2.0
667,3.0
667,0.0
667,7.0
667,0.0
667,2.0
668,3.0
668,2.0
668,2.0
668,7.0
669,3.0
669,2.0
669,2.0
669,7.0
670,3.0
670,2.0
670,2.0
670,0.0
671,2.0
671,3.0
671,0.0
671,2.0
671,0.0
671,0.0
672,2.0
672,0.0
672,3.0
672,0.0
672,0.0
672,2.0
673,0.0
673,2.0
673,0.0
673,3.0
673,0.0
673,2.0
