1,2.0
1,0.0
2,2.0
2,0.0
3,2.0
3,0.0
3,9.0
4,2.0
4,9.0
5,2.0
5,9.0
6,2.0
6,9.0
7,2.0
7,9.0
8,2.0
9,2.0
9,2.0
9,9.0
10,2.0
10,2.0
10,9.0
11,2.0
11,2.0
11,9.0
12,2.0
12,2.0
12,9.0
13,2.0
13,2.0
13,9.0
14,2.0
14,2.0
14,9.0
15,2.0
15,9.0
16,2.0
16,9.0
17,2.0
17,9.0
18,2.0
18,9.0
19,2.0
19,9.0
20,2.0
20,9.0
21,2.0
21,9.0
22,2.0
22,9.0
23,2.0
23,9.0
24,2.0
24,9.0
25,2.0
25,9.0
25,0.0
26,2.0
26,9.0
27,2.0
27,9.0
28,2.0
28,9.0
28,0.0
29,2.0
29,9.0
29,0.0
30,2.0
30,9.0
31,2.0
31,9.0
32,2.0
32,9.0
32,0.0
33,2.0
33,9.0
34,2.0
34,9.0
35,2.0
35,9.0
36,2.0
36,9.0
37,2.0
37,9.0
38,2.0
38,9.0
39,2.0
39,9.0
40,2.0
40,9.0
41,2.0
41,9.0
42,2.0
42,9.0
43,2.0
43,9.0
44,2.0
44,9.0
45,2.0
45,9.0
46,2.0
46,9.0
47,2.0
47,9.0
48,2.0
48,9.0
49,2.0
49,9.0
50,2.0
50,9.0
51,2.0
51,9.0
52,2.0
52,9.0
53,2.0
53,0.0
53,0.0
54,2.0
54,9.0
55,2.0
55,9.0
56,2.0
56,9.0
56,0.0
57,2.0
57,0.0
58,2.0
59,2.0
60,2.0
61,2.0
62,2.0
62,0.0
63,2.0
63,0.0
64,2.0
64,0.0
64,9.0
65,2.0
65,0.0
65,9.0
66,2.0
66,0.0
67,2.0
67,0.0
68,2.0
69,2.0
70,2.0
71,2.0
72,2.0
73,2.0
73,9.0
74,2.0
74,2.0
74,9.0
75,2.0
75,2.0
76,2.0
76,2.0
77,2.0
77,2.0
78,2.0
78,2.0
79,2.0
79,2.0
80,2.0
80,2.0
80,9.0
81,2.0
81,2.0
81,9.0
82,2.0
82,2.0
82,9.0
83,2.0
83,2.0
83,9.0
84,2.0
84,2.0
85,2.0
85,2.0
86,2.0
86,2.0
86,9.0
87,2.0
87,2.0
87,9.0
88,2.0
88,2.0
88,9.0
89,2.0
89,2.0
89,2.0
90,2.0
90,2.0
90,9.0
90,2.0
91,2.0
91,2.0
91,9.0
91,2.0
92,2.0
92,2.0
92,9.0
93,2.0
93,2.0
94,2.0
94,9.0
94,2.0
95,2.0
95,9.0
95,2.0
96,2.0
96,2.0
96,9.0
97,2.0
97,2.0
97,9.0
98,2.0
98,2.0
98,0.0
98,9.0
99,2.0
99,2.0
99,9.0
100,2.0
100,2.0
100,9.0
100,0.0
101,2.0
101,2.0
101,9.0
101,0.0
102,2.0
102,9.0
102,2.0
102,0.0
103,2.0
103,9.0
103,2.0
103,0.0
104,2.0
104,9.0
104,2.0
104,0.0
105,2.0
105,2.0
105,9.0
105,0.0
106,2.0
106,2.0
106,9.0
107,2.0
107,9.0
107,2.0
108,2.0
108,9.0
108,2.0
109,2.0
109,9.0
109,2.0
110,2.0
110,9.0
110,2.0
111,2.0
111,2.0
111,9.0
112,2.0
112,2.0
112,9.0
113,2.0
113,2.0
113,9.0
114,2.0
114,2.0
114,9.0
115,2.0
115,2.0
115,9.0
116,2.0
116,2.0
116,9.0
117,2.0
117,2.0
117,9.0
118,2.0
118,2.0
119,2.0
119,2.0
119,9.0
120,2.0
120,2.0
120,9.0
121,2.0
121,2.0
121,9.0
122,2.0
122,2.0
122,9.0
123,2.0
123,2.0
123,9.0
124,2.0
124,2.0
124,9.0
125,2.0
125,2.0
125,9.0
126,2.0
126,2.0
127,2.0
127,2.0
128,2.0
128,2.0
128,9.0
129,2.0
129,2.0
129,9.0
130,2.0
130,2.0
131,2.0
131,2.0
132,2.0
132,2.0
133,2.0
133,2.0
134,2.0
134,2.0
134,9.0
135,2.0
135,2.0
135,9.0
136,2.0
136,2.0
136,2.0
137,2.0
137,2.0
138,2.0
138,2.0
138,2.0
139,2.0
139,2.0
139,2.0
140,2.0
140,2.0
140,2.0
140,9.0
141,2.0
141,2.0
141,2.0
141,2.0
142,2.0
142,2.0
142,2.0
142,2.0
143,2.0
143,2.0
143,2.0
143,2.0
143,9.0
144,2.0
144,2.0
144,2.0
145,2.0
145,2.0
145,2.0
146,2.0
146,2.0
146,2.0
146,2.0
147,2.0
147,2.0
147,2.0
147,2.0
148,2.0
148,2.0
148,2.0
148,9.0
149,2.0
149,2.0
149,9.0
150,2.0
150,2.0
150,2.0
150,9.0
151,2.0
151,2.0
151,2.0
151,9.0
152,2.0
152,2.0
152,9.0
153,2.0
153,2.0
153,2.0
153,9.0
154,2.0
154,2.0
154,2.0
155,2.0
155,2.0
155,2.0
156,2.0
156,2.0
156,2.0
157,2.0
157,2.0
157,2.0
158,2.0
158,2.0
158,2.0
159,2.0
159,2.0
159,2.0
160,2.0
160,2.0
160,2.0
161,2.0
161,2.0
161,2.0
162,2.0
162,2.0
163,2.0
163,2.0
164,2.0
164,2.0
165,2.0
165,2.0
165,9.0
166,2.0
166,2.0
166,9.0
167,2.0
167,2.0
167,9.0
168,2.0
168,2.0
168,9.0
169,2.0
169,2.0
169,9.0
170,2.0
170,2.0
170,9.0
171,2.0
171,2.0
171,9.0
172,2.0
172,2.0
172,9.0
173,2.0
173,2.0
173,9.0
174,2.0
174,2.0
174,9.0
175,2.0
175,2.0
175,9.0
176,2.0
176,2.0
176,9.0
177,2.0
177,2.0
177,9.0
178,2.0
178,2.0
178,9.0
179,2.0
179,2.0
179,9.0
180,2.0
180,2.0
180,9.0
181,2.0
181,2.0
181,9.0
182,2.0
182,2.0
182,9.0
183,2.0
183,2.0
183,9.0
184,2.0
184,2.0
184,9.0
185,2.0
185,2.0
185,9.0
186,2.0
186,2.0
186,9.0
187,2.0
187,2.0
187,9.0
188,2.0
188,2.0
188,9.0
189,2.0
189,2.0
189,9.0
190,2.0
190,2.0
190,9.0
191,2.0
191,2.0
191,9.0
192,2.0
192,2.0
192,9.0
193,2.0
193,2.0
193,2.0
193,9.0
194,2.0
194,2.0
194,9.0
195,2.0
195,2.0
195,2.0
195,9.0
196,2.0
196,2.0
196,2.0
196,9.0
197,2.0
197,2.0
197,2.0
197,9.0
198,2.0
198,2.0
198,2.0
198,9.0
199,2.0
199,2.0
199,2.0
199,9.0
200,2.0
200,2.0
200,9.0
201,2.0
201,2.0
201,2.0
201,9.0
202,2.0
202,2.0
202,2.0
202,9.0
203,2.0
203,2.0
203,2.0
203,9.0
204,2.0
204,2.0
204,2.0
204,9.0
205,2.0
205,2.0
205,2.0
205,9.0
206,2.0
206,2.0
206,9.0
207,2.0
207,2.0
207,9.0
207,2.0
208,2.0
208,2.0
208,9.0
209,2.0
209,2.0
209,9.0
210,2.0
210,2.0
210,9.0
211,2.0
211,2.0
211,9.0
212,2.0
212,2.0
212,9.0
213,2.0
213,2.0
213,9.0
214,2.0
214,2.0
214,9.0
215,2.0
215,2.0
215,9.0
216,2.0
216,2.0
216,9.0
217,2.0
217,2.0
217,9.0
218,2.0
218,2.0
218,9.0
219,2.0
219,2.0
219,9.0
220,2.0
220,2.0
220,9.0
221,2.0
221,2.0
221,9.0
222,2.0
222,2.0
222,9.0
223,2.0
223,2.0
223,9.0
224,2.0
224,2.0
224,9.0
225,2.0
225,2.0
225,9.0
226,2.0
226,2.0
226,9.0
227,2.0
227,2.0
227,9.0
228,2.0
228,2.0
228,9.0
229,2.0
229,2.0
229,9.0
230,2.0
230,2.0
230,9.0
231,2.0
231,2.0
231,9.0
232,2.0
232,2.0
232,9.0
233,2.0
233,2.0
233,9.0
234,2.0
234,2.0
234,9.0
235,2.0
235,2.0
235,9.0
236,2.0
236,2.0
236,9.0
237,2.0
237,2.0
237,9.0
237,7.0
238,2.0
238,2.0
238,9.0
238,7.0
239,2.0
239,2.0
239,9.0
239,7.0
240,2.0
240,2.0
240,9.0
240,7.0
241,2.0
241,2.0
241,9.0
241,7.0
242,2.0
242,2.0
242,9.0
242,7.0
243,2.0
243,2.0
243,9.0
243,7.0
244,2.0
244,2.0
244,9.0
244,7.0
245,2.0
245,2.0
245,7.0
245,9.0
246,2.0
246,2.0
246,9.0
246,7.0
247,2.0
247,2.0
247,9.0
247,7.0
248,2.0
248,2.0
248,9.0
248,7.0
249,2.0
249,2.0
249,9.0
249,7.0
250,2.0
250,2.0
250,7.0
251,2.0
251,2.0
251,7.0
251,9.0
252,2.0
252,2.0
252,7.0
253,2.0
253,2.0
253,7.0
254,2.0
254,2.0
254,7.0
255,2.0
255,2.0
255,9.0
256,2.0
256,2.0
257,2.0
257,2.0
258,2.0
258,2.0
259,2.0
259,2.0
260,2.0
260,2.0
260,9.0
261,2.0
261,2.0
261,9.0
261,7.0
262,2.0
262,2.0
262,9.0
263,2.0
263,2.0
263,9.0
263,7.0
264,2.0
264,2.0
264,9.0
264,7.0
265,2.0
265,2.0
265,9.0
265,7.0
266,2.0
266,2.0
266,9.0
266,7.0
267,2.0
267,2.0
267,9.0
268,2.0
268,2.0
268,9.0
269,2.0
269,2.0
269,9.0
270,2.0
270,2.0
270,9.0
271,2.0
271,2.0
271,9.0
272,2.0
272,2.0
272,9.0
273,2.0
273,2.0
273,9.0
274,2.0
274,2.0
274,9.0
275,2.0
275,2.0
275,9.0
276,2.0
276,2.0
276,9.0
277,2.0
277,2.0
277,9.0
278,2.0
278,2.0
278,9.0
279,2.0
279,2.0
279,9.0
279,7.0
280,2.0
280,2.0
280,9.0
281,2.0
281,2.0
281,9.0
282,2.0
282,2.0
282,9.0
283,2.0
283,2.0
283,9.0
284,2.0
284,2.0
284,9.0
285,2.0
285,2.0
285,9.0
286,2.0
286,2.0
286,9.0
287,2.0
287,2.0
287,9.0
288,2.0
288,2.0
288,9.0
289,2.0
289,2.0
289,9.0
290,2.0
290,2.0
290,9.0
290,2.0
291,2.0
291,2.0
291,9.0
291,2.0
292,2.0
292,2.0
292,2.0
292,9.0
293,2.0
293,2.0
293,9.0
293,2.0
294,2.0
294,2.0
294,9.0
295,2.0
295,2.0
295,9.0
296,2.0
296,2.0
296,9.0
297,2.0
297,2.0
297,9.0
298,2.0
298,2.0
298,9.0
299,2.0
299,2.0
299,2.0
299,9.0
300,2.0
300,2.0
300,2.0
300,9.0
301,2.0
301,2.0
301,2.0
301,9.0
302,2.0
302,2.0
302,9.0
302,2.0
303,2.0
303,2.0
303,9.0
304,2.0
304,2.0
304,9.0
304,2.0
305,2.0
305,2.0
305,2.0
305,9.0
306,2.0
306,2.0
306,9.0
306,2.0
307,2.0
307,2.0
307,9.0
307,2.0
308,2.0
308,2.0
308,9.0
309,2.0
309,2.0
309,9.0
309,2.0
310,2.0
310,2.0
310,9.0
310,2.0
311,2.0
311,2.0
311,9.0
312,2.0
312,2.0
312,9.0
313,2.0
313,2.0
313,9.0
314,2.0
314,2.0
314,9.0
315,2.0
315,2.0
315,9.0
316,2.0
316,2.0
316,9.0
317,2.0
317,2.0
317,9.0
318,2.0
318,2.0
319,2.0
319,2.0
320,2.0
320,2.0
321,2.0
321,2.0
321,9.0
322,2.0
322,2.0
322,9.0
323,2.0
323,2.0
324,2.0
325,2.0
326,2.0
327,2.0
328,2.0
328,9.0
329,2.0
330,2.0
330,7.0
331,2.0
331,7.0
332,2.0
332,7.0
333,2.0
333,7.0
334,2.0
334,7.0
335,2.0
335,7.0
336,2.0
336,7.0
337,2.0
337,7.0
338,2.0
338,7.0
339,2.0
339,7.0
340,2.0
340,7.0
341,2.0
341,7.0
342,2.0
342,7.0
343,2.0
343,7.0
344,2.0
344,2.0
344,7.0
345,2.0
345,2.0
345,7.0
346,2.0
346,2.0
346,9.0
346,7.0
347,2.0
347,2.0
347,2.0
348,2.0
348,2.0
348,2.0
349,2.0
349,2.0
349,2.0
350,2.0
350,2.0
350,2.0
351,2.0
351,2.0
351,2.0
351,9.0
352,2.0
352,2.0
352,2.0
353,2.0
353,2.0
353,2.0
354,2.0
354,2.0
354,2.0
354,2.0
354,0.0
355,2.0
355,2.0
355,2.0
355,2.0
355,0.0
356,2.0
356,2.0
356,2.0
356,2.0
356,9.0
356,0.0
357,2.0
357,2.0
357,2.0
357,2.0
357,9.0
357,0.0
358,2.0
358,2.0
358,2.0
358,9.0
359,2.0
359,2.0
359,2.0
359,9.0
360,2.0
360,2.0
360,2.0
361,2.0
361,2.0
361,2.0
362,2.0
362,2.0
362,2.0
362,2.0
363,2.0
363,2.0
363,2.0
363,2.0
364,2.0
364,2.0
364,2.0
365,2.0
365,2.0
365,2.0
366,2.0
366,2.0
366,2.0
367,2.0
367,2.0
367,2.0
368,2.0
368,2.0
368,2.0
369,2.0
369,2.0
369,2.0
369,2.0
370,2.0
370,2.0
370,2.0
370,2.0
371,2.0
371,2.0
371,2.0
371,2.0
372,2.0
372,2.0
372,2.0
372,2.0
373,2.0
373,2.0
373,2.0
373,2.0
374,2.0
374,2.0
374,2.0
374,2.0
375,2.0
375,2.0
375,2.0
375,2.0
375,2.0
375,9.0
376,2.0
376,2.0
376,2.0
376,2.0
377,2.0
377,2.0
377,2.0
377,2.0
378,2.0
378,2.0
378,2.0
378,2.0
379,2.0
379,2.0
379,2.0
379,2.0
380,2.0
380,2.0
380,2.0
380,2.0
380,9.0
381,2.0
381,2.0
381,2.0
381,2.0
381,2.0
381,9.0
382,2.0
382,2.0
382,2.0
382,2.0
382,2.0
382,9.0
383,2.0
383,2.0
383,2.0
383,2.0
383,2.0
383,9.0
384,2.0
384,2.0
384,2.0
384,2.0
384,2.0
384,9.0
385,2.0
385,2.0
385,2.0
385,2.0
385,2.0
385,9.0
386,2.0
386,2.0
386,2.0
386,2.0
386,2.0
386,9.0
387,2.0
387,2.0
387,2.0
387,2.0
387,2.0
388,2.0
388,2.0
388,2.0
388,2.0
388,9.0
388,2.0
389,2.0
389,2.0
389,2.0
389,2.0
389,9.0
390,2.0
390,2.0
390,2.0
390,2.0
390,9.0
391,2.0
391,2.0
391,2.0
391,2.0
391,9.0
392,2.0
392,2.0
392,2.0
392,2.0
392,9.0
393,2.0
393,2.0
393,2.0
393,2.0
393,9.0
394,2.0
394,2.0
394,2.0
395,2.0
395,2.0
395,2.0
395,2.0
396,2.0
396,2.0
396,2.0
396,2.0
397,2.0
397,2.0
397,2.0
397,2.0
398,2.0
398,2.0
398,2.0
398,2.0
399,2.0
399,2.0
399,2.0
399,2.0
400,2.0
400,2.0
400,2.0
400,2.0
401,2.0
401,2.0
401,2.0
401,2.0
402,2.0
402,2.0
402,2.0
402,2.0
403,2.0
403,2.0
403,2.0
403,2.0
404,2.0
404,2.0
404,2.0
404,2.0
405,2.0
405,2.0
405,2.0
405,2.0
406,2.0
406,2.0
406,2.0
406,2.0
407,2.0
407,2.0
407,2.0
407,2.0
408,2.0
408,2.0
408,2.0
408,2.0
409,2.0
409,2.0
409,2.0
409,2.0
410,2.0
410,2.0
410,2.0
410,2.0
411,2.0
411,2.0
411,2.0
411,2.0
412,2.0
412,2.0
412,2.0
412,2.0
413,2.0
413,2.0
413,2.0
413,2.0
414,2.0
414,2.0
414,2.0
414,2.0
415,2.0
415,2.0
415,2.0
415,2.0
416,2.0
416,2.0
416,2.0
416,2.0
417,2.0
417,2.0
417,2.0
417,2.0
418,2.0
418,2.0
418,2.0
418,2.0
419,2.0
419,2.0
419,2.0
419,2.0
420,2.0
420,2.0
420,2.0
420,2.0
421,2.0
421,2.0
421,2.0
421,2.0
422,2.0
422,2.0
422,2.0
422,2.0
423,2.0
423,2.0
423,2.0
423,2.0
424,2.0
424,2.0
424,2.0
424,2.0
425,2.0
425,2.0
425,2.0
425,2.0
426,2.0
426,2.0
426,2.0
426,2.0
427,2.0
427,2.0
427,2.0
427,2.0
428,2.0
428,2.0
428,2.0
428,2.0
429,2.0
429,2.0
429,2.0
429,2.0
430,2.0
430,2.0
430,2.0
430,2.0
431,2.0
431,2.0
431,2.0
431,2.0
432,2.0
432,2.0
432,2.0
432,2.0
433,2.0
433,2.0
433,2.0
433,2.0
434,2.0
434,2.0
434,2.0
434,2.0
435,2.0
435,2.0
435,2.0
435,2.0
435,9.0
436,2.0
436,2.0
436,2.0
436,2.0
436,9.0
436,9.0
437,2.0
437,2.0
437,2.0
437,2.0
437,9.0
438,2.0
438,2.0
438,2.0
438,2.0
438,9.0
438,2.0
439,2.0
439,2.0
439,2.0
439,2.0
439,2.0
439,9.0
440,2.0
440,2.0
440,2.0
440,2.0
440,9.0
441,2.0
441,2.0
441,2.0
441,2.0
441,9.0
441,2.0
442,2.0
442,2.0
442,2.0
442,2.0
442,2.0
442,9.0
443,2.0
443,2.0
443,2.0
443,2.0
443,9.0
444,2.0
444,2.0
444,2.0
444,2.0
444,9.0
445,2.0
445,2.0
445,2.0
445,2.0
445,9.0
446,2.0
446,2.0
446,2.0
446,2.0
446,9.0
447,2.0
447,2.0
447,2.0
447,2.0
448,2.0
448,2.0
448,2.0
448,2.0
449,2.0
449,2.0
449,2.0
449,2.0
449,9.0
449,9.0
450,2.0
450,2.0
450,2.0
450,2.0
450,9.0
451,2.0
451,2.0
451,2.0
451,2.0
451,9.0
452,2.0
452,2.0
452,2.0
452,2.0
452,9.0
453,2.0
453,2.0
453,2.0
453,2.0
453,9.0
453,9.0
454,2.0
454,2.0
454,2.0
454,2.0
454,9.0
455,2.0
455,2.0
455,2.0
455,2.0
456,2.0
456,2.0
456,2.0
456,2.0
456,2.0
457,2.0
457,2.0
457,2.0
457,2.0
457,2.0
458,2.0
458,2.0
458,2.0
458,2.0
458,2.0
459,2.0
459,2.0
459,2.0
459,2.0
459,2.0
460,2.0
460,2.0
460,2.0
460,2.0
460,2.0
461,2.0
461,2.0
461,2.0
461,2.0
462,2.0
462,2.0
462,2.0
462,2.0
462,2.0
462,0.0
463,2.0
463,2.0
463,2.0
463,2.0
463,2.0
463,7.0
463,0.0
464,2.0
464,2.0
464,2.0
464,2.0
464,2.0
465,2.0
465,2.0
465,2.0
465,9.0
466,2.0
466,2.0
466,2.0
466,9.0
467,2.0
467,2.0
467,2.0
467,9.0
467,7.0
468,2.0
468,2.0
468,2.0
468,2.0
469,2.0
469,2.0
469,2.0
469,2.0
470,2.0
470,2.0
470,2.0
470,2.0
471,2.0
471,2.0
471,2.0
471,2.0
471,9.0
471,0.0
471,7.0
471,2.0
472,2.0
472,2.0
472,2.0
472,2.0
472,2.0
472,9.0
472,0.0
473,2.0
473,2.0
473,2.0
473,2.0
473,2.0
473,0.0
473,9.0
474,2.0
474,2.0
474,2.0
474,2.0
474,0.0
474,2.0
474,9.0
475,2.0
475,2.0
475,2.0
475,2.0
475,0.0
475,2.0
475,9.0
476,2.0
476,2.0
476,2.0
476,0.0
476,2.0
476,2.0
476,9.0
477,2.0
477,2.0
477,2.0
477,2.0
477,2.0
477,0.0
477,9.0
478,2.0
478,2.0
478,2.0
478,2.0
478,7.0
478,2.0
478,0.0
478,9.0
479,2.0
479,2.0
479,2.0
479,2.0
479,2.0
479,7.0
479,9.0
479,0.0
480,2.0
480,2.0
480,2.0
480,2.0
480,2.0
481,2.0
481,2.0
481,2.0
481,2.0
481,2.0
482,2.0
482,2.0
482,2.0
482,2.0
482,2.0
482,0.0
482,9.0
483,2.0
483,2.0
483,2.0
483,2.0
483,7.0
483,0.0
483,9.0
483,2.0
484,2.0
484,2.0
484,2.0
484,2.0
484,0.0
484,9.0
484,2.0
484,7.0
485,2.0
485,2.0
485,7.0
485,2.0
485,0.0
485,2.0
485,9.0
486,2.0
486,2.0
486,2.0
486,7.0
486,0.0
486,2.0
486,9.0
487,2.0
487,2.0
487,2.0
487,7.0
487,0.0
487,2.0
487,9.0
488,2.0
488,2.0
488,7.0
488,0.0
488,2.0
488,2.0
488,9.0
489,2.0
489,2.0
489,0.0
489,2.0
489,7.0
489,2.0
489,9.0
489,2.0
490,2.0
490,2.0
490,0.0
490,7.0
490,2.0
490,9.0
490,2.0
491,2.0
491,2.0
491,2.0
491,0.0
491,2.0
491,9.0
491,2.0
492,2.0
492,2.0
492,2.0
492,0.0
492,2.0
492,9.0
492,2.0
493,2.0
493,2.0
493,2.0
493,0.0
493,2.0
493,2.0
493,9.0
494,2.0
494,2.0
494,2.0
494,0.0
494,9.0
494,2.0
494,2.0
495,2.0
495,2.0
495,2.0
495,2.0
495,0.0
495,9.0
495,2.0
496,2.0
496,2.0
496,2.0
496,2.0
496,0.0
496,9.0
497,2.0
497,2.0
497,2.0
497,2.0
497,9.0
497,2.0
497,0.0
498,2.0
498,2.0
498,2.0
498,9.0
499,2.0
499,2.0
499,2.0
499,9.0
500,2.0
500,2.0
500,2.0
500,9.0
501,2.0
501,2.0
501,2.0
501,9.0
501,7.0
502,2.0
502,2.0
502,2.0
502,9.0
502,7.0
503,2.0
503,9.0
503,2.0
503,2.0
503,7.0
504,2.0
504,2.0
504,2.0
504,9.0
504,7.0
505,2.0
505,2.0
505,2.0
505,9.0
505,7.0
506,2.0
506,2.0
506,2.0
506,7.0
506,9.0
507,2.0
507,2.0
507,2.0
507,9.0
508,2.0
508,2.0
508,2.0
508,9.0
509,2.0
509,2.0
509,2.0
509,9.0
510,2.0
510,2.0
510,2.0
510,9.0
511,2.0
511,2.0
511,2.0
511,9.0
512,2.0
512,2.0
512,2.0
513,2.0
513,2.0
513,2.0
513,7.0
513,9.0
514,2.0
514,2.0
514,2.0
514,9.0
515,2.0
515,2.0
515,2.0
515,0.0
516,2.0
516,2.0
516,2.0
516,0.0
517,2.0
517,2.0
517,2.0
517,0.0
518,2.0
518,2.0
518,2.0
518,0.0
519,2.0
519,2.0
519,0.0
519,2.0
519,9.0
520,2.0
520,2.0
520,0.0
520,2.0
520,9.0
521,2.0
521,2.0
521,0.0
521,2.0
521,9.0
522,2.0
522,2.0
522,0.0
522,2.0
523,2.0
523,2.0
523,0.0
523,2.0
524,2.0
524,2.0
524,0.0
524,2.0
524,9.0
525,2.0
525,2.0
525,0.0
525,2.0
525,9.0
525,2.0
526,2.0
526,2.0
526,0.0
526,2.0
526,9.0
526,2.0
527,2.0
527,2.0
527,0.0
527,2.0
527,2.0
527,9.0
528,2.0
528,2.0
528,0.0
528,2.0
528,2.0
528,9.0
529,2.0
529,2.0
529,0.0
529,2.0
529,2.0
529,9.0
530,2.0
530,2.0
530,0.0
530,2.0
530,9.0
530,2.0
531,2.0
531,2.0
531,0.0
531,2.0
531,2.0
531,9.0
532,2.0
532,2.0
532,0.0
532,2.0
532,2.0
532,9.0
533,2.0
533,2.0
533,0.0
533,2.0
533,2.0
533,9.0
534,2.0
534,2.0
534,2.0
534,0.0
534,2.0
534,9.0
535,2.0
535,2.0
535,2.0
535,0.0
535,2.0
535,9.0
536,2.0
536,2.0
536,2.0
536,0.0
536,2.0
537,2.0
537,2.0
537,0.0
537,2.0
537,2.0
537,9.0
538,2.0
538,2.0
538,2.0
538,0.0
539,2.0
539,2.0
539,2.0
539,0.0
540,2.0
540,2.0
540,2.0
540,0.0
541,2.0
541,2.0
541,2.0
541,0.0
541,9.0
542,2.0
542,2.0
542,2.0
542,0.0
542,9.0
543,2.0
543,2.0
543,2.0
543,0.0
543,9.0
544,2.0
544,2.0
544,0.0
544,2.0
545,2.0
545,2.0
545,0.0
545,2.0
546,2.0
546,2.0
546,0.0
546,2.0
547,2.0
547,2.0
547,0.0
547,2.0
548,2.0
548,2.0
548,0.0
548,2.0
549,2.0
549,2.0
549,0.0
549,2.0
550,2.0
550,2.0
550,2.0
551,2.0
551,2.0
551,0.0
551,2.0
552,2.0
552,2.0
552,2.0
552,0.0
553,2.0
553,2.0
553,2.0
553,0.0
554,2.0
554,2.0
554,2.0
555,2.0
555,2.0
555,2.0
556,2.0
556,2.0
556,2.0
557,2.0
557,2.0
557,2.0
558,2.0
558,2.0
558,2.0
559,2.0
559,2.0
559,2.0
560,2.0
560,2.0
560,2.0
561,2.0
561,2.0
561,2.0
562,2.0
562,2.0
562,2.0
563,2.0
563,2.0
563,2.0
564,2.0
564,2.0
564,2.0
565,2.0
565,2.0
565,2.0
566,2.0
566,2.0
566,2.0
567,2.0
567,2.0
567,2.0
568,2.0
568,2.0
568,2.0
569,2.0
569,2.0
569,2.0
570,2.0
570,2.0
570,2.0
571,2.0
571,2.0
571,2.0
572,2.0
572,2.0
572,2.0
573,2.0
573,2.0
573,2.0
574,2.0
574,2.0
574,2.0
575,2.0
575,2.0
575,2.0
576,2.0
576,2.0
576,2.0
577,2.0
577,2.0
577,2.0
578,2.0
578,2.0
578,2.0
578,9.0
579,2.0
579,2.0
579,2.0
580,2.0
580,2.0
580,2.0
580,9.0
581,2.0
581,2.0
581,2.0
581,9.0
582,2.0
582,2.0
582,2.0
582,9.0
583,2.0
583,2.0
583,2.0
583,9.0
584,2.0
584,2.0
584,2.0
584,9.0
585,2.0
585,2.0
585,2.0
585,9.0
586,2.0
586,2.0
586,9.0
586,2.0
587,2.0
587,2.0
587,2.0
587,9.0
588,2.0
588,2.0
588,2.0
588,9.0
589,2.0
589,2.0
589,2.0
589,9.0
590,2.0
590,2.0
590,9.0
590,2.0
591,2.0
591,2.0
591,9.0
591,2.0
592,2.0
592,2.0
592,9.0
592,2.0
593,2.0
593,2.0
593,2.0
593,9.0
594,2.0
594,2.0
594,2.0
594,9.0
595,2.0
595,2.0
595,2.0
595,9.0
596,2.0
596,2.0
596,2.0
596,9.0
597,2.0
597,2.0
597,2.0
597,9.0
598,2.0
598,2.0
598,2.0
598,9.0
599,2.0
599,2.0
599,2.0
599,9.0
600,2.0
600,2.0
600,2.0
600,9.0
600,2.0
600,2.0
601,2.0
601,2.0
601,2.0
601,9.0
601,2.0
602,2.0
602,2.0
602,2.0
602,9.0
602,2.0
603,2.0
603,2.0
603,2.0
603,9.0
603,2.0
604,2.0
604,2.0
604,2.0
604,9.0
604,2.0
605,2.0
605,2.0
605,2.0
605,9.0
606,2.0
606,2.0
606,2.0
606,9.0
607,2.0
607,2.0
607,2.0
607,9.0
608,2.0
608,2.0
608,2.0
608,9.0
608,2.0
609,2.0
609,2.0
609,2.0
609,9.0
610,2.0
610,2.0
610,2.0
610,9.0
611,2.0
611,2.0
611,2.0
611,9.0
612,2.0
612,2.0
612,2.0
612,9.0
613,2.0
613,2.0
613,2.0
613,9.0
614,2.0
614,2.0
614,2.0
614,9.0
615,2.0
615,2.0
615,2.0
615,9.0
615,2.0
616,2.0
616,2.0
616,9.0
616,2.0
617,2.0
617,2.0
617,9.0
617,2.0
618,2.0
618,2.0
618,2.0
618,9.0
619,2.0
619,2.0
619,2.0
619,9.0
620,2.0
620,2.0
620,9.0
620,2.0
621,2.0
621,2.0
621,2.0
621,9.0
622,2.0
622,2.0
622,9.0
622,2.0
623,2.0
623,2.0
623,2.0
623,9.0
624,2.0
624,2.0
624,2.0
624,9.0
625,2.0
625,2.0
625,2.0
625,9.0
626,2.0
626,2.0
626,2.0
626,9.0
627,2.0
627,2.0
627,9.0
627,2.0
628,2.0
628,2.0
628,2.0
628,9.0
629,2.0
629,2.0
629,2.0
629,9.0
630,2.0
630,2.0
630,9.0
630,2.0
631,2.0
631,2.0
631,9.0
631,2.0
632,2.0
632,2.0
632,2.0
632,9.0
633,2.0
633,2.0
633,2.0
633,9.0
634,2.0
634,2.0
634,2.0
634,9.0
635,2.0
635,2.0
635,2.0
635,9.0
636,2.0
636,2.0
636,2.0
636,9.0
637,2.0
637,2.0
637,2.0
637,9.0
638,2.0
638,2.0
638,2.0
638,9.0
639,2.0
639,2.0
639,2.0
639,9.0
640,2.0
640,2.0
640,2.0
640,9.0
641,2.0
641,2.0
641,2.0
641,9.0
642,2.0
642,2.0
642,2.0
642,9.0
643,2.0
643,2.0
643,2.0
643,9.0
644,2.0
644,2.0
644,2.0
644,9.0
645,2.0
645,2.0
645,2.0
645,9.0
646,2.0
646,2.0
646,2.0
646,9.0
647,2.0
647,2.0
647,2.0
647,9.0
648,2.0
648,2.0
648,2.0
648,9.0
649,2.0
649,2.0
649,2.0
649,9.0
650,2.0
650,2.0
650,2.0
650,9.0
651,2.0
651,2.0
651,2.0
651,9.0
652,2.0
652,2.0
652,9.0
652,2.0
653,2.0
653,2.0
653,2.0
653,9.0
654,2.0
654,2.0
654,9.0
654,2.0
655,2.0
655,2.0
655,9.0
655,2.0
656,2.0
656,2.0
656,9.0
656,2.0
657,2.0
657,2.0
657,9.0
657,2.0
658,2.0
658,2.0
658,2.0
658,9.0
659,2.0
659,2.0
659,9.0
659,2.0
660,2.0
660,2.0
660,2.0
660,9.0
661,2.0
661,2.0
661,2.0
661,9.0
662,2.0
662,2.0
662,2.0
662,9.0
663,2.0
663,2.0
663,2.0
663,9.0
664,2.0
664,2.0
664,2.0
664,9.0
665,2.0
665,2.0
665,2.0
665,9.0
666,2.0
666,2.0
666,2.0
666,9.0
667,2.0
667,2.0
667,2.0
667,9.0
668,2.0
668,2.0
668,2.0
668,9.0
669,2.0
669,2.0
669,2.0
669,9.0
670,2.0
670,2.0
670,2.0
670,9.0
671,2.0
671,2.0
671,2.0
671,9.0
672,2.0
672,2.0
672,9.0
672,2.0
673,2.0
673,2.0
673,9.0
673,2.0
674,2.0
674,2.0
674,9.0
674,2.0
675,2.0
675,2.0
675,2.0
675,9.0
676,2.0
676,2.0
676,2.0
676,9.0
677,2.0
677,2.0
677,2.0
678,2.0
678,2.0
678,2.0
679,2.0
679,2.0
679,2.0
680,2.0
680,2.0
680,2.0
680,2.0
681,2.0
681,2.0
681,2.0
681,0.0
682,2.0
682,2.0
682,0.0
682,2.0
683,2.0
683,0.0
683,2.0
683,2.0
684,2.0
684,0.0
684,2.0
684,2.0
685,2.0
685,0.0
685,2.0
685,2.0
686,2.0
686,0.0
686,2.0
686,2.0
687,2.0
687,0.0
687,2.0
687,2.0
688,2.0
688,0.0
688,2.0
688,2.0
689,2.0
689,2.0
689,2.0
689,0.0
690,2.0
690,2.0
690,2.0
690,0.0
691,2.0
691,2.0
691,2.0
691,0.0
692,2.0
692,2.0
692,2.0
692,0.0
693,2.0
693,2.0
693,2.0
693,0.0
694,2.0
694,2.0
694,2.0
695,2.0
695,2.0
695,0.0
696,2.0
696,2.0
696,0.0
696,2.0
697,2.0
697,2.0
697,0.0
697,2.0
698,2.0
698,0.0
698,2.0
698,2.0
699,2.0
699,0.0
699,2.0
699,2.0
700,2.0
700,2.0
700,2.0
700,0.0
701,2.0
701,2.0
701,2.0
702,2.0
702,2.0
702,2.0
703,2.0
703,2.0
703,2.0
704,2.0
704,2.0
704,2.0
705,2.0
705,2.0
705,2.0
706,2.0
706,2.0
707,2.0
707,2.0
708,2.0
708,2.0
708,2.0
709,2.0
709,2.0
709,2.0
710,2.0
710,2.0
710,2.0
711,2.0
711,2.0
711,2.0
712,2.0
712,2.0
712,2.0
713,2.0
713,2.0
713,2.0
714,2.0
714,2.0
714,2.0
715,2.0
715,2.0
715,2.0
716,2.0
716,2.0
716,2.0
717,2.0
717,2.0
718,2.0
718,2.0
719,2.0
719,2.0
720,2.0
720,2.0
720,9.0
720,2.0
721,2.0
721,2.0
721,9.0
721,2.0
722,2.0
722,2.0
722,2.0
722,9.0
723,2.0
723,2.0
723,2.0
723,9.0
724,2.0
724,2.0
724,9.0
724,2.0
725,2.0
725,2.0
725,9.0
725,2.0
726,2.0
726,2.0
726,9.0
727,2.0
727,2.0
727,9.0
727,2.0
728,2.0
728,2.0
728,9.0
729,2.0
729,2.0
729,9.0
729,2.0
730,2.0
730,2.0
730,9.0
730,2.0
731,2.0
731,2.0
731,9.0
731,2.0
732,2.0
732,2.0
732,9.0
732,2.0
733,2.0
733,2.0
733,9.0
733,2.0
734,2.0
734,2.0
734,9.0
734,2.0
735,2.0
735,2.0
735,9.0
735,2.0
736,2.0
736,2.0
736,2.0
736,9.0
737,2.0
737,2.0
737,2.0
738,2.0
738,2.0
738,2.0
738,9.0
739,2.0
739,2.0
739,2.0
739,9.0
740,2.0
740,2.0
740,2.0
740,9.0
741,2.0
741,2.0
741,9.0
742,2.0
742,2.0
743,2.0
743,2.0
743,9.0
744,2.0
744,2.0
744,9.0
745,2.0
745,2.0
745,9.0
746,2.0
746,2.0
746,9.0
