1,56.0
2,56.0
3,56.0
4,56.0
5,56.0
9,56.0
11,56.0
12,56.0
13,56.0
14,56.0
15,56.0
16,56.0
17,56.0
18,56.0
18,0.0
19,56.0
19,0.0
20,56.0
20,0.0
21,56.0
21,0.0
22,56.0
22,0.0
23,56.0
23,0.0
24,0.0
24,56.0
25,0.0
25,56.0
26,0.0
26,56.0
27,0.0
27,56.0
28,0.0
28,56.0
29,0.0
29,56.0
30,0.0
30,56.0
31,0.0
31,56.0
32,0.0
32,56.0
33,0.0
33,56.0
34,0.0
34,56.0
35,0.0
35,56.0
36,0.0
36,56.0
37,0.0
37,56.0
38,0.0
38,56.0
39,0.0
39,56.0
40,0.0
40,56.0
41,0.0
41,56.0
42,0.0
42,56.0
43,0.0
43,56.0
44,0.0
44,56.0
45,0.0
45,56.0
46,0.0
46,56.0
47,0.0
47,56.0
48,0.0
48,56.0
49,0.0
49,56.0
50,0.0
50,56.0
51,0.0
51,56.0
52,0.0
52,56.0
53,0.0
53,56.0
54,56.0
55,56.0
56,56.0
57,56.0
58,56.0
59,56.0
60,0.0
60,56.0
61,0.0
61,56.0
62,0.0
62,56.0
63,0.0
63,56.0
64,0.0
64,56.0
65,0.0
65,56.0
66,0.0
66,56.0
67,0.0
67,56.0
68,0.0
68,56.0
69,0.0
69,56.0
70,0.0
70,56.0
71,0.0
71,56.0
72,0.0
72,56.0
73,0.0
73,56.0
74,0.0
74,56.0
75,0.0
75,56.0
76,0.0
76,56.0
77,0.0
77,56.0
78,0.0
78,56.0
79,0.0
79,56.0
80,0.0
80,56.0
81,0.0
81,56.0
82,0.0
82,56.0
83,0.0
83,56.0
84,0.0
84,56.0
85,0.0
86,0.0
86,56.0
87,0.0
88,0.0
89,0.0
90,0.0
90,56.0
91,0.0
91,56.0
92,0.0
92,56.0
93,0.0
93,56.0
94,0.0
94,56.0
95,0.0
95,56.0
96,56.0
97,56.0
98,56.0
99,56.0
100,56.0
101,56.0
102,56.0
103,56.0
104,56.0
105,56.0
106,56.0
107,56.0
108,0.0
108,56.0
109,0.0
109,56.0
110,0.0
110,56.0
111,0.0
111,56.0
112,0.0
112,56.0
113,0.0
113,56.0
114,0.0
114,56.0
115,0.0
115,56.0
116,0.0
116,56.0
117,0.0
117,56.0
118,0.0
118,56.0
119,0.0
119,56.0
120,0.0
120,56.0
121,0.0
121,56.0
122,0.0
122,56.0
123,0.0
123,56.0
124,0.0
124,56.0
125,0.0
125,56.0
126,0.0
126,56.0
127,0.0
127,56.0
128,0.0
128,56.0
129,0.0
129,56.0
130,0.0
130,56.0
131,0.0
131,56.0
132,0.0
132,56.0
133,0.0
133,56.0
134,0.0
134,56.0
135,0.0
135,56.0
136,0.0
136,56.0
137,0.0
137,56.0
138,0.0
138,56.0
139,0.0
139,56.0
140,0.0
140,56.0
141,0.0
141,56.0
142,0.0
142,56.0
143,0.0
143,56.0
144,0.0
144,56.0
145,0.0
145,56.0
146,0.0
146,56.0
147,0.0
147,56.0
148,0.0
148,56.0
149,0.0
149,56.0
150,0.0
151,0.0
152,0.0
153,0.0
154,0.0
155,0.0
156,0.0
157,0.0
158,0.0
158,56.0
159,0.0
159,56.0
160,0.0
160,56.0
161,0.0
161,56.0
162,0.0
162,56.0
163,0.0
163,56.0
164,0.0
164,56.0
165,0.0
165,56.0
166,0.0
166,56.0
167,0.0
167,56.0
168,0.0
168,56.0
169,0.0
169,56.0
170,0.0
170,56.0
171,0.0
171,56.0
172,0.0
172,56.0
173,0.0
173,56.0
174,0.0
174,56.0
175,0.0
175,56.0
176,0.0
176,56.0
177,0.0
177,56.0
178,0.0
178,56.0
179,0.0
179,56.0
180,0.0
180,56.0
181,0.0
181,56.0
182,0.0
182,56.0
183,0.0
183,56.0
184,0.0
184,56.0
185,0.0
185,56.0
186,0.0
186,56.0
187,0.0
187,56.0
188,0.0
188,56.0
189,0.0
189,56.0
190,0.0
190,56.0
191,0.0
191,56.0
192,0.0
192,56.0
193,0.0
193,56.0
194,0.0
194,56.0
195,0.0
195,56.0
196,0.0
196,56.0
197,0.0
197,56.0
198,56.0
199,56.0
200,56.0
201,56.0
202,56.0
203,56.0
204,56.0
205,56.0
206,56.0
207,56.0
208,56.0
209,56.0
210,56.0
211,56.0
212,56.0
213,56.0
214,56.0
215,56.0
216,56.0
217,56.0
218,56.0
219,56.0
220,56.0
221,56.0
240,0.0
241,0.0
242,0.0
243,0.0
244,0.0
245,0.0
246,0.0
247,0.0
248,0.0
249,0.0
250,0.0
251,0.0
252,0.0
253,0.0
254,0.0
255,0.0
256,0.0
257,0.0
258,0.0
259,0.0
260,0.0
261,0.0
262,0.0
263,0.0
264,0.0
264,0.0
265,0.0
265,0.0
265,56.0
266,0.0
266,0.0
266,56.0
267,0.0
267,0.0
267,56.0
268,0.0
268,0.0
268,56.0
269,0.0
269,0.0
269,56.0
270,0.0
270,0.0
270,56.0
271,0.0
271,0.0
272,0.0
272,0.0
273,0.0
273,0.0
274,0.0
274,0.0
274,56.0
275,0.0
275,0.0
275,56.0
276,56.0
276,0.0
277,56.0
277,0.0
278,0.0
278,56.0
279,0.0
279,56.0
280,0.0
280,56.0
281,0.0
281,56.0
288,0.0
289,56.0
289,0.0
290,56.0
290,0.0
291,56.0
291,0.0
292,56.0
292,0.0
293,56.0
293,0.0
294,56.0
295,56.0
295,0.0
296,56.0
296,0.0
297,56.0
297,0.0
298,56.0
299,56.0
299,0.0
300,56.0
306,0.0
307,0.0
308,0.0
309,0.0
310,0.0
311,0.0
313,56.0
313,0.0
314,56.0
314,0.0
315,56.0
315,0.0
316,56.0
316,0.0
317,56.0
317,0.0
318,0.0
318,56.0
319,56.0
319,0.0
320,56.0
320,0.0
321,0.0
321,56.0
322,0.0
322,56.0
323,0.0
323,56.0
324,56.0
325,56.0
326,56.0
327,56.0
328,56.0
329,56.0
330,56.0
330,0.0
331,56.0
331,0.0
332,56.0
332,0.0
333,56.0
333,0.0
334,56.0
334,0.0
335,56.0
335,0.0
336,56.0
337,56.0
338,56.0
339,56.0
340,56.0
341,56.0
342,56.0
342,0.0
343,56.0
343,0.0
344,56.0
344,0.0
345,56.0
345,0.0
346,56.0
346,0.0
347,56.0
347,0.0
348,56.0
348,0.0
349,56.0
350,56.0
351,56.0
352,56.0
353,56.0
354,0.0
361,56.0
362,56.0
363,56.0
364,56.0
365,56.0
366,56.0
367,56.0
368,56.0
369,56.0
370,56.0
371,56.0
372,56.0
373,56.0
379,56.0
380,56.0
381,56.0
382,56.0
383,56.0
384,56.0
385,56.0
386,56.0
387,56.0
388,56.0
389,56.0
390,56.0
391,56.0
392,56.0
393,56.0
394,56.0
395,56.0
396,0.0
396,56.0
397,0.0
397,56.0
398,0.0
398,56.0
399,0.0
399,56.0
400,56.0
400,0.0
401,56.0
401,0.0
402,0.0
402,56.0
403,0.0
403,56.0
404,0.0
404,56.0
405,0.0
405,56.0
406,0.0
406,56.0
407,0.0
407,56.0
408,0.0
408,56.0
409,0.0
409,56.0
410,0.0
410,56.0
411,0.0
411,56.0
412,0.0
412,56.0
413,0.0
413,56.0
414,56.0
414,16.0
415,56.0
415,16.0
416,56.0
416,16.0
417,56.0
417,16.0
418,56.0
419,56.0
420,0.0
420,56.0
421,0.0
421,56.0
422,0.0
422,56.0
423,0.0
423,56.0
424,0.0
424,56.0
425,0.0
425,56.0
426,0.0
426,56.0
427,0.0
427,56.0
428,0.0
428,56.0
429,0.0
429,56.0
430,0.0
430,56.0
431,0.0
431,56.0
432,56.0
432,0.0
433,56.0
433,0.0
434,56.0
434,0.0
435,56.0
435,0.0
436,56.0
436,0.0
437,56.0
437,0.0
438,0.0
438,56.0
439,0.0
439,56.0
440,0.0
440,56.0
441,0.0
441,56.0
442,0.0
442,56.0
443,0.0
443,56.0
444,56.0
444,0.0
445,56.0
446,56.0
447,56.0
448,56.0
449,56.0
450,0.0
450,56.0
451,0.0
451,56.0
452,0.0
452,56.0
453,0.0
453,56.0
454,0.0
454,56.0
455,0.0
455,56.0
456,0.0
456,56.0
457,56.0
457,0.0
458,56.0
458,0.0
459,56.0
459,0.0
460,56.0
460,0.0
461,56.0
461,0.0
462,0.0
462,56.0
463,56.0
463,0.0
464,56.0
464,0.0
465,56.0
465,0.0
466,0.0
466,56.0
467,0.0
467,56.0
468,0.0
468,56.0
469,0.0
469,56.0
470,0.0
470,56.0
471,0.0
471,56.0
472,0.0
472,56.0
473,0.0
473,56.0
474,0.0
474,56.0
475,0.0
475,56.0
476,0.0
476,56.0
477,0.0
477,56.0
478,0.0
478,56.0
479,0.0
479,56.0
480,0.0
480,56.0
481,0.0
481,56.0
482,0.0
482,56.0
483,0.0
483,56.0
484,0.0
484,56.0
485,0.0
485,56.0
486,56.0
487,56.0
488,56.0
489,56.0
490,56.0
491,56.0
492,0.0
492,56.0
493,56.0
494,56.0
494,0.0
495,56.0
496,56.0
497,56.0
498,56.0
498,0.0
499,56.0
499,0.0
500,56.0
500,0.0
501,56.0
501,0.0
502,56.0
502,0.0
503,56.0
503,0.0
504,56.0
504,0.0
505,0.0
505,56.0
506,0.0
506,56.0
507,0.0
507,56.0
508,0.0
508,56.0
509,0.0
509,56.0
510,0.0
510,56.0
511,0.0
511,56.0
512,0.0
512,56.0
513,0.0
513,56.0
514,0.0
514,56.0
515,0.0
515,56.0
516,0.0
516,56.0
517,56.0
517,12.0
518,56.0
518,12.0
519,56.0
519,12.0
520,56.0
520,12.0
521,56.0
521,12.0
522,56.0
522,0.0
523,56.0
524,56.0
525,56.0
525,0.0
526,56.0
526,0.0
527,56.0
527,0.0
528,56.0
528,0.0
529,56.0
529,0.0
530,56.0
530,0.0
531,0.0
531,56.0
532,0.0
532,56.0
533,0.0
533,56.0
534,0.0
534,56.0
535,0.0
535,56.0
536,56.0
537,56.0
538,56.0
539,56.0
540,56.0
541,56.0
542,56.0
543,56.0
544,56.0
545,56.0
546,56.0
546,0.0
547,56.0
547,0.0
548,56.0
548,0.0
549,56.0
549,0.0
550,56.0
551,56.0
552,56.0
553,56.0
554,56.0
555,56.0
555,0.0
556,56.0
556,0.0
557,56.0
557,0.0
558,56.0
558,0.0
559,56.0
559,0.0
560,56.0
560,0.0
561,56.0
561,0.0
562,56.0
562,0.0
563,56.0
563,0.0
564,56.0
564,0.0
565,56.0
565,16.0
566,56.0
566,16.0
567,56.0
567,16.0
568,56.0
568,16.0
569,56.0
569,16.0
570,56.0
571,56.0
572,56.0
573,56.0
574,0.0
574,56.0
575,0.0
575,56.0
576,0.0
576,56.0
577,0.0
577,56.0
578,0.0
578,56.0
579,56.0
579,0.0
580,0.0
580,56.0
581,0.0
581,56.0
582,0.0
582,56.0
583,0.0
583,56.0
584,56.0
584,0.0
585,56.0
585,0.0
586,56.0
586,0.0
587,56.0
587,0.0
588,56.0
588,0.0
589,56.0
589,0.0
590,56.0
591,56.0
592,56.0
593,56.0
594,56.0
595,56.0
596,56.0
597,56.0
598,56.0
599,56.0
600,56.0
602,56.0
603,56.0
604,56.0
605,56.0
606,56.0
607,56.0
608,56.0
609,56.0
610,56.0
611,56.0
612,56.0
613,56.0
614,0.0
614,56.0
615,0.0
615,56.0
616,0.0
616,56.0
617,0.0
617,56.0
618,0.0
618,56.0
619,56.0
620,56.0
621,56.0
622,56.0
623,56.0
624,56.0
625,56.0
626,56.0
627,56.0
628,56.0
629,56.0
630,56.0
631,56.0
632,56.0
633,56.0
634,56.0
635,56.0
636,56.0
637,56.0
638,56.0
639,56.0
640,56.0
641,56.0
642,56.0
643,0.0
643,56.0
644,0.0
644,56.0
645,0.0
645,56.0
646,0.0
646,56.0
647,0.0
647,56.0
648,0.0
648,56.0
649,0.0
649,56.0
650,0.0
650,56.0
651,0.0
651,56.0
652,0.0
652,56.0
653,0.0
653,56.0
654,0.0
654,56.0
655,56.0
655,0.0
656,56.0
656,0.0
657,56.0
657,0.0
658,56.0
658,0.0
659,56.0
659,0.0
660,56.0
660,0.0
661,0.0
661,56.0
662,0.0
662,56.0
663,0.0
663,56.0
664,0.0
664,56.0
665,0.0
665,56.0
666,0.0
666,56.0
667,0.0
667,56.0
668,0.0
668,56.0
669,0.0
669,56.0
670,0.0
670,56.0
671,0.0
671,56.0
672,0.0
672,56.0
673,0.0
673,56.0
674,0.0
674,56.0
675,0.0
675,56.0
676,0.0
676,56.0
677,0.0
677,56.0
678,0.0
678,56.0
679,0.0
679,56.0
680,0.0
680,56.0
681,0.0
681,56.0
682,0.0
682,56.0
683,0.0
683,56.0
684,0.0
684,56.0
685,56.0
685,0.0
686,56.0
686,0.0
687,56.0
687,0.0
688,56.0
688,0.0
689,56.0
689,0.0
690,56.0
690,0.0
691,56.0
692,56.0
693,56.0
694,56.0
695,56.0
696,56.0
697,56.0
698,0.0
698,56.0
699,0.0
699,56.0
700,0.0
700,56.0
701,0.0
701,56.0
702,0.0
702,56.0
703,56.0
704,56.0
705,56.0
706,56.0
707,56.0
708,56.0
709,56.0
710,56.0
711,56.0
712,56.0
713,56.0
714,56.0
715,56.0
716,56.0
716,16.0
717,56.0
717,16.0
718,56.0
718,16.0
719,56.0
719,16.0
720,56.0
720,16.0
721,56.0
721,16.0
722,56.0
722,16.0
723,56.0
723,16.0
724,56.0
724,16.0
725,56.0
725,16.0
726,16.0
726,56.0
727,56.0
727,0.0
728,56.0
728,0.0
729,56.0
729,0.0
730,56.0
730,0.0
731,56.0
731,0.0
732,56.0
732,0.0
733,56.0
734,56.0
735,56.0
736,56.0
737,56.0
738,56.0
739,0.0
739,56.0
740,0.0
740,56.0
741,0.0
741,56.0
742,0.0
742,56.0
743,0.0
743,56.0
744,0.0
744,56.0
745,56.0
751,56.0
752,56.0
753,56.0
754,56.0
755,56.0
756,56.0
757,0.0
757,56.0
758,56.0
758,0.0
759,56.0
759,0.0
760,56.0
760,0.0
761,56.0
761,0.0
762,56.0
762,0.0
763,56.0
763,0.0
764,56.0
764,0.0
765,56.0
765,0.0
766,56.0
766,0.0
767,56.0
767,0.0
768,56.0
768,0.0
769,0.0
769,56.0
770,0.0
770,56.0
771,0.0
772,0.0
773,0.0
774,0.0
775,0.0
776,0.0
777,0.0
778,0.0
779,0.0
780,0.0
781,0.0
781,56.0
782,0.0
782,56.0
783,0.0
783,56.0
784,0.0
784,56.0
785,0.0
785,56.0
786,0.0
786,56.0
787,0.0
787,56.0
788,0.0
788,56.0
789,0.0
789,56.0
790,0.0
790,56.0
791,0.0
791,56.0
792,0.0
792,56.0
793,0.0
793,56.0
794,56.0
794,0.0
795,56.0
795,0.0
796,56.0
796,0.0
797,56.0
797,0.0
798,56.0
798,0.0
799,56.0
800,56.0
801,56.0
802,56.0
803,56.0
804,56.0
805,56.0
805,0.0
806,56.0
806,0.0
807,56.0
807,0.0
808,56.0
808,0.0
809,56.0
809,0.0
810,56.0
810,0.0
811,0.0
811,56.0
812,0.0
812,56.0
813,0.0
813,56.0
814,0.0
814,56.0
815,0.0
815,56.0
816,0.0
816,56.0
817,0.0
817,56.0
817,0.0
818,0.0
818,56.0
818,0.0
819,0.0
819,56.0
819,0.0
820,0.0
820,56.0
820,0.0
821,0.0
821,56.0
821,0.0
822,0.0
822,56.0
822,0.0
823,0.0
823,56.0
823,0.0
823,62.0
824,0.0
824,56.0
824,0.0
825,0.0
825,56.0
825,0.0
826,0.0
826,56.0
826,0.0
826,62.0
827,0.0
827,56.0
827,0.0
827,62.0
828,0.0
828,56.0
828,0.0
828,62.0
829,56.0
829,0.0
830,0.0
830,56.0
830,0.0
831,56.0
831,0.0
831,0.0
832,56.0
832,0.0
832,0.0
833,56.0
833,0.0
833,0.0
834,56.0
834,0.0
834,0.0
835,0.0
835,0.0
835,56.0
836,0.0
836,0.0
836,56.0
837,0.0
837,0.0
837,56.0
838,0.0
838,0.0
838,56.0
839,0.0
839,0.0
839,56.0
840,0.0
840,0.0
840,56.0
841,0.0
841,56.0
841,0.0
842,0.0
842,56.0
843,0.0
844,0.0
845,0.0
846,0.0
847,0.0
847,0.0
848,0.0
848,0.0
849,0.0
849,0.0
850,0.0
850,0.0
851,0.0
851,0.0
852,0.0
852,0.0
853,0.0
854,0.0
855,0.0
856,0.0
857,0.0
858,0.0
859,0.0
859,56.0
860,0.0
860,56.0
861,0.0
861,56.0
862,0.0
862,56.0
863,0.0
863,56.0
864,0.0
864,56.0
865,0.0
866,0.0
866,56.0
867,0.0
868,0.0
869,0.0
870,0.0
878,56.0
879,56.0
883,56.0
884,56.0
885,56.0
886,56.0
887,56.0
888,56.0
889,21.0
889,56.0
890,21.0
891,21.0
892,21.0
893,21.0
894,21.0
901,56.0
901,0.0
902,0.0
902,56.0
903,0.0
903,56.0
904,0.0
904,56.0
905,0.0
905,56.0
906,0.0
906,56.0
907,0.0
908,0.0
909,0.0
909,56.0
910,0.0
911,0.0
911,56.0
912,0.0
912,56.0
913,0.0
913,56.0
914,0.0
914,56.0
914,0.0
915,0.0
915,56.0
915,0.0
916,0.0
916,56.0
916,0.0
917,0.0
917,56.0
917,0.0
918,0.0
918,56.0
918,0.0
919,0.0
919,0.0
920,0.0
920,0.0
921,0.0
921,0.0
922,0.0
922,0.0
923,0.0
923,0.0
924,0.0
924,0.0
925,0.0
925,0.0
926,0.0
926,0.0
926,56.0
927,0.0
927,0.0
927,56.0
928,0.0
928,0.0
928,56.0
929,0.0
929,0.0
929,56.0
930,0.0
930,0.0
930,56.0
931,0.0
931,0.0
931,56.0
932,0.0
932,0.0
932,56.0
933,0.0
933,0.0
933,56.0
934,0.0
934,0.0
934,56.0
935,0.0
935,0.0
935,56.0
936,0.0
936,0.0
936,56.0
937,0.0
937,0.0
937,56.0
938,0.0
938,0.0
938,56.0
939,0.0
939,0.0
939,56.0
940,0.0
940,0.0
940,56.0
941,0.0
941,0.0
941,56.0
942,0.0
942,0.0
942,56.0
943,0.0
943,0.0
943,56.0
944,0.0
944,0.0
944,56.0
945,0.0
945,0.0
945,56.0
946,0.0
946,0.0
946,56.0
947,0.0
947,0.0
947,56.0
948,0.0
948,0.0
948,56.0
949,0.0
949,0.0
949,56.0
950,0.0
950,0.0
950,56.0
951,0.0
951,0.0
951,56.0
952,0.0
952,0.0
952,56.0
953,0.0
953,0.0
953,56.0
954,0.0
954,0.0
954,56.0
955,0.0
955,56.0
955,0.0
956,0.0
956,0.0
956,56.0
957,0.0
957,0.0
957,56.0
958,0.0
958,0.0
958,56.0
959,0.0
959,0.0
959,56.0
960,0.0
960,0.0
960,56.0
961,0.0
961,56.0
961,0.0
962,0.0
962,56.0
962,0.0
963,0.0
963,56.0
963,0.0
964,0.0
964,56.0
964,0.0
965,0.0
965,56.0
965,0.0
966,0.0
966,56.0
966,0.0
967,0.0
967,0.0
967,56.0
968,0.0
968,0.0
968,56.0
969,0.0
969,0.0
969,56.0
970,0.0
970,0.0
970,56.0
971,0.0
971,0.0
971,56.0
972,0.0
972,0.0
972,56.0
973,0.0
973,0.0
973,56.0
974,0.0
974,56.0
974,0.0
975,0.0
975,56.0
975,0.0
976,0.0
976,56.0
976,0.0
977,0.0
977,56.0
977,0.0
978,0.0
978,56.0
978,0.0
979,0.0
979,56.0
980,0.0
980,56.0
980,0.0
981,0.0
981,0.0
981,56.0
982,0.0
982,56.0
982,0.0
983,0.0
983,56.0
983,0.0
984,0.0
984,56.0
984,0.0
985,0.0
985,56.0
985,0.0
986,0.0
986,0.0
986,56.0
986,26.0
987,0.0
987,0.0
987,26.0
987,56.0
988,0.0
988,0.0
988,56.0
988,26.0
989,0.0
989,0.0
989,56.0
989,26.0
990,0.0
990,0.0
990,56.0
990,26.0
991,0.0
991,0.0
992,0.0
992,0.0
993,0.0
993,0.0
994,0.0
994,0.0
995,0.0
995,0.0
996,0.0
996,0.0
996,56.0
997,0.0
997,0.0
998,0.0
998,0.0
998,56.0
999,0.0
999,0.0
999,56.0
1000,0.0
1000,0.0
1000,56.0
1001,0.0
1001,0.0
1001,56.0
1002,0.0
1002,0.0
1002,56.0
1003,0.0
1003,56.0
1003,0.0
1004,0.0
1004,0.0
1004,56.0
1005,0.0
1005,0.0
1005,56.0
1006,0.0
1006,0.0
1006,56.0
1007,0.0
1007,0.0
1007,56.0
1008,0.0
1008,0.0
1008,56.0
1009,0.0
1009,56.0
1009,0.0
1010,0.0
1010,0.0
1010,56.0
1011,0.0
1011,0.0
1011,56.0
1012,0.0
1012,0.0
1012,56.0
1013,0.0
1013,0.0
1013,56.0
1014,0.0
1014,0.0
1014,56.0
1015,0.0
1015,0.0
1015,56.0
1016,0.0
1016,0.0
1016,56.0
1017,0.0
1017,0.0
1017,56.0
1018,0.0
1018,0.0
1018,56.0
1019,0.0
1019,0.0
1019,56.0
1020,0.0
1020,0.0
1020,56.0
1021,0.0
1021,0.0
1022,0.0
1022,0.0
1023,0.0
1023,0.0
1024,0.0
1024,0.0
1025,0.0
1025,0.0
1026,0.0
1026,0.0
1027,0.0
1027,0.0
1028,0.0
1028,0.0
1029,0.0
1029,0.0
1030,0.0
1030,0.0
1031,0.0
1031,0.0
1032,0.0
1032,0.0
1033,0.0
1033,0.0
1034,0.0
1034,0.0
1035,0.0
1035,0.0
1036,0.0
1036,0.0
1037,0.0
1037,0.0
1038,0.0
1038,0.0
1039,0.0
1039,0.0
1040,0.0
1040,0.0
1041,0.0
1041,0.0
1042,0.0
1042,0.0
1043,0.0
1043,0.0
1044,0.0
1044,0.0
1045,0.0
1045,0.0
1046,0.0
1046,0.0
1047,0.0
1047,0.0
1048,0.0
1048,0.0
1049,0.0
1049,0.0
1050,0.0
1050,0.0
1051,0.0
1051,0.0
1052,0.0
1052,0.0
1053,0.0
1053,0.0
1054,0.0
1054,0.0
1055,0.0
1055,0.0
1056,0.0
1056,0.0
1057,0.0
1057,0.0
1058,0.0
1058,0.0
1059,0.0
1059,0.0
1060,0.0
1060,0.0
1061,0.0
1061,0.0
1062,0.0
1062,0.0
1063,0.0
1063,0.0
1064,0.0
1064,0.0
1065,0.0
1065,0.0
1066,0.0
1066,0.0
1067,0.0
1067,0.0
1068,0.0
1068,0.0
1069,0.0
1069,0.0
1070,0.0
1070,0.0
1071,0.0
1071,0.0
1072,0.0
1072,0.0
1073,0.0
1073,0.0
1074,0.0
1074,0.0
1075,0.0
1075,0.0
1076,0.0
1076,0.0
1077,0.0
1077,0.0
1078,0.0
1078,0.0
1079,0.0
1079,0.0
1080,0.0
1080,0.0
1081,0.0
1081,0.0
1082,0.0
1082,0.0
1083,0.0
1083,0.0
1084,0.0
1084,0.0
1085,0.0
1085,0.0
1086,0.0
1086,0.0
1087,0.0
1087,0.0
1088,0.0
1088,0.0
1089,0.0
1089,0.0
1090,0.0
1090,0.0
1091,0.0
1091,0.0
1092,0.0
1092,0.0
1093,0.0
1093,0.0
1094,0.0
1094,0.0
1095,0.0
1095,0.0
1096,0.0
1096,0.0
1097,0.0
1097,0.0
1098,0.0
1098,0.0
1099,0.0
1099,0.0
1100,0.0
1100,0.0
1101,0.0
1101,0.0
1102,0.0
1102,0.0
1103,0.0
1103,0.0
1104,0.0
1104,0.0
1105,0.0
1105,0.0
1106,0.0
1106,0.0
1107,0.0
1107,0.0
1108,0.0
1108,0.0
1109,0.0
1109,0.0
1110,0.0
1110,0.0
1111,0.0
1111,0.0
1112,0.0
1112,0.0
1113,0.0
1113,0.0
1114,0.0
1114,0.0
1115,0.0
1115,0.0
1116,0.0
1116,0.0
1117,0.0
1117,0.0
1118,0.0
1118,0.0
1119,0.0
1119,0.0
1120,0.0
1120,0.0
1121,0.0
1121,0.0
1122,0.0
1122,0.0
1123,0.0
1123,0.0
1124,0.0
1124,0.0
1125,0.0
1125,0.0
1126,0.0
1126,0.0
1127,0.0
1127,0.0
1128,0.0
1128,0.0
1129,0.0
1129,0.0
1130,0.0
1130,0.0
1131,0.0
1131,0.0
1132,0.0
1132,0.0
1133,0.0
1133,0.0
1134,0.0
1134,0.0
1135,0.0
1135,0.0
1136,0.0
1136,0.0
1137,0.0
1137,0.0
1138,0.0
1138,0.0
1139,0.0
1139,0.0
1140,0.0
1140,0.0
1141,0.0
1141,0.0
1142,0.0
1142,0.0
1143,0.0
1143,0.0
1144,0.0
1144,0.0
1145,0.0
1145,0.0
1146,0.0
1146,0.0
1147,0.0
1147,0.0
1148,0.0
1148,0.0
1149,0.0
1149,0.0
1150,0.0
1150,0.0
1151,0.0
1151,0.0
1152,0.0
1152,0.0
1153,0.0
1153,0.0
1154,0.0
1154,0.0
1155,0.0
1155,0.0
1156,0.0
1156,0.0
1157,0.0
1157,0.0
1158,0.0
1158,0.0
1159,0.0
1159,0.0
1160,0.0
1160,0.0
1161,0.0
1161,0.0
1162,0.0
1162,0.0
1163,0.0
1163,0.0
1164,0.0
1164,0.0
1165,0.0
1165,0.0
1166,0.0
1166,0.0
1167,0.0
1167,0.0
1168,0.0
1168,0.0
1169,0.0
1169,0.0
1170,0.0
1170,0.0
1171,0.0
1171,0.0
1172,0.0
1172,0.0
1173,0.0
1173,0.0
1174,0.0
1174,0.0
1175,0.0
1175,0.0
1175,26.0
1176,0.0
1176,0.0
1176,26.0
1177,0.0
1177,0.0
1177,26.0
1178,0.0
1178,0.0
1178,26.0
1179,0.0
1179,0.0
1180,0.0
1180,0.0
1181,0.0
1181,0.0
1182,0.0
1182,0.0
1183,0.0
1183,0.0
1184,0.0
1184,0.0
1185,0.0
1185,0.0
1186,0.0
1186,0.0
1187,0.0
1187,0.0
1188,0.0
1188,0.0
1189,0.0
1190,0.0
1191,0.0
1192,0.0
1193,0.0
1194,0.0
1195,0.0
1196,0.0
1197,0.0
1198,0.0
1198,0.0
1199,0.0
1199,0.0
1200,0.0
1200,0.0
1201,0.0
1202,0.0
1202,0.0
1203,0.0
1203,16.0
1204,0.0
1204,16.0
1205,0.0
1205,16.0
1206,0.0
1206,16.0
1207,0.0
1207,16.0
1208,0.0
1208,0.0
1209,0.0
1209,0.0
1210,0.0
1210,0.0
1211,0.0
1211,0.0
1212,0.0
1212,0.0
1213,0.0
1213,0.0
1214,0.0
1214,0.0
1215,0.0
1215,0.0
1216,0.0
1216,0.0
1217,0.0
1217,0.0
1218,0.0
1218,0.0
1219,0.0
1219,0.0
1220,0.0
1220,0.0
1221,0.0
1221,0.0
1222,0.0
1222,16.0
1223,0.0
1223,16.0
1224,0.0
1224,16.0
1225,0.0
1226,0.0
1226,16.0
1227,0.0
1227,16.0
1228,0.0
1228,16.0
1229,0.0
1229,16.0
1230,0.0
1230,16.0
1231,0.0
1231,16.0
1232,0.0
1233,0.0
1234,0.0
1235,0.0
1236,0.0
1237,0.0
1238,0.0
1238,56.0
1239,0.0
1239,56.0
1240,0.0
1240,56.0
1241,0.0
1241,56.0
1242,0.0
1242,56.0
1242,0.0
1243,0.0
1243,56.0
1243,0.0
1244,0.0
1244,56.0
1244,0.0
1245,0.0
1245,56.0
1245,0.0
1246,0.0
1246,56.0
1247,0.0
1247,56.0
1248,0.0
1248,56.0
1249,0.0
1249,56.0
1250,0.0
1250,56.0
1251,0.0
1251,56.0
1252,0.0
1252,56.0
1253,0.0
1253,56.0
1254,0.0
1254,56.0
1255,0.0
1255,56.0
1256,56.0
1256,0.0
1257,56.0
1257,0.0
1258,56.0
1258,0.0
1259,56.0
1259,0.0
1260,56.0
1260,0.0
1261,0.0
1262,0.0
1262,56.0
1263,0.0
1263,56.0
1264,0.0
1264,56.0
1265,0.0
1265,56.0
1266,0.0
1266,56.0
1267,0.0
1267,56.0
1268,0.0
1268,56.0
1269,0.0
1269,56.0
1270,0.0
1270,56.0
1271,0.0
1271,56.0
1272,0.0
1272,56.0
1273,0.0
1273,56.0
1274,0.0
1274,56.0
1275,0.0
1275,56.0
1276,0.0
1276,56.0
1277,0.0
1277,56.0
1278,0.0
1278,56.0
1279,0.0
1279,56.0
1280,0.0
1280,56.0
1281,0.0
1281,56.0
1282,0.0
1282,56.0
1283,0.0
1283,56.0
1284,0.0
1284,56.0
1285,0.0
1285,56.0
1286,0.0
1286,56.0
1287,0.0
1287,56.0
1288,0.0
1288,56.0
1289,0.0
1289,56.0
1290,0.0
1290,56.0
1291,0.0
1291,56.0
1292,0.0
1292,56.0
1293,0.0
1293,56.0
1294,0.0
1294,56.0
1294,0.0
1295,0.0
1295,56.0
1295,0.0
1296,0.0
1296,56.0
1296,0.0
1297,0.0
1297,56.0
1297,0.0
1298,56.0
1298,0.0
1298,0.0
1299,0.0
1299,56.0
1300,0.0
1300,56.0
1301,0.0
1301,56.0
1302,0.0
1302,56.0
1303,0.0
1303,56.0
1304,0.0
1304,56.0
1304,0.0
1305,0.0
1305,56.0
1305,0.0
1306,0.0
1306,56.0
1306,0.0
1307,0.0
1307,56.0
1307,0.0
1308,0.0
1308,56.0
1308,0.0
1309,0.0
1309,56.0
1310,0.0
1310,56.0
1311,0.0
1311,56.0
1312,0.0
1312,56.0
1313,0.0
1313,56.0
1314,0.0
1314,56.0
1315,0.0
1315,56.0
1316,0.0
1316,56.0
1317,0.0
1317,56.0
1318,0.0
1318,56.0
1319,0.0
1319,56.0
1320,0.0
1320,56.0
1321,0.0
1321,56.0
1322,0.0
1322,56.0
1323,0.0
1323,56.0
1324,0.0
1324,56.0
1325,0.0
1325,56.0
1326,0.0
1326,56.0
1327,0.0
1327,56.0
1328,0.0
1328,56.0
1329,0.0
1329,56.0
1330,0.0
1330,56.0
1331,0.0
1331,56.0
1332,0.0
1332,56.0
1333,0.0
1333,56.0
1334,0.0
1334,56.0
1335,0.0
1335,56.0
1336,0.0
1336,56.0
1337,0.0
1337,56.0
1338,0.0
1338,56.0
1339,0.0
1339,56.0
1340,0.0
1340,56.0
1341,0.0
1341,56.0
1342,0.0
1342,56.0
1343,0.0
1343,56.0
1344,0.0
1344,56.0
1345,0.0
1345,56.0
1346,0.0
1346,56.0
1347,0.0
1347,56.0
1348,0.0
1348,56.0
1349,0.0
1349,56.0
1350,0.0
1350,56.0
1351,56.0
1351,0.0
1352,0.0
1352,56.0
1353,56.0
1353,0.0
1354,56.0
1354,0.0
1355,56.0
1355,0.0
1356,0.0
1356,56.0
1357,56.0
1357,0.0
1358,56.0
1358,0.0
1359,0.0
1359,56.0
1360,0.0
1360,56.0
1361,0.0
1361,56.0
1362,56.0
1362,0.0
1363,56.0
1363,0.0
1364,56.0
1364,0.0
1365,56.0
1365,0.0
1366,56.0
1366,0.0
1367,56.0
1367,0.0
1368,56.0
1368,0.0
1369,56.0
1369,0.0
1370,56.0
1370,0.0
1371,56.0
1371,0.0
1372,56.0
1372,0.0
1373,56.0
1373,0.0
1374,56.0
1374,0.0
1375,56.0
1375,0.0
1376,56.0
1376,0.0
1377,56.0
1377,0.0
1378,56.0
1378,0.0
1379,56.0
1379,0.0
1380,56.0
1380,0.0
1381,56.0
1381,0.0
1382,56.0
1382,0.0
1383,56.0
1383,0.0
1384,56.0
1384,0.0
1385,56.0
1385,0.0
1386,0.0
1386,56.0
1387,0.0
1387,56.0
1388,0.0
1388,56.0
1389,0.0
1389,56.0
1390,0.0
1390,56.0
1391,0.0
1391,56.0
1392,0.0
1392,56.0
1393,0.0
1393,56.0
1394,0.0
1394,56.0
1395,56.0
1395,0.0
1396,56.0
1396,0.0
1397,56.0
1397,0.0
1398,56.0
1398,0.0
1399,56.0
1399,0.0
1400,56.0
1400,0.0
1401,56.0
1401,0.0
1402,56.0
1402,0.0
1403,56.0
1403,0.0
1404,56.0
1404,0.0
1405,56.0
1405,0.0
1406,56.0
1406,0.0
1407,56.0
1407,0.0
1408,56.0
1408,0.0
1409,56.0
1409,0.0
1410,56.0
1410,0.0
1411,56.0
1411,0.0
1412,56.0
1412,0.0
1413,56.0
1413,0.0
1414,56.0
1414,0.0
1415,56.0
1415,0.0
1416,56.0
1416,0.0
1417,56.0
1417,0.0
1418,56.0
1419,56.0
1419,0.0
1420,56.0
1420,0.0
1421,56.0
1421,0.0
1422,56.0
1422,0.0
1423,56.0
1423,0.0
1424,56.0
1424,0.0
1425,56.0
1425,0.0
1426,56.0
1426,0.0
1427,56.0
1427,0.0
1428,56.0
1428,0.0
1429,56.0
1429,0.0
1430,0.0
1430,56.0
1431,0.0
1431,56.0
1432,0.0
1432,56.0
1433,0.0
1433,56.0
1434,0.0
1434,56.0
1435,0.0
1435,56.0
1436,0.0
1436,56.0
1437,0.0
1437,56.0
1438,0.0
1438,56.0
1439,0.0
1439,56.0
1440,0.0
1440,56.0
1441,0.0
1441,56.0
1442,56.0
1442,0.0
1443,56.0
1443,0.0
1444,56.0
1444,0.0
1445,56.0
1445,0.0
1446,56.0
1446,0.0
1447,56.0
1447,0.0
1448,56.0
1448,0.0
1449,56.0
1449,0.0
1450,56.0
1450,0.0
1451,56.0
1451,0.0
1452,56.0
1452,0.0
1453,56.0
1453,0.0
1454,0.0
1454,56.0
1455,0.0
1455,56.0
1456,0.0
1456,56.0
1457,0.0
1457,56.0
1458,0.0
1458,56.0
1459,0.0
1459,56.0
1460,0.0
1460,56.0
1461,0.0
1461,56.0
1462,0.0
1462,56.0
1463,0.0
1463,56.0
1464,0.0
1464,56.0
1465,0.0
1465,56.0
1466,56.0
1466,0.0
1467,56.0
1467,0.0
1468,56.0
1468,0.0
1469,56.0
1469,0.0
1470,56.0
1470,0.0
1471,56.0
1471,0.0
1472,56.0
1472,0.0
1473,56.0
1473,0.0
1474,56.0
1474,0.0
1475,56.0
1475,0.0
1476,56.0
1476,0.0
1477,56.0
1477,0.0
1478,56.0
1478,0.0
1479,56.0
1479,0.0
1480,56.0
1480,0.0
1481,56.0
1481,0.0
1482,56.0
1482,0.0
1483,56.0
1483,0.0
1484,56.0
1484,0.0
1485,56.0
1485,0.0
1486,56.0
1486,0.0
1487,56.0
1487,0.0
1488,56.0
1488,0.0
1489,56.0
1489,0.0
1490,56.0
1490,0.0
1491,56.0
1491,0.0
1492,56.0
1492,0.0
1493,56.0
1493,0.0
1494,56.0
1494,0.0
1495,56.0
1495,0.0
1496,0.0
1496,56.0
1497,0.0
1497,56.0
1498,0.0
1498,56.0
1499,0.0
1499,56.0
1500,0.0
1500,56.0
1501,0.0
1502,0.0
1502,56.0
1503,0.0
1503,56.0
1504,0.0
1504,56.0
1505,0.0
1505,56.0
1506,0.0
1506,56.0
1507,0.0
1507,56.0
1508,0.0
1508,56.0
1509,0.0
1509,56.0
1510,0.0
1510,56.0
1511,0.0
1511,56.0
1512,0.0
1512,56.0
1513,0.0
1513,56.0
1514,0.0
1514,56.0
1514,67.0
1515,0.0
1515,56.0
1516,0.0
1516,56.0
1517,0.0
1517,56.0
1518,0.0
1518,56.0
1519,0.0
1519,56.0
1520,0.0
1520,56.0
1521,0.0
1521,56.0
1522,0.0
1522,56.0
1523,0.0
1523,56.0
1524,0.0
1524,56.0
1525,0.0
1525,56.0
1526,0.0
1526,56.0
1527,0.0
1527,56.0
1528,0.0
1528,56.0
1529,0.0
1529,56.0
1530,0.0
1530,56.0
1531,0.0
1531,56.0
1532,0.0
1532,56.0
1533,0.0
1533,56.0
1534,0.0
1534,56.0
1535,0.0
1535,56.0
1536,0.0
1536,56.0
1537,0.0
1537,56.0
1538,0.0
1538,56.0
1539,0.0
1539,56.0
1540,0.0
1540,56.0
1541,0.0
1541,56.0
1542,0.0
1542,56.0
1543,0.0
1543,56.0
1544,0.0
1544,56.0
1545,0.0
1545,56.0
1546,0.0
1546,56.0
1547,0.0
1547,56.0
1548,0.0
1548,56.0
1549,0.0
1549,56.0
1550,0.0
1550,56.0
1551,0.0
1551,56.0
1552,0.0
1552,56.0
1553,0.0
1553,56.0
1554,0.0
1554,56.0
1555,0.0
1555,56.0
1556,0.0
1556,56.0
1557,0.0
1557,56.0
1558,0.0
1558,56.0
1559,0.0
1559,56.0
1560,0.0
1560,56.0
1561,0.0
1561,56.0
1562,0.0
1562,56.0
1563,0.0
1563,56.0
1564,0.0
1564,56.0
1565,0.0
1565,56.0
1566,0.0
1566,56.0
1567,0.0
1567,56.0
1568,0.0
1568,56.0
1569,0.0
1569,56.0
1570,0.0
1570,56.0
1571,0.0
1571,56.0
1572,0.0
1572,56.0
1573,0.0
1573,56.0
1574,0.0
1574,56.0
1575,0.0
1575,56.0
1576,0.0
1576,56.0
1577,0.0
1577,56.0
1578,0.0
1578,56.0
1579,0.0
1579,56.0
1580,0.0
1580,56.0
1581,0.0
1581,56.0
1582,0.0
1582,56.0
1583,0.0
1583,56.0
1584,0.0
1584,56.0
1585,0.0
1585,56.0
1586,0.0
1586,56.0
1587,56.0
1587,0.0
1588,56.0
1588,0.0
1589,56.0
1589,0.0
1590,56.0
1590,0.0
1591,56.0
1591,0.0
1592,56.0
1592,0.0
1593,56.0
1593,0.0
1594,0.0
1594,56.0
1595,0.0
1595,56.0
1596,0.0
1596,56.0
1597,0.0
1597,56.0
1598,0.0
1598,56.0
1599,0.0
1599,56.0
1600,0.0
1600,56.0
1601,0.0
1601,56.0
1602,0.0
1602,56.0
1602,67.0
1603,0.0
1603,56.0
1603,67.0
1604,0.0
1604,56.0
1604,67.0
1605,0.0
1605,56.0
1605,67.0
1606,0.0
1606,56.0
1607,0.0
1607,56.0
1608,0.0
1608,56.0
1609,0.0
1609,56.0
1610,0.0
1610,56.0
1611,0.0
1611,56.0
1612,0.0
1612,56.0
1613,0.0
1613,56.0
1614,0.0
1614,56.0
1615,0.0
1615,56.0
1616,0.0
1616,56.0
1617,0.0
1617,56.0
1618,0.0
1618,56.0
1619,0.0
1619,56.0
1620,0.0
1620,56.0
1621,0.0
1621,56.0
1622,0.0
1622,56.0
1623,0.0
1623,56.0
1624,0.0
1624,56.0
1625,0.0
1625,56.0
1626,0.0
1626,56.0
1627,0.0
1627,56.0
1628,0.0
1628,56.0
1629,0.0
1629,56.0
1630,0.0
1630,56.0
1631,0.0
1631,56.0
1632,0.0
1633,0.0
1633,56.0
1634,0.0
1634,56.0
1635,0.0
1635,56.0
1636,0.0
1636,56.0
1637,0.0
1637,56.0
1638,0.0
1638,56.0
1639,0.0
1639,56.0
1640,0.0
1640,56.0
1641,0.0
1641,56.0
1642,0.0
1642,56.0
1643,0.0
1643,56.0
1644,0.0
1644,56.0
1645,0.0
1645,56.0
1646,0.0
1646,56.0
1647,0.0
1647,56.0
1648,0.0
1648,56.0
1649,0.0
1649,56.0
1650,0.0
1650,56.0
1651,0.0
1651,56.0
1652,56.0
1652,0.0
1653,56.0
1653,0.0
1654,56.0
1654,0.0
1655,56.0
1655,0.0
1656,56.0
1657,56.0
1658,56.0
1659,56.0
1659,0.0
1660,56.0
1660,0.0
1661,56.0
1661,0.0
1662,56.0
1662,0.0
1663,56.0
1664,56.0
1665,56.0
1666,56.0
1666,0.0
1667,56.0
1667,0.0
1668,56.0
1669,56.0
1669,0.0
1670,56.0
1671,56.0
1671,0.0
1672,56.0
1672,0.0
1673,56.0
1673,0.0
1674,56.0
1674,0.0
1675,56.0
1675,0.0
1676,56.0
1676,0.0
1677,56.0
1677,0.0
1678,56.0
1678,0.0
1679,56.0
1679,0.0
1680,56.0
1680,0.0
1681,56.0
1682,56.0
1683,56.0
1684,56.0
1685,56.0
1686,56.0
1687,56.0
1688,56.0
1689,56.0
1690,56.0
1691,56.0
1692,56.0
1693,56.0
1694,56.0
1695,56.0
1696,56.0
1697,56.0
1698,56.0
1699,56.0
1700,56.0
1701,56.0
1702,56.0
1703,56.0
1704,56.0
1705,56.0
1706,56.0
1707,56.0
1708,56.0
1709,56.0
1710,56.0
1711,56.0
1712,56.0
1713,56.0
1714,56.0
1715,56.0
1716,56.0
1717,56.0
1718,56.0
1719,56.0
1720,56.0
1721,56.0
1722,56.0
1723,56.0
1724,56.0
1725,56.0
1726,56.0
1727,56.0
1728,56.0
1729,56.0
1729,0.0
1730,56.0
1730,0.0
1731,56.0
1731,15.0
1732,56.0
1732,15.0
1733,56.0
1733,15.0
1734,56.0
1735,56.0
1735,0.0
1736,56.0
1736,0.0
1737,56.0
1737,0.0
1738,0.0
1738,56.0
1739,0.0
1739,56.0
1740,0.0
1740,56.0
1741,0.0
1741,56.0
1742,56.0
1743,56.0
1744,56.0
1745,56.0
1746,56.0
1746,0.0
1747,56.0
1747,0.0
1748,56.0
1748,0.0
1749,56.0
1750,56.0
1751,56.0
1752,56.0
1753,56.0
1754,56.0
1755,56.0
1756,56.0
1757,56.0
1758,56.0
1759,56.0
1760,56.0
1761,56.0
1762,16.0
1763,16.0
1786,16.0
1787,16.0
1788,16.0
1789,16.0
1790,16.0
1795,16.0
1796,16.0
1802,16.0
1803,16.0
1804,16.0
1805,16.0
1806,16.0
1807,16.0
1808,16.0
1809,16.0
1810,16.0
1811,16.0
1813,16.0
1814,16.0
1815,16.0
1816,56.0
1818,56.0
1820,56.0
1820,0.0
1821,56.0
1821,0.0
1822,56.0
1822,0.0
1823,56.0
1823,0.0
1824,56.0
1825,56.0
1826,56.0
1827,56.0
1828,56.0
1829,56.0
1830,56.0
1831,56.0
1832,56.0
1833,56.0
1834,56.0
1835,56.0
1858,56.0
1859,56.0
1860,56.0
1861,56.0
1862,56.0
1863,56.0
1864,56.0
1865,56.0
1866,56.0
1867,56.0
1867,16.0
1868,56.0
1868,16.0
1869,56.0
1869,16.0
1870,56.0
1871,56.0
1872,56.0
1873,56.0
1874,56.0
1875,56.0
1876,56.0
1877,56.0
1878,56.0
1879,56.0
1880,56.0
1881,56.0
1881,56.0
1882,56.0
1882,56.0
1883,56.0
1883,56.0
1884,56.0
1884,56.0
1885,56.0
1885,56.0
1886,56.0
1886,56.0
1887,56.0
1887,56.0
1888,56.0
1888,56.0
1889,56.0
1889,56.0
1890,56.0
1890,56.0
1891,56.0
1892,56.0
1893,56.0
1894,56.0
1895,56.0
1896,56.0
1897,56.0
1898,56.0
1899,56.0
1900,56.0
1901,56.0
1902,56.0
1903,56.0
1904,56.0
1905,56.0
1906,56.0
1907,56.0
1908,56.0
1908,0.0
1909,56.0
1909,0.0
1910,56.0
1910,0.0
1911,56.0
1912,56.0
1913,56.0
1914,56.0
1915,56.0
1916,56.0
1917,56.0
1918,56.0
1919,56.0
1920,56.0
1920,0.0
1921,56.0
1922,56.0
1923,56.0
1924,56.0
1924,16.0
1925,56.0
1925,16.0
1926,56.0
1926,16.0
1927,56.0
1927,16.0
1928,56.0
1928,16.0
1929,16.0
1929,56.0
1930,16.0
1930,56.0
1931,16.0
1931,56.0
1932,56.0
1932,16.0
1933,56.0
1933,16.0
1934,56.0
1934,16.0
1935,0.0
1935,56.0
1936,0.0
1936,56.0
1937,0.0
1937,56.0
1938,0.0
1938,56.0
1939,0.0
1939,56.0
1940,0.0
1940,56.0
1941,0.0
1941,56.0
1942,56.0
1942,0.0
1943,0.0
1943,56.0
1944,0.0
1944,56.0
1945,0.0
1945,56.0
1946,0.0
1946,56.0
1947,0.0
1947,56.0
1948,0.0
1948,56.0
1949,0.0
1949,56.0
1950,0.0
1950,56.0
1951,0.0
1952,0.0
1953,0.0
1954,0.0
1955,0.0
1956,0.0
1957,16.0
1958,16.0
1959,16.0
1960,16.0
1961,16.0
1962,16.0
1963,16.0
1964,16.0
1968,16.0
1968,56.0
1969,16.0
1969,56.0
1970,16.0
1970,56.0
1971,16.0
1971,56.0
1972,16.0
1972,56.0
1973,16.0
1973,56.0
1974,16.0
1974,56.0
1975,16.0
1975,56.0
1976,16.0
1976,56.0
1977,16.0
1977,56.0
1978,56.0
1979,56.0
1980,56.0
1981,56.0
1982,56.0
1983,56.0
1984,56.0
1985,56.0
1986,56.0
1987,56.0
1988,56.0
1989,56.0
1990,56.0
1991,56.0
1992,56.0
1993,56.0
1994,56.0
1999,56.0
2000,56.0
2001,56.0
2002,56.0
2003,56.0
2004,56.0
2005,56.0
2006,56.0
2007,56.0
2008,16.0
2008,56.0
2009,16.0
2009,56.0
2010,16.0
2010,56.0
2011,56.0
2011,16.0
2012,56.0
2012,16.0
2013,56.0
2014,56.0
2015,56.0
2028,56.0
2028,56.0
2036,56.0
2037,56.0
2038,56.0
2039,56.0
2040,56.0
2041,56.0
2042,56.0
2043,56.0
2044,56.0
2045,56.0
2046,56.0
2047,56.0
2048,56.0
2049,56.0
2050,56.0
2051,56.0
2052,56.0
2053,56.0
2054,56.0
2055,56.0
2056,56.0
2057,56.0
2058,56.0
2059,56.0
2060,56.0
2064,56.0
2065,56.0
2066,56.0
2067,56.0
2068,56.0
2069,56.0
2070,56.0
2071,56.0
2072,56.0
2073,56.0
2074,56.0
2075,56.0
2094,56.0
2095,56.0
2096,56.0
2097,56.0
2098,56.0
2099,56.0
2100,56.0
2101,56.0
2102,56.0
2103,56.0
2104,56.0
2105,56.0
2106,56.0
2107,56.0
2108,56.0
2109,56.0
2110,56.0
2111,56.0
2112,56.0
2113,56.0
2114,56.0
2115,56.0
2116,56.0
2117,56.0
2118,56.0
2119,56.0
2120,56.0
2121,56.0
2122,56.0
2123,56.0
2124,56.0
2125,56.0
2126,56.0
2127,56.0
2128,56.0
2129,56.0
2130,56.0
2130,16.0
2131,56.0
2131,16.0
2132,56.0
2132,16.0
2133,56.0
2133,16.0
2134,56.0
2135,56.0
2136,56.0
2137,56.0
2137,16.0
2138,56.0
2139,56.0
2140,56.0
2141,56.0
2142,56.0
2143,56.0
2144,56.0
2145,56.0
2146,56.0
2147,56.0
2148,56.0
2149,56.0
2150,56.0
2151,56.0
2152,56.0
2153,56.0
2154,56.0
2155,56.0
2156,56.0
2157,56.0
2158,56.0
2159,56.0
2160,56.0
2161,56.0
2162,56.0
2163,56.0
2164,56.0
2165,56.0
2166,56.0
2167,56.0
2168,56.0
2169,56.0
2170,56.0
2171,56.0
2172,56.0
2173,56.0
2174,56.0
2175,56.0
2176,56.0
2177,56.0
2178,56.0
2179,56.0
2180,56.0
2181,56.0
2182,56.0
2183,56.0
2184,56.0
2185,56.0
2186,56.0
2187,56.0
2188,56.0
2189,56.0
2190,56.0
2191,56.0
2192,56.0
2192,16.0
2193,56.0
2193,16.0
2194,56.0
2195,56.0
2196,56.0
2197,56.0
2198,56.0
2199,56.0
2200,56.0
2201,56.0
2202,56.0
2203,56.0
2204,56.0
2205,56.0
2206,56.0
2207,56.0
2208,56.0
2209,56.0
2209,0.0
2210,56.0
2210,0.0
2211,56.0
2212,56.0
2213,56.0
2214,56.0
2215,56.0
2216,56.0
2217,16.0
2217,56.0
2218,16.0
2218,56.0
2219,16.0
2219,56.0
2220,56.0
2220,16.0
2221,56.0
2222,56.0
2223,56.0
2224,56.0
2225,56.0
2226,56.0
2227,56.0
2228,56.0
2228,0.0
2229,56.0
2229,0.0
2230,56.0
2231,56.0
2232,56.0
2232,0.0
2233,56.0
2233,0.0
2234,56.0
2234,0.0
2235,56.0
2235,0.0
2236,56.0
2236,0.0
2237,56.0
2237,0.0
