15,66.0
20,66.0
29,66.0
32,66.0
34,66.0
36,66.0
39,66.0
48,66.0
49,66.0
58,0.0
77,0.0
78,0.0
79,0.0
80,0.0
81,0.0
82,0.0
83,0.0
84,0.0
85,0.0
86,0.0
87,0.0
88,0.0
88,0.0
89,0.0
89,0.0
90,0.0
90,0.0
91,0.0
91,0.0
92,0.0
92,72.0
93,0.0
94,0.0
94,66.0
96,66.0
97,66.0
98,63.0
113,14.0
113,14.0
114,14.0
115,14.0
116,14.0
117,14.0
118,14.0
128,63.0
130,63.0
136,63.0
137,63.0
138,63.0
139,63.0
140,63.0
141,63.0
142,63.0
143,63.0
144,63.0
145,63.0
146,63.0
147,63.0
148,63.0
149,63.0
150,63.0
151,63.0
152,63.0
153,63.0
154,63.0
155,63.0
156,63.0
157,63.0
158,63.0
159,63.0
160,63.0
161,63.0
162,63.0
163,63.0
164,63.0
165,63.0
166,63.0
167,63.0
168,63.0
169,63.0
170,63.0
171,63.0
172,63.0
173,63.0
174,63.0
175,63.0
176,63.0
177,63.0
178,63.0
179,63.0
180,63.0
181,63.0
194,63.0
195,63.0
196,63.0
197,63.0
198,63.0
199,63.0
200,63.0
201,63.0
202,63.0
203,63.0
204,63.0
205,63.0
206,63.0
207,63.0
208,63.0
209,63.0
210,63.0
211,63.0
212,63.0
213,63.0
214,63.0
215,63.0
216,63.0
217,63.0
218,63.0
219,63.0
220,63.0
221,63.0
222,63.0
223,63.0
224,63.0
225,63.0
226,63.0
227,63.0
228,63.0
229,63.0
230,63.0
231,63.0
232,63.0
233,63.0
234,63.0
235,63.0
236,63.0
237,63.0
238,63.0
239,63.0
240,63.0
241,63.0
242,63.0
243,63.0
244,63.0
245,63.0
246,63.0
247,63.0
248,63.0
249,63.0
250,63.0
251,63.0
252,63.0
253,63.0
254,63.0
255,63.0
256,63.0
257,63.0
258,63.0
259,63.0
260,63.0
261,63.0
262,63.0
264,63.0
265,63.0
266,63.0
267,63.0
268,63.0
269,63.0
270,63.0
271,63.0
272,63.0
273,63.0
274,63.0
275,63.0
276,63.0
277,63.0
278,63.0
279,63.0
280,63.0
281,0.0
281,63.0
282,0.0
282,63.0
283,0.0
283,63.0
284,0.0
284,63.0
285,0.0
286,0.0
287,0.0
287,63.0
288,0.0
288,63.0
289,0.0
289,63.0
290,0.0
291,0.0
292,0.0
293,0.0
294,0.0
295,0.0
296,0.0
297,0.0
298,0.0
299,0.0
300,0.0
301,0.0
303,0.0
304,0.0
342,63.0
343,63.0
348,63.0
349,63.0
374,63.0
374,66.0
375,15.0
375,16.0
375,63.0
375,66.0
376,63.0
380,63.0
382,0.0
385,0.0
386,0.0
387,0.0
388,0.0
389,0.0
394,0.0
395,0.0
399,0.0
400,0.0
401,0.0
402,0.0
403,0.0
404,0.0
405,63.0
405,0.0
406,0.0
406,63.0
408,0.0
409,0.0
410,0.0
411,0.0
412,0.0
413,0.0
414,0.0
415,0.0
416,0.0
417,0.0
423,0.0
424,0.0
428,0.0
429,0.0
430,0.0
435,0.0
436,0.0
438,63.0
439,63.0
440,63.0
441,63.0
441,66.0
442,63.0
442,66.0
443,63.0
444,63.0
445,63.0
452,63.0
455,63.0
456,63.0
457,63.0
458,63.0
459,63.0
460,63.0
461,63.0
462,63.0
463,63.0
464,63.0
531,63.0
539,63.0
549,63.0
552,64.0
553,64.0
579,66.0
581,66.0
607,63.0
609,15.0
611,63.0
612,63.0
613,63.0
615,63.0
616,63.0
620,63.0
621,63.0
622,63.0
639,0.0
640,0.0
641,0.0
644,0.0
645,0.0
646,0.0
647,0.0
648,0.0
649,0.0
650,0.0
651,0.0
651,63.0
653,0.0
654,0.0
655,0.0
656,0.0
657,0.0
658,0.0
659,0.0
660,0.0
661,0.0
662,0.0
663,0.0
664,0.0
665,0.0
666,0.0
667,0.0
668,0.0
669,0.0
670,0.0
671,0.0
672,0.0
673,0.0
676,0.0
680,0.0
681,0.0
682,0.0
689,0.0
690,0.0
691,0.0
692,0.0
693,0.0
694,0.0
695,0.0
696,0.0
697,0.0
698,0.0
704,0.0
705,0.0
706,0.0
711,0.0
716,0.0
717,0.0
718,0.0
719,0.0
720,0.0
721,0.0
722,0.0
729,0.0
732,0.0
733,0.0
734,0.0
735,0.0
736,0.0
737,0.0
738,0.0
739,0.0
740,0.0
741,0.0
742,0.0
743,0.0
744,0.0
745,0.0
746,0.0
747,0.0
748,0.0
749,0.0
750,0.0
751,0.0
752,0.0
753,0.0
754,0.0
755,0.0
756,0.0
757,0.0
758,0.0
759,0.0
760,0.0
761,0.0
767,0.0
768,0.0
769,0.0
770,0.0
771,0.0
772,0.0
773,0.0
774,0.0
775,0.0
776,0.0
777,0.0
778,0.0
779,0.0
780,0.0
781,0.0
782,0.0
783,0.0
784,0.0
785,0.0
786,0.0
787,0.0
788,0.0
789,0.0
790,0.0
791,0.0
792,0.0
793,0.0
794,0.0
795,0.0
796,0.0
797,0.0
798,0.0
799,0.0
800,0.0
801,0.0
802,0.0
803,0.0
804,0.0
805,0.0
806,0.0
807,0.0
808,0.0
809,0.0
810,0.0
811,0.0
812,0.0
813,0.0
814,0.0
815,0.0
816,0.0
817,0.0
818,0.0
819,0.0
820,0.0
821,0.0
822,0.0
823,0.0
824,0.0
825,0.0
826,0.0
827,0.0
828,0.0
829,0.0
830,0.0
831,0.0
832,0.0
833,0.0
834,0.0
835,0.0
836,0.0
837,0.0
838,0.0
839,0.0
840,0.0
841,0.0
842,0.0
843,0.0
844,0.0
845,0.0
846,0.0
847,0.0
848,0.0
849,0.0
850,0.0
851,0.0
852,0.0
853,0.0
854,0.0
855,0.0
856,0.0
857,0.0
858,0.0
859,0.0
860,0.0
861,0.0
862,0.0
863,0.0
865,0.0
874,63.0
876,63.0
877,63.0
885,0.0
887,0.0
888,0.0
889,0.0
890,0.0
923,0.0
924,0.0
925,0.0
926,0.0
929,0.0
930,0.0
931,0.0
932,0.0
935,0.0
936,0.0
937,0.0
938,0.0
939,0.0
941,0.0
942,0.0
943,0.0
944,0.0
945,0.0
946,0.0
947,0.0
948,0.0
949,0.0
950,0.0
951,0.0
952,0.0
953,0.0
954,0.0
955,0.0
956,0.0
957,0.0
958,0.0
959,0.0
960,0.0
961,0.0
962,0.0
968,0.0
969,0.0
970,0.0
971,0.0
972,0.0
973,0.0
974,0.0
975,0.0
976,0.0
976,72.0
977,0.0
978,0.0
979,0.0
980,0.0
981,0.0
983,0.0
984,0.0
985,0.0
987,0.0
992,63.0
994,63.0
999,63.0
1000,0.0
1000,63.0
1001,0.0
1002,0.0
1003,0.0
1004,0.0
1005,0.0
1010,63.0
1010,0.0
1011,63.0
1011,0.0
1012,63.0
1012,0.0
1013,0.0
1013,63.0
1015,63.0
1019,63.0
1019,0.0
1020,63.0
1021,63.0
1022,63.0
1023,0.0
1024,63.0
1025,63.0
1028,63.0
1029,63.0
1030,63.0
1031,63.0
1032,63.0
1033,63.0
1034,63.0
1035,63.0
1035,0.0
1036,0.0
1036,63.0
1037,63.0
1037,0.0
1038,0.0
1038,63.0
1039,0.0
1039,63.0
1040,0.0
1042,0.0
1043,0.0
1044,0.0
1045,0.0
1046,0.0
1047,0.0
1048,0.0
1050,0.0
1051,0.0
1052,0.0
1053,63.0
1054,0.0
1054,63.0
1055,0.0
1055,63.0
1056,0.0
1056,63.0
1057,0.0
1057,63.0
1058,0.0
1058,63.0
1059,0.0
1059,63.0
1062,63.0
1063,63.0
1064,63.0
1065,63.0
1066,63.0
1067,63.0
1068,63.0
1069,63.0
1071,63.0
1072,63.0
1073,63.0
1074,63.0
1075,63.0
1076,63.0
1077,63.0
1078,63.0
1079,0.0
1079,63.0
1080,0.0
1080,63.0
1081,63.0
1081,0.0
1082,0.0
1082,63.0
1083,0.0
1083,63.0
1084,0.0
1084,63.0
1085,63.0
1085,0.0
1086,63.0
1086,0.0
1087,63.0
1087,0.0
1088,63.0
1088,0.0
1089,63.0
1090,63.0
1091,63.0
1091,0.0
1092,63.0
1092,0.0
1093,63.0
1093,0.0
1094,63.0
1095,63.0
1096,63.0
1096,0.0
1097,63.0
1097,16.0
1098,63.0
1098,0.0
1099,63.0
1099,0.0
1100,0.0
1100,63.0
1101,16.0
1101,63.0
1102,0.0
1102,63.0
1103,0.0
1103,63.0
1104,0.0
1104,63.0
1105,0.0
1105,63.0
1106,0.0
1106,63.0
1107,0.0
1107,63.0
1108,0.0
1108,16.0
1109,16.0
1109,63.0
1109,0.0
1110,0.0
1110,63.0
1111,0.0
1111,63.0
1112,0.0
1113,15.0
1114,15.0
1114,16.0
1115,0.0
1115,63.0
1116,0.0
1117,0.0
1118,0.0
1119,0.0
1120,0.0
1121,0.0
1122,0.0
1123,0.0
1124,0.0
1125,0.0
1126,0.0
1127,0.0
1128,0.0
1129,0.0
1130,0.0
1131,0.0
1132,0.0
1133,0.0
1134,0.0
1135,0.0
1136,0.0
1137,0.0
1138,0.0
1139,0.0
1140,0.0
1140,63.0
1141,0.0
1141,63.0
1142,0.0
1143,0.0
1143,63.0
1144,0.0
1144,63.0
1145,0.0
1145,63.0
1146,0.0
1146,63.0
1147,0.0
1147,63.0
1148,0.0
1148,63.0
1149,0.0
1149,63.0
1150,63.0
1151,0.0
1151,63.0
1152,0.0
1153,0.0
1155,0.0
1156,0.0
1157,0.0
1158,0.0
1159,0.0
1160,0.0
1161,0.0
1162,0.0
1163,0.0
1164,0.0
1165,0.0
1166,0.0
1167,0.0
1168,0.0
1169,0.0
1170,0.0
1171,0.0
1172,0.0
1173,0.0
1174,0.0
1175,0.0
1176,0.0
1177,0.0
1178,0.0
1179,0.0
1180,0.0
1181,0.0
1182,0.0
1183,0.0
1184,0.0
1185,0.0
1186,0.0
1187,0.0
1188,0.0
1189,0.0
1190,0.0
1191,0.0
1192,0.0
1193,0.0
1193,72.0
1194,0.0
1195,0.0
1196,0.0
1196,72.0
1197,0.0
1197,72.0
1198,0.0
1199,0.0
1200,0.0
1201,0.0
1202,0.0
1203,0.0
1204,0.0
1205,0.0
1208,63.0
1208,0.0
1209,0.0
1209,67.0
1210,0.0
1211,0.0
1218,66.0
1222,66.0
1226,0.0
1228,15.0
1229,16.0
1230,0.0
1231,0.0
1232,0.0
1232,15.0
1233,0.0
1234,0.0
1234,67.0
1235,0.0
1236,0.0
1237,0.0
1238,0.0
1239,0.0
1241,0.0
1242,0.0
1243,0.0
1316,66.0
1321,66.0
1409,66.0
1410,66.0
1411,66.0
1416,66.0
1417,66.0
1418,66.0
1419,66.0
1422,66.0
1423,66.0
1424,66.0
1878,66.0
1879,66.0
1944,66.0
1945,66.0
1998,63.0
2042,66.0
2232,66.0
2233,66.0
2468,66.0
2568,66.0
2569,66.0
2582,66.0
2750,66.0
2751,66.0
2752,66.0
2754,66.0
2755,66.0
2759,66.0
2760,66.0
2761,66.0
2762,66.0
2764,66.0
2768,66.0
2770,66.0
2865,66.0
3045,66.0
3054,66.0
3083,66.0
3087,66.0
3110,66.0
3346,66.0
3406,66.0
3407,66.0
3458,66.0
3459,66.0
3476,66.0
3477,66.0
3481,66.0
3484,66.0
3485,66.0
3489,66.0
3494,66.0
3590,66.0
