1,0.0
1,1.0
2,0.0
3,0.0
4,2.0
4,0.0
5,2.0
5,0.0
6,2.0
6,0.0
6,0.0
7,2.0
7,0.0
7,0.0
8,2.0
8,0.0
8,0.0
9,0.0
9,0.0
9,2.0
9,0.0
9,0.0
9,0.0
10,0.0
10,0.0
10,0.0
10,2.0
10,0.0
11,0.0
11,0.0
11,0.0
11,2.0
11,0.0
12,0.0
12,0.0
12,0.0
12,2.0
13,0.0
13,2.0
13,0.0
13,0.0
14,0.0
15,0.0
15,2.0
16,0.0
16,2.0
17,0.0
17,2.0
18,0.0
18,2.0
19,0.0
20,0.0
21,0.0
22,0.0
22,2.0
23,0.0
23,2.0
24,0.0
24,2.0
25,0.0
25,2.0
26,0.0
26,2.0
27,0.0
27,0.0
28,0.0
28,0.0
29,0.0
29,0.0
30,0.0
30,0.0
31,0.0
32,0.0
32,1.0
33,0.0
34,0.0
35,0.0
36,0.0
36,1.0
37,1.0
38,1.0
38,0.0
39,1.0
40,1.0
40,0.0
40,0.0
41,1.0
41,0.0
42,0.0
42,1.0
42,0.0
42,0.0
42,0.0
43,0.0
43,0.0
43,1.0
43,0.0
43,0.0
44,0.0
44,0.0
44,0.0
44,0.0
44,0.0
44,1.0
44,0.0
45,0.0
45,0.0
45,1.0
45,0.0
45,0.0
45,0.0
45,0.0
46,0.0
46,0.0
46,1.0
46,0.0
46,0.0
46,0.0
46,0.0
47,0.0
47,0.0
47,1.0
47,0.0
47,0.0
47,0.0
47,0.0
48,0.0
48,0.0
48,0.0
48,1.0
48,0.0
48,0.0
48,0.0
49,0.0
49,0.0
49,0.0
49,0.0
49,1.0
49,0.0
50,0.0
50,1.0
50,0.0
51,0.0
51,1.0
51,0.0
51,0.0
51,0.0
52,0.0
52,1.0
52,0.0
52,0.0
53,0.0
53,1.0
53,0.0
53,0.0
54,0.0
54,1.0
54,0.0
54,0.0
54,2.0
54,0.0
55,0.0
55,1.0
55,0.0
55,0.0
55,0.0
55,2.0
56,0.0
56,1.0
56,0.0
56,2.0
56,0.0
56,0.0
57,0.0
57,1.0
57,0.0
57,0.0
57,0.0
58,0.0
58,0.0
58,0.0
58,0.0
59,0.0
59,0.0
59,0.0
59,0.0
59,1.0
60,0.0
60,0.0
60,0.0
60,0.0
60,0.0
61,0.0
61,0.0
61,0.0
61,0.0
61,0.0
62,0.0
62,0.0
62,0.0
62,0.0
62,0.0
63,0.0
63,0.0
63,0.0
63,0.0
63,2.0
64,0.0
64,0.0
64,0.0
64,2.0
64,0.0
64,0.0
65,0.0
65,0.0
65,0.0
65,2.0
65,0.0
65,0.0
66,0.0
66,0.0
66,0.0
66,0.0
66,0.0
66,2.0
67,0.0
67,2.0
67,0.0
67,0.0
68,0.0
68,2.0
68,0.0
68,0.0
69,0.0
69,2.0
69,0.0
70,0.0
70,0.0
71,0.0
71,0.0
72,0.0
72,0.0
72,0.0
73,0.0
73,0.0
73,0.0
74,0.0
74,0.0
74,0.0
75,0.0
75,0.0
75,0.0
75,2.0
76,0.0
76,0.0
76,0.0
76,2.0
77,0.0
77,0.0
77,0.0
77,2.0
78,0.0
78,0.0
78,2.0
78,0.0
78,0.0
79,0.0
79,2.0
79,0.0
79,0.0
80,0.0
80,2.0
80,0.0
80,0.0
81,2.0
81,0.0
81,0.0
82,2.0
82,0.0
82,0.0
83,2.0
83,0.0
83,0.0
84,2.0
84,0.0
84,0.0
85,2.0
85,0.0
85,0.0
86,2.0
87,2.0
88,2.0
88,0.0
89,2.0
89,0.0
90,2.0
90,0.0
91,2.0
91,0.0
91,0.0
91,0.0
91,0.0
92,0.0
92,0.0
92,2.0
92,0.0
92,0.0
93,0.0
93,2.0
93,0.0
93,0.0
93,0.0
94,2.0
94,0.0
94,0.0
94,0.0
94,0.0
95,2.0
95,0.0
95,0.0
95,0.0
95,0.0
96,2.0
96,0.0
96,0.0
97,0.0
97,2.0
98,0.0
98,2.0
99,0.0
99,0.0
100,0.0
100,0.0
101,0.0
101,0.0
102,0.0
102,0.0
103,0.0
103,0.0
103,0.0
104,0.0
104,0.0
104,0.0
105,0.0
105,0.0
105,0.0
106,0.0
106,0.0
106,0.0
107,0.0
107,0.0
107,0.0
108,0.0
108,0.0
108,2.0
109,0.0
109,2.0
109,0.0
109,0.0
110,0.0
110,2.0
110,0.0
110,0.0
111,0.0
111,2.0
111,0.0
111,0.0
112,0.0
112,2.0
112,0.0
112,0.0
113,0.0
113,2.0
113,0.0
113,0.0
114,0.0
115,0.0
115,0.0
116,0.0
117,0.0
118,0.0
119,0.0
120,0.0
121,0.0
122,0.0
122,0.0
122,0.0
122,0.0
123,0.0
123,0.0
123,0.0
124,0.0
124,0.0
124,0.0
124,0.0
124,0.0
124,2.0
125,0.0
125,0.0
125,0.0
125,0.0
125,0.0
126,0.0
126,0.0
126,0.0
126,0.0
126,0.0
127,0.0
127,0.0
127,0.0
127,0.0
127,2.0
128,0.0
128,0.0
128,0.0
128,0.0
129,0.0
129,0.0
129,0.0
129,0.0
130,0.0
130,0.0
130,0.0
130,0.0
130,0.0
131,0.0
131,0.0
131,0.0
131,0.0
131,0.0
132,0.0
132,0.0
132,0.0
133,0.0
133,0.0
133,0.0
134,0.0
134,0.0
134,0.0
135,0.0
135,0.0
135,0.0
136,0.0
136,0.0
136,0.0
137,0.0
137,0.0
137,0.0
137,0.0
138,0.0
138,0.0
138,0.0
138,0.0
139,0.0
139,0.0
139,3.0
139,0.0
139,0.0
139,0.0
140,0.0
140,0.0
140,3.0
140,0.0
140,0.0
140,0.0
140,0.0
141,0.0
141,0.0
141,3.0
141,0.0
141,0.0
141,0.0
142,0.0
142,0.0
142,3.0
142,0.0
142,0.0
142,0.0
142,0.0
143,0.0
143,0.0
143,3.0
143,0.0
143,0.0
143,0.0
143,0.0
144,0.0
144,0.0
144,0.0
144,0.0
144,0.0
144,3.0
144,3.0
144,0.0
145,0.0
145,0.0
145,0.0
145,0.0
145,0.0
145,3.0
145,0.0
146,0.0
146,0.0
146,0.0
146,0.0
146,0.0
146,3.0
146,0.0
147,0.0
147,0.0
147,0.0
147,0.0
147,3.0
147,0.0
147,0.0
148,0.0
148,0.0
148,0.0
148,0.0
148,3.0
148,0.0
148,0.0
149,0.0
149,0.0
149,0.0
149,0.0
149,3.0
149,0.0
149,0.0
150,0.0
150,0.0
150,0.0
150,0.0
150,3.0
151,0.0
151,0.0
151,0.0
151,0.0
151,0.0
152,0.0
152,0.0
152,0.0
152,0.0
152,0.0
152,3.0
153,0.0
153,0.0
153,0.0
153,3.0
153,0.0
154,0.0
154,3.0
154,0.0
154,0.0
154,0.0
154,0.0
155,0.0
155,3.0
155,0.0
155,0.0
155,0.0
155,0.0
156,0.0
156,0.0
156,0.0
156,0.0
156,3.0
156,0.0
157,0.0
157,0.0
157,0.0
157,0.0
157,0.0
157,3.0
158,3.0
158,0.0
158,0.0
158,0.0
158,0.0
158,0.0
158,0.0
159,3.0
159,0.0
159,0.0
159,0.0
159,0.0
159,0.0
159,0.0
159,0.0
160,3.0
160,0.0
160,0.0
160,0.0
160,0.0
160,0.0
160,0.0
161,3.0
161,0.0
161,0.0
161,0.0
161,0.0
161,0.0
161,0.0
162,3.0
162,0.0
162,0.0
162,0.0
162,0.0
162,0.0
162,0.0
163,3.0
163,0.0
163,0.0
163,0.0
164,0.0
164,3.0
164,0.0
164,0.0
165,0.0
165,3.0
165,0.0
165,0.0
166,0.0
166,3.0
166,0.0
166,0.0
167,0.0
167,3.0
167,0.0
167,0.0
168,0.0
168,0.0
168,0.0
168,2.0
168,0.0
168,3.0
168,0.0
169,0.0
169,3.0
169,2.0
169,0.0
169,0.0
169,0.0
169,0.0
170,0.0
170,3.0
170,2.0
170,0.0
170,0.0
170,0.0
170,0.0
171,0.0
171,0.0
171,3.0
171,2.0
171,0.0
171,0.0
171,0.0
172,0.0
172,3.0
172,2.0
172,0.0
172,0.0
172,0.0
172,0.0
173,0.0
173,3.0
173,2.0
173,0.0
173,0.0
173,0.0
174,0.0
174,2.0
174,3.0
174,0.0
174,0.0
174,0.0
175,0.0
175,2.0
175,3.0
175,0.0
175,0.0
175,0.0
175,3.0
175,0.0
175,3.0
175,0.0
175,2.0
176,0.0
176,3.0
176,2.0
176,0.0
176,3.0
176,0.0
176,0.0
176,0.0
176,2.0
176,3.0
177,3.0
177,0.0
177,2.0
177,3.0
177,0.0
177,0.0
177,3.0
177,0.0
177,2.0
177,3.0
177,0.0
177,0.0
177,0.0
178,3.0
178,0.0
178,2.0
178,0.0
178,3.0
178,0.0
178,0.0
178,3.0
178,0.0
178,2.0
178,0.0
178,3.0
179,3.0
179,0.0
179,2.0
179,0.0
179,3.0
179,0.0
179,0.0
179,3.0
179,0.0
179,2.0
179,0.0
179,3.0
180,0.0
180,2.0
180,3.0
180,3.0
180,0.0
180,3.0
180,2.0
180,0.0
180,3.0
180,0.0
181,0.0
181,2.0
181,3.0
181,0.0
181,3.0
181,3.0
181,0.0
181,2.0
181,3.0
181,0.0
182,0.0
182,2.0
182,3.0
182,3.0
182,0.0
182,3.0
182,3.0
182,2.0
182,0.0
182,3.0
182,0.0
183,0.0
183,2.0
183,3.0
183,0.0
183,3.0
183,3.0
183,3.0
183,3.0
183,0.0
183,0.0
184,0.0
184,2.0
184,3.0
184,0.0
184,3.0
184,3.0
184,3.0
184,3.0
184,0.0
184,0.0
184,0.0
184,2.0
185,0.0
185,2.0
185,3.0
185,0.0
185,3.0
185,3.0
185,3.0
185,3.0
185,0.0
185,0.0
185,0.0
185,2.0
186,3.0
186,2.0
186,0.0
186,3.0
186,0.0
186,0.0
186,3.0
186,3.0
186,2.0
186,0.0
187,2.0
187,3.0
187,0.0
187,0.0
187,3.0
187,0.0
187,3.0
187,3.0
187,2.0
188,2.0
188,3.0
188,0.0
188,3.0
188,0.0
188,3.0
188,0.0
188,3.0
188,2.0
189,0.0
189,3.0
189,2.0
189,3.0
189,0.0
189,3.0
189,3.0
189,2.0
190,0.0
190,3.0
190,2.0
190,0.0
190,3.0
190,3.0
190,3.0
190,2.0
190,3.0
191,0.0
191,3.0
191,2.0
191,0.0
191,3.0
191,3.0
191,3.0
191,2.0
192,0.0
192,3.0
192,2.0
192,0.0
192,3.0
192,3.0
192,3.0
192,2.0
193,0.0
193,3.0
193,2.0
193,3.0
193,3.0
193,0.0
193,3.0
193,0.0
193,0.0
193,0.0
194,0.0
194,2.0
194,3.0
194,3.0
194,0.0
194,3.0
194,0.0
194,0.0
194,1.0
194,0.0
195,0.0
195,3.0
195,2.0
195,3.0
195,0.0
195,3.0
195,0.0
195,0.0
195,0.0
196,0.0
196,2.0
196,3.0
196,3.0
196,3.0
196,0.0
196,0.0
196,0.0
196,1.0
197,0.0
197,2.0
197,3.0
197,3.0
197,3.0
197,0.0
197,0.0
197,0.0
197,1.0
198,0.0
198,3.0
198,2.0
198,0.0
198,0.0
198,3.0
198,3.0
198,3.0
198,0.0
198,0.0
199,0.0
199,3.0
199,2.0
199,3.0
199,0.0
199,3.0
199,0.0
199,0.0
199,3.0
199,0.0
200,0.0
200,3.0
200,2.0
200,0.0
200,3.0
200,0.0
200,3.0
200,0.0
200,3.0
200,0.0
201,0.0
201,3.0
201,2.0
201,3.0
201,3.0
201,0.0
201,0.0
201,0.0
201,3.0
201,0.0
201,0.0
201,0.0
202,0.0
202,3.0
202,2.0
202,3.0
202,3.0
202,0.0
202,0.0
202,0.0
202,3.0
202,0.0
202,0.0
202,0.0
203,0.0
203,3.0
203,2.0
203,3.0
203,3.0
203,0.0
203,0.0
203,0.0
203,3.0
203,0.0
203,0.0
203,0.0
204,0.0
204,0.0
204,2.0
204,3.0
204,3.0
204,3.0
204,3.0
204,0.0
204,0.0
204,0.0
204,3.0
204,0.0
205,0.0
205,0.0
205,2.0
205,3.0
205,3.0
205,3.0
205,3.0
205,0.0
205,0.0
205,0.0
205,3.0
206,2.0
206,0.0
206,0.0
206,3.0
206,3.0
206,0.0
206,3.0
206,3.0
206,0.0
206,0.0
206,2.0
206,0.0
207,2.0
207,0.0
207,0.0
207,0.0
207,3.0
207,3.0
207,3.0
207,3.0
207,0.0
207,2.0
207,0.0
208,2.0
208,0.0
208,0.0
208,0.0
208,3.0
208,3.0
208,3.0
208,3.0
208,2.0
208,0.0
209,2.0
209,0.0
209,0.0
209,0.0
209,3.0
209,3.0
209,3.0
209,3.0
209,0.0
209,2.0
210,2.0
210,0.0
210,0.0
210,0.0
210,3.0
210,3.0
210,3.0
210,3.0
210,0.0
210,2.0
211,2.0
211,3.0
211,0.0
211,0.0
211,3.0
211,3.0
211,0.0
211,0.0
211,3.0
212,2.0
212,3.0
212,0.0
212,0.0
212,3.0
212,3.0
212,0.0
212,0.0
212,0.0
212,1.0
212,2.0
213,2.0
213,0.0
213,3.0
213,0.0
213,3.0
213,3.0
213,0.0
213,0.0
213,0.0
213,2.0
214,2.0
214,3.0
214,0.0
214,3.0
214,0.0
214,3.0
214,0.0
214,0.0
214,2.0
214,0.0
215,2.0
215,3.0
215,0.0
215,3.0
215,0.0
215,3.0
215,0.0
215,0.0
215,2.0
215,0.0
216,2.0
216,3.0
216,0.0
216,0.0
216,0.0
216,3.0
216,0.0
216,3.0
216,0.0
217,2.0
217,0.0
217,3.0
217,0.0
217,0.0
217,3.0
217,0.0
217,0.0
217,3.0
218,2.0
218,3.0
218,0.0
218,0.0
218,0.0
218,3.0
218,0.0
218,2.0
218,3.0
218,0.0
218,0.0
219,2.0
219,3.0
219,0.0
219,0.0
219,0.0
219,3.0
219,0.0
219,3.0
219,0.0
219,2.0
219,0.0
220,2.0
220,3.0
220,0.0
220,0.0
220,0.0
220,3.0
220,0.0
220,3.0
220,0.0
220,2.0
221,2.0
221,3.0
221,0.0
221,0.0
221,0.0
221,3.0
221,0.0
221,3.0
221,0.0
221,2.0
222,3.0
222,0.0
222,0.0
222,2.0
222,0.0
222,0.0
222,3.0
222,0.0
222,3.0
223,3.0
223,2.0
223,0.0
223,0.0
223,0.0
223,0.0
223,3.0
223,0.0
223,3.0
224,3.0
224,0.0
224,2.0
224,0.0
224,0.0
224,0.0
224,0.0
224,3.0
224,3.0
225,0.0
225,0.0
225,0.0
225,2.0
225,0.0
225,0.0
225,3.0
225,3.0
225,3.0
225,3.0
226,0.0
226,0.0
226,2.0
226,0.0
226,0.0
226,3.0
226,0.0
226,3.0
226,3.0
226,3.0
227,0.0
227,0.0
227,2.0
227,0.0
227,0.0
227,0.0
227,3.0
227,3.0
227,3.0
227,3.0
228,0.0
228,0.0
228,2.0
228,0.0
228,0.0
228,0.0
228,3.0
228,3.0
228,3.0
229,0.0
229,0.0
229,0.0
229,0.0
229,0.0
229,3.0
229,2.0
229,3.0
230,0.0
230,0.0
230,0.0
230,0.0
230,2.0
230,0.0
230,3.0
230,0.0
230,3.0
231,0.0
231,0.0
231,0.0
231,0.0
231,0.0
231,2.0
231,3.0
231,3.0
232,0.0
232,0.0
232,0.0
232,0.0
232,0.0
232,2.0
232,3.0
232,3.0
233,0.0
233,0.0
233,0.0
233,0.0
233,2.0
233,0.0
233,3.0
233,3.0
234,0.0
234,0.0
234,0.0
234,0.0
234,2.0
234,3.0
234,0.0
235,0.0
235,0.0
235,0.0
235,0.0
235,2.0
235,3.0
235,0.0
236,0.0
236,0.0
236,0.0
236,0.0
236,2.0
236,3.0
236,0.0
236,0.0
237,0.0
237,0.0
237,0.0
237,0.0
237,2.0
237,0.0
237,3.0
237,0.0
238,0.0
238,0.0
238,0.0
238,0.0
238,2.0
238,0.0
238,3.0
238,0.0
239,0.0
239,0.0
239,0.0
239,0.0
239,2.0
239,0.0
239,3.0
239,0.0
240,0.0
240,0.0
240,0.0
240,0.0
240,0.0
240,2.0
240,3.0
240,3.0
240,0.0
241,0.0
241,0.0
241,0.0
241,0.0
241,0.0
241,3.0
242,0.0
242,0.0
242,0.0
242,0.0
242,0.0
242,2.0
242,3.0
242,3.0
243,0.0
243,0.0
243,0.0
243,0.0
243,0.0
243,3.0
243,1.0
244,0.0
244,0.0
244,0.0
244,0.0
244,0.0
244,3.0
244,1.0
245,0.0
245,0.0
245,0.0
245,0.0
245,0.0
245,3.0
245,1.0
246,0.0
246,0.0
246,0.0
246,0.0
246,0.0
246,3.0
247,0.0
247,0.0
247,0.0
247,0.0
247,0.0
247,3.0
248,0.0
248,0.0
248,0.0
248,0.0
248,0.0
248,0.0
248,3.0
249,0.0
249,0.0
249,0.0
249,0.0
249,0.0
249,3.0
249,0.0
250,0.0
250,0.0
250,0.0
250,0.0
250,0.0
250,0.0
250,1.0
251,0.0
251,0.0
251,0.0
251,0.0
251,0.0
251,0.0
252,0.0
252,0.0
252,0.0
252,3.0
252,3.0
253,0.0
253,0.0
253,0.0
253,3.0
253,3.0
254,0.0
254,0.0
254,0.0
254,3.0
254,3.0
255,0.0
255,0.0
255,0.0
255,3.0
255,3.0
256,0.0
256,0.0
256,0.0
256,3.0
256,3.0
257,0.0
257,0.0
257,0.0
257,3.0
257,3.0
258,0.0
258,0.0
258,0.0
259,0.0
259,0.0
259,0.0
260,0.0
260,0.0
260,0.0
260,3.0
261,0.0
261,0.0
261,0.0
262,0.0
262,0.0
262,3.0
262,0.0
262,0.0
263,0.0
263,0.0
263,3.0
263,0.0
263,3.0
264,0.0
264,3.0
264,0.0
264,0.0
265,0.0
265,3.0
265,0.0
265,0.0
265,0.0
266,0.0
266,0.0
266,0.0
266,0.0
267,0.0
267,0.0
267,0.0
267,0.0
268,0.0
268,0.0
268,0.0
268,0.0
269,0.0
269,0.0
269,0.0
269,0.0
270,0.0
270,0.0
270,0.0
271,0.0
271,0.0
271,0.0
271,0.0
272,0.0
272,0.0
272,0.0
272,0.0
273,0.0
273,0.0
273,0.0
274,0.0
274,0.0
274,0.0
274,0.0
274,0.0
275,0.0
275,0.0
275,0.0
275,0.0
275,0.0
275,0.0
276,0.0
276,0.0
276,0.0
276,0.0
276,0.0
277,0.0
277,0.0
277,0.0
277,0.0
277,0.0
278,0.0
278,0.0
278,0.0
278,0.0
278,0.0
279,0.0
279,0.0
279,0.0
279,0.0
280,0.0
280,0.0
280,0.0
280,0.0
281,0.0
281,0.0
281,0.0
281,0.0
282,0.0
282,0.0
282,0.0
282,0.0
283,0.0
283,0.0
283,0.0
283,0.0
284,0.0
284,0.0
285,0.0
285,0.0
285,0.0
286,0.0
286,0.0
286,0.0
287,0.0
287,0.0
287,0.0
288,0.0
288,0.0
289,0.0
290,0.0
290,0.0
291,0.0
291,0.0
292,0.0
292,0.0
292,0.0
293,0.0
293,0.0
293,0.0
294,0.0
294,0.0
294,0.0
295,0.0
295,0.0
295,0.0
296,0.0
296,0.0
296,0.0
297,0.0
297,0.0
297,0.0
298,0.0
299,0.0
300,0.0
300,0.0
301,0.0
302,0.0
303,0.0
303,0.0
304,0.0
305,0.0
306,0.0
306,0.0
307,0.0
307,0.0
308,0.0
308,0.0
309,0.0
309,0.0
310,0.0
310,0.0
311,0.0
311,0.0
312,0.0
312,0.0
312,0.0
313,0.0
313,0.0
313,0.0
314,0.0
314,0.0
315,0.0
315,0.0
315,0.0
316,0.0
316,0.0
316,0.0
317,0.0
317,0.0
317,0.0
318,0.0
318,0.0
318,0.0
319,0.0
319,0.0
319,0.0
320,0.0
320,0.0
320,0.0
321,0.0
321,0.0
321,0.0
322,0.0
322,0.0
322,0.0
323,0.0
323,0.0
323,0.0
324,0.0
324,0.0
324,0.0
324,3.0
325,0.0
325,0.0
325,0.0
326,0.0
326,0.0
326,0.0
327,0.0
327,0.0
327,0.0
328,0.0
328,0.0
328,0.0
329,0.0
329,0.0
329,0.0
330,0.0
330,0.0
330,0.0
331,0.0
331,0.0
331,0.0
332,0.0
332,0.0
333,0.0
333,0.0
334,0.0
334,0.0
335,0.0
335,0.0
336,0.0
336,0.0
337,0.0
337,0.0
337,0.0
338,0.0
338,0.0
338,0.0
338,2.0
339,0.0
339,0.0
339,0.0
340,0.0
340,0.0
340,0.0
341,0.0
341,0.0
341,0.0
342,0.0
342,0.0
342,0.0
342,2.0
343,0.0
343,0.0
343,0.0
344,0.0
344,0.0
344,2.0
344,0.0
345,0.0
345,0.0
345,0.0
345,2.0
346,0.0
346,0.0
346,0.0
346,0.0
347,0.0
347,0.0
347,0.0
347,0.0
348,0.0
348,0.0
348,0.0
349,0.0
349,0.0
349,0.0
349,2.0
350,0.0
350,2.0
350,2.0
350,0.0
351,2.0
351,0.0
351,2.0
351,0.0
352,2.0
352,0.0
352,2.0
352,0.0
353,2.0
353,0.0
353,2.0
353,0.0
354,0.0
354,2.0
354,2.0
354,0.0
355,0.0
355,2.0
355,2.0
355,0.0
356,0.0
356,2.0
356,2.0
356,0.0
357,0.0
357,2.0
357,2.0
357,0.0
358,0.0
358,2.0
358,2.0
358,0.0
359,0.0
359,2.0
359,2.0
359,0.0
360,2.0
360,0.0
360,2.0
360,0.0
360,0.0
360,0.0
361,2.0
361,0.0
361,2.0
361,0.0
362,2.0
362,2.0
362,0.0
362,0.0
363,2.0
363,2.0
363,0.0
363,0.0
363,0.0
363,0.0
364,2.0
364,0.0
364,2.0
365,2.0
365,0.0
365,2.0
366,2.0
366,0.0
366,2.0
367,2.0
367,0.0
367,2.0
368,2.0
368,2.0
368,0.0
369,2.0
369,2.0
369,0.0
370,0.0
370,2.0
370,2.0
371,0.0
371,2.0
371,2.0
372,0.0
372,2.0
372,2.0
373,2.0
373,0.0
373,2.0
374,2.0
374,2.0
374,0.0
375,2.0
375,2.0
375,0.0
376,2.0
376,2.0
376,0.0
376,0.0
377,2.0
377,2.0
377,0.0
377,0.0
378,0.0
378,2.0
379,0.0
379,2.0
379,2.0
380,0.0
380,2.0
380,2.0
381,0.0
381,2.0
382,0.0
382,2.0
383,0.0
383,2.0
384,0.0
384,2.0
385,0.0
385,0.0
386,0.0
386,0.0
387,0.0
387,0.0
388,0.0
388,0.0
388,0.0
389,0.0
389,0.0
389,0.0
390,0.0
390,0.0
390,3.0
391,0.0
391,0.0
391,2.0
392,0.0
392,0.0
392,2.0
392,2.0
392,0.0
393,0.0
393,2.0
393,0.0
393,2.0
393,0.0
394,0.0
394,0.0
394,2.0
394,2.0
394,0.0
395,0.0
395,0.0
395,2.0
395,2.0
395,0.0
396,0.0
396,0.0
396,2.0
396,0.0
396,2.0
397,0.0
397,0.0
397,2.0
397,3.0
397,3.0
398,0.0
398,0.0
398,2.0
398,3.0
398,3.0
399,0.0
399,0.0
399,2.0
399,3.0
400,2.0
400,0.0
400,2.0
400,0.0
400,3.0
400,2.0
401,2.0
401,0.0
401,2.0
401,0.0
401,3.0
401,2.0
402,2.0
402,0.0
402,2.0
402,0.0
402,0.0
402,3.0
402,0.0
402,2.0
403,2.0
403,0.0
403,2.0
403,0.0
403,3.0
403,2.0
403,0.0
404,2.0
404,2.0
404,0.0
404,0.0
404,0.0
404,3.0
405,2.0
405,0.0
405,2.0
405,0.0
405,3.0
405,2.0
406,2.0
406,0.0
406,2.0
406,3.0
406,0.0
406,0.0
406,0.0
406,2.0
407,2.0
407,0.0
407,2.0
407,0.0
407,3.0
407,0.0
407,0.0
407,2.0
408,2.0
408,0.0
408,2.0
408,3.0
408,0.0
408,0.0
409,2.0
409,0.0
409,2.0
409,3.0
409,0.0
409,0.0
410,2.0
410,2.0
410,0.0
410,0.0
410,0.0
410,3.0
410,0.0
411,2.0
411,2.0
411,0.0
411,0.0
411,3.0
411,0.0
412,2.0
412,2.0
412,0.0
412,0.0
412,3.0
412,0.0
413,2.0
413,2.0
413,0.0
413,0.0
413,3.0
413,0.0
414,2.0
414,2.0
414,0.0
414,0.0
414,0.0
414,3.0
415,2.0
415,2.0
415,0.0
415,0.0
415,3.0
415,0.0
416,2.0
416,2.0
416,0.0
416,0.0
416,0.0
417,2.0
417,2.0
417,0.0
417,0.0
417,0.0
417,3.0
418,2.0
418,2.0
418,0.0
418,0.0
418,0.0
418,0.0
419,2.0
419,2.0
419,0.0
419,0.0
419,0.0
419,0.0
420,2.0
420,2.0
420,0.0
420,0.0
420,0.0
420,2.0
421,2.0
421,2.0
421,0.0
421,0.0
421,0.0
421,2.0
422,2.0
422,2.0
422,0.0
422,0.0
422,2.0
422,0.0
423,2.0
423,2.0
423,0.0
423,0.0
423,2.0
423,0.0
424,2.0
424,2.0
424,0.0
424,0.0
424,0.0
424,2.0
424,2.0
425,2.0
425,0.0
425,2.0
425,0.0
425,0.0
425,2.0
425,2.0
426,2.0
426,2.0
426,0.0
426,0.0
426,2.0
426,0.0
426,2.0
427,2.0
427,0.0
427,2.0
427,0.0
427,0.0
427,2.0
427,0.0
427,2.0
428,2.0
428,2.0
428,0.0
428,2.0
428,0.0
428,0.0
428,2.0
428,0.0
429,2.0
429,2.0
429,0.0
429,2.0
429,0.0
429,0.0
429,2.0
430,2.0
430,2.0
430,0.0
430,2.0
430,0.0
430,0.0
430,2.0
430,3.0
431,2.0
431,2.0
431,0.0
431,2.0
431,0.0
431,0.0
431,2.0
431,3.0
432,2.0
432,2.0
432,2.0
432,0.0
432,0.0
432,0.0
432,2.0
432,0.0
433,2.0
433,2.0
433,2.0
433,0.0
433,2.0
433,0.0
434,2.0
434,2.0
434,2.0
434,0.0
434,2.0
434,0.0
435,2.0
435,2.0
435,2.0
435,0.0
435,0.0
435,0.0
436,2.0
436,2.0
436,0.0
436,0.0
436,0.0
436,7.0
436,2.0
436,2.0
437,2.0
437,2.0
437,0.0
437,0.0
437,7.0
437,0.0
437,2.0
437,2.0
438,2.0
438,2.0
438,0.0
438,0.0
438,7.0
438,2.0
438,0.0
438,2.0
439,2.0
439,2.0
439,0.0
439,0.0
439,7.0
439,2.0
439,0.0
439,0.0
440,2.0
440,2.0
440,0.0
440,0.0
440,0.0
440,2.0
440,7.0
440,2.0
440,3.0
440,0.0
441,2.0
441,2.0
441,0.0
441,0.0
441,0.0
441,2.0
441,0.0
441,2.0
441,7.0
442,2.0
442,7.0
442,0.0
442,0.0
442,2.0
442,0.0
442,0.0
442,2.0
443,2.0
443,7.0
443,0.0
443,0.0
443,2.0
443,0.0
443,2.0
443,0.0
444,2.0
444,7.0
444,0.0
444,0.0
444,0.0
444,0.0
444,2.0
444,2.0
445,2.0
445,7.0
445,0.0
445,0.0
445,0.0
445,0.0
445,2.0
446,7.0
446,2.0
446,2.0
446,0.0
446,0.0
446,0.0
446,2.0
446,0.0
447,2.0
447,7.0
447,2.0
447,0.0
447,0.0
447,0.0
447,0.0
448,2.0
448,7.0
448,0.0
448,0.0
448,2.0
448,0.0
448,0.0
449,2.0
449,7.0
449,0.0
449,0.0
449,2.0
449,0.0
449,0.0
450,2.0
450,0.0
450,0.0
450,7.0
450,2.0
450,0.0
450,3.0
451,2.0
451,0.0
451,0.0
451,7.0
451,2.0
451,0.0
451,0.0
452,2.0
452,0.0
452,7.0
452,2.0
452,0.0
452,3.0
453,2.0
453,0.0
453,7.0
453,2.0
453,0.0
453,0.0
454,0.0
454,2.0
454,2.0
454,0.0
454,7.0
454,2.0
454,3.0
454,3.0
455,0.0
455,2.0
455,2.0
455,0.0
455,7.0
455,2.0
455,3.0
455,3.0
456,0.0
456,2.0
456,0.0
456,2.0
456,7.0
456,3.0
456,2.0
457,0.0
457,2.0
457,2.0
457,0.0
457,7.0
457,3.0
458,2.0
458,2.0
458,0.0
458,0.0
458,7.0
458,2.0
459,2.0
459,2.0
459,7.0
459,0.0
459,0.0
459,3.0
460,2.0
460,2.0
460,7.0
460,0.0
460,0.0
461,2.0
461,2.0
461,7.0
461,0.0
461,0.0
462,2.0
462,2.0
462,7.0
462,0.0
462,0.0
463,2.0
463,2.0
463,7.0
463,0.0
463,0.0
463,3.0
464,2.0
464,2.0
464,0.0
464,0.0
464,0.0
464,7.0
464,2.0
464,0.0
464,3.0
465,2.0
465,2.0
465,0.0
465,0.0
465,0.0
465,7.0
465,3.0
466,2.0
466,2.0
466,0.0
466,0.0
466,0.0
466,7.0
466,3.0
466,0.0
467,2.0
467,2.0
467,0.0
467,0.0
467,0.0
467,7.0
467,3.0
467,0.0
468,2.0
468,2.0
468,7.0
468,0.0
468,0.0
468,0.0
468,2.0
468,3.0
468,3.0
469,2.0
469,2.0
469,7.0
469,0.0
469,0.0
469,0.0
469,2.0
469,3.0
469,3.0
470,2.0
470,2.0
470,0.0
470,7.0
470,0.0
470,0.0
470,2.0
470,3.0
470,3.0
471,2.0
471,2.0
471,7.0
471,0.0
471,0.0
471,0.0
471,3.0
471,2.0
472,2.0
472,2.0
472,0.0
472,0.0
472,3.0
472,3.0
473,2.0
473,2.0
473,0.0
473,0.0
473,3.0
473,3.0
474,2.0
474,2.0
474,0.0
474,0.0
474,3.0
474,7.0
474,3.0
475,2.0
475,2.0
475,0.0
475,0.0
475,3.0
475,7.0
475,3.0
476,2.0
476,2.0
476,0.0
476,0.0
476,3.0
476,7.0
476,3.0
477,2.0
477,2.0
477,0.0
477,0.0
477,3.0
477,3.0
477,7.0
478,2.0
478,2.0
478,0.0
478,0.0
478,3.0
478,3.0
479,2.0
479,2.0
479,0.0
479,0.0
479,3.0
480,2.0
480,2.0
480,0.0
480,0.0
480,3.0
480,3.0
481,2.0
481,2.0
481,0.0
481,0.0
481,3.0
481,3.0
482,2.0
482,0.0
482,0.0
482,2.0
482,3.0
482,3.0
483,2.0
483,0.0
483,0.0
483,2.0
483,3.0
483,3.0
484,2.0
484,0.0
484,0.0
484,2.0
484,3.0
484,3.0
485,2.0
485,0.0
485,0.0
485,2.0
485,3.0
485,3.0
486,2.0
486,0.0
486,0.0
486,2.0
486,3.0
486,3.0
487,2.0
487,0.0
487,2.0
487,0.0
487,3.0
488,2.0
488,0.0
488,2.0
488,0.0
489,0.0
489,2.0
489,2.0
489,0.0
490,2.0
490,2.0
490,0.0
490,0.0
490,0.0
491,2.0
491,2.0
491,0.0
491,0.0
491,0.0
492,2.0
492,2.0
492,0.0
492,0.0
493,2.0
493,0.0
493,2.0
493,0.0
494,2.0
494,2.0
494,0.0
494,0.0
495,2.0
495,2.0
495,0.0
495,0.0
496,2.0
496,2.0
496,0.0
496,0.0
497,2.0
497,2.0
497,0.0
497,0.0
498,2.0
498,2.0
498,0.0
498,0.0
499,2.0
499,0.0
499,2.0
499,0.0
499,0.0
500,2.0
500,0.0
500,0.0
500,2.0
500,0.0
501,2.0
501,0.0
501,2.0
501,0.0
502,2.0
502,0.0
502,2.0
502,3.0
503,2.0
503,0.0
503,2.0
503,3.0
504,0.0
504,2.0
504,0.0
504,2.0
504,0.0
505,0.0
505,2.0
505,0.0
505,2.0
505,0.0
505,2.0
506,0.0
506,2.0
506,0.0
506,2.0
507,0.0
507,2.0
507,0.0
507,2.0
507,2.0
508,0.0
508,2.0
508,0.0
508,0.0
508,0.0
508,0.0
509,0.0
509,2.0
509,0.0
509,0.0
509,0.0
509,0.0
510,0.0
510,2.0
510,0.0
510,0.0
511,0.0
511,2.0
511,0.0
511,0.0
511,0.0
512,0.0
512,2.0
512,0.0
512,0.0
512,0.0
513,0.0
513,2.0
513,7.0
513,0.0
513,0.0
513,0.0
514,0.0
514,2.0
514,0.0
514,0.0
514,7.0
515,0.0
515,2.0
515,0.0
515,0.0
515,7.0
515,0.0
516,0.0
516,2.0
516,0.0
516,7.0
516,3.0
517,0.0
517,2.0
517,7.0
517,3.0
517,0.0
518,0.0
518,2.0
518,0.0
518,0.0
518,0.0
518,0.0
519,2.0
519,0.0
519,0.0
520,2.0
520,0.0
520,0.0
520,0.0
521,2.0
521,0.0
521,0.0
521,0.0
522,2.0
522,0.0
522,0.0
522,0.0
523,0.0
523,7.0
523,0.0
524,0.0
524,7.0
524,0.0
524,0.0
525,0.0
525,7.0
525,0.0
525,0.0
526,7.0
526,0.0
526,0.0
526,3.0
527,7.0
527,0.0
527,0.0
527,3.0
528,0.0
528,7.0
528,0.0
528,3.0
528,0.0
528,2.0
528,0.0
529,0.0
529,7.0
529,0.0
529,0.0
529,0.0
529,3.0
529,2.0
530,2.0
530,0.0
530,2.0
530,0.0
530,0.0
530,3.0
530,0.0
530,7.0
531,0.0
531,2.0
531,2.0
531,0.0
531,0.0
531,3.0
532,0.0
532,2.0
532,2.0
532,0.0
532,0.0
532,3.0
532,7.0
533,0.0
533,2.0
533,2.0
533,0.0
533,0.0
533,3.0
533,7.0
534,0.0
534,2.0
534,2.0
534,0.0
534,0.0
534,7.0
534,3.0
535,0.0
535,2.0
535,0.0
535,7.0
535,0.0
535,3.0
535,2.0
536,2.0
536,0.0
536,0.0
536,7.0
536,2.0
536,3.0
536,0.0
536,3.0
537,2.0
537,7.0
537,0.0
537,0.0
537,3.0
537,2.0
537,0.0
537,3.0
538,2.0
538,0.0
538,7.0
538,0.0
538,2.0
538,3.0
538,3.0
538,0.0
539,2.0
539,0.0
539,7.0
539,0.0
539,2.0
539,3.0
539,3.0
539,0.0
540,3.0
540,0.0
540,0.0
540,7.0
540,2.0
540,2.0
540,0.0
540,0.0
541,3.0
541,2.0
541,0.0
541,0.0
541,0.0
541,2.0
541,7.0
541,0.0
541,0.0
542,3.0
542,2.0
542,0.0
542,0.0
542,0.0
542,7.0
542,0.0
542,2.0
542,2.0
543,3.0
543,0.0
543,0.0
543,2.0
543,0.0
543,0.0
543,2.0
543,7.0
543,2.0
544,2.0
544,0.0
544,2.0
544,3.0
544,0.0
544,0.0
544,0.0
544,0.0
545,2.0
545,0.0
545,2.0
545,3.0
545,0.0
545,0.0
545,0.0
545,0.0
546,2.0
546,2.0
546,0.0
546,3.0
546,0.0
546,0.0
546,0.0
546,0.0
547,2.0
547,2.0
547,0.0
547,3.0
547,0.0
547,0.0
547,0.0
547,0.0
548,2.0
548,2.0
548,0.0
548,3.0
548,0.0
548,0.0
548,0.0
548,0.0
549,2.0
549,0.0
549,2.0
549,0.0
549,3.0
549,0.0
549,7.0
549,0.0
549,0.0
550,0.0
550,2.0
550,2.0
550,0.0
550,3.0
550,0.0
550,0.0
550,7.0
550,0.0
551,0.0
551,2.0
551,2.0
551,0.0
551,3.0
551,0.0
551,7.0
551,0.0
551,0.0
552,2.0
552,0.0
552,2.0
552,0.0
552,3.0
552,7.0
552,0.0
552,0.0
552,0.0
553,2.0
553,0.0
553,2.0
553,3.0
553,0.0
553,0.0
553,7.0
553,0.0
553,0.0
554,2.0
554,0.0
554,0.0
554,0.0
554,2.0
554,7.0
554,3.0
554,0.0
554,0.0
555,0.0
555,2.0
555,0.0
555,2.0
555,0.0
555,0.0
555,3.0
555,7.0
555,0.0
556,0.0
556,2.0
556,0.0
556,2.0
556,0.0
556,7.0
556,0.0
556,0.0
556,0.0
557,0.0
557,2.0
557,0.0
557,0.0
557,2.0
557,7.0
557,0.0
557,0.0
557,0.0
558,0.0
558,2.0
558,2.0
558,0.0
558,0.0
558,0.0
558,7.0
558,0.0
558,0.0
558,3.0
559,7.0
559,2.0
559,0.0
559,0.0
559,3.0
559,0.0
559,0.0
559,0.0
560,7.0
560,2.0
560,0.0
560,3.0
560,0.0
560,0.0
560,0.0
560,0.0
561,7.0
561,2.0
561,0.0
561,0.0
561,3.0
561,0.0
561,0.0
561,0.0
562,7.0
562,0.0
562,3.0
562,2.0
562,0.0
562,0.0
562,0.0
562,0.0
563,7.0
563,0.0
563,3.0
563,2.0
563,0.0
563,0.0
563,0.0
563,0.0
564,7.0
564,3.0
564,2.0
564,0.0
564,0.0
564,0.0
564,0.0
564,0.0
565,7.0
565,0.0
565,3.0
565,0.0
565,2.0
565,0.0
565,0.0
565,0.0
566,7.0
566,3.0
566,0.0
566,0.0
566,0.0
566,2.0
566,0.0
566,3.0
566,0.0
567,7.0
567,3.0
567,0.0
567,2.0
567,0.0
567,0.0
567,0.0
567,0.0
567,3.0
568,7.0
568,3.0
568,0.0
568,0.0
568,0.0
568,2.0
568,0.0
568,3.0
568,0.0
569,7.0
569,3.0
569,0.0
569,0.0
569,2.0
569,0.0
569,0.0
569,3.0
569,0.0
570,7.0
570,3.0
570,0.0
570,0.0
570,0.0
570,0.0
570,2.0
570,3.0
570,0.0
571,7.0
571,3.0
571,0.0
571,0.0
571,0.0
572,7.0
572,3.0
572,0.0
572,0.0
572,0.0
573,7.0
573,3.0
573,0.0
573,0.0
573,0.0
573,0.0
574,7.0
574,0.0
574,0.0
574,0.0
574,3.0
575,7.0
575,0.0
575,0.0
575,0.0
575,3.0
576,7.0
576,0.0
576,0.0
576,0.0
576,0.0
576,3.0
576,2.0
577,7.0
577,0.0
577,0.0
577,3.0
577,0.0
577,0.0
578,7.0
578,0.0
578,3.0
578,0.0
579,7.0
579,0.0
579,1.0
579,0.0
580,0.0
580,0.0
580,2.0
580,3.0
581,0.0
581,0.0
581,2.0
581,3.0
582,0.0
582,1.0
582,0.0
583,0.0
583,0.0
583,1.0
583,2.0
584,0.0
584,0.0
584,0.0
585,0.0
585,0.0
585,0.0
585,1.0
586,0.0
586,0.0
586,1.0
586,2.0
586,0.0
587,0.0
587,0.0
587,1.0
587,2.0
587,0.0
588,0.0
588,0.0
588,1.0
588,0.0
589,3.0
589,0.0
589,2.0
589,0.0
589,0.0
590,3.0
590,0.0
590,0.0
590,0.0
591,3.0
591,0.0
591,0.0
591,0.0
592,3.0
592,0.0
592,0.0
592,0.0
593,3.0
593,0.0
593,0.0
593,0.0
594,0.0
594,3.0
594,0.0
594,0.0
594,2.0
595,0.0
595,3.0
595,0.0
595,0.0
596,0.0
596,3.0
596,0.0
597,3.0
597,0.0
597,0.0
598,0.0
598,3.0
598,0.0
599,0.0
599,3.0
599,0.0
600,0.0
600,3.0
600,0.0
601,3.0
601,0.0
601,0.0
602,0.0
602,0.0
602,3.0
602,0.0
603,0.0
603,0.0
603,3.0
604,0.0
604,0.0
604,0.0
605,0.0
605,0.0
605,0.0
606,0.0
606,0.0
606,3.0
607,0.0
607,0.0
607,3.0
607,2.0
607,0.0
607,2.0
608,0.0
608,2.0
608,0.0
608,2.0
608,3.0
608,0.0
608,2.0
609,0.0
609,0.0
609,2.0
609,0.0
609,3.0
610,0.0
610,0.0
610,2.0
610,0.0
610,3.0
611,0.0
611,0.0
611,2.0
611,0.0
611,3.0
612,0.0
612,3.0
612,0.0
612,0.0
612,0.0
613,0.0
613,3.0
613,0.0
613,0.0
613,2.0
613,0.0
614,0.0
614,0.0
614,2.0
614,3.0
614,0.0
614,0.0
614,2.0
615,0.0
615,0.0
615,2.0
615,3.0
615,0.0
615,2.0
615,0.0
616,2.0
616,0.0
616,0.0
616,3.0
616,0.0
616,0.0
616,0.0
616,2.0
617,2.0
617,0.0
617,0.0
617,3.0
617,0.0
617,0.0
617,2.0
617,0.0
618,2.0
618,0.0
618,3.0
618,0.0
618,0.0
618,0.0
618,2.0
618,0.0
619,2.0
619,0.0
619,3.0
619,0.0
619,0.0
619,0.0
620,2.0
620,0.0
620,3.0
620,0.0
620,0.0
620,0.0
621,0.0
621,2.0
621,2.0
621,2.0
621,0.0
621,3.0
621,0.0
621,0.0
621,3.0
622,0.0
622,2.0
622,2.0
622,2.0
622,3.0
622,0.0
622,0.0
622,0.0
623,0.0
623,2.0
623,2.0
623,2.0
623,3.0
623,0.0
623,0.0
623,0.0
624,2.0
624,0.0
624,2.0
624,2.0
624,3.0
624,0.0
624,0.0
624,0.0
624,3.0
625,2.0
625,2.0
625,0.0
625,2.0
625,3.0
625,0.0
625,0.0
625,0.0
625,3.0
626,2.0
626,2.0
626,0.0
626,2.0
626,3.0
626,0.0
626,0.0
626,0.0
626,0.0
626,3.0
627,2.0
627,2.0
627,2.0
627,0.0
627,3.0
627,0.0
627,0.0
627,0.0
627,3.0
628,2.0
628,2.0
628,2.0
628,3.0
628,0.0
628,0.0
628,0.0
628,0.0
628,0.0
628,3.0
629,2.0
629,2.0
629,2.0
629,3.0
629,0.0
629,0.0
629,0.0
629,0.0
629,0.0
629,3.0
630,2.0
630,2.0
630,3.0
630,0.0
630,2.0
630,0.0
630,0.0
630,0.0
630,0.0
631,2.0
631,2.0
631,0.0
631,3.0
631,0.0
631,0.0
631,0.0
631,0.0
632,2.0
632,2.0
632,0.0
632,0.0
632,0.0
632,0.0
632,3.0
632,0.0
633,2.0
633,2.0
633,0.0
633,0.0
633,0.0
633,3.0
633,0.0
633,0.0
634,3.0
634,0.0
634,2.0
634,0.0
634,0.0
634,0.0
634,0.0
634,2.0
634,2.0
635,3.0
635,0.0
635,2.0
635,0.0
635,0.0
635,0.0
635,0.0
635,2.0
635,2.0
636,3.0
636,2.0
636,0.0
636,0.0
636,0.0
636,0.0
636,2.0
636,0.0
636,2.0
637,2.0
637,3.0
637,0.0
637,0.0
637,0.0
637,0.0
637,0.0
637,2.0
637,2.0
638,0.0
638,3.0
638,0.0
638,2.0
638,2.0
638,0.0
638,0.0
638,0.0
639,3.0
639,0.0
639,0.0
639,2.0
639,0.0
639,2.0
639,0.0
639,0.0
639,2.0
640,3.0
640,0.0
640,0.0
640,2.0
640,0.0
640,2.0
640,0.0
640,2.0
640,0.0
641,3.0
641,0.0
641,0.0
641,2.0
641,0.0
641,2.0
641,0.0
641,2.0
641,0.0
642,3.0
642,0.0
642,0.0
642,0.0
642,0.0
642,2.0
642,0.0
642,2.0
643,2.0
643,3.0
643,0.0
643,0.0
643,0.0
643,0.0
643,2.0
644,2.0
644,0.0
644,3.0
644,0.0
644,0.0
644,0.0
644,2.0
645,0.0
645,3.0
645,2.0
645,0.0
645,0.0
645,0.0
645,2.0
646,2.0
646,0.0
646,3.0
646,0.0
646,0.0
646,2.0
646,0.0
647,2.0
647,0.0
647,3.0
647,0.0
647,0.0
647,0.0
647,2.0
648,0.0
648,2.0
648,2.0
648,0.0
648,0.0
648,0.0
648,2.0
648,3.0
649,0.0
649,2.0
649,2.0
649,0.0
649,3.0
649,0.0
649,0.0
650,2.0
650,0.0
650,2.0
650,0.0
650,0.0
650,0.0
650,3.0
650,2.0
651,0.0
651,2.0
651,2.0
651,0.0
651,0.0
651,0.0
651,2.0
651,3.0
652,0.0
652,3.0
652,2.0
652,2.0
652,0.0
652,0.0
653,0.0
653,3.0
653,2.0
653,2.0
653,0.0
653,0.0
654,0.0
654,3.0
654,2.0
654,0.0
654,0.0
654,2.0
655,2.0
655,0.0
655,3.0
655,0.0
655,0.0
655,2.0
656,2.0
656,0.0
656,3.0
656,0.0
656,0.0
656,2.0
657,2.0
657,0.0
657,3.0
657,0.0
657,0.0
657,2.0
657,2.0
658,2.0
658,3.0
658,0.0
658,2.0
658,0.0
658,0.0
659,3.0
659,2.0
659,0.0
659,2.0
659,0.0
659,0.0
660,2.0
660,0.0
660,3.0
660,0.0
660,2.0
660,2.0
660,0.0
661,2.0
661,0.0
661,3.0
661,2.0
661,2.0
661,0.0
661,0.0
662,2.0
662,3.0
662,2.0
662,0.0
662,2.0
662,0.0
662,0.0
662,0.0
662,0.0
663,2.0
663,3.0
663,0.0
663,2.0
663,2.0
663,0.0
663,0.0
663,0.0
663,0.0
664,2.0
664,3.0
664,0.0
664,2.0
664,0.0
664,0.0
664,2.0
664,0.0
665,2.0
665,3.0
665,0.0
665,2.0
665,0.0
665,0.0
665,2.0
665,0.0
666,2.0
666,3.0
666,0.0
666,2.0
666,0.0
666,2.0
666,0.0
666,0.0
667,2.0
667,2.0
667,0.0
667,0.0
667,0.0
667,2.0
667,0.0
667,3.0
668,2.0
668,2.0
668,0.0
668,0.0
668,0.0
668,2.0
668,0.0
668,3.0
668,0.0
668,2.0
669,2.0
669,2.0
669,0.0
669,0.0
669,0.0
669,2.0
669,3.0
669,0.0
669,2.0
669,0.0
670,2.0
670,0.0
670,2.0
670,3.0
670,0.0
670,0.0
670,0.0
671,2.0
671,0.0
671,2.0
671,3.0
671,0.0
671,0.0
671,0.0
672,2.0
672,2.0
672,0.0
672,0.0
672,3.0
672,0.0
672,0.0
672,0.0
672,2.0
673,2.0
673,2.0
673,0.0
673,0.0
673,0.0
673,3.0
673,0.0
673,2.0
674,2.0
674,0.0
674,2.0
674,0.0
674,0.0
674,0.0
674,3.0
675,2.0
675,0.0
675,2.0
675,0.0
675,3.0
675,0.0
675,0.0
676,2.0
676,2.0
676,0.0
676,0.0
676,0.0
676,3.0
676,0.0
676,0.0
677,2.0
677,2.0
677,0.0
677,0.0
677,0.0
677,3.0
677,0.0
677,0.0
678,2.0
678,0.0
678,2.0
678,0.0
678,0.0
678,3.0
678,0.0
679,2.0
679,2.0
679,0.0
679,3.0
679,0.0
679,0.0
679,0.0
680,2.0
680,2.0
680,3.0
680,0.0
680,0.0
680,0.0
680,0.0
680,0.0
681,2.0
681,2.0
681,3.0
681,0.0
681,0.0
681,0.0
681,0.0
681,0.0
682,3.0
682,2.0
682,0.0
682,0.0
682,2.0
682,0.0
682,0.0
683,3.0
683,2.0
683,0.0
683,0.0
683,2.0
683,0.0
683,0.0
684,3.0
684,0.0
684,0.0
684,2.0
684,0.0
684,2.0
684,0.0
684,0.0
685,3.0
685,0.0
685,0.0
685,0.0
685,0.0
685,2.0
685,0.0
686,0.0
686,0.0
686,3.0
686,0.0
686,0.0
686,0.0
686,2.0
687,0.0
687,3.0
687,0.0
687,0.0
687,0.0
687,2.0
687,0.0
687,2.0
688,2.0
688,3.0
688,0.0
688,2.0
688,0.0
688,0.0
688,0.0
688,0.0
688,0.0
689,2.0
689,3.0
689,0.0
689,2.0
689,0.0
689,0.0
689,0.0
689,0.0
689,0.0
690,2.0
690,3.0
690,2.0
690,0.0
690,0.0
690,0.0
690,0.0
690,0.0
690,0.0
691,2.0
691,3.0
691,0.0
691,2.0
691,0.0
691,0.0
691,0.0
691,0.0
691,0.0
692,2.0
692,3.0
692,0.0
692,2.0
692,0.0
692,0.0
692,0.0
692,0.0
692,0.0
693,2.0
693,0.0
693,0.0
693,3.0
693,0.0
693,2.0
693,2.0
693,0.0
694,2.0
694,3.0
694,0.0
694,0.0
694,2.0
694,0.0
694,2.0
694,0.0
694,0.0
694,2.0
695,2.0
695,3.0
695,0.0
695,0.0
695,2.0
695,0.0
695,2.0
695,0.0
695,0.0
695,2.0
696,2.0
696,0.0
696,0.0
696,3.0
696,2.0
696,0.0
696,2.0
696,2.0
696,0.0
696,0.0
697,2.0
697,2.0
697,0.0
697,0.0
697,0.0
697,2.0
697,3.0
697,0.0
697,0.0
698,2.0
698,2.0
698,0.0
698,0.0
698,0.0
698,2.0
698,3.0
698,0.0
698,0.0
699,2.0
699,2.0
699,0.0
699,0.0
699,0.0
699,2.0
699,0.0
699,3.0
699,0.0
700,2.0
700,2.0
700,0.0
700,0.0
700,0.0
700,2.0
700,0.0
700,1.0
700,3.0
700,0.0
701,2.0
701,2.0
701,0.0
701,0.0
701,0.0
701,2.0
701,0.0
701,1.0
701,3.0
701,0.0
702,2.0
702,2.0
702,0.0
702,0.0
702,0.0
702,2.0
702,0.0
702,1.0
702,0.0
702,3.0
703,2.0
703,2.0
703,0.0
703,0.0
703,0.0
703,0.0
703,0.0
703,0.0
703,1.0
703,0.0
703,3.0
704,2.0
704,2.0
704,0.0
704,0.0
704,0.0
704,0.0
704,0.0
704,3.0
704,0.0
704,0.0
705,2.0
705,2.0
705,0.0
705,0.0
705,0.0
705,3.0
705,0.0
705,0.0
705,0.0
705,0.0
706,2.0
706,2.0
706,0.0
706,0.0
706,0.0
706,1.0
706,0.0
706,0.0
706,2.0
706,3.0
707,2.0
707,2.0
707,0.0
707,0.0
707,0.0
707,1.0
707,0.0
707,0.0
707,2.0
707,3.0
708,2.0
708,2.0
708,0.0
708,0.0
708,0.0
708,1.0
708,0.0
708,0.0
708,3.0
708,2.0
709,2.0
709,2.0
709,0.0
709,0.0
709,1.0
709,0.0
709,0.0
709,0.0
709,3.0
709,2.0
710,2.0
710,2.0
710,0.0
710,0.0
710,0.0
710,3.0
710,3.0
710,0.0
710,2.0
710,0.0
710,3.0
711,2.0
711,2.0
711,0.0
711,3.0
711,0.0
711,0.0
711,0.0
711,3.0
711,0.0
711,2.0
711,3.0
712,2.0
712,2.0
712,0.0
712,3.0
712,0.0
712,0.0
712,0.0
712,3.0
712,2.0
712,3.0
712,0.0
713,2.0
713,2.0
713,0.0
713,3.0
713,0.0
713,0.0
713,0.0
713,3.0
713,2.0
713,3.0
713,0.0
714,2.0
714,2.0
714,0.0
714,3.0
714,0.0
714,0.0
714,0.0
714,2.0
714,3.0
714,3.0
714,0.0
715,2.0
715,2.0
715,0.0
715,3.0
715,0.0
715,0.0
715,3.0
715,0.0
715,2.0
715,3.0
715,0.0
715,0.0
715,0.0
716,2.0
716,2.0
716,3.0
716,3.0
716,0.0
716,0.0
716,0.0
716,0.0
716,0.0
716,3.0
716,2.0
716,0.0
716,0.0
717,2.0
717,2.0
717,3.0
717,0.0
717,3.0
717,0.0
717,0.0
717,0.0
717,0.0
717,3.0
717,2.0
717,0.0
717,0.0
718,2.0
718,2.0
718,2.0
718,0.0
718,3.0
718,0.0
718,0.0
718,0.0
718,0.0
718,3.0
718,2.0
719,2.0
719,2.0
719,2.0
719,3.0
719,0.0
719,0.0
719,0.0
719,0.0
719,0.0
719,3.0
720,2.0
720,2.0
720,0.0
720,2.0
720,3.0
720,0.0
720,0.0
720,3.0
720,0.0
720,0.0
720,0.0
721,2.0
721,2.0
721,2.0
721,0.0
721,0.0
721,3.0
721,0.0
721,3.0
721,0.0
721,0.0
721,3.0
721,0.0
722,2.0
722,2.0
722,2.0
722,0.0
722,0.0
722,3.0
722,0.0
722,3.0
722,0.0
722,0.0
722,0.0
722,3.0
723,2.0
723,2.0
723,2.0
723,0.0
723,3.0
723,0.0
723,0.0
723,0.0
723,3.0
723,0.0
723,0.0
723,3.0
724,2.0
724,2.0
724,2.0
724,0.0
724,0.0
724,3.0
724,0.0
724,3.0
724,0.0
724,0.0
724,0.0
724,3.0
725,2.0
725,2.0
725,2.0
725,0.0
725,0.0
725,3.0
725,0.0
725,3.0
725,0.0
725,0.0
725,0.0
725,3.0
726,2.0
726,0.0
726,2.0
726,0.0
726,2.0
726,0.0
726,0.0
726,0.0
726,3.0
727,2.0
727,0.0
727,0.0
727,2.0
727,2.0
727,0.0
727,0.0
727,0.0
727,3.0
727,3.0
728,2.0
728,0.0
728,2.0
728,2.0
728,0.0
728,0.0
728,0.0
728,0.0
728,1.0
728,3.0
729,2.0
729,2.0
729,3.0
729,0.0
729,0.0
729,2.0
729,0.0
729,0.0
729,0.0
729,3.0
730,2.0
730,0.0
730,3.0
730,0.0
730,0.0
730,2.0
730,0.0
730,2.0
730,0.0
730,3.0
731,2.0
731,0.0
731,3.0
731,0.0
731,0.0
731,2.0
731,0.0
731,2.0
731,0.0
731,3.0
732,2.0
732,3.0
732,0.0
732,0.0
732,2.0
732,0.0
732,0.0
732,2.0
732,0.0
732,3.0
733,2.0
733,2.0
733,0.0
733,0.0
733,3.0
733,0.0
733,2.0
733,3.0
733,0.0
733,0.0
733,2.0
734,2.0
734,2.0
734,0.0
734,0.0
734,0.0
734,3.0
734,2.0
734,3.0
734,0.0
734,2.0
734,0.0
735,2.0
735,2.0
735,0.0
735,0.0
735,0.0
735,3.0
735,2.0
735,0.0
735,2.0
735,3.0
735,0.0
736,2.0
736,2.0
736,0.0
736,0.0
736,3.0
736,0.0
736,2.0
736,2.0
736,0.0
736,3.0
736,0.0
737,2.0
737,2.0
737,0.0
737,0.0
737,3.0
737,0.0
737,2.0
737,2.0
737,0.0
737,3.0
737,0.0
738,2.0
738,2.0
738,0.0
738,0.0
738,3.0
738,0.0
738,2.0
738,2.0
738,0.0
738,0.0
739,2.0
739,2.0
739,0.0
739,0.0
739,3.0
739,0.0
739,2.0
739,2.0
739,0.0
740,2.0
740,2.0
740,0.0
740,0.0
740,3.0
740,0.0
740,2.0
740,2.0
740,0.0
741,2.0
741,2.0
741,0.0
741,0.0
741,3.0
741,2.0
741,0.0
741,2.0
741,0.0
742,2.0
742,2.0
742,0.0
742,3.0
742,0.0
742,0.0
742,0.0
742,0.0
742,3.0
742,2.0
742,0.0
743,2.0
743,2.0
743,0.0
743,3.0
743,0.0
743,0.0
743,0.0
743,0.0
743,3.0
743,0.0
743,2.0
744,2.0
744,0.0
744,2.0
744,3.0
744,0.0
744,0.0
744,0.0
744,2.0
744,0.0
744,0.0
744,2.0
745,2.0
745,0.0
745,2.0
745,3.0
745,0.0
745,0.0
745,2.0
745,0.0
745,0.0
745,0.0
746,2.0
746,0.0
746,2.0
746,3.0
746,0.0
746,0.0
746,0.0
746,0.0
746,2.0
746,0.0
747,2.0
747,2.0
747,0.0
747,0.0
747,0.0
747,0.0
747,2.0
747,3.0
748,2.0
748,2.0
748,0.0
748,0.0
748,0.0
748,0.0
748,3.0
748,2.0
748,0.0
748,2.0
749,2.0
749,2.0
749,0.0
749,0.0
749,0.0
749,0.0
749,3.0
749,2.0
749,0.0
749,2.0
750,2.0
750,2.0
750,0.0
750,3.0
750,0.0
750,0.0
750,0.0
750,2.0
750,2.0
750,0.0
751,2.0
751,2.0
751,0.0
751,3.0
751,0.0
751,0.0
751,0.0
752,2.0
752,2.0
752,3.0
752,0.0
752,0.0
752,0.0
752,0.0
753,2.0
753,0.0
753,2.0
753,3.0
753,0.0
753,0.0
753,0.0
754,2.0
754,0.0
754,2.0
754,0.0
754,3.0
754,0.0
754,0.0
754,2.0
755,2.0
755,0.0
755,2.0
755,0.0
755,3.0
755,0.0
755,0.0
755,2.0
756,2.0
756,0.0
756,2.0
756,0.0
756,0.0
756,3.0
756,0.0
756,2.0
757,2.0
757,0.0
757,2.0
757,0.0
757,3.0
757,0.0
757,0.0
757,2.0
758,2.0
758,0.0
758,2.0
758,0.0
758,3.0
758,0.0
759,2.0
759,0.0
759,2.0
759,0.0
759,3.0
759,0.0
759,0.0
760,2.0
760,0.0
760,2.0
760,0.0
760,3.0
760,0.0
760,0.0
761,2.0
761,0.0
761,2.0
761,0.0
761,3.0
761,0.0
761,0.0
762,2.0
762,0.0
762,2.0
762,3.0
762,0.0
762,0.0
762,0.0
762,3.0
763,2.0
763,2.0
763,0.0
763,3.0
763,0.0
763,0.0
763,3.0
763,3.0
764,2.0
764,2.0
764,0.0
764,3.0
764,0.0
764,0.0
764,3.0
764,3.0
765,2.0
765,0.0
765,0.0
765,2.0
765,3.0
765,0.0
766,2.0
766,0.0
766,3.0
766,2.0
766,0.0
766,0.0
766,3.0
767,2.0
767,0.0
767,3.0
767,2.0
767,0.0
767,0.0
767,3.0
768,2.0
768,3.0
768,0.0
768,2.0
768,0.0
768,0.0
768,3.0
769,2.0
769,0.0
769,3.0
769,2.0
769,0.0
769,3.0
769,0.0
769,0.0
770,2.0
770,3.0
770,0.0
770,2.0
770,0.0
770,3.0
770,0.0
770,0.0
771,2.0
771,3.0
771,0.0
771,2.0
771,0.0
771,3.0
771,0.0
771,0.0
772,2.0
772,3.0
772,0.0
772,2.0
772,0.0
772,3.0
772,0.0
773,2.0
773,3.0
773,0.0
773,2.0
773,0.0
773,3.0
773,0.0
774,2.0
774,0.0
774,0.0
774,0.0
774,0.0
774,1.0
774,3.0
775,2.0
775,0.0
775,3.0
775,0.0
775,0.0
775,0.0
775,3.0
775,1.0
776,2.0
776,0.0
776,3.0
776,0.0
776,0.0
776,0.0
776,3.0
777,2.0
777,0.0
777,3.0
777,0.0
777,0.0
777,0.0
777,3.0
778,2.0
778,0.0
778,0.0
778,0.0
778,1.0
779,2.0
779,0.0
779,0.0
779,0.0
779,1.0
780,2.0
780,0.0
780,0.0
780,0.0
780,1.0
780,2.0
781,2.0
781,0.0
781,0.0
781,0.0
781,2.0
781,1.0
781,7.0
782,2.0
782,0.0
782,0.0
782,1.0
782,0.0
782,7.0
783,2.0
783,0.0
783,0.0
783,3.0
783,0.0
783,3.0
784,2.0
784,0.0
784,0.0
784,3.0
784,0.0
784,3.0
785,2.0
785,0.0
785,3.0
785,0.0
785,0.0
785,3.0
786,2.0
786,0.0
786,0.0
786,0.0
786,3.0
786,3.0
787,2.0
787,0.0
787,2.0
787,0.0
787,1.0
787,0.0
788,2.0
788,0.0
788,2.0
788,1.0
788,0.0
788,0.0
789,2.0
789,0.0
789,2.0
789,0.0
789,1.0
789,0.0
789,0.0
790,2.0
790,3.0
790,0.0
790,2.0
790,0.0
790,0.0
791,2.0
791,3.0
791,0.0
791,2.0
791,0.0
792,2.0
792,3.0
792,0.0
792,0.0
792,0.0
792,2.0
793,2.0
793,3.0
793,0.0
793,2.0
793,0.0
793,0.0
794,2.0
794,3.0
794,2.0
794,0.0
794,0.0
794,0.0
795,2.0
795,3.0
795,2.0
795,0.0
795,0.0
795,0.0
796,2.0
796,3.0
796,2.0
796,0.0
796,0.0
796,0.0
797,2.0
797,3.0
797,2.0
797,0.0
797,0.0
797,0.0
798,2.0
798,3.0
798,0.0
798,0.0
798,0.0
799,2.0
799,3.0
799,0.0
799,0.0
799,0.0
799,0.0
800,2.0
800,3.0
800,0.0
800,0.0
800,0.0
801,2.0
801,3.0
801,0.0
801,2.0
801,7.0
801,0.0
801,0.0
801,0.0
802,2.0
802,3.0
802,0.0
802,2.0
802,0.0
802,0.0
802,7.0
802,0.0
803,2.0
803,3.0
803,0.0
803,2.0
803,0.0
803,0.0
803,7.0
803,0.0
804,2.0
804,3.0
804,2.0
804,0.0
804,0.0
804,0.0
804,7.0
805,2.0
805,3.0
805,0.0
805,2.0
805,0.0
805,0.0
806,2.0
806,3.0
806,0.0
806,2.0
806,0.0
806,0.0
806,2.0
807,2.0
807,3.0
807,2.0
807,0.0
807,0.0
807,0.0
808,2.0
808,3.0
808,0.0
808,2.0
808,0.0
808,0.0
808,2.0
809,2.0
809,3.0
809,0.0
809,2.0
809,0.0
809,0.0
809,2.0
810,2.0
810,2.0
810,0.0
810,0.0
810,3.0
810,2.0
810,0.0
810,7.0
811,2.0
811,0.0
811,2.0
811,0.0
811,2.0
811,3.0
811,0.0
811,7.0
812,2.0
812,0.0
812,0.0
812,2.0
812,0.0
812,2.0
812,3.0
812,7.0
813,2.0
813,3.0
813,2.0
813,0.0
813,2.0
813,0.0
813,0.0
813,2.0
813,7.0
814,2.0
814,3.0
814,2.0
814,2.0
814,0.0
814,0.0
814,7.0
814,2.0
814,0.0
814,0.0
815,2.0
815,3.0
815,2.0
815,0.0
815,2.0
815,0.0
815,7.0
815,0.0
815,2.0
815,0.0
816,2.0
816,3.0
816,2.0
816,0.0
816,2.0
816,0.0
816,0.0
816,2.0
816,0.0
816,7.0
817,2.0
817,3.0
817,2.0
817,0.0
817,2.0
817,0.0
817,7.0
817,2.0
817,0.0
817,0.0
818,2.0
818,3.0
818,2.0
818,0.0
818,2.0
818,0.0
818,2.0
818,0.0
818,7.0
819,2.0
819,2.0
819,3.0
819,2.0
819,2.0
819,0.0
819,0.0
819,0.0
820,2.0
820,2.0
820,3.0
820,2.0
820,2.0
820,0.0
820,0.0
820,0.0
821,2.0
821,2.0
821,3.0
821,2.0
821,2.0
821,0.0
821,0.0
821,0.0
822,2.0
822,2.0
822,3.0
822,2.0
822,0.0
822,2.0
822,0.0
822,0.0
823,2.0
823,2.0
823,2.0
823,3.0
824,2.0
824,2.0
824,3.0
824,2.0
825,2.0
825,2.0
825,3.0
825,2.0
826,2.0
826,2.0
826,0.0
827,2.0
827,2.0
827,0.0
828,2.0
828,2.0
828,0.0
829,2.0
829,2.0
830,2.0
830,2.0
831,2.0
831,2.0
832,2.0
832,2.0
833,2.0
833,2.0
834,2.0
834,2.0
834,0.0
834,0.0
834,3.0
835,2.0
835,2.0
835,0.0
835,0.0
836,2.0
836,2.0
836,0.0
836,0.0
837,2.0
837,2.0
837,0.0
837,0.0
837,2.0
837,0.0
837,3.0
838,2.0
838,2.0
838,0.0
838,0.0
838,2.0
838,0.0
839,2.0
839,2.0
839,0.0
839,0.0
839,0.0
839,2.0
840,2.0
840,2.0
840,0.0
840,0.0
840,0.0
840,2.0
841,2.0
841,2.0
842,2.0
842,2.0
843,2.0
843,2.0
844,2.0
844,2.0
845,2.0
845,2.0
846,2.0
846,2.0
847,2.0
847,2.0
848,2.0
848,2.0
849,2.0
849,0.0
849,2.0
850,2.0
850,0.0
850,2.0
850,2.0
851,2.0
851,0.0
851,2.0
851,2.0
852,2.0
852,0.0
852,2.0
853,2.0
853,0.0
853,2.0
854,2.0
854,0.0
854,2.0
855,0.0
855,2.0
855,2.0
855,3.0
856,0.0
856,2.0
856,2.0
856,3.0
857,0.0
857,2.0
857,2.0
857,3.0
858,0.0
858,2.0
858,2.0
858,3.0
859,2.0
859,2.0
859,0.0
859,3.0
859,0.0
860,2.0
860,2.0
860,0.0
860,3.0
860,0.0
861,2.0
861,2.0
861,0.0
861,3.0
862,0.0
862,2.0
862,2.0
862,2.0
862,0.0
862,2.0
863,0.0
863,2.0
863,2.0
863,2.0
863,0.0
863,2.0
864,0.0
864,2.0
864,2.0
864,3.0
864,0.0
864,2.0
865,0.0
865,2.0
865,2.0
865,3.0
865,0.0
865,2.0
865,0.0
866,0.0
866,2.0
866,2.0
866,3.0
866,0.0
866,0.0
867,0.0
867,2.0
867,2.0
867,3.0
867,0.0
868,0.0
868,2.0
868,2.0
868,3.0
868,0.0
869,0.0
869,2.0
869,2.0
869,3.0
869,0.0
870,2.0
870,2.0
870,0.0
870,2.0
870,2.0
871,2.0
871,2.0
871,0.0
871,2.0
871,2.0
872,2.0
872,2.0
872,2.0
872,0.0
872,2.0
873,2.0
873,0.0
873,0.0
873,2.0
873,2.0
873,2.0
873,0.0
873,7.0
874,2.0
874,0.0
874,0.0
874,2.0
874,2.0
874,0.0
874,2.0
874,2.0
875,2.0
875,0.0
875,2.0
875,0.0
875,2.0
875,0.0
875,2.0
875,2.0
876,0.0
876,2.0
876,2.0
876,0.0
876,0.0
876,2.0
876,2.0
876,2.0
877,2.0
877,0.0
877,2.0
877,2.0
877,0.0
877,2.0
878,2.0
878,2.0
878,0.0
878,2.0
878,0.0
878,0.0
878,2.0
879,2.0
879,0.0
879,2.0
879,2.0
879,0.0
880,2.0
880,0.0
880,2.0
880,2.0
880,0.0
880,2.0
881,2.0
881,0.0
881,2.0
881,2.0
881,0.0
881,2.0
881,2.0
882,2.0
882,2.0
882,0.0
882,2.0
883,2.0
883,2.0
883,0.0
883,0.0
883,2.0
883,0.0
884,2.0
884,2.0
884,0.0
884,2.0
884,0.0
885,2.0
885,2.0
885,0.0
885,2.0
886,2.0
886,2.0
886,0.0
887,2.0
887,2.0
887,0.0
888,2.0
888,2.0
888,0.0
889,2.0
889,2.0
889,0.0
890,2.0
890,2.0
890,0.0
891,2.0
891,2.0
891,0.0
892,2.0
892,2.0
892,0.0
893,2.0
893,2.0
893,0.0
894,2.0
894,2.0
894,0.0
895,2.0
895,2.0
895,0.0
895,2.0
896,2.0
896,2.0
896,0.0
896,0.0
896,2.0
897,2.0
897,0.0
897,2.0
898,2.0
898,0.0
898,0.0
898,2.0
899,2.0
899,0.0
899,0.0
899,2.0
900,2.0
900,0.0
900,0.0
900,2.0
901,2.0
901,0.0
901,0.0
902,2.0
902,0.0
902,0.0
902,2.0
903,2.0
903,0.0
903,0.0
903,2.0
904,2.0
904,0.0
904,0.0
904,2.0
905,2.0
905,0.0
905,0.0
905,2.0
906,2.0
906,2.0
906,0.0
906,0.0
907,2.0
907,0.0
907,2.0
907,0.0
907,2.0
907,2.0
908,2.0
908,0.0
908,2.0
908,0.0
908,2.0
908,2.0
909,2.0
909,2.0
910,2.0
910,2.0
910,2.0
911,2.0
911,2.0
911,2.0
912,2.0
912,2.0
912,2.0
913,2.0
913,2.0
913,0.0
914,2.0
914,2.0
914,0.0
914,2.0
915,2.0
915,0.0
915,2.0
915,2.0
916,2.0
916,2.0
916,0.0
917,2.0
917,2.0
917,0.0
918,2.0
918,2.0
918,2.0
919,2.0
919,2.0
919,2.0
920,2.0
920,2.0
920,2.0
920,0.0
921,2.0
921,2.0
921,2.0
922,2.0
922,2.0
922,2.0
922,0.0
923,2.0
923,2.0
923,2.0
923,0.0
924,2.0
924,2.0
924,2.0
924,0.0
925,2.0
925,2.0
925,2.0
926,2.0
926,2.0
926,2.0
927,2.0
927,2.0
927,2.0
927,0.0
928,2.0
928,2.0
928,2.0
928,0.0
929,2.0
929,2.0
929,2.0
929,0.0
930,2.0
930,2.0
930,2.0
930,0.0
931,2.0
931,2.0
932,2.0
932,2.0
933,2.0
933,2.0
933,0.0
934,2.0
934,0.0
934,0.0
934,2.0
935,2.0
935,0.0
935,0.0
935,2.0
936,2.0
936,0.0
937,2.0
937,0.0
937,2.0
938,2.0
938,0.0
938,2.0
939,2.0
939,0.0
940,2.0
940,0.0
940,2.0
941,2.0
941,0.0
941,2.0
942,2.0
942,0.0
942,0.0
942,2.0
943,2.0
943,0.0
943,0.0
943,2.0
943,2.0
944,2.0
944,0.0
944,2.0
945,2.0
945,0.0
945,2.0
945,0.0
945,2.0
946,2.0
946,0.0
946,0.0
946,2.0
946,2.0
947,2.0
947,0.0
947,0.0
947,2.0
947,2.0
948,2.0
948,0.0
948,0.0
948,2.0
949,2.0
949,0.0
949,2.0
950,2.0
950,0.0
950,2.0
951,2.0
951,0.0
952,2.0
952,0.0
953,2.0
953,0.0
954,2.0
954,0.0
954,0.0
954,2.0
955,2.0
955,0.0
955,2.0
955,0.0
956,2.0
956,0.0
956,2.0
956,0.0
957,2.0
957,0.0
957,7.0
957,2.0
957,0.0
958,2.0
958,0.0
958,0.0
958,7.0
959,2.0
959,0.0
959,0.0
959,7.0
960,2.0
960,0.0
960,7.0
961,2.0
961,0.0
961,2.0
961,0.0
962,2.0
962,0.0
962,2.0
962,0.0
962,0.0
963,2.0
963,2.0
963,0.0
963,0.0
963,2.0
963,0.0
964,2.0
964,2.0
964,0.0
964,0.0
964,2.0
964,0.0
965,2.0
965,2.0
965,0.0
965,0.0
965,2.0
965,0.0
966,2.0
966,2.0
966,0.0
966,0.0
966,0.0
966,0.0
967,2.0
967,0.0
967,2.0
967,0.0
967,2.0
968,2.0
968,0.0
968,2.0
968,0.0
968,2.0
969,2.0
969,0.0
969,0.0
969,2.0
969,2.0
970,2.0
970,0.0
970,0.0
970,2.0
970,2.0
971,2.0
971,0.0
971,0.0
971,2.0
971,2.0
972,2.0
972,0.0
972,0.0
972,0.0
972,0.0
972,2.0
973,0.0
973,2.0
973,0.0
973,0.0
974,0.0
974,2.0
974,0.0
974,0.0
975,0.0
975,2.0
975,0.0
975,0.0
976,0.0
976,2.0
976,0.0
976,0.0
976,0.0
976,2.0
977,0.0
977,2.0
977,0.0
977,0.0
977,0.0
977,2.0
978,2.0
978,0.0
978,0.0
978,0.0
978,2.0
978,0.0
979,0.0
979,2.0
979,0.0
979,0.0
979,2.0
979,0.0
980,0.0
980,2.0
980,0.0
980,0.0
980,2.0
980,0.0
980,2.0
981,2.0
981,0.0
981,0.0
981,0.0
981,0.0
981,2.0
981,2.0
981,0.0
982,2.0
982,0.0
982,0.0
982,0.0
982,2.0
982,0.0
982,0.0
983,2.0
983,0.0
983,0.0
983,0.0
983,2.0
983,0.0
983,0.0
984,2.0
984,0.0
984,0.0
984,0.0
984,0.0
984,2.0
984,2.0
984,0.0
985,2.0
985,0.0
985,0.0
985,0.0
985,0.0
985,2.0
986,2.0
986,0.0
986,0.0
986,0.0
986,0.0
986,0.0
987,2.0
987,0.0
987,0.0
987,0.0
987,0.0
987,0.0
988,2.0
988,0.0
988,0.0
988,0.0
988,2.0
988,0.0
988,0.0
989,2.0
989,0.0
989,0.0
989,0.0
989,2.0
989,0.0
989,0.0
990,2.0
990,0.0
990,0.0
990,2.0
990,0.0
990,0.0
990,2.0
991,2.0
991,0.0
991,0.0
991,0.0
991,2.0
991,2.0
991,0.0
992,2.0
992,0.0
992,0.0
992,0.0
992,2.0
992,2.0
993,2.0
993,0.0
993,0.0
993,0.0
993,2.0
993,2.0
994,2.0
994,0.0
994,0.0
994,0.0
994,2.0
994,2.0
995,2.0
995,0.0
995,0.0
995,0.0
995,2.0
995,2.0
996,2.0
996,0.0
996,0.0
996,0.0
996,2.0
996,2.0
996,2.0
997,2.0
997,0.0
997,0.0
997,0.0
997,2.0
997,2.0
998,2.0
998,0.0
998,0.0
998,0.0
998,2.0
998,2.0
999,2.0
999,0.0
999,0.0
999,2.0
999,0.0
999,0.0
999,2.0
1000,2.0
1000,0.0
1000,0.0
1000,2.0
1000,0.0
1000,0.0
1001,2.0
1001,0.0
1001,0.0
1001,2.0
1001,0.0
1001,0.0
1002,2.0
1002,0.0
1002,0.0
1002,2.0
1002,0.0
1002,0.0
1002,2.0
1003,2.0
1003,0.0
1003,0.0
1003,2.0
1003,0.0
1003,2.0
1004,2.0
1004,0.0
1004,0.0
1004,2.0
1004,0.0
1004,2.0
1005,2.0
1005,0.0
1005,0.0
1005,2.0
1005,2.0
1005,0.0
1006,2.0
1006,0.0
1006,0.0
1006,2.0
1006,0.0
1006,2.0
1007,2.0
1007,0.0
1007,0.0
1007,2.0
1007,0.0
1007,2.0
1008,2.0
1008,0.0
1008,0.0
1008,2.0
1008,0.0
1008,2.0
1008,2.0
1008,0.0
1009,2.0
1009,0.0
1009,0.0
1009,2.0
1009,0.0
1009,2.0
1010,2.0
1010,0.0
1010,0.0
1010,2.0
1010,0.0
1010,0.0
1010,2.0
1010,2.0
1011,2.0
1011,0.0
1011,0.0
1011,2.0
1011,0.0
1011,0.0
1012,2.0
1012,0.0
1012,0.0
1012,0.0
1012,2.0
1012,0.0
1012,2.0
1013,2.0
1013,0.0
1013,0.0
1013,0.0
1013,2.0
1013,0.0
1013,2.0
1014,2.0
1014,0.0
1014,0.0
1014,0.0
1014,2.0
1014,0.0
1015,2.0
1015,0.0
1015,0.0
1015,0.0
1015,2.0
1015,2.0
1016,2.0
1016,0.0
1016,2.0
1016,0.0
1016,0.0
1016,0.0
1016,2.0
1016,2.0
1017,2.0
1017,2.0
1017,0.0
1017,0.0
1017,0.0
1017,2.0
1017,2.0
1018,2.0
1018,2.0
1018,0.0
1018,0.0
1018,0.0
1018,2.0
1018,2.0
1018,0.0
1019,2.0
1019,2.0
1019,0.0
1019,0.0
1019,0.0
1019,0.0
1019,2.0
1019,2.0
1020,2.0
1020,2.0
1020,0.0
1020,0.0
1020,0.0
1020,2.0
1020,2.0
1020,7.0
1021,2.0
1021,2.0
1021,0.0
1021,0.0
1021,2.0
1021,0.0
1021,2.0
1021,0.0
1022,2.0
1022,0.0
1022,0.0
1022,0.0
1022,2.0
1022,2.0
1022,2.0
1023,2.0
1023,0.0
1023,0.0
1023,2.0
1023,0.0
1023,2.0
1023,2.0
1024,2.0
1024,0.0
1024,0.0
1024,2.0
1024,0.0
1024,2.0
1024,0.0
1024,2.0
1025,2.0
1025,0.0
1025,0.0
1025,2.0
1025,0.0
1025,2.0
1025,0.0
1025,2.0
1026,2.0
1026,0.0
1026,0.0
1026,0.0
1026,2.0
1026,2.0
1027,2.0
1027,0.0
1027,0.0
1027,0.0
1027,2.0
1027,2.0
1027,2.0
1027,0.0
1028,2.0
1028,0.0
1028,0.0
1028,0.0
1028,2.0
1028,2.0
1028,0.0
1029,2.0
1029,0.0
1029,0.0
1029,0.0
1029,2.0
1029,2.0
1029,0.0
1030,2.0
1030,0.0
1030,0.0
1030,0.0
1030,2.0
1030,2.0
1030,0.0
1030,0.0
1031,2.0
1031,0.0
1031,0.0
1031,0.0
1031,2.0
1031,0.0
1031,2.0
1031,0.0
1032,2.0
1032,0.0
1032,0.0
1032,0.0
1032,0.0
1032,2.0
1032,2.0
1032,0.0
1032,2.0
1033,2.0
1033,0.0
1033,0.0
1033,0.0
1033,0.0
1033,2.0
1033,2.0
1034,2.0
1034,0.0
1034,0.0
1034,0.0
1034,2.0
1034,0.0
1034,2.0
1035,2.0
1035,0.0
1035,0.0
1035,2.0
1035,0.0
1035,0.0
1036,2.0
1036,0.0
1036,0.0
1036,2.0
1036,0.0
1036,0.0
1036,2.0
1037,2.0
1037,0.0
1037,0.0
1037,2.0
1037,0.0
1037,0.0
1037,2.0
1038,2.0
1038,0.0
1038,0.0
1038,0.0
1039,2.0
1039,0.0
1039,0.0
1039,3.0
1039,0.0
1040,2.0
1040,0.0
1040,3.0
1040,0.0
1040,0.0
1041,2.0
1041,0.0
1041,0.0
1041,2.0
1041,2.0
1041,0.0
1042,2.0
1042,0.0
1042,0.0
1042,0.0
1042,3.0
1043,2.0
1043,0.0
1043,0.0
1043,0.0
1043,3.0
1044,2.0
1044,0.0
1044,0.0
1044,3.0
1044,0.0
1044,2.0
1045,2.0
1045,0.0
1045,3.0
1045,0.0
1045,0.0
1045,0.0
1046,2.0
1046,0.0
1046,3.0
1046,0.0
1046,0.0
1047,2.0
1047,0.0
1047,3.0
1047,0.0
1047,0.0
1047,2.0
1047,0.0
1048,2.0
1048,0.0
1048,2.0
1048,0.0
1049,2.0
1049,0.0
1049,2.0
1049,0.0
1050,2.0
1050,0.0
1050,2.0
1050,0.0
1050,3.0
1051,2.0
1051,0.0
1051,2.0
1051,0.0
1051,0.0
1052,2.0
1052,2.0
1052,0.0
1052,0.0
1052,0.0
1052,0.0
1053,2.0
1053,2.0
1053,0.0
1053,0.0
1053,0.0
1053,0.0
1054,2.0
1054,2.0
1054,0.0
1054,0.0
1054,0.0
1054,7.0
1055,2.0
1055,2.0
1055,0.0
1055,0.0
1055,0.0
1055,7.0
1056,2.0
1056,2.0
1056,0.0
1056,0.0
1056,0.0
1056,7.0
1056,0.0
1057,2.0
1057,2.0
1057,0.0
1057,0.0
1057,0.0
1058,2.0
1058,2.0
1058,0.0
1058,0.0
1059,2.0
1059,2.0
1059,0.0
1059,0.0
1059,0.0
1059,0.0
1060,2.0
1060,2.0
1060,0.0
1060,0.0
1060,0.0
1060,0.0
1060,7.0
1061,2.0
1061,2.0
1061,0.0
1061,0.0
1061,0.0
1061,0.0
1061,7.0
1062,2.0
1062,0.0
1062,2.0
1062,0.0
1062,0.0
1062,0.0
1062,7.0
1063,2.0
1063,2.0
1063,0.0
1063,0.0
1063,0.0
1063,2.0
1064,2.0
1064,2.0
1064,0.0
1064,0.0
1064,0.0
1064,0.0
1065,2.0
1065,0.0
1065,2.0
1065,0.0
1065,0.0
1065,0.0
1066,2.0
1066,0.0
1066,2.0
1066,0.0
1066,0.0
1066,0.0
1067,2.0
1067,0.0
1067,2.0
1067,0.0
1067,0.0
1067,0.0
1068,2.0
1068,0.0
1068,2.0
1068,0.0
1068,0.0
1069,2.0
1069,0.0
1069,2.0
1069,0.0
1069,0.0
1069,0.0
1070,2.0
1070,0.0
1070,2.0
1070,0.0
1070,0.0
1071,2.0
1071,0.0
1071,2.0
1071,0.0
1071,0.0
1072,2.0
1072,0.0
1072,2.0
1072,0.0
1073,2.0
1073,0.0
1073,2.0
1073,0.0
1074,2.0
1074,0.0
1074,0.0
1074,2.0
1074,0.0
1075,2.0
1075,0.0
1075,0.0
1075,2.0
1075,0.0
1076,2.0
1076,0.0
1076,0.0
1076,2.0
1076,0.0
1077,2.0
1077,0.0
1077,0.0
1077,2.0
1077,0.0
1078,2.0
1078,0.0
1078,0.0
1078,2.0
1078,0.0
1079,2.0
1079,0.0
1079,0.0
1079,2.0
1079,0.0
1080,2.0
1080,0.0
1080,0.0
1080,2.0
1081,2.0
1081,0.0
1081,0.0
1081,2.0
1082,2.0
1082,0.0
1082,0.0
1082,2.0
1082,0.0
1083,2.0
1083,0.0
1083,0.0
1083,2.0
1083,0.0
1084,0.0
1084,2.0
1084,0.0
1084,2.0
1084,2.0
1084,0.0
1085,0.0
1085,2.0
1085,0.0
1085,2.0
1085,2.0
1085,0.0
1086,0.0
1086,2.0
1086,0.0
1086,2.0
1086,0.0
1086,2.0
1086,0.0
1087,0.0
1087,2.0
1087,0.0
1087,0.0
1087,2.0
1087,2.0
1087,0.0
1087,7.0
1088,0.0
1088,2.0
1088,0.0
1088,0.0
1088,2.0
1088,2.0
1088,7.0
1089,0.0
1089,2.0
1089,0.0
1089,2.0
1089,0.0
1089,2.0
1089,7.0
1090,0.0
1090,2.0
1090,0.0
1090,2.0
1090,0.0
1090,2.0
1090,7.0
1091,0.0
1091,2.0
1091,0.0
1091,2.0
1091,0.0
1091,2.0
1091,7.0
1092,0.0
1092,2.0
1092,0.0
1092,2.0
1092,0.0
1092,2.0
1092,7.0
1093,0.0
1093,2.0
1093,0.0
1093,2.0
1093,0.0
1093,2.0
1093,7.0
1094,2.0
1094,0.0
1094,0.0
1094,0.0
1094,2.0
1094,2.0
1094,0.0
1095,2.0
1095,0.0
1095,0.0
1095,0.0
1095,0.0
1096,2.0
1096,0.0
1096,0.0
1096,0.0
1096,0.0
1096,2.0
1096,2.0
1096,2.0
1097,2.0
1097,0.0
1097,0.0
1097,0.0
1097,0.0
1097,2.0
1097,2.0
1098,2.0
1098,0.0
1098,0.0
1098,0.0
1098,2.0
1098,2.0
1099,2.0
1099,0.0
1099,0.0
1099,2.0
1099,0.0
1099,2.0
1100,2.0
1100,0.0
1100,0.0
1100,2.0
1100,0.0
1100,2.0
1101,2.0
1101,0.0
1101,0.0
1101,0.0
1101,0.0
1101,2.0
1102,2.0
1102,0.0
1102,0.0
1102,0.0
1102,0.0
1103,2.0
1103,0.0
1103,0.0
1103,0.0
1103,0.0
1104,0.0
1104,2.0
1104,0.0
1104,0.0
1104,0.0
1104,2.0
1105,0.0
1105,2.0
1105,0.0
1105,0.0
1105,0.0
1105,0.0
1106,0.0
1106,2.0
1106,0.0
1106,0.0
1106,0.0
1106,2.0
1107,0.0
1107,2.0
1107,0.0
1107,2.0
1107,2.0
1108,0.0
1108,2.0
1108,0.0
1108,0.0
1108,0.0
1108,2.0
1108,2.0
1109,0.0
1109,2.0
1109,0.0
1109,0.0
1109,0.0
1109,2.0
1109,2.0
1110,0.0
1110,2.0
1110,0.0
1110,0.0
1110,2.0
1110,0.0
1110,2.0
1111,2.0
1111,0.0
1111,0.0
1111,0.0
1111,0.0
1112,2.0
1112,0.0
1112,0.0
1112,0.0
1112,2.0
1112,0.0
1113,0.0
1113,2.0
1113,0.0
1113,0.0
1113,0.0
1114,0.0
1114,2.0
1114,0.0
1114,0.0
1114,0.0
1114,2.0
1115,0.0
1115,2.0
1115,0.0
1115,0.0
1115,0.0
1115,2.0
1116,2.0
1116,0.0
1116,0.0
1116,0.0
1117,0.0
1117,2.0
1117,0.0
1117,0.0
1118,0.0
1118,2.0
1118,0.0
1118,0.0
1119,0.0
1119,2.0
1119,0.0
1119,0.0
1120,0.0
1120,2.0
1120,0.0
1120,0.0
1120,0.0
1120,0.0
1120,0.0
1120,0.0
1121,0.0
1121,2.0
1121,0.0
1121,0.0
1121,0.0
1121,0.0
1121,0.0
1121,0.0
1122,0.0
1122,2.0
1122,0.0
1122,0.0
1122,0.0
1122,0.0
1122,0.0
1123,0.0
1123,2.0
1123,0.0
1123,0.0
1123,0.0
1123,0.0
1123,0.0
1123,7.0
1124,0.0
1124,2.0
1124,0.0
1124,0.0
1124,0.0
1125,0.0
1125,2.0
1125,0.0
1125,0.0
1125,0.0
1125,0.0
1126,0.0
1126,2.0
1126,0.0
1126,0.0
1126,0.0
1126,0.0
1127,0.0
1127,2.0
1127,0.0
1127,0.0
1127,0.0
1127,0.0
1128,0.0
1128,2.0
1128,0.0
1128,0.0
1128,0.0
1128,0.0
1129,0.0
1129,2.0
1129,0.0
1129,0.0
1129,0.0
1129,0.0
1130,0.0
1130,2.0
1130,0.0
1130,3.0
1130,0.0
1130,0.0
1131,0.0
1131,2.0
1131,0.0
1131,3.0
1131,0.0
1131,0.0
1131,2.0
1132,0.0
1132,2.0
1132,0.0
1132,0.0
1132,3.0
1132,2.0
1132,0.0
1133,0.0
1133,2.0
1133,0.0
1133,0.0
1133,3.0
1133,2.0
1133,0.0
1134,0.0
1134,2.0
1134,0.0
1134,0.0
1135,0.0
1135,2.0
1135,0.0
1135,0.0
1136,0.0
1136,2.0
1136,0.0
1136,0.0
1137,0.0
1137,2.0
1137,0.0
1137,0.0
1137,2.0
1138,0.0
1138,2.0
1138,0.0
1138,0.0
1138,2.0
1138,2.0
1139,0.0
1139,2.0
1139,0.0
1139,0.0
1139,2.0
1139,2.0
1140,0.0
1140,2.0
1140,0.0
1140,0.0
1140,2.0
1140,2.0
1141,0.0
1141,2.0
1141,0.0
1141,0.0
1141,2.0
1141,2.0
1142,0.0
1142,2.0
1142,0.0
1142,2.0
1142,7.0
1143,0.0
1143,2.0
1143,0.0
1143,2.0
1144,0.0
1144,2.0
1144,0.0
1144,2.0
1145,0.0
1145,2.0
1145,0.0
1145,2.0
1146,0.0
1146,0.0
1146,2.0
1146,0.0
1146,0.0
1146,2.0
1147,0.0
1147,0.0
1147,2.0
1147,0.0
1147,2.0
1147,0.0
1148,0.0
1148,0.0
1148,2.0
1148,0.0
1148,2.0
1149,0.0
1149,0.0
1149,2.0
1149,0.0
1149,2.0
1150,0.0
1150,0.0
1150,2.0
1150,0.0
1150,2.0
1151,0.0
1151,0.0
1151,2.0
1151,0.0
1151,2.0
1152,0.0
1152,2.0
1152,0.0
1152,0.0
1152,2.0
1152,2.0
1153,0.0
1153,2.0
1153,0.0
1153,2.0
1153,0.0
1153,0.0
1153,2.0
1154,0.0
1154,2.0
1154,0.0
1154,2.0
1154,0.0
1154,0.0
1155,0.0
1155,2.0
1155,0.0
1155,2.0
1155,0.0
1155,0.0
1156,0.0
1156,2.0
1156,0.0
1156,0.0
1156,0.0
1156,0.0
1156,2.0
1156,2.0
1157,0.0
1157,2.0
1157,0.0
1157,0.0
1157,0.0
1157,0.0
1157,2.0
1157,2.0
1158,0.0
1158,2.0
1158,0.0
1158,0.0
1158,0.0
1158,0.0
1158,2.0
1158,2.0
1158,0.0
1159,0.0
1159,2.0
1159,0.0
1159,0.0
1159,0.0
1159,0.0
1159,2.0
1159,2.0
1159,0.0
1160,0.0
1160,0.0
1160,0.0
1160,2.0
1160,0.0
1160,0.0
1161,0.0
1161,0.0
1161,0.0
1161,2.0
1161,0.0
1161,0.0
1161,2.0
1162,0.0
1162,0.0
1162,0.0
1162,2.0
1162,0.0
1162,0.0
1163,0.0
1163,0.0
1163,0.0
1163,2.0
1163,0.0
1163,0.0
1164,0.0
1164,0.0
1164,0.0
1164,2.0
1164,0.0
1164,0.0
1164,2.0
1165,0.0
1165,0.0
1165,0.0
1165,2.0
1165,0.0
1165,0.0
1165,2.0
1166,2.0
1166,0.0
1166,0.0
1166,0.0
1166,0.0
1166,0.0
1167,0.0
1167,2.0
1167,0.0
1167,0.0
1167,0.0
1167,0.0
1168,0.0
1168,2.0
1168,0.0
1168,0.0
1168,0.0
1168,0.0
1168,2.0
1169,0.0
1169,2.0
1169,0.0
1169,0.0
1169,0.0
1169,0.0
1169,2.0
1170,0.0
1170,2.0
1170,0.0
1170,0.0
1170,0.0
1170,0.0
1170,0.0
1170,0.0
1170,0.0
1171,0.0
1171,2.0
1171,0.0
1171,0.0
1171,0.0
1171,0.0
1171,0.0
1171,0.0
1171,0.0
1172,0.0
1172,0.0
1172,2.0
1172,0.0
1172,0.0
1172,0.0
1172,0.0
1172,0.0
1172,0.0
1173,0.0
1173,0.0
1173,0.0
1173,2.0
1173,0.0
1173,0.0
1173,0.0
1173,0.0
1174,0.0
1174,0.0
1174,0.0
1174,2.0
1174,0.0
1174,0.0
1174,0.0
1174,0.0
1175,0.0
1175,0.0
1175,0.0
1175,2.0
1175,0.0
1175,0.0
1175,0.0
1175,0.0
1176,0.0
1176,0.0
1176,0.0
1176,2.0
1176,0.0
1176,0.0
1176,0.0
1176,0.0
1177,0.0
1177,0.0
1177,0.0
1177,2.0
1177,0.0
1177,0.0
1177,0.0
1177,0.0
1178,0.0
1178,0.0
1178,0.0
1178,2.0
1178,0.0
1178,0.0
1178,0.0
1179,0.0
1179,0.0
1179,2.0
1179,0.0
1179,0.0
1179,2.0
1180,0.0
1180,0.0
1180,2.0
1180,0.0
1180,0.0
1180,2.0
1180,0.0
1180,0.0
1181,0.0
1181,0.0
1181,2.0
1181,0.0
1181,0.0
1181,2.0
1181,0.0
1181,0.0
1182,0.0
1182,0.0
1182,0.0
1182,2.0
1182,0.0
1183,0.0
1183,0.0
1183,0.0
1183,2.0
1183,0.0
1184,0.0
1184,0.0
1184,0.0
1184,2.0
1184,0.0
1184,0.0
1185,0.0
1185,0.0
1185,0.0
1185,2.0
1185,0.0
1185,0.0
1186,0.0
1186,0.0
1186,0.0
1186,2.0
1186,0.0
1186,0.0
1187,0.0
1187,0.0
1187,0.0
1187,2.0
1187,0.0
1187,0.0
1188,0.0
1188,2.0
1188,0.0
1188,0.0
1188,0.0
1188,0.0
1188,2.0
1188,1.0
1189,0.0
1189,2.0
1189,0.0
1189,0.0
1189,0.0
1189,0.0
1189,2.0
1190,0.0
1190,2.0
1190,0.0
1190,0.0
1190,0.0
1190,0.0
1190,2.0
1191,0.0
1191,2.0
1191,0.0
1191,0.0
1191,0.0
1191,2.0
1191,0.0
1192,0.0
1192,0.0
1192,0.0
1192,2.0
1192,2.0
1192,0.0
1192,0.0
1193,0.0
1193,0.0
1193,0.0
1193,2.0
1193,2.0
1193,0.0
1193,0.0
1194,0.0
1194,0.0
1194,0.0
1194,2.0
1194,0.0
1194,2.0
1194,0.0
1195,0.0
1195,0.0
1195,0.0
1195,2.0
1195,2.0
1195,0.0
1195,0.0
1196,0.0
1196,2.0
1196,0.0
1196,0.0
1196,0.0
1196,0.0
1196,0.0
1197,0.0
1197,2.0
1197,0.0
1197,0.0
1197,0.0
1197,0.0
1197,0.0
1198,0.0
1198,2.0
1198,0.0
1198,0.0
1198,0.0
1198,0.0
1198,0.0
1198,2.0
1199,0.0
1199,2.0
1199,0.0
1199,0.0
1199,0.0
1199,0.0
1199,0.0
1199,2.0
1200,0.0
1200,0.0
1200,2.0
1200,0.0
1200,0.0
1200,0.0
1200,0.0
1201,2.0
1201,0.0
1201,0.0
1201,0.0
1201,0.0
1201,0.0
1202,0.0
1202,2.0
1202,0.0
1202,0.0
1202,0.0
1202,0.0
1203,0.0
1203,0.0
1203,2.0
1203,0.0
1203,0.0
1203,0.0
1204,0.0
1204,2.0
1204,0.0
1204,0.0
1204,0.0
1205,0.0
1205,2.0
1205,0.0
1205,0.0
1205,0.0
1206,2.0
1206,0.0
1206,0.0
1206,0.0
1206,0.0
1206,0.0
1207,2.0
1207,0.0
1207,0.0
1207,0.0
1207,0.0
1207,0.0
1207,0.0
1208,2.0
1208,0.0
1208,0.0
1208,0.0
1208,0.0
1208,0.0
1208,0.0
1209,2.0
1209,0.0
1209,0.0
1209,0.0
1209,0.0
1209,0.0
1209,0.0
1210,0.0
1210,2.0
1210,0.0
1210,0.0
1210,0.0
1210,0.0
1210,0.0
1210,2.0
1211,0.0
1211,2.0
1211,0.0
1211,0.0
1211,0.0
1211,0.0
1211,0.0
1211,2.0
1212,0.0
1212,0.0
1212,2.0
1212,0.0
1212,0.0
1212,0.0
1212,2.0
1213,0.0
1213,0.0
1213,2.0
1213,0.0
1213,0.0
1213,0.0
1213,2.0
1214,2.0
1214,0.0
1214,0.0
1214,0.0
1214,0.0
1214,0.0
1215,2.0
1215,0.0
1215,0.0
1215,0.0
1215,0.0
1215,0.0
1215,0.0
1216,2.0
1216,0.0
1216,0.0
1216,0.0
1216,0.0
1216,0.0
1216,0.0
1217,2.0
1217,0.0
1217,0.0
1217,0.0
1217,0.0
1217,0.0
1217,0.0
1218,0.0
1218,2.0
1218,0.0
1218,0.0
1218,0.0
1218,0.0
1218,2.0
1218,0.0
1219,0.0
1219,2.0
1219,0.0
1219,0.0
1219,0.0
1219,0.0
1219,2.0
1220,0.0
1220,2.0
1220,0.0
1220,0.0
1220,0.0
1220,0.0
1221,0.0
1221,2.0
1221,0.0
1221,0.0
1221,0.0
1221,0.0
1222,0.0
1222,2.0
1222,0.0
1222,0.0
1222,0.0
1222,0.0
1222,0.0
1222,0.0
1223,0.0
1223,2.0
1223,0.0
1223,0.0
1223,0.0
1223,0.0
1223,0.0
1224,0.0
1224,2.0
1224,0.0
1224,0.0
1224,0.0
1224,0.0
1224,0.0
1224,0.0
1225,0.0
1225,2.0
1225,0.0
1225,0.0
1225,0.0
1225,2.0
1225,0.0
1226,0.0
1226,2.0
1226,0.0
1226,0.0
1226,0.0
1226,2.0
1226,0.0
1226,0.0
1227,0.0
1227,2.0
1227,0.0
1227,0.0
1227,0.0
1227,2.0
1227,0.0
1228,0.0
1228,2.0
1228,0.0
1228,0.0
1228,0.0
1228,0.0
1228,3.0
1228,0.0
1229,0.0
1229,2.0
1229,0.0
1229,0.0
1229,0.0
1229,0.0
1229,3.0
1229,0.0
1230,2.0
1230,0.0
1230,0.0
1230,0.0
1230,0.0
1230,0.0
1230,3.0
1231,2.0
1231,0.0
1231,0.0
1231,0.0
1231,0.0
1231,0.0
1231,0.0
1231,3.0
1232,2.0
1232,0.0
1232,0.0
1232,0.0
1232,3.0
1232,0.0
1232,0.0
1232,2.0
1232,0.0
1233,2.0
1233,0.0
1233,0.0
1233,0.0
1233,3.0
1233,0.0
1233,0.0
1233,2.0
1233,0.0
1234,2.0
1234,0.0
1234,0.0
1234,0.0
1234,0.0
1234,3.0
1234,0.0
1235,2.0
1235,0.0
1235,0.0
1235,0.0
1235,0.0
1235,3.0
1235,0.0
1236,2.0
1236,0.0
1236,0.0
1236,0.0
1236,3.0
1236,0.0
1236,0.0
1236,2.0
1236,0.0
1237,0.0
1237,2.0
1237,0.0
1237,3.0
1237,0.0
1237,0.0
1238,0.0
1238,0.0
1238,2.0
1238,3.0
1238,0.0
1238,0.0
1239,0.0
1239,2.0
1239,0.0
1239,3.0
1239,0.0
1239,0.0
1240,0.0
1240,2.0
1240,0.0
1240,3.0
1240,0.0
1240,1.0
1240,0.0
1241,0.0
1241,0.0
1241,2.0
1241,3.0
1241,0.0
1241,1.0
1241,0.0
1242,0.0
1242,0.0
1242,2.0
1242,0.0
1242,3.0
1242,1.0
1243,0.0
1243,0.0
1243,2.0
1243,3.0
1243,0.0
1243,1.0
1244,0.0
1244,0.0
1244,2.0
1244,3.0
1244,0.0
1244,0.0
1244,1.0
1244,0.0
1244,2.0
1245,0.0
1245,0.0
1245,2.0
1245,3.0
1245,0.0
1245,2.0
1245,0.0
1245,1.0
1246,2.0
1246,0.0
1246,0.0
1246,0.0
1246,0.0
1246,0.0
1246,3.0
1246,2.0
1247,2.0
1247,0.0
1247,0.0
1247,0.0
1247,0.0
1247,0.0
1247,3.0
1247,2.0
1248,2.0
1248,0.0
1248,0.0
1248,0.0
1248,0.0
1248,3.0
1248,2.0
1248,0.0
1249,2.0
1249,0.0
1249,0.0
1249,0.0
1249,0.0
1249,3.0
1249,0.0
1249,2.0
1250,2.0
1250,0.0
1250,0.0
1250,0.0
1250,0.0
1250,2.0
1250,3.0
1251,2.0
1251,0.0
1251,0.0
1251,0.0
1251,0.0
1251,2.0
1251,3.0
1252,2.0
1252,0.0
1252,0.0
1252,0.0
1252,0.0
1252,2.0
1252,3.0
1253,2.0
1253,0.0
1253,0.0
1253,0.0
1253,0.0
1253,2.0
1253,3.0
1254,2.0
1254,0.0
1254,0.0
1254,0.0
1254,3.0
1254,0.0
1254,2.0
1255,2.0
1255,0.0
1255,0.0
1255,0.0
1255,3.0
1255,0.0
1256,2.0
1256,0.0
1256,0.0
1256,0.0
1256,3.0
1256,0.0
1256,0.0
1257,2.0
1257,0.0
1257,0.0
1257,0.0
1257,3.0
1257,0.0
1257,2.0
1258,2.0
1258,0.0
1258,0.0
1258,0.0
1258,0.0
1258,3.0
1258,2.0
1259,2.0
1259,0.0
1259,0.0
1259,0.0
1259,0.0
1259,3.0
1259,2.0
1260,2.0
1260,0.0
1260,0.0
1260,0.0
1260,0.0
1260,3.0
1260,2.0
1261,2.0
1261,0.0
1261,0.0
1261,0.0
1261,0.0
1261,2.0
1261,3.0
1262,2.0
1262,0.0
1262,0.0
1262,0.0
1262,0.0
1262,2.0
1262,3.0
1263,2.0
1263,0.0
1263,0.0
1263,0.0
1263,0.0
1263,3.0
1263,2.0
1264,2.0
1264,0.0
1264,0.0
1264,3.0
1264,0.0
1264,0.0
1264,2.0
1264,0.0
1265,2.0
1265,0.0
1265,0.0
1265,3.0
1265,0.0
1265,0.0
1265,2.0
1265,0.0
1266,2.0
1266,0.0
1266,0.0
1266,3.0
1266,0.0
1266,2.0
1266,0.0
1266,0.0
1267,2.0
1267,0.0
1267,0.0
1267,3.0
1267,0.0
1267,2.0
1267,0.0
1267,0.0
1268,2.0
1268,0.0
1268,0.0
1268,0.0
1268,0.0
1268,2.0
1268,3.0
1269,2.0
1269,0.0
1269,0.0
1269,0.0
1269,0.0
1269,3.0
1269,2.0
1270,2.0
1270,0.0
1270,0.0
1270,0.0
1270,0.0
1270,3.0
1270,2.0
1271,2.0
1271,0.0
1271,0.0
1271,0.0
1271,0.0
1271,3.0
1271,2.0
1272,2.0
1272,0.0
1272,0.0
1272,0.0
1272,0.0
1272,2.0
1272,3.0
1273,2.0
1273,0.0
1273,0.0
1273,2.0
1273,0.0
1273,0.0
1274,2.0
1274,0.0
1274,2.0
1274,0.0
1274,0.0
1274,0.0
1275,2.0
1275,0.0
1275,0.0
1275,2.0
1275,0.0
1275,0.0
1275,3.0
1276,2.0
1276,2.0
1276,0.0
1276,0.0
1276,0.0
1276,3.0
1276,0.0
1276,0.0
1277,2.0
1277,2.0
1277,0.0
1277,0.0
1277,0.0
1277,3.0
1277,0.0
1277,0.0
1278,2.0
1278,2.0
1278,0.0
1278,0.0
1278,0.0
1278,3.0
1278,0.0
1278,0.0
1278,0.0
1279,2.0
1279,2.0
1279,0.0
1279,0.0
1279,0.0
1279,3.0
1279,0.0
1279,0.0
1279,0.0
1280,2.0
1280,0.0
1280,2.0
1280,0.0
1280,0.0
1280,3.0
1280,0.0
1280,0.0
1281,2.0
1281,0.0
1281,2.0
1281,0.0
1281,0.0
1281,3.0
1281,0.0
1281,0.0
1282,2.0
1282,0.0
1282,0.0
1282,2.0
1282,3.0
1282,0.0
1282,0.0
1283,2.0
1283,0.0
1283,0.0
1283,2.0
1283,3.0
1283,0.0
1283,0.0
1284,2.0
1284,0.0
1284,0.0
1284,2.0
1284,3.0
1284,0.0
1284,0.0
1285,2.0
1285,0.0
1285,0.0
1285,2.0
1285,3.0
1285,0.0
1285,0.0
1286,2.0
1286,0.0
1286,2.0
1286,0.0
1286,0.0
1286,3.0
1286,0.0
1286,0.0
1287,2.0
1287,0.0
1287,2.0
1287,0.0
1287,0.0
1287,0.0
1287,3.0
1288,2.0
1288,0.0
1288,0.0
1288,2.0
1288,0.0
1288,0.0
1288,3.0
1289,2.0
1289,0.0
1289,0.0
1289,2.0
1289,0.0
1289,0.0
1289,3.0
1290,2.0
1290,0.0
1290,2.0
1290,0.0
1290,0.0
1290,3.0
1290,0.0
1290,0.0
1291,2.0
1291,0.0
1291,0.0
1291,2.0
1291,0.0
1291,3.0
1291,0.0
1291,0.0
1292,2.0
1292,0.0
1292,2.0
1292,0.0
1292,0.0
1292,3.0
1292,0.0
1293,2.0
1293,0.0
1293,2.0
1293,0.0
1293,3.0
1293,0.0
1293,0.0
1294,2.0
1294,0.0
1294,0.0
1294,2.0
1294,0.0
1294,0.0
1294,3.0
1294,0.0
1295,2.0
1295,0.0
1295,0.0
1295,2.0
1295,0.0
1295,0.0
1295,3.0
1295,0.0
1296,2.0
1296,0.0
1296,0.0
1296,2.0
1296,0.0
1296,0.0
1296,3.0
1296,0.0
1296,2.0
1297,2.0
1297,0.0
1297,2.0
1297,0.0
1297,0.0
1297,0.0
1297,3.0
1297,0.0
1298,2.0
1298,0.0
1298,2.0
1298,0.0
1298,0.0
1298,0.0
1298,0.0
1298,3.0
1298,2.0
1299,2.0
1299,0.0
1299,2.0
1299,0.0
1299,0.0
1299,0.0
1299,3.0
1299,2.0
1299,0.0
1300,0.0
1300,2.0
1300,2.0
1300,0.0
1300,2.0
1300,0.0
1300,0.0
1300,3.0
1300,0.0
1300,0.0
1300,0.0
1301,0.0
1301,2.0
1301,2.0
1301,0.0
1301,2.0
1301,0.0
1301,0.0
1301,3.0
1301,0.0
1301,0.0
1301,0.0
1302,0.0
1302,2.0
1302,2.0
1302,0.0
1302,2.0
1302,0.0
1302,0.0
1302,0.0
1302,0.0
1302,3.0
1302,0.0
1303,0.0
1303,2.0
1303,2.0
1303,0.0
1303,2.0
1303,0.0
1303,0.0
1303,0.0
1303,0.0
1304,0.0
1304,2.0
1304,2.0
1304,0.0
1304,2.0
1304,0.0
1304,0.0
1304,0.0
1304,3.0
1304,0.0
1305,2.0
1305,0.0
1305,2.0
1305,0.0
1305,2.0
1305,0.0
1305,0.0
1305,0.0
1305,0.0
1306,2.0
1306,0.0
1306,2.0
1306,0.0
1306,2.0
1306,0.0
1306,0.0
1306,0.0
1307,2.0
1307,0.0
1307,2.0
1307,0.0
1307,2.0
1307,0.0
1307,0.0
1307,0.0
1308,0.0
1308,2.0
1308,2.0
1308,0.0
1308,2.0
1308,0.0
1308,0.0
1308,0.0
1309,2.0
1309,0.0
1309,2.0
1309,0.0
1309,0.0
1309,2.0
1309,0.0
1309,0.0
1309,3.0
1309,2.0
1310,2.0
1310,0.0
1310,2.0
1310,0.0
1310,0.0
1310,0.0
1310,2.0
1310,3.0
1310,0.0
1311,2.0
1311,0.0
1311,2.0
1311,0.0
1311,0.0
1311,3.0
1311,2.0
1311,0.0
1311,0.0
1312,2.0
1312,0.0
1312,2.0
1312,0.0
1312,0.0
1312,3.0
1312,2.0
1312,0.0
1312,0.0
1313,2.0
1313,0.0
1313,2.0
1313,0.0
1313,0.0
1313,3.0
1313,2.0
1313,0.0
1313,0.0
1314,2.0
1314,0.0
1314,2.0
1314,0.0
1314,0.0
1314,3.0
1314,2.0
1314,0.0
1314,0.0
