1,2.0
1,2.0
1,0.0
1,3.0
1,2.0
2,2.0
2,2.0
2,0.0
2,3.0
2,2.0
3,2.0
3,2.0
3,0.0
3,3.0
3,2.0
4,2.0
4,2.0
4,0.0
4,3.0
4,2.0
5,2.0
5,2.0
5,0.0
5,3.0
5,2.0
6,2.0
6,2.0
6,0.0
6,3.0
6,2.0
7,2.0
7,2.0
7,0.0
7,3.0
7,2.0
8,2.0
8,2.0
8,0.0
8,3.0
8,2.0
9,2.0
9,2.0
9,0.0
9,3.0
9,2.0
10,2.0
10,2.0
10,0.0
10,3.0
10,2.0
11,2.0
11,2.0
11,0.0
11,3.0
11,2.0
12,2.0
12,2.0
12,0.0
12,3.0
12,2.0
13,2.0
13,2.0
13,0.0
13,3.0
13,2.0
14,2.0
14,2.0
14,0.0
14,3.0
14,2.0
15,2.0
15,2.0
15,0.0
15,3.0
15,2.0
16,2.0
16,2.0
16,0.0
16,3.0
17,2.0
17,2.0
17,0.0
17,3.0
18,2.0
18,2.0
18,0.0
18,3.0
18,2.0
19,2.0
19,2.0
19,0.0
19,3.0
19,2.0
19,2.0
20,2.0
20,2.0
20,0.0
20,3.0
20,2.0
20,2.0
21,2.0
21,2.0
21,0.0
21,3.0
21,2.0
21,2.0
22,2.0
22,2.0
22,0.0
22,3.0
22,2.0
22,2.0
23,2.0
23,2.0
23,0.0
23,3.0
23,2.0
23,2.0
24,2.0
24,2.0
24,0.0
24,2.0
24,3.0
24,2.0
25,2.0
25,2.0
25,0.0
25,2.0
25,3.0
25,2.0
26,2.0
26,2.0
26,0.0
26,2.0
26,3.0
26,2.0
27,2.0
27,2.0
27,0.0
27,3.0
27,2.0
27,2.0
28,2.0
28,2.0
28,0.0
28,2.0
28,3.0
28,2.0
29,2.0
29,2.0
29,0.0
29,2.0
29,3.0
29,2.0
30,2.0
30,2.0
30,2.0
30,0.0
30,3.0
30,2.0
31,2.0
31,2.0
31,2.0
31,0.0
31,3.0
31,2.0
32,2.0
32,2.0
32,0.0
32,2.0
32,3.0
32,2.0
33,2.0
33,2.0
33,0.0
33,2.0
33,3.0
34,2.0
34,2.0
34,0.0
34,2.0
34,3.0
35,2.0
35,2.0
35,0.0
35,2.0
35,3.0
36,2.0
36,2.0
36,0.0
36,2.0
36,3.0
37,2.0
37,2.0
37,2.0
37,0.0
37,3.0
38,2.0
38,2.0
38,0.0
38,2.0
38,3.0
39,2.0
39,2.0
39,0.0
39,3.0
39,2.0
40,2.0
40,2.0
40,3.0
40,0.0
40,2.0
41,2.0
41,2.0
41,3.0
41,0.0
41,2.0
42,2.0
42,2.0
42,3.0
42,0.0
42,2.0
43,2.0
43,2.0
43,0.0
43,3.0
43,2.0
44,2.0
44,2.0
44,0.0
44,3.0
44,2.0
45,2.0
45,0.0
45,2.0
45,3.0
45,2.0
46,2.0
46,0.0
46,3.0
46,2.0
46,2.0
47,2.0
47,0.0
47,3.0
47,2.0
47,2.0
48,3.0
48,0.0
48,2.0
48,2.0
48,2.0
49,3.0
49,0.0
49,2.0
49,7.0
49,2.0
50,0.0
50,3.0
50,7.0
50,2.0
50,2.0
51,3.0
51,0.0
51,7.0
51,2.0
52,3.0
52,0.0
52,7.0
52,2.0
53,3.0
53,0.0
53,7.0
53,2.0
54,3.0
54,0.0
54,7.0
54,2.0
55,0.0
55,3.0
55,7.0
55,2.0
56,0.0
56,3.0
56,7.0
56,2.0
57,3.0
57,0.0
57,2.0
57,7.0
57,2.0
58,3.0
58,0.0
58,2.0
58,2.0
59,3.0
59,0.0
59,2.0
59,2.0
60,3.0
60,0.0
60,2.0
60,7.0
60,2.0
61,3.0
61,0.0
61,2.0
61,2.0
62,0.0
62,3.0
62,2.0
62,2.0
63,0.0
63,3.0
63,2.0
63,2.0
64,3.0
64,0.0
64,2.0
64,2.0
65,3.0
65,0.0
65,2.0
65,2.0
66,3.0
66,0.0
66,2.0
66,7.0
66,2.0
67,2.0
67,3.0
67,0.0
67,2.0
68,3.0
68,0.0
68,2.0
68,7.0
68,2.0
69,3.0
69,0.0
69,2.0
69,2.0
70,3.0
70,0.0
70,2.0
70,7.0
71,3.0
71,0.0
71,2.0
71,7.0
72,3.0
72,0.0
72,7.0
72,2.0
73,3.0
73,0.0
73,7.0
73,2.0
74,3.0
74,0.0
74,2.0
74,7.0
74,2.0
75,3.0
75,0.0
75,2.0
75,2.0
75,2.0
75,7.0
76,2.0
76,3.0
76,0.0
76,2.0
77,2.0
77,3.0
77,0.0
77,2.0
78,3.0
78,2.0
78,0.0
78,2.0
79,3.0
79,2.0
79,0.0
79,2.0
80,3.0
80,0.0
80,2.0
80,2.0
81,3.0
81,2.0
81,0.0
81,2.0
82,3.0
82,0.0
82,2.0
82,5.0
83,3.0
83,0.0
83,5.0
83,2.0
84,0.0
84,3.0
84,5.0
84,2.0
85,0.0
85,3.0
85,2.0
86,0.0
86,3.0
86,2.0
87,0.0
87,3.0
88,0.0
88,3.0
88,2.0
88,2.0
89,0.0
89,3.0
89,2.0
89,2.0
90,0.0
90,3.0
90,2.0
90,2.0
90,2.0
91,3.0
91,0.0
91,2.0
91,2.0
92,2.0
92,3.0
92,0.0
92,2.0
93,2.0
93,0.0
93,3.0
93,2.0
94,2.0
94,0.0
94,3.0
94,2.0
95,2.0
95,0.0
95,3.0
95,2.0
96,2.0
96,3.0
96,0.0
96,2.0
97,2.0
97,3.0
97,2.0
97,0.0
98,2.0
98,3.0
98,2.0
99,2.0
99,3.0
99,2.0
99,0.0
100,2.0
100,3.0
100,0.0
100,2.0
101,2.0
101,3.0
101,0.0
101,2.0
102,2.0
102,3.0
102,2.0
102,0.0
103,2.0
103,3.0
103,2.0
103,0.0
104,2.0
104,3.0
104,2.0
104,0.0
105,2.0
105,3.0
105,2.0
105,0.0
106,2.0
106,3.0
106,2.0
106,0.0
107,2.0
107,3.0
107,2.0
107,0.0
108,2.0
108,3.0
108,2.0
109,2.0
109,3.0
109,2.0
109,0.0
110,2.0
110,3.0
110,0.0
110,2.0
111,2.0
111,3.0
111,2.0
111,0.0
111,0.0
112,2.0
112,3.0
112,2.0
112,0.0
112,0.0
113,2.0
113,3.0
113,2.0
113,0.0
113,0.0
114,2.0
114,3.0
114,0.0
114,2.0
114,0.0
115,2.0
115,3.0
115,0.0
115,2.0
115,0.0
116,2.0
116,3.0
116,2.0
116,0.0
117,2.0
117,3.0
117,2.0
117,0.0
118,2.0
118,3.0
118,0.0
118,2.0
119,2.0
119,3.0
119,2.0
119,0.0
120,2.0
120,3.0
120,2.0
120,0.0
121,2.0
121,3.0
121,2.0
121,0.0
122,2.0
122,3.0
122,2.0
122,0.0
123,2.0
123,2.0
123,3.0
123,0.0
124,2.0
124,3.0
124,2.0
124,0.0
125,2.0
125,2.0
125,3.0
125,0.0
126,2.0
126,3.0
126,2.0
126,0.0
127,2.0
127,3.0
127,2.0
127,0.0
128,2.0
128,3.0
128,2.0
128,0.0
129,2.0
129,3.0
129,2.0
129,0.0
130,2.0
130,3.0
130,2.0
130,0.0
131,2.0
131,3.0
131,2.0
131,0.0
132,2.0
132,3.0
132,2.0
132,0.0
133,2.0
133,3.0
133,2.0
133,0.0
134,2.0
134,3.0
134,2.0
134,0.0
135,2.0
135,3.0
135,2.0
135,0.0
136,2.0
136,3.0
136,2.0
136,0.0
137,2.0
137,2.0
137,3.0
137,0.0
138,2.0
138,2.0
138,3.0
138,0.0
139,2.0
139,2.0
139,3.0
139,0.0
140,2.0
140,2.0
140,3.0
140,0.0
141,2.0
141,2.0
141,3.0
141,0.0
142,2.0
142,2.0
142,3.0
142,0.0
143,2.0
143,2.0
143,3.0
143,0.0
144,2.0
144,2.0
144,3.0
144,0.0
145,2.0
145,2.0
145,3.0
145,0.0
146,2.0
146,2.0
146,3.0
146,0.0
147,2.0
147,2.0
147,3.0
147,0.0
148,2.0
148,2.0
148,3.0
148,0.0
149,2.0
149,2.0
149,3.0
149,0.0
150,2.0
150,2.0
150,3.0
150,0.0
150,0.0
151,2.0
151,2.0
151,3.0
151,0.0
152,2.0
152,2.0
152,3.0
152,0.0
153,2.0
153,2.0
153,3.0
153,0.0
154,2.0
154,2.0
154,0.0
154,3.0
155,2.0
155,2.0
155,0.0
155,3.0
156,2.0
156,2.0
156,3.0
156,0.0
157,2.0
157,2.0
157,3.0
157,0.0
158,2.0
158,2.0
158,0.0
158,0.0
158,3.0
159,2.0
159,2.0
159,0.0
159,0.0
160,2.0
160,2.0
160,0.0
160,0.0
160,3.0
161,2.0
161,2.0
161,0.0
161,3.0
161,0.0
162,2.0
162,2.0
162,0.0
162,3.0
162,0.0
163,2.0
163,2.0
163,0.0
163,3.0
163,0.0
164,2.0
164,2.0
164,0.0
164,3.0
165,2.0
165,2.0
165,0.0
166,2.0
166,2.0
166,0.0
166,0.0
166,3.0
167,2.0
167,2.0
167,0.0
167,0.0
167,3.0
168,2.0
168,2.0
168,0.0
169,2.0
169,2.0
169,0.0
169,3.0
170,2.0
170,0.0
170,2.0
170,3.0
171,2.0
171,0.0
171,2.0
171,3.0
172,2.0
172,0.0
172,2.0
172,3.0
173,2.0
173,0.0
173,2.0
173,3.0
174,2.0
174,0.0
174,2.0
175,2.0
175,0.0
175,2.0
176,2.0
176,0.0
176,2.0
176,0.0
177,2.0
177,0.0
177,2.0
177,0.0
178,2.0
178,0.0
178,2.0
178,0.0
178,0.0
179,2.0
179,2.0
179,0.0
179,0.0
179,0.0
180,2.0
180,2.0
180,0.0
180,0.0
181,2.0
181,2.0
181,0.0
182,2.0
182,2.0
182,0.0
182,0.0
183,2.0
183,2.0
183,0.0
183,0.0
183,1.0
184,2.0
184,2.0
184,0.0
184,1.0
184,0.0
185,2.0
185,2.0
185,0.0
185,1.0
185,0.0
186,2.0
186,2.0
186,0.0
186,0.0
186,1.0
186,0.0
187,2.0
187,2.0
187,0.0
187,0.0
187,1.0
188,2.0
188,2.0
188,0.0
188,0.0
188,1.0
189,2.0
189,2.0
189,0.0
189,0.0
189,0.0
190,2.0
190,2.0
190,0.0
190,0.0
190,0.0
191,2.0
191,2.0
191,0.0
191,0.0
191,0.0
192,2.0
192,0.0
192,2.0
192,0.0
192,0.0
193,0.0
193,2.0
193,0.0
193,2.0
193,0.0
193,0.0
193,3.0
194,2.0
194,0.0
194,2.0
194,0.0
194,0.0
194,3.0
194,0.0
195,2.0
195,0.0
195,2.0
195,0.0
195,0.0
195,3.0
196,2.0
196,2.0
196,0.0
196,0.0
196,0.0
196,3.0
197,2.0
197,2.0
197,0.0
197,0.0
197,0.0
197,3.0
198,2.0
198,2.0
198,0.0
198,0.0
198,3.0
199,2.0
199,2.0
199,0.0
199,0.0
199,3.0
200,2.0
200,2.0
200,0.0
200,0.0
200,3.0
201,2.0
201,0.0
201,2.0
201,0.0
201,3.0
202,2.0
202,0.0
202,2.0
202,0.0
202,3.0
203,2.0
203,0.0
203,2.0
203,0.0
203,3.0
204,2.0
204,2.0
204,0.0
204,0.0
204,3.0
205,2.0
205,2.0
205,0.0
205,3.0
206,2.0
206,2.0
206,0.0
206,0.0
206,3.0
207,2.0
207,2.0
207,0.0
207,3.0
208,2.0
208,2.0
208,0.0
208,3.0
209,2.0
209,2.0
209,0.0
209,3.0
210,2.0
210,2.0
210,0.0
210,3.0
211,2.0
211,2.0
211,0.0
211,3.0
212,2.0
212,2.0
212,0.0
212,3.0
213,2.0
213,2.0
213,0.0
213,3.0
214,2.0
214,2.0
214,0.0
214,3.0
215,2.0
215,2.0
215,0.0
215,3.0
216,2.0
216,2.0
216,0.0
216,3.0
217,2.0
217,2.0
217,0.0
217,3.0
218,2.0
218,2.0
218,0.0
218,3.0
219,2.0
219,0.0
219,2.0
219,3.0
220,2.0
220,0.0
220,2.0
220,3.0
221,2.0
221,0.0
221,2.0
221,3.0
222,2.0
222,0.0
222,2.0
222,3.0
223,2.0
223,0.0
223,2.0
223,3.0
224,2.0
224,0.0
224,2.0
224,3.0
225,2.0
225,0.0
225,2.0
225,3.0
226,2.0
226,0.0
226,2.0
226,3.0
227,2.0
227,0.0
227,2.0
227,3.0
228,2.0
228,0.0
228,2.0
228,3.0
229,2.0
229,0.0
229,2.0
229,3.0
230,2.0
230,0.0
230,2.0
230,3.0
231,2.0
231,0.0
231,2.0
231,3.0
232,2.0
232,2.0
232,0.0
232,3.0
233,2.0
233,2.0
233,0.0
233,3.0
234,2.0
234,2.0
234,0.0
234,3.0
235,2.0
235,2.0
235,0.0
235,3.0
236,2.0
236,2.0
236,0.0
236,3.0
237,2.0
237,2.0
237,0.0
237,3.0
237,2.0
237,2.0
238,2.0
238,2.0
238,0.0
238,3.0
238,2.0
239,2.0
239,2.0
239,0.0
239,3.0
239,2.0
240,2.0
240,2.0
240,0.0
240,3.0
240,2.0
240,2.0
241,2.0
241,2.0
241,0.0
241,3.0
241,2.0
241,2.0
242,2.0
242,2.0
242,0.0
242,3.0
242,2.0
242,2.0
243,2.0
243,0.0
243,2.0
243,3.0
243,2.0
243,2.0
244,2.0
244,0.0
244,2.0
244,3.0
244,2.0
244,2.0
245,2.0
245,0.0
245,2.0
245,3.0
245,2.0
245,2.0
246,2.0
246,0.0
246,2.0
246,3.0
246,2.0
246,2.0
247,2.0
247,0.0
247,2.0
247,3.0
247,2.0
248,2.0
248,0.0
248,2.0
248,3.0
248,2.0
249,2.0
249,2.0
249,0.0
249,3.0
250,2.0
250,2.0
250,0.0
250,3.0
251,2.0
251,0.0
251,2.0
251,3.0
252,2.0
252,0.0
252,2.0
252,3.0
253,2.0
253,0.0
253,2.0
253,3.0
253,0.0
254,2.0
254,0.0
254,0.0
254,2.0
254,3.0
254,3.0
255,2.0
255,0.0
255,2.0
255,0.0
255,3.0
256,2.0
256,0.0
256,2.0
256,3.0
256,0.0
256,3.0
257,2.0
257,0.0
257,2.0
257,3.0
257,0.0
257,3.0
258,2.0
258,0.0
258,2.0
258,0.0
258,3.0
258,3.0
259,2.0
259,0.0
259,2.0
259,3.0
259,0.0
260,2.0
260,0.0
260,0.0
260,2.0
260,3.0
261,2.0
261,0.0
261,0.0
261,3.0
261,2.0
261,3.0
262,2.0
262,0.0
262,0.0
262,3.0
262,2.0
262,3.0
263,2.0
263,0.0
263,0.0
263,3.0
263,2.0
263,3.0
264,2.0
264,0.0
264,2.0
264,0.0
264,3.0
264,3.0
265,2.0
265,0.0
265,3.0
265,2.0
265,0.0
265,3.0
266,2.0
266,0.0
266,3.0
266,2.0
266,3.0
266,0.0
267,2.0
267,0.0
267,3.0
267,0.0
267,3.0
267,2.0
268,0.0
268,2.0
268,3.0
268,0.0
268,2.0
268,3.0
269,0.0
269,2.0
269,3.0
269,0.0
269,2.0
269,3.0
270,0.0
270,2.0
270,3.0
270,2.0
270,3.0
270,0.0
271,0.0
271,2.0
271,3.0
271,2.0
271,3.0
271,0.0
272,0.0
272,2.0
272,3.0
272,0.0
272,3.0
272,2.0
272,3.0
273,2.0
273,0.0
273,3.0
273,0.0
273,3.0
273,2.0
273,3.0
274,0.0
274,2.0
274,3.0
274,3.0
274,2.0
274,0.0
275,0.0
275,2.0
275,3.0
275,3.0
275,2.0
275,0.0
276,0.0
276,2.0
276,3.0
276,0.0
276,3.0
276,2.0
277,0.0
277,2.0
277,3.0
277,0.0
277,2.0
277,3.0
278,0.0
278,2.0
278,3.0
278,3.0
278,0.0
278,2.0
279,2.0
279,0.0
279,3.0
279,0.0
279,3.0
279,2.0
280,2.0
280,0.0
280,3.0
280,3.0
280,2.0
280,0.0
281,2.0
281,0.0
281,3.0
281,3.0
281,2.0
281,0.0
282,2.0
282,0.0
282,3.0
282,2.0
282,3.0
282,0.0
283,2.0
283,0.0
283,2.0
283,3.0
283,3.0
283,0.0
284,2.0
284,0.0
284,2.0
284,3.0
284,3.0
284,0.0
285,2.0
285,0.0
285,2.0
285,3.0
285,3.0
285,0.0
286,2.0
286,0.0
286,2.0
286,3.0
286,3.0
287,2.0
287,0.0
287,2.0
287,3.0
287,3.0
288,2.0
288,0.0
288,2.0
288,3.0
288,3.0
288,0.0
288,2.0
289,2.0
289,0.0
289,3.0
289,2.0
289,3.0
289,0.0
289,2.0
290,2.0
290,0.0
290,3.0
290,2.0
290,0.0
290,3.0
290,2.0
291,2.0
291,0.0
291,0.0
291,3.0
291,3.0
291,2.0
291,2.0
292,2.0
292,0.0
292,3.0
292,3.0
292,2.0
292,0.0
292,2.0
293,2.0
293,0.0
293,3.0
293,3.0
293,2.0
293,2.0
293,0.0
294,2.0
294,0.0
294,3.0
294,3.0
294,2.0
294,0.0
294,2.0
295,2.0
295,0.0
295,3.0
295,3.0
295,2.0
295,0.0
295,2.0
296,2.0
296,0.0
296,3.0
296,2.0
296,3.0
296,2.0
296,0.0
297,2.0
297,0.0
297,3.0
297,2.0
297,2.0
297,0.0
298,2.0
298,0.0
298,3.0
298,2.0
298,2.0
298,0.0
298,3.0
298,2.0
299,2.0
299,0.0
299,3.0
299,2.0
299,2.0
299,0.0
299,3.0
299,2.0
300,2.0
300,0.0
300,2.0
300,3.0
300,3.0
300,2.0
300,0.0
301,2.0
301,0.0
301,2.0
301,3.0
301,0.0
301,2.0
301,3.0
302,2.0
302,0.0
302,2.0
302,3.0
302,2.0
302,0.0
302,3.0
303,2.0
303,0.0
303,2.0
303,2.0
303,3.0
303,3.0
303,2.0
304,2.0
304,0.0
304,2.0
304,2.0
304,3.0
304,3.0
304,2.0
305,2.0
305,0.0
305,2.0
305,2.0
305,3.0
305,3.0
305,2.0
306,2.0
306,0.0
306,2.0
306,2.0
306,3.0
306,0.0
306,3.0
306,2.0
307,2.0
307,0.0
307,2.0
307,2.0
307,0.0
307,3.0
307,2.0
308,2.0
308,0.0
308,2.0
308,2.0
308,2.0
308,3.0
309,2.0
309,0.0
309,2.0
309,2.0
309,0.0
309,2.0
310,2.0
310,0.0
310,2.0
310,2.0
310,0.0
310,2.0
311,2.0
311,0.0
311,2.0
311,2.0
311,0.0
311,2.0
312,2.0
312,0.0
312,2.0
312,2.0
312,0.0
312,3.0
313,2.0
313,0.0
313,2.0
313,2.0
313,0.0
313,3.0
314,2.0
314,0.0
314,2.0
314,0.0
314,2.0
314,3.0
315,2.0
315,0.0
315,2.0
315,2.0
315,0.0
315,3.0
316,2.0
316,0.0
316,2.0
316,0.0
316,2.0
317,2.0
317,0.0
317,2.0
317,0.0
317,2.0
318,2.0
318,0.0
318,2.0
318,0.0
318,2.0
318,3.0
319,2.0
319,0.0
319,2.0
319,2.0
319,0.0
319,3.0
320,2.0
320,0.0
320,2.0
320,2.0
320,0.0
320,3.0
320,3.0
321,2.0
321,0.0
321,2.0
321,0.0
321,2.0
321,3.0
321,3.0
322,2.0
322,0.0
322,2.0
322,0.0
322,2.0
322,3.0
322,3.0
323,2.0
323,0.0
323,2.0
323,0.0
323,2.0
323,3.0
323,3.0
324,2.0
324,0.0
324,2.0
324,2.0
324,0.0
325,2.0
325,0.0
325,2.0
325,0.0
325,2.0
326,2.0
326,0.0
326,2.0
326,2.0
326,0.0
327,2.0
327,0.0
327,2.0
327,2.0
327,3.0
328,2.0
328,0.0
328,2.0
328,2.0
328,3.0
329,2.0
329,0.0
329,2.0
329,2.0
329,3.0
330,2.0
330,0.0
330,2.0
330,2.0
330,3.0
331,2.0
331,0.0
331,2.0
332,2.0
332,0.0
332,2.0
333,2.0
333,0.0
333,2.0
334,2.0
334,0.0
334,2.0
335,2.0
335,0.0
335,2.0
336,0.0
336,2.0
336,0.0
336,2.0
337,2.0
337,0.0
337,0.0
337,2.0
338,2.0
338,0.0
338,2.0
338,0.0
339,2.0
339,0.0
339,2.0
339,0.0
340,2.0
340,0.0
340,2.0
340,0.0
341,2.0
341,0.0
341,2.0
341,0.0
342,2.0
342,0.0
342,2.0
343,2.0
343,0.0
343,2.0
343,0.0
344,2.0
344,0.0
344,2.0
344,0.0
345,2.0
345,0.0
345,2.0
345,0.0
346,2.0
346,0.0
346,2.0
346,0.0
346,3.0
347,2.0
347,0.0
347,2.0
347,0.0
347,3.0
348,2.0
348,0.0
348,2.0
349,2.0
349,0.0
349,2.0
349,3.0
350,2.0
350,0.0
350,2.0
350,3.0
351,2.0
351,0.0
351,2.0
351,3.0
352,2.0
352,0.0
352,2.0
352,3.0
352,0.0
353,2.0
353,0.0
353,2.0
353,3.0
353,0.0
354,2.0
354,0.0
354,3.0
354,2.0
355,2.0
355,3.0
355,0.0
355,2.0
356,2.0
356,0.0
356,3.0
356,2.0
357,2.0
357,0.0
357,3.0
357,2.0
357,0.0
358,2.0
358,3.0
358,0.0
358,2.0
358,0.0
359,2.0
359,3.0
359,0.0
359,2.0
359,0.0
360,3.0
360,2.0
360,0.0
360,2.0
360,0.0
361,2.0
361,3.0
361,2.0
361,0.0
362,2.0
362,3.0
362,2.0
362,0.0
363,3.0
363,2.0
363,0.0
363,2.0
363,0.0
364,2.0
364,0.0
364,3.0
364,2.0
364,0.0
365,2.0
365,0.0
365,3.0
365,2.0
365,0.0
366,0.0
366,2.0
366,3.0
366,2.0
366,0.0
366,0.0
367,3.0
367,2.0
367,0.0
367,0.0
367,2.0
368,2.0
368,0.0
368,3.0
368,2.0
368,0.0
369,2.0
369,0.0
369,3.0
369,0.0
369,2.0
369,2.0
369,0.0
370,2.0
370,0.0
370,0.0
370,3.0
370,2.0
370,2.0
371,2.0
371,0.0
371,0.0
371,3.0
371,2.0
371,2.0
372,2.0
372,0.0
372,2.0
372,3.0
372,0.0
372,2.0
372,0.0
373,2.0
373,0.0
373,3.0
373,2.0
373,0.0
373,2.0
373,2.0
374,2.0
374,0.0
374,3.0
374,2.0
374,0.0
374,2.0
375,2.0
375,0.0
375,3.0
375,2.0
375,0.0
375,2.0
375,0.0
376,2.0
376,3.0
376,0.0
376,2.0
376,0.0
376,2.0
377,2.0
377,3.0
377,0.0
377,2.0
377,0.0
377,2.0
378,3.0
378,2.0
378,0.0
378,2.0
378,0.0
378,2.0
379,3.0
379,2.0
379,0.0
379,2.0
379,0.0
379,2.0
379,0.0
380,3.0
380,2.0
380,0.0
380,2.0
380,2.0
380,0.0
380,0.0
381,3.0
381,2.0
381,0.0
381,0.0
381,2.0
381,2.0
381,0.0
382,3.0
382,2.0
382,0.0
382,0.0
382,2.0
382,2.0
383,3.0
383,2.0
383,0.0
383,0.0
383,2.0
383,2.0
384,3.0
384,2.0
384,0.0
384,0.0
384,2.0
384,0.0
384,2.0
385,3.0
385,2.0
385,0.0
385,0.0
385,0.0
385,2.0
385,0.0
386,3.0
386,2.0
386,0.0
386,0.0
386,2.0
386,0.0
387,3.0
387,2.0
387,0.0
387,0.0
387,2.0
387,0.0
387,0.0
388,3.0
388,2.0
388,0.0
388,0.0
388,0.0
388,2.0
388,0.0
389,3.0
389,2.0
389,0.0
389,0.0
389,0.0
389,2.0
389,0.0
390,3.0
390,2.0
390,0.0
390,0.0
390,2.0
390,0.0
390,0.0
391,3.0
391,2.0
391,0.0
391,0.0
391,0.0
391,2.0
391,0.0
392,3.0
392,0.0
392,2.0
392,0.0
392,0.0
392,2.0
392,0.0
393,3.0
393,0.0
393,2.0
393,0.0
393,0.0
393,2.0
393,0.0
393,3.0
393,2.0
394,3.0
394,0.0
394,2.0
394,0.0
394,2.0
394,0.0
394,2.0
395,3.0
395,0.0
395,2.0
395,0.0
395,2.0
395,0.0
395,2.0
396,3.0
396,0.0
396,2.0
396,2.0
396,0.0
396,0.0
396,2.0
397,3.0
397,0.0
397,2.0
397,0.0
397,2.0
397,0.0
397,2.0
398,3.0
398,0.0
398,2.0
398,2.0
398,0.0
398,0.0
398,0.0
399,3.0
399,0.0
399,2.0
399,0.0
399,2.0
399,0.0
399,0.0
399,2.0
399,2.0
400,0.0
400,3.0
400,2.0
400,2.0
400,0.0
400,0.0
400,0.0
400,0.0
400,2.0
401,0.0
401,2.0
401,3.0
401,2.0
401,0.0
401,0.0
401,0.0
401,0.0
401,2.0
402,0.0
402,3.0
402,2.0
402,0.0
402,0.0
402,0.0
402,2.0
402,2.0
402,0.0
403,3.0
403,0.0
403,2.0
403,0.0
403,2.0
403,0.0
403,0.0
403,2.0
403,2.0
404,3.0
404,0.0
404,2.0
404,2.0
404,0.0
404,0.0
404,2.0
405,3.0
405,0.0
405,2.0
405,0.0
405,2.0
405,2.0
405,0.0
406,3.0
406,0.0
406,2.0
406,2.0
406,2.0
406,0.0
406,0.0
407,3.0
407,0.0
407,2.0
407,2.0
407,2.0
407,0.0
407,0.0
408,3.0
408,0.0
408,2.0
408,2.0
408,2.0
408,0.0
408,0.0
409,3.0
409,0.0
409,2.0
409,2.0
409,2.0
409,0.0
409,0.0
410,3.0
410,0.0
410,2.0
410,2.0
410,2.0
410,0.0
410,0.0
411,3.0
411,0.0
411,2.0
411,2.0
411,0.0
411,2.0
411,0.0
412,3.0
412,0.0
412,2.0
412,0.0
412,2.0
412,2.0
412,0.0
413,3.0
413,0.0
413,2.0
413,2.0
413,0.0
413,0.0
413,2.0
414,3.0
414,0.0
414,2.0
414,2.0
414,0.0
414,2.0
414,0.0
414,3.0
415,3.0
415,0.0
415,2.0
415,2.0
415,0.0
415,3.0
415,0.0
415,2.0
416,3.0
416,0.0
416,2.0
416,2.0
416,0.0
416,3.0
416,0.0
416,2.0
417,3.0
417,0.0
417,2.0
417,2.0
417,0.0
417,3.0
417,0.0
418,3.0
418,0.0
418,2.0
418,2.0
418,0.0
418,0.0
418,3.0
419,3.0
419,0.0
419,2.0
419,2.0
419,0.0
419,0.0
419,3.0
420,3.0
420,0.0
420,2.0
420,2.0
420,3.0
420,0.0
420,0.0
421,3.0
421,2.0
421,0.0
421,2.0
421,3.0
421,0.0
421,0.0
422,3.0
422,0.0
422,2.0
422,2.0
422,3.0
422,0.0
422,0.0
423,3.0
423,0.0
423,2.0
423,2.0
423,0.0
423,0.0
423,3.0
424,3.0
424,0.0
424,2.0
424,2.0
424,0.0
424,0.0
424,3.0
425,3.0
425,0.0
425,2.0
425,2.0
425,0.0
425,0.0
425,3.0
426,3.0
426,0.0
426,2.0
426,2.0
426,0.0
426,0.0
426,3.0
427,3.0
427,0.0
427,2.0
427,2.0
427,0.0
427,0.0
427,3.0
428,3.0
428,0.0
428,2.0
428,2.0
428,0.0
428,0.0
428,3.0
429,3.0
429,0.0
429,2.0
429,0.0
429,2.0
429,0.0
429,3.0
430,3.0
430,2.0
430,0.0
430,0.0
430,2.0
430,0.0
430,3.0
431,3.0
431,2.0
431,0.0
431,0.0
431,2.0
431,0.0
431,3.0
432,3.0
432,2.0
432,0.0
432,2.0
432,0.0
432,0.0
432,3.0
433,3.0
433,2.0
433,0.0
433,2.0
433,0.0
433,0.0
433,3.0
434,3.0
434,0.0
434,2.0
434,0.0
434,2.0
434,0.0
435,3.0
435,0.0
435,2.0
435,0.0
435,2.0
435,0.0
435,2.0
436,3.0
436,0.0
436,2.0
436,2.0
436,0.0
436,0.0
436,2.0
436,0.0
437,3.0
437,0.0
437,2.0
437,2.0
437,0.0
437,0.0
437,2.0
437,0.0
438,3.0
438,0.0
438,2.0
438,0.0
438,2.0
438,0.0
438,0.0
438,2.0
439,3.0
439,0.0
439,2.0
439,0.0
439,2.0
439,0.0
439,0.0
439,2.0
440,3.0
440,0.0
440,2.0
440,2.0
440,0.0
440,0.0
440,0.0
440,2.0
441,3.0
441,0.0
441,2.0
441,2.0
441,0.0
441,0.0
441,2.0
441,0.0
442,3.0
442,0.0
442,2.0
442,2.0
442,0.0
442,0.0
442,0.0
442,2.0
442,3.0
443,3.0
443,0.0
443,2.0
443,2.0
443,0.0
443,0.0
443,0.0
443,2.0
443,3.0
444,3.0
444,0.0
444,2.0
444,2.0
444,0.0
444,0.0
444,0.0
444,2.0
444,3.0
445,3.0
445,2.0
445,2.0
445,0.0
445,0.0
445,0.0
445,3.0
445,0.0
445,2.0
446,3.0
446,2.0
446,2.0
446,0.0
446,0.0
446,2.0
446,0.0
446,3.0
446,0.0
447,3.0
447,2.0
447,0.0
447,2.0
447,0.0
447,2.0
447,0.0
447,0.0
447,3.0
448,3.0
448,2.0
448,0.0
448,2.0
448,0.0
448,3.0
448,0.0
448,0.0
448,2.0
449,3.0
449,2.0
449,0.0
449,2.0
449,0.0
449,3.0
449,0.0
449,0.0
449,2.0
450,3.0
450,2.0
450,2.0
450,0.0
450,0.0
450,3.0
450,0.0
450,0.0
451,3.0
451,2.0
451,2.0
451,0.0
451,0.0
451,0.0
451,3.0
451,0.0
452,3.0
452,2.0
452,2.0
452,0.0
452,0.0
452,3.0
452,0.0
452,0.0
452,2.0
453,2.0
453,3.0
453,2.0
453,0.0
453,0.0
453,3.0
453,2.0
453,0.0
454,2.0
454,3.0
454,2.0
454,0.0
454,0.0
454,3.0
454,2.0
454,0.0
455,2.0
455,3.0
455,2.0
455,0.0
455,0.0
455,3.0
455,2.0
455,0.0
456,3.0
456,2.0
456,2.0
456,0.0
456,0.0
456,3.0
456,0.0
456,2.0
457,3.0
457,2.0
457,2.0
457,0.0
457,0.0
457,3.0
457,0.0
458,3.0
458,2.0
458,2.0
458,0.0
458,0.0
458,3.0
458,0.0
458,2.0
459,3.0
459,2.0
459,2.0
459,0.0
459,0.0
459,3.0
459,0.0
459,2.0
460,3.0
460,2.0
460,2.0
460,0.0
460,0.0
460,2.0
460,0.0
460,3.0
461,3.0
461,2.0
461,2.0
461,0.0
461,0.0
461,2.0
461,0.0
461,3.0
462,3.0
462,2.0
462,0.0
462,2.0
462,0.0
462,0.0
462,3.0
463,3.0
463,0.0
463,2.0
463,2.0
463,0.0
463,0.0
463,3.0
464,3.0
464,0.0
464,2.0
464,2.0
464,0.0
464,0.0
464,3.0
465,3.0
465,0.0
465,2.0
465,2.0
465,0.0
465,0.0
465,2.0
465,3.0
466,3.0
466,0.0
466,2.0
466,2.0
466,0.0
466,0.0
466,2.0
466,3.0
467,3.0
467,0.0
467,2.0
467,2.0
467,0.0
467,0.0
467,2.0
468,3.0
468,0.0
468,2.0
468,2.0
468,0.0
468,0.0
468,2.0
469,3.0
469,0.0
469,2.0
469,2.0
469,0.0
469,0.0
469,2.0
469,0.0
470,3.0
470,2.0
470,0.0
470,2.0
470,0.0
470,0.0
470,0.0
470,2.0
471,3.0
471,2.0
471,0.0
471,2.0
471,0.0
471,0.0
471,0.0
471,2.0
471,3.0
472,3.0
472,2.0
472,2.0
472,0.0
472,0.0
472,0.0
472,2.0
472,3.0
473,3.0
473,2.0
473,2.0
473,0.0
473,0.0
473,0.0
473,2.0
473,3.0
474,3.0
474,2.0
474,2.0
474,0.0
474,0.0
474,0.0
474,2.0
474,3.0
475,3.0
475,2.0
475,0.0
475,2.0
475,0.0
475,0.0
475,2.0
476,3.0
476,0.0
476,2.0
476,2.0
476,0.0
476,0.0
476,3.0
476,2.0
477,3.0
477,0.0
477,2.0
477,0.0
477,0.0
477,2.0
477,2.0
477,3.0
478,3.0
478,0.0
478,2.0
478,0.0
478,0.0
478,2.0
479,3.0
479,0.0
479,2.0
479,0.0
479,0.0
479,2.0
480,3.0
480,0.0
480,0.0
480,2.0
480,0.0
480,2.0
481,3.0
481,0.0
481,2.0
481,0.0
481,0.0
481,2.0
481,2.0
481,3.0
482,3.0
482,0.0
482,2.0
482,0.0
482,0.0
483,3.0
483,0.0
483,2.0
483,0.0
483,0.0
484,3.0
484,0.0
484,2.0
484,0.0
484,0.0
485,3.0
485,0.0
485,2.0
485,0.0
485,0.0
486,3.0
486,0.0
486,0.0
486,2.0
486,0.0
486,0.0
486,2.0
486,2.0
487,3.0
487,0.0
487,0.0
487,2.0
487,0.0
487,0.0
487,2.0
487,2.0
488,3.0
488,0.0
488,0.0
488,0.0
488,2.0
488,0.0
488,2.0
489,3.0
489,0.0
489,0.0
489,0.0
489,0.0
489,2.0
489,2.0
489,2.0
490,3.0
490,0.0
490,0.0
490,0.0
490,2.0
490,0.0
490,2.0
490,2.0
491,3.0
491,0.0
491,0.0
491,0.0
491,2.0
491,0.0
491,2.0
491,2.0
492,3.0
492,0.0
492,0.0
492,0.0
492,2.0
492,0.0
492,2.0
493,3.0
493,0.0
493,0.0
493,0.0
493,0.0
493,2.0
493,2.0
494,3.0
494,0.0
494,0.0
494,0.0
494,2.0
494,0.0
494,2.0
495,3.0
495,0.0
495,0.0
495,0.0
495,2.0
495,2.0
495,0.0
496,3.0
496,0.0
496,0.0
496,0.0
496,2.0
496,2.0
497,3.0
497,0.0
497,0.0
497,0.0
497,2.0
497,2.0
498,3.0
498,0.0
498,0.0
498,0.0
498,2.0
498,2.0
499,3.0
499,0.0
499,0.0
499,2.0
499,0.0
499,2.0
500,3.0
500,0.0
500,0.0
500,2.0
500,0.0
500,2.0
501,3.0
501,0.0
501,0.0
501,2.0
501,0.0
501,2.0
502,3.0
502,0.0
502,0.0
502,2.0
502,2.0
502,2.0
502,0.0
503,3.0
503,0.0
503,0.0
503,2.0
503,2.0
503,2.0
503,0.0
504,3.0
504,0.0
504,0.0
504,2.0
504,2.0
504,2.0
504,0.0
505,3.0
505,0.0
505,0.0
505,2.0
505,2.0
505,2.0
506,3.0
506,0.0
506,0.0
506,2.0
506,2.0
506,2.0
507,3.0
507,0.0
507,2.0
507,0.0
507,2.0
507,2.0
508,3.0
508,0.0
508,2.0
508,0.0
508,2.0
508,2.0
509,3.0
509,0.0
509,2.0
509,0.0
509,2.0
509,2.0
510,3.0
510,0.0
510,2.0
510,0.0
510,2.0
510,2.0
511,3.0
511,0.0
511,2.0
511,0.0
511,2.0
511,3.0
512,3.0
512,0.0
512,2.0
512,0.0
512,2.0
512,3.0
513,3.0
513,0.0
513,2.0
513,0.0
513,2.0
513,3.0
514,3.0
514,0.0
514,2.0
514,0.0
514,2.0
514,2.0
514,3.0
515,3.0
515,0.0
515,2.0
515,0.0
515,2.0
515,2.0
515,3.0
516,3.0
516,0.0
516,2.0
516,0.0
516,3.0
516,2.0
517,3.0
517,0.0
517,0.0
517,2.0
517,2.0
517,3.0
518,3.0
518,0.0
518,0.0
518,2.0
518,2.0
518,3.0
519,3.0
519,0.0
519,0.0
519,2.0
519,2.0
520,3.0
520,0.0
520,0.0
520,2.0
520,3.0
520,2.0
521,3.0
521,0.0
521,0.0
521,2.0
521,3.0
521,2.0
522,3.0
522,0.0
522,0.0
522,2.0
522,2.0
522,3.0
522,0.0
523,3.0
523,0.0
523,0.0
523,2.0
523,0.0
523,2.0
524,3.0
524,0.0
524,0.0
524,2.0
524,2.0
525,3.0
525,0.0
525,2.0
525,0.0
525,3.0
525,2.0
526,3.0
526,0.0
526,2.0
526,0.0
526,3.0
527,3.0
527,0.0
527,2.0
527,0.0
527,3.0
528,3.0
528,0.0
528,0.0
528,2.0
528,3.0
528,2.0
529,3.0
529,0.0
529,0.0
529,2.0
529,3.0
530,3.0
530,0.0
530,0.0
530,2.0
530,3.0
531,3.0
531,0.0
531,2.0
531,0.0
531,3.0
532,3.0
532,0.0
532,2.0
532,3.0
532,0.0
533,3.0
533,0.0
533,2.0
533,0.0
533,3.0
534,0.0
534,3.0
534,2.0
534,0.0
534,3.0
535,3.0
535,0.0
535,2.0
535,3.0
535,0.0
535,2.0
536,0.0
536,3.0
536,2.0
536,0.0
536,3.0
536,2.0
537,0.0
537,3.0
537,0.0
537,2.0
537,3.0
537,2.0
538,0.0
538,3.0
538,2.0
538,0.0
538,3.0
538,2.0
539,0.0
539,3.0
539,2.0
539,0.0
539,3.0
539,2.0
540,0.0
540,2.0
540,3.0
540,0.0
540,3.0
540,2.0
541,0.0
541,2.0
541,3.0
541,3.0
541,0.0
541,2.0
542,0.0
542,2.0
542,3.0
542,3.0
542,0.0
542,2.0
543,0.0
543,0.0
543,3.0
543,2.0
543,3.0
544,0.0
544,0.0
544,3.0
544,2.0
544,3.0
545,0.0
545,0.0
545,3.0
545,2.0
545,3.0
546,0.0
546,3.0
546,0.0
546,3.0
546,2.0
547,0.0
547,0.0
547,2.0
547,3.0
547,3.0
548,0.0
548,0.0
548,3.0
548,2.0
548,3.0
549,0.0
549,0.0
549,3.0
549,2.0
549,5.0
549,3.0
550,0.0
550,0.0
550,3.0
550,5.0
550,2.0
550,3.0
551,0.0
551,0.0
551,3.0
551,5.0
551,2.0
551,3.0
552,0.0
552,5.0
552,0.0
552,2.0
552,3.0
552,3.0
553,0.0
553,5.0
553,0.0
553,3.0
553,2.0
554,0.0
554,0.0
554,2.0
554,5.0
554,3.0
554,3.0
555,0.0
555,3.0
555,2.0
556,0.0
556,3.0
556,2.0
556,5.0
557,0.0
557,3.0
557,2.0
558,0.0
558,3.0
558,2.0
558,5.0
558,3.0
559,0.0
559,3.0
559,2.0
559,5.0
559,3.0
560,0.0
560,3.0
560,2.0
560,5.0
560,3.0
560,0.0
561,0.0
561,2.0
561,3.0
561,0.0
561,5.0
561,3.0
562,0.0
562,3.0
562,2.0
562,0.0
562,5.0
562,3.0
563,0.0
563,3.0
563,2.0
563,0.0
563,5.0
563,3.0
564,0.0
564,2.0
564,3.0
564,5.0
564,0.0
565,0.0
565,3.0
565,2.0
565,5.0
565,0.0
566,0.0
566,3.0
566,0.0
566,5.0
566,2.0
567,0.0
567,3.0
567,2.0
567,0.0
568,0.0
568,3.0
568,0.0
568,2.0
569,0.0
569,3.0
569,0.0
569,2.0
570,3.0
570,0.0
570,0.0
570,0.0
570,2.0
571,3.0
571,0.0
571,0.0
572,3.0
572,0.0
573,0.0
573,3.0
573,0.0
574,0.0
574,3.0
574,0.0
575,0.0
575,3.0
575,0.0
576,0.0
576,3.0
576,0.0
577,0.0
577,3.0
577,0.0
578,0.0
578,3.0
579,0.0
579,3.0
579,0.0
580,0.0
580,3.0
580,0.0
581,0.0
581,3.0
581,0.0
582,0.0
582,3.0
583,0.0
583,3.0
584,3.0
584,0.0
585,0.0
585,3.0
585,0.0
586,0.0
586,3.0
587,0.0
587,3.0
588,0.0
588,5.0
589,0.0
589,5.0
590,0.0
591,0.0
592,0.0
593,0.0
594,0.0
595,0.0
596,0.0
597,0.0
598,0.0
598,2.0
598,5.0
599,0.0
599,2.0
599,5.0
600,0.0
600,5.0
600,2.0
601,5.0
601,2.0
602,2.0
602,5.0
603,2.0
603,0.0
604,2.0
604,0.0
604,5.0
604,0.0
605,2.0
605,0.0
605,5.0
605,0.0
606,2.0
606,5.0
606,0.0
607,2.0
607,5.0
607,0.0
608,2.0
608,0.0
608,5.0
609,2.0
609,0.0
609,5.0
610,0.0
610,2.0
610,5.0
611,0.0
611,2.0
611,5.0
612,0.0
612,5.0
612,2.0
613,0.0
613,5.0
613,2.0
614,0.0
614,2.0
614,5.0
615,0.0
615,5.0
616,0.0
616,5.0
616,2.0
617,0.0
617,5.0
617,2.0
618,0.0
618,5.0
618,2.0
619,0.0
619,5.0
619,2.0
620,0.0
620,5.0
620,2.0
621,0.0
621,5.0
621,2.0
622,0.0
622,5.0
622,2.0
623,0.0
623,5.0
623,2.0
624,0.0
624,5.0
625,0.0
625,5.0
626,5.0
626,0.0
627,0.0
627,5.0
628,0.0
628,5.0
629,0.0
629,5.0
630,0.0
630,5.0
631,0.0
631,5.0
632,0.0
632,5.0
633,0.0
633,0.0
634,0.0
634,0.0
635,0.0
635,0.0
636,0.0
636,0.0
636,2.0
637,0.0
637,0.0
637,2.0
638,0.0
638,2.0
639,0.0
639,2.0
640,0.0
640,2.0
641,0.0
641,2.0
642,0.0
643,0.0
644,0.0
644,2.0
645,0.0
645,2.0
646,0.0
646,2.0
647,0.0
647,2.0
648,0.0
648,2.0
649,0.0
649,5.0
649,2.0
650,0.0
650,5.0
650,2.0
651,0.0
651,5.0
651,2.0
652,0.0
652,5.0
653,0.0
653,5.0
654,0.0
654,5.0
655,0.0
655,5.0
655,2.0
656,0.0
656,5.0
657,0.0
657,5.0
657,2.0
658,0.0
658,2.0
658,5.0
659,0.0
659,2.0
659,5.0
660,0.0
660,2.0
661,0.0
661,2.0
661,5.0
662,0.0
662,2.0
662,5.0
663,0.0
663,2.0
663,5.0
663,2.0
664,0.0
664,2.0
664,5.0
664,3.0
665,0.0
665,2.0
665,5.0
666,0.0
666,2.0
666,5.0
667,0.0
667,2.0
667,5.0
668,0.0
668,2.0
668,5.0
668,2.0
668,3.0
669,2.0
669,0.0
669,5.0
669,3.0
669,2.0
669,2.0
670,0.0
670,2.0
670,5.0
670,3.0
670,2.0
671,0.0
671,2.0
671,5.0
671,3.0
671,2.0
672,0.0
672,2.0
672,5.0
672,3.0
672,2.0
672,2.0
672,2.0
673,0.0
673,2.0
673,5.0
673,2.0
673,2.0
673,3.0
673,2.0
674,0.0
674,2.0
674,2.0
674,3.0
674,5.0
674,2.0
674,2.0
675,0.0
675,2.0
675,2.0
675,2.0
675,3.0
675,5.0
675,2.0
676,0.0
676,2.0
676,3.0
676,2.0
676,2.0
676,2.0
676,5.0
677,0.0
677,2.0
677,2.0
677,3.0
677,2.0
677,2.0
678,0.0
678,2.0
678,3.0
678,2.0
678,5.0
678,2.0
678,2.0
679,0.0
679,2.0
679,2.0
679,3.0
679,5.0
679,2.0
679,2.0
680,0.0
680,2.0
680,2.0
680,3.0
680,5.0
680,2.0
680,2.0
681,0.0
681,2.0
681,5.0
681,3.0
681,2.0
681,2.0
681,2.0
682,0.0
682,2.0
682,2.0
682,2.0
682,3.0
683,0.0
683,2.0
683,2.0
683,2.0
683,3.0
684,0.0
684,2.0
684,2.0
684,2.0
684,5.0
684,3.0
685,0.0
685,2.0
685,2.0
685,2.0
685,2.0
685,3.0
686,0.0
686,2.0
686,2.0
686,7.0
686,5.0
686,3.0
687,0.0
687,2.0
687,2.0
687,5.0
687,7.0
687,3.0
688,2.0
688,0.0
688,5.0
688,2.0
688,2.0
689,2.0
689,0.0
689,5.0
689,2.0
689,2.0
690,2.0
690,2.0
690,5.0
690,0.0
690,3.0
691,5.0
691,2.0
691,2.0
691,0.0
691,3.0
692,0.0
692,5.0
692,2.0
693,5.0
693,0.0
693,3.0
694,5.0
694,0.0
694,3.0
695,5.0
695,0.0
695,3.0
696,5.0
696,0.0
696,3.0
697,5.0
697,0.0
697,3.0
698,5.0
698,0.0
698,3.0
699,5.0
699,3.0
699,0.0
700,5.0
700,0.0
700,3.0
701,5.0
701,3.0
701,0.0
702,5.0
702,0.0
702,3.0
703,5.0
703,0.0
703,3.0
704,5.0
704,3.0
705,5.0
705,3.0
705,7.0
706,5.0
706,7.0
706,3.0
707,5.0
707,7.0
707,3.0
708,5.0
708,3.0
709,3.0
709,7.0
710,7.0
710,3.0
711,3.0
712,7.0
712,3.0
713,7.0
713,3.0
714,7.0
714,3.0
715,7.0
715,3.0
716,2.0
716,3.0
717,2.0
717,3.0
718,2.0
718,3.0
718,7.0
719,2.0
719,3.0
719,7.0
720,2.0
720,3.0
721,3.0
721,2.0
722,3.0
722,2.0
723,2.0
723,3.0
723,2.0
724,3.0
724,7.0
725,3.0
725,7.0
726,3.0
726,2.0
727,2.0
727,3.0
727,2.0
728,2.0
728,3.0
728,2.0
729,0.0
729,2.0
729,3.0
730,0.0
730,2.0
730,3.0
731,0.0
731,2.0
731,3.0
732,0.0
732,2.0
732,3.0
733,0.0
733,3.0
733,2.0
734,0.0
734,3.0
735,0.0
735,3.0
736,0.0
736,3.0
737,0.0
737,3.0
738,0.0
738,3.0
739,0.0
739,5.0
739,3.0
740,0.0
740,2.0
740,5.0
741,0.0
741,5.0
741,3.0
742,0.0
742,5.0
742,3.0
742,2.0
743,0.0
743,5.0
743,3.0
743,2.0
744,0.0
744,5.0
744,2.0
744,3.0
745,0.0
745,2.0
745,5.0
745,3.0
746,0.0
746,2.0
746,5.0
746,3.0
747,0.0
747,2.0
747,5.0
747,3.0
748,0.0
748,5.0
748,2.0
748,3.0
749,0.0
749,5.0
749,2.0
749,3.0
750,0.0
750,5.0
750,2.0
750,3.0
751,0.0
751,5.0
751,3.0
752,0.0
752,5.0
752,3.0
753,5.0
753,0.0
753,3.0
754,5.0
754,0.0
754,3.0
755,5.0
755,0.0
755,3.0
756,5.0
756,0.0
756,3.0
757,5.0
757,0.0
757,3.0
758,5.0
758,0.0
758,3.0
759,5.0
759,0.0
759,5.0
759,3.0
760,5.0
760,0.0
760,3.0
761,5.0
761,0.0
761,3.0
762,5.0
762,0.0
762,3.0
763,5.0
763,3.0
763,0.0
764,5.0
764,2.0
764,3.0
765,5.0
765,0.0
765,2.0
765,3.0
766,5.0
766,0.0
766,2.0
766,3.0
767,5.0
767,0.0
767,2.0
767,3.0
768,5.0
768,2.0
768,0.0
768,0.0
768,3.0
769,5.0
769,0.0
769,2.0
769,0.0
769,3.0
770,5.0
770,0.0
770,2.0
770,0.0
770,3.0
771,5.0
771,0.0
771,3.0
771,0.0
771,2.0
772,5.0
772,2.0
772,3.0
772,0.0
772,0.0
773,5.0
773,2.0
773,3.0
773,0.0
773,0.0
774,5.0
774,2.0
774,3.0
774,0.0
775,5.0
775,2.0
775,3.0
775,0.0
776,5.0
776,0.0
776,2.0
776,3.0
777,5.0
777,0.0
777,3.0
778,5.0
778,0.0
778,3.0
779,5.0
779,0.0
779,3.0
780,5.0
780,2.0
780,3.0
780,0.0
781,5.0
781,2.0
781,3.0
781,0.0
782,0.0
782,5.0
782,2.0
782,3.0
783,0.0
783,3.0
783,5.0
783,0.0
784,0.0
784,3.0
784,0.0
784,5.0
785,0.0
785,0.0
785,3.0
785,5.0
786,0.0
786,5.0
787,0.0
787,2.0
788,0.0
788,2.0
788,3.0
789,0.0
789,2.0
789,3.0
789,5.0
790,0.0
790,3.0
790,2.0
790,5.0
791,0.0
791,3.0
791,2.0
791,5.0
792,0.0
792,2.0
792,3.0
792,5.0
793,0.0
793,3.0
793,2.0
793,5.0
794,0.0
794,3.0
794,2.0
795,0.0
795,3.0
795,2.0
796,0.0
796,3.0
796,2.0
797,0.0
797,3.0
797,2.0
798,0.0
798,3.0
798,2.0
799,0.0
799,3.0
800,0.0
800,3.0
801,0.0
801,3.0
802,3.0
803,3.0
804,3.0
805,3.0
806,3.0
807,3.0
808,3.0
809,3.0
810,3.0
811,3.0
812,3.0
813,3.0
813,2.0
814,3.0
814,2.0
815,3.0
815,2.0
816,3.0
816,2.0
817,3.0
817,2.0
817,3.0
818,2.0
818,3.0
818,2.0
819,3.0
819,2.0
819,3.0
819,2.0
820,3.0
820,3.0
820,2.0
820,2.0
821,3.0
821,2.0
821,3.0
821,2.0
822,2.0
822,3.0
823,2.0
824,2.0
824,3.0
824,2.0
825,2.0
825,2.0
825,3.0
826,2.0
826,2.0
826,1.0
827,2.0
827,2.0
828,2.0
828,2.0
828,1.0
829,2.0
829,2.0
829,1.0
830,2.0
830,2.0
831,2.0
831,2.0
831,1.0
832,2.0
832,2.0
833,2.0
833,2.0
834,2.0
834,2.0
834,1.0
835,2.0
835,2.0
835,1.0
836,2.0
836,2.0
836,1.0
837,2.0
837,2.0
838,2.0
838,2.0
839,2.0
839,2.0
839,1.0
840,2.0
840,2.0
840,1.0
841,2.0
841,2.0
841,1.0
842,2.0
842,2.0
843,2.0
843,2.0
843,1.0
844,2.0
844,2.0
844,1.0
845,2.0
845,2.0
845,1.0
846,2.0
846,2.0
847,2.0
847,2.0
847,1.0
848,2.0
848,2.0
849,2.0
849,2.0
850,2.0
850,2.0
851,2.0
851,2.0
852,2.0
852,2.0
853,2.0
853,2.0
854,2.0
854,2.0
855,2.0
855,2.0
856,2.0
856,2.0
857,2.0
857,2.0
858,2.0
858,2.0
859,2.0
859,2.0
860,2.0
860,2.0
861,2.0
861,2.0
862,2.0
862,2.0
863,2.0
863,2.0
864,2.0
864,2.0
864,3.0
865,2.0
865,2.0
865,3.0
866,2.0
866,2.0
867,2.0
867,2.0
868,2.0
868,2.0
868,3.0
869,2.0
869,2.0
869,3.0
870,2.0
870,2.0
871,2.0
871,2.0
871,3.0
872,2.0
872,2.0
872,3.0
873,2.0
873,2.0
873,3.0
874,2.0
874,2.0
874,3.0
875,2.0
875,2.0
875,3.0
876,2.0
876,2.0
876,3.0
877,2.0
877,2.0
877,3.0
878,2.0
878,2.0
878,3.0
879,2.0
879,2.0
879,3.0
880,2.0
880,2.0
880,3.0
881,2.0
881,2.0
881,3.0
882,2.0
882,2.0
882,3.0
883,2.0
883,2.0
883,3.0
884,2.0
884,2.0
884,3.0
885,2.0
885,2.0
885,3.0
886,2.0
886,2.0
886,3.0
887,2.0
887,2.0
887,3.0
888,2.0
888,2.0
888,3.0
889,2.0
889,2.0
889,3.0
890,2.0
890,2.0
891,2.0
891,2.0
891,3.0
892,2.0
892,2.0
892,3.0
893,2.0
893,2.0
893,3.0
894,2.0
894,2.0
894,3.0
895,2.0
895,2.0
895,3.0
896,2.0
896,2.0
896,3.0
897,2.0
897,2.0
897,3.0
898,2.0
898,2.0
898,3.0
899,2.0
899,2.0
899,3.0
900,2.0
900,2.0
900,3.0
901,2.0
901,2.0
901,3.0
902,2.0
902,2.0
902,3.0
903,2.0
903,2.0
903,3.0
904,2.0
904,2.0
904,3.0
905,2.0
905,2.0
905,3.0
906,2.0
906,2.0
906,3.0
907,2.0
907,2.0
907,3.0
908,2.0
908,2.0
908,3.0
909,2.0
909,2.0
909,3.0
910,2.0
910,2.0
910,3.0
911,2.0
911,2.0
911,3.0
912,2.0
912,3.0
913,2.0
913,3.0
914,2.0
914,3.0
915,2.0
915,3.0
916,2.0
916,3.0
917,2.0
917,3.0
918,2.0
918,3.0
919,2.0
919,3.0
920,2.0
920,3.0
921,2.0
921,3.0
922,2.0
922,3.0
923,2.0
923,3.0
924,2.0
924,3.0
925,2.0
925,5.0
926,2.0
927,2.0
927,5.0
928,2.0
928,5.0
929,2.0
929,5.0
930,2.0
931,2.0
931,5.0
932,5.0
932,2.0
933,5.0
933,2.0
934,5.0
934,2.0
935,5.0
935,2.0
936,5.0
936,2.0
937,5.0
937,2.0
938,5.0
938,2.0
939,5.0
939,2.0
940,5.0
940,2.0
941,5.0
941,2.0
942,5.0
942,2.0
943,5.0
943,2.0
944,2.0
944,5.0
945,5.0
945,2.0
946,5.0
946,2.0
947,5.0
947,2.0
948,5.0
948,2.0
949,5.0
949,2.0
950,5.0
950,2.0
951,5.0
951,2.0
952,5.0
952,2.0
953,5.0
953,2.0
954,5.0
954,2.0
955,5.0
955,2.0
956,5.0
956,2.0
957,5.0
957,2.0
958,5.0
958,2.0
959,5.0
959,2.0
960,5.0
960,2.0
961,5.0
961,2.0
962,5.0
962,2.0
963,5.0
963,2.0
964,5.0
964,2.0
965,5.0
965,2.0
966,5.0
966,2.0
967,5.0
967,2.0
968,5.0
968,2.0
969,5.0
969,2.0
970,5.0
970,2.0
971,5.0
971,2.0
972,5.0
972,2.0
973,5.0
973,2.0
974,5.0
974,2.0
975,5.0
975,2.0
976,5.0
976,2.0
977,5.0
977,2.0
978,5.0
978,2.0
979,5.0
979,2.0
980,5.0
980,2.0
980,3.0
981,5.0
981,2.0
982,2.0
982,5.0
983,2.0
983,5.0
984,2.0
984,5.0
985,2.0
985,5.0
985,0.0
986,2.0
986,5.0
986,0.0
987,2.0
987,5.0
987,0.0
988,2.0
988,0.0
989,2.0
989,0.0
990,2.0
990,0.0
990,5.0
990,3.0
991,2.0
991,0.0
991,5.0
991,3.0
992,2.0
992,0.0
992,5.0
993,2.0
994,2.0
994,0.0
994,5.0
995,2.0
995,0.0
995,5.0
996,2.0
997,2.0
998,2.0
999,2.0
999,0.0
999,2.0
1000,2.0
1000,2.0
1001,2.0
1001,2.0
1002,2.0
1002,0.0
1002,2.0
1003,2.0
1003,2.0
1003,2.0
1004,2.0
1005,2.0
1005,2.0
1005,2.0
1006,2.0
1006,2.0
1007,2.0
1007,2.0
1008,2.0
1009,2.0
1010,2.0
1010,3.0
1011,2.0
1011,2.0
1012,2.0
1012,2.0
1013,2.0
1013,2.0
1014,2.0
1014,2.0
1015,2.0
1023,2.0
1024,2.0
1025,2.0
1026,2.0
1027,2.0
1028,2.0
1029,2.0
1030,2.0
1031,2.0
1032,2.0
1033,2.0
1034,2.0
1035,0.0
1035,2.0
1036,2.0
1036,0.0
1037,0.0
1037,2.0
1038,2.0
1039,0.0
1039,2.0
1040,2.0
1040,3.0
1041,2.0
1041,3.0
1042,3.0
1042,2.0
1043,2.0
1044,2.0
1045,2.0
1046,2.0
1046,2.0
1047,2.0
1048,2.0
1048,0.0
1048,2.0
1049,0.0
1049,2.0
1050,0.0
1050,2.0
1051,2.0
1053,2.0
1056,2.0
1057,2.0
1058,2.0
1062,0.0
1063,0.0
1064,0.0
1065,0.0
1066,0.0
1067,0.0
1068,0.0
1069,0.0
1070,0.0
1071,0.0
1072,0.0
1073,0.0
1073,2.0
1074,0.0
1075,0.0
1076,2.0
1077,2.0
1078,2.0
1079,2.0
1080,2.0
1081,2.0
1082,2.0
1083,2.0
1084,2.0
1085,2.0
1086,2.0
1087,2.0
1088,2.0
1089,2.0
1090,2.0
1090,2.0
1091,2.0
1091,2.0
1092,2.0
1092,2.0
1093,2.0
1093,2.0
1094,2.0
1094,2.0
1095,2.0
1095,2.0
1096,2.0
1096,2.0
1097,2.0
1097,2.0
1098,2.0
1098,2.0
1099,2.0
1099,2.0
1100,2.0
1100,2.0
1101,2.0
1101,2.0
1101,0.0
1102,2.0
1102,2.0
1103,2.0
1103,2.0
1103,0.0
1104,2.0
1104,2.0
1104,0.0
1105,2.0
1105,2.0
1106,2.0
1106,2.0
1107,2.0
1107,2.0
1108,2.0
1108,2.0
1109,2.0
1109,2.0
1110,2.0
1110,2.0
1111,2.0
1111,2.0
1112,2.0
1112,2.0
1112,0.0
1113,2.0
1113,2.0
1113,0.0
1114,2.0
1114,2.0
1114,0.0
1115,2.0
1115,2.0
1115,0.0
1116,2.0
1116,2.0
1116,0.0
1117,2.0
1117,2.0
1118,2.0
1118,2.0
1118,1.0
1119,2.0
1119,2.0
1119,1.0
1120,2.0
1120,2.0
1120,1.0
1121,2.0
1121,2.0
1121,1.0
1122,2.0
1122,2.0
1122,1.0
1123,2.0
1123,2.0
1123,1.0
1124,2.0
1124,2.0
1124,1.0
1125,2.0
1125,2.0
1126,2.0
1126,2.0
1127,2.0
1127,2.0
1128,2.0
1128,2.0
1129,2.0
1129,2.0
1130,2.0
1130,2.0
1130,2.0
1131,2.0
1131,2.0
1132,2.0
1132,2.0
1133,2.0
1133,2.0
1134,2.0
1134,2.0
1135,2.0
1135,2.0
1136,2.0
1136,2.0
1137,2.0
1137,2.0
1138,2.0
1138,2.0
1139,2.0
1139,2.0
1140,2.0
1140,2.0
1141,2.0
1141,2.0
1142,2.0
1142,2.0
1143,2.0
1143,2.0
1144,2.0
1144,2.0
1145,2.0
1145,2.0
1146,2.0
1146,2.0
1147,2.0
1147,2.0
1148,2.0
1148,2.0
1148,0.0
1149,2.0
1149,2.0
1149,0.0
1150,2.0
1150,2.0
1150,0.0
1151,2.0
1151,2.0
1151,0.0
1152,2.0
1152,2.0
1152,0.0
1153,2.0
1153,2.0
1153,0.0
1154,2.0
1154,2.0
1154,0.0
1155,2.0
1156,2.0
1156,2.0
1157,2.0
1157,2.0
1157,2.0
1158,2.0
1159,2.0
1159,2.0
1160,2.0
1160,2.0
1161,2.0
1161,2.0
1162,2.0
1162,2.0
1162,2.0
1163,2.0
1163,2.0
1163,2.0
1164,2.0
1164,2.0
1165,2.0
1165,2.0
1166,2.0
1167,2.0
1168,2.0
1169,2.0
1170,2.0
1171,2.0
1172,2.0
1173,2.0
1174,2.0
1175,2.0
1176,2.0
1177,2.0
1178,2.0
1179,2.0
1180,2.0
1181,2.0
1182,2.0
1183,2.0
1184,2.0
1185,2.0
1186,2.0
1187,2.0
1188,2.0
1189,2.0
1190,2.0
1191,2.0
1192,2.0
1193,2.0
1194,2.0
1195,2.0
1196,2.0
1197,2.0
1198,2.0
1199,2.0
1200,2.0
1201,2.0
1202,2.0
1203,2.0
1204,2.0
1205,2.0
1206,2.0
1207,2.0
1208,2.0
1209,2.0
1210,2.0
1211,2.0
1212,2.0
1213,2.0
1214,2.0
1215,2.0
1216,2.0
1217,2.0
1218,2.0
1219,2.0
1220,2.0
1221,2.0
1222,2.0
1223,2.0
1224,2.0
1225,2.0
1226,2.0
1227,2.0
1228,2.0
1229,2.0
1230,2.0
1231,2.0
1232,2.0
1233,2.0
1234,2.0
1235,2.0
1236,2.0
1237,2.0
1238,2.0
1239,2.0
1240,2.0
1241,2.0
1242,2.0
1243,2.0
1244,2.0
1245,2.0
1246,2.0
1247,2.0
1248,2.0
1249,2.0
1250,2.0
1251,2.0
1251,2.0
1252,2.0
1252,2.0
1253,2.0
1253,2.0
1254,2.0
1255,2.0
1256,2.0
1257,2.0
1258,2.0
1259,2.0
1260,2.0
1261,2.0
1262,2.0
1263,2.0
1264,2.0
1265,2.0
1266,2.0
1267,2.0
1268,2.0
1269,2.0
1270,2.0
1271,2.0
1272,2.0
1273,2.0
1274,2.0
1275,2.0
1276,2.0
1277,2.0
1278,2.0
1279,2.0
1280,2.0
1281,2.0
1282,2.0
1283,2.0
1284,2.0
1285,2.0
1286,2.0
1287,2.0
1288,2.0
1289,2.0
1290,2.0
1291,2.0
1292,2.0
1293,2.0
1294,2.0
1295,2.0
1296,2.0
1296,2.0
1297,2.0
1297,2.0
1298,2.0
1298,2.0
1299,2.0
1299,2.0
1300,2.0
1300,2.0
1301,2.0
1301,2.0
1302,2.0
1302,2.0
1303,2.0
1303,2.0
1304,2.0
1304,2.0
1305,2.0
1305,2.0
1306,2.0
1306,2.0
1307,2.0
1307,2.0
1308,2.0
1308,2.0
1309,2.0
1309,2.0
1310,2.0
1310,2.0
1311,2.0
1311,2.0
1312,2.0
1312,2.0
1313,2.0
1313,2.0
1314,2.0
1314,2.0
1315,2.0
1315,2.0
1316,2.0
1316,2.0
1317,2.0
1317,2.0
1318,2.0
1318,2.0
1319,2.0
1319,2.0
1320,2.0
1320,2.0
1321,2.0
1321,2.0
1322,2.0
1322,2.0
1323,2.0
1323,2.0
1324,2.0
1325,2.0
1326,2.0
1327,2.0
1328,2.0
1328,2.0
1329,2.0
1329,2.0
1330,2.0
1330,2.0
1331,2.0
1331,2.0
1332,2.0
1332,2.0
1333,2.0
1333,2.0
1334,2.0
1334,2.0
1335,2.0
1336,2.0
1336,2.0
1337,2.0
1337,2.0
1338,2.0
1338,2.0
1339,2.0
1339,2.0
1340,2.0
1340,2.0
1341,2.0
1341,2.0
1342,2.0
1342,2.0
1343,2.0
1343,2.0
1344,2.0
1344,2.0
1345,2.0
1345,2.0
1346,2.0
1346,2.0
1347,2.0
1347,2.0
1348,2.0
1349,2.0
1350,2.0
1351,2.0
1352,2.0
1353,2.0
1354,2.0
1354,2.0
1355,2.0
1355,2.0
1356,2.0
1357,2.0
1358,2.0
1359,2.0
1360,2.0
1361,2.0
1362,2.0
1363,2.0
1364,2.0
1365,2.0
1365,0.0
1366,2.0
1367,2.0
1368,2.0
1369,2.0
1370,2.0
1370,0.0
1371,2.0
1372,2.0
1373,2.0
1374,2.0
1375,2.0
1376,2.0
1377,2.0
1378,2.0
1379,2.0
1380,2.0
1380,2.0
1381,2.0
1381,2.0
1382,2.0
1383,2.0
1383,2.0
1383,2.0
1384,2.0
1384,2.0
1385,2.0
1385,2.0
1386,2.0
1387,2.0
1389,2.0
1390,2.0
1391,2.0
1392,2.0
1392,2.0
1399,2.0
1400,2.0
1400,2.0
1401,2.0
1401,2.0
1402,2.0
1402,2.0
1403,2.0
1403,2.0
1404,2.0
1404,2.0
1405,2.0
1405,2.0
1406,2.0
1407,2.0
1408,2.0
1409,2.0
1410,2.0
1410,2.0
1411,7.0
1411,2.0
1412,7.0
1413,2.0
1414,2.0
1415,2.0
1416,2.0
1418,2.0
1419,2.0
1419,7.0
1420,2.0
1420,7.0
1421,2.0
1421,7.0
1422,7.0
1423,7.0
1424,7.0
1425,7.0
1426,7.0
1427,7.0
1428,7.0
1429,2.0
1430,2.0
1431,2.0
1431,2.0
1432,2.0
1432,2.0
1433,2.0
1433,2.0
1434,2.0
1434,2.0
1435,2.0
1435,2.0
1436,2.0
1436,2.0
1437,2.0
1438,2.0
1438,2.0
1439,2.0
1439,2.0
1440,2.0
1440,2.0
1441,2.0
1441,2.0
1442,2.0
1442,2.0
1443,2.0
1443,2.0
1444,2.0
1444,2.0
1445,2.0
1445,2.0
1446,2.0
1446,2.0
1447,2.0
1447,2.0
1448,2.0
1449,2.0
1450,2.0
1451,2.0
1452,2.0
1453,2.0
1454,2.0
1454,2.0
1455,2.0
1455,2.0
1456,2.0
1456,2.0
1457,2.0
1457,2.0
1458,2.0
1458,2.0
1459,2.0
1459,2.0
1460,2.0
1460,2.0
1461,2.0
1461,2.0
1462,2.0
1462,2.0
1463,2.0
1463,2.0
1464,2.0
1464,2.0
1465,2.0
1465,2.0
1466,2.0
1466,2.0
1467,2.0
1467,2.0
1468,2.0
1468,2.0
1469,2.0
1469,2.0
1470,2.0
1470,2.0
1471,2.0
1471,2.0
1472,2.0
1472,2.0
1473,2.0
1473,2.0
1474,2.0
1474,2.0
1475,2.0
1475,2.0
1476,2.0
1476,2.0
1477,2.0
1477,2.0
1478,2.0
1478,2.0
1479,2.0
1479,2.0
1480,2.0
1480,2.0
1481,2.0
1481,2.0
1482,2.0
1482,2.0
1483,2.0
1483,2.0
1484,2.0
1484,2.0
1485,2.0
1485,2.0
1486,2.0
1486,2.0
1487,2.0
1487,2.0
1488,2.0
1488,2.0
1489,2.0
1489,2.0
1490,2.0
1490,2.0
1491,2.0
1491,2.0
1492,2.0
1492,2.0
1493,2.0
1493,2.0
1494,2.0
1494,2.0
1495,2.0
1495,2.0
1496,2.0
1496,2.0
1497,2.0
1497,2.0
1498,2.0
1498,2.0
1499,2.0
1499,2.0
1500,2.0
1500,2.0
1501,2.0
1501,2.0
1502,2.0
1502,2.0
1503,2.0
1503,2.0
1504,2.0
1504,2.0
1505,2.0
1505,2.0
1506,2.0
1506,2.0
1507,2.0
1507,2.0
1508,2.0
1508,2.0
1509,2.0
1509,2.0
1510,2.0
1510,2.0
1511,2.0
1511,2.0
1512,2.0
1512,2.0
1513,2.0
1513,2.0
1514,2.0
1514,2.0
1515,2.0
1515,2.0
1516,2.0
1516,2.0
1517,2.0
1517,2.0
1518,2.0
1518,2.0
1519,2.0
1519,2.0
1520,2.0
1520,2.0
1521,2.0
1521,2.0
1522,2.0
1522,2.0
1523,2.0
1523,2.0
1524,2.0
1524,2.0
1525,2.0
1525,2.0
1526,2.0
1526,2.0
1527,2.0
1527,2.0
1528,2.0
1528,2.0
1529,2.0
1529,2.0
1530,2.0
1530,2.0
1531,2.0
1531,2.0
1532,2.0
1532,2.0
1533,2.0
1533,2.0
1534,2.0
1534,2.0
1535,2.0
1535,2.0
1536,2.0
1536,2.0
1537,2.0
1537,2.0
1538,2.0
1538,2.0
1539,2.0
1539,2.0
1540,2.0
1540,2.0
1541,2.0
1541,2.0
1542,2.0
1542,2.0
1543,2.0
1543,2.0
1544,2.0
1544,2.0
1545,2.0
1545,2.0
1546,2.0
1546,2.0
1547,2.0
1547,2.0
1548,2.0
1548,2.0
1549,2.0
1549,2.0
1550,2.0
1550,2.0
1550,2.0
1551,2.0
1551,2.0
1551,2.0
1552,2.0
1552,2.0
1552,2.0
1553,2.0
1553,2.0
1553,2.0
1554,2.0
1554,2.0
1554,2.0
1555,2.0
1555,2.0
1555,2.0
1556,2.0
1556,2.0
1556,2.0
1557,2.0
1557,2.0
1557,2.0
1558,2.0
1558,2.0
1558,2.0
1559,2.0
1559,2.0
1559,2.0
1560,2.0
1560,2.0
1560,2.0
1561,2.0
1561,2.0
1561,2.0
1562,2.0
1562,2.0
1562,2.0
1563,2.0
1563,2.0
1563,2.0
1564,2.0
1564,2.0
1564,2.0
1565,2.0
1565,2.0
1565,2.0
1566,2.0
1566,2.0
1566,2.0
1567,2.0
1567,2.0
1567,2.0
1568,2.0
1568,2.0
1568,2.0
1569,2.0
1569,2.0
1569,2.0
1570,2.0
1570,2.0
1570,2.0
1571,2.0
1571,2.0
1571,2.0
1572,2.0
1572,2.0
1572,2.0
1573,2.0
1573,2.0
1573,2.0
1574,2.0
1574,2.0
1574,2.0
1575,2.0
1575,2.0
1575,2.0
1576,2.0
1576,2.0
1576,2.0
1577,2.0
1577,2.0
1577,2.0
1578,2.0
1578,2.0
1578,2.0
1579,2.0
1579,2.0
1579,2.0
1580,2.0
1580,2.0
1580,2.0
1581,2.0
1581,2.0
1581,2.0
1582,2.0
1582,2.0
1582,2.0
1583,2.0
1583,2.0
1583,2.0
1584,2.0
1584,2.0
1584,2.0
1585,2.0
1585,2.0
1585,2.0
1586,2.0
1586,2.0
1586,2.0
1587,2.0
1587,2.0
1587,2.0
1588,2.0
1588,2.0
1588,2.0
1589,2.0
1589,2.0
1589,2.0
1590,2.0
1590,2.0
1590,2.0
1591,2.0
1591,2.0
1591,2.0
1592,2.0
1592,2.0
1592,2.0
1593,2.0
1593,2.0
1593,2.0
1594,2.0
1594,2.0
1594,2.0
1595,2.0
1595,2.0
1595,2.0
1596,2.0
1596,2.0
1596,2.0
1597,2.0
1597,2.0
1597,2.0
1598,2.0
1598,2.0
1598,2.0
1599,2.0
1599,2.0
1599,2.0
1600,2.0
1600,2.0
1600,2.0
1601,2.0
1601,2.0
1601,2.0
1602,2.0
1602,2.0
1602,2.0
1602,3.0
1603,2.0
1603,2.0
1603,2.0
1604,2.0
1604,2.0
1604,2.0
1605,2.0
1605,2.0
1605,2.0
1606,2.0
1606,2.0
1606,2.0
1607,2.0
1607,2.0
1607,2.0
1608,2.0
1608,2.0
1608,2.0
1609,2.0
1609,2.0
1609,2.0
1610,2.0
1610,2.0
1610,2.0
1611,2.0
1611,2.0
1611,2.0
1612,2.0
1612,2.0
1612,2.0
1613,2.0
1613,2.0
1613,2.0
1614,2.0
1614,2.0
1614,2.0
1615,2.0
1615,2.0
1615,2.0
1615,3.0
1616,2.0
1616,2.0
1616,2.0
1616,3.0
1617,2.0
1617,2.0
1617,2.0
1618,2.0
1618,2.0
1618,2.0
1619,2.0
1619,2.0
1619,2.0
1620,2.0
1620,2.0
1620,2.0
1621,2.0
1621,2.0
1621,2.0
1622,2.0
1622,2.0
1622,2.0
1623,2.0
1623,2.0
1623,2.0
1623,3.0
1624,2.0
1624,2.0
1624,2.0
1625,2.0
1625,2.0
1625,2.0
1626,2.0
1626,2.0
1626,2.0
1627,2.0
1627,2.0
1627,2.0
1628,2.0
1628,2.0
1628,2.0
1629,2.0
1629,2.0
1629,2.0
1630,2.0
1630,2.0
1630,2.0
1630,3.0
1631,2.0
1631,2.0
1631,2.0
1631,3.0
1632,2.0
1632,2.0
1632,2.0
1632,3.0
1633,2.0
1633,2.0
1633,2.0
1633,3.0
1634,2.0
1634,2.0
1634,2.0
1634,3.0
1635,2.0
1635,2.0
1635,2.0
1635,3.0
1636,2.0
1636,2.0
1636,2.0
1636,3.0
1637,2.0
1637,2.0
1637,2.0
1638,2.0
1638,2.0
1638,2.0
1639,2.0
1639,2.0
1639,2.0
1639,3.0
1640,2.0
1640,2.0
1640,2.0
1640,3.0
1641,2.0
1641,2.0
1641,2.0
1641,3.0
1642,2.0
1642,2.0
1642,2.0
1642,3.0
1643,2.0
1643,2.0
1643,2.0
1643,3.0
1644,2.0
1644,2.0
1644,2.0
1644,3.0
1645,2.0
1645,2.0
1645,2.0
1645,3.0
1646,2.0
1646,2.0
1646,2.0
1646,3.0
1647,2.0
1647,2.0
1647,2.0
1647,3.0
1648,2.0
1648,2.0
1648,2.0
1648,3.0
1649,2.0
1649,2.0
1649,2.0
1649,3.0
1650,2.0
1650,2.0
1650,2.0
1650,3.0
1651,2.0
1651,2.0
1651,2.0
1651,3.0
1652,2.0
1652,2.0
1652,2.0
1652,3.0
1653,2.0
1653,2.0
1653,2.0
1653,3.0
1654,2.0
1654,2.0
1654,2.0
1654,3.0
1655,2.0
1655,2.0
1655,2.0
1655,3.0
1656,2.0
1656,2.0
1656,2.0
1656,3.0
1657,2.0
1657,2.0
1657,2.0
1657,3.0
1658,2.0
1658,2.0
1658,2.0
1658,3.0
1659,2.0
1659,2.0
1659,3.0
1659,2.0
1660,2.0
1660,2.0
1660,2.0
1660,3.0
1661,2.0
1661,2.0
1661,3.0
1661,2.0
1662,2.0
1662,2.0
1662,3.0
1662,2.0
1663,2.0
1663,2.0
1663,3.0
1663,2.0
1664,2.0
1664,2.0
1664,3.0
1664,2.0
1665,2.0
1665,2.0
1665,3.0
1665,2.0
1666,2.0
1666,2.0
1666,2.0
1666,3.0
1667,2.0
1667,2.0
1667,2.0
1667,3.0
1668,2.0
1668,2.0
1668,3.0
1668,2.0
1669,2.0
1669,2.0
1669,2.0
1669,3.0
1670,2.0
1670,2.0
1670,3.0
1670,2.0
1671,2.0
1671,2.0
1671,2.0
1671,3.0
1672,2.0
1672,2.0
1672,3.0
1672,2.0
1673,2.0
1673,2.0
1673,3.0
1673,2.0
1674,2.0
1674,2.0
1674,2.0
1674,3.0
1675,2.0
1675,2.0
1675,2.0
1675,3.0
1676,2.0
1676,2.0
1676,2.0
1676,3.0
1677,2.0
1677,2.0
1677,2.0
1677,3.0
1677,3.0
1678,2.0
1678,2.0
1678,2.0
1678,3.0
1678,3.0
1679,2.0
1679,2.0
1679,2.0
1679,3.0
1679,3.0
1680,2.0
1680,2.0
1680,2.0
1680,3.0
1680,3.0
1681,2.0
1681,2.0
1681,2.0
1681,3.0
1681,3.0
1682,2.0
1682,2.0
1682,2.0
1682,3.0
1683,2.0
1683,2.0
1683,2.0
1683,3.0
1683,3.0
1684,2.0
1684,2.0
1684,2.0
1684,3.0
1684,3.0
1685,2.0
1685,2.0
1685,2.0
1685,3.0
1685,3.0
1686,2.0
1686,2.0
1686,2.0
1686,3.0
1686,3.0
1687,2.0
1687,2.0
1687,2.0
1687,3.0
1688,2.0
1688,2.0
1688,2.0
1688,3.0
1688,3.0
1689,2.0
1689,2.0
1689,2.0
1689,3.0
1689,3.0
1690,2.0
1690,2.0
1690,2.0
1690,3.0
1690,3.0
1690,2.0
1691,2.0
1691,2.0
1691,2.0
1691,3.0
1691,2.0
1691,3.0
1692,2.0
1692,2.0
1692,2.0
1692,3.0
1692,2.0
1693,2.0
1693,2.0
1693,2.0
1693,3.0
1693,2.0
1694,2.0
1694,2.0
1694,2.0
1694,3.0
1694,3.0
1695,2.0
1695,2.0
1695,2.0
1695,3.0
1696,2.0
1696,2.0
1696,2.0
1696,3.0
1696,2.0
1697,2.0
1697,2.0
1697,2.0
1697,3.0
1697,2.0
1698,2.0
1698,2.0
1698,2.0
1698,3.0
1699,2.0
1699,2.0
1699,2.0
1699,3.0
1699,2.0
1700,2.0
1700,2.0
1700,2.0
1700,3.0
1701,2.0
1701,2.0
1701,2.0
1701,3.0
1702,2.0
1702,2.0
1702,2.0
1702,3.0
1703,2.0
1703,2.0
1703,2.0
1703,3.0
1704,2.0
1704,2.0
1704,2.0
1704,3.0
1705,2.0
1705,2.0
1705,2.0
1705,3.0
1706,2.0
1706,2.0
1706,2.0
1706,3.0
1707,2.0
1707,2.0
1707,2.0
1707,3.0
1708,2.0
1708,2.0
1708,2.0
1708,3.0
1709,2.0
1709,2.0
1709,2.0
1709,3.0
1710,2.0
1710,2.0
1710,2.0
1710,3.0
1710,3.0
1711,2.0
1711,2.0
1711,2.0
1711,3.0
1712,2.0
1712,2.0
1712,2.0
1712,3.0
1713,2.0
1713,2.0
1713,2.0
1713,3.0
1714,2.0
1714,2.0
1714,2.0
1714,3.0
1714,3.0
1715,2.0
1715,2.0
1715,2.0
1715,3.0
1715,3.0
1716,2.0
1716,2.0
1716,2.0
1716,3.0
1717,2.0
1717,2.0
1717,2.0
1718,2.0
1718,2.0
1718,2.0
1718,0.0
1719,2.0
1719,2.0
1719,2.0
1719,0.0
1720,2.0
1720,2.0
1720,2.0
1720,0.0
1721,2.0
1721,2.0
1721,2.0
1721,0.0
1722,2.0
1722,2.0
1722,2.0
1723,2.0
1723,2.0
1723,2.0
1724,2.0
1724,2.0
1724,2.0
1725,2.0
1725,2.0
1725,2.0
1726,2.0
1726,2.0
1726,2.0
1726,0.0
1727,2.0
1727,2.0
1727,2.0
1727,0.0
1728,2.0
1728,0.0
1728,2.0
1728,2.0
1729,2.0
1729,2.0
1729,0.0
1729,2.0
1730,2.0
1730,2.0
1730,0.0
1730,2.0
1731,0.0
1731,2.0
1731,2.0
1731,2.0
1732,0.0
1732,2.0
1732,2.0
1732,2.0
1733,0.0
1733,2.0
1733,2.0
1733,2.0
1734,0.0
1734,2.0
1734,2.0
1734,2.0
1734,2.0
1735,0.0
1735,2.0
1735,2.0
1735,2.0
1735,2.0
1736,0.0
1736,2.0
1736,2.0
1736,2.0
1736,2.0
1737,0.0
1737,2.0
1737,2.0
1737,2.0
1737,2.0
1738,0.0
1738,2.0
1738,2.0
1738,2.0
1738,2.0
1739,0.0
1739,2.0
1739,2.0
1739,2.0
1739,2.0
1740,0.0
1740,2.0
1740,2.0
1740,2.0
1740,2.0
1741,0.0
1741,2.0
1741,2.0
1741,2.0
1741,2.0
1742,0.0
1742,2.0
1742,2.0
1742,2.0
1742,2.0
1743,0.0
1743,2.0
1743,2.0
1743,2.0
1744,0.0
1744,2.0
1744,2.0
1744,2.0
1745,0.0
1745,2.0
1745,2.0
1745,2.0
1746,2.0
1746,2.0
1746,0.0
1746,2.0
1747,2.0
1747,2.0
1747,0.0
1747,2.0
1748,2.0
1748,2.0
1748,0.0
1748,2.0
1748,2.0
1749,2.0
1749,2.0
1749,0.0
1749,2.0
1749,2.0
1750,2.0
1750,2.0
1750,2.0
1750,0.0
1751,2.0
1751,2.0
1751,2.0
1751,0.0
1751,2.0
1752,2.0
1752,2.0
1752,0.0
1752,2.0
1752,2.0
1753,2.0
1753,2.0
1753,0.0
1753,2.0
1753,2.0
1754,2.0
1754,0.0
1754,2.0
1754,2.0
1755,2.0
1755,0.0
1755,2.0
1755,2.0
1755,2.0
1756,0.0
1756,2.0
1756,2.0
1756,2.0
1756,2.0
1757,0.0
1757,2.0
1757,2.0
1757,2.0
1757,2.0
1758,0.0
1758,2.0
1758,2.0
1758,2.0
1758,2.0
1759,0.0
1759,2.0
1759,2.0
1759,2.0
1759,2.0
1760,0.0
1760,2.0
1760,2.0
1760,2.0
1760,2.0
1761,0.0
1761,2.0
1761,2.0
1761,2.0
1761,2.0
1762,2.0
1762,0.0
1762,2.0
1762,2.0
1762,2.0
1763,2.0
1763,0.0
1763,2.0
1763,2.0
1763,2.0
1764,2.0
1764,0.0
1764,2.0
1764,2.0
1764,2.0
1765,0.0
1765,2.0
1765,2.0
1765,2.0
1765,2.0
1766,0.0
1766,2.0
1766,2.0
1766,2.0
1767,0.0
1767,2.0
1767,2.0
1767,2.0
1768,0.0
1768,2.0
1768,2.0
1768,2.0
1769,0.0
1769,2.0
1769,2.0
1769,2.0
1770,2.0
1770,2.0
1770,0.0
1770,2.0
1771,2.0
1771,2.0
1771,2.0
1771,0.0
1772,2.0
1772,2.0
1772,2.0
1772,0.0
1773,2.0
1773,2.0
1773,2.0
1773,0.0
1774,2.0
1774,2.0
1774,0.0
1774,2.0
1774,2.0
1775,2.0
1775,2.0
1775,0.0
1775,2.0
1775,2.0
1776,2.0
1776,0.0
1776,2.0
1776,2.0
1777,2.0
1777,0.0
1777,2.0
1777,2.0
1778,0.0
1778,2.0
1778,2.0
1778,2.0
1779,2.0
1779,2.0
1779,0.0
1779,2.0
1780,2.0
1780,2.0
1780,0.0
1780,2.0
1781,2.0
1781,2.0
1781,0.0
1781,2.0
1782,2.0
1782,2.0
1782,2.0
1782,0.0
1783,2.0
1783,2.0
1783,2.0
1783,0.0
1784,2.0
1784,2.0
1784,2.0
1784,0.0
1785,2.0
1785,2.0
1785,2.0
1786,2.0
1786,2.0
1786,2.0
1786,2.0
1787,2.0
1787,2.0
1787,2.0
1787,2.0
1788,2.0
1788,2.0
1788,2.0
1788,2.0
1789,2.0
1789,2.0
1789,2.0
1789,2.0
1790,2.0
1790,2.0
1790,2.0
1790,2.0
1791,2.0
1791,2.0
1791,2.0
1791,2.0
1792,2.0
1792,2.0
1792,2.0
1792,2.0
1793,2.0
1793,2.0
1793,2.0
1793,2.0
1794,2.0
1794,2.0
1794,2.0
1794,2.0
1795,2.0
1795,2.0
1795,2.0
1796,2.0
1796,2.0
1796,2.0
1796,2.0
1797,2.0
1797,2.0
1797,2.0
1797,2.0
1798,2.0
1798,2.0
1798,2.0
1798,2.0
1799,2.0
1799,2.0
1799,2.0
1799,2.0
1800,2.0
1800,2.0
1800,2.0
1800,2.0
1801,2.0
1801,2.0
1801,2.0
1801,2.0
1802,2.0
1802,2.0
1802,2.0
1802,2.0
1803,2.0
1803,2.0
1803,2.0
1804,2.0
1804,2.0
1804,2.0
1805,2.0
1805,2.0
1805,2.0
1806,2.0
1806,2.0
1806,2.0
1807,2.0
1807,2.0
1807,2.0
1807,0.0
1808,2.0
1808,2.0
1808,2.0
1809,2.0
1809,2.0
1809,2.0
1809,0.0
1810,2.0
1810,2.0
1810,2.0
1810,0.0
1811,2.0
1811,2.0
1811,2.0
1811,0.0
1812,2.0
1812,2.0
1812,0.0
1812,2.0
1813,2.0
1813,2.0
1813,2.0
1813,0.0
1813,2.0
1814,2.0
1814,2.0
1814,0.0
1814,2.0
1814,2.0
1814,2.0
1815,2.0
1815,2.0
1815,0.0
1815,2.0
1815,2.0
1816,2.0
1816,2.0
1816,0.0
1816,2.0
1816,2.0
1816,2.0
1817,2.0
1817,2.0
1817,0.0
1817,2.0
1817,2.0
1817,2.0
1818,2.0
1818,2.0
1818,2.0
1818,2.0
1818,0.0
1819,2.0
1819,2.0
1819,2.0
1819,2.0
1820,2.0
1820,2.0
1820,2.0
1820,2.0
1820,0.0
1821,2.0
1821,2.0
1821,2.0
1821,2.0
1821,0.0
1822,2.0
1822,2.0
1822,2.0
1822,0.0
1822,2.0
1822,2.0
1823,2.0
1823,2.0
1823,2.0
1823,0.0
1823,2.0
1823,2.0
1824,2.0
1824,2.0
1824,2.0
1824,2.0
1824,2.0
1825,2.0
1825,2.0
1825,2.0
1825,2.0
1825,0.0
1825,2.0
1826,2.0
1826,2.0
1826,0.0
1826,2.0
1826,2.0
1826,2.0
1827,2.0
1827,2.0
1827,2.0
1827,2.0
1827,0.0
1827,2.0
1827,2.0
1828,2.0
1828,2.0
1828,2.0
1828,2.0
1828,0.0
1828,2.0
1828,2.0
1829,2.0
1829,2.0
1829,2.0
1829,2.0
1829,0.0
1829,2.0
1829,2.0
1830,2.0
1830,2.0
1830,2.0
1830,2.0
1830,0.0
1830,2.0
1830,2.0
1831,2.0
1831,2.0
1831,2.0
1831,2.0
1831,0.0
1831,2.0
1831,2.0
1832,2.0
1832,2.0
1832,2.0
1832,2.0
1832,2.0
1832,2.0
1833,2.0
1833,2.0
1833,2.0
1833,2.0
1833,2.0
1833,2.0
1834,2.0
1834,2.0
1834,2.0
1834,2.0
1834,0.0
1834,2.0
1834,2.0
1835,2.0
1835,2.0
1835,2.0
1835,2.0
1835,2.0
1835,0.0
1835,2.0
1836,2.0
1836,2.0
1836,2.0
1836,2.0
1836,0.0
1836,2.0
1836,2.0
1837,2.0
1837,2.0
1837,2.0
1837,2.0
1837,2.0
1837,2.0
1838,2.0
1838,2.0
1838,2.0
1838,2.0
1838,2.0
1838,2.0
1839,2.0
1839,2.0
1839,2.0
1839,2.0
1839,0.0
1839,2.0
1839,2.0
1840,2.0
1840,2.0
1840,2.0
1840,2.0
1840,2.0
1841,2.0
1841,2.0
1841,2.0
1841,2.0
1841,2.0
1842,2.0
1842,2.0
1842,2.0
1842,2.0
1842,0.0
1842,7.0
1843,2.0
1843,2.0
1843,2.0
1843,2.0
1843,0.0
1844,2.0
1844,2.0
1844,2.0
1844,2.0
1845,2.0
1845,2.0
1845,2.0
1845,2.0
1846,2.0
1846,2.0
1846,2.0
1846,2.0
1847,2.0
1847,2.0
1847,2.0
1847,2.0
1848,2.0
1848,2.0
1848,2.0
1849,2.0
1849,2.0
1849,2.0
1849,2.0
1850,2.0
1850,2.0
1850,2.0
1850,2.0
1851,2.0
1851,2.0
1851,2.0
1851,2.0
1851,2.0
1852,2.0
1852,2.0
1852,2.0
1852,2.0
1852,2.0
1853,2.0
1853,2.0
1853,2.0
1853,2.0
1853,2.0
1854,2.0
1854,2.0
1854,2.0
1855,2.0
1855,2.0
1855,2.0
