1,0.0
1,0.0
1,0.0
1,63.0
1,63.0
2,0.0
2,0.0
2,0.0
2,63.0
3,0.0
3,0.0
3,0.0
3,63.0
4,0.0
4,0.0
4,0.0
4,63.0
5,0.0
5,0.0
5,0.0
5,63.0
5,73.0
5,64.0
5,73.0
6,0.0
6,0.0
6,0.0
6,63.0
6,73.0
6,73.0
7,0.0
7,0.0
7,0.0
7,63.0
7,73.0
7,73.0
8,0.0
8,0.0
8,0.0
8,63.0
8,73.0
8,73.0
9,0.0
9,0.0
9,0.0
9,63.0
9,73.0
9,73.0
10,0.0
10,0.0
10,0.0
10,63.0
10,73.0
11,0.0
11,0.0
11,0.0
11,63.0
11,73.0
12,0.0
12,0.0
12,0.0
12,63.0
12,73.0
13,0.0
13,0.0
13,0.0
13,63.0
13,73.0
14,0.0
14,0.0
14,0.0
14,63.0
14,73.0
15,0.0
15,0.0
15,0.0
15,63.0
15,73.0
16,0.0
16,0.0
16,0.0
16,63.0
16,73.0
17,0.0
17,0.0
17,0.0
17,63.0
17,73.0
18,0.0
18,0.0
18,0.0
18,63.0
18,73.0
19,0.0
19,0.0
19,0.0
19,63.0
20,0.0
20,0.0
20,0.0
20,63.0
20,63.0
21,0.0
21,0.0
21,0.0
21,63.0
21,63.0
22,0.0
22,0.0
22,0.0
22,63.0
22,63.0
23,0.0
23,0.0
23,0.0
23,63.0
23,63.0
24,0.0
24,0.0
24,0.0
24,63.0
24,63.0
25,0.0
25,0.0
25,0.0
25,63.0
25,64.0
25,63.0
26,0.0
26,0.0
26,0.0
26,63.0
26,64.0
26,63.0
27,0.0
27,0.0
27,0.0
27,63.0
27,64.0
27,63.0
28,0.0
28,0.0
28,0.0
28,63.0
28,63.0
28,64.0
29,0.0
29,0.0
29,0.0
29,63.0
29,64.0
29,63.0
30,0.0
30,0.0
30,0.0
30,63.0
30,64.0
30,63.0
31,0.0
31,0.0
31,0.0
31,63.0
31,64.0
31,63.0
32,0.0
32,0.0
32,0.0
32,63.0
32,64.0
32,63.0
33,0.0
33,0.0
33,0.0
33,63.0
33,64.0
33,63.0
34,0.0
34,0.0
34,0.0
34,63.0
34,64.0
34,63.0
35,0.0
35,0.0
35,0.0
35,63.0
35,64.0
36,0.0
36,0.0
36,0.0
36,63.0
36,64.0
37,0.0
37,0.0
37,0.0
37,63.0
37,64.0
38,0.0
38,0.0
38,0.0
38,63.0
38,64.0
39,0.0
39,0.0
39,0.0
39,63.0
39,64.0
40,0.0
40,0.0
40,0.0
40,63.0
40,64.0
40,63.0
41,0.0
41,0.0
41,0.0
41,63.0
41,64.0
41,63.0
42,0.0
42,0.0
42,0.0
42,63.0
42,64.0
42,63.0
43,0.0
43,0.0
43,0.0
43,63.0
43,64.0
43,63.0
44,0.0
44,0.0
44,0.0
44,63.0
44,64.0
44,63.0
45,0.0
45,0.0
45,0.0
45,63.0
45,64.0
45,63.0
46,0.0
46,0.0
46,0.0
46,63.0
46,64.0
46,63.0
47,0.0
47,0.0
47,0.0
47,63.0
47,64.0
47,63.0
48,0.0
48,0.0
48,0.0
48,63.0
48,64.0
48,63.0
49,0.0
49,0.0
49,0.0
49,63.0
49,64.0
49,63.0
50,0.0
50,0.0
50,0.0
50,63.0
50,64.0
51,0.0
51,0.0
51,0.0
51,63.0
51,64.0
52,0.0
52,0.0
52,0.0
52,63.0
52,64.0
53,0.0
53,0.0
53,0.0
53,63.0
53,64.0
54,0.0
54,0.0
54,0.0
54,63.0
54,64.0
55,0.0
55,0.0
55,0.0
55,63.0
55,64.0
56,0.0
56,0.0
56,0.0
56,63.0
56,64.0
57,0.0
57,0.0
57,0.0
57,63.0
57,64.0
58,0.0
58,0.0
58,0.0
58,63.0
58,64.0
59,0.0
59,0.0
59,0.0
59,63.0
59,64.0
60,0.0
60,0.0
60,0.0
60,63.0
60,64.0
61,0.0
61,0.0
61,0.0
61,63.0
61,64.0
62,0.0
62,0.0
62,0.0
62,63.0
62,64.0
63,0.0
63,0.0
63,0.0
63,63.0
63,64.0
64,0.0
64,0.0
64,0.0
64,63.0
64,64.0
65,0.0
65,0.0
65,0.0
65,63.0
65,64.0
66,0.0
66,0.0
66,0.0
66,63.0
66,64.0
67,0.0
67,0.0
67,0.0
67,63.0
67,64.0
68,0.0
68,0.0
68,0.0
68,63.0
68,64.0
69,0.0
69,0.0
69,0.0
69,63.0
69,64.0
70,0.0
70,0.0
70,0.0
70,63.0
70,63.0
70,64.0
71,0.0
71,0.0
71,0.0
71,63.0
71,63.0
71,64.0
72,0.0
72,0.0
72,0.0
72,63.0
72,63.0
72,64.0
73,0.0
73,0.0
73,0.0
73,63.0
73,63.0
73,64.0
74,0.0
74,0.0
74,0.0
74,63.0
74,63.0
74,64.0
75,0.0
75,0.0
75,0.0
75,63.0
75,64.0
75,63.0
76,0.0
76,0.0
76,0.0
76,63.0
76,64.0
76,63.0
77,0.0
77,0.0
77,0.0
77,63.0
77,64.0
77,63.0
78,0.0
78,0.0
78,0.0
78,63.0
78,64.0
78,63.0
79,0.0
79,0.0
79,0.0
79,63.0
79,64.0
79,63.0
80,0.0
80,0.0
80,0.0
80,63.0
80,64.0
80,63.0
81,0.0
81,0.0
81,0.0
81,63.0
81,64.0
81,63.0
82,0.0
82,0.0
82,0.0
82,63.0
82,64.0
82,63.0
83,0.0
83,0.0
83,0.0
83,63.0
83,64.0
83,63.0
84,0.0
84,0.0
84,0.0
84,63.0
84,64.0
84,63.0
85,0.0
85,0.0
85,0.0
85,63.0
85,64.0
85,63.0
86,0.0
86,0.0
86,0.0
86,63.0
86,64.0
86,63.0
87,0.0
87,0.0
87,0.0
87,63.0
87,64.0
87,63.0
88,0.0
88,0.0
88,0.0
88,63.0
88,64.0
88,63.0
89,0.0
89,0.0
89,0.0
89,63.0
89,64.0
89,63.0
90,0.0
90,0.0
90,0.0
90,63.0
90,64.0
90,63.0
91,0.0
91,0.0
91,0.0
91,63.0
91,64.0
91,63.0
92,0.0
92,0.0
92,0.0
92,63.0
92,64.0
92,63.0
93,0.0
93,0.0
93,0.0
93,63.0
93,64.0
93,63.0
94,0.0
94,0.0
94,0.0
94,63.0
94,64.0
94,63.0
95,0.0
95,0.0
95,0.0
95,63.0
95,64.0
95,63.0
96,0.0
96,0.0
96,0.0
96,63.0
96,64.0
96,63.0
97,0.0
97,0.0
97,0.0
97,63.0
97,64.0
97,63.0
98,0.0
98,0.0
98,0.0
98,63.0
98,64.0
98,63.0
99,0.0
99,0.0
99,0.0
99,63.0
99,64.0
99,63.0
100,0.0
100,0.0
100,0.0
100,63.0
100,64.0
100,63.0
101,0.0
101,0.0
101,0.0
101,63.0
101,64.0
101,63.0
102,0.0
102,0.0
102,0.0
102,63.0
102,64.0
102,63.0
103,0.0
103,0.0
103,0.0
103,63.0
103,64.0
103,63.0
104,0.0
104,0.0
104,0.0
104,63.0
104,64.0
104,63.0
105,0.0
105,0.0
105,0.0
105,63.0
105,64.0
105,63.0
106,0.0
106,0.0
106,0.0
106,63.0
106,64.0
106,63.0
107,0.0
107,0.0
107,0.0
107,63.0
107,64.0
107,63.0
108,0.0
108,0.0
108,0.0
108,63.0
108,64.0
108,63.0
109,0.0
109,0.0
109,0.0
109,63.0
109,64.0
109,63.0
110,0.0
110,0.0
110,0.0
110,63.0
110,64.0
111,0.0
111,0.0
111,0.0
111,63.0
111,64.0
112,0.0
112,0.0
112,0.0
112,63.0
112,64.0
113,0.0
113,0.0
113,0.0
113,63.0
113,64.0
114,0.0
114,0.0
114,0.0
114,63.0
114,64.0
115,0.0
115,0.0
115,0.0
115,63.0
115,64.0
115,63.0
116,0.0
116,0.0
116,0.0
116,63.0
116,64.0
117,0.0
117,0.0
117,0.0
117,63.0
117,64.0
118,0.0
118,0.0
118,0.0
118,63.0
118,64.0
119,0.0
119,0.0
119,0.0
119,63.0
119,64.0
120,0.0
120,63.0
120,0.0
120,0.0
120,63.0
120,64.0
121,0.0
121,63.0
121,0.0
121,0.0
121,64.0
121,63.0
122,0.0
122,63.0
122,0.0
122,0.0
122,64.0
122,63.0
123,0.0
123,63.0
123,0.0
123,0.0
123,64.0
123,63.0
124,0.0
124,63.0
124,0.0
124,0.0
124,64.0
124,63.0
125,0.0
125,0.0
125,0.0
125,63.0
125,73.0
125,64.0
126,0.0
126,0.0
126,0.0
126,63.0
126,73.0
126,64.0
127,0.0
127,0.0
127,0.0
127,63.0
127,73.0
127,64.0
128,0.0
128,0.0
128,0.0
128,63.0
128,73.0
128,64.0
129,0.0
129,0.0
129,0.0
129,63.0
129,73.0
129,64.0
130,0.0
130,0.0
130,0.0
130,63.0
130,64.0
130,73.0
131,0.0
131,0.0
131,0.0
131,63.0
131,64.0
131,73.0
132,0.0
132,0.0
132,0.0
132,63.0
132,64.0
132,73.0
133,0.0
133,0.0
133,0.0
133,63.0
133,64.0
133,73.0
134,0.0
134,0.0
134,0.0
134,63.0
134,64.0
134,73.0
135,0.0
135,0.0
135,0.0
135,63.0
135,64.0
135,73.0
136,0.0
136,0.0
136,0.0
136,63.0
136,64.0
136,73.0
137,0.0
137,0.0
137,0.0
137,63.0
137,64.0
137,73.0
138,0.0
138,0.0
138,0.0
138,63.0
138,64.0
138,73.0
139,0.0
139,0.0
139,0.0
139,63.0
139,64.0
139,73.0
140,0.0
140,0.0
140,0.0
140,63.0
140,64.0
141,0.0
141,0.0
141,0.0
141,63.0
141,64.0
142,0.0
142,0.0
142,0.0
142,63.0
142,64.0
143,0.0
143,0.0
143,0.0
143,63.0
143,64.0
144,0.0
144,0.0
144,0.0
144,63.0
144,64.0
145,0.0
145,0.0
145,0.0
145,63.0
145,64.0
146,0.0
146,0.0
146,0.0
146,63.0
146,64.0
147,0.0
147,0.0
147,0.0
147,63.0
147,64.0
148,0.0
148,0.0
148,0.0
148,63.0
148,64.0
149,0.0
149,0.0
149,0.0
149,63.0
149,64.0
150,0.0
150,0.0
150,63.0
150,0.0
150,64.0
151,0.0
151,0.0
151,63.0
151,0.0
151,64.0
152,0.0
152,0.0
152,63.0
152,0.0
152,64.0
153,0.0
153,0.0
153,63.0
153,0.0
153,64.0
154,0.0
154,0.0
154,63.0
154,0.0
154,64.0
155,0.0
155,0.0
155,63.0
155,0.0
155,64.0
156,0.0
156,0.0
156,63.0
156,0.0
156,64.0
157,0.0
157,0.0
157,63.0
157,0.0
157,64.0
158,0.0
158,0.0
158,63.0
158,0.0
158,64.0
159,0.0
159,0.0
159,63.0
159,0.0
159,64.0
160,0.0
160,0.0
160,63.0
160,0.0
160,64.0
161,0.0
161,0.0
161,63.0
161,0.0
161,64.0
162,0.0
162,0.0
162,63.0
162,0.0
162,64.0
163,0.0
163,0.0
163,63.0
163,0.0
163,64.0
164,0.0
164,0.0
164,63.0
164,0.0
164,64.0
165,0.0
165,0.0
165,63.0
165,0.0
165,64.0
166,0.0
166,0.0
166,63.0
166,0.0
166,64.0
167,0.0
167,0.0
167,63.0
167,0.0
167,64.0
168,0.0
168,0.0
168,63.0
168,0.0
168,64.0
169,0.0
169,0.0
169,63.0
169,0.0
169,64.0
170,0.0
170,0.0
170,63.0
170,0.0
170,64.0
171,0.0
171,0.0
171,63.0
171,0.0
171,64.0
172,0.0
172,0.0
172,63.0
172,0.0
172,64.0
173,0.0
173,0.0
173,63.0
173,0.0
173,64.0
174,0.0
174,0.0
174,63.0
174,0.0
174,64.0
175,0.0
175,0.0
175,63.0
175,0.0
175,64.0
176,0.0
176,0.0
176,63.0
176,0.0
176,64.0
177,0.0
177,0.0
177,63.0
177,0.0
177,64.0
178,0.0
178,0.0
178,63.0
178,0.0
178,64.0
179,0.0
179,0.0
179,63.0
179,0.0
179,64.0
180,0.0
180,63.0
180,0.0
180,0.0
181,0.0
181,63.0
181,0.0
181,0.0
182,0.0
182,63.0
182,0.0
182,0.0
183,0.0
183,63.0
183,0.0
183,0.0
184,0.0
184,63.0
184,0.0
184,0.0
185,0.0
185,63.0
185,0.0
185,0.0
186,0.0
186,63.0
186,0.0
186,0.0
187,0.0
187,63.0
187,0.0
187,0.0
188,0.0
188,63.0
188,0.0
188,0.0
189,0.0
189,63.0
189,0.0
189,0.0
190,63.0
190,0.0
190,0.0
190,0.0
191,63.0
191,0.0
191,0.0
191,0.0
192,63.0
192,0.0
192,0.0
192,0.0
193,63.0
193,0.0
193,0.0
193,0.0
194,63.0
194,0.0
194,0.0
194,0.0
195,63.0
195,0.0
195,0.0
195,0.0
196,63.0
196,0.0
196,0.0
196,0.0
197,63.0
197,0.0
197,0.0
197,0.0
198,63.0
198,0.0
198,0.0
198,0.0
199,63.0
199,0.0
199,0.0
199,0.0
200,63.0
200,0.0
200,0.0
201,63.0
201,0.0
201,0.0
202,63.0
202,0.0
202,0.0
203,63.0
203,0.0
203,0.0
204,63.0
204,0.0
204,0.0
205,0.0
205,0.0
205,63.0
205,0.0
206,0.0
206,0.0
206,63.0
206,0.0
207,0.0
207,0.0
207,63.0
207,0.0
208,0.0
208,0.0
208,63.0
208,0.0
209,0.0
209,0.0
209,63.0
209,0.0
210,0.0
210,0.0
210,63.0
210,0.0
211,0.0
211,0.0
211,63.0
211,0.0
212,0.0
212,0.0
212,63.0
212,0.0
213,0.0
213,0.0
213,63.0
213,0.0
214,0.0
214,0.0
214,63.0
214,0.0
215,0.0
215,0.0
215,63.0
215,0.0
215,64.0
216,0.0
216,0.0
216,63.0
216,0.0
216,64.0
217,0.0
217,0.0
217,63.0
217,0.0
217,64.0
218,0.0
218,0.0
218,63.0
218,0.0
218,64.0
219,0.0
219,0.0
219,63.0
219,0.0
219,64.0
220,0.0
220,0.0
220,63.0
220,0.0
221,0.0
221,0.0
221,63.0
221,0.0
222,0.0
222,0.0
222,63.0
222,0.0
223,0.0
223,0.0
223,63.0
223,0.0
224,0.0
224,0.0
224,63.0
224,0.0
225,0.0
225,0.0
225,63.0
225,0.0
226,0.0
226,0.0
226,63.0
226,0.0
227,0.0
227,0.0
227,63.0
227,0.0
228,0.0
228,0.0
228,63.0
228,0.0
229,0.0
229,0.0
229,63.0
229,0.0
230,0.0
230,0.0
230,0.0
230,63.0
231,0.0
231,0.0
231,0.0
231,63.0
232,0.0
232,0.0
232,0.0
232,63.0
233,0.0
233,0.0
233,0.0
233,63.0
234,0.0
234,0.0
234,0.0
234,63.0
235,0.0
235,0.0
235,0.0
235,63.0
236,0.0
236,0.0
236,0.0
236,63.0
237,0.0
237,0.0
237,0.0
237,63.0
238,0.0
238,0.0
238,0.0
238,63.0
239,0.0
239,0.0
239,0.0
239,63.0
240,0.0
240,0.0
240,0.0
240,63.0
241,0.0
241,0.0
241,0.0
241,63.0
242,0.0
242,0.0
242,0.0
242,63.0
243,0.0
243,0.0
243,0.0
243,63.0
244,0.0
244,0.0
244,0.0
244,63.0
245,0.0
245,0.0
245,0.0
245,63.0
246,0.0
246,0.0
246,0.0
246,63.0
247,0.0
247,0.0
247,0.0
247,63.0
248,0.0
248,0.0
248,0.0
248,63.0
249,0.0
249,0.0
249,0.0
249,63.0
250,0.0
250,0.0
250,0.0
250,63.0
251,0.0
251,0.0
251,0.0
251,63.0
252,0.0
252,0.0
252,0.0
252,63.0
253,0.0
253,0.0
253,0.0
253,63.0
254,0.0
254,0.0
254,0.0
254,63.0
255,0.0
255,0.0
255,0.0
255,63.0
256,0.0
256,0.0
256,0.0
256,63.0
257,0.0
257,0.0
257,0.0
257,63.0
258,0.0
258,0.0
258,0.0
258,63.0
259,0.0
259,0.0
259,0.0
259,63.0
260,0.0
260,0.0
260,0.0
260,63.0
260,73.0
261,0.0
261,0.0
261,0.0
261,63.0
261,73.0
262,0.0
262,0.0
262,0.0
262,63.0
262,73.0
263,0.0
263,0.0
263,0.0
263,63.0
263,73.0
264,0.0
264,0.0
264,0.0
264,63.0
264,73.0
265,0.0
265,0.0
265,0.0
265,63.0
265,64.0
265,60.0
266,0.0
266,0.0
266,0.0
266,63.0
266,64.0
266,60.0
267,0.0
267,0.0
267,0.0
267,63.0
267,64.0
267,60.0
268,0.0
268,0.0
268,0.0
268,63.0
268,64.0
268,60.0
269,0.0
269,0.0
269,0.0
269,63.0
269,64.0
269,60.0
270,0.0
270,0.0
270,0.0
270,64.0
270,63.0
271,0.0
271,0.0
271,0.0
271,64.0
271,63.0
272,0.0
272,0.0
272,0.0
272,64.0
272,63.0
273,0.0
273,0.0
273,0.0
273,64.0
273,63.0
274,0.0
274,0.0
274,0.0
274,64.0
274,63.0
275,0.0
275,0.0
275,0.0
275,64.0
275,63.0
276,0.0
276,0.0
276,0.0
276,64.0
276,63.0
277,0.0
277,0.0
277,0.0
277,64.0
277,63.0
278,0.0
278,0.0
278,0.0
278,64.0
278,63.0
279,0.0
279,0.0
279,0.0
279,64.0
279,63.0
280,0.0
280,0.0
280,0.0
280,63.0
280,63.0
280,64.0
281,0.0
281,0.0
281,0.0
281,63.0
281,63.0
281,64.0
282,0.0
282,0.0
282,0.0
282,63.0
282,63.0
282,64.0
283,0.0
283,0.0
283,0.0
283,63.0
283,63.0
283,64.0
284,0.0
284,0.0
284,0.0
284,63.0
284,63.0
284,64.0
285,0.0
285,0.0
285,0.0
285,63.0
285,63.0
285,64.0
286,0.0
286,0.0
286,0.0
286,63.0
286,63.0
286,64.0
287,0.0
287,0.0
287,0.0
287,63.0
287,63.0
287,64.0
288,0.0
288,0.0
288,0.0
288,63.0
288,63.0
288,64.0
289,0.0
289,0.0
289,0.0
289,63.0
289,63.0
289,64.0
290,0.0
290,0.0
290,63.0
290,0.0
290,63.0
290,64.0
291,0.0
291,0.0
291,63.0
291,0.0
291,63.0
291,64.0
292,0.0
292,0.0
292,0.0
292,63.0
292,63.0
292,64.0
293,0.0
293,0.0
293,0.0
293,63.0
293,63.0
293,64.0
294,0.0
294,0.0
294,0.0
294,63.0
294,63.0
294,64.0
295,0.0
295,0.0
295,63.0
295,0.0
295,63.0
295,64.0
296,0.0
296,0.0
296,63.0
296,0.0
296,63.0
296,64.0
297,0.0
297,0.0
297,63.0
297,0.0
297,63.0
297,64.0
298,0.0
298,0.0
298,63.0
298,0.0
298,63.0
298,64.0
299,0.0
299,0.0
299,63.0
299,0.0
299,63.0
299,64.0
300,0.0
300,0.0
300,0.0
300,63.0
300,63.0
300,64.0
301,0.0
301,0.0
301,0.0
301,63.0
301,63.0
301,64.0
302,0.0
302,0.0
302,0.0
302,63.0
302,63.0
302,64.0
303,0.0
303,0.0
303,0.0
303,63.0
303,63.0
303,64.0
304,0.0
304,0.0
304,0.0
304,63.0
304,63.0
304,64.0
305,0.0
305,0.0
305,0.0
305,63.0
305,63.0
305,64.0
306,0.0
306,0.0
306,0.0
306,63.0
306,63.0
306,64.0
307,0.0
307,0.0
307,0.0
307,63.0
307,63.0
307,64.0
308,0.0
308,0.0
308,0.0
308,63.0
308,63.0
308,64.0
309,0.0
309,0.0
309,0.0
309,63.0
309,63.0
309,64.0
310,0.0
310,0.0
310,0.0
310,63.0
310,63.0
311,0.0
311,0.0
311,0.0
311,63.0
311,63.0
312,0.0
312,0.0
312,0.0
312,63.0
312,63.0
313,0.0
313,0.0
313,0.0
313,63.0
313,63.0
314,0.0
314,0.0
314,0.0
314,63.0
314,63.0
315,0.0
315,0.0
315,0.0
315,63.0
315,63.0
316,0.0
316,0.0
316,0.0
316,63.0
316,63.0
316,64.0
317,0.0
317,0.0
317,0.0
317,63.0
317,63.0
317,64.0
318,0.0
318,0.0
318,0.0
318,63.0
318,63.0
318,64.0
319,0.0
319,0.0
319,0.0
319,63.0
319,63.0
319,64.0
320,0.0
320,0.0
320,0.0
320,63.0
320,63.0
320,64.0
321,0.0
321,0.0
321,0.0
321,63.0
321,63.0
321,64.0
322,0.0
322,0.0
322,0.0
322,63.0
322,63.0
322,64.0
323,0.0
323,0.0
323,0.0
323,63.0
323,63.0
323,64.0
324,0.0
324,0.0
324,0.0
324,63.0
324,63.0
324,64.0
325,0.0
325,0.0
325,0.0
325,73.0
325,63.0
325,64.0
326,0.0
326,0.0
326,0.0
326,73.0
326,63.0
326,64.0
327,0.0
327,0.0
327,0.0
327,73.0
327,63.0
327,64.0
328,0.0
328,0.0
328,0.0
328,73.0
328,63.0
328,64.0
329,0.0
329,0.0
329,0.0
329,73.0
329,63.0
329,64.0
330,0.0
330,0.0
330,0.0
330,73.0
330,63.0
330,64.0
331,0.0
331,0.0
331,0.0
331,63.0
331,73.0
331,64.0
332,0.0
332,0.0
332,0.0
332,63.0
332,73.0
332,64.0
333,0.0
333,0.0
333,0.0
333,63.0
333,73.0
333,64.0
334,0.0
334,0.0
334,0.0
334,63.0
334,73.0
334,64.0
335,0.0
335,0.0
335,0.0
335,63.0
335,64.0
336,0.0
336,0.0
336,0.0
336,63.0
336,64.0
337,0.0
337,0.0
337,0.0
337,63.0
337,64.0
338,0.0
338,0.0
338,0.0
338,63.0
338,64.0
339,0.0
339,0.0
339,0.0
339,63.0
339,64.0
340,0.0
340,0.0
340,0.0
340,64.0
340,63.0
341,0.0
341,0.0
341,0.0
341,64.0
341,63.0
342,0.0
342,0.0
342,0.0
342,64.0
342,63.0
343,0.0
343,0.0
343,0.0
343,64.0
343,63.0
344,0.0
344,0.0
344,0.0
344,64.0
344,63.0
345,0.0
345,0.0
345,0.0
345,64.0
345,63.0
346,0.0
346,0.0
346,0.0
346,64.0
346,63.0
347,0.0
347,0.0
347,0.0
347,64.0
347,63.0
348,0.0
348,0.0
348,0.0
348,64.0
348,63.0
349,0.0
349,0.0
349,0.0
349,64.0
349,63.0
350,0.0
350,0.0
350,0.0
350,64.0
350,63.0
351,0.0
351,0.0
351,0.0
351,64.0
351,63.0
352,0.0
352,0.0
352,0.0
352,64.0
352,63.0
353,0.0
353,0.0
353,0.0
353,64.0
353,63.0
354,0.0
354,0.0
354,0.0
354,64.0
354,63.0
355,0.0
355,0.0
355,0.0
355,63.0
355,64.0
355,63.0
356,0.0
356,0.0
356,0.0
356,63.0
356,64.0
356,63.0
357,0.0
357,0.0
357,0.0
357,63.0
357,64.0
357,63.0
358,0.0
358,0.0
358,0.0
358,63.0
358,64.0
358,63.0
359,0.0
359,0.0
359,0.0
359,63.0
359,64.0
359,63.0
360,0.0
360,0.0
360,0.0
360,63.0
360,64.0
360,63.0
361,0.0
361,0.0
361,0.0
361,63.0
361,64.0
361,63.0
362,0.0
362,0.0
362,0.0
362,63.0
362,64.0
362,63.0
363,0.0
363,0.0
363,0.0
363,63.0
363,64.0
363,63.0
364,0.0
364,0.0
364,0.0
364,63.0
364,64.0
364,63.0
365,0.0
365,0.0
365,0.0
365,63.0
365,64.0
366,0.0
366,0.0
366,0.0
366,63.0
366,64.0
367,0.0
367,0.0
367,0.0
367,63.0
367,64.0
368,0.0
368,0.0
368,0.0
368,63.0
368,64.0
369,0.0
369,0.0
369,0.0
369,63.0
369,64.0
370,0.0
370,0.0
370,0.0
370,63.0
370,63.0
370,64.0
371,0.0
371,0.0
371,0.0
371,63.0
371,63.0
371,64.0
372,0.0
372,0.0
372,0.0
372,63.0
372,63.0
372,64.0
373,0.0
373,0.0
373,0.0
373,63.0
373,63.0
373,64.0
374,0.0
374,0.0
374,0.0
374,63.0
374,63.0
374,64.0
375,0.0
375,0.0
375,0.0
375,63.0
375,63.0
375,64.0
376,0.0
376,0.0
376,0.0
376,63.0
376,63.0
376,64.0
377,0.0
377,0.0
377,0.0
377,63.0
377,63.0
377,64.0
378,0.0
378,0.0
378,0.0
378,63.0
378,63.0
378,64.0
379,0.0
379,0.0
379,0.0
379,63.0
379,63.0
379,64.0
380,0.0
380,0.0
380,63.0
380,0.0
380,73.0
380,64.0
381,0.0
381,0.0
381,63.0
381,0.0
381,73.0
381,64.0
382,0.0
382,0.0
382,63.0
382,0.0
382,73.0
382,64.0
383,0.0
383,0.0
383,63.0
383,0.0
383,73.0
383,64.0
384,0.0
384,0.0
384,63.0
384,0.0
384,73.0
384,64.0
385,0.0
385,0.0
385,0.0
385,63.0
385,73.0
385,64.0
386,0.0
386,0.0
386,0.0
386,63.0
386,73.0
386,64.0
387,0.0
387,0.0
387,0.0
387,63.0
387,73.0
387,64.0
388,0.0
388,0.0
388,0.0
388,63.0
388,73.0
388,64.0
389,0.0
389,0.0
389,0.0
389,63.0
389,73.0
389,64.0
390,0.0
390,0.0
390,0.0
390,63.0
390,63.0
390,64.0
391,0.0
391,0.0
391,0.0
391,63.0
391,63.0
391,64.0
392,0.0
392,0.0
392,0.0
392,63.0
392,63.0
392,64.0
393,0.0
393,0.0
393,0.0
393,63.0
393,63.0
393,64.0
394,0.0
394,0.0
394,0.0
394,63.0
394,63.0
394,64.0
395,0.0
395,0.0
395,0.0
395,63.0
395,63.0
395,64.0
396,0.0
396,0.0
396,0.0
396,63.0
396,63.0
396,64.0
397,0.0
397,0.0
397,0.0
397,63.0
397,63.0
397,64.0
398,0.0
398,0.0
398,0.0
398,63.0
398,63.0
398,64.0
399,0.0
399,0.0
399,0.0
399,63.0
399,63.0
399,64.0
400,0.0
400,0.0
400,0.0
400,63.0
400,63.0
400,64.0
401,0.0
401,0.0
401,0.0
401,63.0
401,63.0
401,64.0
402,0.0
402,0.0
402,0.0
402,63.0
402,63.0
402,64.0
403,0.0
403,0.0
403,0.0
403,63.0
403,63.0
403,64.0
404,0.0
404,0.0
404,0.0
404,63.0
404,63.0
404,64.0
405,0.0
405,0.0
405,0.0
405,63.0
405,63.0
405,64.0
406,0.0
406,0.0
406,0.0
406,63.0
406,63.0
406,64.0
407,0.0
407,0.0
407,0.0
407,63.0
407,63.0
407,64.0
408,0.0
408,0.0
408,0.0
408,63.0
408,63.0
408,64.0
409,0.0
409,0.0
409,0.0
409,63.0
409,63.0
409,64.0
410,0.0
410,0.0
410,63.0
410,0.0
410,64.0
410,63.0
411,0.0
411,0.0
411,63.0
411,0.0
411,64.0
411,63.0
412,0.0
412,0.0
412,63.0
412,0.0
412,64.0
412,63.0
413,0.0
413,0.0
413,63.0
413,0.0
413,64.0
413,63.0
414,0.0
414,0.0
414,63.0
414,0.0
414,64.0
414,63.0
415,0.0
415,0.0
415,63.0
415,0.0
415,64.0
416,0.0
416,0.0
416,63.0
416,0.0
416,64.0
417,0.0
417,0.0
417,63.0
417,0.0
417,64.0
418,0.0
418,0.0
418,63.0
418,0.0
418,64.0
419,0.0
419,0.0
419,63.0
419,0.0
419,64.0
420,0.0
420,0.0
420,0.0
420,63.0
420,64.0
420,63.0
421,0.0
421,0.0
421,0.0
421,63.0
421,64.0
421,63.0
422,0.0
422,0.0
422,0.0
422,63.0
422,64.0
422,63.0
423,0.0
423,0.0
423,0.0
423,63.0
423,64.0
423,63.0
424,0.0
424,0.0
424,0.0
424,63.0
424,64.0
424,63.0
425,0.0
425,0.0
425,0.0
425,63.0
425,63.0
425,64.0
426,0.0
426,0.0
426,0.0
426,63.0
426,63.0
426,64.0
427,0.0
427,0.0
427,0.0
427,63.0
427,63.0
427,64.0
428,0.0
428,0.0
428,0.0
428,63.0
428,63.0
428,64.0
429,0.0
429,0.0
429,0.0
429,63.0
429,63.0
429,64.0
430,0.0
430,0.0
430,0.0
430,63.0
430,63.0
430,64.0
431,0.0
431,0.0
431,0.0
431,63.0
431,63.0
431,64.0
432,0.0
432,0.0
432,0.0
432,63.0
432,63.0
432,64.0
433,0.0
433,0.0
433,0.0
433,63.0
433,63.0
433,64.0
434,0.0
434,0.0
434,0.0
434,63.0
434,63.0
434,64.0
435,0.0
435,0.0
435,0.0
435,63.0
435,63.0
435,64.0
436,0.0
436,0.0
436,0.0
436,63.0
436,63.0
436,64.0
437,0.0
437,0.0
437,0.0
437,63.0
437,63.0
437,64.0
438,0.0
438,0.0
438,0.0
438,63.0
438,63.0
438,64.0
439,0.0
439,0.0
439,0.0
439,63.0
439,63.0
439,64.0
440,0.0
440,0.0
440,0.0
440,63.0
440,64.0
440,63.0
441,0.0
441,0.0
441,0.0
441,63.0
441,64.0
441,63.0
442,0.0
442,0.0
442,0.0
442,63.0
442,64.0
442,63.0
443,0.0
443,0.0
443,0.0
443,63.0
443,64.0
443,63.0
444,0.0
444,0.0
444,0.0
444,63.0
444,64.0
444,63.0
445,0.0
445,0.0
445,0.0
445,63.0
445,63.0
445,64.0
446,0.0
446,0.0
446,0.0
446,63.0
446,63.0
446,64.0
447,0.0
447,0.0
447,0.0
447,63.0
447,63.0
447,64.0
448,0.0
448,0.0
448,0.0
448,63.0
448,63.0
448,64.0
449,0.0
449,0.0
449,0.0
449,63.0
449,63.0
449,64.0
450,0.0
450,0.0
450,0.0
450,63.0
450,64.0
450,63.0
451,0.0
451,0.0
451,0.0
451,63.0
451,64.0
452,0.0
452,0.0
452,0.0
452,63.0
452,64.0
453,0.0
453,0.0
453,0.0
453,63.0
453,64.0
454,0.0
454,0.0
454,0.0
454,63.0
454,64.0
455,0.0
455,0.0
455,0.0
455,63.0
455,63.0
455,64.0
456,0.0
456,0.0
456,0.0
456,63.0
456,63.0
456,64.0
457,0.0
457,0.0
457,0.0
457,63.0
457,63.0
457,64.0
458,0.0
458,0.0
458,0.0
458,63.0
458,63.0
458,64.0
459,0.0
459,0.0
459,0.0
459,63.0
459,63.0
459,64.0
460,0.0
460,0.0
460,0.0
460,63.0
460,63.0
461,0.0
461,0.0
461,0.0
461,63.0
461,63.0
461,64.0
462,0.0
462,0.0
462,0.0
462,63.0
462,63.0
462,64.0
463,0.0
463,0.0
463,0.0
463,63.0
463,63.0
463,64.0
464,0.0
464,0.0
464,0.0
464,63.0
464,63.0
464,64.0
465,0.0
465,0.0
465,0.0
465,63.0
465,63.0
465,64.0
466,0.0
466,0.0
466,0.0
466,63.0
466,63.0
467,0.0
467,0.0
467,0.0
467,63.0
467,63.0
468,0.0
468,0.0
468,0.0
468,63.0
468,63.0
469,0.0
469,0.0
469,0.0
469,63.0
469,63.0
469,64.0
470,0.0
470,0.0
470,0.0
470,63.0
470,63.0
470,64.0
471,0.0
471,0.0
471,0.0
471,63.0
471,63.0
471,64.0
472,0.0
472,0.0
472,0.0
472,63.0
472,63.0
472,64.0
473,0.0
473,0.0
473,0.0
473,63.0
473,63.0
473,64.0
474,0.0
474,0.0
474,0.0
474,63.0
474,63.0
474,64.0
475,0.0
475,0.0
475,0.0
475,63.0
475,73.0
475,64.0
475,73.0
476,0.0
476,0.0
476,0.0
476,63.0
476,73.0
476,64.0
476,73.0
477,0.0
477,0.0
477,0.0
477,63.0
477,73.0
477,64.0
477,73.0
478,0.0
478,0.0
478,0.0
478,63.0
478,73.0
478,64.0
478,73.0
479,0.0
479,0.0
479,0.0
479,63.0
479,73.0
479,64.0
479,73.0
480,0.0
480,0.0
480,0.0
480,63.0
480,73.0
480,64.0
480,73.0
481,0.0
481,0.0
481,0.0
481,63.0
481,73.0
481,64.0
481,73.0
482,0.0
482,0.0
482,0.0
482,63.0
482,73.0
482,64.0
482,73.0
483,0.0
483,0.0
483,0.0
483,63.0
483,73.0
483,64.0
483,73.0
484,0.0
484,0.0
484,0.0
484,63.0
484,73.0
484,64.0
484,73.0
485,0.0
485,0.0
485,0.0
485,73.0
485,63.0
485,64.0
486,0.0
486,0.0
486,0.0
486,73.0
486,63.0
486,64.0
487,0.0
487,0.0
487,0.0
487,73.0
487,63.0
487,64.0
488,0.0
488,0.0
488,0.0
488,73.0
488,63.0
488,64.0
489,0.0
489,0.0
489,0.0
489,73.0
489,63.0
489,64.0
490,0.0
490,0.0
490,0.0
490,0.0
490,64.0
491,0.0
491,0.0
491,0.0
491,0.0
491,64.0
492,0.0
492,0.0
492,0.0
492,0.0
492,64.0
493,0.0
493,0.0
493,0.0
493,0.0
493,64.0
494,0.0
494,0.0
494,0.0
494,0.0
494,64.0
495,0.0
495,0.0
495,0.0
495,0.0
495,64.0
496,0.0
496,0.0
496,0.0
496,0.0
496,64.0
497,0.0
497,0.0
497,0.0
497,0.0
497,64.0
498,0.0
498,0.0
498,0.0
498,0.0
498,64.0
499,0.0
499,0.0
499,0.0
499,0.0
499,64.0
500,0.0
500,0.0
500,0.0
500,0.0
500,73.0
500,64.0
501,0.0
501,0.0
501,0.0
501,0.0
501,73.0
501,64.0
502,0.0
502,0.0
502,0.0
502,0.0
502,73.0
502,64.0
503,0.0
503,0.0
503,0.0
503,0.0
503,73.0
503,64.0
504,0.0
504,0.0
504,0.0
504,0.0
504,73.0
504,64.0
505,0.0
505,0.0
505,0.0
505,0.0
505,73.0
505,64.0
506,0.0
506,0.0
506,0.0
506,0.0
506,73.0
506,64.0
507,0.0
507,0.0
507,0.0
507,0.0
507,73.0
507,64.0
508,0.0
508,0.0
508,0.0
508,0.0
508,73.0
508,64.0
509,0.0
509,0.0
509,0.0
509,0.0
509,73.0
509,64.0
510,0.0
510,0.0
510,0.0
510,64.0
510,0.0
511,0.0
511,0.0
511,0.0
511,64.0
511,0.0
512,0.0
512,0.0
512,0.0
512,64.0
512,0.0
513,0.0
513,0.0
513,0.0
513,64.0
513,0.0
514,0.0
514,0.0
514,0.0
514,64.0
514,0.0
515,0.0
515,0.0
515,0.0
515,64.0
515,0.0
516,0.0
516,0.0
516,0.0
516,64.0
516,0.0
517,0.0
517,0.0
517,0.0
517,64.0
517,0.0
518,0.0
518,0.0
518,0.0
518,64.0
518,0.0
519,0.0
519,0.0
519,0.0
519,64.0
519,0.0
520,0.0
520,0.0
520,0.0
520,0.0
520,64.0
521,0.0
521,0.0
521,0.0
521,0.0
521,64.0
522,0.0
522,0.0
522,0.0
522,0.0
522,64.0
523,0.0
523,0.0
523,0.0
523,0.0
523,64.0
524,0.0
524,0.0
524,0.0
524,0.0
524,64.0
525,0.0
525,0.0
525,0.0
525,0.0
525,64.0
526,0.0
526,0.0
526,0.0
526,0.0
526,64.0
527,0.0
527,0.0
527,0.0
527,0.0
527,64.0
528,0.0
528,0.0
528,0.0
528,0.0
528,64.0
529,0.0
529,0.0
529,0.0
529,0.0
529,64.0
530,0.0
530,64.0
530,0.0
530,0.0
530,73.0
531,0.0
531,64.0
531,0.0
531,0.0
531,73.0
532,0.0
532,64.0
532,0.0
532,0.0
532,73.0
533,0.0
533,64.0
533,0.0
533,0.0
533,73.0
534,0.0
534,64.0
534,0.0
534,0.0
534,73.0
535,0.0
535,0.0
535,0.0
535,64.0
535,63.0
536,0.0
536,0.0
536,64.0
536,0.0
536,63.0
537,0.0
537,0.0
537,64.0
537,0.0
537,63.0
538,0.0
538,0.0
538,64.0
538,0.0
538,63.0
539,0.0
539,0.0
539,64.0
539,0.0
539,63.0
540,0.0
540,0.0
540,0.0
540,64.0
540,63.0
541,0.0
541,0.0
541,0.0
541,64.0
541,63.0
542,0.0
542,0.0
542,0.0
542,64.0
542,63.0
543,0.0
543,0.0
543,0.0
543,64.0
543,63.0
544,0.0
544,0.0
544,0.0
544,64.0
544,63.0
545,0.0
545,0.0
545,64.0
545,63.0
545,0.0
546,0.0
546,0.0
546,64.0
546,63.0
546,0.0
547,0.0
547,0.0
547,64.0
547,63.0
547,0.0
548,0.0
548,0.0
548,64.0
548,63.0
548,0.0
549,0.0
549,0.0
549,64.0
549,63.0
549,0.0
550,0.0
550,0.0
550,64.0
550,63.0
550,0.0
551,0.0
551,0.0
551,64.0
551,63.0
551,0.0
552,0.0
552,0.0
552,64.0
552,63.0
552,0.0
553,0.0
553,0.0
553,64.0
553,63.0
553,0.0
554,0.0
554,0.0
554,64.0
554,63.0
554,0.0
555,0.0
555,0.0
555,64.0
555,63.0
555,0.0
556,0.0
556,0.0
556,64.0
556,63.0
556,0.0
557,0.0
557,0.0
557,64.0
557,63.0
557,0.0
558,0.0
558,0.0
558,64.0
558,63.0
558,0.0
559,0.0
559,0.0
559,64.0
559,63.0
559,0.0
560,0.0
560,0.0
560,64.0
560,0.0
560,63.0
561,0.0
561,0.0
561,64.0
561,0.0
561,63.0
562,0.0
562,0.0
562,64.0
562,0.0
562,63.0
563,0.0
563,0.0
563,64.0
563,0.0
563,63.0
564,0.0
564,0.0
564,64.0
564,0.0
564,63.0
565,0.0
565,0.0
565,64.0
566,0.0
566,0.0
566,64.0
567,0.0
567,0.0
567,64.0
568,0.0
568,0.0
568,64.0
569,0.0
569,0.0
569,64.0
570,0.0
570,0.0
570,64.0
571,0.0
571,0.0
571,64.0
572,0.0
572,0.0
572,64.0
573,0.0
573,0.0
573,64.0
574,0.0
574,0.0
574,64.0
