1,2.0
1,2.0
1,7.0
1,2.0
1,7.0
1,0.0
1,56.0
2,2.0
2,2.0
2,7.0
2,2.0
2,7.0
2,0.0
2,56.0
3,2.0
3,2.0
3,7.0
3,2.0
3,7.0
3,0.0
3,56.0
4,2.0
4,2.0
4,7.0
4,2.0
4,7.0
4,0.0
4,56.0
5,2.0
5,2.0
5,7.0
5,2.0
5,0.0
5,7.0
5,56.0
6,2.0
6,2.0
6,7.0
6,2.0
6,0.0
6,7.0
6,56.0
7,2.0
7,2.0
7,7.0
7,2.0
7,0.0
7,7.0
7,56.0
8,2.0
8,2.0
8,2.0
8,0.0
8,7.0
8,7.0
8,56.0
9,2.0
9,2.0
9,2.0
9,0.0
9,7.0
9,7.0
10,2.0
10,2.0
10,2.0
10,7.0
10,7.0
10,0.0
10,56.0
11,2.0
11,2.0
11,2.0
11,7.0
11,7.0
11,0.0
11,56.0
12,2.0
12,2.0
12,2.0
12,7.0
12,7.0
13,2.0
13,2.0
13,2.0
13,7.0
14,2.0
14,2.0
14,2.0
14,7.0
15,2.0
15,2.0
15,7.0
15,2.0
16,2.0
16,2.0
16,7.0
16,2.0
17,2.0
17,2.0
17,7.0
17,2.0
18,2.0
18,7.0
18,2.0
18,2.0
18,7.0
19,2.0
19,7.0
19,2.0
19,2.0
19,7.0
20,2.0
20,2.0
20,7.0
20,2.0
20,7.0
20,0.0
21,2.0
21,2.0
21,7.0
21,2.0
21,7.0
21,0.0
22,2.0
22,2.0
22,7.0
22,2.0
22,7.0
22,0.0
23,2.0
23,2.0
23,2.0
23,7.0
23,0.0
24,2.0
24,2.0
24,2.0
24,7.0
24,0.0
25,2.0
25,2.0
25,2.0
25,7.0
26,2.0
26,2.0
26,2.0
26,7.0
27,2.0
27,2.0
27,2.0
27,7.0
28,2.0
28,2.0
28,7.0
28,2.0
29,2.0
29,2.0
29,7.0
29,2.0
30,2.0
30,7.0
30,2.0
30,2.0
31,2.0
31,7.0
31,2.0
31,2.0
32,2.0
32,7.0
32,2.0
32,2.0
33,2.0
33,2.0
33,7.0
33,2.0
34,2.0
34,7.0
34,2.0
34,2.0
35,2.0
35,7.0
35,2.0
35,2.0
36,2.0
36,7.0
36,2.0
36,2.0
37,2.0
37,7.0
37,2.0
37,2.0
38,2.0
38,2.0
38,7.0
39,2.0
39,2.0
39,7.0
40,2.0
40,7.0
40,2.0
40,2.0
41,2.0
41,7.0
41,2.0
41,2.0
42,2.0
42,7.0
42,2.0
42,2.0
43,2.0
43,7.0
43,2.0
43,2.0
44,2.0
44,7.0
44,2.0
44,2.0
45,2.0
45,7.0
45,2.0
46,2.0
46,7.0
46,2.0
47,2.0
47,7.0
47,2.0
48,2.0
48,7.0
48,2.0
49,2.0
49,7.0
49,2.0
50,2.0
50,7.0
50,2.0
51,2.0
51,7.0
51,2.0
52,2.0
52,7.0
52,2.0
53,2.0
53,7.0
53,2.0
54,2.0
54,7.0
54,2.0
55,2.0
55,7.0
55,2.0
56,2.0
56,7.0
56,2.0
57,2.0
57,7.0
57,2.0
58,2.0
58,7.0
58,2.0
59,2.0
59,7.0
59,2.0
60,2.0
60,7.0
60,2.0
60,0.0
61,2.0
61,7.0
61,2.0
61,0.0
62,2.0
62,7.0
62,2.0
62,0.0
63,2.0
63,7.0
63,2.0
64,2.0
64,7.0
64,2.0
65,2.0
65,7.0
65,2.0
66,2.0
66,7.0
66,2.0
67,2.0
67,7.0
67,2.0
68,2.0
68,7.0
68,2.0
69,2.0
69,7.0
69,2.0
70,2.0
70,7.0
70,2.0
70,0.0
71,2.0
71,7.0
71,2.0
71,0.0
72,2.0
72,7.0
72,2.0
72,0.0
73,2.0
73,7.0
73,2.0
73,0.0
74,2.0
74,7.0
74,2.0
74,0.0
75,2.0
75,7.0
75,2.0
75,0.0
76,2.0
76,7.0
76,2.0
76,0.0
77,2.0
77,7.0
77,2.0
77,0.0
78,2.0
78,7.0
78,2.0
78,0.0
79,2.0
79,7.0
79,2.0
79,0.0
80,2.0
80,7.0
80,2.0
80,0.0
80,0.0
81,2.0
81,7.0
81,2.0
81,0.0
81,0.0
82,2.0
82,7.0
82,2.0
82,0.0
82,0.0
83,2.0
83,7.0
83,2.0
83,0.0
84,2.0
84,7.0
84,2.0
84,0.0
85,2.0
85,7.0
85,2.0
85,0.0
85,2.0
85,0.0
85,56.0
86,2.0
86,7.0
86,2.0
86,0.0
86,2.0
86,0.0
86,56.0
87,2.0
87,7.0
87,2.0
87,0.0
87,2.0
87,0.0
87,56.0
88,2.0
88,7.0
88,2.0
88,0.0
89,2.0
89,7.0
89,2.0
89,0.0
90,2.0
90,7.0
90,0.0
90,2.0
91,2.0
91,7.0
91,0.0
91,2.0
92,2.0
92,7.0
92,0.0
92,2.0
93,2.0
93,7.0
93,2.0
93,0.0
94,2.0
94,7.0
94,2.0
94,0.0
95,2.0
95,7.0
95,2.0
95,0.0
96,2.0
96,7.0
96,2.0
96,0.0
97,2.0
97,7.0
97,2.0
97,0.0
98,2.0
98,7.0
98,2.0
98,0.0
99,2.0
99,7.0
99,2.0
99,0.0
100,2.0
100,7.0
100,2.0
100,0.0
100,0.0
100,56.0
101,2.0
101,7.0
101,2.0
101,0.0
101,56.0
101,0.0
102,2.0
102,7.0
102,2.0
102,0.0
102,56.0
102,0.0
103,2.0
103,7.0
103,2.0
103,0.0
103,0.0
103,56.0
104,2.0
104,7.0
104,2.0
104,0.0
104,0.0
104,56.0
105,2.0
105,7.0
105,2.0
105,0.0
105,56.0
106,2.0
106,7.0
106,2.0
106,0.0
106,56.0
107,2.0
107,7.0
107,2.0
107,0.0
107,56.0
108,2.0
108,7.0
108,2.0
108,0.0
108,56.0
109,2.0
109,7.0
109,2.0
109,0.0
109,56.0
110,2.0
110,7.0
110,0.0
110,2.0
110,56.0
111,2.0
111,7.0
111,0.0
111,2.0
111,56.0
112,2.0
112,7.0
112,0.0
112,2.0
112,56.0
113,2.0
113,7.0
113,0.0
113,56.0
113,0.0
114,2.0
114,7.0
114,0.0
114,56.0
114,0.0
115,2.0
115,7.0
115,0.0
115,0.0
115,56.0
116,2.0
116,7.0
116,0.0
116,0.0
116,56.0
117,2.0
117,7.0
117,0.0
117,0.0
117,56.0
118,2.0
118,0.0
118,7.0
118,0.0
118,2.0
118,56.0
119,2.0
119,0.0
119,7.0
119,0.0
119,2.0
119,56.0
120,0.0
120,7.0
120,2.0
120,2.0
120,56.0
121,0.0
121,7.0
121,2.0
121,2.0
121,56.0
122,0.0
122,7.0
122,2.0
122,2.0
122,56.0
123,0.0
123,7.0
123,2.0
123,56.0
123,2.0
124,0.0
124,7.0
124,2.0
124,56.0
124,2.0
125,0.0
125,7.0
125,2.0
126,0.0
126,7.0
126,2.0
127,0.0
127,7.0
127,2.0
128,0.0
128,2.0
128,2.0
128,7.0
129,0.0
129,2.0
129,2.0
129,7.0
130,2.0
130,2.0
130,0.0
130,7.0
131,2.0
131,2.0
131,0.0
131,7.0
132,2.0
132,2.0
132,0.0
132,7.0
133,2.0
133,7.0
133,2.0
133,0.0
134,2.0
134,7.0
134,2.0
134,0.0
135,2.0
135,7.0
135,2.0
135,2.0
135,0.0
136,2.0
136,7.0
136,2.0
136,2.0
136,0.0
137,2.0
137,7.0
137,2.0
137,2.0
137,0.0
138,2.0
138,2.0
138,7.0
138,2.0
139,2.0
139,2.0
139,7.0
139,2.0
140,2.0
140,2.0
140,2.0
140,0.0
140,7.0
141,2.0
141,2.0
141,2.0
141,0.0
141,7.0
142,2.0
142,2.0
142,2.0
142,0.0
142,7.0
143,2.0
143,2.0
143,7.0
143,0.0
143,2.0
144,2.0
144,2.0
144,7.0
144,0.0
144,2.0
145,2.0
145,2.0
145,0.0
145,7.0
145,2.0
146,2.0
146,2.0
146,0.0
146,7.0
146,2.0
147,2.0
147,2.0
147,0.0
147,7.0
147,2.0
148,2.0
148,2.0
148,7.0
148,2.0
148,0.0
149,2.0
149,2.0
149,7.0
149,2.0
149,0.0
150,2.0
150,2.0
150,7.0
150,2.0
151,2.0
151,2.0
151,7.0
151,2.0
152,2.0
152,2.0
152,7.0
152,2.0
153,2.0
153,2.0
153,7.0
153,2.0
154,2.0
154,2.0
154,7.0
154,2.0
155,2.0
155,2.0
155,7.0
155,2.0
156,2.0
156,2.0
156,7.0
156,2.0
157,2.0
157,2.0
157,7.0
157,2.0
158,2.0
158,2.0
158,7.0
158,2.0
159,2.0
159,2.0
159,7.0
159,2.0
160,2.0
160,2.0
160,7.0
160,0.0
161,2.0
161,2.0
161,7.0
161,0.0
162,2.0
162,2.0
162,7.0
162,0.0
163,2.0
163,0.0
163,7.0
164,2.0
164,0.0
164,7.0
165,0.0
165,2.0
165,7.0
166,0.0
166,2.0
166,7.0
167,0.0
167,2.0
167,7.0
168,0.0
168,7.0
168,2.0
169,0.0
169,7.0
169,2.0
170,0.0
170,2.0
170,7.0
171,0.0
171,2.0
171,7.0
172,0.0
172,2.0
172,7.0
173,0.0
173,7.0
173,2.0
174,0.0
174,7.0
174,2.0
175,0.0
175,2.0
176,0.0
176,2.0
177,0.0
177,2.0
178,0.0
178,2.0
178,2.0
179,0.0
179,2.0
179,2.0
180,0.0
180,2.0
180,2.0
180,2.0
181,0.0
181,2.0
181,2.0
181,2.0
182,0.0
182,2.0
182,2.0
182,2.0
183,0.0
183,2.0
183,2.0
183,2.0
184,0.0
184,2.0
184,2.0
184,2.0
185,0.0
185,2.0
185,2.0
185,2.0
186,0.0
186,2.0
186,2.0
186,2.0
187,0.0
187,2.0
187,2.0
187,2.0
188,0.0
188,2.0
188,2.0
188,2.0
189,0.0
189,2.0
189,2.0
189,2.0
190,0.0
190,2.0
190,2.0
190,2.0
191,0.0
191,2.0
191,2.0
191,2.0
192,0.0
192,2.0
192,2.0
192,2.0
193,2.0
193,0.0
193,2.0
193,2.0
194,2.0
194,0.0
194,2.0
194,2.0
195,2.0
195,0.0
195,2.0
195,2.0
196,2.0
196,0.0
196,2.0
196,2.0
197,2.0
197,0.0
197,2.0
197,2.0
198,2.0
198,0.0
198,2.0
198,2.0
199,2.0
199,0.0
199,2.0
199,2.0
200,2.0
200,2.0
200,0.0
200,2.0
201,2.0
201,2.0
201,0.0
201,2.0
202,2.0
202,2.0
202,0.0
202,2.0
203,2.0
203,2.0
203,2.0
204,2.0
204,2.0
204,2.0
205,2.0
205,2.0
205,2.0
205,0.0
206,2.0
206,2.0
206,2.0
206,0.0
207,2.0
207,2.0
207,2.0
207,0.0
208,2.0
208,2.0
208,2.0
208,0.0
209,2.0
209,2.0
209,2.0
209,0.0
210,2.0
210,2.0
210,2.0
210,0.0
210,0.0
211,2.0
211,2.0
211,2.0
211,0.0
211,0.0
212,2.0
212,2.0
212,2.0
212,0.0
212,0.0
213,2.0
213,2.0
213,2.0
213,0.0
213,7.0
214,2.0
214,2.0
214,2.0
214,0.0
214,7.0
215,2.0
215,2.0
215,0.0
216,2.0
216,2.0
216,0.0
217,2.0
217,2.0
217,0.0
218,2.0
218,2.0
218,0.0
219,2.0
219,2.0
219,0.0
220,2.0
220,2.0
220,0.0
220,2.0
221,2.0
221,2.0
221,0.0
221,2.0
222,2.0
222,2.0
222,0.0
222,2.0
223,2.0
223,2.0
223,0.0
223,2.0
224,2.0
224,2.0
224,0.0
224,2.0
225,2.0
225,2.0
225,2.0
225,0.0
226,2.0
226,2.0
226,2.0
226,0.0
227,2.0
227,2.0
227,2.0
227,0.0
228,2.0
228,2.0
228,2.0
228,0.0
229,2.0
229,2.0
229,0.0
229,2.0
230,2.0
230,2.0
230,2.0
230,0.0
231,2.0
231,2.0
231,2.0
231,0.0
232,2.0
232,2.0
232,2.0
232,0.0
233,2.0
233,2.0
233,0.0
233,2.0
234,2.0
234,2.0
234,0.0
234,2.0
235,2.0
235,2.0
235,0.0
235,2.0
236,2.0
236,2.0
236,0.0
236,2.0
237,2.0
237,2.0
237,0.0
237,2.0
238,2.0
238,2.0
238,0.0
238,2.0
239,2.0
239,2.0
239,0.0
239,2.0
240,2.0
240,2.0
240,2.0
240,0.0
241,2.0
241,2.0
241,2.0
241,0.0
242,2.0
242,2.0
242,2.0
242,0.0
243,2.0
243,2.0
243,2.0
243,0.0
244,2.0
244,2.0
244,2.0
244,0.0
245,2.0
245,2.0
245,2.0
245,0.0
246,2.0
246,2.0
246,2.0
246,0.0
247,2.0
247,2.0
247,2.0
247,0.0
248,2.0
248,2.0
248,2.0
248,0.0
249,2.0
249,2.0
249,2.0
249,0.0
250,2.0
250,2.0
250,2.0
250,0.0
251,2.0
251,2.0
251,2.0
251,0.0
252,2.0
252,2.0
252,2.0
252,0.0
253,2.0
253,2.0
253,2.0
253,0.0
254,2.0
254,2.0
254,2.0
254,0.0
255,2.0
255,2.0
255,0.0
255,2.0
256,2.0
256,2.0
256,0.0
256,2.0
257,2.0
257,2.0
257,0.0
257,2.0
258,2.0
258,2.0
258,0.0
258,2.0
259,2.0
259,2.0
259,0.0
259,2.0
260,2.0
260,2.0
260,2.0
260,0.0
261,2.0
261,2.0
261,2.0
261,0.0
262,2.0
262,2.0
262,2.0
262,0.0
263,2.0
263,2.0
263,2.0
263,0.0
264,2.0
264,2.0
264,2.0
264,0.0
265,2.0
265,2.0
265,2.0
265,0.0
266,2.0
266,2.0
266,2.0
266,0.0
267,2.0
267,2.0
267,2.0
267,0.0
268,2.0
268,2.0
268,2.0
268,0.0
269,2.0
269,2.0
269,2.0
269,0.0
270,2.0
270,0.0
270,2.0
270,2.0
271,2.0
271,0.0
271,2.0
271,2.0
272,2.0
272,0.0
272,2.0
272,2.0
273,2.0
273,0.0
273,0.0
273,2.0
273,2.0
274,2.0
274,0.0
274,0.0
274,2.0
274,2.0
275,2.0
275,0.0
275,0.0
275,2.0
276,2.0
276,0.0
276,0.0
276,2.0
277,2.0
277,0.0
277,0.0
277,2.0
278,2.0
278,0.0
278,0.0
278,7.0
279,2.0
279,0.0
279,0.0
279,7.0
280,2.0
280,0.0
281,2.0
281,0.0
282,2.0
282,0.0
283,2.0
283,0.0
283,0.0
283,0.0
283,2.0
284,2.0
284,0.0
284,0.0
284,0.0
284,2.0
285,2.0
285,0.0
285,0.0
285,2.0
286,2.0
286,0.0
286,0.0
286,2.0
287,2.0
287,0.0
287,0.0
287,2.0
288,0.0
288,2.0
288,0.0
288,2.0
289,0.0
289,2.0
289,0.0
289,2.0
289,2.0
290,2.0
290,0.0
290,2.0
290,0.0
290,2.0
291,2.0
291,0.0
291,2.0
291,0.0
291,2.0
292,2.0
292,0.0
292,2.0
292,0.0
292,2.0
293,2.0
293,0.0
293,2.0
293,0.0
294,2.0
294,0.0
294,2.0
294,0.0
295,0.0
295,2.0
295,2.0
295,0.0
296,0.0
296,2.0
296,2.0
296,0.0
297,0.0
297,2.0
297,2.0
297,0.0
298,0.0
298,2.0
298,2.0
298,0.0
299,0.0
299,2.0
299,2.0
299,0.0
300,0.0
300,2.0
300,0.0
300,2.0
301,0.0
301,2.0
301,0.0
301,2.0
302,0.0
302,2.0
302,0.0
302,2.0
303,0.0
303,0.0
303,2.0
303,2.0
303,7.0
304,0.0
304,0.0
304,2.0
304,2.0
304,7.0
305,0.0
305,0.0
305,2.0
305,2.0
305,7.0
305,7.0
306,0.0
306,0.0
306,2.0
306,2.0
306,7.0
306,7.0
307,0.0
307,0.0
307,2.0
307,2.0
307,7.0
307,7.0
308,0.0
308,2.0
308,0.0
308,2.0
308,7.0
309,0.0
309,2.0
309,0.0
309,2.0
309,7.0
310,0.0
310,2.0
310,2.0
310,7.0
310,0.0
311,0.0
311,2.0
311,2.0
311,7.0
311,0.0
312,0.0
312,2.0
312,2.0
312,7.0
312,0.0
313,0.0
313,2.0
313,2.0
313,7.0
314,0.0
314,2.0
314,2.0
314,7.0
315,0.0
315,2.0
315,2.0
315,7.0
315,0.0
316,0.0
316,2.0
316,2.0
316,7.0
316,0.0
317,0.0
317,2.0
317,2.0
317,7.0
317,0.0
318,0.0
318,2.0
318,2.0
318,7.0
319,0.0
319,2.0
319,2.0
319,7.0
320,0.0
320,2.0
320,2.0
320,7.0
321,0.0
321,2.0
321,2.0
321,7.0
322,0.0
322,2.0
322,2.0
322,7.0
323,0.0
323,2.0
323,2.0
323,7.0
324,0.0
324,2.0
324,2.0
324,7.0
325,0.0
325,2.0
325,2.0
325,0.0
326,0.0
326,2.0
326,2.0
326,0.0
327,0.0
327,2.0
327,2.0
327,0.0
328,0.0
328,2.0
328,2.0
329,0.0
329,2.0
329,2.0
330,0.0
330,2.0
330,2.0
331,0.0
331,2.0
331,2.0
332,0.0
332,2.0
332,2.0
333,0.0
333,2.0
333,2.0
334,0.0
334,2.0
334,2.0
335,0.0
335,2.0
335,2.0
335,7.0
336,0.0
336,2.0
336,2.0
336,7.0
337,0.0
337,2.0
337,2.0
337,7.0
338,0.0
338,2.0
338,2.0
338,7.0
339,0.0
339,2.0
339,2.0
339,7.0
340,2.0
340,0.0
340,2.0
340,7.0
341,2.0
341,0.0
341,2.0
341,7.0
342,2.0
342,0.0
342,2.0
342,7.0
343,2.0
343,0.0
343,2.0
343,7.0
344,2.0
344,0.0
344,2.0
344,7.0
345,2.0
345,0.0
345,2.0
345,7.0
346,2.0
346,0.0
346,2.0
346,7.0
347,2.0
347,0.0
347,2.0
347,7.0
348,2.0
348,0.0
348,2.0
348,7.0
349,2.0
349,0.0
349,2.0
349,7.0
350,2.0
350,0.0
350,2.0
350,0.0
350,26.0
351,2.0
351,0.0
351,2.0
351,0.0
351,26.0
352,2.0
352,0.0
352,2.0
352,0.0
352,26.0
353,2.0
353,0.0
353,2.0
353,7.0
353,0.0
354,2.0
354,0.0
354,2.0
354,7.0
354,0.0
355,2.0
355,0.0
355,2.0
355,7.0
355,0.0
355,0.0
356,2.0
356,0.0
356,2.0
356,7.0
356,0.0
356,0.0
357,2.0
357,0.0
357,2.0
357,7.0
357,0.0
357,0.0
358,2.0
358,0.0
358,2.0
358,0.0
358,0.0
359,2.0
359,0.0
359,2.0
359,0.0
359,0.0
360,2.0
360,0.0
360,0.0
360,2.0
360,7.0
360,0.0
361,2.0
361,0.0
361,0.0
361,2.0
361,7.0
361,0.0
362,2.0
362,0.0
362,0.0
362,2.0
362,7.0
362,0.0
363,2.0
363,0.0
363,0.0
363,2.0
363,7.0
363,0.0
364,2.0
364,0.0
364,0.0
364,2.0
364,7.0
364,0.0
365,2.0
365,0.0
365,0.0
365,2.0
365,7.0
365,0.0
366,2.0
366,0.0
366,0.0
366,7.0
366,2.0
366,0.0
367,2.0
367,0.0
367,0.0
367,7.0
367,2.0
367,0.0
368,2.0
368,0.0
368,0.0
368,2.0
369,2.0
369,0.0
369,0.0
369,2.0
370,2.0
370,0.0
370,0.0
370,2.0
370,7.0
371,2.0
371,0.0
371,0.0
371,2.0
371,7.0
372,2.0
372,0.0
372,0.0
372,2.0
372,7.0
373,2.0
373,0.0
373,0.0
373,2.0
373,7.0
374,2.0
374,0.0
374,0.0
374,2.0
374,7.0
375,2.0
375,0.0
375,0.0
375,2.0
375,7.0
375,0.0
376,2.0
376,0.0
376,0.0
376,2.0
376,7.0
376,0.0
377,2.0
377,0.0
377,0.0
377,2.0
377,7.0
377,0.0
378,2.0
378,0.0
378,7.0
378,2.0
378,0.0
378,0.0
379,2.0
379,0.0
379,7.0
379,2.0
379,0.0
379,0.0
380,2.0
380,0.0
380,0.0
380,2.0
380,7.0
380,0.0
381,2.0
381,0.0
381,0.0
381,2.0
381,7.0
381,0.0
382,2.0
382,0.0
382,0.0
382,2.0
382,7.0
382,0.0
383,2.0
383,0.0
383,0.0
383,7.0
383,2.0
384,2.0
384,0.0
384,0.0
384,7.0
384,2.0
385,2.0
385,0.0
385,0.0
385,7.0
385,2.0
385,0.0
386,2.0
386,0.0
386,0.0
386,7.0
386,2.0
386,0.0
387,2.0
387,0.0
387,0.0
387,7.0
387,2.0
387,0.0
388,2.0
388,0.0
388,0.0
388,2.0
388,7.0
388,0.0
389,2.0
389,0.0
389,0.0
389,2.0
389,7.0
389,0.0
390,2.0
390,0.0
390,0.0
390,2.0
390,7.0
391,2.0
391,0.0
391,0.0
391,2.0
391,7.0
392,2.0
392,0.0
392,0.0
392,2.0
392,7.0
393,2.0
393,0.0
393,0.0
393,2.0
393,7.0
394,2.0
394,0.0
394,0.0
394,2.0
394,7.0
395,2.0
395,0.0
395,0.0
395,2.0
395,7.0
396,2.0
396,0.0
396,0.0
396,2.0
396,7.0
397,2.0
397,0.0
397,0.0
397,2.0
397,7.0
398,2.0
398,0.0
398,0.0
398,2.0
398,7.0
399,2.0
399,0.0
399,0.0
399,2.0
399,7.0
400,2.0
400,0.0
400,0.0
400,2.0
400,7.0
401,2.0
401,0.0
401,0.0
401,2.0
401,7.0
402,2.0
402,0.0
402,0.0
402,2.0
402,7.0
403,0.0
403,2.0
403,0.0
403,2.0
403,7.0
404,0.0
404,2.0
404,0.0
404,2.0
404,7.0
405,0.0
405,2.0
405,0.0
405,2.0
405,7.0
