6,0.0
7,0.0
8,0.0
9,0.0
10,0.0
11,0.0
12,0.0
13,0.0
15,0.0
16,0.0
17,0.0
18,0.0
19,0.0
20,0.0
21,0.0
22,0.0
23,0.0
24,0.0
25,0.0
26,0.0
27,0.0
28,0.0
29,0.0
30,0.0
31,0.0
32,0.0
33,0.0
34,0.0
35,0.0
36,0.0
37,0.0
38,0.0
39,0.0
40,0.0
41,0.0
42,0.0
43,0.0
44,0.0
45,0.0
46,0.0
47,0.0
48,0.0
49,0.0
50,0.0
51,0.0
52,0.0
53,0.0
54,0.0
55,0.0
56,0.0
57,0.0
58,0.0
59,0.0
60,0.0
61,0.0
62,0.0
63,0.0
64,0.0
65,0.0
66,0.0
67,0.0
68,0.0
69,0.0
70,0.0
71,0.0
72,0.0
73,0.0
74,0.0
75,0.0
76,0.0
77,0.0
78,0.0
79,0.0
80,0.0
81,0.0
82,0.0
83,0.0
84,0.0
85,0.0
86,0.0
87,0.0
88,0.0
89,0.0
90,0.0
91,0.0
92,0.0
93,0.0
94,0.0
95,0.0
96,0.0
97,0.0
98,0.0
99,0.0
100,0.0
101,0.0
102,0.0
103,0.0
104,0.0
105,0.0
106,0.0
107,0.0
108,0.0
109,0.0
110,0.0
111,0.0
112,0.0
113,0.0
114,0.0
115,0.0
116,0.0
117,0.0
118,0.0
119,0.0
120,0.0
121,0.0
122,0.0
123,0.0
124,0.0
125,0.0
126,0.0
127,0.0
128,0.0
129,0.0
130,0.0
131,0.0
132,0.0
133,0.0
134,0.0
135,0.0
136,0.0
137,0.0
138,0.0
139,0.0
140,0.0
141,0.0
142,0.0
143,0.0
144,0.0
145,0.0
146,0.0
147,0.0
148,0.0
149,0.0
150,0.0
151,0.0
152,0.0
153,0.0
154,0.0
155,0.0
156,0.0
157,0.0
158,0.0
159,0.0
160,0.0
161,0.0
162,0.0
163,0.0
164,0.0
165,0.0
166,0.0
167,0.0
168,0.0
169,0.0
170,0.0
171,0.0
172,0.0
173,0.0
174,0.0
175,0.0
176,0.0
177,0.0
178,0.0
179,0.0
180,0.0
181,0.0
182,0.0
183,0.0
184,0.0
185,0.0
186,0.0
187,0.0
188,0.0
189,0.0
190,0.0
191,0.0
192,0.0
193,0.0
194,0.0
195,0.0
196,0.0
197,0.0
198,0.0
199,0.0
200,0.0
201,0.0
202,0.0
203,0.0
204,0.0
205,0.0
206,0.0
207,0.0
208,0.0
209,0.0
210,0.0
211,0.0
212,0.0
213,0.0
214,0.0
215,0.0
216,0.0
217,0.0
218,0.0
219,0.0
220,0.0
221,0.0
222,0.0
223,0.0
224,0.0
225,0.0
226,0.0
227,0.0
228,0.0
229,0.0
230,0.0
231,0.0
232,0.0
233,0.0
234,0.0
235,0.0
236,0.0
237,0.0
238,0.0
239,0.0
240,0.0
241,0.0
242,0.0
243,0.0
244,0.0
245,0.0
246,0.0
247,0.0
248,0.0
249,0.0
250,0.0
251,0.0
252,0.0
253,0.0
254,0.0
255,0.0
256,0.0
257,0.0
258,0.0
259,0.0
260,0.0
261,0.0
459,2.0
460,2.0
461,2.0
474,2.0
475,2.0
476,2.0
477,2.0
478,2.0
479,2.0
480,2.0
481,2.0
482,2.0
483,2.0
484,2.0
485,2.0
486,2.0
487,2.0
629,2.0
630,2.0
634,2.0
649,2.0
667,2.0
668,2.0
669,2.0
670,2.0
673,2.0
708,2.0
710,0.0
711,0.0
712,0.0
713,0.0
714,0.0
715,0.0
716,0.0
717,0.0
718,0.0
764,0.0
768,0.0
771,0.0
772,0.0
773,0.0
777,2.0
777,0.0
778,2.0
778,0.0
779,0.0
780,0.0
781,0.0
782,0.0
783,0.0
784,0.0
784,2.0
785,0.0
785,2.0
785,0.0
786,0.0
786,0.0
787,0.0
787,0.0
788,0.0
788,0.0
789,0.0
789,2.0
790,0.0
791,0.0
792,0.0
793,0.0
794,0.0
795,0.0
796,0.0
797,2.0
800,0.0
801,0.0
802,0.0
802,0.0
803,0.0
803,0.0
804,0.0
804,0.0
804,2.0
805,0.0
806,0.0
807,0.0
808,0.0
809,0.0
810,0.0
810,2.0
811,0.0
811,0.0
812,0.0
813,0.0
813,2.0
813,0.0
814,0.0
814,0.0
815,0.0
815,0.0
815,2.0
816,2.0
816,0.0
816,0.0
817,0.0
817,0.0
818,0.0
819,0.0
820,0.0
821,0.0
821,2.0
822,0.0
822,2.0
823,0.0
823,2.0
824,0.0
824,2.0
824,0.0
825,0.0
825,0.0
826,0.0
826,0.0
827,0.0
827,0.0
828,0.0
828,0.0
829,0.0
829,0.0
830,0.0
830,0.0
831,0.0
832,0.0
833,0.0
834,0.0
834,0.0
835,0.0
835,0.0
836,0.0
836,0.0
836,2.0
837,0.0
837,0.0
838,0.0
838,0.0
839,0.0
839,0.0
839,0.0
840,0.0
840,0.0
840,0.0
841,0.0
841,0.0
842,0.0
842,0.0
843,0.0
843,0.0
843,0.0
844,0.0
844,0.0
844,0.0
845,0.0
846,0.0
846,0.0
847,0.0
847,0.0
848,0.0
848,0.0
849,0.0
849,0.0
850,0.0
850,0.0
850,0.0
851,0.0
851,0.0
851,0.0
852,0.0
852,0.0
853,0.0
853,0.0
854,0.0
854,0.0
855,0.0
855,0.0
856,0.0
856,0.0
857,0.0
857,0.0
858,0.0
858,0.0
859,0.0
859,0.0
860,0.0
860,0.0
861,0.0
861,0.0
862,0.0
862,0.0
863,0.0
863,0.0
863,0.0
864,0.0
864,0.0
864,0.0
865,0.0
865,0.0
866,0.0
866,0.0
866,0.0
867,0.0
867,0.0
868,0.0
868,0.0
869,0.0
869,0.0
869,0.0
870,0.0
870,0.0
870,0.0
871,0.0
871,0.0
871,0.0
872,0.0
872,0.0
872,0.0
873,0.0
873,0.0
873,0.0
874,0.0
874,0.0
874,0.0
875,0.0
875,0.0
875,0.0
876,0.0
876,0.0
876,0.0
877,0.0
877,0.0
878,0.0
878,0.0
879,0.0
879,0.0
880,0.0
880,0.0
881,0.0
881,0.0
882,0.0
882,0.0
883,0.0
883,0.0
884,0.0
885,0.0
886,0.0
887,0.0
888,0.0
889,0.0
890,0.0
891,0.0
892,0.0
893,0.0
894,0.0
895,0.0
896,0.0
896,0.0
897,0.0
897,0.0
898,0.0
898,0.0
899,0.0
900,0.0
901,0.0
901,0.0
902,0.0
902,0.0
903,0.0
904,0.0
905,0.0
905,0.0
906,0.0
906,0.0
907,0.0
907,0.0
908,0.0
908,0.0
908,0.0
909,0.0
909,0.0
909,0.0
910,0.0
910,0.0
910,0.0
911,0.0
911,0.0
911,0.0
912,0.0
912,0.0
912,0.0
913,0.0
913,0.0
913,0.0
914,0.0
914,0.0
915,0.0
915,0.0
916,0.0
916,0.0
917,0.0
917,0.0
918,0.0
919,0.0
920,0.0
920,0.0
921,0.0
921,0.0
921,0.0
922,0.0
922,0.0
923,0.0
923,0.0
924,0.0
924,0.0
925,0.0
925,0.0
926,0.0
926,0.0
926,0.0
927,0.0
927,0.0
927,0.0
928,0.0
928,0.0
929,0.0
929,0.0
930,0.0
930,0.0
931,0.0
931,0.0
932,0.0
932,0.0
933,0.0
933,0.0
934,0.0
934,0.0
935,0.0
935,0.0
936,0.0
936,0.0
936,0.0
937,0.0
937,0.0
937,0.0
938,0.0
938,0.0
938,0.0
939,0.0
939,0.0
940,0.0
940,0.0
941,0.0
941,0.0
942,0.0
942,0.0
943,0.0
943,0.0
944,0.0
944,0.0
945,0.0
945,0.0
946,0.0
946,0.0
947,0.0
947,0.0
948,0.0
948,0.0
949,0.0
949,0.0
950,0.0
950,0.0
951,0.0
951,0.0
952,0.0
952,0.0
952,0.0
953,0.0
953,0.0
953,0.0
954,0.0
954,0.0
954,0.0
955,0.0
955,0.0
955,2.0
956,0.0
956,0.0
956,2.0
957,0.0
957,0.0
957,2.0
958,0.0
958,0.0
959,0.0
959,0.0
960,0.0
960,0.0
961,0.0
961,0.0
962,0.0
962,0.0
962,2.0
963,0.0
963,0.0
963,2.0
964,0.0
964,0.0
965,0.0
965,0.0
966,0.0
966,0.0
967,0.0
967,0.0
968,0.0
968,0.0
969,0.0
969,0.0
970,0.0
970,0.0
970,2.0
971,0.0
971,0.0
971,2.0
972,0.0
972,2.0
972,0.0
973,2.0
973,0.0
973,0.0
974,0.0
974,2.0
974,0.0
975,2.0
975,0.0
975,0.0
976,0.0
976,2.0
976,0.0
977,0.0
977,2.0
977,0.0
977,0.0
978,0.0
978,2.0
978,0.0
979,0.0
979,2.0
979,0.0
980,0.0
980,2.0
980,0.0
981,0.0
981,2.0
981,2.0
981,0.0
982,0.0
982,2.0
982,2.0
983,0.0
983,2.0
983,0.0
984,0.0
984,2.0
985,0.0
985,2.0
985,0.0
986,2.0
986,0.0
986,0.0
987,2.0
987,0.0
987,0.0
987,2.0
988,0.0
988,2.0
988,0.0
989,0.0
989,2.0
989,0.0
990,0.0
990,2.0
990,0.0
991,0.0
991,2.0
991,0.0
991,0.0
992,0.0
992,2.0
992,0.0
992,0.0
993,0.0
993,2.0
993,0.0
994,2.0
994,0.0
994,0.0
995,0.0
995,2.0
995,0.0
996,0.0
996,2.0
996,0.0
997,0.0
997,2.0
997,0.0
998,0.0
998,2.0
999,0.0
999,2.0
999,2.0
999,0.0
1000,0.0
1000,2.0
1000,2.0
1001,0.0
1001,2.0
1001,2.0
1002,0.0
1002,2.0
1002,2.0
1003,0.0
1003,2.0
1003,2.0
1004,0.0
1004,0.0
1004,2.0
1004,2.0
1005,0.0
1005,2.0
1005,7.0
1006,0.0
1006,0.0
1006,2.0
1006,2.0
1007,0.0
1007,0.0
1007,2.0
1007,2.0
1008,0.0
1008,0.0
1008,2.0
1008,2.0
1009,0.0
1009,2.0
1009,2.0
1010,0.0
1010,2.0
1010,0.0
1010,7.0
1010,2.0
1011,0.0
1011,2.0
1011,0.0
1011,7.0
1012,0.0
1012,2.0
1012,0.0
1012,2.0
1013,0.0
1013,2.0
1013,0.0
1014,0.0
1014,2.0
1014,0.0
1014,2.0
1015,0.0
1015,0.0
1015,2.0
1015,7.0
1016,0.0
1016,0.0
1016,2.0
1016,7.0
1017,0.0
1017,0.0
1017,2.0
1018,0.0
1018,0.0
1018,2.0
1018,7.0
1019,0.0
1019,0.0
1019,2.0
1019,7.0
1019,2.0
1020,0.0
1020,0.0
1020,2.0
1020,7.0
1021,0.0
1021,0.0
1021,2.0
1021,2.0
1022,0.0
1022,2.0
1022,2.0
1022,7.0
1023,0.0
1023,0.0
1023,2.0
1023,2.0
1024,0.0
1024,0.0
1024,2.0
1024,2.0
1025,0.0
1025,0.0
1025,2.0
1026,0.0
1026,0.0
1026,2.0
1026,2.0
1027,0.0
1027,0.0
1027,2.0
1027,2.0
1028,0.0
1028,0.0
1028,2.0
1028,2.0
1029,0.0
1029,2.0
1029,0.0
1029,2.0
1030,0.0
1030,0.0
1030,2.0
1030,2.0
1031,0.0
1031,0.0
1031,2.0
1031,2.0
1032,2.0
1032,0.0
1032,2.0
1032,0.0
1033,2.0
1033,0.0
1033,2.0
1033,0.0
1034,2.0
1034,2.0
1034,0.0
1034,0.0
1035,2.0
1035,2.0
1035,0.0
1035,0.0
1036,0.0
1036,2.0
1036,2.0
1036,0.0
1037,0.0
1037,2.0
1037,0.0
1037,2.0
1037,0.0
1038,0.0
1038,0.0
1038,2.0
1038,2.0
1039,0.0
1039,0.0
1039,2.0
1039,2.0
1040,0.0
1040,0.0
1040,2.0
1041,0.0
1041,0.0
1041,2.0
1042,0.0
1042,0.0
1042,2.0
1042,2.0
1043,0.0
1043,0.0
1043,2.0
1043,2.0
1044,0.0
1044,0.0
1044,2.0
1045,0.0
1046,0.0
1046,2.0
1047,0.0
1047,2.0
1048,0.0
1048,2.0
1048,2.0
1049,0.0
1049,2.0
1050,2.0
1051,2.0
1052,2.0
1053,2.0
1054,2.0
1055,2.0
1102,0.0
1103,0.0
1104,0.0
1105,2.0
1117,2.0
1120,2.0
1121,2.0
1122,2.0
1126,2.0
1127,2.0
1130,2.0
1132,2.0
1136,2.0
1351,2.0
1352,2.0
1353,2.0
1354,2.0
1356,2.0
1364,2.0
1365,2.0
1366,2.0
1367,2.0
1368,2.0
1369,2.0
1373,2.0
1374,2.0
1375,2.0
1376,2.0
1377,2.0
1378,2.0
1379,2.0
1380,2.0
1381,2.0
1382,2.0
1384,2.0
1385,2.0
1386,2.0
1387,2.0
1388,2.0
1389,2.0
1390,2.0
1391,2.0
1392,2.0
1393,2.0
1394,2.0
1395,2.0
1456,2.0
1458,2.0
1460,2.0
1463,7.0
1466,2.0
1467,7.0
1468,7.0
1473,7.0
1478,7.0
1479,7.0
1480,7.0
1481,7.0
1482,7.0
1483,7.0
1484,7.0
1485,7.0
1486,7.0
1487,7.0
1488,7.0
1489,7.0
1490,7.0
1491,7.0
1492,7.0
1493,7.0
1494,7.0
1495,7.0
1496,7.0
1497,7.0
1498,7.0
1499,7.0
1500,7.0
1501,7.0
1502,7.0
1503,7.0
1504,7.0
1505,7.0
1506,7.0
1507,7.0
1508,7.0
1509,7.0
1510,7.0
1511,7.0
1512,7.0
1513,7.0
1514,7.0
1515,7.0
1528,7.0
1703,2.0
1704,2.0
1705,2.0
1706,2.0
1707,2.0
1708,2.0
1733,2.0
1734,2.0
1735,2.0
1736,2.0
1737,2.0
1738,2.0
1739,2.0
1740,2.0
1741,2.0
1742,2.0
1743,2.0
1744,2.0
1745,2.0
1746,2.0
1747,2.0
1748,2.0
1749,2.0
1750,2.0
1751,2.0
1752,2.0
1753,2.0
1754,2.0
1755,2.0
1756,2.0
1757,2.0
1758,2.0
1759,2.0
1760,2.0
1761,2.0
1762,2.0
1763,2.0
1764,2.0
1765,2.0
1766,2.0
1767,2.0
1768,2.0
1769,2.0
1770,2.0
1771,2.0
