1,5.0
2,5.0
3,5.0
4,5.0
5,5.0
6,5.0
7,5.0
8,5.0
9,5.0
10,5.0
11,5.0
12,5.0
13,5.0
14,5.0
15,5.0
16,5.0
17,5.0
18,5.0
19,5.0
20,5.0
21,5.0
22,5.0
23,5.0
24,5.0
25,5.0
26,5.0
27,5.0
28,5.0
29,5.0
30,5.0
31,5.0
32,5.0
33,5.0
34,5.0
35,5.0
36,5.0
37,5.0
38,5.0
39,5.0
40,5.0
41,5.0
42,5.0
43,5.0
44,5.0
45,5.0
46,5.0
47,5.0
48,5.0
49,5.0
50,5.0
51,5.0
52,5.0
53,5.0
54,5.0
55,5.0
56,5.0
57,5.0
58,5.0
59,5.0
60,5.0
61,5.0
62,5.0
63,5.0
64,5.0
65,5.0
66,5.0
67,5.0
68,5.0
69,5.0
70,5.0
71,5.0
72,5.0
73,5.0
74,5.0
75,5.0
76,5.0
77,5.0
78,5.0
79,5.0
80,5.0
81,5.0
82,5.0
83,5.0
84,5.0
85,5.0
86,5.0
87,5.0
88,5.0
89,5.0
90,5.0
91,5.0
92,5.0
93,5.0
94,5.0
95,5.0
96,5.0
108,5.0
175,5.0
176,5.0
177,5.0
178,5.0
179,5.0
180,5.0
181,5.0
182,5.0
183,5.0
184,5.0
185,5.0
186,5.0
187,5.0
188,5.0
189,5.0
190,5.0
191,5.0
192,5.0
193,5.0
194,5.0
195,5.0
196,5.0
197,5.0
198,5.0
199,5.0
200,5.0
201,5.0
202,5.0
203,5.0
204,5.0
205,5.0
206,5.0
207,5.0
208,5.0
209,5.0
210,5.0
211,5.0
212,5.0
213,5.0
214,5.0
215,5.0
216,5.0
217,5.0
218,5.0
219,5.0
220,5.0
221,5.0
222,5.0
223,5.0
224,5.0
225,5.0
226,5.0
227,5.0
228,5.0
229,5.0
230,5.0
231,5.0
232,5.0
233,5.0
234,5.0
235,5.0
236,5.0
237,5.0
238,5.0
239,5.0
240,5.0
241,0.0
242,0.0
243,0.0
244,0.0
245,0.0
246,0.0
247,0.0
248,0.0
249,0.0
250,0.0
251,0.0
252,0.0
253,0.0
254,0.0
255,0.0
256,0.0
257,0.0
258,0.0
259,0.0
260,0.0
261,0.0
262,0.0
263,0.0
264,0.0
265,0.0
266,0.0
267,0.0
268,0.0
269,0.0
270,0.0
271,0.0
272,0.0
273,0.0
274,0.0
275,0.0
276,0.0
277,0.0
278,0.0
279,0.0
280,0.0
281,0.0
282,0.0
283,0.0
284,0.0
285,0.0
286,0.0
287,0.0
288,0.0
289,0.0
290,0.0
291,0.0
292,0.0
293,0.0
294,0.0
295,0.0
296,0.0
297,0.0
298,0.0
299,0.0
300,0.0
301,0.0
302,0.0
303,0.0
304,0.0
305,0.0
306,0.0
306,5.0
307,0.0
307,5.0
308,0.0
308,5.0
309,0.0
309,5.0
310,0.0
310,5.0
311,0.0
311,5.0
312,0.0
313,0.0
314,0.0
314,5.0
315,0.0
315,5.0
316,0.0
317,0.0
318,0.0
319,0.0
320,0.0
321,0.0
322,0.0
323,0.0
324,0.0
325,0.0
326,0.0
327,0.0
328,0.0
329,0.0
330,0.0
331,0.0
332,0.0
333,0.0
334,0.0
335,0.0
336,0.0
337,0.0
338,0.0
339,0.0
340,0.0
341,0.0
342,0.0
343,0.0
344,0.0
345,0.0
346,0.0
347,0.0
348,0.0
349,0.0
350,0.0
351,0.0
352,0.0
353,0.0
354,0.0
355,0.0
356,0.0
357,0.0
358,0.0
359,0.0
360,0.0
360,5.0
361,0.0
361,5.0
362,0.0
362,5.0
363,0.0
363,5.0
364,0.0
364,5.0
365,0.0
365,5.0
366,0.0
367,0.0
368,0.0
369,0.0
370,0.0
371,0.0
372,0.0
372,8.0
373,0.0
373,8.0
374,0.0
374,8.0
375,0.0
375,8.0
376,0.0
376,8.0
377,0.0
378,5.0
379,5.0
380,5.0
381,5.0
382,5.0
383,5.0
384,5.0
385,5.0
386,5.0
387,5.0
388,5.0
389,5.0
390,5.0
391,5.0
392,5.0
393,5.0
394,5.0
395,5.0
396,5.0
397,5.0
398,5.0
399,5.0
400,5.0
401,5.0
642,5.0
643,5.0
644,5.0
645,5.0
646,5.0
647,5.0
648,5.0
649,5.0
650,5.0
651,5.0
652,5.0
653,5.0
654,5.0
655,5.0
656,5.0
657,5.0
658,5.0
659,5.0
660,5.0
661,5.0
662,5.0
663,5.0
664,5.0
665,5.0
666,5.0
667,5.0
668,5.0
669,5.0
670,5.0
671,5.0
672,5.0
673,5.0
674,5.0
675,5.0
676,5.0
677,5.0
678,5.0
679,5.0
680,5.0
681,5.0
682,5.0
683,5.0
684,5.0
685,5.0
686,5.0
687,5.0
688,5.0
689,5.0
690,5.0
708,5.0
709,5.0
710,5.0
711,5.0
712,5.0
713,5.0
714,5.0
715,5.0
716,5.0
718,5.0
719,5.0
720,5.0
721,5.0
722,5.0
723,5.0
724,5.0
725,5.0
726,5.0
727,5.0
732,5.0
733,5.0
734,5.0
735,5.0
736,5.0
737,5.0
738,5.0
739,5.0
740,5.0
741,5.0
742,5.0
743,5.0
744,5.0
745,5.0
746,5.0
747,5.0
748,5.0
749,5.0
750,5.0
751,5.0
752,5.0
785,5.0
794,5.0
795,5.0
796,5.0
797,5.0
798,5.0
799,5.0
800,5.0
801,5.0
802,5.0
803,5.0
804,5.0
805,5.0
806,5.0
807,5.0
808,5.0
809,5.0
810,5.0
811,5.0
812,5.0
882,5.0
884,5.0
885,5.0
886,5.0
887,5.0
888,5.0
912,5.0
1201,5.0
1713,5.0
1774,5.0
1776,5.0
1777,5.0
1778,5.0
1779,5.0
1780,5.0
1781,5.0
1867,5.0
1868,5.0
1869,5.0
1870,5.0
1871,5.0
1872,5.0
1873,5.0
1876,5.0
1877,5.0
1878,5.0
1879,5.0
1880,5.0
1881,5.0
1882,5.0
1883,5.0
1884,5.0
1885,5.0
1886,5.0
1887,5.0
1888,5.0
1889,5.0
1890,5.0
1891,5.0
1892,5.0
1893,5.0
1954,5.0
1955,5.0
1956,5.0
1957,5.0
1958,5.0
1959,5.0
1960,5.0
1961,5.0
1962,5.0
1963,5.0
1964,5.0
1965,5.0
1966,5.0
1967,5.0
1968,5.0
1969,5.0
1970,5.0
1971,5.0
1972,5.0
1973,5.0
1974,5.0
1975,5.0
1979,5.0
1981,5.0
1982,5.0
2043,5.0
2047,5.0
2048,5.0
2049,5.0
2050,5.0
2051,5.0
2052,5.0
2053,5.0
2054,5.0
2055,5.0
2058,5.0
2060,5.0
2061,5.0
2062,5.0
2063,5.0
2064,5.0
2065,5.0
2066,5.0
2067,5.0
2068,5.0
2069,5.0
2070,5.0
2071,5.0
2072,5.0
2073,5.0
2074,5.0
2075,5.0
2076,5.0
2077,5.0
2146,5.0
2147,5.0
2149,5.0
2150,5.0
2154,5.0
2155,5.0
2156,5.0
2157,5.0
2158,5.0
2159,5.0
2160,5.0
2161,5.0
2162,5.0
2194,5.0
2280,5.0
2281,5.0
2282,5.0
2283,5.0
2284,5.0
2285,5.0
2286,5.0
2287,5.0
2288,5.0
2289,5.0
2290,5.0
2291,5.0
2292,5.0
2293,5.0
2294,5.0
2295,5.0
2296,5.0
2297,5.0
2510,5.0
2511,5.0
2512,5.0
2513,5.0
2514,5.0
2515,5.0
2516,5.0
2517,5.0
2518,5.0
2519,5.0
2520,5.0
2521,5.0
2522,5.0
2523,5.0
2523,0.0
2524,5.0
2524,0.0
2525,5.0
2525,0.0
2526,5.0
2526,0.0
2527,5.0
2527,0.0
2528,0.0
2528,5.0
2529,0.0
2529,5.0
2530,0.0
2530,5.0
2531,0.0
2531,5.0
2532,0.0
2532,5.0
2533,0.0
2533,5.0
2534,0.0
2534,5.0
2535,0.0
2535,5.0
2536,0.0
2536,5.0
2537,0.0
2538,0.0
2539,0.0
2540,0.0
2541,0.0
2542,0.0
2543,0.0
2544,0.0
2545,0.0
2546,0.0
2547,0.0
2548,0.0
2549,0.0
2550,0.0
2551,0.0
2552,0.0
2553,0.0
2554,0.0
2555,0.0
2556,0.0
2557,0.0
2558,0.0
2559,0.0
2559,5.0
2560,0.0
2560,5.0
2561,0.0
2561,5.0
2562,0.0
2562,5.0
2563,0.0
2563,5.0
2564,0.0
2564,5.0
2565,0.0
2565,5.0
2566,0.0
2566,5.0
2567,0.0
2567,5.0
2568,0.0
2568,5.0
2569,0.0
2569,5.0
2570,0.0
2570,5.0
2571,0.0
2571,5.0
2572,0.0
2572,5.0
2573,0.0
2573,5.0
2574,0.0
2574,5.0
2575,0.0
2575,5.0
2576,0.0
2576,5.0
2577,0.0
2577,5.0
2578,0.0
2578,5.0
2579,0.0
2579,5.0
2580,0.0
2580,5.0
2581,0.0
2581,5.0
2582,0.0
2582,5.0
2583,0.0
2583,5.0
2584,0.0
2584,5.0
2585,0.0
2586,0.0
2586,5.0
2587,0.0
2587,5.0
2588,0.0
2588,5.0
2589,0.0
2589,5.0
2590,0.0
2590,5.0
2591,0.0
2591,5.0
2592,0.0
2593,0.0
2594,0.0
2595,0.0
2596,0.0
2597,0.0
2598,0.0
2599,0.0
2599,5.0
2600,0.0
2600,5.0
2601,0.0
2601,5.0
2602,0.0
2602,5.0
2603,0.0
2603,5.0
2604,0.0
2604,5.0
2605,0.0
2605,5.0
2606,0.0
2606,5.0
2607,0.0
2607,5.0
2608,0.0
2608,5.0
2609,0.0
2609,5.0
2610,0.0
2610,5.0
2611,0.0
2611,5.0
2612,0.0
2612,5.0
2613,0.0
2613,5.0
2614,0.0
2614,5.0
2615,0.0
2615,5.0
2616,0.0
2616,5.0
2617,0.0
2617,5.0
2618,0.0
2618,5.0
2619,0.0
2619,5.0
2620,0.0
2620,5.0
2621,0.0
2621,5.0
2622,0.0
2622,5.0
2623,0.0
2623,5.0
2624,0.0
2624,5.0
2625,0.0
2625,5.0
2626,0.0
2626,5.0
2627,0.0
2627,5.0
2628,0.0
2628,5.0
2629,0.0
2629,5.0
2630,0.0
2630,5.0
2631,0.0
2631,5.0
2632,0.0
2632,5.0
2633,0.0
2633,5.0
2634,0.0
2635,0.0
2636,0.0
2637,0.0
2638,0.0
2639,0.0
2640,0.0
2641,0.0
2642,0.0
2643,0.0
2644,0.0
2645,0.0
2646,0.0
2647,0.0
2648,0.0
2649,0.0
2650,0.0
2651,0.0
2652,0.0
2653,0.0
2654,0.0
2655,0.0
2656,0.0
2657,0.0
2658,0.0
2659,0.0
2660,0.0
2661,0.0
2662,0.0
2663,0.0
2664,0.0
2665,0.0
2666,0.0
2667,0.0
2668,0.0
2669,0.0
2670,0.0
2671,0.0
2672,0.0
2672,5.0
2673,0.0
2673,5.0
2674,0.0
2675,0.0
2675,5.0
2676,0.0
2676,16.0
2677,0.0
2677,16.0
2678,0.0
2678,16.0
2679,0.0
2679,16.0
2680,0.0
2680,16.0
2680,5.0
2681,0.0
2681,16.0
2681,5.0
2682,0.0
2682,16.0
2682,5.0
2683,0.0
2683,16.0
2683,5.0
2684,0.0
2684,16.0
2684,5.0
2685,0.0
2685,5.0
2686,0.0
2686,5.0
2687,0.0
2687,5.0
2688,0.0
2688,5.0
2689,0.0
2689,5.0
2690,0.0
2690,5.0
2691,0.0
2691,5.0
2692,0.0
2692,5.0
2693,0.0
2693,5.0
2694,0.0
2694,5.0
2695,0.0
2695,5.0
2696,0.0
2696,5.0
2697,0.0
2697,5.0
2698,0.0
2698,5.0
2699,0.0
2699,5.0
2700,0.0
2700,5.0
2701,0.0
2702,0.0
2703,0.0
2704,0.0
2705,0.0
2705,5.0
2706,0.0
2706,5.0
2707,0.0
2708,0.0
2709,0.0
2710,0.0
2711,0.0
2712,16.0
2712,0.0
2713,0.0
2713,16.0
2714,0.0
2714,16.0
2715,0.0
2715,16.0
2716,0.0
2716,16.0
2717,0.0
2717,16.0
2718,0.0
2719,0.0
2720,0.0
2721,0.0
2722,0.0
2723,0.0
2724,0.0
2725,0.0
2726,0.0
2727,0.0
2728,0.0
2729,0.0
2730,0.0
2730,5.0
2731,0.0
2731,5.0
2732,0.0
2732,5.0
2733,0.0
2733,5.0
2734,0.0
2735,0.0
2736,0.0
2737,0.0
2738,0.0
2739,0.0
2740,0.0
2741,0.0
2742,0.0
2743,0.0
2744,0.0
2745,0.0
2746,0.0
2747,0.0
2748,0.0
2749,0.0
2750,0.0
2751,0.0
2752,0.0
2753,0.0
2754,0.0
2755,0.0
2756,0.0
2757,0.0
2758,0.0
2759,0.0
2760,0.0
2761,0.0
2762,0.0
2763,0.0
2764,0.0
2765,0.0
2766,0.0
2767,0.0
2768,0.0
2769,0.0
2770,0.0
2771,0.0
2772,0.0
2773,0.0
2774,0.0
2775,0.0
2776,0.0
2777,0.0
2778,0.0
2779,0.0
2780,0.0
2781,0.0
2781,5.0
2782,0.0
2782,5.0
2783,0.0
2784,0.0
2784,5.0
2785,0.0
2785,5.0
2786,0.0
2786,5.0
2787,0.0
2787,5.0
2788,0.0
2788,5.0
2789,0.0
2789,5.0
2790,5.0
2791,5.0
2792,5.0
2793,5.0
2794,5.0
2795,5.0
2796,5.0
2802,5.0
2803,5.0
2804,5.0
2805,5.0
2806,5.0
2807,5.0
2808,5.0
2809,5.0
2923,5.0
2924,5.0
2925,5.0
2926,5.0
2927,5.0
2928,5.0
2929,5.0
2930,5.0
2931,5.0
2932,5.0
2933,5.0
2934,5.0
2935,5.0
2936,5.0
2937,5.0
2938,5.0
2939,5.0
2940,5.0
2941,5.0
2942,5.0
2943,5.0
2958,5.0
2959,5.0
