1,62.0
2,62.0
3,62.0
4,62.0
5,62.0
6,62.0
7,62.0
8,62.0
9,62.0
10,62.0
11,62.0
12,62.0
13,62.0
14,62.0
15,62.0
16,62.0
17,62.0
18,62.0
19,62.0
20,62.0
21,62.0
22,62.0
23,62.0
24,62.0
25,62.0
26,62.0
27,62.0
27,62.0
28,62.0
28,62.0
29,62.0
29,62.0
30,62.0
30,62.0
31,62.0
31,62.0
32,62.0
32,62.0
33,62.0
33,62.0
34,62.0
34,62.0
35,62.0
35,62.0
36,62.0
36,62.0
37,62.0
37,62.0
38,62.0
38,62.0
39,62.0
39,62.0
40,62.0
40,62.0
41,62.0
41,62.0
42,62.0
42,62.0
43,62.0
43,62.0
44,62.0
44,62.0
45,62.0
45,62.0
46,62.0
46,62.0
47,62.0
47,62.0
48,62.0
48,62.0
49,62.0
49,62.0
50,62.0
50,62.0
51,62.0
51,62.0
52,62.0
53,62.0
54,62.0
55,62.0
56,62.0
57,62.0
58,62.0
59,62.0
60,62.0
61,62.0
62,62.0
63,62.0
64,62.0
65,62.0
66,62.0
67,62.0
68,62.0
69,62.0
70,62.0
71,62.0
72,62.0
73,62.0
74,62.0
75,62.0
76,62.0
77,62.0
77,62.0
78,62.0
79,62.0
80,62.0
81,62.0
82,62.0
83,62.0
83,62.0
84,62.0
84,62.0
85,62.0
85,62.0
86,62.0
86,62.0
87,62.0
88,62.0
89,62.0
90,62.0
91,62.0
92,62.0
93,62.0
94,62.0
95,62.0
96,62.0
97,62.0
98,62.0
99,62.0
100,62.0
101,62.0
102,62.0
103,62.0
104,62.0
105,62.0
106,62.0
107,62.0
108,62.0
109,62.0
110,62.0
111,62.0
112,62.0
113,62.0
114,62.0
115,62.0
116,62.0
117,62.0
118,62.0
119,62.0
120,62.0
121,62.0
122,62.0
123,62.0
124,62.0
125,62.0
126,62.0
127,62.0
128,62.0
129,62.0
130,62.0
131,62.0
132,62.0
133,62.0
134,62.0
135,62.0
136,62.0
137,62.0
138,62.0
139,62.0
140,62.0
141,62.0
142,62.0
143,62.0
144,62.0
145,62.0
146,62.0
147,62.0
148,62.0
149,62.0
150,62.0
151,62.0
152,62.0
153,62.0
154,62.0
155,62.0
156,62.0
157,62.0
158,62.0
159,62.0
160,62.0
161,62.0
162,62.0
163,62.0
164,62.0
165,62.0
166,62.0
167,62.0
168,62.0
169,62.0
170,62.0
171,62.0
172,62.0
173,62.0
174,62.0
175,62.0
176,62.0
177,62.0
178,62.0
179,62.0
180,62.0
181,62.0
182,62.0
183,62.0
184,62.0
185,62.0
186,62.0
187,62.0
188,62.0
189,62.0
190,62.0
191,62.0
192,62.0
193,62.0
194,62.0
195,62.0
196,62.0
197,62.0
198,62.0
199,62.0
200,62.0
201,62.0
202,62.0
203,62.0
204,62.0
204,62.0
205,62.0
205,62.0
206,62.0
206,62.0
207,62.0
207,62.0
208,62.0
209,62.0
210,62.0
211,62.0
212,62.0
213,62.0
214,62.0
215,62.0
216,62.0
217,62.0
218,62.0
219,62.0
220,62.0
221,62.0
222,62.0
223,62.0
224,62.0
225,62.0
226,62.0
227,62.0
228,62.0
229,62.0
230,62.0
231,62.0
232,62.0
233,62.0
234,62.0
235,62.0
236,62.0
237,62.0
238,62.0
239,62.0
240,62.0
241,62.0
242,62.0
243,62.0
244,62.0
245,62.0
246,62.0
247,62.0
248,62.0
249,62.0
250,62.0
251,62.0
252,62.0
253,62.0
254,62.0
255,62.0
256,62.0
257,62.0
258,62.0
259,62.0
260,62.0
261,62.0
262,62.0
263,62.0
264,62.0
265,62.0
266,62.0
267,62.0
268,62.0
269,62.0
270,62.0
271,62.0
272,62.0
273,62.0
274,62.0
275,62.0
276,62.0
277,62.0
278,62.0
279,62.0
280,62.0
281,62.0
282,62.0
283,62.0
284,62.0
285,62.0
286,62.0
287,62.0
288,62.0
289,62.0
290,62.0
291,62.0
292,62.0
293,62.0
294,62.0
295,62.0
296,62.0
297,62.0
298,62.0
299,62.0
300,62.0
301,62.0
302,62.0
303,62.0
304,62.0
305,62.0
306,62.0
307,62.0
308,62.0
309,62.0
310,62.0
311,62.0
312,62.0
313,62.0
314,62.0
315,62.0
316,62.0
317,62.0
318,62.0
319,62.0
320,62.0
321,62.0
322,62.0
323,62.0
324,62.0
325,62.0
326,62.0
327,62.0
328,62.0
329,62.0
330,62.0
331,62.0
332,62.0
333,62.0
334,62.0
335,62.0
336,62.0
337,62.0
338,62.0
339,62.0
340,62.0
341,62.0
342,62.0
343,62.0
344,62.0
345,62.0
346,62.0
347,62.0
348,62.0
349,62.0
350,62.0
351,62.0
352,62.0
353,62.0
354,62.0
355,62.0
356,62.0
357,62.0
358,62.0
359,62.0
360,62.0
361,62.0
362,62.0
363,62.0
364,62.0
365,62.0
366,62.0
367,62.0
368,62.0
369,62.0
370,62.0
371,62.0
372,62.0
373,62.0
374,62.0
375,62.0
376,62.0
377,62.0
378,62.0
378,62.0
379,62.0
379,62.0
380,62.0
380,62.0
381,62.0
381,62.0
382,62.0
382,62.0
383,62.0
383,62.0
384,62.0
384,62.0
385,62.0
385,62.0
386,62.0
386,62.0
387,62.0
387,62.0
388,62.0
388,62.0
389,62.0
389,62.0
390,62.0
390,62.0
391,62.0
391,62.0
392,62.0
392,62.0
393,62.0
393,62.0
394,62.0
394,62.0
395,62.0
395,62.0
396,62.0
396,62.0
397,62.0
397,62.0
398,62.0
398,62.0
399,62.0
399,62.0
400,62.0
400,62.0
401,62.0
401,62.0
402,62.0
402,62.0
403,62.0
404,62.0
405,62.0
406,62.0
407,62.0
408,62.0
409,62.0
410,62.0
411,62.0
412,62.0
413,62.0
414,62.0
415,62.0
416,62.0
417,62.0
418,62.0
419,62.0
420,62.0
421,62.0
422,62.0
423,62.0
424,62.0
425,62.0
426,62.0
427,62.0
428,62.0
428,62.0
429,62.0
430,62.0
431,62.0
432,62.0
433,62.0
434,62.0
435,62.0
436,62.0
437,62.0
438,62.0
439,62.0
440,62.0
441,62.0
442,62.0
443,62.0
444,62.0
445,62.0
446,62.0
447,62.0
448,62.0
449,62.0
450,62.0
451,62.0
452,62.0
453,62.0
454,62.0
455,62.0
456,62.0
457,62.0
458,62.0
459,62.0
460,62.0
461,62.0
462,62.0
463,62.0
464,62.0
465,62.0
466,62.0
467,62.0
468,62.0
469,62.0
470,62.0
471,62.0
472,62.0
473,62.0
474,62.0
475,62.0
476,62.0
477,62.0
478,62.0
479,62.0
480,62.0
481,62.0
482,62.0
483,62.0
484,62.0
485,62.0
486,62.0
487,62.0
488,62.0
489,62.0
490,62.0
491,62.0
492,62.0
493,62.0
494,62.0
495,62.0
496,62.0
497,62.0
498,62.0
499,62.0
500,62.0
501,62.0
502,62.0
503,62.0
504,62.0
505,62.0
506,62.0
507,62.0
508,62.0
509,62.0
510,62.0
511,62.0
512,62.0
513,62.0
514,62.0
515,62.0
516,62.0
517,62.0
518,62.0
519,62.0
520,62.0
521,62.0
522,62.0
523,62.0
524,62.0
525,62.0
526,62.0
527,62.0
528,62.0
528,62.0
529,62.0
529,62.0
530,62.0
530,62.0
531,62.0
531,62.0
532,62.0
532,62.0
533,62.0
533,62.0
534,62.0
534,62.0
535,62.0
535,62.0
536,62.0
536,62.0
537,62.0
537,62.0
538,62.0
538,62.0
539,62.0
539,62.0
540,62.0
540,62.0
541,62.0
541,62.0
542,62.0
542,62.0
543,62.0
543,62.0
544,62.0
544,62.0
545,62.0
545,62.0
546,62.0
546,62.0
547,62.0
547,62.0
548,62.0
548,62.0
549,62.0
549,62.0
550,62.0
550,62.0
551,62.0
551,62.0
552,62.0
552,62.0
553,62.0
553,62.0
554,62.0
554,62.0
555,62.0
555,62.0
556,62.0
556,62.0
557,62.0
557,62.0
558,62.0
558,62.0
559,62.0
559,62.0
560,62.0
560,62.0
561,62.0
561,62.0
562,62.0
562,62.0
563,62.0
563,62.0
564,62.0
564,62.0
565,62.0
565,62.0
566,62.0
566,62.0
567,62.0
567,62.0
568,62.0
568,62.0
569,62.0
569,62.0
570,62.0
570,62.0
571,62.0
571,62.0
572,62.0
572,62.0
573,62.0
573,62.0
574,62.0
574,62.0
575,62.0
575,62.0
576,62.0
576,62.0
577,62.0
577,62.0
578,62.0
579,62.0
580,62.0
581,62.0
582,62.0
583,62.0
584,62.0
585,62.0
586,62.0
587,62.0
588,62.0
589,62.0
590,62.0
591,62.0
592,62.0
593,62.0
594,62.0
595,62.0
596,62.0
597,62.0
597,62.0
598,62.0
598,62.0
599,62.0
599,62.0
600,62.0
600,62.0
601,62.0
601,62.0
602,62.0
602,62.0
603,62.0
604,62.0
605,62.0
606,62.0
607,62.0
608,62.0
609,62.0
610,62.0
611,62.0
612,62.0
613,62.0
614,62.0
615,62.0
615,0.0
616,62.0
616,0.0
616,62.0
617,62.0
617,0.0
617,62.0
618,62.0
618,0.0
618,62.0
619,62.0
619,0.0
619,62.0
620,62.0
620,0.0
620,62.0
621,0.0
621,62.0
621,62.0
622,0.0
622,62.0
623,0.0
623,62.0
624,0.0
624,62.0
625,0.0
625,62.0
626,62.0
626,62.0
627,62.0
627,62.0
628,62.0
628,62.0
629,62.0
629,62.0
630,62.0
630,62.0
631,62.0
631,62.0
632,62.0
632,62.0
633,62.0
633,62.0
634,62.0
634,62.0
635,62.0
635,62.0
636,62.0
636,62.0
637,62.0
638,62.0
639,62.0
640,62.0
660,62.0
660,0.0
661,62.0
661,0.0
662,62.0
662,0.0
663,62.0
663,0.0
664,62.0
664,0.0
665,62.0
666,62.0
666,0.0
667,62.0
668,62.0
669,62.0
670,62.0
671,0.0
671,62.0
672,0.0
672,62.0
673,0.0
673,62.0
674,0.0
674,62.0
675,62.0
675,0.0
676,62.0
676,0.0
677,62.0
677,0.0
678,62.0
678,0.0
679,62.0
679,0.0
680,62.0
680,0.0
681,62.0
681,0.0
682,0.0
682,62.0
682,62.0
683,0.0
683,62.0
683,62.0
684,0.0
684,62.0
684,62.0
685,0.0
685,62.0
685,62.0
686,0.0
686,62.0
687,0.0
687,62.0
688,0.0
688,62.0
689,0.0
689,62.0
690,0.0
690,62.0
691,0.0
691,62.0
692,0.0
692,62.0
693,0.0
693,62.0
694,0.0
694,62.0
695,0.0
695,62.0
696,0.0
696,62.0
697,62.0
697,0.0
697,62.0
698,62.0
698,0.0
698,62.0
699,62.0
699,0.0
699,62.0
700,62.0
700,62.0
700,0.0
701,0.0
701,62.0
701,62.0
702,0.0
702,62.0
702,62.0
703,62.0
703,0.0
704,62.0
704,0.0
705,62.0
705,0.0
706,62.0
706,0.0
707,62.0
707,0.0
708,62.0
708,0.0
709,62.0
709,0.0
710,62.0
710,0.0
711,62.0
711,0.0
712,0.0
712,62.0
713,0.0
713,62.0
714,0.0
714,62.0
715,0.0
715,62.0
716,62.0
716,0.0
717,62.0
717,0.0
718,62.0
718,0.0
719,62.0
719,0.0
720,0.0
720,62.0
721,0.0
721,62.0
722,0.0
722,62.0
723,0.0
723,62.0
724,0.0
724,62.0
725,0.0
725,62.0
726,0.0
726,62.0
727,0.0
727,62.0
728,0.0
728,62.0
729,0.0
729,62.0
730,0.0
730,62.0
731,0.0
731,62.0
732,0.0
732,62.0
733,0.0
733,62.0
734,0.0
734,62.0
735,0.0
735,62.0
736,0.0
736,62.0
737,0.0
737,62.0
738,0.0
738,62.0
739,0.0
739,62.0
740,0.0
740,62.0
741,0.0
741,62.0
742,0.0
742,62.0
743,0.0
743,62.0
744,0.0
744,62.0
745,0.0
745,62.0
746,0.0
746,62.0
747,0.0
747,62.0
748,0.0
748,62.0
749,0.0
749,62.0
750,0.0
750,62.0
751,0.0
751,62.0
752,0.0
752,62.0
753,0.0
753,62.0
754,0.0
754,62.0
755,0.0
755,62.0
756,0.0
756,62.0
757,0.0
757,62.0
758,0.0
758,62.0
759,0.0
759,62.0
760,0.0
760,62.0
761,0.0
761,62.0
762,0.0
762,62.0
763,0.0
763,62.0
764,0.0
764,62.0
765,0.0
765,62.0
766,0.0
766,62.0
767,0.0
767,62.0
768,0.0
768,62.0
769,0.0
769,62.0
770,0.0
770,62.0
771,0.0
771,62.0
772,0.0
772,62.0
772,62.0
773,0.0
773,62.0
773,62.0
774,0.0
774,62.0
774,62.0
775,0.0
775,62.0
775,62.0
776,0.0
776,62.0
776,62.0
777,0.0
777,62.0
777,62.0
778,62.0
778,0.0
778,62.0
779,0.0
779,62.0
780,0.0
780,62.0
781,0.0
781,62.0
782,0.0
782,62.0
783,0.0
783,62.0
784,0.0
784,62.0
785,0.0
785,62.0
786,0.0
786,62.0
787,0.0
787,62.0
788,0.0
788,62.0
789,0.0
789,62.0
790,0.0
790,62.0
791,0.0
791,0.0
792,0.0
792,0.0
793,0.0
793,0.0
794,0.0
794,0.0
795,0.0
795,0.0
796,0.0
796,0.0
797,0.0
797,0.0
798,0.0
798,0.0
799,0.0
799,0.0
800,0.0
801,0.0
801,0.0
802,0.0
802,0.0
803,0.0
803,0.0
804,0.0
804,0.0
805,0.0
805,0.0
806,0.0
806,0.0
807,0.0
807,0.0
808,0.0
808,0.0
809,0.0
809,0.0
809,62.0
810,0.0
810,0.0
810,62.0
811,0.0
811,0.0
811,62.0
812,0.0
812,0.0
812,62.0
813,0.0
813,0.0
813,62.0
814,0.0
814,0.0
814,62.0
815,0.0
815,0.0
815,62.0
816,0.0
816,0.0
816,62.0
817,0.0
817,0.0
817,62.0
818,0.0
818,0.0
818,62.0
819,0.0
819,0.0
819,62.0
820,0.0
820,0.0
820,62.0
821,0.0
821,0.0
821,0.0
822,0.0
822,0.0
822,0.0
823,0.0
823,0.0
823,0.0
824,0.0
824,0.0
825,0.0
825,0.0
826,0.0
826,0.0
827,0.0
827,0.0
828,0.0
828,0.0
829,0.0
829,0.0
830,0.0
830,0.0
831,0.0
831,0.0
832,0.0
832,0.0
833,0.0
833,0.0
834,0.0
834,0.0
835,0.0
835,0.0
836,0.0
837,0.0
838,0.0
839,0.0
840,0.0
841,0.0
842,0.0
843,0.0
844,0.0
845,0.0
846,0.0
847,0.0
847,0.0
848,0.0
848,0.0
849,0.0
849,0.0
850,0.0
850,0.0
851,0.0
851,0.0
852,0.0
852,0.0
853,0.0
853,0.0
854,0.0
854,0.0
855,0.0
855,0.0
856,0.0
856,0.0
857,0.0
857,0.0
858,0.0
858,0.0
859,0.0
859,0.0
860,0.0
860,0.0
861,0.0
861,0.0
862,0.0
862,0.0
863,0.0
863,0.0
864,0.0
864,0.0
865,0.0
865,0.0
866,0.0
866,0.0
867,0.0
868,0.0
869,0.0
870,0.0
871,0.0
872,0.0
873,0.0
874,0.0
875,0.0
876,0.0
877,0.0
878,0.0
879,0.0
880,0.0
881,0.0
882,0.0
883,0.0
884,62.0
884,0.0
885,62.0
885,0.0
886,62.0
886,0.0
887,62.0
887,0.0
888,62.0
888,0.0
889,62.0
889,0.0
889,0.0
890,62.0
890,0.0
890,0.0
891,62.0
891,0.0
892,0.0
892,62.0
893,0.0
893,62.0
894,0.0
894,62.0
895,0.0
895,62.0
896,0.0
897,0.0
898,0.0
903,0.0
903,62.0
904,62.0
904,0.0
905,62.0
905,0.0
906,0.0
906,62.0
907,0.0
907,62.0
908,0.0
908,62.0
909,0.0
909,62.0
910,0.0
910,62.0
914,62.0
914,62.0
915,62.0
915,62.0
916,62.0
916,62.0
917,62.0
917,62.0
918,62.0
918,62.0
919,62.0
919,62.0
920,62.0
920,62.0
921,62.0
921,62.0
926,62.0
926,0.0
927,62.0
928,62.0
929,62.0
930,62.0
930,16.0
931,62.0
931,16.0
932,62.0
932,16.0
933,62.0
933,16.0
934,62.0
934,16.0
935,62.0
935,16.0
936,62.0
936,16.0
941,62.0
941,62.0
942,62.0
942,62.0
943,62.0
943,62.0
944,62.0
944,62.0
945,62.0
945,62.0
946,62.0
946,62.0
947,62.0
947,62.0
948,62.0
948,62.0
949,62.0
949,62.0
950,62.0
950,62.0
951,62.0
951,62.0
952,62.0
952,62.0
953,62.0
953,62.0
954,62.0
954,62.0
955,62.0
955,62.0
956,62.0
956,0.0
956,62.0
957,62.0
957,0.0
957,62.0
958,62.0
958,0.0
958,62.0
959,62.0
959,62.0
960,62.0
960,62.0
961,62.0
961,62.0
962,62.0
962,62.0
963,62.0
963,62.0
964,62.0
964,62.0
965,62.0
965,62.0
966,62.0
966,62.0
967,62.0
967,62.0
968,62.0
968,62.0
969,62.0
969,62.0
970,62.0
970,62.0
978,62.0
978,0.0
979,62.0
979,0.0
980,62.0
980,0.0
981,62.0
981,0.0
982,62.0
983,62.0
984,62.0
985,62.0
987,0.0
989,0.0
989,62.0
990,0.0
990,62.0
991,0.0
991,62.0
992,0.0
992,62.0
993,0.0
993,62.0
994,0.0
994,62.0
995,0.0
995,62.0
996,0.0
996,62.0
997,0.0
997,62.0
998,0.0
998,62.0
999,0.0
999,62.0
1000,0.0
1000,62.0
1001,0.0
1001,0.0
1002,0.0
1002,0.0
1003,0.0
1004,62.0
1005,62.0
1006,62.0
1007,62.0
1008,62.0
1009,62.0
1010,62.0
1011,62.0
1012,62.0
1012,62.0
1013,62.0
1013,62.0
1014,62.0
1014,62.0
1015,62.0
1016,62.0
1017,62.0
1018,62.0
1019,62.0
1019,62.0
1020,62.0
1020,62.0
1021,62.0
1021,62.0
1022,62.0
1022,62.0
1023,62.0
1023,62.0
1024,62.0
1024,62.0
1025,62.0
1025,62.0
1026,62.0
1026,62.0
1027,62.0
1027,62.0
1028,62.0
1029,62.0
1030,62.0
1030,62.0
1030,0.0
1030,62.0
1031,62.0
1031,62.0
1031,0.0
1031,62.0
1032,62.0
1032,62.0
1032,0.0
1032,62.0
1033,62.0
1033,62.0
1033,0.0
1033,62.0
1034,62.0
1034,0.0
1034,62.0
1035,62.0
1035,0.0
1035,62.0
1036,62.0
1036,0.0
1036,62.0
1037,62.0
1037,0.0
1037,62.0
1038,62.0
1038,0.0
1038,62.0
1039,62.0
1039,0.0
1039,62.0
1040,62.0
1040,0.0
1040,62.0
1041,0.0
1041,62.0
1041,62.0
1042,62.0
1042,0.0
1042,62.0
1042,62.0
1043,62.0
1043,0.0
1043,62.0
1043,62.0
1044,62.0
1044,0.0
1044,62.0
1044,62.0
1045,0.0
1045,62.0
1045,62.0
1045,62.0
1046,0.0
1046,62.0
1046,62.0
1046,62.0
1047,0.0
1047,62.0
1047,62.0
1047,62.0
1048,0.0
1048,62.0
1048,62.0
1048,62.0
1049,62.0
1049,0.0
1049,62.0
1049,62.0
1050,62.0
1050,0.0
1050,62.0
1050,62.0
1051,0.0
1051,62.0
1051,62.0
1051,62.0
1052,0.0
1052,62.0
1052,62.0
1052,62.0
1053,0.0
1053,62.0
1053,62.0
1054,0.0
1054,62.0
1054,62.0
1055,0.0
1055,62.0
1055,62.0
1056,0.0
1056,62.0
1056,62.0
1057,0.0
1057,62.0
1057,62.0
1057,62.0
1058,0.0
1058,62.0
1058,62.0
1058,62.0
1059,0.0
1059,62.0
1059,62.0
1059,62.0
1060,0.0
1060,62.0
1061,0.0
1061,62.0
1061,62.0
1062,0.0
1062,62.0
1062,62.0
1063,0.0
1063,62.0
1063,62.0
1064,0.0
1064,62.0
1064,62.0
1065,0.0
1065,62.0
1065,62.0
1066,0.0
1066,62.0
1066,62.0
1067,0.0
1067,62.0
1067,62.0
1068,0.0
1068,62.0
1068,62.0
1069,0.0
1069,62.0
1069,62.0
1070,0.0
1070,62.0
1070,62.0
1071,0.0
1071,62.0
1071,62.0
1072,0.0
1072,62.0
1073,0.0
1073,62.0
1074,0.0
1074,62.0
1075,0.0
1076,0.0
1077,0.0
1079,0.0
1079,62.0
1080,0.0
1081,0.0
1081,62.0
1082,0.0
1083,0.0
1083,62.0
1084,0.0
1084,62.0
1085,0.0
1085,62.0
1086,0.0
1086,62.0
1087,0.0
1088,0.0
1089,0.0
1102,62.0
1103,62.0
1104,62.0
1105,62.0
1106,62.0
1107,62.0
1108,62.0
1109,62.0
1121,62.0
1121,62.0
1122,62.0
1122,62.0
1123,62.0
1123,62.0
1124,62.0
1124,62.0
1125,62.0
1125,0.0
1126,62.0
1126,0.0
1127,62.0
1127,0.0
1128,62.0
1128,0.0
1129,62.0
1129,0.0
1130,62.0
1130,0.0
1131,62.0
1131,0.0
1132,62.0
1132,0.0
1133,62.0
1133,0.0
1134,62.0
1134,0.0
1135,62.0
1135,0.0
1136,62.0
1136,62.0
1137,62.0
1137,62.0
1138,62.0
1138,62.0
1139,62.0
1139,62.0
1140,62.0
1140,62.0
1141,62.0
1141,62.0
1142,62.0
1142,62.0
1143,62.0
1143,62.0
1144,62.0
1144,62.0
1145,62.0
1145,62.0
1146,62.0
1146,62.0
1147,62.0
1147,62.0
1148,62.0
1148,0.0
1149,62.0
1149,0.0
1150,62.0
1150,0.0
1151,62.0
1152,62.0
1153,62.0
1154,62.0
1155,62.0
1156,62.0
1157,62.0
1158,62.0
1159,62.0
1160,62.0
1161,62.0
1162,62.0
1163,0.0
1163,62.0
1164,0.0
1164,62.0
1165,0.0
1165,62.0
1166,62.0
1166,0.0
1167,62.0
1167,0.0
1168,62.0
1168,0.0
1169,62.0
1170,62.0
1170,0.0
1171,62.0
1171,0.0
1172,62.0
1172,0.0
1173,62.0
1173,0.0
1174,62.0
1174,0.0
1175,62.0
1175,0.0
1176,62.0
1176,0.0
1177,62.0
1177,0.0
1178,62.0
1178,0.0
1179,62.0
1179,0.0
1180,62.0
1180,0.0
1181,0.0
1181,62.0
1182,0.0
1182,62.0
1183,0.0
1183,62.0
1184,0.0
1184,62.0
1185,0.0
1185,0.0
1186,0.0
1186,0.0
1187,0.0
1187,0.0
1188,0.0
1188,0.0
1189,0.0
1189,0.0
1190,0.0
1190,0.0
1191,0.0
1191,0.0
1192,0.0
1192,0.0
1193,0.0
1193,0.0
1194,0.0
1194,0.0
1195,0.0
1195,0.0
1196,0.0
1197,0.0
1198,0.0
1199,0.0
1200,0.0
1200,0.0
1201,0.0
1201,0.0
1202,0.0
1202,0.0
1203,0.0
1203,0.0
1204,0.0
1204,0.0
1205,0.0
1205,0.0
1205,62.0
1206,0.0
1206,0.0
1206,62.0
1207,0.0
1207,0.0
1207,62.0
1208,0.0
1208,0.0
1208,62.0
1209,0.0
1209,0.0
1209,62.0
1210,0.0
1210,0.0
1210,62.0
1211,62.0
1212,62.0
1213,62.0
1214,62.0
1230,0.0
1230,0.0
1231,0.0
1231,0.0
1232,0.0
1232,0.0
1233,0.0
1233,0.0
1234,0.0
1234,0.0
1235,0.0
1235,0.0
1236,0.0
1236,0.0
1237,0.0
1237,0.0
1238,0.0
1239,0.0
1240,0.0
1241,0.0
1241,0.0
1242,0.0
1242,0.0
1243,0.0
1243,0.0
1244,0.0
1244,0.0
1245,0.0
1245,0.0
1246,0.0
1246,0.0
1247,0.0
1247,0.0
1248,0.0
1248,0.0
1249,0.0
1249,0.0
1250,0.0
1250,0.0
1251,0.0
1251,0.0
1252,0.0
1252,0.0
1253,0.0
1253,0.0
1253,62.0
1254,0.0
1254,62.0
1254,0.0
1255,0.0
1255,62.0
1255,0.0
1256,0.0
1256,0.0
1257,0.0
1257,0.0
1258,0.0
1258,0.0
1259,0.0
1259,0.0
1260,0.0
1260,0.0
1260,62.0
1260,0.0
1261,0.0
1261,0.0
1261,62.0
1261,0.0
1262,0.0
1262,0.0
1262,62.0
1262,0.0
1263,0.0
1263,0.0
1263,62.0
1263,0.0
1264,0.0
1264,0.0
1264,62.0
1264,0.0
1265,0.0
1265,0.0
1265,62.0
1265,0.0
1266,0.0
1266,0.0
1266,62.0
1266,0.0
1267,0.0
1267,6.0
1267,62.0
1267,0.0
1268,0.0
1268,62.0
1268,6.0
1268,0.0
1269,0.0
1269,62.0
1269,6.0
1269,0.0
1270,0.0
1270,62.0
1270,6.0
1271,62.0
1272,62.0
1273,62.0
1274,62.0
1275,62.0
1276,62.0
1277,62.0
1278,62.0
1286,0.0
1287,0.0
1288,0.0
1289,0.0
1289,0.0
1290,0.0
1290,0.0
1291,0.0
1291,0.0
1292,0.0
1292,0.0
1293,0.0
1293,0.0
1294,0.0
1294,0.0
1295,0.0
1295,0.0
1296,0.0
1296,0.0
1297,0.0
1297,0.0
1298,0.0
1298,0.0
1299,0.0
1299,0.0
1300,0.0
1300,0.0
1301,0.0
1302,0.0
1303,0.0
1304,0.0
1305,0.0
1306,0.0
1307,0.0
1308,0.0
1309,0.0
1310,0.0
1311,0.0
1312,0.0
1312,0.0
1313,0.0
1313,0.0
1314,0.0
1314,0.0
1315,0.0
1315,0.0
1316,0.0
1317,0.0
1318,0.0
1319,0.0
1320,0.0
1321,0.0
1322,0.0
1323,0.0
1324,0.0
1325,0.0
1326,0.0
1327,0.0
1328,0.0
1329,0.0
1330,0.0
1335,0.0
1336,0.0
1337,0.0
1338,0.0
1339,0.0
1340,0.0
1341,0.0
1342,0.0
1343,0.0
1344,0.0
1345,0.0
1350,0.0
1351,0.0
1352,0.0
1353,0.0
1357,0.0
1358,0.0
1359,0.0
1360,0.0
1402,0.0
1403,0.0
1404,0.0
1405,0.0
1410,0.0
1411,0.0
1412,0.0
1413,0.0
1414,0.0
1415,0.0
1416,0.0
1417,0.0
1418,0.0
1419,0.0
1420,0.0
1421,0.0
1421,62.0
1422,0.0
1423,0.0
1424,0.0
1425,0.0
1425,62.0
1425,0.0
1426,0.0
1426,62.0
1426,0.0
1427,0.0
1427,62.0
1427,0.0
1428,0.0
1428,62.0
1428,0.0
1429,0.0
1429,62.0
1430,0.0
1430,62.0
1431,0.0
1431,62.0
1432,62.0
1433,62.0
1434,62.0
1435,62.0
1436,62.0
1436,0.0
1436,62.0
1437,62.0
1437,0.0
1437,62.0
1438,62.0
1438,0.0
1438,62.0
1439,62.0
1439,0.0
1439,62.0
1440,62.0
1441,62.0
1442,62.0
1443,62.0
1444,62.0
1445,62.0
1446,62.0
1447,16.0
1448,16.0
1449,16.0
1450,16.0
1450,16.0
1451,62.0
1451,0.0
1452,62.0
1452,0.0
1453,62.0
1453,0.0
1454,62.0
1454,0.0
1454,62.0
1455,62.0
1455,62.0
1455,0.0
1456,62.0
1456,62.0
1456,0.0
1457,62.0
1457,62.0
1458,62.0
1458,62.0
1459,62.0
1459,62.0
1460,62.0
1460,62.0
1461,62.0
1461,62.0
1462,62.0
1463,62.0
1464,62.0
1465,62.0
1466,62.0
1467,62.0
1468,62.0
1469,62.0
1477,62.0
1478,62.0
1479,62.0
1480,62.0
1481,62.0
1482,62.0
1483,62.0
1484,62.0
1485,62.0
1486,62.0
1487,62.0
1488,62.0
1489,62.0
1490,62.0
1491,62.0
1492,62.0
1493,62.0
1494,62.0
1495,62.0
1499,62.0
1500,62.0
1501,62.0
1502,62.0
1503,62.0
1504,62.0
1505,62.0
1506,62.0
1507,62.0
1508,62.0
1509,62.0
1510,62.0
1511,62.0
1512,62.0
1513,62.0
1514,62.0
1515,62.0
1515,2.0
1516,62.0
1516,2.0
1517,62.0
1517,2.0
1518,62.0
1518,2.0
1519,62.0
1519,2.0
1520,62.0
1520,2.0
1521,62.0
1521,2.0
1522,62.0
1523,62.0
1524,62.0
1525,62.0
1526,62.0
1527,62.0
1528,62.0
1529,62.0
1536,62.0
1537,62.0
1537,62.0
1538,62.0
1538,62.0
1539,62.0
1539,62.0
1540,62.0
1540,62.0
1541,0.0
1541,62.0
1542,0.0
1542,62.0
1543,0.0
1543,62.0
1544,0.0
1544,62.0
1545,17.0
1546,17.0
1547,17.0
1548,17.0
1549,17.0
1550,17.0
1551,17.0
1552,0.0
1552,62.0
1553,0.0
1553,62.0
1554,62.0
1554,0.0
1554,0.0
1555,62.0
1555,0.0
1555,0.0
1556,0.0
1557,0.0
1558,0.0
1559,0.0
1560,0.0
1561,0.0
1562,0.0
1563,0.0
1564,0.0
1565,0.0
1566,0.0
1567,0.0
1567,0.0
1568,0.0
1568,0.0
1569,0.0
1569,0.0
1570,0.0
1570,0.0
1571,0.0
1571,62.0
1571,0.0
1572,0.0
1572,62.0
1572,0.0
1573,0.0
1573,62.0
1573,0.0
1574,0.0
1574,62.0
1574,0.0
1575,0.0
1575,62.0
1576,0.0
1576,62.0
1577,0.0
1577,62.0
1578,0.0
1578,62.0
1579,0.0
1579,62.0
1580,0.0
1580,62.0
1581,0.0
1581,62.0
1582,0.0
1583,0.0
1584,0.0
1585,0.0
1586,0.0
1586,62.0
1587,0.0
1588,0.0
1589,0.0
1590,0.0
1591,0.0
1592,0.0
1593,0.0
1594,0.0
1595,0.0
1596,0.0
1597,0.0
1597,62.0
1598,0.0
1598,62.0
1599,0.0
1599,62.0
1600,0.0
1600,62.0
1601,62.0
1601,0.0
1601,62.0
1602,62.0
1602,0.0
1602,62.0
1603,62.0
1603,0.0
1603,62.0
1604,0.0
1604,62.0
1605,62.0
1606,62.0
1607,62.0
1608,62.0
1609,62.0
1610,62.0
1611,62.0
1612,62.0
1613,62.0
1614,62.0
1615,62.0
1616,62.0
1616,62.0
1617,62.0
1617,62.0
1618,62.0
1618,62.0
1619,62.0
1619,62.0
1620,62.0
1620,62.0
1621,62.0
1621,62.0
1622,62.0
1622,62.0
1623,62.0
1623,62.0
1624,62.0
1624,62.0
1625,62.0
1625,62.0
1626,62.0
1626,62.0
1627,62.0
1627,62.0
1628,62.0
1628,62.0
1629,62.0
1630,62.0
1631,62.0
1631,62.0
1632,62.0
1632,62.0
1633,62.0
1633,62.0
1634,62.0
1634,62.0
1635,62.0
1636,62.0
1637,62.0
1638,62.0
1639,62.0
1640,62.0
1641,62.0
1642,62.0
1642,62.0
1643,62.0
1643,62.0
1644,62.0
1644,62.0
1645,62.0
1645,62.0
1646,62.0
1646,62.0
1647,62.0
1647,62.0
1648,62.0
1648,62.0
1649,62.0
1649,62.0
1650,62.0
1650,0.0
1651,62.0
1651,0.0
1652,62.0
1652,0.0
1653,62.0
1653,0.0
1654,62.0
1654,0.0
1654,62.0
1655,62.0
1655,0.0
1655,62.0
1656,62.0
1656,0.0
1656,62.0
1657,62.0
1658,62.0
1659,62.0
1660,62.0
1661,62.0
1661,62.0
1662,62.0
1662,62.0
1663,62.0
1663,62.0
1664,62.0
1664,62.0
1665,62.0
1665,62.0
1666,62.0
1666,62.0
1667,62.0
1667,62.0
1668,62.0
1668,62.0
1669,62.0
1670,62.0
1671,62.0
1672,62.0
1673,62.0
1674,62.0
1675,62.0
1676,62.0
1677,62.0
1678,62.0
1679,62.0
1679,62.0
1684,62.0
1685,62.0
1686,62.0
1687,62.0
1688,62.0
1689,62.0
1690,62.0
1691,0.0
1692,0.0
1693,0.0
1694,0.0
1695,62.0
1696,62.0
1697,62.0
1698,62.0
1699,62.0
1700,62.0
1701,62.0
1702,62.0
1703,62.0
1704,62.0
1705,62.0
1710,62.0
1711,62.0
1712,62.0
1721,62.0
1722,62.0
1723,62.0
1724,62.0
1725,62.0
1726,62.0
1727,62.0
1728,62.0
1729,62.0
1729,0.0
1730,62.0
1730,0.0
1731,62.0
1731,0.0
1732,62.0
1732,0.0
1733,62.0
1733,0.0
1734,62.0
1734,0.0
1735,62.0
1735,0.0
1736,62.0
1736,0.0
1736,0.0
1737,62.0
1737,0.0
1737,0.0
1738,62.0
1738,0.0
1738,0.0
1739,62.0
1739,0.0
1739,0.0
1740,0.0
1740,0.0
1740,62.0
1741,0.0
1741,0.0
1741,62.0
1742,0.0
1742,0.0
1742,62.0
1743,0.0
1743,0.0
1743,62.0
1744,0.0
1744,0.0
1744,62.0
1745,0.0
1745,0.0
1745,62.0
1746,0.0
1746,62.0
1746,0.0
1746,62.0
1747,0.0
1747,62.0
1747,0.0
1748,0.0
1748,62.0
1748,0.0
1749,0.0
1749,62.0
1749,0.0
1750,0.0
1750,62.0
1750,0.0
1751,62.0
1751,0.0
1752,62.0
1752,0.0
1753,62.0
1753,0.0
1754,62.0
1754,0.0
1755,62.0
1755,0.0
1756,62.0
1756,0.0
1757,62.0
1757,0.0
1758,62.0
1758,0.0
1759,62.0
1759,0.0
1760,62.0
1760,0.0
1761,62.0
1761,0.0
1762,62.0
1762,0.0
1763,62.0
1763,0.0
1764,62.0
1764,0.0
1765,62.0
1765,0.0
1766,62.0
1767,62.0
1768,62.0
1769,62.0
1770,62.0
1770,0.0
1771,62.0
1771,0.0
1772,62.0
1772,0.0
1773,62.0
1773,0.0
1774,62.0
1774,0.0
1775,62.0
1775,0.0
1776,62.0
1776,0.0
1777,0.0
1777,62.0
1778,0.0
1778,62.0
1779,62.0
1779,62.0
1780,62.0
1781,62.0
1782,62.0
1783,62.0
1784,62.0
1784,62.0
1785,62.0
1785,62.0
1786,62.0
1786,62.0
1787,62.0
1787,62.0
1788,62.0
1788,62.0
1789,62.0
1789,62.0
1790,62.0
1790,62.0
1791,62.0
1791,62.0
1792,62.0
1796,62.0
1797,62.0
1798,62.0
1804,62.0
1805,62.0
1806,62.0
1807,62.0
1811,0.0
1812,0.0
1813,0.0
1822,62.0
1822,62.0
1823,62.0
1823,62.0
1824,62.0
1824,62.0
1825,62.0
1825,62.0
1826,0.0
1826,62.0
1827,0.0
1827,62.0
1828,0.0
1828,62.0
1829,0.0
1829,62.0
1830,0.0
1830,62.0
1831,0.0
1831,62.0
1832,0.0
1832,62.0
1833,0.0
1833,62.0
1834,0.0
1834,62.0
1835,0.0
1835,62.0
1836,0.0
1836,62.0
1837,0.0
1837,62.0
1838,0.0
1838,62.0
1839,0.0
1839,62.0
1840,0.0
1840,62.0
1841,62.0
1841,62.0
1842,62.0
1842,62.0
1843,62.0
1843,62.0
1844,62.0
1844,62.0
1845,62.0
1845,62.0
1846,62.0
1846,62.0
1847,62.0
1847,62.0
1848,62.0
1848,62.0
1849,62.0
1849,62.0
1850,62.0
1850,62.0
1851,62.0
1851,62.0
1851,0.0
1852,62.0
1852,0.0
1852,62.0
1853,62.0
1853,0.0
1853,62.0
1854,62.0
1854,0.0
1855,62.0
1855,0.0
1855,62.0
1856,62.0
1857,62.0
1858,62.0
1859,62.0
1859,16.0
1860,62.0
1860,16.0
1861,62.0
1861,16.0
1862,62.0
1862,16.0
1863,62.0
1863,16.0
1864,62.0
1864,16.0
1865,62.0
1865,16.0
1866,62.0
1866,16.0
1871,62.0
1871,62.0
1872,62.0
1872,62.0
1873,62.0
1873,62.0
1874,62.0
1874,62.0
1875,62.0
1875,62.0
1876,62.0
1876,62.0
1877,62.0
1877,62.0
1878,62.0
1878,62.0
1879,62.0
1879,62.0
1880,62.0
1880,62.0
1881,62.0
1881,62.0
1882,62.0
1882,62.0
1883,62.0
1883,62.0
1884,62.0
1884,62.0
1885,62.0
1885,62.0
1886,62.0
1886,62.0
1887,62.0
1887,62.0
1888,62.0
1888,62.0
1889,62.0
1890,62.0
1891,62.0
1892,62.0
1893,62.0
1894,62.0
1895,62.0
1896,62.0
1897,62.0
1898,62.0
1899,62.0
1900,62.0
1901,62.0
1901,62.0
1902,62.0
1902,62.0
1903,62.0
1903,62.0
1904,62.0
1905,62.0
1906,62.0
1907,62.0
1908,62.0
1909,62.0
1910,62.0
1911,62.0
1912,62.0
1919,62.0
1920,62.0
1921,62.0
1922,62.0
1923,62.0
1924,62.0
1925,62.0
1926,62.0
1927,62.0
1928,62.0
1929,62.0
1930,62.0
1931,62.0
1932,62.0
1933,62.0
1942,0.0
1943,0.0
1944,0.0
1945,0.0
1946,0.0
1947,0.0
1948,0.0
1954,0.0
1955,0.0
1956,0.0
1957,62.0
1958,62.0
1958,62.0
1959,62.0
1959,62.0
1960,62.0
1960,62.0
1961,62.0
1962,62.0
1963,62.0
1964,62.0
1965,62.0
1966,62.0
1967,62.0
1968,62.0
1969,62.0
1970,62.0
1971,62.0
1972,62.0
1973,62.0
1974,62.0
1975,62.0
1976,62.0
1977,62.0
1978,62.0
1979,62.0
1979,0.0
1980,62.0
1980,0.0
1981,62.0
1981,0.0
1982,62.0
1982,0.0
1983,62.0
1983,0.0
1984,62.0
1984,0.0
1985,62.0
1985,0.0
1986,62.0
1986,0.0
1987,62.0
1988,62.0
1989,62.0
1990,62.0
1991,62.0
1992,62.0
1993,62.0
2001,62.0
2002,62.0
2003,62.0
2005,0.0
2005,62.0
2006,0.0
2006,62.0
2007,0.0
2007,62.0
2008,0.0
2008,62.0
2009,0.0
2009,0.0
2009,62.0
2010,0.0
2010,0.0
2011,0.0
2011,0.0
2011,62.0
2012,0.0
2012,0.0
2013,0.0
2013,0.0
2013,62.0
2014,0.0
2014,0.0
2014,62.0
2015,0.0
2015,0.0
2015,62.0
2016,0.0
2016,0.0
2016,62.0
2017,0.0
2017,0.0
2017,62.0
2018,0.0
2018,0.0
2018,62.0
2019,0.0
2019,0.0
2019,62.0
2020,0.0
2020,0.0
2020,62.0
2020,62.0
2021,0.0
2021,0.0
2021,62.0
2021,62.0
2022,0.0
2022,0.0
2022,62.0
2022,62.0
2023,0.0
2023,0.0
2023,62.0
2023,62.0
2024,0.0
2024,62.0
2024,0.0
2025,0.0
2025,62.0
2025,0.0
2026,0.0
2026,62.0
2026,0.0
2027,0.0
2027,0.0
2027,62.0
2028,0.0
2028,62.0
2028,0.0
2029,0.0
2029,62.0
2030,0.0
2030,62.0
2031,0.0
2031,62.0
2032,0.0
2032,0.0
2032,62.0
2033,0.0
2033,0.0
2033,62.0
2034,0.0
2034,0.0
2034,62.0
2035,0.0
2035,0.0
2035,62.0
2035,6.0
2036,0.0
2036,0.0
2036,62.0
2036,62.0
2037,0.0
2037,0.0
2037,62.0
2037,62.0
2038,0.0
2038,0.0
2038,62.0
2038,62.0
2039,0.0
2039,0.0
2039,62.0
2040,0.0
2040,0.0
2040,62.0
2040,62.0
2041,0.0
2041,0.0
2041,62.0
2041,62.0
2042,0.0
2042,0.0
2042,62.0
2042,62.0
2043,0.0
2043,0.0
2043,62.0
2044,0.0
2044,0.0
2044,62.0
2045,0.0
2045,0.0
2045,62.0
2046,0.0
2046,0.0
2046,62.0
2047,0.0
2047,62.0
2047,0.0
2048,0.0
2048,62.0
2048,0.0
2049,0.0
2049,62.0
2049,0.0
2050,0.0
2050,0.0
2050,62.0
2050,62.0
2051,0.0
2051,0.0
2051,62.0
2051,62.0
2052,0.0
2052,0.0
2052,62.0
2052,62.0
2053,0.0
2053,0.0
2053,62.0
2053,62.0
2054,0.0
2054,62.0
2054,0.0
2054,62.0
2055,0.0
2055,62.0
2055,0.0
2055,62.0
2056,0.0
2056,62.0
2056,0.0
2056,62.0
2057,0.0
2057,62.0
2057,0.0
2057,62.0
2058,0.0
2058,62.0
2058,0.0
2058,62.0
2059,0.0
2059,62.0
2059,0.0
2059,62.0
2060,0.0
2060,62.0
2060,0.0
2060,62.0
2061,0.0
2061,62.0
2061,0.0
2061,62.0
2062,62.0
2062,0.0
2062,62.0
2063,62.0
2063,0.0
2063,62.0
2064,62.0
2064,0.0
2064,62.0
2065,0.0
2065,62.0
2065,62.0
2066,0.0
2066,62.0
2066,62.0
2067,0.0
2067,62.0
2067,62.0
2068,0.0
2068,62.0
2068,62.0
2069,62.0
2069,0.0
2069,62.0
2070,62.0
2070,0.0
2070,62.0
2071,62.0
2071,0.0
2071,62.0
2072,62.0
2072,0.0
2072,62.0
2073,62.0
2073,0.0
2073,62.0
2074,62.0
2074,0.0
2074,62.0
2075,62.0
2075,0.0
2075,62.0
2076,62.0
2076,0.0
2076,62.0
2077,0.0
2077,62.0
2077,62.0
2078,0.0
2078,62.0
2078,62.0
2079,0.0
2079,62.0
2079,62.0
2079,0.0
2080,62.0
2080,0.0
2080,62.0
2081,62.0
2081,0.0
2081,62.0
2082,0.0
2082,62.0
2082,62.0
2083,62.0
2083,0.0
2083,62.0
2084,62.0
2084,0.0
2084,62.0
2085,62.0
2085,0.0
2085,62.0
2086,62.0
2086,0.0
2086,62.0
2087,62.0
2087,0.0
2087,62.0
2088,62.0
2088,0.0
2088,62.0
2089,62.0
2089,0.0
2089,62.0
2090,62.0
2090,0.0
2090,62.0
2091,62.0
2091,0.0
2091,62.0
2092,62.0
2092,0.0
2092,62.0
2093,62.0
2093,0.0
2093,62.0
2094,62.0
2094,0.0
2094,62.0
2095,0.0
2095,62.0
2095,62.0
2096,0.0
2096,62.0
2096,62.0
2097,0.0
2097,62.0
2097,62.0
2098,0.0
2098,62.0
2098,62.0
2099,0.0
2099,62.0
2099,62.0
2100,0.0
2100,62.0
2100,62.0
2101,0.0
2101,62.0
2101,62.0
2102,0.0
2102,62.0
2102,62.0
2103,0.0
2103,62.0
2103,62.0
2104,0.0
2104,62.0
2104,62.0
2105,0.0
2105,62.0
2105,62.0
2106,0.0
2106,62.0
2106,62.0
2107,0.0
2107,62.0
2107,62.0
2108,0.0
2108,62.0
2108,62.0
2109,0.0
2109,62.0
2109,62.0
2110,0.0
2110,62.0
2110,62.0
2111,62.0
2111,0.0
2111,62.0
2112,62.0
2112,0.0
2112,62.0
2113,62.0
2113,0.0
2113,62.0
2114,62.0
2114,0.0
2114,62.0
2115,62.0
2115,0.0
2115,62.0
2116,0.0
2116,62.0
2116,62.0
2117,0.0
2117,62.0
2117,62.0
2118,0.0
2118,62.0
2118,62.0
2119,0.0
2119,62.0
2119,62.0
2120,62.0
2120,0.0
2120,62.0
2121,62.0
2121,0.0
2121,62.0
2122,62.0
2122,0.0
2122,62.0
2123,0.0
2123,62.0
2123,62.0
2123,0.0
2124,0.0
2124,62.0
2124,62.0
2124,0.0
2125,0.0
2125,62.0
2125,62.0
2125,0.0
2126,0.0
2126,62.0
2126,0.0
2126,62.0
2127,0.0
2127,62.0
2127,0.0
2127,62.0
2128,0.0
2128,62.0
2128,0.0
2128,62.0
2129,0.0
2129,62.0
2129,0.0
2129,62.0
2130,0.0
2130,62.0
2130,62.0
2131,0.0
2131,62.0
2131,62.0
2132,0.0
2132,62.0
2132,62.0
2133,0.0
2133,62.0
2133,62.0
2134,0.0
2134,62.0
2134,62.0
2135,0.0
2135,62.0
2135,62.0
2136,0.0
2136,62.0
2136,62.0
2137,0.0
2137,62.0
2137,62.0
2137,0.0
2138,0.0
2138,62.0
2138,62.0
2139,0.0
2139,62.0
2139,62.0
2140,0.0
2140,62.0
2140,62.0
2141,0.0
2141,0.0
2142,0.0
2142,0.0
2143,0.0
2143,0.0
2144,0.0
2144,0.0
2145,0.0
2145,0.0
2146,0.0
2146,0.0
2147,0.0
2147,0.0
2148,0.0
2148,0.0
2149,0.0
2149,0.0
2150,0.0
2150,0.0
2151,0.0
2151,0.0
2152,0.0
2152,0.0
2153,0.0
2153,0.0
2154,0.0
2154,0.0
2155,0.0
2155,0.0
2155,62.0
2156,0.0
2156,0.0
2157,0.0
2157,0.0
2158,0.0
2158,0.0
2159,0.0
2159,0.0
2160,0.0
2160,0.0
2161,0.0
2161,0.0
2162,0.0
2162,0.0
2163,0.0
2163,0.0
2164,0.0
2164,0.0
2165,0.0
2165,0.0
2166,0.0
2166,0.0
2166,62.0
2167,0.0
2167,0.0
2168,0.0
2168,0.0
2169,0.0
2169,0.0
2170,0.0
2170,0.0
2171,0.0
2171,62.0
2171,0.0
2172,0.0
2172,62.0
2172,0.0
2173,0.0
2173,62.0
2173,0.0
2174,0.0
2174,62.0
2174,0.0
2175,0.0
2175,62.0
2175,0.0
2176,0.0
2176,62.0
2176,0.0
2177,0.0
2177,62.0
2177,0.0
2178,0.0
2178,62.0
2178,0.0
2179,0.0
2179,62.0
2179,0.0
2180,0.0
2180,0.0
2180,62.0
2181,0.0
2181,0.0
2181,62.0
2182,0.0
2182,0.0
2182,62.0
2183,0.0
2183,62.0
2184,0.0
2184,62.0
2185,0.0
2185,62.0
2185,0.0
2186,0.0
2186,62.0
2186,0.0
2187,0.0
2187,0.0
2187,62.0
2188,0.0
2188,0.0
2188,62.0
2189,0.0
2189,0.0
2189,62.0
2190,62.0
2190,0.0
2190,0.0
2191,62.0
2191,0.0
2191,0.0
2192,62.0
2192,0.0
2192,0.0
2193,62.0
2193,0.0
2193,0.0
2194,0.0
2194,62.0
2194,0.0
2195,0.0
2195,62.0
2195,0.0
2196,0.0
2196,62.0
2197,0.0
2197,62.0
2197,0.0
2198,0.0
2198,62.0
2198,0.0
2199,0.0
2199,62.0
2199,0.0
2200,0.0
2200,62.0
2200,0.0
2201,0.0
2201,0.0
2201,62.0
2202,0.0
2202,0.0
2202,62.0
2203,0.0
2203,0.0
2203,62.0
2204,0.0
2204,0.0
2204,62.0
2205,0.0
2205,0.0
2206,0.0
2206,0.0
2207,0.0
2207,0.0
2208,0.0
2208,0.0
2209,0.0
2209,0.0
2210,0.0
2210,0.0
2211,0.0
2211,0.0
2212,0.0
2212,0.0
2213,0.0
2213,0.0
2213,6.0
2214,0.0
2214,0.0
2214,6.0
2215,0.0
2215,0.0
2216,0.0
2216,0.0
2216,6.0
2217,0.0
2217,0.0
2217,6.0
2218,0.0
2218,0.0
2218,6.0
2219,0.0
2219,0.0
2219,6.0
2220,0.0
2220,0.0
2221,0.0
2221,0.0
2222,0.0
2222,0.0
2223,0.0
2223,0.0
2224,0.0
2224,0.0
2225,0.0
2225,0.0
2226,0.0
2226,0.0
2227,0.0
2227,0.0
2228,0.0
2228,0.0
2229,0.0
2229,0.0
2230,0.0
2230,0.0
2230,4.0
2231,0.0
2231,0.0
2232,0.0
2232,0.0
2233,0.0
2233,0.0
2234,0.0
2234,0.0
2235,0.0
2235,0.0
2236,0.0
2236,0.0
2237,0.0
2237,0.0
2238,0.0
2238,0.0
2239,0.0
2239,0.0
2240,0.0
2240,0.0
2241,0.0
2241,0.0
2242,0.0
2242,0.0
2243,0.0
2243,0.0
2244,0.0
2244,0.0
2245,0.0
2245,0.0
2246,0.0
2246,0.0
2247,0.0
2247,0.0
2248,0.0
2248,0.0
2249,0.0
2249,0.0
2249,0.0
2250,0.0
2250,0.0
2251,0.0
2251,0.0
2251,62.0
2252,0.0
2252,0.0
2252,62.0
2253,0.0
2253,0.0
2253,62.0
2254,0.0
2254,0.0
2254,62.0
2255,0.0
2255,0.0
2255,62.0
2256,0.0
2256,0.0
2256,62.0
2257,0.0
2257,0.0
2257,62.0
2258,0.0
2258,0.0
2258,62.0
2259,0.0
2259,0.0
2259,62.0
2260,0.0
2260,0.0
2260,62.0
2261,0.0
2261,0.0
2261,62.0
2262,0.0
2262,0.0
2262,62.0
2263,0.0
2263,0.0
2263,62.0
2264,0.0
2264,0.0
2264,62.0
2265,0.0
2265,0.0
2265,62.0
2266,0.0
2266,0.0
2266,62.0
2267,0.0
2267,0.0
2267,62.0
2268,0.0
2268,0.0
2268,62.0
2269,0.0
2269,0.0
2269,62.0
2270,0.0
2270,0.0
2270,62.0
2271,0.0
2271,0.0
2271,62.0
2272,0.0
2272,0.0
2272,62.0
2273,0.0
2273,0.0
2273,62.0
2274,0.0
2274,0.0
2274,62.0
2275,0.0
2275,0.0
2276,0.0
2276,0.0
2276,62.0
2277,0.0
2277,0.0
2277,62.0
2278,0.0
2278,0.0
2278,62.0
2279,0.0
2279,0.0
2279,62.0
2280,0.0
2280,0.0
2280,62.0
2281,0.0
2281,0.0
2281,62.0
2282,0.0
2282,0.0
2282,62.0
2283,0.0
2283,0.0
2283,62.0
2284,0.0
2284,0.0
2284,62.0
2285,0.0
2285,0.0
2285,62.0
2286,0.0
2286,0.0
2286,62.0
2287,0.0
2287,0.0
2287,62.0
2288,0.0
2288,0.0
2288,62.0
2289,0.0
2289,0.0
2289,62.0
2290,0.0
2290,0.0
2290,62.0
2291,0.0
2291,62.0
2291,0.0
2292,0.0
2292,62.0
2292,0.0
2293,0.0
2293,62.0
2293,0.0
2294,0.0
2294,62.0
2294,0.0
2295,0.0
2295,0.0
2296,0.0
2296,0.0
2297,0.0
2297,0.0
2298,0.0
2298,0.0
2299,0.0
2299,0.0
2300,0.0
2300,0.0
2301,0.0
2301,0.0
2302,62.0
2302,0.0
2303,62.0
2303,0.0
2304,62.0
2304,0.0
2305,0.0
2305,0.0
2305,62.0
2306,0.0
2306,0.0
2306,6.0
2307,0.0
2307,0.0
2307,6.0
2308,0.0
2308,0.0
2308,6.0
2309,0.0
2309,0.0
2309,6.0
2310,0.0
2310,0.0
2310,6.0
2311,0.0
2311,0.0
2311,6.0
2312,0.0
2312,0.0
2312,6.0
2313,0.0
2313,0.0
2313,6.0
2314,0.0
2314,0.0
2314,6.0
2315,0.0
2315,0.0
2315,6.0
2316,0.0
2316,0.0
2316,6.0
2317,0.0
2317,0.0
2317,6.0
2318,0.0
2318,0.0
2318,6.0
2319,0.0
2319,0.0
2319,6.0
2320,0.0
2320,0.0
2320,6.0
2321,0.0
2340,62.0
2341,62.0
2342,62.0
2343,62.0
2344,62.0
2345,62.0
2346,62.0
2347,62.0
2347,15.0
2348,62.0
2348,15.0
2349,62.0
2349,15.0
2350,62.0
2350,15.0
2370,0.0
2371,0.0
2372,0.0
2373,0.0
2374,0.0
2375,0.0
2376,0.0
2377,0.0
2377,62.0
2378,0.0
2378,62.0
2379,0.0
2379,62.0
2380,62.0
2380,0.0
2381,62.0
2382,62.0
2383,62.0
2384,62.0
2385,62.0
2386,62.0
2387,62.0
2388,62.0
2389,62.0
2390,62.0
2391,62.0
2392,62.0
2393,62.0
2394,62.0
2395,62.0
2396,62.0
2397,62.0
2398,62.0
2399,62.0
2400,62.0
2401,62.0
2402,62.0
2403,62.0
2404,62.0
2405,62.0
2405,62.0
2406,62.0
2406,62.0
2407,62.0
2408,62.0
2409,62.0
2410,62.0
2411,62.0
2412,62.0
2413,62.0
2414,62.0
2415,62.0
2416,62.0
2417,62.0
2418,62.0
2419,62.0
2420,62.0
2421,62.0
2422,62.0
2423,62.0
2424,62.0
2425,62.0
2426,62.0
2426,62.0
2426,0.0
2427,62.0
2427,62.0
2427,0.0
2428,62.0
2428,62.0
2428,0.0
2429,62.0
2429,62.0
2429,0.0
2430,62.0
2431,62.0
2432,62.0
2433,62.0
2434,62.0
2435,62.0
2436,62.0
2437,62.0
2438,62.0
2439,62.0
2440,62.0
2441,62.0
2442,62.0
2443,62.0
2444,62.0
2445,0.0
2445,62.0
2446,0.0
2446,62.0
2447,0.0
2447,62.0
2448,0.0
2448,62.0
2449,0.0
2449,62.0
2450,0.0
2450,62.0
2451,0.0
2451,62.0
2452,0.0
2452,62.0
2453,0.0
2453,62.0
2454,0.0
2454,62.0
2455,0.0
2471,0.0
2472,0.0
2473,0.0
2474,0.0
2479,62.0
2480,62.0
2481,62.0
2482,62.0
2483,62.0
2484,62.0
2485,62.0
2486,0.0
2486,62.0
2486,62.0
2487,0.0
2487,62.0
2487,62.0
2488,0.0
2488,62.0
2489,0.0
2489,62.0
2490,0.0
2490,62.0
2491,0.0
2491,62.0
2492,0.0
2492,62.0
2493,0.0
2493,62.0
2494,0.0
2494,62.0
2495,0.0
2495,62.0
2496,0.0
2497,0.0
2498,0.0
2499,0.0
2500,0.0
2519,0.0
2530,0.0
2531,0.0
2532,0.0
2533,0.0
2534,0.0
2535,0.0
2536,0.0
2537,0.0
2538,0.0
2539,0.0
2540,0.0
2541,0.0
2542,0.0
2543,0.0
2544,0.0
2545,0.0
2546,0.0
2547,0.0
2548,0.0
2549,0.0
2550,0.0
2551,0.0
2552,0.0
2553,0.0
2554,0.0
2555,0.0
2556,0.0
2557,0.0
2558,0.0
2559,0.0
2560,0.0
2562,0.0
2563,0.0
2576,62.0
2577,62.0
2578,62.0
2579,62.0
2580,0.0
2580,62.0
2581,0.0
2582,0.0
2583,0.0
2584,0.0
2585,0.0
2585,62.0
2586,0.0
2595,62.0
2596,62.0
2597,62.0
2598,62.0
2599,62.0
2600,62.0
2601,62.0
2605,62.0
2606,62.0
2607,62.0
2608,62.0
2609,62.0
2610,62.0
2611,62.0
2612,62.0
2613,62.0
2614,62.0
2615,62.0
2616,62.0
2617,62.0
2618,62.0
2619,62.0
2620,62.0
2621,0.0
2621,62.0
2622,0.0
2622,62.0
2623,0.0
2623,62.0
2624,0.0
2624,62.0
2625,0.0
2625,62.0
2626,0.0
2626,62.0
2627,0.0
2627,62.0
2628,0.0
2628,62.0
2629,0.0
2629,62.0
2630,0.0
2630,62.0
2631,0.0
2631,62.0
2632,62.0
2632,0.0
2633,62.0
2633,0.0
2634,62.0
2634,0.0
2635,62.0
2635,0.0
2636,0.0
2636,62.0
2637,0.0
2637,62.0
2638,0.0
2638,62.0
2639,0.0
2639,62.0
2640,0.0
2640,62.0
2641,0.0
2641,62.0
2642,0.0
2642,62.0
2643,0.0
2643,62.0
2644,0.0
2644,62.0
2645,0.0
2645,62.0
2646,0.0
2646,62.0
2647,0.0
2647,62.0
2648,0.0
2648,62.0
2649,0.0
2649,62.0
2650,0.0
2650,62.0
2651,0.0
2652,0.0
2652,62.0
2653,0.0
2653,62.0
2654,0.0
2654,62.0
2655,0.0
2655,62.0
2656,0.0
2656,62.0
2657,0.0
2657,62.0
2658,0.0
2658,62.0
2659,0.0
2659,62.0
2660,0.0
2660,62.0
2661,0.0
2661,62.0
2662,0.0
2662,62.0
2663,0.0
2663,62.0
2664,0.0
2664,62.0
2665,0.0
2665,62.0
2666,0.0
2667,0.0
2668,0.0
2669,0.0
2670,0.0
2670,62.0
2671,0.0
2671,62.0
2672,0.0
2673,0.0
2674,0.0
2674,62.0
2675,0.0
2676,0.0
2677,0.0
2678,0.0
2678,62.0
2679,0.0
2679,62.0
2680,0.0
2680,62.0
2681,62.0
2681,0.0
2682,62.0
2682,0.0
2683,62.0
2683,0.0
2684,0.0
2684,62.0
2685,62.0
2685,0.0
2686,62.0
2686,0.0
2687,62.0
2687,0.0
2688,62.0
2688,0.0
2689,62.0
2689,0.0
2690,62.0
2690,0.0
2691,62.0
2691,0.0
2692,0.0
2692,62.0
2692,62.0
2693,0.0
2693,62.0
2693,62.0
2694,0.0
2694,62.0
2694,62.0
2695,0.0
2695,62.0
2695,62.0
2700,62.0
2700,62.0
2701,62.0
2701,62.0
2702,62.0
2702,62.0
2703,62.0
2703,62.0
2704,62.0
2704,62.0
2711,62.0
2712,62.0
2713,62.0
2714,62.0
2715,62.0
2716,62.0
2717,62.0
2718,62.0
2719,62.0
2720,62.0
2721,62.0
2722,62.0
2723,62.0
2724,62.0
2725,62.0
2726,62.0
2727,62.0
2728,62.0
2729,62.0
2730,62.0
2731,62.0
2732,62.0
2733,62.0
2734,62.0
2735,62.0
2736,62.0
2737,62.0
2738,62.0
2739,62.0
2740,62.0
2741,62.0
2742,62.0
2743,62.0
2744,62.0
2745,62.0
2746,62.0
2747,62.0
2748,62.0
2749,62.0
2750,62.0
2751,62.0
2752,62.0
2753,62.0
2754,62.0
2755,62.0
2756,62.0
2757,62.0
2758,62.0
2759,62.0
2760,62.0
2761,62.0
2762,62.0
2763,62.0
2764,62.0
2765,62.0
2766,62.0
2767,62.0
2768,62.0
2769,62.0
2770,62.0
2771,62.0
2772,62.0
2773,62.0
2774,62.0
2775,62.0
2776,62.0
2777,62.0
2778,62.0
2779,62.0
2780,62.0
2781,62.0
2782,62.0
2783,62.0
2784,62.0
2785,62.0
2786,62.0
2787,62.0
2788,62.0
2789,62.0
2790,62.0
2791,62.0
2792,62.0
2793,62.0
2794,62.0
2795,62.0
2796,62.0
2797,62.0
2798,62.0
2799,62.0
2800,62.0
2801,62.0
2802,62.0
2803,62.0
2804,62.0
2805,62.0
2806,62.0
2807,62.0
2808,62.0
2809,62.0
2810,62.0
2811,62.0
2812,62.0
2813,62.0
2814,62.0
2815,62.0
2816,62.0
2817,62.0
2818,62.0
2819,0.0
2819,62.0
2820,0.0
2820,62.0
2821,0.0
2821,62.0
2822,0.0
2822,62.0
2823,0.0
2823,62.0
2824,0.0
2824,62.0
2825,0.0
2825,62.0
2826,0.0
2826,62.0
2827,0.0
2827,62.0
2828,0.0
2828,62.0
2829,0.0
2829,62.0
2830,0.0
2830,62.0
2830,62.0
2831,0.0
2831,62.0
2832,0.0
2832,62.0
2833,0.0
2834,0.0
2835,0.0
2836,0.0
2837,0.0
2838,0.0
2839,0.0
2840,0.0
2841,0.0
2842,0.0
2843,0.0
2844,0.0
2845,0.0
2846,0.0
2847,0.0
2848,0.0
2849,0.0
2850,0.0
2851,0.0
2852,0.0
2853,0.0
2854,0.0
2855,0.0
2856,0.0
2857,0.0
2858,0.0
2859,0.0
2859,62.0
2860,0.0
2860,62.0
2861,0.0
2862,0.0
2863,0.0
2864,0.0
2865,0.0
2866,0.0
2867,0.0
2868,0.0
2869,0.0
2870,0.0
2871,0.0
2872,0.0
2873,0.0
2874,0.0
2875,0.0
2876,0.0
2876,62.0
2877,0.0
2877,62.0
2878,0.0
2878,62.0
2879,0.0
2879,62.0
2880,0.0
2880,62.0
2880,62.0
2881,0.0
2881,62.0
2882,0.0
2882,62.0
2883,0.0
2883,62.0
2884,0.0
2884,62.0
2884,62.0
2885,0.0
2885,62.0
2885,62.0
2886,0.0
2886,62.0
2887,0.0
2887,62.0
2887,62.0
2888,0.0
2888,62.0
2888,62.0
2889,0.0
2889,62.0
2889,62.0
2890,0.0
2890,62.0
2890,62.0
2891,0.0
2891,62.0
2891,62.0
2892,0.0
2892,62.0
2892,62.0
2893,0.0
2893,62.0
2893,62.0
2894,0.0
2894,62.0
2894,62.0
2895,0.0
2895,62.0
2895,62.0
2896,0.0
2896,62.0
2896,62.0
2897,0.0
2897,62.0
2897,62.0
2898,0.0
2898,62.0
2898,62.0
2899,0.0
2899,62.0
2899,62.0
2900,0.0
2900,62.0
2900,62.0
2901,0.0
2901,62.0
2901,62.0
2902,0.0
2902,62.0
2902,62.0
2903,0.0
2903,62.0
2903,62.0
2904,0.0
2904,62.0
2904,62.0
2905,0.0
2905,62.0
2905,62.0
2906,0.0
2906,62.0
2907,0.0
2907,62.0
2908,0.0
2908,62.0
2909,0.0
2909,62.0
2910,0.0
2910,62.0
2911,0.0
2911,62.0
2912,0.0
2912,62.0
2913,0.0
2913,62.0
2914,0.0
2914,62.0
2915,0.0
2915,62.0
2916,0.0
2916,62.0
2917,0.0
2917,62.0
2918,0.0
2918,62.0
2919,0.0
2919,62.0
2920,0.0
2920,62.0
2921,0.0
2921,62.0
2922,0.0
2922,62.0
2923,0.0
2923,62.0
2924,0.0
2924,62.0
2925,0.0
2925,62.0
2926,0.0
2926,62.0
2927,0.0
2927,62.0
2928,0.0
2928,62.0
2929,0.0
2929,62.0
2930,0.0
2930,62.0
2931,0.0
2931,62.0
2932,62.0
2932,0.0
2933,0.0
2933,62.0
2934,0.0
2934,62.0
2935,0.0
2935,62.0
2936,0.0
2936,62.0
2937,0.0
2937,62.0
2938,0.0
2938,62.0
2939,0.0
2939,62.0
2940,0.0
2940,62.0
2941,0.0
2941,62.0
2942,0.0
2942,62.0
2943,0.0
2943,62.0
2944,0.0
2944,62.0
2945,0.0
2945,62.0
2946,0.0
2946,62.0
2947,0.0
2947,62.0
2948,0.0
2948,62.0
2949,0.0
2949,62.0
2950,0.0
2950,62.0
2951,0.0
2951,62.0
2952,0.0
2952,62.0
2953,0.0
2953,62.0
2954,0.0
2954,62.0
2955,0.0
2955,62.0
2956,0.0
2956,62.0
2957,0.0
2957,62.0
2958,0.0
2958,62.0
2959,0.0
2959,62.0
2960,0.0
2960,62.0
2961,0.0
2961,62.0
2962,0.0
2962,62.0
2963,0.0
2963,62.0
2964,0.0
2964,62.0
2965,0.0
2965,62.0
2966,0.0
2966,62.0
2967,0.0
2967,62.0
2968,0.0
2968,62.0
2969,0.0
2969,62.0
2970,0.0
2970,62.0
2971,0.0
2971,62.0
2972,0.0
2972,62.0
2973,0.0
2973,62.0
2974,0.0
2974,62.0
2975,0.0
2975,62.0
2976,0.0
2976,62.0
2977,0.0
2977,62.0
2978,0.0
2978,62.0
2979,0.0
2979,62.0
2980,0.0
2980,62.0
2981,0.0
2981,62.0
2982,0.0
2982,62.0
2983,0.0
2983,62.0
2984,0.0
2984,62.0
2985,0.0
2985,62.0
2986,0.0
2986,62.0
2987,0.0
2987,62.0
2988,0.0
2988,62.0
2989,0.0
2989,62.0
2990,0.0
2990,62.0
2991,0.0
2991,62.0
2992,0.0
2992,62.0
2993,0.0
2993,62.0
2994,0.0
2994,62.0
2995,0.0
2995,62.0
2996,0.0
2996,62.0
2997,0.0
2997,62.0
2998,0.0
2998,62.0
2999,0.0
2999,62.0
3000,0.0
3000,62.0
3001,0.0
3001,62.0
3002,0.0
3002,62.0
3003,0.0
3003,62.0
3004,0.0
3004,62.0
3005,0.0
3005,62.0
3006,0.0
3006,62.0
3007,0.0
3007,62.0
3008,0.0
3008,62.0
3009,0.0
3009,62.0
3010,0.0
3010,62.0
3010,62.0
3011,0.0
3011,62.0
3011,62.0
3012,0.0
3012,62.0
3012,62.0
3013,0.0
3013,62.0
3013,62.0
3014,62.0
3014,62.0
3015,62.0
3015,62.0
3016,62.0
3016,62.0
3017,62.0
3017,62.0
3018,62.0
3018,62.0
3019,62.0
3019,62.0
3020,62.0
3020,62.0
3021,62.0
3021,62.0
3022,62.0
3023,62.0
3024,62.0
3025,62.0
3026,62.0
3027,62.0
3028,62.0
3029,62.0
3030,62.0
3031,62.0
3032,62.0
3033,62.0
3034,62.0
3035,62.0
3036,62.0
3037,62.0
3038,62.0
3039,62.0
3040,62.0
3043,62.0
3052,0.0
3052,62.0
3053,0.0
3053,62.0
3054,0.0
3054,62.0
3070,62.0
3074,62.0
3075,62.0
3076,62.0
3077,62.0
3078,62.0
3079,62.0
3085,62.0
3086,62.0
3087,62.0
3088,62.0
3100,62.0
3101,62.0
3113,62.0
3114,62.0
3115,62.0
3116,62.0
3117,62.0
3118,62.0
3119,62.0
3120,62.0
3121,62.0
3122,62.0
3123,62.0
3124,62.0
3125,62.0
3126,62.0
3127,62.0
3128,62.0
3129,62.0
3130,62.0
3131,62.0
3132,62.0
3133,62.0
3134,62.0
3135,62.0
3136,62.0
3137,62.0
3138,62.0
3139,62.0
3140,62.0
3141,62.0
3142,62.0
3143,62.0
3144,62.0
3145,62.0
3176,62.0
3176,62.0
3176,0.0
3177,62.0
3177,62.0
3177,0.0
3178,62.0
3178,62.0
3178,0.0
3179,62.0
3179,0.0
3179,62.0
3180,62.0
3181,62.0
3182,62.0
3183,62.0
3184,62.0
3185,62.0
3186,62.0
3187,62.0
3188,62.0
3189,62.0
3190,62.0
3191,62.0
3192,62.0
3193,62.0
3194,62.0
3195,62.0
3196,62.0
3197,62.0
3198,62.0
3199,62.0
3200,62.0
3201,62.0
3202,62.0
3203,62.0
3203,62.0
3204,62.0
3204,62.0
3205,62.0
3206,62.0
3207,62.0
3208,62.0
3209,62.0
3220,62.0
3221,62.0
3222,62.0
3223,62.0
3224,62.0
3225,62.0
3226,62.0
3227,62.0
3228,62.0
3229,62.0
3230,62.0
3231,62.0
3232,62.0
3233,62.0
3234,62.0
3235,62.0
3236,62.0
3237,62.0
3238,62.0
3239,62.0
3240,62.0
3241,62.0
3242,62.0
3243,62.0
3244,62.0
3245,62.0
3246,62.0
3247,62.0
3248,62.0
3249,62.0
3250,62.0
3251,62.0
3252,62.0
3253,62.0
3254,62.0
3255,62.0
3256,62.0
3257,62.0
3258,62.0
3259,62.0
3260,62.0
3261,62.0
3262,62.0
3263,62.0
3264,62.0
3265,62.0
3266,62.0
3266,0.0
3267,62.0
3267,0.0
3268,62.0
3268,0.0
3269,62.0
3269,0.0
3270,0.0
3270,62.0
3271,0.0
3271,62.0
3272,0.0
3272,62.0
3273,0.0
3273,62.0
3274,0.0
3274,62.0
3275,0.0
3275,62.0
3276,0.0
3276,62.0
3277,0.0
3277,62.0
3278,0.0
3278,62.0
3279,0.0
3279,62.0
3280,0.0
3280,62.0
3281,0.0
3282,0.0
3283,0.0
3284,0.0
3285,0.0
3286,0.0
3287,0.0
3288,0.0
3289,0.0
3290,0.0
3291,0.0
3296,0.0
3296,62.0
3297,0.0
3297,62.0
3298,0.0
3298,62.0
3299,0.0
3299,62.0
3300,0.0
3300,62.0
3301,0.0
3301,62.0
3302,0.0
3302,62.0
3303,0.0
3303,62.0
3304,0.0
3304,62.0
3305,0.0
3305,62.0
3306,0.0
3306,62.0
3307,0.0
3307,62.0
3308,0.0
3308,62.0
3309,0.0
3309,62.0
3310,0.0
3310,62.0
3311,0.0
3312,0.0
3313,0.0
3314,0.0
3315,0.0
3316,0.0
3317,0.0
3318,0.0
3319,0.0
3320,0.0
3321,0.0
3322,0.0
3323,0.0
3324,0.0
3325,0.0
3326,0.0
3327,0.0
3328,0.0
3329,0.0
3330,0.0
3331,0.0
3332,0.0
3333,0.0
3334,0.0
3335,0.0
3336,0.0
3337,0.0
3338,0.0
3339,0.0
3340,0.0
3341,0.0
3342,0.0
3343,0.0
3344,0.0
3345,0.0
3346,0.0
3347,0.0
3348,0.0
3349,0.0
3350,0.0
3351,0.0
3352,0.0
3353,0.0
3354,0.0
3355,0.0
3360,0.0
3360,62.0
3361,0.0
3361,62.0
3362,0.0
3362,62.0
3363,0.0
3363,62.0
3364,0.0
3364,62.0
3365,0.0
3365,62.0
3366,0.0
3366,62.0
3367,0.0
3367,62.0
3368,0.0
3368,62.0
3369,0.0
3369,62.0
3370,0.0
3370,62.0
3371,0.0
3371,62.0
3372,0.0
3372,62.0
3373,0.0
3373,62.0
3374,0.0
3374,62.0
3375,62.0
3375,0.0
3376,0.0
3376,62.0
3377,0.0
3377,62.0
3378,0.0
3378,62.0
3379,0.0
3379,62.0
3380,0.0
3380,62.0
3381,0.0
3381,62.0
3382,0.0
3382,62.0
3383,0.0
3383,62.0
3384,0.0
3384,62.0
3385,0.0
3385,62.0
3386,0.0
3386,62.0
3387,0.0
3387,62.0
3388,0.0
3388,62.0
3389,0.0
3389,62.0
3390,0.0
3390,62.0
3391,0.0
3391,62.0
3392,0.0
3392,62.0
3393,0.0
3393,62.0
3394,0.0
3394,62.0
3395,0.0
3395,62.0
3396,0.0
3396,62.0
3397,62.0
3397,0.0
3398,62.0
3398,0.0
3399,62.0
3399,0.0
3400,62.0
3400,0.0
3401,0.0
3401,62.0
3402,0.0
3402,62.0
3403,0.0
3403,62.0
3404,0.0
3404,62.0
3405,0.0
3405,62.0
3406,0.0
3406,62.0
3407,0.0
3407,62.0
3408,0.0
3408,62.0
3409,0.0
3409,62.0
3410,0.0
3410,62.0
3411,0.0
3411,62.0
3412,0.0
3412,62.0
3413,0.0
3413,62.0
3414,0.0
3414,62.0
3415,0.0
3415,62.0
3416,0.0
3416,62.0
3417,0.0
3417,62.0
3418,0.0
3418,62.0
3419,0.0
3419,62.0
3420,0.0
3420,62.0
3421,0.0
3421,62.0
3422,0.0
3422,62.0
3423,0.0
3423,62.0
3424,0.0
3424,62.0
3425,0.0
3425,62.0
3426,0.0
3426,62.0
3427,0.0
3427,62.0
3428,0.0
3428,62.0
3429,0.0
3429,62.0
3430,0.0
3430,62.0
3431,0.0
3431,62.0
3432,0.0
3432,62.0
3433,0.0
3433,62.0
3434,0.0
3434,62.0
3446,62.0
3447,62.0
3448,62.0
3449,62.0
3450,62.0
3451,62.0
3451,62.0
3452,62.0
3452,62.0
3453,62.0
3453,62.0
3454,62.0
3454,62.0
3455,62.0
3455,62.0
3456,62.0
3457,62.0
3458,62.0
3459,62.0
3460,62.0
3474,62.0
3475,62.0
3476,62.0
3477,62.0
3478,62.0
3479,62.0
3480,62.0
3481,62.0
3482,62.0
3483,62.0
3484,62.0
3485,62.0
3486,62.0
3487,62.0
3488,62.0
3489,62.0
3490,62.0
3491,62.0
3492,62.0
3493,62.0
3494,62.0
3495,62.0
3496,62.0
3497,62.0
3498,62.0
3499,62.0
3500,62.0
3501,62.0
3502,62.0
3503,62.0
3504,62.0
3505,62.0
3521,62.0
3522,62.0
3523,62.0
3524,62.0
3525,62.0
3526,62.0
3527,62.0
3528,62.0
3529,62.0
3530,62.0
3531,62.0
3534,62.0
3535,62.0
3536,62.0
3537,62.0
3538,62.0
3539,62.0
3540,62.0
3541,62.0
3542,62.0
3543,62.0
3544,62.0
3545,62.0
3546,62.0
3547,62.0
3548,62.0
3549,62.0
3550,62.0
3551,62.0
3552,62.0
3553,62.0
3554,62.0
3555,62.0
3671,62.0
3731,62.0
3735,62.0
3736,62.0
3737,62.0
3738,62.0
3739,62.0
3740,62.0
3741,62.0
3742,62.0
3743,62.0
3744,62.0
3745,62.0
3750,0.0
3751,0.0
3752,0.0
3753,0.0
3754,0.0
3755,0.0
3764,61.0
3776,61.0
3777,61.0
3778,61.0
3779,61.0
3794,0.0
3795,0.0
3796,0.0
3797,0.0
3798,0.0
3799,0.0
3800,0.0
3803,0.0
3804,0.0
3805,0.0
3806,0.0
3807,0.0
3808,0.0
3809,0.0
3809,62.0
3809,62.0
3810,0.0
3810,62.0
3810,62.0
3811,0.0
3811,62.0
3811,62.0
3812,0.0
3812,62.0
3812,62.0
3813,0.0
3813,62.0
3814,0.0
3814,62.0
3815,0.0
3815,62.0
3816,0.0
3816,62.0
3817,0.0
3817,62.0
3818,0.0
3818,62.0
3818,62.0
3819,0.0
3819,62.0
3819,62.0
3820,0.0
3820,62.0
3820,62.0
3821,0.0
3822,0.0
3823,0.0
3824,0.0
3824,62.0
3825,0.0
3825,62.0
3826,0.0
3826,62.0
3827,0.0
3827,62.0
3828,0.0
3828,62.0
3829,0.0
3829,62.0
3830,0.0
3830,62.0
3831,0.0
3832,0.0
3832,62.0
3833,0.0
3833,62.0
3834,0.0
3834,62.0
3835,0.0
3835,62.0
3836,0.0
3836,62.0
3837,0.0
3837,62.0
3838,0.0
3839,0.0
3839,62.0
3840,0.0
3840,62.0
3841,0.0
3841,62.0
3842,0.0
3842,62.0
3843,0.0
3843,62.0
3844,0.0
3844,62.0
3845,0.0
3845,62.0
3846,0.0
3846,62.0
3847,0.0
3847,62.0
3848,0.0
3848,62.0
3849,0.0
3849,62.0
3850,0.0
3850,62.0
3851,0.0
3851,62.0
3852,0.0
3852,62.0
3853,0.0
3853,62.0
3854,0.0
3854,62.0
3855,0.0
3855,62.0
3856,0.0
3856,62.0
3857,0.0
3857,62.0
3858,0.0
3858,62.0
3859,0.0
3859,62.0
3860,0.0
3860,62.0
3861,0.0
3861,62.0
3862,0.0
3862,62.0
3863,0.0
3863,62.0
3864,0.0
3864,62.0
3865,0.0
3865,62.0
3866,0.0
3866,62.0
3867,0.0
3867,62.0
3868,0.0
3868,62.0
3869,0.0
3869,62.0
3870,0.0
3870,62.0
3871,0.0
3871,62.0
3872,0.0
3872,62.0
3873,0.0
3873,62.0
3874,0.0
3874,62.0
3875,0.0
3875,62.0
3876,0.0
3876,62.0
3877,0.0
3877,62.0
3878,0.0
3878,62.0
3879,0.0
3879,62.0
3880,0.0
3880,62.0
3881,0.0
3881,62.0
3882,0.0
3882,62.0
3883,0.0
3883,62.0
3884,0.0
3884,62.0
3885,0.0
3885,62.0
3886,0.0
3886,62.0
3887,0.0
3887,62.0
3888,0.0
3888,62.0
3889,0.0
3889,62.0
3890,0.0
3890,62.0
3891,0.0
3891,62.0
3892,0.0
3892,62.0
3893,0.0
3893,62.0
3894,0.0
3894,62.0
3895,0.0
3895,62.0
3896,0.0
3896,62.0
3897,0.0
3897,62.0
3898,0.0
3898,62.0
3899,0.0
3899,62.0
3900,0.0
3900,62.0
3901,0.0
3901,62.0
3902,0.0
3902,62.0
3903,0.0
3903,62.0
3904,0.0
3904,62.0
3905,0.0
3905,62.0
3906,0.0
3906,62.0
3907,0.0
3907,62.0
3908,0.0
3908,62.0
3909,0.0
3909,62.0
3910,0.0
3910,62.0
3911,0.0
3911,62.0
3912,0.0
3912,62.0
3913,0.0
3913,62.0
3914,0.0
3914,62.0
3915,0.0
3915,62.0
3916,0.0
3916,62.0
3917,0.0
3917,62.0
3918,0.0
3918,62.0
3919,0.0
3919,62.0
3920,0.0
3920,62.0
3921,0.0
3921,62.0
3922,62.0
3922,0.0
3923,62.0
3923,0.0
3924,62.0
3924,0.0
3925,62.0
3925,0.0
3926,0.0
3926,62.0
3927,0.0
3927,62.0
3928,0.0
3928,62.0
3929,0.0
3929,62.0
3930,0.0
3930,62.0
3931,62.0
3931,0.0
3932,62.0
3932,0.0
3933,62.0
3933,0.0
3934,62.0
3934,0.0
3935,62.0
3935,0.0
3936,62.0
3936,0.0
3937,62.0
3938,62.0
3939,62.0
3940,62.0
3941,62.0
3941,62.0
3941,0.0
3942,62.0
3942,62.0
3942,0.0
3943,62.0
3943,62.0
3943,0.0
3944,62.0
3944,62.0
3945,62.0
3945,62.0
3946,62.0
3946,62.0
3947,62.0
3948,62.0
3948,62.0
3949,62.0
3950,62.0
3951,62.0
3951,62.0
3952,62.0
3952,62.0
3953,62.0
3953,62.0
3954,62.0
3954,62.0
3955,62.0
3955,62.0
3956,62.0
3956,0.0
3957,62.0
3957,0.0
3958,62.0
3958,0.0
3959,62.0
3959,0.0
3960,62.0
3960,0.0
3961,62.0
3961,0.0
3962,62.0
3962,0.0
3963,62.0
3963,0.0
3964,62.0
3964,0.0
3965,62.0
3965,0.0
3966,62.0
3966,0.0
3967,62.0
3967,0.0
3968,62.0
3968,0.0
3969,62.0
3969,0.0
3970,62.0
3970,0.0
3971,0.0
3971,62.0
3972,0.0
3972,62.0
3973,0.0
3973,62.0
3974,0.0
3974,62.0
3975,0.0
3975,62.0
3976,0.0
3976,62.0
3977,0.0
3977,62.0
3978,0.0
3978,62.0
3979,0.0
3979,62.0
3980,0.0
3980,62.0
3981,0.0
3981,62.0
3982,0.0
3982,62.0
3983,0.0
3983,62.0
3984,0.0
3984,62.0
3985,0.0
3985,62.0
3986,62.0
3986,0.0
3986,62.0
3987,62.0
3987,0.0
3988,62.0
3988,0.0
3989,62.0
3989,62.0
3990,62.0
3990,62.0
3991,62.0
3991,62.0
3992,62.0
3992,62.0
3993,62.0
3993,62.0
3994,62.0
3994,62.0
3995,62.0
3995,62.0
3995,0.0
3996,62.0
3996,62.0
3996,0.0
3997,0.0
3997,62.0
3997,62.0
3998,0.0
3998,62.0
3998,62.0
3999,0.0
3999,62.0
3999,62.0
4000,0.0
4000,62.0
4000,62.0
4001,0.0
4001,62.0
4001,62.0
4002,0.0
4002,62.0
4002,62.0
4003,0.0
4003,62.0
4003,62.0
4004,62.0
4004,0.0
4005,0.0
4005,62.0
4006,0.0
4006,62.0
4007,0.0
4007,62.0
4008,0.0
4008,62.0
4009,0.0
4009,62.0
4010,0.0
4010,62.0
4011,0.0
4011,62.0
4012,0.0
4012,62.0
4013,0.0
4013,62.0
4014,0.0
4014,62.0
4015,0.0
4016,0.0
4017,0.0
4018,0.0
4019,0.0
4020,0.0
4021,0.0
4022,0.0
4023,0.0
4024,0.0
4025,0.0
4026,0.0
4027,0.0
4028,0.0
4029,0.0
4030,0.0
4031,0.0
4032,0.0
4033,0.0
4034,0.0
4035,0.0
4036,0.0
4037,0.0
4038,0.0
4039,0.0
4040,0.0
4041,0.0
4042,0.0
4043,0.0
4044,0.0
4051,0.0
4052,0.0
4053,0.0
4054,0.0
4055,0.0
4060,0.0
4061,0.0
4062,0.0
4063,0.0
4075,0.0
4081,61.0
4082,61.0
4083,61.0
4084,61.0
4085,61.0
4086,61.0
4087,61.0
4088,61.0
4089,61.0
4090,61.0
4091,61.0
4092,61.0
4093,61.0
4105,0.0
4106,0.0
4107,0.0
4108,0.0
4109,0.0
4110,0.0
4111,0.0
4112,0.0
4113,0.0
4114,0.0
4120,0.0
4166,0.0
4167,0.0
4170,0.0
4171,0.0
4172,0.0
4173,0.0
4174,0.0
4175,0.0
4176,0.0
4177,0.0
4178,0.0
4179,0.0
4180,0.0
4181,0.0
4182,62.0
4182,0.0
4183,62.0
4183,0.0
4184,62.0
4184,0.0
4185,62.0
4185,0.0
4186,62.0
4186,0.0
4187,62.0
4187,0.0
4188,62.0
4188,0.0
4189,62.0
4189,0.0
4190,62.0
4190,0.0
4191,62.0
4191,0.0
4192,62.0
4192,0.0
4193,62.0
4194,62.0
4195,62.0
4196,62.0
4197,62.0
4198,62.0
4199,62.0
4200,62.0
4201,62.0
4202,62.0
4203,62.0
4204,62.0
4205,62.0
4206,62.0
4207,62.0
4208,62.0
4209,62.0
4210,62.0
4211,62.0
4212,62.0
4213,62.0
4214,62.0
4214,0.0
4215,62.0
4216,62.0
4216,62.0
4217,62.0
4217,62.0
4218,62.0
4218,62.0
4219,62.0
4219,62.0
4220,62.0
4220,62.0
4221,62.0
4221,62.0
4222,62.0
4222,62.0
4224,6.0
4225,6.0
4253,62.0
4253,0.0
4254,62.0
4254,0.0
4255,62.0
4256,62.0
4256,0.0
4257,62.0
4257,0.0
4258,62.0
4258,0.0
4259,62.0
4259,0.0
4260,62.0
4261,62.0
4262,62.0
4263,62.0
4264,62.0
4265,62.0
4266,62.0
4266,0.0
4267,0.0
4267,62.0
4268,0.0
4268,62.0
4269,0.0
4269,62.0
4270,0.0
4270,62.0
4271,0.0
4271,62.0
4272,0.0
4272,62.0
4273,0.0
4273,62.0
4274,0.0
4274,62.0
4275,0.0
4275,62.0
4276,0.0
4276,62.0
4277,0.0
4277,62.0
4278,0.0
4278,62.0
4279,0.0
4279,62.0
4280,0.0
4280,62.0
4281,0.0
4281,62.0
4282,0.0
4282,62.0
4283,0.0
4283,62.0
4284,0.0
4284,62.0
4285,0.0
4285,62.0
4286,0.0
4286,62.0
4287,0.0
4287,62.0
4288,0.0
4288,62.0
4289,0.0
4289,62.0
4290,0.0
4290,62.0
4291,0.0
4291,62.0
4292,0.0
4292,62.0
4293,0.0
4293,62.0
4294,0.0
4294,62.0
4295,0.0
4295,62.0
4296,0.0
4296,62.0
4297,0.0
4297,62.0
4298,0.0
4298,62.0
4299,0.0
4299,62.0
4300,0.0
4300,62.0
4301,0.0
4301,62.0
4302,0.0
4302,62.0
4303,0.0
4303,62.0
4304,0.0
4304,62.0
4305,0.0
4305,62.0
4306,0.0
4306,62.0
4307,0.0
4307,62.0
4308,0.0
4308,62.0
4309,0.0
4309,62.0
4310,0.0
4310,62.0
4311,0.0
4311,62.0
4312,0.0
4312,62.0
4313,0.0
4313,62.0
4314,0.0
4314,62.0
4315,0.0
4315,62.0
4316,0.0
4316,62.0
4317,0.0
4317,62.0
4318,0.0
4318,62.0
4319,0.0
4319,62.0
4320,0.0
4321,0.0
4322,0.0
4323,0.0
4324,0.0
4325,0.0
4326,0.0
4327,0.0
4328,0.0
4329,0.0
4330,0.0
4330,62.0
4331,0.0
4331,62.0
4332,0.0
4332,62.0
4333,0.0
4333,62.0
4334,0.0
4334,62.0
4335,0.0
4336,0.0
4337,0.0
4337,62.0
4338,0.0
4338,62.0
4339,0.0
4339,62.0
4340,0.0
4340,62.0
4341,0.0
4341,62.0
4342,0.0
4342,62.0
4343,0.0
4343,62.0
4344,0.0
4344,62.0
4345,0.0
4345,62.0
4346,0.0
4346,62.0
4347,0.0
4347,62.0
4348,0.0
4348,62.0
4349,0.0
4349,62.0
4350,0.0
4350,62.0
4351,0.0
4351,62.0
4352,0.0
4352,62.0
4353,0.0
4353,62.0
4354,0.0
4354,62.0
4355,0.0
4355,62.0
4356,0.0
4356,62.0
4357,62.0
4357,0.0
4358,62.0
4358,0.0
4359,62.0
4359,0.0
4360,62.0
4360,0.0
4361,0.0
4361,62.0
4362,0.0
4362,62.0
4363,0.0
4363,62.0
4364,0.0
4364,62.0
4365,0.0
4365,62.0
4365,0.0
4366,0.0
4366,62.0
4366,0.0
4367,0.0
4367,62.0
4367,0.0
4368,0.0
4368,62.0
4368,0.0
4369,0.0
4369,62.0
4369,0.0
4370,0.0
4370,62.0
4370,0.0
4371,0.0
4371,62.0
4371,0.0
4372,0.0
4372,62.0
4372,0.0
4373,0.0
4373,62.0
4373,0.0
4374,0.0
4374,62.0
4374,0.0
4375,0.0
4375,62.0
4375,0.0
4376,0.0
4376,62.0
4377,0.0
4377,0.0
4377,62.0
4378,0.0
4378,0.0
4378,62.0
4379,0.0
4379,0.0
4379,62.0
4380,0.0
4380,62.0
4380,0.0
4381,0.0
4381,62.0
4381,0.0
4382,0.0
4382,62.0
4382,0.0
4383,0.0
4383,62.0
4383,0.0
4384,0.0
4384,62.0
4384,0.0
4385,0.0
4385,62.0
4385,0.0
4386,0.0
4386,62.0
4386,0.0
4387,0.0
4387,62.0
4388,0.0
4388,62.0
4389,0.0
4389,62.0
4390,0.0
4390,62.0
4391,0.0
4391,62.0
4392,0.0
4392,62.0
4393,0.0
4393,62.0
4394,0.0
4394,62.0
4395,0.0
4395,62.0
4396,0.0
4396,62.0
4397,0.0
4397,62.0
4398,0.0
4398,62.0
4399,0.0
4399,62.0
4400,0.0
4400,62.0
4401,0.0
4401,62.0
4402,0.0
4402,62.0
4403,0.0
4403,62.0
4404,0.0
4404,62.0
4405,62.0
4406,62.0
4407,62.0
4408,62.0
4409,62.0
4410,62.0
4411,62.0
4412,62.0
4413,62.0
4414,62.0
4415,62.0
4416,62.0
4417,62.0
4418,62.0
4419,62.0
4420,62.0
4421,0.0
4421,0.0
4421,62.0
4421,62.0
4422,0.0
4422,0.0
4422,62.0
4422,62.0
4423,0.0
4423,0.0
4423,62.0
4423,62.0
4424,0.0
4424,0.0
4424,62.0
4424,62.0
4425,62.0
4426,62.0
4427,62.0
4427,0.0
4428,62.0
4428,0.0
4429,62.0
4429,0.0
4430,62.0
4431,62.0
4432,62.0
4433,62.0
4434,62.0
4435,62.0
4436,62.0
4437,62.0
4438,62.0
4439,62.0
4440,62.0
4441,62.0
4442,62.0
4443,62.0
4444,62.0
4445,62.0
4446,62.0
4447,62.0
4448,62.0
4449,62.0
4450,62.0
4451,62.0
4452,62.0
4453,62.0
4454,62.0
4470,0.0
4471,0.0
4472,0.0
4473,0.0
4474,0.0
4475,0.0
4476,0.0
4477,0.0
4478,0.0
4479,0.0
4480,0.0
4481,0.0
4482,0.0
4483,0.0
4484,0.0
4485,62.0
4486,62.0
4487,62.0
4488,62.0
4489,62.0
4490,62.0
4491,62.0
4492,62.0
4493,62.0
4494,62.0
4495,62.0
4500,62.0
4501,62.0
4502,62.0
4503,62.0
4504,62.0
4505,62.0
4506,62.0
4507,62.0
4508,62.0
4509,62.0
4510,62.0
4511,62.0
4512,62.0
4513,62.0
4514,62.0
4515,62.0
4516,62.0
4517,62.0
4518,62.0
4519,62.0
4520,62.0
4521,62.0
4522,62.0
4523,62.0
4524,62.0
4525,62.0
4526,62.0
4526,62.0
4527,62.0
4527,62.0
4528,62.0
4528,62.0
4529,62.0
4529,62.0
4530,62.0
4530,62.0
4531,62.0
4531,62.0
4532,62.0
4532,62.0
4533,62.0
4533,62.0
4534,62.0
4534,62.0
4535,62.0
4535,62.0
4536,62.0
4536,62.0
4537,62.0
4537,62.0
4538,62.0
4538,62.0
4539,62.0
4539,62.0
4540,62.0
4540,62.0
4541,62.0
4541,62.0
4542,62.0
4542,62.0
4543,62.0
4543,62.0
4544,62.0
4544,62.0
4545,62.0
4545,62.0
4546,62.0
4546,62.0
4547,62.0
4547,62.0
4548,62.0
4548,62.0
4549,62.0
4549,62.0
4550,62.0
4550,62.0
4551,62.0
4551,62.0
4552,62.0
4552,62.0
4553,62.0
4553,62.0
4554,62.0
4554,62.0
4555,62.0
4556,62.0
4557,62.0
4558,62.0
4559,62.0
4560,62.0
4561,62.0
4562,62.0
4563,62.0
4564,62.0
4565,62.0
4566,62.0
4567,62.0
4568,62.0
4569,62.0
4570,62.0
4571,62.0
4572,62.0
4573,62.0
4574,62.0
4575,62.0
4576,62.0
4577,62.0
4578,62.0
4579,62.0
4580,62.0
4581,62.0
4582,62.0
4583,62.0
4584,62.0
4585,62.0
4586,62.0
4587,62.0
4588,62.0
4589,62.0
4612,62.0
4612,62.0
4613,62.0
4614,62.0
4615,62.0
4618,62.0
4618,0.0
4619,0.0
4619,62.0
4620,0.0
4621,0.0
4622,0.0
4623,0.0
4624,0.0
4625,0.0
4626,0.0
4626,62.0
4627,0.0
4628,0.0
4629,0.0
4630,0.0
4631,0.0
4632,0.0
4632,62.0
4633,0.0
4633,62.0
4634,0.0
4634,62.0
4635,0.0
4635,62.0
4636,0.0
4636,62.0
4637,0.0
4637,62.0
4638,0.0
4638,62.0
4639,0.0
4639,62.0
4640,0.0
4640,62.0
4641,0.0
4641,62.0
4642,0.0
4642,62.0
4643,0.0
4643,62.0
4644,0.0
4644,62.0
4645,0.0
4645,62.0
4646,0.0
4646,62.0
4647,0.0
4647,62.0
4648,0.0
4648,62.0
4649,0.0
4649,62.0
4650,0.0
4651,0.0
4652,0.0
4653,0.0
4654,0.0
4655,0.0
4656,0.0
4657,0.0
4658,0.0
4659,0.0
4660,0.0
4661,0.0
4662,0.0
4663,0.0
4664,0.0
4676,0.0
4677,0.0
4678,0.0
4679,0.0
4680,0.0
4681,0.0
4682,0.0
4687,0.0
4688,0.0
4689,0.0
4690,0.0
4691,0.0
4692,0.0
4693,0.0
4694,0.0
4695,0.0
4696,0.0
4697,0.0
4698,0.0
4699,0.0
4700,0.0
4701,0.0
4702,0.0
4703,0.0
4704,0.0
4705,0.0
4706,0.0
4707,0.0
4708,0.0
4709,0.0
4710,0.0
4711,0.0
4712,0.0
4713,0.0
4714,0.0
4715,0.0
4716,0.0
4717,0.0
4718,0.0
4719,0.0
4720,0.0
4721,0.0
4723,0.0
4724,0.0
4725,0.0
4726,0.0
4727,0.0
4728,0.0
4729,0.0
4730,0.0
4731,0.0
4732,0.0
4733,0.0
4734,0.0
4735,0.0
4736,0.0
4736,62.0
4737,0.0
4737,62.0
4738,0.0
4738,62.0
4739,0.0
4739,62.0
4740,0.0
4740,62.0
4741,0.0
4741,62.0
4742,0.0
4742,62.0
4743,0.0
4743,62.0
4744,0.0
4744,62.0
4745,0.0
4745,62.0
4746,0.0
4746,62.0
4747,0.0
4747,62.0
4748,0.0
4748,62.0
4749,0.0
4749,62.0
4750,0.0
4750,62.0
4766,62.0
4767,62.0
4768,62.0
4769,62.0
4770,62.0
4771,62.0
4772,62.0
4773,62.0
4774,62.0
4775,62.0
4776,62.0
4777,62.0
4778,62.0
4779,62.0
4780,0.0
4780,62.0
4781,0.0
4781,62.0
4782,0.0
4782,62.0
4783,0.0
4783,62.0
4784,0.0
4784,62.0
4785,0.0
4785,62.0
4786,0.0
4786,62.0
4787,0.0
4787,62.0
4788,0.0
4788,62.0
4789,0.0
4789,62.0
4790,0.0
4790,62.0
4791,0.0
4791,62.0
4792,0.0
4792,62.0
4793,0.0
4793,62.0
4794,0.0
4794,62.0
4795,0.0
4795,62.0
4796,0.0
4796,62.0
4797,0.0
4798,0.0
4799,0.0
4800,0.0
4801,0.0
4802,0.0
4803,0.0
4804,0.0
4805,0.0
4806,0.0
4807,0.0
4808,0.0
4809,0.0
4810,0.0
4811,0.0
4812,0.0
4813,0.0
4814,0.0
4815,0.0
4816,0.0
4817,0.0
4818,0.0
4819,0.0
4820,0.0
4821,0.0
4822,0.0
4823,0.0
4824,0.0
4825,0.0
4826,0.0
4827,0.0
4828,0.0
4829,0.0
4830,0.0
4830,62.0
4831,0.0
4831,62.0
4832,0.0
4832,62.0
4833,0.0
4833,62.0
4834,0.0
4834,62.0
4835,0.0
4835,62.0
4836,0.0
4836,62.0
4837,0.0
4837,62.0
4838,0.0
4838,62.0
4839,0.0
4839,62.0
4840,0.0
4840,62.0
4841,0.0
4841,62.0
4842,0.0
4842,62.0
4843,0.0
4843,62.0
4844,0.0
4844,62.0
4845,0.0
4845,62.0
4846,0.0
4846,62.0
4847,0.0
4847,62.0
4848,0.0
4848,62.0
4849,0.0
4849,62.0
4850,0.0
4850,62.0
4851,0.0
4851,62.0
4852,0.0
4852,62.0
4853,0.0
4853,62.0
4854,0.0
4854,62.0
4855,0.0
4856,0.0
4857,0.0
4858,0.0
4871,0.0
4872,0.0
4873,0.0
4874,0.0
4875,0.0
4876,0.0
4877,0.0
4878,0.0
4879,0.0
4880,0.0
4881,0.0
4882,0.0
4883,0.0
4884,0.0
4885,0.0
4886,0.0
4886,6.0
4887,0.0
4887,6.0
4888,0.0
4888,6.0
4889,0.0
4890,0.0
4891,0.0
4892,0.0
4893,0.0
4894,0.0
4895,0.0
4896,0.0
4897,0.0
4898,0.0
4899,0.0
4900,0.0
4901,0.0
4902,0.0
4903,0.0
4904,0.0
4905,0.0
4906,0.0
4907,0.0
4908,0.0
4909,0.0
4910,0.0
4911,0.0
4912,0.0
4913,0.0
4914,0.0
4915,0.0
4916,0.0
4917,0.0
4918,0.0
4919,0.0
4920,0.0
4921,0.0
4922,0.0
4923,0.0
4924,0.0
4925,0.0
4926,0.0
4942,0.0
4943,0.0
4944,0.0
4945,0.0
4946,0.0
4947,0.0
4948,0.0
4949,0.0
4950,0.0
4951,0.0
4952,0.0
4953,0.0
4954,0.0
4955,0.0
4956,0.0
4957,0.0
4958,0.0
4959,0.0
4960,0.0
4979,0.0
5015,62.0
5032,0.0
5033,0.0
5034,0.0
5036,0.0
5037,0.0
5047,0.0
5048,0.0
5049,0.0
5050,0.0
5051,0.0
5052,0.0
5053,0.0
5054,0.0
5055,0.0
5056,0.0
5057,0.0
5058,0.0
5059,0.0
5060,0.0
5061,0.0
5062,0.0
5063,0.0
5064,0.0
5065,62.0
5065,0.0
5066,62.0
5066,0.0
5067,0.0
5067,62.0
5068,0.0
5068,62.0
5069,0.0
5069,62.0
5070,0.0
5070,62.0
5071,0.0
5071,62.0
5072,0.0
5072,62.0
5073,0.0
5073,62.0
5074,0.0
5074,62.0
5075,0.0
5075,62.0
5076,0.0
5076,62.0
5077,0.0
5077,62.0
5078,0.0
5078,62.0
5079,0.0
5079,62.0
5080,0.0
5080,62.0
5081,0.0
5081,62.0
5082,0.0
5082,62.0
5083,0.0
5083,62.0
5084,0.0
5085,0.0
5086,0.0
5087,0.0
5088,0.0
5089,0.0
5090,0.0
5091,0.0
5092,0.0
5093,0.0
5094,0.0
5095,0.0
5096,0.0
5097,0.0
5098,0.0
5099,0.0
5100,0.0
5101,0.0
5102,0.0
5103,0.0
5104,0.0
5105,0.0
5106,0.0
5107,0.0
5108,0.0
5109,0.0
5110,0.0
5111,0.0
5111,0.0
5112,0.0
5112,0.0
5113,0.0
5113,0.0
5114,0.0
5114,0.0
5140,0.0
5141,0.0
5142,0.0
5143,0.0
5143,62.0
5144,0.0
5144,62.0
5145,0.0
5145,62.0
5146,0.0
5146,62.0
5147,0.0
5147,62.0
5148,0.0
5148,62.0
5149,0.0
5149,62.0
5150,0.0
5150,62.0
5151,0.0
5152,0.0
5152,62.0
5153,0.0
5154,0.0
5155,0.0
5156,0.0
5157,0.0
5158,0.0
5159,0.0
5159,62.0
5160,0.0
5161,0.0
5162,0.0
5163,0.0
5164,0.0
5165,0.0
5166,0.0
5167,0.0
5168,0.0
5169,0.0
5170,0.0
5171,0.0
5171,62.0
5172,0.0
5172,62.0
5173,0.0
5173,62.0
5174,0.0
5174,62.0
5175,62.0
5175,0.0
5176,62.0
5176,0.0
5177,62.0
5177,0.0
5178,62.0
5178,0.0
5179,62.0
5179,0.0
5180,62.0
5180,0.0
5181,62.0
5182,62.0
5183,62.0
5184,62.0
5185,62.0
5186,62.0
5187,62.0
5188,62.0
5189,62.0
5190,0.0
5190,62.0
5190,62.0
5191,0.0
5191,62.0
5191,62.0
5192,0.0
5192,62.0
5192,62.0
5193,0.0
5193,62.0
5193,62.0
5194,0.0
5194,62.0
5194,62.0
5195,0.0
5195,62.0
5195,62.0
5196,0.0
5196,62.0
5196,62.0
5197,0.0
5197,62.0
5197,62.0
5198,62.0
5198,62.0
5198,0.0
5199,62.0
5199,62.0
5200,62.0
5200,62.0
5201,62.0
5201,0.0
5202,62.0
5202,0.0
5203,62.0
5203,0.0
5204,62.0
5204,0.0
5205,62.0
5205,0.0
5205,62.0
5205,0.0
5206,62.0
5207,62.0
5208,62.0
5209,62.0
5210,62.0
5211,62.0
5212,62.0
5213,62.0
5214,62.0
5215,62.0
5216,62.0
5217,62.0
5218,62.0
5219,62.0
5220,62.0
5220,0.0
5221,62.0
5221,0.0
5222,62.0
5222,0.0
5223,62.0
5223,0.0
5224,62.0
5224,0.0
5225,62.0
5225,0.0
5226,62.0
5226,0.0
5227,62.0
5227,0.0
5228,62.0
5228,0.0
5229,62.0
5229,0.0
5230,62.0
5230,0.0
5231,0.0
5231,62.0
5231,62.0
5232,0.0
5232,62.0
5232,62.0
5233,0.0
5233,62.0
5233,62.0
5234,0.0
5234,62.0
5234,62.0
5235,62.0
5235,0.0
5235,62.0
5236,62.0
5236,0.0
5236,62.0
5237,62.0
5237,0.0
5237,62.0
5238,62.0
5238,0.0
5238,62.0
5239,62.0
5239,0.0
5239,62.0
5240,62.0
5240,0.0
5240,62.0
5241,62.0
5241,0.0
5241,62.0
5242,62.0
5242,0.0
5242,62.0
5243,0.0
5243,62.0
5243,62.0
5244,0.0
5244,62.0
5244,62.0
5245,0.0
5245,62.0
5245,62.0
5246,62.0
5246,0.0
5246,0.0
5247,62.0
5247,0.0
5247,0.0
5248,62.0
5248,0.0
5248,0.0
5249,62.0
5249,0.0
5249,0.0
5250,62.0
5250,0.0
5250,0.0
5250,62.0
5251,62.0
5251,0.0
5251,0.0
5251,62.0
5252,62.0
5252,0.0
5252,0.0
5252,62.0
5253,62.0
5253,0.0
5253,0.0
5253,62.0
5254,62.0
5254,0.0
5254,0.0
5254,62.0
5255,62.0
5255,0.0
5255,0.0
5255,62.0
5256,62.0
5256,62.0
5256,0.0
5256,0.0
5257,62.0
5257,62.0
5257,0.0
5258,62.0
5258,62.0
5258,0.0
5259,62.0
5259,62.0
5259,0.0
5260,62.0
5260,62.0
5260,0.0
5261,62.0
5261,0.0
5262,62.0
5263,62.0
5264,62.0
5265,62.0
5265,0.0
5266,62.0
5266,0.0
5267,62.0
5267,0.0
5268,62.0
5268,0.0
5269,62.0
5269,0.0
5270,62.0
5270,0.0
5271,62.0
5271,0.0
5272,62.0
5272,0.0
5273,62.0
5273,0.0
5274,62.0
5274,0.0
5275,62.0
5275,0.0
5276,62.0
5277,62.0
5278,62.0
5279,62.0
5280,0.0
5281,62.0
5282,62.0
5283,62.0
5284,62.0
5285,62.0
5286,62.0
5287,62.0
5287,62.0
5287,0.0
5288,62.0
5288,62.0
5288,0.0
5289,62.0
5289,62.0
5289,0.0
5290,62.0
5290,62.0
5290,0.0
5291,62.0
5292,62.0
5293,62.0
5294,62.0
5295,62.0
5296,62.0
5297,62.0
5298,62.0
5299,62.0
5300,62.0
5300,0.0
5301,62.0
5301,0.0
5302,62.0
5302,2.0
5303,62.0
5303,2.0
5303,0.0
5304,62.0
5304,2.0
5304,0.0
5305,62.0
5305,2.0
5305,0.0
5306,0.0
5307,0.0
5308,0.0
5309,0.0
5310,0.0
5311,0.0
5312,0.0
5313,0.0
5314,0.0
5315,0.0
5316,0.0
5317,0.0
5317,62.0
5318,0.0
5318,62.0
5319,0.0
5319,62.0
5320,0.0
5320,62.0
5321,62.0
5321,0.0
5322,62.0
5322,0.0
5323,62.0
5323,0.0
5324,62.0
5324,0.0
5325,0.0
5326,0.0
5327,0.0
5328,0.0
5329,0.0
5330,0.0
5331,0.0
5332,0.0
5333,0.0
5334,0.0
5335,0.0
5336,0.0
5337,0.0
5338,0.0
5339,0.0
5340,0.0
5341,0.0
5342,0.0
5343,0.0
5344,0.0
5345,0.0
5346,0.0
5347,0.0
5347,62.0
5348,0.0
5348,62.0
5349,0.0
5349,62.0
5350,0.0
5350,62.0
5351,0.0
5351,62.0
5352,0.0
5352,62.0
5353,0.0
5353,62.0
5354,0.0
5354,62.0
5355,0.0
5356,0.0
5357,0.0
5358,0.0
5359,0.0
5360,0.0
5361,0.0
5362,0.0
5363,0.0
5364,0.0
5365,0.0
5366,0.0
5367,0.0
5368,0.0
5369,0.0
5370,0.0
5371,0.0
5372,0.0
5373,0.0
5374,0.0
5375,0.0
5376,0.0
5377,0.0
5378,0.0
5379,0.0
5380,0.0
5381,62.0
5382,62.0
5383,62.0
5384,62.0
5385,62.0
5386,62.0
5387,62.0
5388,62.0
5389,62.0
5390,62.0
5391,62.0
5392,62.0
5393,62.0
5394,62.0
5395,62.0
5396,62.0
5397,62.0
5398,62.0
5399,62.0
5400,62.0
5402,62.0
5403,62.0
5405,62.0
5406,62.0
5407,62.0
5408,62.0
5409,62.0
5410,62.0
5411,62.0
5412,62.0
5413,62.0
5414,62.0
5415,62.0
5416,62.0
5417,62.0
5418,62.0
5419,62.0
5420,62.0
5421,62.0
5422,62.0
5423,62.0
5424,62.0
5425,62.0
5426,62.0
5427,62.0
5428,62.0
5429,62.0
5430,0.0
5431,0.0
5432,0.0
5433,0.0
5434,0.0
5435,0.0
5436,0.0
5437,0.0
5437,62.0
5438,0.0
5438,62.0
5439,0.0
5439,62.0
5440,0.0
5440,62.0
5440,62.0
5441,0.0
5441,62.0
5441,62.0
5442,0.0
5442,62.0
5442,62.0
5443,0.0
5443,62.0
5444,0.0
5444,62.0
5444,62.0
5445,0.0
5446,0.0
5447,0.0
5448,0.0
5449,0.0
5450,0.0
5451,0.0
5452,0.0
5452,62.0
5453,0.0
5453,62.0
5454,0.0
5454,62.0
5455,0.0
5455,62.0
5456,62.0
5456,0.0
5457,62.0
5457,0.0
5458,62.0
5458,0.0
5459,62.0
5459,0.0
5460,62.0
5461,62.0
5462,62.0
5463,62.0
5464,62.0
5465,62.0
5466,62.0
5467,62.0
5467,0.0
5468,62.0
5468,0.0
5469,62.0
5469,0.0
5470,62.0
5470,0.0
5471,62.0
5471,0.0
5471,0.0
5472,62.0
5472,0.0
5472,0.0
5473,62.0
5473,0.0
5473,0.0
5474,62.0
5474,0.0
5475,62.0
5475,0.0
5476,62.0
5476,0.0
5477,62.0
5477,0.0
5478,62.0
5478,0.0
5479,62.0
5479,0.0
5480,62.0
5480,0.0
5481,62.0
5481,0.0
5482,62.0
5482,0.0
5483,62.0
5483,0.0
5484,62.0
5484,0.0
5485,62.0
5485,0.0
5486,62.0
5486,0.0
5487,62.0
5487,0.0
5488,62.0
5488,0.0
5489,62.0
5489,0.0
5490,0.0
5490,62.0
5491,0.0
5491,62.0
5492,0.0
5492,62.0
5493,0.0
5493,62.0
5494,0.0
5494,62.0
5495,0.0
5495,62.0
5496,0.0
5496,62.0
5497,0.0
5497,62.0
5498,0.0
5498,62.0
5499,0.0
5499,62.0
5500,0.0
5500,62.0
5501,0.0
5501,62.0
5502,0.0
5502,62.0
5503,0.0
5503,62.0
5504,0.0
5504,62.0
5505,0.0
5506,0.0
5507,0.0
5508,0.0
5509,0.0
5510,0.0
5511,0.0
5512,0.0
5513,0.0
5514,0.0
5515,0.0
5516,0.0
5517,0.0
5518,0.0
5518,62.0
5519,0.0
5519,62.0
5520,0.0
5520,62.0
5521,0.0
5521,62.0
5522,0.0
5522,62.0
5523,0.0
5523,62.0
5524,0.0
5524,62.0
5525,0.0
5525,62.0
5526,0.0
5531,0.0
5532,0.0
5532,62.0
5533,62.0
5533,0.0
5534,62.0
5535,0.0
5535,62.0
5536,0.0
5536,62.0
5537,0.0
5537,62.0
5538,0.0
5538,62.0
5539,0.0
5539,62.0
5540,0.0
5540,62.0
5541,0.0
5541,62.0
5542,0.0
5544,0.0
5545,0.0
5550,62.0
5551,62.0
5552,62.0
5553,62.0
5554,62.0
5555,62.0
5556,62.0
5557,62.0
5557,0.0
5557,0.0
5558,62.0
5558,0.0
5558,0.0
5559,62.0
5559,0.0
5559,0.0
5560,62.0
5560,0.0
5560,0.0
5561,62.0
5561,62.0
5561,0.0
5562,62.0
5562,62.0
5562,0.0
5563,62.0
5563,62.0
5563,0.0
5564,62.0
5564,62.0
5564,0.0
5565,0.0
5565,62.0
5565,0.0
5565,62.0
5566,0.0
5566,62.0
5566,0.0
5566,62.0
5567,0.0
5567,62.0
5567,0.0
5567,62.0
5568,0.0
5568,62.0
5568,0.0
5568,62.0
5569,0.0
5569,62.0
5569,0.0
5569,62.0
5570,0.0
5570,62.0
5570,0.0
5570,62.0
5571,0.0
5571,62.0
5571,0.0
5571,62.0
5572,0.0
5572,62.0
5572,0.0
5572,62.0
5573,0.0
5573,62.0
5573,0.0
5573,62.0
5574,0.0
5574,62.0
5574,0.0
5574,62.0
5575,0.0
5575,62.0
5575,0.0
5575,62.0
5576,0.0
5576,62.0
5577,0.0
5577,62.0
5578,0.0
5578,62.0
5579,0.0
5579,62.0
5580,0.0
5581,0.0
5582,0.0
5583,0.0
5584,0.0
5585,0.0
5586,0.0
5587,0.0
5587,0.0
5588,0.0
5589,0.0
5590,0.0
5602,0.0
5603,0.0
5604,0.0
5605,0.0
5606,0.0
5607,0.0
5608,0.0
5609,0.0
5617,0.0
5618,0.0
5619,0.0
5620,0.0
5632,0.0
5633,0.0
5634,0.0
5635,0.0
5640,6.0
5641,6.0
5642,6.0
5643,6.0
5644,6.0
5645,6.0
5646,6.0
5647,0.0
5647,0.0
5647,6.0
5648,0.0
5648,0.0
5648,6.0
5649,0.0
5649,0.0
5649,6.0
5650,0.0
5650,0.0
5650,6.0
5651,0.0
5652,0.0
5653,0.0
5654,0.0
5655,0.0
5655,6.0
5656,0.0
5656,62.0
5657,0.0
5657,62.0
5658,0.0
5658,62.0
5659,0.0
5659,62.0
5660,0.0
5660,62.0
5661,0.0
5661,62.0
5662,0.0
5662,62.0
5663,0.0
5663,62.0
5664,0.0
5664,62.0
5665,0.0
5665,62.0
5666,0.0
5666,0.0
5666,62.0
5667,0.0
5667,0.0
5667,62.0
5668,0.0
5668,0.0
5668,62.0
5669,0.0
5669,0.0
5669,62.0
5670,0.0
5670,62.0
5670,62.0
5671,0.0
5671,62.0
5671,62.0
5672,0.0
5672,62.0
5672,62.0
5673,0.0
5673,62.0
5673,62.0
5673,0.0
5674,0.0
5674,62.0
5674,62.0
5674,0.0
5675,0.0
5675,62.0
5675,62.0
5676,0.0
5676,62.0
5677,0.0
5677,62.0
5677,0.0
5678,0.0
5678,62.0
5678,0.0
5679,0.0
5679,62.0
5679,0.0
5680,0.0
5680,62.0
5680,0.0
5681,0.0
5681,0.0
5681,62.0
5681,62.0
5682,0.0
5682,62.0
5682,0.0
5682,62.0
5683,0.0
5683,62.0
5683,0.0
5683,62.0
5684,0.0
5684,62.0
5684,0.0
5684,62.0
5685,0.0
5685,62.0
5685,62.0
5686,0.0
5686,62.0
5686,62.0
5687,0.0
5687,62.0
5687,62.0
5688,0.0
5688,62.0
5688,62.0
5689,0.0
5689,62.0
5689,62.0
5690,0.0
5690,62.0
5690,62.0
5691,0.0
5691,62.0
5691,62.0
5692,62.0
5692,0.0
5692,62.0
5693,62.0
5693,0.0
5693,62.0
5694,62.0
5694,0.0
5694,62.0
5695,62.0
5695,0.0
5695,62.0
5696,62.0
5696,62.0
5697,62.0
5697,62.0
5698,62.0
5698,62.0
5699,62.0
5699,62.0
5700,62.0
5700,62.0
5701,62.0
5701,62.0
5702,62.0
5702,62.0
5703,62.0
5703,62.0
5704,62.0
5704,62.0
5705,62.0
5705,62.0
5706,62.0
5706,62.0
5707,62.0
5707,62.0
5708,62.0
5708,62.0
5709,62.0
5709,62.0
5710,62.0
5710,62.0
5711,62.0
5711,62.0
5711,0.0
5712,62.0
5712,62.0
5712,0.0
5713,62.0
5713,62.0
5713,0.0
5714,62.0
5714,62.0
5714,0.0
5715,0.0
5715,62.0
5715,0.0
5715,62.0
5716,0.0
5716,62.0
5716,0.0
5716,62.0
5717,0.0
5717,62.0
5717,0.0
5717,62.0
5718,0.0
5718,62.0
5718,0.0
5718,62.0
5719,0.0
5719,62.0
5719,0.0
5719,62.0
5720,0.0
5720,62.0
5720,0.0
5720,62.0
5721,0.0
5721,62.0
5721,0.0
5721,62.0
5722,62.0
5722,62.0
5722,0.0
5722,0.0
5723,62.0
5723,62.0
5723,0.0
5723,0.0
5724,62.0
5724,62.0
5724,0.0
5724,0.0
5725,62.0
5725,62.0
5725,0.0
5725,0.0
5726,0.0
5726,62.0
5727,0.0
5727,62.0
5728,0.0
5728,62.0
5729,0.0
5729,62.0
5730,62.0
5731,62.0
5732,62.0
5733,62.0
5734,62.0
5735,62.0
5736,62.0
5737,62.0
5738,62.0
5739,62.0
5740,62.0
5741,62.0
5742,62.0
5743,62.0
5744,62.0
5752,62.0
5753,62.0
5754,62.0
5755,62.0
5767,62.0
5768,62.0
5769,62.0
5770,62.0
5771,62.0
5772,62.0
5773,62.0
5774,62.0
5775,62.0
5776,62.0
5779,62.0
5780,62.0
5781,62.0
5782,62.0
5783,62.0
5784,62.0
5785,62.0
5786,62.0
5787,62.0
5788,62.0
5789,62.0
5790,62.0
5791,62.0
5792,62.0
5793,62.0
5794,62.0
5795,62.0
5796,62.0
5797,62.0
5798,62.0
5799,62.0
5800,62.0
5801,62.0
5802,62.0
5803,62.0
5804,62.0
5805,62.0
5806,62.0
5807,62.0
5808,62.0
5808,0.0
5809,62.0
5809,0.0
5810,62.0
5811,62.0
5812,62.0
5813,62.0
5814,62.0
5815,62.0
5816,62.0
5817,62.0
5818,62.0
5819,62.0
5819,0.0
5820,62.0
5820,0.0
5821,62.0
5821,0.0
5822,62.0
5822,0.0
5823,62.0
5823,0.0
5824,62.0
5824,0.0
5825,62.0
5825,0.0
5826,62.0
5826,0.0
5827,62.0
5828,62.0
5829,62.0
5830,62.0
5831,0.0
5832,0.0
5833,0.0
5834,62.0
5835,62.0
5836,62.0
5837,62.0
5838,62.0
5839,62.0
5840,62.0
5841,62.0
5846,62.0
5847,62.0
5848,62.0
5849,62.0
5850,62.0
5851,62.0
5852,62.0
5853,62.0
5854,62.0
5855,62.0
5856,62.0
5857,62.0
5858,62.0
5859,62.0
5860,62.0
5861,62.0
5862,62.0
5863,62.0
5864,62.0
5865,62.0
5866,62.0
5867,62.0
5868,62.0
5869,62.0
5870,62.0
5871,62.0
5872,62.0
5873,62.0
5874,62.0
5875,62.0
5876,62.0
5876,0.0
5877,62.0
5877,0.0
5878,62.0
5878,0.0
5879,62.0
5880,62.0
5881,62.0
5882,62.0
5883,62.0
5884,62.0
5885,62.0
5886,62.0
5887,62.0
5887,0.0
5888,62.0
5888,0.0
5889,62.0
5889,0.0
5890,62.0
5890,0.0
5891,62.0
5892,62.0
5893,62.0
5894,0.0
5894,62.0
5895,0.0
5895,62.0
5896,0.0
5896,62.0
5897,0.0
5897,62.0
5898,0.0
5898,62.0
5899,0.0
5899,62.0
5900,0.0
5900,62.0
5901,0.0
5901,62.0
5902,0.0
5902,62.0
5903,0.0
5903,62.0
5904,0.0
5904,62.0
5905,0.0
5905,62.0
5906,62.0
5907,62.0
5908,62.0
5909,62.0
5910,62.0
5911,62.0
5912,62.0
5913,62.0
5914,62.0
5915,62.0
5916,62.0
5918,62.0
5919,62.0
5920,62.0
5921,62.0
5922,62.0
5923,62.0
5924,0.0
5924,62.0
5925,0.0
5925,62.0
5926,0.0
5926,62.0
5927,0.0
5927,62.0
5928,0.0
5928,62.0
5929,0.0
5929,62.0
5930,0.0
5930,62.0
5931,62.0
5931,0.0
5932,62.0
5933,62.0
5934,62.0
5935,62.0
5936,62.0
5937,62.0
5938,62.0
5939,62.0
5939,0.0
5940,62.0
5940,0.0
5941,62.0
5941,0.0
5942,62.0
5942,0.0
5943,62.0
5943,0.0
5944,62.0
5944,0.0
5945,62.0
5945,0.0
5946,62.0
5946,0.0
5947,0.0
5947,62.0
5948,0.0
5948,62.0
5949,0.0
5949,62.0
5950,0.0
5950,62.0
5951,62.0
5951,0.0
5952,62.0
5952,0.0
5953,62.0
5953,0.0
5954,62.0
5954,0.0
5955,62.0
5955,0.0
5956,62.0
5956,0.0
5957,62.0
5957,0.0
5958,62.0
5958,0.0
5959,62.0
5959,0.0
5960,62.0
5960,0.0
5961,62.0
5961,0.0
5962,62.0
5963,62.0
5964,62.0
5965,62.0
5966,62.0
5967,62.0
5968,62.0
5969,62.0
5970,62.0
5971,62.0
5972,62.0
5973,62.0
5974,62.0
5975,62.0
5976,62.0
5977,62.0
5978,62.0
5979,62.0
5980,62.0
5981,62.0
5982,62.0
5983,62.0
5984,62.0
5985,62.0
5986,62.0
5987,62.0
5988,62.0
5989,62.0
5990,62.0
5991,62.0
5992,62.0
5993,62.0
5994,62.0
5995,62.0
5996,62.0
5997,62.0
5998,62.0
6002,62.0
6003,62.0
6004,62.0
6005,62.0
6006,62.0
6007,62.0
6008,62.0
6008,62.0
6009,62.0
6009,62.0
6010,62.0
6011,62.0
6012,62.0
6013,62.0
6019,0.0
6020,0.0
6021,0.0
6022,62.0
6023,62.0
6024,62.0
6025,62.0
6026,62.0
6027,62.0
6028,62.0
6029,62.0
6029,0.0
6030,62.0
6030,0.0
6031,0.0
6031,62.0
6032,0.0
6032,62.0
6033,0.0
6033,62.0
6034,0.0
6034,62.0
6035,0.0
6035,62.0
6036,0.0
6036,62.0
6037,62.0
6037,0.0
6038,62.0
6038,0.0
6039,62.0
6039,0.0
6040,62.0
6041,62.0
6042,62.0
6043,62.0
6044,0.0
6044,62.0
6045,0.0
6045,62.0
6046,0.0
6046,62.0
6047,0.0
6047,62.0
6048,0.0
6048,62.0
6049,0.0
6049,62.0
6050,0.0
6050,62.0
6051,0.0
6051,62.0
6052,0.0
6052,62.0
6053,0.0
6053,62.0
6054,0.0
6054,62.0
6055,0.0
6055,62.0
6056,0.0
6056,62.0
6057,0.0
6057,62.0
6058,0.0
6058,62.0
6059,0.0
6059,62.0
6060,0.0
6060,62.0
6061,0.0
6061,62.0
6062,0.0
6062,62.0
6063,0.0
6063,62.0
6064,0.0
6064,62.0
6065,0.0
6065,62.0
6066,0.0
6066,62.0
6067,62.0
6067,0.0
6068,0.0
6068,62.0
6069,0.0
6069,62.0
6070,62.0
6070,0.0
6071,62.0
6071,0.0
6072,62.0
6073,62.0
6074,62.0
6075,62.0
6076,62.0
6077,62.0
6078,62.0
6079,62.0
6080,62.0
6081,62.0
6082,62.0
6083,62.0
6084,62.0
6085,62.0
6086,62.0
6087,62.0
6088,62.0
6089,62.0
6090,62.0
6091,62.0
6092,62.0
6093,62.0
6094,62.0
6095,62.0
6096,62.0
6097,62.0
6098,62.0
6099,62.0
6100,62.0
6101,62.0
6102,62.0
6103,62.0
6104,62.0
6105,62.0
6106,62.0
6107,62.0
6108,62.0
6109,62.0
6110,62.0
6111,62.0
6112,62.0
6113,62.0
6114,62.0
6115,62.0
6116,62.0
6116,0.0
6116,0.0
6117,62.0
6117,0.0
6118,62.0
6118,0.0
6119,62.0
6119,0.0
6119,0.0
6120,62.0
6120,0.0
6120,0.0
6121,62.0
6121,0.0
6121,0.0
6122,62.0
6122,0.0
6122,0.0
6123,62.0
6123,0.0
6123,0.0
6124,62.0
6124,0.0
6124,0.0
6125,62.0
6125,0.0
6125,0.0
6126,62.0
6126,0.0
6126,0.0
6127,62.0
6127,0.0
6127,0.0
6128,62.0
6128,0.0
6129,62.0
6129,0.0
6130,62.0
6130,0.0
6131,62.0
6132,62.0
6133,62.0
6134,62.0
6135,62.0
6136,62.0
6137,62.0
6138,62.0
6139,62.0
6140,62.0
6141,62.0
6141,0.0
6142,62.0
6142,0.0
6143,62.0
6143,0.0
6143,0.0
6144,62.0
6144,0.0
6144,0.0
6145,62.0
6145,0.0
6145,0.0
6146,62.0
6146,0.0
6147,62.0
6147,0.0
6148,62.0
6148,0.0
6148,0.0
6149,62.0
6149,0.0
6149,0.0
6150,62.0
6150,0.0
6150,0.0
6151,62.0
6151,0.0
6151,0.0
6152,62.0
6152,0.0
6152,0.0
6153,62.0
6153,0.0
6153,0.0
6154,62.0
6154,0.0
6154,0.0
6155,62.0
6155,0.0
6155,0.0
6156,62.0
6156,0.0
6156,0.0
6157,0.0
6157,62.0
6158,0.0
6160,0.0
6165,0.0
6166,0.0
6176,62.0
6177,62.0
6178,62.0
6179,62.0
6180,62.0
6181,62.0
6182,62.0
6182,0.0
6183,62.0
6183,0.0
6184,62.0
6184,0.0
6185,62.0
6185,0.0
6186,62.0
6186,0.0
6187,62.0
6187,0.0
6188,62.0
6188,0.0
6189,62.0
6189,0.0
6190,62.0
6190,0.0
6191,62.0
6191,0.0
6192,62.0
6192,0.0
6193,62.0
6193,0.0
6194,62.0
6194,0.0
6195,62.0
6196,62.0
6197,62.0
6198,62.0
6199,62.0
6200,62.0
6201,62.0
6202,62.0
6203,62.0
6204,62.0
6205,62.0
6206,62.0
6206,0.0
6207,62.0
6207,0.0
6207,62.0
6208,62.0
6208,0.0
6208,62.0
6209,62.0
6209,0.0
6209,62.0
6210,0.0
6210,62.0
6211,0.0
6211,62.0
6212,0.0
6212,62.0
6213,0.0
6213,62.0
6214,0.0
6214,62.0
6215,0.0
6215,62.0
6216,0.0
6216,62.0
6217,0.0
6217,62.0
6218,0.0
6218,62.0
6219,0.0
6219,62.0
6220,0.0
6220,62.0
6221,62.0
6221,0.0
6222,62.0
6222,0.0
6223,62.0
6223,0.0
6224,0.0
6224,62.0
6225,62.0
6225,0.0
6226,0.0
6226,62.0
6227,0.0
6227,62.0
6228,62.0
6228,0.0
6229,0.0
6229,62.0
6230,62.0
6230,0.0
6231,62.0
6231,0.0
6232,0.0
6233,0.0
6233,62.0
6234,0.0
6235,0.0
6236,0.0
6236,0.0
6237,0.0
6237,0.0
6238,0.0
6238,0.0
6239,0.0
6239,0.0
6240,0.0
6240,0.0
6240,62.0
6241,0.0
6241,0.0
6241,62.0
6242,0.0
6242,0.0
6242,62.0
6243,0.0
6243,0.0
6243,62.0
6244,0.0
6244,0.0
6244,62.0
6245,0.0
6245,0.0
6245,62.0
6246,0.0
6246,0.0
6246,62.0
6247,0.0
6247,62.0
6247,0.0
6248,0.0
6248,62.0
6248,0.0
6249,0.0
6249,62.0
6249,0.0
6250,0.0
6250,62.0
6250,0.0
6251,0.0
6251,62.0
6252,0.0
6252,62.0
6253,0.0
6253,62.0
6254,0.0
6254,62.0
6255,62.0
6255,0.0
6256,62.0
6256,0.0
6257,62.0
6257,0.0
6258,62.0
6258,0.0
6259,62.0
6259,0.0
6260,62.0
6260,0.0
6261,62.0
6261,0.0
6262,62.0
6262,0.0
6263,62.0
6263,0.0
6264,62.0
6264,0.0
6265,62.0
6265,0.0
6266,62.0
6267,62.0
6268,62.0
6269,62.0
6270,62.0
6271,62.0
6272,62.0
6273,62.0
6274,62.0
6275,62.0
6276,62.0
6277,62.0
6278,62.0
6278,0.0
6279,62.0
6279,0.0
6280,62.0
6280,0.0
6281,62.0
6281,0.0
6282,62.0
6282,0.0
6283,62.0
6283,0.0
6284,62.0
6284,0.0
6285,62.0
6286,62.0
6287,62.0
6288,62.0
6289,62.0
6290,62.0
6291,62.0
6292,62.0
6293,62.0
6294,62.0
6295,62.0
6296,62.0
6297,62.0
6298,62.0
6299,62.0
6300,62.0
6301,62.0
6302,62.0
6303,62.0
6304,62.0
6305,62.0
6306,62.0
6307,62.0
6307,0.0
6308,62.0
6308,0.0
6309,62.0
6309,0.0
6310,62.0
6310,0.0
6311,62.0
6311,0.0
6312,62.0
6312,0.0
6313,62.0
6313,0.0
6314,62.0
6314,0.0
6315,62.0
6316,62.0
6317,62.0
6318,62.0
6319,62.0
6320,62.0
6321,62.0
6322,62.0
6323,62.0
6324,62.0
6325,62.0
6326,62.0
6327,62.0
6328,62.0
6329,62.0
6330,62.0
6331,62.0
6332,62.0
6333,62.0
6334,62.0
6335,62.0
6336,62.0
6337,62.0
6338,62.0
6339,62.0
6340,62.0
6341,62.0
6342,62.0
6343,62.0
6344,62.0
6345,62.0
6346,62.0
6347,62.0
6348,62.0
6349,62.0
6350,62.0
6351,62.0
6352,62.0
6353,62.0
6354,62.0
6355,62.0
6356,62.0
6357,62.0
6358,62.0
6359,62.0
6360,62.0
6361,62.0
6362,62.0
6363,62.0
6364,62.0
6365,62.0
6366,62.0
6367,62.0
6368,62.0
6369,62.0
6370,62.0
6371,62.0
6372,62.0
6373,62.0
6374,62.0
6375,62.0
6376,62.0
6377,62.0
6378,62.0
6379,62.0
6380,62.0
6381,62.0
6382,62.0
6383,62.0
6384,62.0
6385,62.0
6386,62.0
6387,62.0
6388,62.0
6389,62.0
6390,62.0
6391,62.0
6392,62.0
6393,62.0
6394,62.0
6395,62.0
6396,62.0
6397,62.0
6398,62.0
6399,62.0
6400,62.0
6401,62.0
6402,62.0
6403,62.0
6404,62.0
6405,62.0
6406,62.0
6407,62.0
6408,62.0
6409,62.0
6410,62.0
6411,62.0
6412,62.0
6413,62.0
6414,62.0
6415,62.0
6416,62.0
6417,62.0
6418,62.0
6419,62.0
6420,62.0
6421,62.0
6422,62.0
6423,62.0
6424,62.0
6425,62.0
6426,62.0
6427,62.0
6428,62.0
6429,62.0
6430,62.0
6431,62.0
6432,62.0
6433,62.0
6434,62.0
6435,62.0
6436,62.0
6437,62.0
6438,62.0
6439,62.0
6440,62.0
6441,62.0
6442,62.0
6443,62.0
6444,62.0
6445,62.0
6446,62.0
6447,62.0
6448,62.0
6449,62.0
6450,62.0
6451,62.0
6452,62.0
6453,62.0
6454,62.0
6455,62.0
6456,62.0
6457,62.0
6458,62.0
6459,62.0
6460,62.0
6461,62.0
6462,62.0
6463,62.0
6464,62.0
6465,62.0
6466,62.0
6467,62.0
6468,62.0
6469,62.0
6470,62.0
6471,62.0
6472,62.0
6473,62.0
6474,62.0
6475,62.0
6476,62.0
6477,62.0
6478,62.0
6479,62.0
6480,62.0
6481,62.0
6482,62.0
6483,62.0
6484,62.0
6485,62.0
6486,62.0
6487,62.0
6488,62.0
6489,62.0
6490,62.0
6491,62.0
6492,62.0
6493,62.0
6494,62.0
6495,62.0
6496,62.0
6497,62.0
6498,62.0
6499,62.0
6500,62.0
6501,62.0
6502,62.0
6503,62.0
6504,62.0
6505,62.0
6506,62.0
6507,62.0
6508,62.0
6509,62.0
6510,62.0
6511,62.0
6512,62.0
6513,62.0
6514,62.0
6515,62.0
6516,62.0
6517,62.0
6518,62.0
6519,62.0
6520,62.0
6521,62.0
6522,62.0
6523,62.0
6524,62.0
6525,62.0
6526,62.0
6527,62.0
6528,62.0
6529,62.0
6530,62.0
6531,62.0
6532,62.0
6533,62.0
6534,62.0
6535,62.0
6540,62.0
6541,62.0
6542,62.0
6543,62.0
6544,62.0
6545,62.0
6546,62.0
6547,62.0
6549,62.0
6550,62.0
6555,0.0
6556,0.0
6557,0.0
6558,0.0
6559,0.0
6560,0.0
6561,0.0
6562,0.0
6562,62.0
6563,0.0
6563,62.0
6564,0.0
6564,62.0
6565,0.0
6565,62.0
6570,62.0
6571,62.0
6572,62.0
6573,62.0
6574,62.0
6575,62.0
6576,62.0
6577,62.0
6578,62.0
6579,62.0
6580,62.0
6581,62.0
6581,0.0
6582,62.0
6583,62.0
6584,62.0
6585,62.0
6586,62.0
6587,62.0
6588,62.0
6589,62.0
6590,62.0
6591,62.0
6592,62.0
6592,0.0
6593,62.0
6593,0.0
6594,62.0
6594,0.0
6595,62.0
6595,0.0
6596,0.0
6596,62.0
6596,0.0
6597,0.0
6597,62.0
6597,0.0
6598,0.0
6598,62.0
6598,0.0
6599,0.0
6599,62.0
6599,0.0
6600,0.0
6600,62.0
6601,0.0
6601,62.0
6602,0.0
6602,62.0
6603,0.0
6603,62.0
6604,0.0
6604,62.0
6605,0.0
6605,62.0
6606,0.0
6606,62.0
6607,0.0
6607,62.0
6608,0.0
6608,62.0
6609,0.0
6609,62.0
6610,0.0
6610,62.0
6611,62.0
6611,0.0
6612,62.0
6612,0.0
6613,62.0
6613,0.0
6614,62.0
6614,0.0
6615,0.0
6615,62.0
6616,0.0
6616,62.0
6617,0.0
6617,62.0
6618,0.0
6618,62.0
6619,0.0
6619,62.0
6620,0.0
6620,62.0
6621,0.0
6621,62.0
6622,62.0
6622,0.0
6623,62.0
6623,0.0
6624,62.0
6624,0.0
6625,62.0
6625,0.0
6626,0.0
6626,0.0
6626,62.0
6627,0.0
6627,0.0
6627,62.0
6628,0.0
6628,62.0
6628,0.0
6629,0.0
6629,0.0
6629,62.0
6630,0.0
6630,0.0
6630,62.0
6631,0.0
6631,0.0
6631,62.0
6632,0.0
6632,0.0
6633,0.0
6633,0.0
6634,0.0
6634,0.0
6635,0.0
6635,0.0
6636,0.0
6636,0.0
6637,0.0
6638,0.0
6639,0.0
6640,0.0
6641,0.0
6641,0.0
6642,0.0
6642,0.0
6643,0.0
6643,0.0
6644,0.0
6644,0.0
6645,0.0
6645,0.0
6646,0.0
6646,0.0
6647,0.0
6647,0.0
6648,0.0
6648,0.0
6649,0.0
6649,0.0
6650,0.0
6650,0.0
6651,0.0
6651,0.0
6651,62.0
6652,0.0
6652,62.0
6653,0.0
6653,62.0
6654,0.0
6654,62.0
6655,0.0
6655,62.0
6655,0.0
6656,0.0
6656,0.0
6657,0.0
6657,0.0
6658,0.0
6658,0.0
6659,0.0
6659,0.0
6660,0.0
6660,0.0
6661,0.0
6661,0.0
6662,0.0
6662,0.0
6663,0.0
6663,0.0
6664,0.0
6664,0.0
6665,0.0
6665,0.0
6666,0.0
6666,0.0
6667,0.0
6667,0.0
6668,0.0
6668,0.0
6669,0.0
6669,0.0
6670,0.0
6670,0.0
6671,0.0
6672,0.0
6673,0.0
6674,0.0
6675,0.0
6676,0.0
6677,0.0
6678,0.0
6679,0.0
6680,0.0
6681,0.0
6682,0.0
6683,0.0
6684,0.0
6685,0.0
6686,0.0
6686,0.0
6687,0.0
6687,0.0
6688,0.0
6688,0.0
6689,0.0
6689,0.0
6697,0.0
6697,0.0
6698,0.0
6698,0.0
6699,0.0
6699,0.0
6700,0.0
6700,0.0
6701,0.0
6701,0.0
6702,0.0
6702,0.0
6703,0.0
6703,0.0
6704,0.0
6704,0.0
6705,0.0
6706,0.0
6707,0.0
6707,0.0
6707,62.0
6708,0.0
6708,0.0
6708,62.0
6709,0.0
6709,0.0
6709,62.0
6710,0.0
6710,0.0
6710,62.0
6711,0.0
6711,0.0
6711,62.0
6712,0.0
6712,62.0
6713,0.0
6713,62.0
6714,0.0
6714,62.0
6715,0.0
6715,62.0
6716,0.0
6716,62.0
6717,0.0
6717,62.0
6718,0.0
6718,62.0
6719,0.0
6719,62.0
6720,0.0
6720,0.0
6721,0.0
6721,0.0
6722,0.0
6722,0.0
6723,0.0
6723,0.0
6724,0.0
6724,0.0
6725,0.0
6725,0.0
6726,0.0
6726,0.0
6727,0.0
6727,0.0
6728,0.0
6728,0.0
6728,62.0
6729,0.0
6729,0.0
6729,62.0
6730,0.0
6730,0.0
6730,62.0
6731,0.0
6731,62.0
6732,0.0
6732,0.0
6732,62.0
6733,0.0
6733,0.0
6733,62.0
6734,0.0
6734,0.0
6734,62.0
6735,0.0
6735,62.0
6735,0.0
6736,0.0
6736,62.0
6736,0.0
6737,0.0
6737,62.0
6737,0.0
6738,0.0
6738,62.0
6738,0.0
6739,0.0
6739,62.0
6739,0.0
6740,0.0
6740,62.0
6740,0.0
6741,0.0
6741,62.0
6741,0.0
6742,0.0
6742,0.0
6742,62.0
6743,0.0
6743,0.0
6743,62.0
6744,0.0
6744,0.0
6744,62.0
6745,0.0
6745,0.0
6745,62.0
6746,0.0
6746,62.0
6747,0.0
6747,62.0
6748,0.0
6748,62.0
6749,0.0
6749,62.0
6750,0.0
6751,0.0
6751,62.0
6752,0.0
6753,0.0
6753,62.0
6754,0.0
6755,0.0
6756,0.0
6757,0.0
6757,0.0
6758,0.0
6758,0.0
6759,0.0
6759,0.0
6760,0.0
6760,0.0
6761,0.0
6762,0.0
6763,0.0
6764,0.0
6765,0.0
6766,0.0
6767,0.0
6768,0.0
6769,0.0
6770,0.0
6771,0.0
6772,0.0
6773,0.0
6774,0.0
6775,0.0
6776,0.0
6777,0.0
6778,0.0
6779,0.0
6780,0.0
6781,0.0
6782,0.0
6782,62.0
6783,0.0
6783,62.0
6784,0.0
6784,62.0
6785,0.0
6785,62.0
6786,0.0
6786,62.0
6787,0.0
6787,62.0
6788,0.0
6788,62.0
6789,0.0
6789,62.0
6790,0.0
6790,62.0
6791,62.0
6791,0.0
6792,0.0
6792,62.0
6793,0.0
6793,62.0
6794,0.0
6794,62.0
6795,0.0
6795,62.0
6796,0.0
6796,62.0
6797,0.0
6797,62.0
6798,0.0
6798,62.0
6799,0.0
6799,62.0
6800,0.0
6800,62.0
6801,0.0
6801,62.0
6802,0.0
6802,62.0
6803,0.0
6803,62.0
6804,0.0
6804,62.0
6805,0.0
6805,62.0
6806,0.0
6806,62.0
6807,0.0
6807,62.0
6808,0.0
6809,0.0
6809,62.0
6810,0.0
6810,62.0
6811,0.0
6811,62.0
6812,0.0
6812,62.0
6813,0.0
6813,62.0
6814,0.0
6814,62.0
6815,0.0
6815,62.0
6816,0.0
6816,62.0
6817,0.0
6817,62.0
6818,0.0
6818,62.0
6819,0.0
6819,62.0
6820,0.0
6820,62.0
6821,0.0
6821,62.0
6822,0.0
6822,62.0
6823,0.0
6823,62.0
6824,0.0
6824,62.0
6824,0.0
6825,0.0
6825,62.0
6826,0.0
6826,62.0
6827,0.0
6827,62.0
6828,0.0
6829,0.0
6830,0.0
6831,0.0
6831,62.0
6832,62.0
6833,62.0
6834,62.0
6835,62.0
6836,62.0
6837,62.0
6838,62.0
6839,62.0
6839,0.0
6840,62.0
6840,0.0
6841,62.0
6841,0.0
6842,62.0
6842,0.0
6843,62.0
6843,0.0
6844,62.0
6844,0.0
6845,62.0
6845,0.0
6846,62.0
6846,0.0
6847,62.0
6848,62.0
6849,62.0
6850,62.0
6851,62.0
6851,62.0
6852,62.0
6852,62.0
6853,62.0
6853,62.0
6854,62.0
6855,62.0
6856,62.0
6857,62.0
6858,62.0
6862,0.0
6863,0.0
6863,62.0
6864,0.0
6864,62.0
6865,0.0
6865,62.0
6866,0.0
6866,62.0
6867,0.0
6867,62.0
6868,0.0
6868,62.0
6869,0.0
6869,62.0
6870,0.0
6870,62.0
6871,0.0
6871,62.0
6872,0.0
6872,62.0
6873,0.0
6873,62.0
6874,0.0
6874,62.0
6875,0.0
6875,62.0
6876,0.0
6876,62.0
6877,0.0
6877,62.0
6878,0.0
6878,62.0
6879,0.0
6879,62.0
6880,0.0
6880,62.0
6881,62.0
6881,0.0
6882,0.0
6883,0.0
6884,0.0
6885,0.0
6886,0.0
6887,0.0
6888,0.0
6889,0.0
6890,0.0
6891,0.0
6892,0.0
6893,0.0
6894,0.0
6895,0.0
6896,0.0
6897,0.0
6898,0.0
6899,0.0
6899,0.0
6900,0.0
6900,0.0
6901,0.0
6901,0.0
6902,0.0
6902,0.0
6903,0.0
6903,0.0
6904,0.0
6904,0.0
6905,0.0
6905,0.0
6906,0.0
6906,0.0
6907,0.0
6908,0.0
6909,0.0
6910,0.0
6911,0.0
6912,0.0
6913,0.0
6915,62.0
6916,62.0
6917,62.0
6918,62.0
6919,62.0
6920,62.0
6921,62.0
6922,62.0
6923,62.0
6924,62.0
6925,62.0
6926,0.0
6927,0.0
6928,0.0
6931,62.0
6941,0.0
6942,0.0
6943,0.0
6956,0.0
6959,62.0
6960,62.0
6961,62.0
6962,62.0
6963,62.0
6964,62.0
6965,62.0
6966,62.0
6970,62.0
6986,62.0
6987,62.0
6988,62.0
6989,62.0
6990,62.0
6991,62.0
6992,62.0
7007,62.0
7008,62.0
7009,62.0
7010,62.0
7011,62.0
7028,62.0
7030,62.0
7057,62.0
7057,0.0
7057,0.0
7058,62.0
7058,0.0
7058,0.0
7059,62.0
7059,0.0
7059,0.0
7060,62.0
7060,0.0
7061,62.0
7061,0.0
7062,62.0
7062,0.0
7063,62.0
7063,0.0
7064,62.0
7064,0.0
7065,62.0
7065,0.0
7066,62.0
7066,0.0
7067,62.0
7067,0.0
7068,62.0
7068,0.0
7069,62.0
7069,0.0
7070,62.0
7070,0.0
7071,62.0
7072,62.0
7072,0.0
7073,62.0
7073,0.0
7074,62.0
7074,0.0
7075,62.0
7076,62.0
7076,0.0
7077,62.0
7077,0.0
7078,0.0
7078,62.0
7079,0.0
7079,62.0
7080,0.0
7080,62.0
7081,0.0
7081,62.0
7082,0.0
7083,0.0
7084,0.0
7085,0.0
7086,0.0
7087,0.0
7088,0.0
7089,0.0
7090,0.0
7091,0.0
7092,0.0
7093,0.0
7094,0.0
7095,0.0
7096,0.0
7097,0.0
7098,0.0
7099,0.0
7100,0.0
7101,0.0
7102,0.0
7103,0.0
7104,0.0
7105,0.0
7106,0.0
7107,0.0
7108,0.0
7109,0.0
7110,0.0
7111,0.0
7112,0.0
7113,0.0
7114,0.0
7115,0.0
7116,0.0
7117,0.0
7118,0.0
7119,0.0
7120,0.0
7121,0.0
7122,0.0
7123,0.0
7124,0.0
7125,0.0
7126,0.0
7127,0.0
7128,0.0
7129,0.0
7130,0.0
7131,0.0
7132,0.0
7133,0.0
7134,0.0
7135,0.0
7136,0.0
7136,62.0
7137,0.0
7137,62.0
7138,0.0
7138,62.0
7139,0.0
7140,0.0
7141,0.0
7142,0.0
7143,0.0
7144,0.0
7145,0.0
7146,0.0
7147,0.0
7148,0.0
7149,0.0
7150,0.0
7151,0.0
7151,0.0
7152,0.0
7152,0.0
7152,62.0
7153,0.0
7153,0.0
7153,62.0
7154,0.0
7154,0.0
7154,62.0
7155,0.0
7155,62.0
7156,0.0
7156,62.0
7157,0.0
7157,62.0
7158,0.0
7159,0.0
7160,0.0
7161,0.0
7162,0.0
7183,62.0
7184,62.0
7185,62.0
7186,62.0
7187,62.0
7188,62.0
7189,62.0
7190,62.0
7191,62.0
7192,62.0
7193,62.0
7194,62.0
7195,62.0
7196,62.0
7196,62.0
7197,62.0
7197,62.0
7198,62.0
7199,62.0
7200,62.0
7201,62.0
7202,62.0
7203,62.0
7204,62.0
7205,62.0
7206,62.0
7207,62.0
7233,62.0
7234,62.0
7235,62.0
7236,62.0
7237,62.0
7238,62.0
7239,62.0
7241,62.0
7242,62.0
7243,62.0
7244,62.0
7245,62.0
7246,62.0
7247,62.0
7248,62.0
7249,62.0
7250,62.0
7251,62.0
7252,62.0
7253,62.0
7254,62.0
7255,62.0
7256,62.0
7257,62.0
7258,62.0
7259,62.0
7260,0.0
7260,62.0
7261,0.0
7261,62.0
7262,0.0
7262,62.0
7263,0.0
7263,62.0
7264,0.0
7264,62.0
7265,0.0
7265,62.0
7266,0.0
7266,62.0
7267,0.0
7267,62.0
7268,0.0
7268,62.0
7269,0.0
7269,62.0
7270,0.0
7270,62.0
7271,62.0
7272,62.0
7273,62.0
7274,62.0
7275,62.0
7276,62.0
7277,62.0
7278,62.0
7279,62.0
7280,62.0
7281,62.0
7298,62.0
7308,62.0
7309,62.0
7310,62.0
7311,62.0
7312,62.0
7313,62.0
7314,62.0
7315,62.0
7316,62.0
7317,62.0
7318,62.0
7319,62.0
7320,62.0
7321,62.0
7322,62.0
7323,62.0
7324,62.0
7325,62.0
7326,62.0
7327,62.0
7327,62.0
7328,62.0
7328,62.0
7329,62.0
7329,62.0
7330,62.0
7330,62.0
7331,62.0
7332,62.0
7358,62.0
7359,62.0
7360,62.0
7361,62.0
7362,62.0
7363,62.0
7364,62.0
7365,62.0
7366,62.0
7367,62.0
7368,62.0
7369,62.0
7370,62.0
7371,62.0
7372,62.0
7373,62.0
7374,62.0
7375,62.0
7376,62.0
7377,62.0
7378,62.0
7379,62.0
7380,62.0
7381,62.0
7382,62.0
7383,62.0
7384,62.0
7385,62.0
7386,62.0
7387,62.0
7388,62.0
7389,62.0
7390,62.0
7391,62.0
7392,62.0
7393,62.0
7394,62.0
7395,62.0
7396,62.0
7397,62.0
7398,62.0
7399,62.0
7400,62.0
7401,62.0
7402,62.0
7403,62.0
7404,62.0
7405,62.0
7406,62.0
7407,62.0
7430,62.0
7432,62.0
7463,0.0
7464,0.0
7465,0.0
7583,0.0
7584,0.0
7585,0.0
7994,62.0
7995,62.0
7996,62.0
7997,62.0
7998,62.0
7999,62.0
8000,62.0
8017,62.0
8018,62.0
8019,62.0
8020,62.0
8021,62.0
8022,62.0
8023,62.0
8024,62.0
8025,62.0
8026,62.0
8027,62.0
8028,62.0
8031,62.0
8077,62.0
8078,62.0
8079,62.0
8080,62.0
8081,62.0
8082,62.0
8083,62.0
8084,62.0
8085,62.0
8086,62.0
8087,62.0
8088,62.0
8089,62.0
8090,62.0
8091,62.0
8092,62.0
8093,62.0
8094,62.0
8099,62.0
8100,62.0
8107,62.0
8111,62.0
8112,62.0
8113,62.0
8126,62.0
8127,62.0
8128,62.0
8139,68.0
8140,68.0
8141,68.0
8142,68.0
8143,68.0
8144,68.0
8145,68.0
8146,68.0
8147,68.0
8148,68.0
8149,68.0
8150,68.0
8151,68.0
8152,68.0
8153,68.0
8154,68.0
8155,68.0
8156,68.0
8157,68.0
8158,68.0
8160,0.0
8161,0.0
8162,0.0
8163,0.0
8164,0.0
8165,0.0
8166,0.0
8167,0.0
8168,0.0
8168,62.0
8169,0.0
8170,0.0
8184,68.0
8185,68.0
8209,62.0
8210,62.0
8211,62.0
8212,62.0
8213,62.0
8214,62.0
8215,62.0
8216,62.0
8217,62.0
8218,62.0
8219,62.0
8220,62.0
8221,62.0
8222,62.0
8223,62.0
8224,62.0
8225,62.0
8226,62.0
8227,62.0
8228,62.0
8229,62.0
8230,62.0
8231,62.0
8234,62.0
8243,62.0
8244,62.0
8245,62.0
8250,68.0
8251,68.0
8252,68.0
8253,68.0
8254,68.0
8255,68.0
8256,68.0
8257,68.0
8258,68.0
8289,62.0
8290,62.0
8351,0.0
8352,0.0
8353,0.0
8354,0.0
8377,62.0
8378,62.0
8379,62.0
8384,0.0
8385,5.0
8387,5.0
8388,5.0
8390,5.0
8391,5.0
8407,5.0
8408,5.0
8409,62.0
8410,62.0
8411,62.0
8411,0.0
8412,62.0
8412,0.0
8413,62.0
8413,0.0
8414,62.0
8414,0.0
8415,62.0
8416,62.0
8417,62.0
8418,62.0
8419,62.0
8420,62.0
8421,62.0
8422,62.0
8423,62.0
8424,62.0
8425,62.0
8426,62.0
8427,62.0
8428,62.0
8429,62.0
8430,62.0
8431,62.0
8432,62.0
8433,62.0
8437,62.0
8438,62.0
8439,62.0
8440,62.0
8445,62.0
8452,62.0
8453,62.0
8454,62.0
8455,62.0
8464,62.0
8465,62.0
8469,62.0
8470,62.0
8471,62.0
8472,62.0
8473,62.0
8474,62.0
8484,0.0
8485,0.0
8486,0.0
8490,0.0
8491,0.0
8491,62.0
8492,0.0
8493,0.0
8494,0.0
8494,62.0
8495,0.0
8496,0.0
8497,0.0
8497,62.0
8498,0.0
8498,62.0
8499,0.0
8499,62.0
8500,0.0
8500,62.0
8501,0.0
8502,0.0
8503,0.0
8504,0.0
8505,0.0
8506,0.0
8507,0.0
8508,0.0
8509,62.0
8510,62.0
8511,62.0
8512,62.0
8513,62.0
8514,62.0
8515,62.0
8516,62.0
8517,62.0
8518,62.0
8527,62.0
8528,62.0
8529,62.0
8530,62.0
8531,62.0
8532,62.0
8533,62.0
8576,62.0
8577,62.0
8578,62.0
8579,62.0
8587,62.0
8588,62.0
8589,62.0
8590,62.0
8602,62.0
8603,62.0
8604,62.0
8605,62.0
8606,62.0
8607,62.0
8608,62.0
8609,62.0
8610,62.0
8611,62.0
8612,62.0
8613,62.0
8614,62.0
8615,62.0
8616,62.0
8625,62.0
8626,62.0
8627,62.0
8628,62.0
8629,62.0
8630,62.0
8631,62.0
8632,62.0
8633,62.0
8634,62.0
8635,62.0
8636,62.0
8637,62.0
8638,62.0
8639,62.0
8640,62.0
8641,62.0
8642,62.0
