1,2.0
1,2.0
1,2.0
1,2.0
1,2.0
1,0.0
2,2.0
2,2.0
2,2.0
2,2.0
2,2.0
2,0.0
3,2.0
3,2.0
3,2.0
3,2.0
3,2.0
3,0.0
4,2.0
4,2.0
4,2.0
4,2.0
4,2.0
4,0.0
5,2.0
5,2.0
5,2.0
5,2.0
5,2.0
5,0.0
6,2.0
6,2.0
6,2.0
6,2.0
6,2.0
6,0.0
7,2.0
7,2.0
7,2.0
7,2.0
7,2.0
7,0.0
8,2.0
8,2.0
8,2.0
8,2.0
8,2.0
8,0.0
9,2.0
9,2.0
9,2.0
9,2.0
9,0.0
9,2.0
10,2.0
10,2.0
10,2.0
10,2.0
10,0.0
10,2.0
10,2.0
11,2.0
11,2.0
11,2.0
11,2.0
11,2.0
11,0.0
11,2.0
12,2.0
12,2.0
12,2.0
12,2.0
12,2.0
12,0.0
12,2.0
13,2.0
13,2.0
13,2.0
13,2.0
13,2.0
13,0.0
14,2.0
14,2.0
14,2.0
14,2.0
14,2.0
14,0.0
15,2.0
15,2.0
15,2.0
15,2.0
15,0.0
16,2.0
16,2.0
16,2.0
16,2.0
16,0.0
17,2.0
17,2.0
17,2.0
17,2.0
17,0.0
18,2.0
18,2.0
18,2.0
18,2.0
18,0.0
19,2.0
19,2.0
19,2.0
19,2.0
19,0.0
20,2.0
20,2.0
20,2.0
20,2.0
20,0.0
21,2.0
21,2.0
21,2.0
21,2.0
21,0.0
22,2.0
22,2.0
22,2.0
22,2.0
22,0.0
23,2.0
23,2.0
23,2.0
23,2.0
23,0.0
24,2.0
24,2.0
24,2.0
24,2.0
24,0.0
25,2.0
25,2.0
25,2.0
25,2.0
25,0.0
26,2.0
26,2.0
26,2.0
26,2.0
26,0.0
27,2.0
27,2.0
27,2.0
27,2.0
27,0.0
28,2.0
28,2.0
28,2.0
28,2.0
28,0.0
28,2.0
29,2.0
29,2.0
29,2.0
29,2.0
29,0.0
29,2.0
30,2.0
30,2.0
30,2.0
30,2.0
30,2.0
30,0.0
31,2.0
31,2.0
31,2.0
31,2.0
31,2.0
31,0.0
32,2.0
32,2.0
32,2.0
32,0.0
32,7.0
32,2.0
32,2.0
33,2.0
33,2.0
33,2.0
33,2.0
33,0.0
34,2.0
34,2.0
34,2.0
34,2.0
34,0.0
34,7.0
35,2.0
35,2.0
35,2.0
35,2.0
35,0.0
36,2.0
36,2.0
36,2.0
36,2.0
36,0.0
37,2.0
37,2.0
37,2.0
37,2.0
37,0.0
38,2.0
38,2.0
38,2.0
38,2.0
38,0.0
39,2.0
39,2.0
39,2.0
39,2.0
39,0.0
39,7.0
40,2.0
40,2.0
40,2.0
40,2.0
40,0.0
41,2.0
41,2.0
41,2.0
41,2.0
41,0.0
42,2.0
42,2.0
42,2.0
42,2.0
42,0.0
43,2.0
43,2.0
43,2.0
43,2.0
43,0.0
44,2.0
44,2.0
44,2.0
44,2.0
44,0.0
45,2.0
45,2.0
45,2.0
45,2.0
45,0.0
46,2.0
46,2.0
46,2.0
46,2.0
46,0.0
47,2.0
47,2.0
47,2.0
47,2.0
47,0.0
48,2.0
48,2.0
48,2.0
48,2.0
48,0.0
48,2.0
49,2.0
49,2.0
49,2.0
49,2.0
49,0.0
49,2.0
50,2.0
50,2.0
50,2.0
50,2.0
50,0.0
51,2.0
51,2.0
51,2.0
51,2.0
51,0.0
51,2.0
52,2.0
52,2.0
52,2.0
52,2.0
52,0.0
53,2.0
53,2.0
53,2.0
53,2.0
53,0.0
54,2.0
54,2.0
54,2.0
54,2.0
54,0.0
54,7.0
55,2.0
55,2.0
55,2.0
55,2.0
55,0.0
55,7.0
56,2.0
56,2.0
56,2.0
56,2.0
56,0.0
57,2.0
57,2.0
57,2.0
57,2.0
57,0.0
57,2.0
58,2.0
58,2.0
58,2.0
58,2.0
58,0.0
58,2.0
59,2.0
59,2.0
59,2.0
59,2.0
59,0.0
59,2.0
60,2.0
60,2.0
60,2.0
60,2.0
60,0.0
60,2.0
61,2.0
61,2.0
61,2.0
61,2.0
61,0.0
61,2.0
62,2.0
62,2.0
62,2.0
62,2.0
62,0.0
62,2.0
63,2.0
63,2.0
63,2.0
63,0.0
63,2.0
63,2.0
64,2.0
64,2.0
64,2.0
64,0.0
64,2.0
64,7.0
64,2.0
65,2.0
65,2.0
65,2.0
65,2.0
65,0.0
65,2.0
66,2.0
66,2.0
66,2.0
66,2.0
66,0.0
66,2.0
67,2.0
67,2.0
67,2.0
67,2.0
67,0.0
67,2.0
68,2.0
68,2.0
68,2.0
68,2.0
68,0.0
68,2.0
69,2.0
69,2.0
69,2.0
69,2.0
69,0.0
69,2.0
70,2.0
70,2.0
70,2.0
70,2.0
70,0.0
70,2.0
71,2.0
71,2.0
71,2.0
71,2.0
71,0.0
71,2.0
72,2.0
72,2.0
72,2.0
72,2.0
72,0.0
72,2.0
73,2.0
73,2.0
73,2.0
73,2.0
73,0.0
73,2.0
74,2.0
74,2.0
74,2.0
74,2.0
74,0.0
74,2.0
75,2.0
75,2.0
75,2.0
75,2.0
75,0.0
75,2.0
76,2.0
76,2.0
76,2.0
76,2.0
76,0.0
77,2.0
77,2.0
77,2.0
77,2.0
77,0.0
78,2.0
78,2.0
78,2.0
78,2.0
78,0.0
79,2.0
79,2.0
79,2.0
79,2.0
79,0.0
79,2.0
80,2.0
80,2.0
80,2.0
80,2.0
80,0.0
81,2.0
81,2.0
81,2.0
81,0.0
81,2.0
82,2.0
82,2.0
82,2.0
82,0.0
82,2.0
83,2.0
83,2.0
83,2.0
83,0.0
83,2.0
84,2.0
84,2.0
84,2.0
84,0.0
84,2.0
85,2.0
85,2.0
85,2.0
85,0.0
85,2.0
86,2.0
86,2.0
86,2.0
86,0.0
86,2.0
87,2.0
87,2.0
87,2.0
87,0.0
87,2.0
88,2.0
88,2.0
88,2.0
88,0.0
88,2.0
89,2.0
89,2.0
89,2.0
89,0.0
89,2.0
90,2.0
90,2.0
90,2.0
90,0.0
90,2.0
91,2.0
91,2.0
91,2.0
91,0.0
92,2.0
92,2.0
92,2.0
92,0.0
92,2.0
93,2.0
93,2.0
93,2.0
93,0.0
93,2.0
94,2.0
94,2.0
94,2.0
94,0.0
94,2.0
95,2.0
95,2.0
95,2.0
95,0.0
96,2.0
96,2.0
96,2.0
96,0.0
97,2.0
97,2.0
97,2.0
97,0.0
98,2.0
98,2.0
98,2.0
98,0.0
98,2.0
99,2.0
99,2.0
99,2.0
99,0.0
99,2.0
100,2.0
100,2.0
100,2.0
100,0.0
100,2.0
101,2.0
101,2.0
101,2.0
101,0.0
101,2.0
102,2.0
102,2.0
102,2.0
102,0.0
102,2.0
103,2.0
103,2.0
103,2.0
103,0.0
103,2.0
104,2.0
104,2.0
104,2.0
104,0.0
104,2.0
105,2.0
105,2.0
105,2.0
105,0.0
105,2.0
106,2.0
106,2.0
106,2.0
106,0.0
106,2.0
107,2.0
107,2.0
107,2.0
107,0.0
107,2.0
108,2.0
108,2.0
108,2.0
108,0.0
108,2.0
109,2.0
109,2.0
109,2.0
109,0.0
109,2.0
110,2.0
110,2.0
110,2.0
110,0.0
110,2.0
111,2.0
111,2.0
111,2.0
111,0.0
111,2.0
112,2.0
112,2.0
112,2.0
112,0.0
112,2.0
113,2.0
113,2.0
113,2.0
113,0.0
113,2.0
114,2.0
114,2.0
114,2.0
114,0.0
114,2.0
115,2.0
115,2.0
115,2.0
115,0.0
115,2.0
116,2.0
116,2.0
116,2.0
116,0.0
116,2.0
117,2.0
117,2.0
117,2.0
117,0.0
117,2.0
118,2.0
118,2.0
118,2.0
118,0.0
118,2.0
119,2.0
119,2.0
119,2.0
119,0.0
119,2.0
120,2.0
120,2.0
120,2.0
120,0.0
120,2.0
121,2.0
121,2.0
121,2.0
121,0.0
121,2.0
122,2.0
122,2.0
122,2.0
122,0.0
122,2.0
123,2.0
123,2.0
123,2.0
123,0.0
123,2.0
124,2.0
124,2.0
124,2.0
124,0.0
124,2.0
125,2.0
125,2.0
125,2.0
125,0.0
125,2.0
126,2.0
126,2.0
126,2.0
126,0.0
126,2.0
127,2.0
127,2.0
127,2.0
127,0.0
127,2.0
128,2.0
128,2.0
128,2.0
128,0.0
129,2.0
129,2.0
129,2.0
129,0.0
129,2.0
130,2.0
130,2.0
130,2.0
130,0.0
130,2.0
131,2.0
131,2.0
131,2.0
131,0.0
131,2.0
132,2.0
132,2.0
132,2.0
132,0.0
132,2.0
133,2.0
133,2.0
133,2.0
133,0.0
133,2.0
134,2.0
134,2.0
134,2.0
134,0.0
134,2.0
135,2.0
135,2.0
135,2.0
135,0.0
135,2.0
136,2.0
136,2.0
136,2.0
136,0.0
136,2.0
137,2.0
137,2.0
137,2.0
137,0.0
137,2.0
138,2.0
138,2.0
138,2.0
138,0.0
139,2.0
139,2.0
139,2.0
139,0.0
140,2.0
140,2.0
140,2.0
140,0.0
141,2.0
141,2.0
141,2.0
141,0.0
141,2.0
142,2.0
142,2.0
142,2.0
142,0.0
143,2.0
143,2.0
143,2.0
143,0.0
144,2.0
144,2.0
144,2.0
144,0.0
144,2.0
145,2.0
145,2.0
145,2.0
145,0.0
145,2.0
146,2.0
146,2.0
146,2.0
146,0.0
146,2.0
147,2.0
147,2.0
147,2.0
147,0.0
147,2.0
148,2.0
148,2.0
148,2.0
148,0.0
148,2.0
149,2.0
149,2.0
149,2.0
149,0.0
149,2.0
150,2.0
150,2.0
150,2.0
150,0.0
150,2.0
151,2.0
151,2.0
151,2.0
151,0.0
151,2.0
152,2.0
152,2.0
152,2.0
152,0.0
152,2.0
153,2.0
153,2.0
153,2.0
153,0.0
154,2.0
154,2.0
154,2.0
154,0.0
155,2.0
155,2.0
155,2.0
155,0.0
156,2.0
156,2.0
156,2.0
156,0.0
157,2.0
157,2.0
157,2.0
157,0.0
158,2.0
158,2.0
158,2.0
158,0.0
159,2.0
159,2.0
159,2.0
159,0.0
159,2.0
160,2.0
160,2.0
160,2.0
160,0.0
161,2.0
161,2.0
161,2.0
161,0.0
162,2.0
162,2.0
162,2.0
162,0.0
162,2.0
163,2.0
163,2.0
163,2.0
163,0.0
163,2.0
164,2.0
164,2.0
164,2.0
164,0.0
164,2.0
165,2.0
165,2.0
165,2.0
165,0.0
165,2.0
166,2.0
166,2.0
166,2.0
166,0.0
166,2.0
167,2.0
167,2.0
167,2.0
167,0.0
167,2.0
168,2.0
168,2.0
168,2.0
168,0.0
168,2.0
169,2.0
169,2.0
169,2.0
169,0.0
169,2.0
170,2.0
170,2.0
170,2.0
170,0.0
170,2.0
171,2.0
171,2.0
171,2.0
171,0.0
171,2.0
172,2.0
172,2.0
172,2.0
172,0.0
172,2.0
173,2.0
173,2.0
173,2.0
173,0.0
173,2.0
174,2.0
174,2.0
174,2.0
174,0.0
174,2.0
175,2.0
175,2.0
175,2.0
175,0.0
175,2.0
176,2.0
176,2.0
176,2.0
176,0.0
176,2.0
177,2.0
177,2.0
177,2.0
177,0.0
177,2.0
178,2.0
178,2.0
178,2.0
178,0.0
178,2.0
179,2.0
179,2.0
179,2.0
179,0.0
179,2.0
180,2.0
180,2.0
180,2.0
180,0.0
180,2.0
181,2.0
181,2.0
181,2.0
181,0.0
181,2.0
182,2.0
182,2.0
182,2.0
182,0.0
182,2.0
183,2.0
183,2.0
183,2.0
183,0.0
183,2.0
184,2.0
184,2.0
184,2.0
184,2.0
184,0.0
184,2.0
185,2.0
185,2.0
185,2.0
185,2.0
185,0.0
185,2.0
186,2.0
186,2.0
186,2.0
186,2.0
186,0.0
186,2.0
187,2.0
187,2.0
187,2.0
187,2.0
187,0.0
187,2.0
188,2.0
188,2.0
188,2.0
188,2.0
188,0.0
188,2.0
189,2.0
189,2.0
189,2.0
189,2.0
189,0.0
189,2.0
190,2.0
190,2.0
190,2.0
190,2.0
190,0.0
190,2.0
191,2.0
191,2.0
191,2.0
191,2.0
191,0.0
191,2.0
192,2.0
192,2.0
192,2.0
192,2.0
192,0.0
192,2.0
193,2.0
193,2.0
193,2.0
193,2.0
193,0.0
193,2.0
194,2.0
194,2.0
194,2.0
194,0.0
194,2.0
194,2.0
195,2.0
195,2.0
195,2.0
195,2.0
195,0.0
196,2.0
196,2.0
196,2.0
196,2.0
196,0.0
196,2.0
197,2.0
197,2.0
197,2.0
197,2.0
197,0.0
197,2.0
198,2.0
198,2.0
198,2.0
198,2.0
198,0.0
198,2.0
199,2.0
199,2.0
199,2.0
199,2.0
199,0.0
199,2.0
200,2.0
200,2.0
200,2.0
200,2.0
200,2.0
200,0.0
201,2.0
201,2.0
201,2.0
201,2.0
201,2.0
201,0.0
202,2.0
202,2.0
202,2.0
202,2.0
202,0.0
203,2.0
203,2.0
203,2.0
203,2.0
203,0.0
204,2.0
204,2.0
204,2.0
204,2.0
204,0.0
205,2.0
205,2.0
205,2.0
205,2.0
205,0.0
206,2.0
206,2.0
206,2.0
206,2.0
206,0.0
207,2.0
207,2.0
207,2.0
207,2.0
208,2.0
208,2.0
208,2.0
208,2.0
208,2.0
209,2.0
209,2.0
209,2.0
209,2.0
209,0.0
209,2.0
210,2.0
210,2.0
210,2.0
210,2.0
211,2.0
211,2.0
211,2.0
211,2.0
212,2.0
212,2.0
212,2.0
213,2.0
213,2.0
213,2.0
213,2.0
213,2.0
214,2.0
214,2.0
214,2.0
215,2.0
215,2.0
215,2.0
216,2.0
216,2.0
216,2.0
216,2.0
216,2.0
216,2.0
217,2.0
217,2.0
217,2.0
217,2.0
217,2.0
218,2.0
218,2.0
218,2.0
218,2.0
218,2.0
218,0.0
219,2.0
219,2.0
219,2.0
219,2.0
219,2.0
220,2.0
220,2.0
220,2.0
220,2.0
221,2.0
221,2.0
221,2.0
221,2.0
221,0.0
222,2.0
222,2.0
222,2.0
222,2.0
222,0.0
223,2.0
223,2.0
223,2.0
223,2.0
223,0.0
224,2.0
224,2.0
224,2.0
224,2.0
224,0.0
225,2.0
225,2.0
225,2.0
225,2.0
226,2.0
226,2.0
226,2.0
226,2.0
227,2.0
227,2.0
227,2.0
227,0.0
228,2.0
228,2.0
228,7.0
228,0.0
229,2.0
229,2.0
229,7.0
229,0.0
230,2.0
230,2.0
230,0.0
230,7.0
231,2.0
231,2.0
231,0.0
232,2.0
232,2.0
232,7.0
232,0.0
233,2.0
233,2.0
233,7.0
233,0.0
234,2.0
234,2.0
234,0.0
234,7.0
235,2.0
235,2.0
235,0.0
235,7.0
236,2.0
236,2.0
236,2.0
236,0.0
236,7.0
237,2.0
237,2.0
237,0.0
237,2.0
237,2.0
238,2.0
238,2.0
238,2.0
238,2.0
238,0.0
238,2.0
239,2.0
239,2.0
239,0.0
239,2.0
239,2.0
239,2.0
240,2.0
240,2.0
240,2.0
240,2.0
240,0.0
240,2.0
241,2.0
241,2.0
241,2.0
241,2.0
241,0.0
241,2.0
242,2.0
242,2.0
242,2.0
242,0.0
242,2.0
242,2.0
243,2.0
243,2.0
243,2.0
243,2.0
243,0.0
243,2.0
244,2.0
244,2.0
244,2.0
244,2.0
244,0.0
244,2.0
245,2.0
245,2.0
245,2.0
245,2.0
245,0.0
245,2.0
246,2.0
246,2.0
246,2.0
246,2.0
246,0.0
247,2.0
247,2.0
247,2.0
247,2.0
247,0.0
248,2.0
248,2.0
248,2.0
248,2.0
248,0.0
249,2.0
249,2.0
249,2.0
249,0.0
250,2.0
250,2.0
250,2.0
250,0.0
250,2.0
251,2.0
251,2.0
251,0.0
251,2.0
251,2.0
252,2.0
252,2.0
252,2.0
252,0.0
252,2.0
253,2.0
253,2.0
253,2.0
253,0.0
253,2.0
254,2.0
254,2.0
254,2.0
254,0.0
254,2.0
254,2.0
255,2.0
255,2.0
255,2.0
255,0.0
255,2.0
255,2.0
256,2.0
256,2.0
256,2.0
256,0.0
257,2.0
257,2.0
257,2.0
257,0.0
258,2.0
258,2.0
258,2.0
258,0.0
259,2.0
259,2.0
259,2.0
259,0.0
260,2.0
260,2.0
260,2.0
260,0.0
261,2.0
261,2.0
261,2.0
261,0.0
262,2.0
262,2.0
262,2.0
262,2.0
262,0.0
263,2.0
263,2.0
263,2.0
263,2.0
263,0.0
263,2.0
264,2.0
264,2.0
264,2.0
264,2.0
264,0.0
264,7.0
265,2.0
265,2.0
265,2.0
265,2.0
265,0.0
265,7.0
266,2.0
266,2.0
266,2.0
266,2.0
266,0.0
267,2.0
267,2.0
267,2.0
267,2.0
267,0.0
268,2.0
268,2.0
268,2.0
268,2.0
268,0.0
269,2.0
269,2.0
269,2.0
269,2.0
269,0.0
270,2.0
270,2.0
270,2.0
270,2.0
270,0.0
271,2.0
271,2.0
271,2.0
271,2.0
271,0.0
272,2.0
272,2.0
272,2.0
272,2.0
272,0.0
272,7.0
273,2.0
273,2.0
273,2.0
273,2.0
273,0.0
274,2.0
274,2.0
274,2.0
274,2.0
274,0.0
274,2.0
275,2.0
275,2.0
275,2.0
275,2.0
275,2.0
275,0.0
276,2.0
276,2.0
276,2.0
276,2.0
276,0.0
276,2.0
277,2.0
277,2.0
277,2.0
277,2.0
277,0.0
277,2.0
278,2.0
278,2.0
278,2.0
278,2.0
278,0.0
278,2.0
279,2.0
279,2.0
279,2.0
279,2.0
279,0.0
279,2.0
280,2.0
280,2.0
280,2.0
280,2.0
280,0.0
281,2.0
281,2.0
281,2.0
281,0.0
282,2.0
282,2.0
282,2.0
282,2.0
282,0.0
282,2.0
283,2.0
283,2.0
283,2.0
283,2.0
283,0.0
283,2.0
284,2.0
284,2.0
284,2.0
284,2.0
284,2.0
284,0.0
285,2.0
285,2.0
285,2.0
285,2.0
285,0.0
286,2.0
286,2.0
286,2.0
286,2.0
286,0.0
287,2.0
287,2.0
287,2.0
287,2.0
287,0.0
288,2.0
288,2.0
288,2.0
288,2.0
288,0.0
289,2.0
289,2.0
289,2.0
289,2.0
289,0.0
290,2.0
290,2.0
290,2.0
290,2.0
290,0.0
291,2.0
291,2.0
291,2.0
291,2.0
291,0.0
292,2.0
292,2.0
292,2.0
292,2.0
292,0.0
293,2.0
293,2.0
293,2.0
293,2.0
293,0.0
294,2.0
294,2.0
294,2.0
294,2.0
294,0.0
295,2.0
295,2.0
295,2.0
295,2.0
295,0.0
296,2.0
296,2.0
296,2.0
296,2.0
296,0.0
297,2.0
297,2.0
297,2.0
297,2.0
297,0.0
298,2.0
298,2.0
298,2.0
298,2.0
298,0.0
299,2.0
299,2.0
299,2.0
299,2.0
299,0.0
300,2.0
300,2.0
300,2.0
300,2.0
300,0.0
301,2.0
301,2.0
301,2.0
301,2.0
301,0.0
302,2.0
302,2.0
302,2.0
302,2.0
302,0.0
303,2.0
303,2.0
303,2.0
303,2.0
303,0.0
304,2.0
304,2.0
304,2.0
304,2.0
304,0.0
305,2.0
305,2.0
305,2.0
305,2.0
305,0.0
306,2.0
306,2.0
306,2.0
306,2.0
306,0.0
307,2.0
307,2.0
307,2.0
307,2.0
307,0.0
308,2.0
308,2.0
308,2.0
308,2.0
308,0.0
309,2.0
309,2.0
309,2.0
309,2.0
309,0.0
310,2.0
310,2.0
310,2.0
310,2.0
310,0.0
311,2.0
311,2.0
311,2.0
311,2.0
311,0.0
312,2.0
312,2.0
312,2.0
312,2.0
312,0.0
313,2.0
313,2.0
313,2.0
313,2.0
313,0.0
314,2.0
314,2.0
314,2.0
314,2.0
314,0.0
315,2.0
315,2.0
315,2.0
315,2.0
315,0.0
316,2.0
316,2.0
316,2.0
316,2.0
316,0.0
317,2.0
317,2.0
317,2.0
317,2.0
317,2.0
317,0.0
318,2.0
318,2.0
318,2.0
318,2.0
318,2.0
318,0.0
319,2.0
319,2.0
319,2.0
319,2.0
319,2.0
319,0.0
320,2.0
320,2.0
320,2.0
320,2.0
320,2.0
320,0.0
321,2.0
321,2.0
321,2.0
321,2.0
321,2.0
321,0.0
322,2.0
322,2.0
322,2.0
322,2.0
322,2.0
323,2.0
323,2.0
323,2.0
323,2.0
323,2.0
324,2.0
324,2.0
324,2.0
324,2.0
324,2.0
325,2.0
325,2.0
325,2.0
325,2.0
325,2.0
326,2.0
326,2.0
326,2.0
326,2.0
327,2.0
327,2.0
327,2.0
327,2.0
327,2.0
328,2.0
328,2.0
328,2.0
328,2.0
328,0.0
329,2.0
329,2.0
329,2.0
329,2.0
329,0.0
330,2.0
330,2.0
330,2.0
330,2.0
330,0.0
331,2.0
331,2.0
331,2.0
331,2.0
331,0.0
332,2.0
332,2.0
332,2.0
332,2.0
332,0.0
333,2.0
333,2.0
333,2.0
333,2.0
333,0.0
334,2.0
334,2.0
334,2.0
334,2.0
334,0.0
335,2.0
335,2.0
335,2.0
335,2.0
335,0.0
336,2.0
336,2.0
336,2.0
336,2.0
336,0.0
337,2.0
337,2.0
337,2.0
337,2.0
337,0.0
338,2.0
338,2.0
338,2.0
338,2.0
338,0.0
339,2.0
339,2.0
339,2.0
339,2.0
339,0.0
340,2.0
340,2.0
340,2.0
340,2.0
340,0.0
341,2.0
341,2.0
341,2.0
341,2.0
341,0.0
342,2.0
342,2.0
342,2.0
342,2.0
342,0.0
343,2.0
343,2.0
343,2.0
343,2.0
343,0.0
344,2.0
344,2.0
344,2.0
344,2.0
344,0.0
345,2.0
345,2.0
345,2.0
345,0.0
346,2.0
346,2.0
346,2.0
346,0.0
347,2.0
347,2.0
347,0.0
347,2.0
347,2.0
348,2.0
348,2.0
348,2.0
348,0.0
349,2.0
349,2.0
349,0.0
349,2.0
350,2.0
350,2.0
350,2.0
350,0.0
351,2.0
351,2.0
351,2.0
351,0.0
352,2.0
352,2.0
352,2.0
352,0.0
353,2.0
353,2.0
353,2.0
353,0.0
354,2.0
354,2.0
354,2.0
354,0.0
355,2.0
355,2.0
355,2.0
355,0.0
356,2.0
356,2.0
356,2.0
356,0.0
357,2.0
357,2.0
357,2.0
358,2.0
358,2.0
358,2.0
359,2.0
359,2.0
359,2.0
359,7.0
360,2.0
360,2.0
360,2.0
360,0.0
360,7.0
361,2.0
361,2.0
361,2.0
361,7.0
361,0.0
362,2.0
362,2.0
362,2.0
362,0.0
362,7.0
363,2.0
363,2.0
363,0.0
363,2.0
363,7.0
364,2.0
364,2.0
364,2.0
364,0.0
364,7.0
365,2.0
365,2.0
365,7.0
365,0.0
365,2.0
366,2.0
366,7.0
366,0.0
366,2.0
366,2.0
367,2.0
367,7.0
367,0.0
367,2.0
367,2.0
368,2.0
368,7.0
368,0.0
368,2.0
369,2.0
369,2.0
369,7.0
369,0.0
370,2.0
370,2.0
370,7.0
370,0.0
371,2.0
371,2.0
371,0.0
371,7.0
372,2.0
372,2.0
372,0.0
373,2.0
373,2.0
373,0.0
374,2.0
374,2.0
374,0.0
375,2.0
375,2.0
375,0.0
376,2.0
376,2.0
376,0.0
377,2.0
377,2.0
377,0.0
377,7.0
378,2.0
378,2.0
378,0.0
379,2.0
379,2.0
379,0.0
380,2.0
380,2.0
380,0.0
381,2.0
381,2.0
381,0.0
382,2.0
382,2.0
382,0.0
383,2.0
383,0.0
383,2.0
384,2.0
384,0.0
384,2.0
385,2.0
385,0.0
385,2.0
386,2.0
386,0.0
386,2.0
387,2.0
387,0.0
387,2.0
388,2.0
388,0.0
388,2.0
389,2.0
389,0.0
389,2.0
390,2.0
390,0.0
390,2.0
390,7.0
391,2.0
391,0.0
391,2.0
391,7.0
392,2.0
392,0.0
392,7.0
392,2.0
393,2.0
393,0.0
393,7.0
393,2.0
394,2.0
394,0.0
394,7.0
394,2.0
395,2.0
395,0.0
395,7.0
395,2.0
396,2.0
396,0.0
396,2.0
396,7.0
397,2.0
397,0.0
397,2.0
397,7.0
398,2.0
398,0.0
398,2.0
398,7.0
399,2.0
399,0.0
399,7.0
399,2.0
400,2.0
400,0.0
400,7.0
400,2.0
401,2.0
401,0.0
401,7.0
401,2.0
402,2.0
402,0.0
402,7.0
402,2.0
403,2.0
403,0.0
403,7.0
403,2.0
404,2.0
404,0.0
404,2.0
404,7.0
405,2.0
405,0.0
405,2.0
405,7.0
406,2.0
406,2.0
406,0.0
407,2.0
407,0.0
407,2.0
407,7.0
408,2.0
408,0.0
408,7.0
408,2.0
409,2.0
409,0.0
409,7.0
409,2.0
410,2.0
410,0.0
410,7.0
411,2.0
411,7.0
411,0.0
412,2.0
412,0.0
412,7.0
412,2.0
413,2.0
413,2.0
413,0.0
413,7.0
414,2.0
414,7.0
414,0.0
414,2.0
415,2.0
415,7.0
415,0.0
415,2.0
416,2.0
416,7.0
416,0.0
416,2.0
417,2.0
417,7.0
417,0.0
417,2.0
418,2.0
418,7.0
418,0.0
419,2.0
419,7.0
419,0.0
419,2.0
420,2.0
420,7.0
420,0.0
420,2.0
421,2.0
421,7.0
421,0.0
421,2.0
422,2.0
422,7.0
422,0.0
423,2.0
423,7.0
423,0.0
424,2.0
424,7.0
424,0.0
425,2.0
425,7.0
425,0.0
426,2.0
426,7.0
426,0.0
426,2.0
427,2.0
427,7.0
427,0.0
427,2.0
428,2.0
428,7.0
428,0.0
428,2.0
429,2.0
429,7.0
429,0.0
429,2.0
430,2.0
430,7.0
430,0.0
430,2.0
431,2.0
431,7.0
431,0.0
432,2.0
432,7.0
432,0.0
433,2.0
433,7.0
433,0.0
434,2.0
434,7.0
434,0.0
435,2.0
435,7.0
435,0.0
436,7.0
436,2.0
436,0.0
437,7.0
437,2.0
437,0.0
438,7.0
438,2.0
438,0.0
439,7.0
439,2.0
439,0.0
440,7.0
440,2.0
440,0.0
441,7.0
441,2.0
441,0.0
442,7.0
442,2.0
442,0.0
443,7.0
443,0.0
443,2.0
444,7.0
444,0.0
444,2.0
445,7.0
445,0.0
445,2.0
446,7.0
446,0.0
446,2.0
447,7.0
447,0.0
447,2.0
448,7.0
448,0.0
448,2.0
449,7.0
449,0.0
449,2.0
450,7.0
450,0.0
450,2.0
451,7.0
451,0.0
451,2.0
452,7.0
452,0.0
452,2.0
453,7.0
453,0.0
453,2.0
454,7.0
454,0.0
454,2.0
454,0.0
455,0.0
455,7.0
455,2.0
455,0.0
456,0.0
456,7.0
456,2.0
456,0.0
457,0.0
457,7.0
457,2.0
457,0.0
458,7.0
458,0.0
458,2.0
459,2.0
459,7.0
459,0.0
460,2.0
460,0.0
460,7.0
461,2.0
461,0.0
461,7.0
462,0.0
462,7.0
462,2.0
462,0.0
463,0.0
463,7.0
463,2.0
463,0.0
464,0.0
464,7.0
464,2.0
464,0.0
465,2.0
465,0.0
465,7.0
466,2.0
466,7.0
466,0.0
467,7.0
467,2.0
467,0.0
468,7.0
468,2.0
468,0.0
469,7.0
469,2.0
469,0.0
470,7.0
470,2.0
470,0.0
471,7.0
471,2.0
471,0.0
472,2.0
472,7.0
472,0.0
473,2.0
473,7.0
473,0.0
474,7.0
474,2.0
474,0.0
475,7.0
475,2.0
475,0.0
476,7.0
476,2.0
476,0.0
477,7.0
477,2.0
477,0.0
478,7.0
478,2.0
478,0.0
479,7.0
479,2.0
479,0.0
480,7.0
480,0.0
480,2.0
481,7.0
481,0.0
481,2.0
482,2.0
482,0.0
482,7.0
483,2.0
483,0.0
483,7.0
484,2.0
484,0.0
484,7.0
485,2.0
485,0.0
485,7.0
486,2.0
486,0.0
486,7.0
487,2.0
487,0.0
487,7.0
488,7.0
488,2.0
488,0.0
489,0.0
489,7.0
489,2.0
490,7.0
490,0.0
490,2.0
491,7.0
491,0.0
491,2.0
492,7.0
492,0.0
492,2.0
493,7.0
493,0.0
493,2.0
494,7.0
494,0.0
494,2.0
495,7.0
495,0.0
495,2.0
496,7.0
496,0.0
496,2.0
497,7.0
497,2.0
497,0.0
498,2.0
498,7.0
498,0.0
499,2.0
499,7.0
499,0.0
500,2.0
500,7.0
500,0.0
501,2.0
501,0.0
501,7.0
502,2.0
502,7.0
502,0.0
503,2.0
503,0.0
503,7.0
504,2.0
504,7.0
504,0.0
505,2.0
505,7.0
505,0.0
506,2.0
506,0.0
506,7.0
506,2.0
507,2.0
507,0.0
507,7.0
508,2.0
508,0.0
508,7.0
509,2.0
509,0.0
509,2.0
509,7.0
510,2.0
510,7.0
510,0.0
510,2.0
511,2.0
511,7.0
511,0.0
511,2.0
512,2.0
512,7.0
512,0.0
513,2.0
513,0.0
513,7.0
513,2.0
514,2.0
514,2.0
514,0.0
514,7.0
515,2.0
515,2.0
515,0.0
515,7.0
516,2.0
516,2.0
516,0.0
516,7.0
517,2.0
517,2.0
517,0.0
517,7.0
518,2.0
518,2.0
518,0.0
518,7.0
519,2.0
519,2.0
519,0.0
519,7.0
520,2.0
520,0.0
520,2.0
520,7.0
521,2.0
521,0.0
521,2.0
522,2.0
522,2.0
522,0.0
523,2.0
523,2.0
523,0.0
524,2.0
524,2.0
524,0.0
525,2.0
525,2.0
525,0.0
526,2.0
526,2.0
526,0.0
527,2.0
527,2.0
527,0.0
528,2.0
528,2.0
528,0.0
529,2.0
529,2.0
529,0.0
530,2.0
530,2.0
530,0.0
531,2.0
531,2.0
531,0.0
532,2.0
532,2.0
532,0.0
533,2.0
533,2.0
533,0.0
534,2.0
534,2.0
534,0.0
535,2.0
535,2.0
535,0.0
536,2.0
536,0.0
536,2.0
536,7.0
537,2.0
537,2.0
537,0.0
538,2.0
538,0.0
538,7.0
538,2.0
539,2.0
539,0.0
539,2.0
540,7.0
540,0.0
540,2.0
540,2.0
541,7.0
541,0.0
541,2.0
541,2.0
542,7.0
542,0.0
542,2.0
542,2.0
543,2.0
543,0.0
543,7.0
543,2.0
544,2.0
544,7.0
544,0.0
545,2.0
545,0.0
545,7.0
545,2.0
546,2.0
546,2.0
546,0.0
547,2.0
547,2.0
547,0.0
548,2.0
548,0.0
548,2.0
548,7.0
549,2.0
549,0.0
549,7.0
549,2.0
550,2.0
550,0.0
550,7.0
550,2.0
551,2.0
551,0.0
551,2.0
551,7.0
552,2.0
552,0.0
552,7.0
552,2.0
553,2.0
553,0.0
553,7.0
553,2.0
554,2.0
554,0.0
554,7.0
554,2.0
555,2.0
555,0.0
555,7.0
555,2.0
556,2.0
556,0.0
556,7.0
556,2.0
557,2.0
557,0.0
557,2.0
557,7.0
558,2.0
558,0.0
558,2.0
558,7.0
559,2.0
559,0.0
559,2.0
559,7.0
560,2.0
560,0.0
560,2.0
560,7.0
561,2.0
561,0.0
561,2.0
561,7.0
562,2.0
562,2.0
562,0.0
563,2.0
563,0.0
563,2.0
563,7.0
564,2.0
564,2.0
564,0.0
564,7.0
565,2.0
565,2.0
565,0.0
565,7.0
566,2.0
566,7.0
566,0.0
566,2.0
567,2.0
567,7.0
567,0.0
567,2.0
568,2.0
568,2.0
568,0.0
568,7.0
569,2.0
569,7.0
569,0.0
569,2.0
570,2.0
570,0.0
570,7.0
570,2.0
571,2.0
571,0.0
571,7.0
571,2.0
572,2.0
572,0.0
572,7.0
572,2.0
573,2.0
573,0.0
573,7.0
574,2.0
574,7.0
574,0.0
575,2.0
575,0.0
575,7.0
576,2.0
576,0.0
577,2.0
577,0.0
578,2.0
578,0.0
579,2.0
579,0.0
579,7.0
580,2.0
580,0.0
581,0.0
581,7.0
581,2.0
581,2.0
582,7.0
582,0.0
583,7.0
583,0.0
584,7.0
584,0.0
585,7.0
585,0.0
585,2.0
586,7.0
586,2.0
586,0.0
587,7.0
587,0.0
587,2.0
588,7.0
588,2.0
588,0.0
588,2.0
589,7.0
589,2.0
589,0.0
589,2.0
590,7.0
590,0.0
590,2.0
591,7.0
591,0.0
591,2.0
592,7.0
592,0.0
592,2.0
593,7.0
593,2.0
593,0.0
594,7.0
594,0.0
595,7.0
595,0.0
595,2.0
596,2.0
597,2.0
598,2.0
599,2.0
600,2.0
600,0.0
601,2.0
601,0.0
602,2.0
602,0.0
603,2.0
603,0.0
604,2.0
604,0.0
605,2.0
605,0.0
606,2.0
606,0.0
607,2.0
607,0.0
608,0.0
609,0.0
610,0.0
611,2.0
611,0.0
623,0.0
624,0.0
624,0.0
625,0.0
625,0.0
626,0.0
626,0.0
627,0.0
627,0.0
628,0.0
628,0.0
629,0.0
629,0.0
630,0.0
630,0.0
631,0.0
631,0.0
632,0.0
632,0.0
633,0.0
633,0.0
634,0.0
634,0.0
635,0.0
635,0.0
636,0.0
636,0.0
637,0.0
637,0.0
638,0.0
638,0.0
639,0.0
639,0.0
640,0.0
640,0.0
640,9.0
641,0.0
641,0.0
641,9.0
642,0.0
642,0.0
642,9.0
643,0.0
643,0.0
643,9.0
644,0.0
644,0.0
644,9.0
645,0.0
645,0.0
645,9.0
646,0.0
646,0.0
646,9.0
647,0.0
647,0.0
648,0.0
648,0.0
648,9.0
649,0.0
649,0.0
649,9.0
650,0.0
650,0.0
651,0.0
651,0.0
652,0.0
652,0.0
652,9.0
653,0.0
653,0.0
654,0.0
654,0.0
655,0.0
655,0.0
656,0.0
656,0.0
656,9.0
657,0.0
657,0.0
658,0.0
658,0.0
659,0.0
660,0.0
660,9.0
661,0.0
661,9.0
662,0.0
663,0.0
663,9.0
664,0.0
665,0.0
666,0.0
667,0.0
668,0.0
669,0.0
670,0.0
671,0.0
671,9.0
672,9.0
673,9.0
674,9.0
675,9.0
676,9.0
677,0.0
677,9.0
678,0.0
678,9.0
679,0.0
679,9.0
680,0.0
680,9.0
681,0.0
681,9.0
682,0.0
682,9.0
683,0.0
683,9.0
684,9.0
684,0.0
685,0.0
685,9.0
686,0.0
686,9.0
687,9.0
687,0.0
688,9.0
688,0.0
689,9.0
689,0.0
690,0.0
690,9.0
691,0.0
691,9.0
692,0.0
692,9.0
693,0.0
693,9.0
694,0.0
694,9.0
695,0.0
695,9.0
696,0.0
696,9.0
697,0.0
697,9.0
698,0.0
698,9.0
699,0.0
699,9.0
700,0.0
701,0.0
701,9.0
702,0.0
702,9.0
703,0.0
703,9.0
704,0.0
704,9.0
705,0.0
705,9.0
706,0.0
707,0.0
708,0.0
709,0.0
710,0.0
711,0.0
712,0.0
713,0.0
714,0.0
715,0.0
715,9.0
716,0.0
717,0.0
718,0.0
719,0.0
719,9.0
720,0.0
721,0.0
721,0.0
722,0.0
723,0.0
723,0.0
724,0.0
725,0.0
726,0.0
727,0.0
728,0.0
728,9.0
729,0.0
730,0.0
731,0.0
731,9.0
732,9.0
733,0.0
734,9.0
736,0.0
737,0.0
738,0.0
739,0.0
856,0.0
857,0.0
858,0.0
859,0.0
860,0.0
861,0.0
862,0.0
863,0.0
864,0.0
865,0.0
866,0.0
867,0.0
868,0.0
869,0.0
870,0.0
871,0.0
872,0.0
873,0.0
874,0.0
875,0.0
876,0.0
877,0.0
878,0.0
879,0.0
880,0.0
881,0.0
882,0.0
883,0.0
884,0.0
885,0.0
886,0.0
887,0.0
888,0.0
889,0.0
890,0.0
891,0.0
892,0.0
893,0.0
894,0.0
895,0.0
896,0.0
897,0.0
898,0.0
899,0.0
900,0.0
901,0.0
902,0.0
903,0.0
904,0.0
905,0.0
906,0.0
907,0.0
908,0.0
909,0.0
910,0.0
911,0.0
912,0.0
913,0.0
914,0.0
915,0.0
916,0.0
917,0.0
918,0.0
919,0.0
920,0.0
921,0.0
933,0.0
934,0.0
935,0.0
936,0.0
937,0.0
938,0.0
939,2.0
939,0.0
940,2.0
940,0.0
941,2.0
941,0.0
942,2.0
942,0.0
943,2.0
943,0.0
944,2.0
944,0.0
945,2.0
945,0.0
946,2.0
947,2.0
948,2.0
949,2.0
950,2.0
950,2.0
951,2.0
951,2.0
952,2.0
952,2.0
953,2.0
953,2.0
954,2.0
954,2.0
955,2.0
955,2.0
956,2.0
956,2.0
957,2.0
957,2.0
958,2.0
958,2.0
959,2.0
959,2.0
960,2.0
960,2.0
960,2.0
961,2.0
961,2.0
961,2.0
962,2.0
962,2.0
962,2.0
963,2.0
963,2.0
963,2.0
964,2.0
964,2.0
964,2.0
965,2.0
965,2.0
965,2.0
966,2.0
966,2.0
966,2.0
967,2.0
967,2.0
967,2.0
968,2.0
968,2.0
968,2.0
969,2.0
969,2.0
969,2.0
970,2.0
970,2.0
970,2.0
970,7.0
970,2.0
971,2.0
971,2.0
971,2.0
971,2.0
972,2.0
972,2.0
972,7.0
972,2.0
972,2.0
973,2.0
973,2.0
973,7.0
973,2.0
973,2.0
974,2.0
974,2.0
974,7.0
974,2.0
974,2.0
975,2.0
975,2.0
975,2.0
975,7.0
975,2.0
976,2.0
976,2.0
976,2.0
976,2.0
977,2.0
977,2.0
977,2.0
977,2.0
978,2.0
978,2.0
978,2.0
978,7.0
978,2.0
979,2.0
979,2.0
979,2.0
979,7.0
979,2.0
980,2.0
980,2.0
980,2.0
980,7.0
980,2.0
981,2.0
981,2.0
981,7.0
981,2.0
982,2.0
982,2.0
982,2.0
982,7.0
982,2.0
983,2.0
983,2.0
983,7.0
983,2.0
983,2.0
984,2.0
984,2.0
984,7.0
984,2.0
985,2.0
985,2.0
985,7.0
985,2.0
986,2.0
986,2.0
986,7.0
986,2.0
987,2.0
987,2.0
987,2.0
987,2.0
988,2.0
988,2.0
988,2.0
988,2.0
989,2.0
989,2.0
989,2.0
989,2.0
990,2.0
990,2.0
990,2.0
990,2.0
991,2.0
991,2.0
991,2.0
991,2.0
992,2.0
992,2.0
992,2.0
992,2.0
993,2.0
993,2.0
993,2.0
994,2.0
994,2.0
994,2.0
995,2.0
995,2.0
995,2.0
996,2.0
996,2.0
996,2.0
997,2.0
997,2.0
997,2.0
998,2.0
998,2.0
998,2.0
999,2.0
999,2.0
999,2.0
1000,2.0
1000,2.0
1000,2.0
1000,7.0
1001,2.0
1001,2.0
1001,2.0
1002,2.0
1002,7.0
1003,2.0
1003,7.0
1004,2.0
1004,2.0
1005,2.0
1005,7.0
1006,2.0
1006,7.0
1007,2.0
1007,2.0
1008,2.0
1008,2.0
1009,2.0
1009,2.0
1010,2.0
1010,2.0
1011,2.0
1011,2.0
1011,7.0
1012,2.0
1012,2.0
1012,7.0
1013,2.0
1013,7.0
1013,2.0
1014,2.0
1014,2.0
1015,2.0
1015,2.0
1016,2.0
1016,2.0
1017,2.0
1017,2.0
1018,2.0
1018,2.0
1018,0.0
1019,2.0
1019,2.0
1019,0.0
1020,2.0
1020,2.0
1020,0.0
1021,2.0
1021,2.0
1021,0.0
1022,2.0
1022,2.0
1023,2.0
1023,2.0
1024,2.0
1024,2.0
1025,2.0
1025,2.0
1026,2.0
1026,2.0
1026,7.0
1027,2.0
1027,2.0
1027,7.0
1028,2.0
1028,2.0
1029,2.0
1029,2.0
1030,2.0
1030,2.0
1031,2.0
1031,2.0
1032,2.0
1032,2.0
1033,2.0
1033,2.0
1034,2.0
1034,2.0
1035,2.0
1035,2.0
1036,2.0
1037,2.0
1038,2.0
1039,2.0
1040,2.0
1041,2.0
1042,2.0
1043,2.0
1044,2.0
1045,2.0
1046,2.0
1047,2.0
1048,2.0
1049,2.0
1050,2.0
1050,0.0
1051,2.0
1051,0.0
1052,2.0
1052,0.0
1053,2.0
1053,0.0
1054,2.0
1055,2.0
1056,2.0
1057,2.0
1058,2.0
1059,2.0
1060,2.0
1061,2.0
1062,2.0
1063,2.0
1064,2.0
1065,2.0
1066,2.0
1067,2.0
1068,2.0
1069,2.0
1070,2.0
1071,2.0
1072,2.0
1073,2.0
1076,2.0
1077,2.0
1078,2.0
1079,2.0
1102,0.0
1102,0.0
1103,0.0
1103,0.0
1104,0.0
1104,0.0
1105,0.0
1105,0.0
1106,0.0
1106,0.0
1107,0.0
1107,0.0
1108,0.0
1108,0.0
1109,0.0
1109,0.0
1110,0.0
1110,0.0
1111,0.0
1111,0.0
1112,0.0
1112,0.0
1113,0.0
1113,0.0
1114,0.0
1115,0.0
1116,0.0
1117,0.0
1118,0.0
1119,0.0
1120,0.0
1120,0.0
1121,0.0
1121,0.0
1122,0.0
1122,0.0
1123,0.0
1123,0.0
1124,0.0
1124,0.0
1125,0.0
1125,0.0
1133,0.0
1134,0.0
1134,0.0
1135,0.0
1135,0.0
1136,0.0
1136,0.0
1137,0.0
1137,0.0
1138,0.0
1138,0.0
1139,0.0
1139,0.0
1140,0.0
1140,0.0
1141,0.0
1141,0.0
1142,0.0
1142,0.0
1143,0.0
1143,0.0
1144,0.0
1144,0.0
1145,0.0
1145,0.0
1146,0.0
1146,0.0
1147,0.0
1147,0.0
1148,0.0
1148,0.0
1149,0.0
1149,0.0
1150,0.0
1150,0.0
1151,0.0
1151,0.0
1152,0.0
1152,0.0
1153,0.0
1153,0.0
1154,0.0
1155,0.0
1158,0.0
1159,0.0
1160,0.0
1163,0.0
1175,0.0
1176,0.0
1177,0.0
1178,0.0
1179,0.0
1180,0.0
1180,0.0
1181,0.0
1181,0.0
1182,0.0
1182,0.0
1183,0.0
1183,0.0
1184,0.0
1184,0.0
1185,0.0
1185,0.0
1186,0.0
1186,0.0
1187,0.0
1187,0.0
1188,0.0
1188,0.0
1189,0.0
1189,0.0
1190,0.0
1190,0.0
1191,2.0
1191,0.0
1191,0.0
1192,2.0
1192,0.0
1192,0.0
1193,2.0
1193,0.0
1193,0.0
1194,2.0
1194,0.0
1194,0.0
1195,2.0
1195,0.0
1195,0.0
1196,2.0
1196,0.0
1196,0.0
