1,72.0
2,72.0
3,72.0
4,72.0
5,72.0
6,72.0
7,72.0
8,72.0
9,72.0
10,72.0
11,72.0
12,72.0
13,72.0
14,72.0
15,72.0
16,72.0
17,72.0
18,72.0
19,72.0
20,72.0
21,72.0
22,72.0
23,72.0
24,72.0
25,72.0
26,72.0
27,72.0
28,72.0
29,72.0
30,72.0
31,72.0
32,72.0
33,72.0
34,72.0
35,72.0
36,72.0
37,72.0
38,72.0
39,72.0
40,72.0
41,72.0
42,72.0
43,72.0
44,72.0
45,72.0
46,72.0
47,72.0
48,72.0
49,72.0
50,72.0
51,72.0
52,72.0
53,72.0
54,72.0
55,72.0
56,72.0
57,72.0
58,72.0
59,72.0
60,72.0
61,72.0
62,72.0
63,72.0
64,72.0
65,72.0
66,72.0
67,72.0
68,72.0
69,72.0
70,72.0
71,72.0
72,72.0
73,72.0
74,72.0
75,72.0
76,72.0
77,72.0
78,72.0
79,72.0
80,72.0
81,72.0
82,72.0
83,72.0
84,72.0
85,72.0
86,72.0
87,72.0
88,72.0
89,72.0
90,72.0
91,72.0
92,72.0
93,72.0
94,72.0
95,72.0
96,72.0
97,72.0
98,72.0
99,72.0
100,72.0
101,72.0
102,72.0
103,72.0
104,72.0
105,72.0
106,72.0
107,72.0
108,72.0
109,72.0
110,72.0
111,72.0
112,72.0
113,72.0
114,72.0
115,72.0
116,72.0
117,72.0
118,72.0
119,72.0
120,72.0
121,72.0
122,72.0
123,72.0
124,72.0
125,72.0
126,72.0
127,72.0
128,72.0
129,72.0
130,72.0
131,72.0
132,72.0
133,72.0
134,72.0
135,72.0
136,72.0
137,72.0
138,72.0
139,72.0
140,72.0
141,72.0
142,72.0
143,72.0
144,72.0
145,72.0
146,72.0
147,72.0
148,72.0
149,72.0
150,72.0
151,72.0
152,72.0
153,72.0
154,72.0
155,72.0
156,72.0
157,72.0
158,72.0
159,72.0
160,72.0
161,72.0
162,72.0
163,72.0
164,72.0
165,72.0
166,72.0
167,72.0
168,72.0
169,72.0
170,72.0
171,72.0
172,72.0
173,72.0
174,72.0
175,72.0
176,72.0
177,72.0
178,72.0
179,72.0
180,72.0
181,72.0
182,72.0
183,72.0
184,72.0
185,72.0
186,72.0
187,72.0
188,72.0
189,72.0
190,72.0
191,72.0
192,72.0
193,72.0
194,72.0
195,72.0
196,72.0
197,72.0
198,72.0
199,72.0
200,72.0
201,72.0
202,72.0
203,72.0
204,72.0
205,72.0
206,72.0
207,72.0
208,72.0
209,72.0
210,72.0
211,72.0
212,72.0
213,72.0
214,72.0
215,72.0
216,72.0
217,72.0
218,72.0
219,72.0
220,72.0
221,72.0
222,72.0
223,72.0
224,72.0
225,72.0
226,72.0
227,72.0
228,72.0
229,72.0
230,72.0
231,72.0
232,72.0
233,0.0
233,72.0
234,0.0
234,72.0
235,72.0
236,72.0
237,72.0
238,72.0
238,0.0
239,72.0
240,0.0
240,72.0
241,0.0
241,72.0
242,0.0
242,72.0
243,0.0
243,72.0
244,0.0
244,72.0
245,0.0
245,72.0
246,0.0
246,72.0
247,0.0
247,72.0
248,0.0
248,72.0
249,0.0
249,72.0
250,0.0
250,39.0
251,0.0
252,0.0
253,0.0
256,0.0
257,0.0
258,0.0
258,39.0
259,0.0
259,39.0
260,0.0
261,0.0
263,0.0
265,0.0
265,39.0
266,0.0
267,0.0
268,0.0
269,0.0
270,0.0
271,0.0
272,0.0
273,0.0
274,0.0
275,0.0
276,0.0
277,0.0
278,0.0
279,0.0
280,0.0
281,0.0
282,0.0
283,0.0
287,0.0
291,0.0
311,0.0
326,0.0
327,0.0
328,0.0
329,0.0
330,0.0
331,0.0
332,0.0
333,0.0
334,0.0
334,72.0
335,0.0
336,0.0
337,0.0
338,0.0
339,0.0
340,0.0
341,0.0
342,0.0
343,0.0
344,0.0
345,0.0
346,0.0
347,0.0
348,0.0
349,0.0
350,0.0
351,0.0
352,0.0
353,0.0
354,0.0
355,0.0
356,0.0
357,0.0
359,0.0
360,0.0
362,0.0
363,0.0
364,0.0
365,0.0
366,0.0
367,0.0
368,0.0
369,0.0
370,0.0
371,0.0
372,0.0
373,0.0
374,0.0
375,0.0
376,0.0
377,0.0
378,0.0
379,0.0
380,0.0
381,0.0
382,0.0
382,72.0
383,0.0
384,0.0
385,0.0
386,0.0
387,0.0
388,0.0
388,72.0
389,0.0
389,72.0
390,0.0
390,72.0
391,0.0
391,72.0
392,0.0
392,72.0
393,0.0
393,72.0
394,72.0
395,72.0
396,72.0
397,72.0
398,72.0
399,72.0
400,72.0
401,72.0
402,72.0
403,72.0
404,72.0
405,72.0
406,72.0
407,72.0
408,72.0
409,72.0
409,0.0
410,72.0
410,0.0
411,72.0
411,0.0
412,72.0
413,72.0
413,0.0
414,72.0
414,0.0
415,72.0
415,0.0
416,72.0
416,0.0
417,72.0
417,0.0
418,72.0
418,0.0
419,72.0
419,0.0
420,72.0
421,72.0
421,0.0
422,72.0
422,0.0
423,72.0
423,0.0
424,0.0
424,72.0
425,0.0
425,72.0
426,0.0
426,72.0
427,0.0
427,72.0
428,0.0
428,72.0
429,0.0
429,72.0
430,0.0
430,72.0
431,0.0
431,72.0
432,0.0
432,72.0
433,0.0
433,72.0
434,0.0
434,72.0
435,0.0
435,72.0
436,0.0
437,0.0
437,72.0
438,0.0
438,72.0
439,0.0
439,72.0
440,0.0
440,72.0
441,0.0
441,72.0
442,0.0
442,72.0
443,72.0
444,72.0
444,0.0
445,72.0
445,0.0
446,72.0
446,0.0
447,72.0
447,0.0
448,72.0
448,0.0
449,0.0
449,72.0
450,72.0
450,0.0
451,0.0
451,72.0
452,72.0
452,0.0
453,72.0
453,0.0
454,72.0
454,0.0
455,72.0
456,72.0
456,0.0
457,72.0
457,0.0
458,72.0
459,72.0
459,0.0
460,72.0
461,72.0
462,72.0
463,72.0
464,72.0
465,72.0
466,72.0
467,72.0
468,72.0
468,0.0
469,0.0
469,72.0
470,0.0
470,72.0
471,0.0
471,72.0
472,0.0
472,72.0
473,0.0
473,72.0
474,0.0
474,72.0
475,0.0
475,72.0
476,0.0
476,72.0
477,0.0
477,72.0
478,0.0
478,72.0
479,0.0
479,72.0
480,0.0
480,72.0
481,0.0
481,72.0
482,0.0
482,72.0
483,0.0
483,72.0
484,0.0
484,72.0
485,0.0
485,72.0
486,0.0
487,0.0
488,0.0
489,0.0
490,0.0
491,0.0
491,26.0
492,0.0
492,26.0
493,0.0
493,26.0
493,72.0
494,0.0
494,26.0
495,0.0
495,26.0
496,0.0
496,26.0
497,0.0
497,26.0
497,72.0
498,0.0
498,26.0
498,72.0
499,0.0
499,26.0
499,72.0
500,0.0
500,72.0
501,0.0
501,72.0
502,0.0
502,72.0
503,0.0
503,26.0
503,72.0
504,0.0
504,26.0
505,0.0
505,26.0
506,0.0
506,26.0
507,0.0
507,26.0
508,0.0
508,26.0
509,0.0
509,26.0
509,24.0
510,0.0
510,24.0
511,0.0
511,26.0
512,0.0
512,26.0
513,0.0
513,26.0
513,24.0
514,0.0
514,24.0
514,26.0
515,0.0
516,0.0
516,26.0
517,0.0
518,0.0
518,26.0
519,0.0
519,26.0
520,0.0
520,26.0
521,0.0
521,26.0
522,0.0
523,0.0
524,0.0
525,0.0
526,0.0
526,26.0
527,0.0
527,24.0
527,26.0
528,0.0
528,26.0
528,26.0
529,0.0
529,26.0
529,26.0
530,0.0
530,26.0
530,26.0
531,0.0
531,26.0
531,26.0
532,0.0
532,26.0
532,26.0
533,0.0
533,26.0
533,26.0
534,0.0
534,26.0
534,24.0
535,0.0
535,26.0
535,24.0
536,0.0
536,24.0
537,0.0
537,24.0
538,0.0
538,26.0
538,24.0
539,0.0
539,26.0
540,0.0
540,26.0
540,24.0
541,0.0
541,24.0
541,26.0
542,0.0
542,24.0
542,26.0
543,0.0
543,24.0
543,26.0
544,0.0
544,24.0
544,26.0
545,0.0
545,24.0
546,0.0
546,26.0
546,24.0
547,0.0
547,26.0
548,0.0
549,0.0
550,0.0
551,0.0
551,24.0
551,26.0
552,0.0
552,26.0
552,24.0
553,0.0
553,26.0
553,24.0
554,0.0
554,26.0
554,24.0
555,0.0
555,26.0
555,24.0
556,0.0
556,24.0
556,26.0
557,0.0
557,24.0
558,0.0
558,24.0
559,0.0
559,24.0
560,0.0
560,24.0
561,0.0
561,24.0
562,0.0
562,24.0
563,0.0
563,24.0
564,0.0
564,24.0
565,0.0
565,24.0
566,0.0
566,24.0
567,0.0
567,24.0
568,0.0
568,24.0
569,0.0
569,24.0
570,0.0
570,24.0
571,0.0
571,24.0
572,0.0
572,24.0
573,0.0
573,24.0
574,0.0
574,24.0
575,0.0
575,24.0
576,0.0
576,24.0
577,0.0
577,24.0
578,0.0
578,24.0
579,0.0
579,24.0
580,0.0
580,24.0
581,0.0
581,24.0
582,0.0
582,24.0
583,0.0
583,24.0
584,0.0
584,24.0
585,0.0
585,24.0
586,0.0
586,24.0
587,0.0
587,24.0
588,0.0
588,24.0
589,0.0
589,24.0
590,0.0
590,24.0
591,0.0
591,24.0
592,0.0
592,24.0
593,0.0
593,24.0
594,0.0
594,24.0
595,0.0
595,24.0
596,0.0
596,24.0
597,0.0
597,24.0
598,0.0
598,24.0
599,0.0
599,24.0
600,0.0
600,24.0
601,0.0
601,24.0
602,0.0
602,24.0
603,0.0
603,24.0
604,0.0
604,24.0
605,0.0
605,24.0
606,0.0
606,24.0
607,0.0
608,0.0
609,0.0
610,0.0
611,0.0
612,0.0
613,0.0
614,0.0
614,24.0
615,0.0
615,24.0
616,0.0
617,0.0
617,24.0
618,0.0
619,0.0
620,0.0
621,0.0
622,0.0
622,39.0
623,0.0
623,39.0
624,0.0
625,0.0
626,0.0
626,39.0
627,0.0
627,39.0
628,0.0
628,39.0
629,0.0
629,39.0
630,0.0
630,24.0
631,0.0
632,0.0
633,0.0
634,0.0
635,0.0
636,0.0
637,0.0
638,0.0
639,0.0
640,0.0
641,0.0
642,0.0
643,0.0
644,0.0
645,0.0
646,0.0
647,0.0
648,0.0
648,72.0
649,0.0
650,0.0
651,0.0
652,0.0
653,0.0
654,0.0
655,0.0
656,0.0
657,0.0
658,0.0
659,0.0
660,0.0
661,0.0
662,0.0
663,0.0
664,0.0
665,0.0
666,0.0
667,0.0
668,0.0
669,0.0
670,0.0
670,26.0
671,0.0
671,26.0
672,0.0
673,0.0
674,0.0
675,0.0
676,0.0
676,26.0
677,0.0
678,0.0
679,0.0
680,0.0
681,0.0
682,0.0
683,0.0
684,0.0
685,0.0
686,0.0
687,0.0
688,0.0
689,0.0
690,0.0
691,0.0
692,0.0
693,0.0
694,0.0
695,0.0
696,0.0
697,0.0
698,0.0
699,0.0
700,0.0
701,0.0
702,0.0
703,0.0
704,0.0
705,0.0
706,0.0
707,0.0
708,0.0
709,0.0
710,0.0
711,0.0
712,0.0
713,0.0
714,0.0
715,0.0
716,0.0
717,0.0
718,0.0
719,0.0
720,0.0
721,0.0
722,0.0
723,0.0
724,0.0
725,0.0
726,0.0
727,0.0
728,0.0
729,0.0
730,0.0
731,0.0
732,0.0
733,0.0
734,0.0
735,0.0
736,0.0
737,0.0
738,0.0
739,0.0
740,0.0
741,0.0
742,0.0
743,0.0
744,0.0
745,0.0
746,0.0
747,0.0
748,0.0
749,0.0
750,0.0
751,0.0
752,0.0
753,0.0
754,0.0
755,0.0
756,0.0
757,0.0
758,0.0
759,0.0
760,0.0
761,0.0
762,0.0
763,0.0
764,0.0
765,0.0
766,0.0
767,0.0
768,0.0
768,72.0
769,0.0
769,72.0
770,0.0
770,72.0
771,0.0
771,72.0
772,0.0
772,72.0
773,0.0
773,72.0
774,0.0
774,72.0
775,0.0
775,72.0
776,0.0
776,72.0
777,0.0
778,0.0
778,72.0
779,0.0
779,72.0
780,0.0
781,0.0
781,72.0
782,0.0
782,72.0
783,0.0
783,72.0
784,0.0
784,72.0
785,0.0
785,72.0
786,0.0
786,72.0
787,0.0
787,72.0
788,0.0
788,72.0
789,0.0
789,72.0
790,0.0
790,72.0
791,0.0
791,72.0
792,0.0
792,72.0
793,0.0
793,72.0
794,0.0
794,72.0
795,0.0
795,72.0
796,0.0
796,72.0
797,0.0
797,72.0
798,0.0
798,72.0
799,0.0
799,72.0
800,0.0
800,72.0
801,0.0
801,72.0
802,0.0
803,0.0
803,0.0
804,0.0
804,0.0
805,0.0
805,0.0
806,0.0
806,0.0
807,0.0
807,0.0
808,0.0
808,0.0
809,0.0
809,0.0
810,0.0
810,0.0
811,0.0
811,0.0
812,0.0
812,0.0
812,72.0
813,0.0
813,0.0
814,0.0
814,0.0
815,0.0
815,0.0
816,0.0
816,0.0
817,0.0
817,0.0
818,0.0
818,0.0
819,0.0
819,0.0
819,72.0
820,0.0
820,0.0
820,72.0
821,0.0
821,0.0
822,0.0
822,0.0
823,0.0
823,0.0
824,0.0
824,0.0
825,0.0
825,0.0
826,0.0
826,0.0
827,0.0
827,0.0
828,0.0
828,0.0
829,0.0
829,0.0
830,0.0
830,0.0
831,0.0
831,0.0
832,0.0
832,0.0
833,0.0
833,0.0
834,0.0
835,0.0
836,0.0
837,0.0
838,0.0
839,0.0
840,0.0
841,0.0
842,0.0
843,0.0
844,0.0
845,0.0
846,0.0
847,0.0
848,0.0
849,0.0
850,0.0
851,0.0
852,0.0
853,0.0
854,0.0
855,0.0
856,0.0
857,0.0
858,0.0
859,0.0
860,0.0
861,0.0
862,0.0
863,0.0
864,0.0
865,0.0
866,0.0
867,0.0
868,0.0
869,0.0
870,0.0
871,0.0
872,0.0
873,0.0
874,0.0
875,0.0
876,0.0
877,0.0
878,0.0
879,0.0
880,0.0
881,0.0
882,0.0
883,0.0
884,0.0
885,0.0
886,0.0
887,0.0
888,0.0
889,0.0
890,0.0
891,0.0
892,0.0
893,0.0
894,0.0
895,0.0
896,0.0
897,0.0
898,0.0
899,0.0
900,0.0
901,0.0
902,0.0
903,0.0
904,0.0
905,0.0
906,0.0
907,0.0
908,0.0
909,0.0
910,0.0
911,0.0
912,0.0
913,0.0
914,0.0
915,0.0
916,0.0
917,0.0
918,0.0
919,0.0
920,0.0
921,0.0
922,0.0
923,0.0
924,0.0
925,0.0
926,0.0
927,0.0
928,0.0
929,0.0
930,0.0
931,0.0
932,0.0
933,0.0
934,0.0
935,0.0
936,0.0
937,0.0
938,0.0
939,0.0
940,0.0
941,0.0
942,0.0
943,0.0
944,0.0
945,0.0
946,0.0
947,0.0
948,0.0
949,0.0
950,0.0
951,0.0
952,0.0
953,0.0
954,0.0
955,0.0
956,0.0
957,0.0
958,0.0
959,0.0
960,0.0
961,0.0
962,0.0
963,0.0
964,0.0
965,0.0
966,0.0
967,0.0
968,0.0
969,0.0
970,0.0
971,0.0
972,0.0
973,0.0
974,0.0
975,0.0
976,0.0
977,0.0
978,0.0
979,0.0
980,0.0
981,0.0
982,0.0
983,0.0
984,0.0
985,0.0
986,0.0
987,0.0
988,0.0
989,0.0
990,0.0
991,0.0
991,72.0
992,0.0
992,72.0
993,0.0
993,72.0
994,0.0
994,72.0
995,0.0
995,72.0
996,0.0
996,72.0
997,0.0
998,0.0
999,0.0
1000,0.0
1000,72.0
1001,0.0
1001,72.0
1002,0.0
1003,0.0
1004,0.0
1005,0.0
1006,0.0
1007,0.0
1008,0.0
1009,0.0
1010,0.0
1011,0.0
1012,0.0
1013,0.0
1014,0.0
1015,0.0
1015,72.0
1016,0.0
1017,0.0
1018,0.0
1019,0.0
1019,72.0
1020,0.0
1020,72.0
1021,0.0
1021,72.0
1022,0.0
1022,72.0
1023,0.0
1023,72.0
1024,0.0
1024,72.0
1025,0.0
1026,0.0
1027,0.0
1028,0.0
1029,0.0
1030,0.0
1031,0.0
1032,0.0
1033,0.0
1034,0.0
1035,0.0
1036,0.0
1037,0.0
1038,0.0
1039,0.0
1040,0.0
1041,0.0
1042,0.0
1043,0.0
1044,0.0
1045,0.0
1046,0.0
1046,26.0
1047,0.0
1047,26.0
1048,0.0
1048,26.0
1049,0.0
1050,0.0
1051,0.0
1052,0.0
1053,0.0
1054,0.0
1055,0.0
1055,72.0
1056,0.0
1057,0.0
1058,0.0
1059,0.0
1060,0.0
1061,0.0
1062,0.0
1063,0.0
1063,72.0
1064,0.0
1064,72.0
1065,0.0
1065,72.0
1066,0.0
1066,72.0
1067,0.0
1067,72.0
1068,0.0
1068,72.0
1069,0.0
1069,39.0
1069,72.0
1070,0.0
1070,72.0
1070,39.0
1071,0.0
1071,72.0
1071,39.0
1072,0.0
1072,72.0
1072,39.0
1073,0.0
1073,72.0
1074,0.0
1074,72.0
1075,0.0
1075,72.0
1076,0.0
1076,72.0
1077,0.0
1077,72.0
1078,0.0
1078,72.0
1079,0.0
1079,72.0
1080,0.0
1080,72.0
1081,0.0
1081,72.0
1082,0.0
1082,72.0
1083,0.0
1083,72.0
1084,0.0
1084,72.0
1085,0.0
1085,72.0
1086,0.0
1086,72.0
1087,0.0
1087,72.0
1088,0.0
1088,72.0
1089,0.0
1089,72.0
1090,0.0
1090,72.0
1091,0.0
1091,72.0
1091,27.0
1092,0.0
1092,72.0
1093,0.0
1093,72.0
1094,0.0
1094,72.0
1095,0.0
1095,72.0
1096,0.0
1096,72.0
1097,0.0
1097,72.0
1098,0.0
1098,72.0
1099,0.0
1099,72.0
1100,0.0
1100,72.0
1101,0.0
1101,72.0
1102,0.0
1102,72.0
1103,0.0
1103,72.0
1104,0.0
1104,72.0
1105,0.0
1105,72.0
1106,0.0
1106,72.0
1107,0.0
1107,72.0
1108,0.0
1108,72.0
1109,0.0
1109,72.0
1110,0.0
1110,72.0
1111,0.0
1111,72.0
1112,0.0
1112,72.0
1113,0.0
1113,72.0
1114,0.0
1114,72.0
1115,0.0
1115,72.0
1116,0.0
1116,72.0
1117,0.0
1118,0.0
1118,72.0
1119,0.0
1120,0.0
1121,0.0
1122,0.0
1123,0.0
1124,0.0
1125,0.0
1126,0.0
1127,0.0
1128,0.0
1129,0.0
1130,0.0
1131,0.0
1132,0.0
1133,0.0
1134,0.0
1135,0.0
1136,0.0
1137,0.0
1138,0.0
1139,0.0
1140,0.0
1141,0.0
1142,0.0
1143,0.0
1144,0.0
1145,0.0
1146,0.0
1147,0.0
1148,0.0
1149,0.0
1150,0.0
1151,0.0
1152,0.0
1153,0.0
1154,0.0
1155,0.0
1156,0.0
1157,0.0
1158,0.0
1159,0.0
1160,0.0
1161,0.0
1162,0.0
1163,0.0
1164,0.0
1165,0.0
1166,0.0
1167,0.0
1168,0.0
1169,0.0
1170,0.0
1171,0.0
1172,0.0
1173,0.0
1174,0.0
1175,0.0
1176,0.0
1177,0.0
1178,0.0
1179,0.0
1180,0.0
1181,0.0
1182,0.0
1183,0.0
1184,0.0
1185,0.0
1186,0.0
1187,0.0
1188,0.0
1189,0.0
1190,0.0
1191,0.0
1192,0.0
1193,0.0
1194,0.0
1195,0.0
1196,0.0
1197,0.0
1198,0.0
1199,0.0
1200,0.0
1201,0.0
1202,0.0
1203,0.0
1204,0.0
1205,0.0
1206,0.0
1207,0.0
1208,0.0
1209,0.0
1210,0.0
1211,0.0
1212,0.0
1213,0.0
1214,0.0
1215,0.0
1216,0.0
1217,0.0
1218,0.0
1219,0.0
1220,0.0
1221,0.0
1222,0.0
1223,0.0
1224,0.0
1225,0.0
1226,0.0
1227,0.0
1228,0.0
1229,0.0
1230,0.0
1231,0.0
1232,0.0
1233,0.0
1234,0.0
1235,0.0
1236,0.0
1237,0.0
1238,0.0
1239,0.0
1240,0.0
1241,0.0
1242,0.0
1243,0.0
1244,0.0
1245,0.0
1246,0.0
1247,0.0
1248,0.0
1249,0.0
1250,0.0
1251,0.0
1252,0.0
1253,0.0
1254,0.0
1255,0.0
1256,0.0
1257,0.0
1258,0.0
1259,0.0
1260,0.0
1261,0.0
1261,26.0
1262,0.0
1262,26.0
1263,0.0
1263,26.0
1264,0.0
1265,0.0
1266,0.0
1267,0.0
1268,0.0
1269,0.0
1270,0.0
1271,0.0
1272,0.0
1273,0.0
1274,0.0
1275,0.0
1276,0.0
1277,0.0
1278,0.0
1279,0.0
1280,0.0
1281,0.0
1282,0.0
1283,0.0
1284,0.0
1284,72.0
1285,0.0
1286,0.0
1286,27.0
1287,0.0
1287,27.0
1288,0.0
1288,72.0
1289,0.0
1289,72.0
1290,0.0
1290,72.0
1291,0.0
1291,72.0
1292,0.0
1293,0.0
1294,0.0
1295,0.0
1296,0.0
1297,0.0
1298,0.0
1299,0.0
1300,0.0
1301,0.0
1302,0.0
1303,0.0
1304,0.0
1305,0.0
1306,0.0
1307,0.0
1308,0.0
1309,0.0
1310,0.0
1311,0.0
1312,0.0
1313,0.0
1314,0.0
1315,0.0
1316,0.0
1317,0.0
1318,0.0
1319,0.0
1320,0.0
1321,0.0
1322,0.0
1323,0.0
1324,0.0
1325,0.0
1326,0.0
1327,0.0
1328,0.0
1329,0.0
1330,0.0
1331,0.0
1332,0.0
1333,0.0
1334,0.0
1335,0.0
1336,0.0
1337,0.0
1338,0.0
1339,0.0
1340,0.0
1341,0.0
1342,0.0
1343,0.0
1344,0.0
1345,0.0
1346,0.0
1347,0.0
1348,0.0
1349,0.0
1350,0.0
1351,0.0
1352,0.0
1353,0.0
1354,0.0
1355,0.0
1355,26.0
1356,0.0
1356,26.0
1357,0.0
1357,26.0
1358,0.0
1358,26.0
1359,0.0
1359,26.0
1360,0.0
1360,26.0
1361,0.0
1361,26.0
1362,0.0
1362,26.0
1363,0.0
1363,26.0
1364,0.0
1364,26.0
1365,0.0
1365,26.0
1366,0.0
1366,26.0
1367,0.0
1368,0.0
1369,0.0
1370,0.0
1371,0.0
1371,72.0
1372,0.0
1373,0.0
1373,72.0
1374,0.0
1374,72.0
1375,0.0
1375,72.0
1376,0.0
1376,72.0
1377,0.0
1377,72.0
1378,0.0
1378,72.0
1379,0.0
1379,72.0
1380,0.0
1380,72.0
1381,0.0
1381,72.0
1382,0.0
1382,72.0
1382,24.0
1383,0.0
1383,72.0
1383,24.0
1384,0.0
1384,72.0
1384,24.0
1385,0.0
1385,72.0
1386,0.0
1386,72.0
1387,0.0
1387,72.0
1388,0.0
1388,72.0
1389,0.0
1389,72.0
1390,0.0
1390,72.0
1391,0.0
1391,72.0
1392,0.0
1392,72.0
1393,0.0
1393,72.0
1394,0.0
1394,72.0
1395,0.0
1395,72.0
1396,0.0
1396,72.0
1397,0.0
1398,0.0
1398,72.0
1399,0.0
1399,72.0
1400,0.0
1400,72.0
1401,0.0
1401,72.0
1402,0.0
1402,72.0
1403,0.0
1403,72.0
1404,0.0
1404,72.0
1405,0.0
1405,72.0
1406,0.0
1406,72.0
1407,0.0
1407,72.0
1408,0.0
1408,72.0
1409,0.0
1409,72.0
1410,0.0
1410,72.0
1411,0.0
1411,72.0
1412,0.0
1412,72.0
1413,0.0
1413,72.0
1414,0.0
1414,72.0
1415,0.0
1415,72.0
1416,0.0
1417,0.0
1417,72.0
1418,0.0
1418,72.0
1419,0.0
1419,72.0
1420,0.0
1420,72.0
1421,0.0
1421,72.0
1422,0.0
1422,72.0
1423,0.0
1423,72.0
1424,0.0
1424,72.0
1425,0.0
1425,72.0
1426,0.0
1426,72.0
1427,0.0
1427,72.0
1428,0.0
1428,72.0
1429,0.0
1429,72.0
1430,0.0
1430,72.0
1431,0.0
1431,72.0
1432,0.0
1432,72.0
1433,0.0
1433,72.0
1434,0.0
1434,72.0
1435,0.0
1435,72.0
1436,0.0
1436,72.0
1437,0.0
1437,72.0
1438,0.0
1438,72.0
1439,0.0
1439,72.0
1440,0.0
1440,72.0
1441,0.0
1441,72.0
1442,0.0
1442,72.0
1443,0.0
1443,72.0
1444,0.0
1444,72.0
1445,0.0
1445,72.0
1446,0.0
1446,72.0
1447,0.0
1447,72.0
1448,0.0
1448,72.0
1449,0.0
1449,72.0
1450,0.0
1450,72.0
1451,0.0
1451,72.0
1452,0.0
1452,72.0
1453,0.0
1453,72.0
1454,0.0
1454,72.0
1455,0.0
1455,72.0
1456,0.0
1456,72.0
1457,0.0
1457,72.0
1458,0.0
1458,72.0
1459,0.0
1459,72.0
1460,0.0
1460,72.0
1461,0.0
1461,72.0
1462,0.0
1462,72.0
1463,0.0
1463,72.0
1464,0.0
1464,72.0
1465,0.0
1465,72.0
1466,0.0
1466,72.0
1467,0.0
1467,72.0
1468,0.0
1468,72.0
1469,0.0
1469,72.0
1470,0.0
1470,72.0
1471,0.0
1471,72.0
1472,0.0
1472,72.0
1473,0.0
1473,72.0
1474,0.0
1475,0.0
1476,0.0
1476,72.0
1477,0.0
1478,0.0
1479,0.0
1480,0.0
1481,0.0
1481,72.0
1482,0.0
1483,0.0
1484,0.0
1485,0.0
1486,0.0
1486,72.0
1487,0.0
1487,72.0
1488,0.0
1488,72.0
1489,0.0
1489,24.0
1489,72.0
1490,0.0
1490,24.0
1491,0.0
1491,24.0
1492,0.0
1492,72.0
1492,24.0
1493,0.0
1493,72.0
1494,0.0
1495,0.0
1496,0.0
1497,0.0
1498,0.0
1499,0.0
1500,0.0
1501,0.0
1502,0.0
1502,72.0
1503,0.0
1503,72.0
1504,0.0
1505,0.0
1505,72.0
1506,0.0
1507,0.0
1508,0.0
1509,0.0
1510,0.0
1511,0.0
1512,0.0
1512,72.0
1513,0.0
1513,72.0
1514,0.0
1514,72.0
1515,0.0
1515,72.0
1516,0.0
1516,72.0
1517,0.0
1517,72.0
1518,0.0
1518,72.0
1519,0.0
1519,72.0
1520,0.0
1520,72.0
1521,0.0
1521,72.0
1522,0.0
1522,72.0
1523,0.0
1523,72.0
1524,0.0
1524,72.0
1525,0.0
1525,72.0
1526,0.0
1526,72.0
1527,0.0
1527,72.0
1528,0.0
1528,72.0
1529,0.0
1529,72.0
1530,0.0
1530,72.0
1531,0.0
1531,72.0
1532,0.0
1532,72.0
1533,0.0
1533,72.0
1534,0.0
1534,72.0
1535,0.0
1536,0.0
1537,0.0
1538,0.0
1539,0.0
1540,0.0
1541,0.0
1542,0.0
1543,0.0
1544,0.0
1545,0.0
1546,0.0
1547,0.0
1548,0.0
1549,0.0
1550,0.0
1551,0.0
1552,0.0
1553,0.0
1554,0.0
1555,0.0
1556,0.0
1557,0.0
1558,0.0
1559,0.0
1560,0.0
1561,0.0
1562,0.0
1563,0.0
1564,0.0
1565,0.0
1566,0.0
1567,0.0
1568,0.0
1569,0.0
1570,0.0
1571,0.0
1572,0.0
1573,0.0
1574,0.0
1575,0.0
1576,0.0
1577,0.0
1578,0.0
1579,0.0
1579,26.0
1580,0.0
1581,0.0
1582,0.0
1583,0.0
1584,0.0
1585,0.0
1586,0.0
1587,0.0
1588,0.0
1589,0.0
1590,0.0
1591,0.0
1592,0.0
1593,0.0
1594,0.0
1595,0.0
1596,0.0
1597,0.0
1598,0.0
1599,0.0
1600,0.0
1601,0.0
1602,0.0
1603,0.0
1604,0.0
1605,0.0
1606,0.0
1607,0.0
1608,0.0
1609,0.0
1610,0.0
1611,0.0
1612,0.0
1613,0.0
1614,0.0
1615,0.0
1616,0.0
1617,0.0
1618,0.0
1619,0.0
1620,0.0
1621,0.0
1622,0.0
1623,0.0
1624,0.0
1625,0.0
1626,0.0
1627,0.0
1628,0.0
1629,0.0
1630,0.0
1631,0.0
1632,0.0
1633,0.0
1634,0.0
1634,72.0
1635,0.0
1635,72.0
1636,0.0
1636,72.0
1637,0.0
1637,72.0
1638,0.0
1638,72.0
1639,0.0
1639,72.0
1640,0.0
1640,72.0
1641,0.0
1641,72.0
1642,0.0
1642,72.0
1643,0.0
1643,72.0
1644,0.0
1644,72.0
1645,0.0
1645,72.0
1646,0.0
1646,72.0
1647,0.0
1647,72.0
1648,0.0
1648,72.0
1649,0.0
1649,72.0
1650,0.0
1650,72.0
1651,0.0
1651,72.0
1652,0.0
1652,72.0
1653,0.0
1653,72.0
1654,0.0
1654,72.0
1655,0.0
1655,72.0
1656,0.0
1656,72.0
1657,0.0
1657,72.0
1658,0.0
1658,72.0
1659,0.0
1659,72.0
1660,0.0
1660,72.0
1661,0.0
1661,72.0
1662,0.0
1662,72.0
1663,0.0
1663,72.0
1664,0.0
1664,72.0
1665,0.0
1665,72.0
1666,0.0
1666,72.0
1667,0.0
1667,72.0
1668,0.0
1668,72.0
1669,0.0
1669,72.0
1670,0.0
1670,72.0
1671,0.0
1671,72.0
1672,0.0
1672,72.0
1673,0.0
1673,72.0
1674,0.0
1674,72.0
1675,0.0
1675,72.0
1676,0.0
1676,72.0
1677,0.0
1677,72.0
1678,0.0
1678,72.0
1679,0.0
1679,72.0
1680,0.0
1681,0.0
1681,72.0
1682,0.0
1682,72.0
1683,0.0
1683,72.0
1684,0.0
1684,72.0
1685,0.0
1685,72.0
1686,0.0
1686,72.0
1687,0.0
1687,72.0
1688,0.0
1688,72.0
1689,0.0
1689,72.0
1690,0.0
1690,72.0
1691,0.0
1691,72.0
1692,0.0
1693,0.0
1693,72.0
1694,0.0
1694,72.0
1695,0.0
1696,0.0
1697,0.0
1698,0.0
1699,0.0
1700,0.0
1701,0.0
1702,0.0
1703,0.0
1704,0.0
1705,0.0
1706,0.0
1707,0.0
1708,0.0
1709,0.0
1710,0.0
1710,72.0
1711,0.0
1711,72.0
1712,0.0
1713,0.0
1714,0.0
1715,0.0
1716,0.0
1716,72.0
1717,0.0
1718,0.0
1718,72.0
1719,0.0
1719,72.0
1720,0.0
1720,72.0
1721,0.0
1721,72.0
1722,0.0
1723,0.0
1724,0.0
1725,0.0
1726,0.0
1727,0.0
1728,0.0
1729,0.0
1730,0.0
1731,0.0
1732,0.0
1733,0.0
1734,0.0
1735,0.0
1736,0.0
1737,0.0
1738,0.0
1739,0.0
1740,0.0
1741,0.0
1742,0.0
1743,0.0
1744,0.0
1745,0.0
1746,0.0
1747,0.0
1748,0.0
1749,0.0
1750,0.0
1751,0.0
1752,0.0
1753,0.0
1754,0.0
1755,0.0
1756,0.0
1757,0.0
1758,0.0
1759,0.0
1760,0.0
1761,0.0
1762,0.0
1763,0.0
1764,0.0
1765,0.0
1766,0.0
1767,0.0
1768,0.0
1769,0.0
1770,0.0
1771,0.0
1772,0.0
1773,0.0
1774,0.0
1775,0.0
1776,0.0
1777,0.0
1778,0.0
1779,0.0
1780,0.0
1781,0.0
1782,0.0
1783,0.0
1784,0.0
1785,0.0
1786,0.0
1787,0.0
1788,0.0
1789,0.0
1790,0.0
1791,0.0
1792,0.0
1793,0.0
1794,0.0
1795,0.0
1796,0.0
1797,0.0
1798,0.0
1799,0.0
1800,0.0
1801,0.0
1802,0.0
1803,0.0
1804,0.0
1805,0.0
1806,0.0
1807,0.0
1808,0.0
1809,0.0
1810,0.0
1811,0.0
1812,0.0
1813,0.0
1814,0.0
1815,0.0
1816,0.0
1817,0.0
1818,0.0
1819,0.0
1820,0.0
1821,0.0
1822,0.0
1823,0.0
1824,0.0
1825,0.0
1826,0.0
1827,0.0
1828,0.0
1829,0.0
1830,0.0
1831,0.0
1832,0.0
1833,0.0
1834,0.0
1835,0.0
1836,0.0
1837,0.0
1838,0.0
1839,0.0
1840,0.0
1841,0.0
1842,0.0
1843,0.0
1844,0.0
1845,0.0
1846,0.0
1847,0.0
1848,0.0
1849,0.0
1850,0.0
1851,0.0
1852,0.0
1853,0.0
1854,0.0
1855,0.0
1856,0.0
1857,0.0
1858,0.0
1859,0.0
1860,0.0
1861,0.0
1862,0.0
1863,0.0
1864,0.0
1865,0.0
1866,0.0
1867,0.0
1868,0.0
1869,0.0
1870,0.0
1871,0.0
1872,0.0
1873,0.0
1874,0.0
1875,0.0
1876,0.0
1877,0.0
1877,72.0
1878,0.0
1878,72.0
1879,0.0
1879,72.0
1880,0.0
1880,72.0
1881,0.0
1881,72.0
1882,0.0
1882,72.0
1883,0.0
1883,72.0
1884,0.0
1884,72.0
1885,0.0
1885,72.0
1886,0.0
1886,72.0
1887,0.0
1887,72.0
1888,0.0
1888,72.0
1889,0.0
1889,72.0
1890,0.0
1890,72.0
1891,0.0
1891,72.0
1892,0.0
1892,72.0
1893,0.0
1893,72.0
1894,0.0
1894,72.0
1895,0.0
1895,72.0
1896,0.0
1896,72.0
1897,0.0
1897,72.0
1898,0.0
1898,72.0
1899,0.0
1899,72.0
1900,0.0
1900,72.0
1901,0.0
1901,72.0
1902,0.0
1902,72.0
1903,0.0
1903,72.0
1904,0.0
1904,72.0
1905,0.0
1905,72.0
1906,0.0
1906,72.0
1907,0.0
1907,72.0
1908,0.0
1908,72.0
1909,0.0
1909,72.0
1910,0.0
1910,72.0
1911,0.0
1911,72.0
1912,0.0
1912,72.0
1913,0.0
1913,72.0
1914,0.0
1914,72.0
1915,0.0
1915,72.0
1916,0.0
1917,0.0
1918,0.0
1918,72.0
1919,0.0
1919,72.0
1920,0.0
1920,72.0
1921,0.0
1922,0.0
1922,72.0
1923,0.0
1924,0.0
1925,0.0
1925,72.0
1926,0.0
1926,72.0
1927,0.0
1927,72.0
1928,0.0
1928,72.0
1929,0.0
1929,72.0
1930,0.0
1930,72.0
1931,0.0
1932,0.0
1933,0.0
1933,72.0
1934,0.0
1934,72.0
1935,0.0
1935,72.0
1936,0.0
1936,72.0
1937,0.0
1937,72.0
1938,0.0
1938,72.0
1939,0.0
1939,72.0
1940,0.0
1941,0.0
1942,0.0
1943,0.0
1944,0.0
1944,72.0
1945,0.0
1945,72.0
1946,0.0
1946,72.0
1947,0.0
1947,72.0
1948,0.0
1948,72.0
1949,0.0
1949,72.0
1950,0.0
1950,72.0
1951,0.0
1951,72.0
1952,0.0
1952,72.0
1953,0.0
1953,72.0
1954,0.0
1954,72.0
1955,0.0
1955,72.0
1956,0.0
1956,72.0
1957,0.0
1957,72.0
1958,0.0
1958,72.0
1959,0.0
1959,72.0
1960,0.0
1961,0.0
1962,0.0
1962,72.0
1963,0.0
1963,72.0
1964,0.0
1965,0.0
1966,0.0
1967,0.0
1968,0.0
1969,0.0
1970,0.0
1971,0.0
1972,0.0
1973,0.0
1974,0.0
1975,0.0
1976,0.0
1977,0.0
1978,0.0
1979,0.0
1980,0.0
1981,0.0
1982,0.0
1983,0.0
1984,0.0
1985,0.0
1986,0.0
1987,0.0
1988,0.0
1989,0.0
1990,0.0
1991,0.0
1992,0.0
1993,0.0
1994,0.0
1995,0.0
1996,0.0
1997,0.0
1998,0.0
1999,0.0
2000,0.0
2001,0.0
2002,0.0
2003,0.0
2004,0.0
2005,0.0
2006,0.0
2007,0.0
2008,0.0
2008,72.0
2009,0.0
2010,0.0
2011,0.0
2012,0.0
2013,0.0
2013,72.0
2014,0.0
2015,0.0
2016,0.0
2017,0.0
2018,0.0
2019,0.0
2020,0.0
2021,0.0
2021,72.0
2022,0.0
2022,72.0
2023,0.0
2023,72.0
2024,0.0
2025,0.0
2026,0.0
2027,0.0
2028,0.0
2029,0.0
2030,0.0
2031,0.0
2032,0.0
2033,0.0
2034,0.0
2035,0.0
2036,0.0
2037,0.0
2038,0.0
2039,0.0
2040,0.0
2041,0.0
2042,0.0
2043,0.0
2044,0.0
2045,0.0
2046,0.0
2047,0.0
2048,0.0
2049,0.0
2050,0.0
2051,0.0
2052,0.0
2053,0.0
2054,0.0
2055,0.0
2056,0.0
2057,0.0
2058,0.0
2059,0.0
2060,0.0
2061,0.0
2062,0.0
2063,0.0
2064,0.0
2065,0.0
2066,0.0
2067,0.0
2068,0.0
2069,0.0
2070,0.0
2071,0.0
2072,0.0
2073,0.0
2074,0.0
2075,0.0
2076,0.0
2077,0.0
2078,0.0
2079,0.0
2080,0.0
2081,0.0
2082,0.0
2083,0.0
2084,0.0
2085,0.0
2086,0.0
2087,0.0
2088,0.0
2089,0.0
2090,0.0
2091,0.0
2092,0.0
2093,0.0
2094,0.0
2095,0.0
2096,0.0
2097,0.0
2098,0.0
2099,0.0
2100,0.0
2101,0.0
2102,0.0
2103,0.0
2104,0.0
2105,0.0
2106,0.0
2106,72.0
2107,0.0
2108,0.0
2109,0.0
2110,0.0
2111,0.0
2112,0.0
2113,0.0
2114,0.0
2115,0.0
2116,0.0
2117,0.0
2118,0.0
2119,0.0
2120,0.0
2121,0.0
2122,0.0
2123,0.0
2124,0.0
2125,0.0
2126,0.0
2127,0.0
2128,0.0
2129,0.0
2130,0.0
2131,0.0
2132,0.0
2133,0.0
2134,0.0
2135,0.0
2136,0.0
2137,0.0
2138,0.0
2138,27.0
2139,0.0
2139,27.0
2140,0.0
2140,39.0
2141,0.0
2141,39.0
2142,0.0
2142,39.0
2143,0.0
2143,39.0
2144,0.0
2144,39.0
2145,0.0
2145,39.0
2146,0.0
2146,39.0
2147,0.0
2147,39.0
2148,0.0
2149,0.0
2150,0.0
2151,0.0
2152,0.0
2152,72.0
2153,0.0
2153,72.0
2154,0.0
2154,72.0
2154,39.0
2155,72.0
2155,0.0
2156,72.0
2156,0.0
2157,72.0
2157,0.0
2158,0.0
2158,72.0
2159,0.0
2159,72.0
2160,0.0
2160,72.0
2161,72.0
2161,0.0
2162,0.0
2162,72.0
2163,0.0
2163,72.0
2164,0.0
2164,72.0
2165,0.0
2165,72.0
2166,0.0
2166,72.0
2167,0.0
2167,72.0
2168,0.0
2168,72.0
2169,0.0
2169,72.0
2170,0.0
2170,72.0
2171,0.0
2171,72.0
2172,0.0
2172,72.0
2173,0.0
2174,0.0
2174,72.0
2175,0.0
2176,0.0
2177,0.0
2177,72.0
2178,0.0
2178,72.0
2179,0.0
2179,72.0
2180,0.0
2180,72.0
2181,0.0
2181,72.0
2182,72.0
2182,0.0
2183,0.0
2183,72.0
2184,72.0
2184,0.0
2185,72.0
2186,72.0
2187,72.0
2188,72.0
2189,72.0
2190,72.0
2191,72.0
2192,72.0
2193,72.0
2194,72.0
2195,72.0
2196,72.0
2197,72.0
2198,72.0
2199,72.0
2200,72.0
2201,72.0
2202,72.0
2203,72.0
2204,72.0
2205,72.0
2206,72.0
2207,72.0
2208,72.0
2209,72.0
2210,72.0
2211,72.0
2212,72.0
2213,72.0
2214,72.0
2215,72.0
2216,72.0
2217,72.0
2218,72.0
2219,72.0
2220,72.0
2221,72.0
2222,72.0
2223,72.0
2224,72.0
2225,72.0
2226,72.0
2227,72.0
2228,72.0
2229,72.0
2230,72.0
2231,72.0
2232,72.0
2233,72.0
2234,72.0
2235,72.0
2236,72.0
2237,72.0
2238,72.0
2239,72.0
2240,72.0
2241,72.0
2242,72.0
2243,72.0
2244,72.0
2245,72.0
2246,72.0
2247,72.0
2248,72.0
2249,72.0
2250,72.0
2251,72.0
2252,72.0
2253,72.0
2254,72.0
2255,72.0
2256,72.0
2257,72.0
2258,72.0
2259,72.0
2260,72.0
2261,72.0
2262,72.0
2263,72.0
2264,72.0
2265,72.0
2266,72.0
2267,72.0
2268,72.0
2269,72.0
2270,72.0
2271,72.0
2272,72.0
2273,72.0
2274,72.0
2275,72.0
2276,72.0
2277,72.0
2278,72.0
2279,72.0
2280,72.0
2281,72.0
2282,72.0
2283,72.0
2284,72.0
2285,72.0
2286,72.0
2287,72.0
2288,72.0
2289,72.0
2290,72.0
2291,72.0
2292,72.0
2293,72.0
2294,72.0
2295,72.0
2296,72.0
2297,72.0
2298,72.0
2299,72.0
2300,72.0
2301,72.0
2302,72.0
2303,72.0
2304,72.0
2305,72.0
2306,72.0
2307,72.0
2308,72.0
2309,72.0
2310,72.0
2311,72.0
2312,72.0
2313,72.0
2314,72.0
2315,72.0
2316,72.0
2317,72.0
2318,72.0
2319,72.0
2320,72.0
2321,72.0
2322,72.0
2323,72.0
2324,72.0
2325,72.0
2326,72.0
2327,72.0
2328,72.0
2329,72.0
2330,72.0
2331,72.0
2332,72.0
2333,72.0
2334,72.0
2335,72.0
2336,72.0
2337,72.0
2338,72.0
2339,72.0
2340,72.0
2341,72.0
2342,72.0
2343,72.0
2344,72.0
2345,72.0
2346,72.0
2347,72.0
2348,72.0
2349,72.0
2350,72.0
2351,72.0
2352,72.0
2353,72.0
2354,72.0
2355,72.0
2356,72.0
2357,72.0
2358,72.0
2359,72.0
2360,72.0
2361,72.0
2362,72.0
2363,72.0
2364,72.0
2365,72.0
2366,72.0
2367,72.0
2368,72.0
2369,72.0
2370,72.0
2371,72.0
2372,72.0
2373,72.0
2374,72.0
2375,72.0
2376,72.0
2377,72.0
2378,72.0
2379,72.0
2380,72.0
2381,72.0
2382,72.0
2383,72.0
2384,72.0
2385,72.0
2386,72.0
2387,72.0
2388,72.0
2389,72.0
2390,72.0
2391,72.0
2392,72.0
2393,72.0
2394,72.0
2395,72.0
2396,72.0
2397,72.0
2398,72.0
2399,72.0
2400,72.0
2401,72.0
2402,72.0
2403,72.0
2404,72.0
2405,72.0
2406,72.0
2407,72.0
2408,72.0
2409,72.0
2410,72.0
2411,72.0
2412,72.0
2413,72.0
2414,72.0
2415,72.0
2416,72.0
2417,72.0
2418,72.0
2419,72.0
2420,72.0
2421,72.0
2422,72.0
2423,72.0
2424,72.0
2425,72.0
2426,72.0
2427,72.0
2428,72.0
2429,72.0
2430,72.0
2431,72.0
2432,72.0
2433,72.0
2434,72.0
2435,72.0
2436,72.0
2437,72.0
2438,72.0
2439,72.0
2440,72.0
2441,72.0
2442,72.0
2443,72.0
2444,72.0
2445,72.0
2446,72.0
2447,72.0
2448,72.0
2449,72.0
2450,72.0
2451,72.0
2452,72.0
2453,72.0
2454,72.0
2455,72.0
2456,72.0
2457,72.0
2458,72.0
2459,72.0
2460,72.0
2461,72.0
2462,72.0
2463,72.0
2464,72.0
2465,72.0
2466,72.0
2467,72.0
2468,72.0
2469,72.0
2470,72.0
2471,72.0
2472,72.0
2473,72.0
2474,72.0
2475,72.0
2476,72.0
2477,72.0
2478,72.0
2479,72.0
2480,72.0
2481,72.0
2482,72.0
2483,72.0
2484,72.0
2485,72.0
2486,72.0
2487,72.0
2488,72.0
2489,72.0
2490,72.0
2491,72.0
2492,72.0
2493,72.0
2494,72.0
2495,72.0
2496,72.0
2497,72.0
2498,72.0
2499,72.0
2500,72.0
2501,72.0
2502,72.0
2503,72.0
2504,72.0
2505,72.0
2506,72.0
2507,72.0
2508,72.0
2509,72.0
2510,72.0
2511,72.0
2512,72.0
2513,72.0
2514,72.0
2515,72.0
2516,72.0
2517,72.0
2518,72.0
2519,72.0
2520,72.0
2521,72.0
2522,72.0
2523,72.0
2524,72.0
2525,72.0
2526,72.0
2527,72.0
2528,72.0
2529,72.0
2530,72.0
2531,72.0
2532,72.0
2533,72.0
2534,72.0
2535,72.0
2536,72.0
2537,72.0
2538,72.0
2539,72.0
2540,72.0
2541,72.0
2542,72.0
2543,72.0
2544,72.0
2545,72.0
2546,72.0
2547,72.0
2548,72.0
2549,72.0
2550,72.0
2551,72.0
2552,72.0
2553,72.0
2554,72.0
2555,72.0
2556,72.0
2557,72.0
2558,72.0
2559,72.0
2560,72.0
2561,72.0
2562,72.0
2563,72.0
2564,72.0
2565,72.0
2566,72.0
2567,72.0
2568,72.0
2569,72.0
2570,72.0
2571,72.0
2572,72.0
2573,72.0
2574,72.0
2575,72.0
2576,72.0
2577,72.0
2578,72.0
2579,72.0
2580,72.0
2581,72.0
2582,72.0
2583,72.0
2584,72.0
2585,72.0
2586,72.0
2587,72.0
2588,72.0
2589,72.0
2590,72.0
2591,72.0
2592,72.0
2593,72.0
2594,72.0
2595,72.0
2596,72.0
2597,72.0
2598,72.0
2599,72.0
2600,72.0
2601,72.0
2602,72.0
2603,72.0
2604,72.0
2605,72.0
2606,72.0
2607,72.0
2608,72.0
2609,72.0
2610,72.0
2611,72.0
2612,72.0
2613,72.0
2614,72.0
2615,72.0
2616,72.0
2617,72.0
2618,72.0
2619,72.0
2620,72.0
2621,72.0
2622,72.0
2623,72.0
2624,72.0
2625,72.0
2626,72.0
2627,72.0
2628,72.0
2629,72.0
2630,72.0
2631,72.0
2632,72.0
2633,72.0
2634,72.0
2635,72.0
2636,72.0
2637,72.0
2638,72.0
2639,72.0
2640,72.0
2641,72.0
2642,72.0
2643,72.0
2644,72.0
2645,72.0
2646,72.0
2647,72.0
2648,72.0
2649,72.0
2650,72.0
2651,72.0
2652,72.0
2653,72.0
2654,72.0
2655,72.0
2656,72.0
2657,72.0
2658,72.0
2659,72.0
2660,72.0
2661,72.0
2662,72.0
2663,72.0
2664,72.0
2665,72.0
2666,72.0
2667,72.0
2668,72.0
2669,72.0
2670,72.0
2671,72.0
2672,72.0
2673,72.0
2674,72.0
2675,72.0
2676,72.0
2677,72.0
2678,72.0
2679,72.0
2680,72.0
2681,72.0
2682,72.0
2683,72.0
2684,72.0
2685,72.0
2686,72.0
2687,72.0
2688,72.0
2689,72.0
2690,72.0
2691,72.0
2692,72.0
2693,72.0
2694,72.0
2695,72.0
2696,72.0
2697,72.0
2698,72.0
2699,72.0
2700,72.0
2701,72.0
2702,72.0
2703,72.0
2704,72.0
2705,72.0
2706,72.0
2707,72.0
2708,72.0
2709,72.0
2710,72.0
2711,72.0
2712,72.0
2713,72.0
2714,72.0
2715,72.0
2716,72.0
2717,72.0
2718,72.0
2719,72.0
2720,72.0
2721,72.0
2721,0.0
2722,72.0
2722,0.0
2723,72.0
2724,72.0
2725,72.0
2726,72.0
2727,72.0
2730,0.0
2731,0.0
2732,0.0
2733,0.0
2734,0.0
2734,72.0
2735,0.0
2736,0.0
2736,72.0
2737,0.0
2737,72.0
2738,0.0
2738,72.0
2739,0.0
2739,72.0
2740,0.0
2740,72.0
2741,0.0
2741,72.0
2742,0.0
2742,72.0
2743,0.0
2743,72.0
2744,0.0
2745,0.0
2746,0.0
2747,0.0
2748,0.0
2749,0.0
2750,0.0
2750,26.0
2751,0.0
2751,26.0
2752,0.0
2752,26.0
2753,0.0
2753,26.0
2754,0.0
2754,26.0
2755,0.0
2755,26.0
2756,0.0
2756,26.0
2757,0.0
2757,26.0
2758,0.0
2758,26.0
2759,0.0
2759,26.0
2760,0.0
2760,26.0
2761,0.0
2761,26.0
2762,0.0
2762,26.0
2763,0.0
2763,26.0
2764,0.0
2764,26.0
2765,0.0
2765,26.0
2766,0.0
2766,26.0
2767,0.0
2767,26.0
2768,0.0
2768,26.0
2769,0.0
2769,26.0
2770,0.0
2770,26.0
2771,0.0
2771,26.0
2772,0.0
2772,26.0
2773,0.0
2773,26.0
2774,0.0
2774,26.0
2775,0.0
2775,26.0
2776,0.0
2776,26.0
2777,0.0
2777,26.0
2778,0.0
2778,26.0
2779,0.0
2779,26.0
2780,0.0
2780,26.0
2781,0.0
2781,26.0
2782,0.0
2782,26.0
2783,0.0
2783,26.0
2784,0.0
2784,26.0
2785,0.0
2785,26.0
2786,0.0
2786,26.0
2787,0.0
2787,26.0
2788,0.0
2788,26.0
2789,0.0
2789,26.0
2790,0.0
2790,26.0
2791,0.0
2791,26.0
2792,0.0
2792,26.0
2793,0.0
2793,26.0
2794,0.0
2794,26.0
2795,0.0
2795,26.0
2796,0.0
2796,26.0
2797,0.0
2797,26.0
2798,0.0
2798,26.0
2799,0.0
2799,26.0
2800,0.0
2800,26.0
2801,0.0
2801,26.0
2802,0.0
2802,26.0
2803,0.0
2803,26.0
2804,0.0
2804,26.0
2805,0.0
2805,26.0
2806,0.0
2806,26.0
2807,0.0
2807,26.0
2808,0.0
2808,26.0
2809,0.0
2809,26.0
2810,0.0
2810,26.0
2811,0.0
2811,26.0
2812,0.0
2812,26.0
2813,0.0
2813,26.0
2814,0.0
2814,26.0
2815,0.0
2815,26.0
2816,0.0
2816,26.0
2817,0.0
2817,26.0
2818,0.0
2818,26.0
2819,0.0
2819,26.0
2820,0.0
2820,26.0
2821,0.0
2821,26.0
2822,0.0
2822,26.0
2823,0.0
2823,26.0
2824,0.0
2824,26.0
2825,0.0
2825,26.0
2826,0.0
2826,26.0
2827,0.0
2827,26.0
2828,0.0
2828,26.0
2829,0.0
2829,26.0
2830,0.0
2830,26.0
2831,0.0
2831,26.0
2832,0.0
2832,26.0
2833,0.0
2833,26.0
2834,0.0
2834,26.0
2835,0.0
2835,26.0
2836,0.0
2836,26.0
2837,0.0
2837,26.0
2838,0.0
2838,26.0
2839,0.0
2839,26.0
2840,0.0
2840,26.0
2841,0.0
2841,26.0
2842,0.0
2842,26.0
2843,0.0
2843,26.0
2844,0.0
2844,26.0
2845,0.0
2845,26.0
2846,0.0
2846,26.0
2847,0.0
2847,26.0
2848,0.0
2848,26.0
2849,0.0
2849,26.0
2850,0.0
2850,26.0
2851,0.0
2851,26.0
2852,0.0
2852,26.0
2853,0.0
2853,26.0
2854,0.0
2854,26.0
2855,0.0
2855,26.0
2856,0.0
2856,26.0
2857,0.0
2857,26.0
2858,0.0
2858,26.0
2859,0.0
2859,26.0
2860,0.0
2861,0.0
2862,0.0
2863,0.0
2864,0.0
2865,0.0
2866,0.0
2866,26.0
2867,0.0
2867,26.0
2868,0.0
2868,26.0
2869,0.0
2869,26.0
2870,0.0
2870,26.0
2871,0.0
2871,26.0
2872,0.0
2872,26.0
2873,0.0
2873,26.0
2874,0.0
2874,26.0
2875,0.0
2875,26.0
2876,0.0
2876,26.0
2877,0.0
2877,26.0
2878,0.0
2878,26.0
2879,0.0
2879,26.0
2880,0.0
2880,26.0
2881,0.0
2882,0.0
2883,0.0
2884,0.0
2885,0.0
2886,0.0
2887,0.0
2888,0.0
2889,0.0
2890,0.0
2891,0.0
2892,0.0
2893,0.0
2894,0.0
2895,0.0
2896,0.0
2897,0.0
2898,0.0
2899,0.0
2899,24.0
2900,0.0
2900,24.0
2901,0.0
2901,24.0
2902,0.0
2902,24.0
2903,0.0
2903,24.0
2904,0.0
2904,24.0
2905,0.0
2905,24.0
2906,0.0
2906,24.0
2907,0.0
2907,24.0
2908,0.0
2909,0.0
2909,24.0
2910,0.0
2910,24.0
2911,0.0
2911,24.0
2912,0.0
2912,24.0
2913,0.0
2913,24.0
2914,0.0
2914,24.0
2915,0.0
2915,24.0
2916,0.0
2916,24.0
2917,0.0
2917,24.0
2918,0.0
2918,24.0
2919,0.0
2919,24.0
2920,0.0
2920,24.0
2921,0.0
2921,24.0
2922,0.0
2922,24.0
2923,0.0
2923,24.0
2924,0.0
2924,24.0
2925,0.0
2925,24.0
2926,0.0
2926,24.0
2927,0.0
2927,24.0
2928,0.0
2928,24.0
2929,0.0
2929,24.0
2930,0.0
2930,24.0
2931,0.0
2931,24.0
2932,0.0
2932,24.0
2933,0.0
2933,24.0
2934,0.0
2934,24.0
2935,0.0
2935,24.0
2936,0.0
2936,24.0
2937,0.0
2937,24.0
2938,0.0
2938,24.0
2939,0.0
2939,24.0
2940,0.0
2940,24.0
2941,0.0
2941,24.0
2942,0.0
2942,24.0
2943,0.0
2943,24.0
2944,0.0
2944,24.0
2945,0.0
2945,24.0
2946,0.0
2947,0.0
2948,0.0
2949,0.0
2950,0.0
2950,24.0
2951,0.0
2951,24.0
2952,0.0
2953,0.0
2954,0.0
2954,24.0
2955,0.0
2956,0.0
2957,0.0
2958,0.0
2959,0.0
2960,0.0
2961,0.0
2962,0.0
2963,0.0
2964,0.0
2965,0.0
2966,0.0
2967,0.0
2968,0.0
2969,0.0
2970,0.0
2971,0.0
2972,0.0
2973,0.0
2974,0.0
2975,0.0
2976,0.0
2977,0.0
2977,24.0
2978,0.0
2978,24.0
2979,0.0
2979,24.0
2980,0.0
2980,24.0
2981,0.0
2981,24.0
2982,0.0
2982,24.0
2983,0.0
2983,24.0
2984,0.0
2984,24.0
2985,0.0
2985,24.0
2986,0.0
2986,24.0
2987,0.0
2987,24.0
2988,0.0
2988,24.0
2989,0.0
2989,24.0
2990,0.0
2991,0.0
2992,0.0
2993,0.0
2994,0.0
2995,0.0
2996,0.0
2997,0.0
2998,0.0
2999,0.0
3000,0.0
3001,0.0
3002,0.0
3003,0.0
3004,0.0
3005,0.0
3006,0.0
3007,0.0
3008,0.0
3009,0.0
3010,0.0
3011,0.0
3012,0.0
3013,0.0
3014,0.0
3015,0.0
3016,0.0
3017,0.0
3018,0.0
3019,0.0
3020,0.0
3021,0.0
3022,0.0
3023,0.0
3024,0.0
3025,0.0
3026,0.0
3027,0.0
3028,0.0
3029,0.0
3030,0.0
3031,0.0
3032,0.0
3033,0.0
3034,0.0
3035,0.0
3036,0.0
3037,0.0
3038,0.0
3039,0.0
3040,0.0
3040,24.0
3041,0.0
3042,0.0
3043,0.0
3044,0.0
3045,0.0
3046,0.0
3047,0.0
3048,0.0
3049,0.0
3049,24.0
3050,0.0
3051,0.0
3052,0.0
3053,0.0
3054,0.0
3055,0.0
3056,0.0
3057,0.0
3058,0.0
3059,0.0
3060,0.0
3061,0.0
3062,0.0
3063,0.0
3064,0.0
3065,0.0
3066,0.0
3067,0.0
3068,0.0
3069,0.0
3070,0.0
3071,0.0
3072,0.0
3073,0.0
3074,0.0
3074,67.0
3075,0.0
3076,0.0
3077,0.0
3078,0.0
3079,0.0
3080,0.0
3081,0.0
3082,0.0
3083,0.0
3084,0.0
3085,0.0
3086,0.0
3087,0.0
3088,0.0
3089,0.0
3090,0.0
3091,0.0
3092,0.0
3093,0.0
3094,0.0
3095,0.0
3096,0.0
3097,0.0
3098,0.0
3099,0.0
3100,0.0
3101,0.0
3102,0.0
3103,0.0
3104,0.0
3105,0.0
3106,0.0
3107,0.0
3108,0.0
3109,0.0
3110,0.0
3111,0.0
3112,0.0
3113,0.0
3114,0.0
3115,0.0
3116,0.0
3117,0.0
3118,0.0
3119,0.0
3120,0.0
3121,0.0
3122,0.0
3123,0.0
3124,0.0
3125,0.0
3126,0.0
3127,0.0
3128,0.0
3129,0.0
3130,0.0
3131,0.0
3132,0.0
3133,0.0
3134,0.0
3135,0.0
3136,0.0
3137,0.0
3138,0.0
3139,0.0
3140,0.0
3141,0.0
3142,0.0
3143,0.0
3144,0.0
3145,0.0
3146,0.0
3147,0.0
3148,0.0
3149,0.0
3150,0.0
3151,0.0
3152,0.0
3153,0.0
3154,0.0
3155,0.0
3156,0.0
3157,0.0
3158,0.0
3159,0.0
3160,0.0
3161,0.0
3162,0.0
3163,0.0
3164,0.0
3165,0.0
3166,0.0
3167,0.0
3168,0.0
3169,0.0
3170,0.0
3171,0.0
3172,0.0
3173,0.0
3174,0.0
3175,0.0
3176,0.0
3177,0.0
3178,0.0
3179,0.0
3180,0.0
3181,0.0
3182,0.0
3183,0.0
3184,0.0
3185,0.0
3186,0.0
3187,0.0
3188,0.0
3189,0.0
3190,0.0
3191,0.0
3192,0.0
3193,0.0
3194,0.0
3195,0.0
3196,0.0
3197,0.0
3198,0.0
3199,0.0
3200,0.0
3201,0.0
3202,0.0
3203,0.0
3204,0.0
3205,0.0
3206,0.0
3207,0.0
3208,0.0
3209,0.0
3210,0.0
3211,0.0
3212,0.0
3213,0.0
3214,0.0
3215,0.0
3216,0.0
3217,0.0
3218,0.0
3219,0.0
3220,0.0
3221,0.0
3222,0.0
3223,0.0
3224,0.0
3225,0.0
3226,0.0
3227,0.0
3228,0.0
3229,0.0
3230,0.0
3231,0.0
3232,0.0
3233,0.0
3234,0.0
3235,0.0
3236,0.0
3237,0.0
3238,0.0
3239,0.0
3240,0.0
3241,0.0
3242,0.0
3243,0.0
3244,0.0
3245,0.0
3246,0.0
3247,0.0
3248,0.0
3249,0.0
3250,0.0
3251,0.0
3252,0.0
3253,0.0
3254,0.0
3255,0.0
3256,0.0
3257,0.0
3258,0.0
3259,0.0
3260,0.0
3261,0.0
3262,0.0
3263,0.0
3264,0.0
3265,0.0
3266,0.0
3266,26.0
3267,0.0
3268,0.0
3269,0.0
3270,0.0
3271,0.0
3272,0.0
3273,0.0
3274,0.0
3275,0.0
3276,0.0
3277,0.0
3278,0.0
3279,0.0
3280,0.0
3281,0.0
3282,0.0
3283,0.0
3284,0.0
3285,0.0
3286,0.0
3287,0.0
3287,72.0
3288,0.0
3289,0.0
3290,0.0
3290,26.0
3291,0.0
3291,26.0
3292,0.0
3292,26.0
3293,0.0
3293,26.0
3294,0.0
3294,26.0
3295,0.0
3296,0.0
3296,26.0
3297,0.0
3297,26.0
3298,0.0
3298,26.0
3299,0.0
3300,0.0
3301,0.0
3302,0.0
3303,0.0
3304,0.0
3305,0.0
3306,0.0
3307,0.0
3308,0.0
3309,0.0
3310,0.0
3311,0.0
3312,0.0
3313,0.0
3314,0.0
3315,0.0
3316,0.0
3317,0.0
3318,0.0
3319,0.0
3320,0.0
3321,0.0
3322,0.0
3323,0.0
3324,0.0
3325,0.0
3326,0.0
3327,0.0
3328,0.0
3329,0.0
3330,0.0
3331,0.0
3332,0.0
3333,0.0
3334,0.0
3335,0.0
3336,0.0
3337,0.0
3338,0.0
3339,0.0
3340,0.0
3341,0.0
3342,0.0
3343,0.0
3344,0.0
3345,0.0
3346,0.0
3347,0.0
3348,0.0
3349,0.0
3350,0.0
3351,0.0
3352,0.0
3353,0.0
3354,0.0
3355,0.0
3356,0.0
3357,0.0
3358,0.0
3359,0.0
3360,0.0
3361,0.0
3362,0.0
3363,0.0
3364,0.0
3365,0.0
3366,0.0
3367,0.0
3368,0.0
3369,0.0
3370,0.0
3371,0.0
3372,0.0
3373,0.0
3374,0.0
3375,0.0
3376,0.0
3377,0.0
3378,0.0
3378,26.0
3379,0.0
3380,0.0
3381,0.0
3382,0.0
3383,0.0
3384,0.0
3385,0.0
3386,0.0
3387,0.0
3388,0.0
3389,0.0
3390,0.0
3391,0.0
3392,0.0
3393,0.0
3394,0.0
3395,0.0
3396,0.0
3397,0.0
3398,0.0
3399,0.0
3400,0.0
3401,0.0
3402,0.0
3403,0.0
3404,0.0
3405,0.0
3406,0.0
3407,0.0
3408,0.0
3409,0.0
3410,0.0
3411,0.0
3412,0.0
3413,0.0
3414,0.0
3415,0.0
3416,0.0
3417,0.0
3418,0.0
3419,0.0
3420,0.0
3420,27.0
3421,0.0
3421,72.0
3422,0.0
3422,72.0
3423,0.0
3423,72.0
3424,0.0
3424,27.0
3425,0.0
3426,0.0
3427,0.0
3428,0.0
3429,0.0
3430,0.0
3430,72.0
3431,0.0
3431,72.0
3432,0.0
3432,72.0
3433,0.0
3433,72.0
3434,0.0
3434,72.0
3435,0.0
3435,72.0
3436,0.0
3437,0.0
3437,72.0
3438,0.0
3438,72.0
3439,0.0
3439,72.0
3440,0.0
3440,72.0
3441,0.0
3441,72.0
3442,0.0
3442,72.0
3443,0.0
3443,72.0
3444,0.0
3444,72.0
3445,0.0
3445,72.0
3446,0.0
3446,72.0
3447,0.0
3447,72.0
3448,0.0
3448,72.0
3449,0.0
3449,72.0
3450,0.0
3450,72.0
3451,0.0
3451,72.0
3452,0.0
3452,72.0
3453,0.0
3453,72.0
3454,0.0
3454,72.0
3455,0.0
3455,72.0
3456,72.0
3456,0.0
3457,72.0
3458,72.0
3459,72.0
3460,72.0
3461,72.0
3462,72.0
3463,72.0
3464,72.0
3465,72.0
3466,72.0
3467,72.0
3468,72.0
3469,72.0
3470,72.0
3471,72.0
3472,72.0
3473,72.0
3474,72.0
3475,72.0
3476,72.0
3477,72.0
3478,72.0
3479,72.0
3480,72.0
3481,72.0
3482,72.0
3483,72.0
3484,72.0
3485,72.0
3486,72.0
3487,72.0
3488,72.0
3489,72.0
3490,72.0
3491,72.0
3492,72.0
3493,72.0
3494,72.0
3495,72.0
3496,72.0
3497,72.0
3498,72.0
3499,72.0
3500,72.0
3501,72.0
3502,72.0
3503,72.0
3504,72.0
3505,72.0
3506,72.0
3507,72.0
3508,72.0
3509,72.0
3510,72.0
3511,72.0
3512,72.0
3513,72.0
3514,72.0
3515,72.0
3516,72.0
3517,72.0
3518,72.0
3519,72.0
3520,72.0
3521,72.0
3522,72.0
3523,72.0
3524,72.0
3525,72.0
3526,72.0
3527,72.0
3528,72.0
3529,72.0
3530,72.0
3531,72.0
3532,72.0
3533,72.0
3534,72.0
3535,72.0
3536,72.0
3537,72.0
3538,72.0
3539,72.0
3540,72.0
3541,72.0
3542,72.0
3543,72.0
3544,72.0
3545,72.0
3546,72.0
3547,72.0
3548,72.0
3549,72.0
3550,72.0
3551,72.0
3552,72.0
3553,72.0
3554,72.0
3555,72.0
3556,72.0
3557,72.0
3558,72.0
3559,72.0
3560,72.0
3561,72.0
3562,72.0
3563,72.0
3564,72.0
3565,72.0
3566,72.0
3567,72.0
3568,72.0
3569,72.0
3570,72.0
3571,72.0
3572,72.0
3573,72.0
3574,72.0
3575,72.0
3576,72.0
3577,72.0
3578,72.0
3579,72.0
3580,72.0
3581,72.0
3582,72.0
3583,72.0
3584,72.0
3585,72.0
3586,72.0
3587,72.0
3588,72.0
3589,72.0
3590,72.0
3591,72.0
3592,72.0
3593,72.0
3594,72.0
3595,72.0
3596,72.0
3597,72.0
3598,72.0
3599,72.0
3600,72.0
3601,72.0
3602,72.0
3603,72.0
3604,72.0
3605,72.0
3606,72.0
3607,72.0
3608,72.0
3609,72.0
3616,72.0
3618,0.0
3619,72.0
3620,0.0
3621,0.0
3623,0.0
3624,0.0
3625,0.0
3626,0.0
3627,0.0
3628,0.0
3629,0.0
3629,72.0
3630,0.0
3630,72.0
3631,0.0
3631,72.0
3632,0.0
3632,72.0
3633,0.0
3633,72.0
3634,0.0
3634,26.0
3634,72.0
3635,0.0
3635,26.0
3635,72.0
3636,0.0
3636,26.0
3637,0.0
3637,26.0
3638,0.0
3638,26.0
3639,0.0
3639,26.0
3640,0.0
3640,26.0
3641,0.0
3641,26.0
3642,0.0
3642,26.0
3643,0.0
3643,26.0
3644,0.0
3644,26.0
3645,0.0
3645,26.0
3646,0.0
3646,26.0
3647,0.0
3647,26.0
3648,0.0
3648,26.0
3649,0.0
3649,26.0
3650,0.0
3650,26.0
3651,0.0
3651,26.0
3652,0.0
3652,26.0
3653,0.0
3653,26.0
3654,0.0
3654,26.0
3655,0.0
3655,26.0
3656,0.0
3656,72.0
3656,26.0
3657,0.0
3657,26.0
3657,72.0
3658,0.0
3658,72.0
3659,0.0
3659,72.0
3660,0.0
3660,72.0
3660,26.0
3661,0.0
3661,72.0
3661,26.0
3662,0.0
3662,26.0
3662,72.0
3663,0.0
3663,26.0
3663,72.0
3664,0.0
3664,72.0
3664,26.0
3665,0.0
3665,72.0
3665,26.0
3666,0.0
3666,72.0
3666,26.0
3667,0.0
3667,72.0
3667,26.0
3668,0.0
3668,72.0
3668,26.0
3669,0.0
3669,72.0
3669,26.0
3670,0.0
3670,72.0
3670,26.0
3671,0.0
3671,72.0
3671,26.0
3672,0.0
3672,72.0
3672,26.0
3673,0.0
3673,72.0
3673,26.0
3674,0.0
3674,72.0
3674,26.0
3675,0.0
3675,72.0
3675,26.0
3676,0.0
3676,72.0
3676,26.0
3677,0.0
3677,72.0
3677,26.0
3678,0.0
3678,72.0
3678,26.0
3679,0.0
3679,26.0
3679,72.0
3680,0.0
3680,72.0
3681,0.0
3681,72.0
3682,0.0
3682,72.0
3683,0.0
3683,72.0
3684,0.0
3684,72.0
3685,0.0
3685,72.0
3686,0.0
3686,72.0
3687,0.0
3687,72.0
3688,0.0
3688,72.0
3689,0.0
3689,72.0
3690,0.0
3690,72.0
3691,0.0
3691,72.0
3692,0.0
3692,72.0
3693,0.0
3693,72.0
3694,0.0
3694,72.0
3695,0.0
3695,72.0
3696,0.0
3696,72.0
3697,0.0
3697,72.0
3698,0.0
3698,72.0
3699,0.0
3699,72.0
3700,0.0
3700,72.0
3701,0.0
3701,72.0
3702,0.0
3702,72.0
3703,0.0
3703,72.0
3704,0.0
3704,72.0
3705,0.0
3705,72.0
3706,0.0
3706,72.0
3707,0.0
3707,72.0
3708,0.0
3708,72.0
3709,0.0
3709,72.0
3710,0.0
3710,72.0
3711,0.0
3711,72.0
3712,0.0
3712,72.0
3713,0.0
3713,72.0
3714,0.0
3714,72.0
3715,0.0
3715,72.0
3716,0.0
3716,72.0
3717,0.0
3717,72.0
3718,0.0
3718,72.0
3719,0.0
3719,72.0
3720,0.0
3720,72.0
3721,0.0
3721,72.0
3722,0.0
3722,72.0
3723,0.0
3723,72.0
3724,0.0
3724,72.0
3725,0.0
3725,72.0
3726,0.0
3726,72.0
3727,0.0
3728,0.0
3729,0.0
3730,0.0
3731,0.0
3732,0.0
3733,0.0
3734,0.0
3734,72.0
3735,0.0
3735,72.0
3736,0.0
3737,0.0
3738,0.0
3739,0.0
3740,0.0
3741,0.0
3742,0.0
3743,0.0
3744,0.0
3745,0.0
3746,0.0
3747,0.0
3748,0.0
3749,0.0
3749,72.0
3750,0.0
3751,0.0
3751,72.0
3752,0.0
3752,72.0
3753,0.0
3753,72.0
3754,0.0
3754,72.0
3755,0.0
3755,72.0
3756,0.0
3756,72.0
3757,0.0
3757,72.0
3758,0.0
3758,72.0
3759,0.0
3759,72.0
3760,0.0
3760,72.0
3761,0.0
3761,72.0
3762,0.0
3762,72.0
3763,0.0
3763,72.0
3764,0.0
3764,72.0
3765,0.0
3765,72.0
3766,0.0
3766,72.0
3767,0.0
3767,72.0
3768,0.0
3768,72.0
3769,0.0
3769,72.0
3770,0.0
3770,72.0
3771,0.0
3771,72.0
3772,0.0
3772,72.0
3773,0.0
3773,72.0
3774,0.0
3774,72.0
3775,0.0
3775,72.0
3776,0.0
3776,72.0
3777,0.0
3777,72.0
3778,0.0
3778,72.0
3779,0.0
3779,72.0
3780,0.0
3780,72.0
3781,72.0
3782,72.0
3783,72.0
3784,72.0
3785,72.0
3786,72.0
3787,72.0
3788,72.0
3789,72.0
3790,72.0
3791,72.0
3792,72.0
3793,72.0
3794,72.0
3795,72.0
3796,72.0
3797,72.0
3798,72.0
3799,72.0
3800,72.0
3801,72.0
3802,72.0
3803,72.0
3804,72.0
3805,72.0
3806,72.0
3807,72.0
3808,72.0
3809,72.0
3810,72.0
3811,72.0
3812,72.0
3813,72.0
3814,72.0
3815,72.0
3816,72.0
3817,72.0
3818,72.0
3819,72.0
3820,72.0
3821,72.0
3822,72.0
3823,72.0
3824,72.0
3825,72.0
3826,72.0
3827,72.0
3828,72.0
3829,72.0
3830,72.0
3831,72.0
3832,72.0
3833,72.0
3834,72.0
3835,72.0
3836,72.0
3837,72.0
3838,72.0
3839,72.0
3840,72.0
3841,72.0
3842,72.0
3843,72.0
3844,72.0
3845,72.0
3846,72.0
3847,72.0
3848,72.0
3849,72.0
3850,72.0
3851,72.0
3852,72.0
3853,72.0
3854,72.0
3855,72.0
3856,72.0
3857,72.0
3858,72.0
3859,72.0
3860,72.0
3861,72.0
3862,72.0
3863,72.0
3864,72.0
3865,72.0
3866,72.0
3867,72.0
3868,72.0
3869,72.0
3870,72.0
3871,72.0
3872,72.0
3873,72.0
3874,72.0
3875,72.0
3876,72.0
3877,72.0
3878,72.0
3879,72.0
3880,72.0
3881,72.0
3882,72.0
3883,72.0
3884,72.0
3885,72.0
3886,72.0
3887,72.0
3888,72.0
3889,72.0
3890,72.0
3891,72.0
3892,72.0
3893,72.0
3894,72.0
3895,72.0
3896,72.0
3897,72.0
3898,72.0
3899,72.0
3900,72.0
3901,72.0
3902,72.0
3903,72.0
3904,72.0
3905,72.0
3906,72.0
3907,72.0
3908,72.0
3909,72.0
3910,72.0
3911,72.0
3912,72.0
3913,72.0
3914,72.0
3915,72.0
3916,72.0
3917,72.0
3918,72.0
3919,72.0
3920,72.0
3921,72.0
3922,72.0
3923,72.0
3924,72.0
3925,72.0
3926,72.0
3927,72.0
3928,72.0
3929,72.0
3930,72.0
3931,72.0
3932,72.0
3933,72.0
3934,72.0
3935,72.0
3936,72.0
3937,72.0
3938,72.0
3939,72.0
3940,72.0
3941,72.0
3942,72.0
3943,72.0
3944,72.0
3945,72.0
3946,72.0
3947,72.0
3948,72.0
3949,72.0
3950,72.0
3951,72.0
3952,72.0
3953,72.0
3954,72.0
3955,72.0
3956,72.0
3957,72.0
3958,72.0
3959,72.0
3960,72.0
3961,72.0
3962,72.0
3963,72.0
3964,72.0
3965,72.0
3966,72.0
3967,72.0
3968,72.0
3969,72.0
3970,72.0
3971,72.0
3972,72.0
3973,72.0
3974,72.0
3975,72.0
3976,72.0
3977,72.0
3978,72.0
3979,72.0
3980,72.0
3981,72.0
3982,72.0
3983,72.0
3984,72.0
3985,72.0
3986,72.0
3987,72.0
3988,72.0
3989,72.0
3990,72.0
3991,72.0
3992,72.0
3993,72.0
3994,72.0
3995,72.0
3996,72.0
3997,72.0
3998,72.0
3999,72.0
4000,72.0
4001,72.0
4002,72.0
4003,72.0
4004,72.0
4005,72.0
4006,72.0
4007,72.0
4008,72.0
4009,72.0
4010,72.0
4011,72.0
4012,72.0
4013,72.0
4014,72.0
4015,72.0
4016,72.0
4017,72.0
4018,72.0
4019,72.0
4020,72.0
4021,72.0
4022,72.0
4023,72.0
4024,72.0
4025,72.0
4026,72.0
4027,72.0
4028,72.0
4029,72.0
4030,72.0
4031,72.0
4032,72.0
4033,72.0
4034,72.0
4035,72.0
4036,72.0
4037,72.0
4038,72.0
4039,72.0
4040,72.0
4041,72.0
4042,72.0
4043,72.0
4044,72.0
4045,72.0
4046,72.0
4047,72.0
4048,72.0
4049,72.0
4050,72.0
4051,72.0
4052,72.0
4053,72.0
4054,72.0
4055,72.0
4056,72.0
4057,72.0
4058,72.0
4059,72.0
4060,72.0
4061,72.0
4062,72.0
4063,72.0
4064,72.0
4065,72.0
4066,72.0
4067,72.0
4068,72.0
4069,72.0
4070,72.0
4071,72.0
4072,72.0
4073,72.0
4074,72.0
4075,72.0
4076,72.0
4077,72.0
4078,72.0
4079,72.0
4080,72.0
4081,72.0
4082,72.0
4083,72.0
4084,72.0
4085,72.0
4086,72.0
4087,72.0
4088,72.0
4089,72.0
4090,72.0
4091,72.0
4092,72.0
4093,72.0
4094,72.0
4095,72.0
4096,72.0
4097,72.0
4098,72.0
4099,72.0
4100,72.0
4101,72.0
4102,72.0
4103,72.0
4104,72.0
4105,72.0
4106,72.0
4107,72.0
4108,72.0
4109,72.0
4110,72.0
4111,72.0
4112,72.0
4113,72.0
4114,72.0
4115,72.0
4116,72.0
4117,72.0
4118,72.0
4119,72.0
4120,72.0
4121,72.0
4122,72.0
4123,72.0
4124,72.0
4125,72.0
4126,72.0
4127,72.0
4128,72.0
4129,72.0
4130,72.0
4131,72.0
4132,72.0
4133,72.0
4134,72.0
4135,72.0
4136,72.0
4137,72.0
4138,72.0
4139,72.0
4140,72.0
4141,72.0
4142,72.0
4143,72.0
4144,72.0
4145,72.0
4146,72.0
4147,72.0
4148,72.0
4149,72.0
4150,72.0
4151,72.0
4152,72.0
4153,72.0
4154,72.0
4155,72.0
4156,72.0
4157,72.0
4158,72.0
4159,72.0
4160,72.0
4161,72.0
4162,72.0
4163,72.0
4164,72.0
4165,72.0
4166,72.0
4167,72.0
4168,72.0
4169,72.0
4170,72.0
4171,72.0
4172,72.0
4173,72.0
4174,72.0
4175,72.0
4176,72.0
4177,72.0
4178,72.0
4179,72.0
4180,72.0
4181,72.0
4182,72.0
4183,72.0
4184,72.0
4185,72.0
4186,72.0
4187,72.0
4188,72.0
4189,72.0
4190,72.0
4191,72.0
4192,72.0
4193,72.0
4194,72.0
4195,72.0
4196,72.0
4197,72.0
4198,72.0
4199,72.0
4200,72.0
4201,72.0
4202,72.0
4203,72.0
4204,72.0
4205,72.0
4206,72.0
4207,72.0
4208,72.0
4209,72.0
4210,72.0
4211,72.0
4212,72.0
4213,72.0
4214,72.0
4215,72.0
4216,72.0
4217,72.0
4218,72.0
4219,72.0
4220,72.0
4221,72.0
4222,72.0
4223,72.0
4224,72.0
4225,72.0
4226,72.0
4227,72.0
4228,72.0
4229,72.0
4230,72.0
4231,72.0
4232,72.0
4233,72.0
4234,72.0
4235,72.0
4236,72.0
4237,72.0
4238,72.0
4239,72.0
4240,72.0
4241,72.0
4242,72.0
4243,72.0
4244,72.0
4245,72.0
4246,72.0
4247,72.0
4248,72.0
4249,72.0
4250,72.0
4251,72.0
4252,72.0
4253,72.0
4254,72.0
4255,72.0
4256,72.0
4257,72.0
4258,72.0
4259,72.0
4260,72.0
4261,72.0
4262,72.0
4263,72.0
4264,72.0
4265,72.0
4266,72.0
4267,72.0
4268,72.0
4269,72.0
4270,72.0
4271,72.0
4272,72.0
4273,72.0
4274,72.0
4275,72.0
4276,72.0
4277,72.0
4278,72.0
4279,72.0
4280,72.0
4281,72.0
4282,72.0
4283,72.0
4284,72.0
4285,72.0
4286,72.0
4287,72.0
4288,72.0
4289,72.0
4290,72.0
4291,72.0
4292,72.0
4293,72.0
4294,72.0
4295,72.0
4296,72.0
4297,72.0
4298,72.0
4299,72.0
4300,72.0
4301,72.0
4302,72.0
4303,72.0
4304,72.0
4305,72.0
4306,72.0
4307,72.0
4308,72.0
4309,72.0
4310,72.0
4311,72.0
4312,72.0
4313,72.0
4314,72.0
4315,72.0
4316,72.0
4317,72.0
4318,72.0
4319,72.0
4320,72.0
4321,72.0
4322,72.0
4323,72.0
4324,72.0
4325,72.0
4326,72.0
4327,72.0
4328,72.0
4329,72.0
4330,72.0
4331,72.0
4332,72.0
4333,72.0
4334,72.0
4335,72.0
4336,72.0
4337,72.0
4338,72.0
4339,72.0
4340,72.0
4341,72.0
4342,72.0
4343,72.0
4344,72.0
4345,72.0
4346,72.0
4347,72.0
4348,72.0
4349,72.0
4350,72.0
4351,72.0
4352,72.0
4353,72.0
4354,72.0
4355,72.0
4356,72.0
4357,72.0
4358,72.0
4359,72.0
4360,72.0
4361,72.0
4362,72.0
4363,72.0
4364,72.0
4365,72.0
4366,72.0
4367,72.0
4368,72.0
4369,72.0
4370,72.0
4371,72.0
4372,72.0
4373,72.0
4374,72.0
4375,72.0
4376,72.0
4377,72.0
4378,72.0
4379,72.0
4380,72.0
4381,72.0
4382,72.0
4383,72.0
4384,72.0
4385,72.0
4386,72.0
4387,72.0
4388,72.0
4389,72.0
4390,72.0
4391,72.0
4392,72.0
4393,72.0
4394,72.0
4395,72.0
4396,72.0
4397,72.0
4398,72.0
4399,72.0
4400,72.0
4401,72.0
4402,72.0
4403,72.0
4404,72.0
4405,72.0
4406,72.0
4407,72.0
4408,72.0
4409,72.0
4410,72.0
4411,72.0
4412,72.0
4413,72.0
4414,72.0
4415,72.0
4416,72.0
4417,72.0
4418,72.0
4419,72.0
4420,72.0
4421,72.0
4422,72.0
4423,72.0
4424,72.0
4425,72.0
4426,72.0
4427,72.0
4428,72.0
4429,72.0
4430,72.0
4431,72.0
4432,72.0
4433,72.0
4434,72.0
4435,72.0
4436,72.0
4437,72.0
4438,72.0
4439,72.0
4440,72.0
4441,72.0
4442,72.0
4443,72.0
4444,72.0
4445,72.0
4446,72.0
4447,72.0
4448,72.0
4449,72.0
4450,72.0
4451,72.0
4452,72.0
4453,72.0
4454,72.0
4455,72.0
4456,72.0
4457,72.0
4458,72.0
4459,72.0
4460,72.0
4461,72.0
4462,72.0
4463,72.0
4464,72.0
4465,72.0
4466,72.0
4467,72.0
4468,72.0
4469,72.0
4470,72.0
4471,72.0
4472,72.0
4473,72.0
4474,72.0
4475,72.0
4476,72.0
4477,72.0
4478,72.0
4479,72.0
4480,72.0
4481,72.0
4482,72.0
4483,72.0
4484,72.0
4485,72.0
4486,72.0
4487,72.0
4488,72.0
4489,72.0
4490,72.0
4491,72.0
4492,72.0
4493,72.0
4494,72.0
4495,72.0
4496,72.0
4497,72.0
4498,72.0
4499,72.0
4500,72.0
4501,72.0
4502,72.0
4503,72.0
4504,72.0
4505,72.0
4506,72.0
4507,72.0
4508,72.0
4509,72.0
4510,72.0
4511,72.0
4512,72.0
4513,72.0
4514,72.0
4515,72.0
4516,72.0
4517,72.0
4518,72.0
4519,72.0
4520,72.0
4521,72.0
4522,72.0
4523,72.0
4524,72.0
4525,72.0
4526,72.0
4527,72.0
4528,72.0
4529,72.0
4530,72.0
4531,72.0
4532,72.0
4533,72.0
4534,72.0
4535,72.0
4536,72.0
4537,72.0
4538,72.0
4539,72.0
4540,72.0
4541,72.0
4542,72.0
4543,72.0
4544,72.0
4545,72.0
4546,72.0
4547,72.0
4548,72.0
4549,72.0
4550,72.0
4551,72.0
4552,72.0
4553,72.0
4554,72.0
4555,72.0
4556,72.0
4557,72.0
4558,72.0
4559,72.0
4560,72.0
4561,72.0
4562,72.0
4563,72.0
4564,72.0
4565,72.0
4566,72.0
4567,72.0
4568,72.0
4569,72.0
4570,72.0
4571,72.0
4572,72.0
4573,72.0
4574,72.0
4575,72.0
4576,72.0
4577,72.0
4578,72.0
4579,72.0
4580,72.0
4581,72.0
4582,72.0
4583,72.0
4584,72.0
4585,72.0
4586,72.0
4587,72.0
4588,72.0
4589,72.0
4590,72.0
4591,72.0
4592,72.0
4593,72.0
4594,72.0
4595,72.0
4596,72.0
4597,72.0
4598,72.0
4599,72.0
4600,72.0
4601,72.0
4602,72.0
4603,72.0
4604,72.0
4605,72.0
4606,72.0
4607,72.0
4608,72.0
4609,72.0
4610,72.0
4611,72.0
4612,72.0
4613,72.0
4614,72.0
4615,72.0
4616,72.0
4617,72.0
4618,72.0
4619,72.0
4620,72.0
4621,72.0
4622,72.0
4623,72.0
4624,72.0
4625,72.0
4626,72.0
4627,72.0
4628,72.0
4629,72.0
4630,72.0
4631,72.0
4632,72.0
4633,72.0
4634,72.0
4635,72.0
4636,72.0
4637,72.0
4638,72.0
4639,72.0
4640,72.0
4641,72.0
4642,72.0
4643,72.0
4644,72.0
4645,72.0
4646,72.0
4647,72.0
4648,72.0
4649,72.0
4650,72.0
4651,72.0
4652,72.0
4653,72.0
4654,72.0
4655,72.0
4656,72.0
4657,72.0
4658,72.0
4659,72.0
4660,72.0
4661,72.0
4662,72.0
4663,72.0
4664,72.0
4665,72.0
4666,72.0
4667,72.0
4668,72.0
4669,72.0
4670,72.0
4671,72.0
4672,72.0
4673,72.0
4674,72.0
4675,72.0
4676,72.0
4677,72.0
4678,72.0
4679,72.0
4680,72.0
4681,72.0
4682,72.0
4683,72.0
4684,72.0
4685,72.0
4686,72.0
4687,72.0
4688,72.0
4689,72.0
4690,72.0
4691,72.0
4692,72.0
4693,72.0
4694,72.0
4695,72.0
4696,72.0
4697,72.0
4698,72.0
4699,72.0
4700,72.0
4701,72.0
4702,72.0
4703,72.0
4704,72.0
4705,72.0
4706,72.0
4707,72.0
4708,72.0
4709,72.0
4710,72.0
4711,72.0
4712,72.0
4713,72.0
4714,72.0
4715,72.0
4716,72.0
4717,72.0
4718,72.0
4719,72.0
4720,72.0
4721,72.0
4722,72.0
4723,72.0
4724,72.0
4725,72.0
4726,72.0
4727,72.0
4728,72.0
4729,72.0
4730,72.0
4731,72.0
4732,72.0
4733,72.0
4734,72.0
4735,72.0
4736,72.0
4737,72.0
4738,72.0
4739,72.0
4740,72.0
4741,72.0
4742,72.0
4743,72.0
4744,72.0
4745,72.0
4746,72.0
4747,72.0
4748,72.0
4749,72.0
4750,72.0
4751,72.0
4752,72.0
4753,72.0
4754,72.0
4755,72.0
4756,72.0
4757,72.0
4758,72.0
4759,72.0
4760,72.0
4761,72.0
4762,72.0
4763,72.0
4764,72.0
4765,72.0
4766,72.0
4767,72.0
4768,72.0
4769,72.0
4770,72.0
4771,72.0
4772,72.0
4773,72.0
4774,72.0
4775,72.0
4776,72.0
4777,72.0
4778,72.0
4779,72.0
4780,72.0
4786,72.0
4787,72.0
4788,72.0
4789,72.0
4790,72.0
4791,72.0
4792,72.0
4793,72.0
4794,72.0
4795,72.0
4796,72.0
4797,72.0
4797,0.0
4798,72.0
4798,0.0
4799,0.0
4799,72.0
4800,0.0
4800,72.0
4801,0.0
4801,72.0
4802,0.0
4802,72.0
4803,0.0
4803,72.0
4804,0.0
4805,0.0
4806,0.0
4807,0.0
4808,0.0
4809,0.0
4810,0.0
4811,0.0
4812,0.0
4813,0.0
4814,0.0
4815,0.0
4816,0.0
4817,0.0
4818,0.0
4819,0.0
4820,0.0
4821,0.0
4822,0.0
4823,0.0
4824,0.0
4825,0.0
4826,0.0
4827,0.0
4828,0.0
4829,0.0
4830,0.0
4831,0.0
4832,0.0
4833,0.0
4834,0.0
4835,0.0
4836,0.0
4837,0.0
4838,0.0
4839,0.0
4840,0.0
4841,0.0
4842,0.0
4843,0.0
4844,0.0
4845,0.0
4846,0.0
4847,0.0
4848,0.0
4848,72.0
4849,0.0
4850,0.0
4851,0.0
4852,0.0
4853,0.0
4854,0.0
4855,0.0
4856,0.0
4857,0.0
4858,0.0
4859,0.0
4860,0.0
4861,0.0
4861,72.0
4862,0.0
4862,72.0
4863,0.0
4863,72.0
4864,0.0
4864,72.0
4865,0.0
4865,72.0
4866,0.0
4866,72.0
4867,0.0
4867,72.0
4868,0.0
4868,72.0
4869,0.0
4869,72.0
4870,0.0
4870,72.0
4871,0.0
4871,72.0
4872,0.0
4872,72.0
4873,0.0
4873,72.0
4874,0.0
4874,72.0
4875,0.0
4875,72.0
4876,0.0
4876,72.0
4877,0.0
4877,72.0
4878,0.0
4878,72.0
4879,0.0
4879,72.0
4880,0.0
4880,72.0
4881,0.0
4881,72.0
4882,0.0
4882,72.0
4883,0.0
4883,72.0
4884,0.0
4884,72.0
4885,0.0
4885,72.0
4885,0.0
4886,0.0
4886,0.0
4886,72.0
4887,0.0
4887,0.0
4887,72.0
4888,0.0
4888,72.0
4888,0.0
4889,0.0
4889,72.0
4890,0.0
4890,0.0
4890,72.0
4891,0.0
4891,72.0
4892,0.0
4892,0.0
4892,72.0
4893,0.0
4893,0.0
4893,72.0
4894,0.0
4894,0.0
4894,72.0
4895,0.0
4895,0.0
4895,72.0
4896,0.0
4896,0.0
4897,0.0
4897,0.0
4898,0.0
4898,0.0
4899,0.0
4899,0.0
4900,0.0
4900,0.0
4901,0.0
4901,0.0
4902,0.0
4902,0.0
4903,0.0
4903,0.0
4904,0.0
4904,0.0
4905,0.0
4905,0.0
4906,0.0
4906,0.0
4907,0.0
4907,0.0
4908,0.0
4908,0.0
4909,0.0
4909,0.0
4910,0.0
4910,0.0
4911,0.0
4911,0.0
4912,0.0
4912,0.0
4913,0.0
4913,0.0
4914,0.0
4914,0.0
4915,0.0
4915,0.0
4916,0.0
4916,0.0
4917,0.0
4917,0.0
4918,0.0
4918,0.0
4919,0.0
4919,0.0
4920,0.0
4920,0.0
4921,0.0
4921,0.0
4922,0.0
4922,0.0
4923,0.0
4923,72.0
4924,0.0
4924,72.0
4925,0.0
4925,72.0
4926,0.0
4926,72.0
4927,0.0
4927,72.0
4928,0.0
4928,0.0
4929,0.0
4929,0.0
4930,0.0
4930,0.0
4930,72.0
4931,0.0
4931,0.0
4931,72.0
4932,0.0
4933,0.0
4933,0.0
4934,0.0
4934,0.0
4935,0.0
4935,0.0
4936,0.0
4936,0.0
4937,0.0
4937,0.0
4938,0.0
4938,0.0
4939,0.0
4939,0.0
4940,0.0
4940,0.0
4941,0.0
4941,0.0
4942,0.0
4942,0.0
4943,0.0
4943,0.0
4944,0.0
4944,0.0
4945,0.0
4945,0.0
4946,0.0
4946,0.0
4946,72.0
4947,0.0
4947,0.0
4947,72.0
4948,0.0
4948,0.0
4949,0.0
4949,0.0
4950,0.0
4950,0.0
4951,0.0
4951,0.0
4952,0.0
4952,0.0
4953,0.0
4953,0.0
4954,0.0
4954,0.0
4955,0.0
4955,0.0
4956,0.0
4956,0.0
4956,72.0
4957,0.0
4957,0.0
4957,72.0
4958,0.0
4958,0.0
4958,72.0
4959,0.0
4959,0.0
4959,72.0
4960,0.0
4960,0.0
4960,72.0
4961,0.0
4961,0.0
4961,72.0
4962,0.0
4962,0.0
4962,72.0
4963,0.0
4963,72.0
4963,0.0
4964,0.0
4964,72.0
4964,0.0
4965,0.0
4965,72.0
4965,0.0
4966,0.0
4966,72.0
4966,0.0
4967,0.0
4967,72.0
4967,0.0
4968,0.0
4968,72.0
4968,0.0
4969,0.0
4969,72.0
4969,0.0
4970,0.0
4970,72.0
4970,0.0
4971,0.0
4971,72.0
4971,0.0
4972,0.0
4972,72.0
4972,0.0
4973,0.0
4973,72.0
4973,0.0
4974,0.0
4974,72.0
4974,0.0
4975,0.0
4975,72.0
4976,0.0
4976,72.0
4977,0.0
4977,72.0
4978,0.0
4978,72.0
4979,0.0
4979,72.0
4980,0.0
4980,72.0
4981,72.0
4981,0.0
4982,72.0
4982,0.0
4983,72.0
4984,72.0
4984,0.0
4984,0.0
4985,0.0
4985,72.0
4985,0.0
4986,0.0
4986,72.0
4986,0.0
4987,0.0
4987,0.0
4987,72.0
4988,0.0
4988,0.0
4988,72.0
4989,0.0
4989,0.0
4989,72.0
4990,0.0
4990,0.0
4990,72.0
4991,0.0
4991,0.0
4991,72.0
4992,0.0
4992,0.0
4992,72.0
4993,0.0
4993,0.0
4993,72.0
4994,0.0
4994,0.0
4994,72.0
4995,0.0
4995,0.0
4995,72.0
4996,0.0
4996,0.0
4996,72.0
4997,0.0
4997,0.0
4997,72.0
4998,0.0
4998,0.0
4998,72.0
4999,0.0
4999,0.0
4999,72.0
5000,0.0
5000,0.0
5000,72.0
5001,0.0
5001,0.0
5001,72.0
5002,0.0
5002,0.0
5002,72.0
5003,0.0
5003,0.0
5003,72.0
5004,0.0
5004,0.0
5004,72.0
5005,0.0
5005,0.0
5005,72.0
5006,0.0
5006,0.0
5006,72.0
5007,0.0
5007,0.0
5007,72.0
5008,0.0
5008,0.0
5008,72.0
5009,0.0
5009,0.0
5009,72.0
5010,0.0
5010,0.0
5010,72.0
5011,0.0
5011,0.0
5011,72.0
5012,0.0
5012,0.0
5012,72.0
5013,0.0
5013,0.0
5013,72.0
5014,0.0
5014,0.0
5014,72.0
5015,0.0
5015,72.0
5015,0.0
5016,0.0
5016,0.0
5016,72.0
5017,0.0
5017,0.0
5017,72.0
5018,0.0
5018,72.0
5018,0.0
5019,72.0
5019,0.0
5020,72.0
5020,0.0
5020,0.0
5021,72.0
5021,0.0
5021,0.0
5022,0.0
5022,72.0
5022,0.0
5023,0.0
5023,72.0
5023,0.0
5024,0.0
5024,0.0
5024,72.0
5025,0.0
5025,0.0
5025,72.0
5026,0.0
5026,0.0
5026,72.0
5027,0.0
5027,0.0
5027,72.0
5028,0.0
5028,0.0
5028,72.0
5029,0.0
5029,0.0
5029,72.0
5030,0.0
5030,0.0
5030,72.0
5031,0.0
5031,0.0
5031,72.0
5032,0.0
5032,0.0
5032,72.0
5033,0.0
5033,0.0
5033,72.0
5034,0.0
5034,0.0
5034,72.0
5035,0.0
5035,0.0
5035,72.0
5036,0.0
5036,0.0
5036,72.0
5037,0.0
5037,0.0
5037,72.0
5038,0.0
5038,0.0
5038,72.0
5039,0.0
5039,0.0
5039,72.0
5040,0.0
5040,0.0
5040,72.0
5041,0.0
5041,0.0
5041,72.0
5042,0.0
5042,0.0
5042,72.0
5043,0.0
5043,0.0
5043,72.0
5044,0.0
5044,0.0
5044,72.0
5045,0.0
5045,0.0
5045,72.0
5046,0.0
5046,0.0
5046,72.0
5047,0.0
5047,0.0
5047,72.0
5048,0.0
5048,0.0
5048,72.0
5049,0.0
5049,0.0
5049,72.0
5050,0.0
5050,0.0
5050,72.0
5051,0.0
5051,0.0
5051,72.0
5052,0.0
5052,0.0
5052,72.0
5053,0.0
5053,0.0
5053,72.0
5054,0.0
5054,0.0
5054,72.0
5055,0.0
5055,0.0
5055,72.0
5056,0.0
5056,0.0
5056,72.0
5057,0.0
5057,0.0
5057,72.0
5058,0.0
5058,0.0
5058,72.0
5059,0.0
5059,0.0
5059,72.0
5060,0.0
5060,0.0
5060,72.0
5061,0.0
5061,0.0
5061,72.0
5062,0.0
5062,0.0
5062,72.0
5063,0.0
5063,0.0
5063,72.0
5064,0.0
5064,0.0
5064,72.0
5065,0.0
5065,0.0
5065,72.0
5066,0.0
5066,0.0
5066,72.0
5067,0.0
5067,0.0
5067,72.0
5068,0.0
5068,0.0
5068,72.0
5069,0.0
5069,0.0
5069,72.0
5070,0.0
5070,0.0
5071,0.0
5071,0.0
5072,0.0
5072,0.0
5073,0.0
5073,0.0
5074,0.0
5074,0.0
5075,0.0
5075,0.0
5076,0.0
5076,0.0
5077,0.0
5077,0.0
5078,0.0
5078,0.0
5079,0.0
5079,0.0
5080,0.0
5080,0.0
5081,0.0
5081,0.0
5082,0.0
5082,0.0
5082,72.0
5083,0.0
5083,0.0
5084,0.0
5084,0.0
5085,0.0
5085,0.0
5086,0.0
5086,0.0
5087,0.0
5087,0.0
5088,0.0
5088,0.0
5089,0.0
5089,0.0
5090,0.0
5090,0.0
5091,0.0
5091,0.0
5092,0.0
5092,0.0
5093,0.0
5093,0.0
5094,0.0
5094,0.0
5094,72.0
5095,0.0
5095,0.0
5095,72.0
5096,0.0
5096,0.0
5096,72.0
5097,0.0
5097,0.0
5097,72.0
5098,0.0
5098,0.0
5098,72.0
5099,0.0
5099,0.0
5099,72.0
5100,0.0
5100,0.0
5100,72.0
5101,0.0
5101,0.0
5101,72.0
5102,0.0
5102,0.0
5102,72.0
5103,0.0
5103,0.0
5103,72.0
5104,0.0
5104,0.0
5104,72.0
5105,0.0
5105,0.0
5105,72.0
5106,0.0
5106,0.0
5106,72.0
5107,0.0
5107,0.0
5107,72.0
5108,0.0
5108,0.0
5108,72.0
5109,0.0
5109,0.0
5109,72.0
5110,0.0
5110,0.0
5110,72.0
5111,0.0
5111,0.0
5111,72.0
5112,0.0
5112,0.0
5112,72.0
5113,0.0
5113,0.0
5113,72.0
5114,0.0
5114,0.0
5114,72.0
5115,0.0
5115,0.0
5115,72.0
5116,0.0
5116,0.0
5116,72.0
5117,0.0
5117,0.0
5117,72.0
5118,0.0
5118,0.0
5118,72.0
5119,0.0
5119,0.0
5119,72.0
5120,0.0
5120,0.0
5120,72.0
5121,0.0
5121,0.0
5121,72.0
5122,0.0
5122,0.0
5122,72.0
5123,0.0
5123,0.0
5123,72.0
5124,0.0
5124,0.0
5124,72.0
5125,0.0
5125,0.0
5125,72.0
5126,0.0
5126,0.0
5127,0.0
5127,0.0
5128,0.0
5128,0.0
5128,72.0
5129,0.0
5129,0.0
5130,0.0
5130,0.0
5131,0.0
5131,0.0
5132,0.0
5132,0.0
5132,72.0
5133,0.0
5133,0.0
5133,72.0
5134,0.0
5134,0.0
5135,0.0
5135,0.0
5135,72.0
5136,0.0
5136,0.0
5136,72.0
5137,0.0
5137,0.0
5137,72.0
5138,0.0
5138,0.0
5138,72.0
5138,0.0
5139,0.0
5139,0.0
5139,72.0
5139,0.0
5140,0.0
5140,0.0
5140,72.0
5140,0.0
5141,0.0
5141,0.0
5141,72.0
5142,0.0
5142,0.0
5142,72.0
5143,0.0
5143,0.0
5143,72.0
5144,0.0
5144,0.0
5144,72.0
5145,0.0
5145,0.0
5145,72.0
5146,0.0
5146,0.0
5146,72.0
5147,0.0
5147,0.0
5147,72.0
5148,0.0
5148,0.0
5148,72.0
5149,0.0
5149,0.0
5149,72.0
5150,0.0
5150,0.0
5150,72.0
5151,0.0
5151,0.0
5151,72.0
5152,0.0
5152,0.0
5152,72.0
5153,0.0
5153,0.0
5153,72.0
5154,0.0
5154,0.0
5154,72.0
5155,0.0
5155,72.0
5155,0.0
5156,0.0
5156,72.0
5156,0.0
5157,0.0
5157,72.0
5157,0.0
5158,0.0
5158,72.0
5158,0.0
5159,0.0
5159,72.0
5159,0.0
5160,0.0
5160,72.0
5160,0.0
5161,0.0
5161,72.0
5161,0.0
5162,0.0
5162,72.0
5162,0.0
5163,0.0
5163,72.0
5163,0.0
5164,0.0
5164,72.0
5164,0.0
5165,0.0
5165,72.0
5166,0.0
5166,72.0
5167,0.0
5167,72.0
5168,0.0
5168,72.0
5169,0.0
5169,72.0
5170,0.0
5170,72.0
5171,0.0
5171,72.0
5172,0.0
5172,72.0
5173,0.0
5173,72.0
5173,0.0
5174,0.0
5174,72.0
5175,0.0
5175,72.0
5176,0.0
5176,72.0
5176,0.0
5177,0.0
5177,72.0
5177,0.0
5178,0.0
5178,72.0
5178,0.0
5179,0.0
5179,72.0
5179,0.0
5180,0.0
5180,72.0
5180,0.0
5181,0.0
5181,72.0
5181,0.0
5182,0.0
5182,72.0
5182,0.0
5183,0.0
5183,72.0
5183,0.0
5184,0.0
5184,72.0
5184,0.0
5185,0.0
5185,72.0
5185,0.0
5186,0.0
5186,72.0
5186,0.0
5187,0.0
5187,72.0
5187,0.0
5188,0.0
5188,72.0
5188,0.0
5189,0.0
5189,0.0
5189,72.0
5190,0.0
5190,0.0
5190,72.0
5191,0.0
5191,72.0
5192,0.0
5192,72.0
5193,0.0
5193,72.0
5194,0.0
5194,72.0
5195,0.0
5195,72.0
5196,0.0
5196,72.0
5197,0.0
5197,72.0
5198,0.0
5198,72.0
5199,0.0
5199,72.0
5200,0.0
5200,0.0
5200,72.0
5201,0.0
5201,0.0
5201,72.0
5202,0.0
5202,0.0
5202,72.0
5203,0.0
5203,0.0
5203,72.0
5204,0.0
5204,0.0
5204,72.0
5205,0.0
5205,0.0
5205,72.0
5206,0.0
5206,0.0
5207,0.0
5207,0.0
5208,0.0
5209,0.0
5210,0.0
5210,0.0
5211,0.0
5211,0.0
5212,0.0
5212,72.0
5213,0.0
5213,72.0
5214,0.0
5214,72.0
5215,0.0
5215,72.0
5216,0.0
5216,72.0
5217,0.0
5217,72.0
5218,0.0
5218,72.0
5219,0.0
5219,0.0
5219,72.0
5220,0.0
5221,0.0
5221,72.0
5222,0.0
5222,72.0
5223,0.0
5223,72.0
5224,0.0
5224,72.0
5225,0.0
5225,72.0
5226,0.0
5226,72.0
5227,0.0
5227,0.0
5228,0.0
5228,72.0
5228,0.0
5229,0.0
5229,72.0
5229,0.0
5230,0.0
5230,0.0
5231,0.0
5231,0.0
5232,0.0
5232,0.0
5232,72.0
5233,0.0
5233,0.0
5234,0.0
5234,0.0
5235,0.0
5235,0.0
5236,0.0
5236,0.0
5237,0.0
5237,0.0
5237,72.0
5238,0.0
5238,0.0
5238,72.0
5239,0.0
5239,0.0
5240,0.0
5240,0.0
5241,0.0
5241,0.0
5242,0.0
5242,0.0
5243,0.0
5243,0.0
5244,0.0
5244,0.0
5245,0.0
5245,0.0
5246,0.0
5246,0.0
5247,0.0
5247,0.0
5248,0.0
5248,0.0
5249,0.0
5249,0.0
5250,0.0
5250,0.0
5251,0.0
5251,0.0
5251,72.0
5252,0.0
5252,0.0
5253,0.0
5253,0.0
5254,0.0
5254,0.0
5255,0.0
5255,0.0
5256,0.0
5256,0.0
5257,0.0
5257,0.0
5258,0.0
5258,0.0
5259,0.0
5259,0.0
5260,0.0
5260,0.0
5261,0.0
5261,0.0
5262,0.0
5262,0.0
5263,0.0
5263,0.0
5264,0.0
5264,0.0
5265,0.0
5265,0.0
5266,0.0
5266,0.0
5267,0.0
5267,0.0
5268,0.0
5268,0.0
5269,0.0
5269,0.0
5270,0.0
5270,0.0
5271,0.0
5271,0.0
5272,0.0
5272,0.0
5273,0.0
5273,0.0
5274,0.0
5274,0.0
5275,0.0
5275,0.0
5276,0.0
5276,0.0
5277,0.0
5277,0.0
5278,0.0
5278,0.0
5279,0.0
5279,0.0
5280,0.0
5280,0.0
5281,0.0
5281,0.0
5282,0.0
5282,0.0
5283,0.0
5283,0.0
5284,0.0
5284,0.0
5285,0.0
5285,0.0
5285,39.0
5286,0.0
5286,0.0
5286,39.0
5287,0.0
5287,0.0
5287,39.0
5288,0.0
5288,0.0
5288,39.0
5289,0.0
5289,0.0
5289,39.0
5290,0.0
5290,0.0
5290,39.0
5291,0.0
5291,0.0
5291,39.0
5292,0.0
5292,0.0
5292,39.0
5293,0.0
5293,0.0
5293,39.0
5294,0.0
5294,0.0
5294,39.0
5295,0.0
5295,0.0
5295,39.0
5296,0.0
5296,0.0
5297,0.0
5297,0.0
5298,0.0
5298,0.0
5299,0.0
5299,0.0
5300,0.0
5300,0.0
5301,0.0
5301,0.0
5302,0.0
5302,0.0
5303,0.0
5303,0.0
5304,0.0
5304,0.0
5305,0.0
5305,0.0
5306,0.0
5306,0.0
5307,0.0
5307,0.0
5308,0.0
5308,0.0
5309,0.0
5309,0.0
5310,0.0
5310,0.0
5311,0.0
5311,0.0
5312,0.0
5312,0.0
5313,0.0
5313,0.0
5314,0.0
5314,0.0
5315,0.0
5315,0.0
5316,0.0
5316,0.0
5317,0.0
5317,0.0
5318,0.0
5318,0.0
5319,0.0
5319,0.0
5320,0.0
5320,0.0
5321,0.0
5321,0.0
5322,0.0
5322,0.0
5323,0.0
5323,0.0
5324,0.0
5324,0.0
5325,0.0
5325,0.0
5326,0.0
5326,0.0
5327,0.0
5327,0.0
5328,0.0
5328,0.0
5329,0.0
5329,0.0
5330,0.0
5330,0.0
5331,0.0
5331,0.0
5332,0.0
5332,0.0
5333,0.0
5333,0.0
5334,0.0
5334,0.0
5335,0.0
5336,0.0
5337,0.0
5338,0.0
5339,0.0
5340,0.0
5341,0.0
5342,0.0
5343,0.0
5344,0.0
5345,0.0
5346,0.0
5347,0.0
5348,0.0
5349,0.0
5350,0.0
5351,0.0
5352,0.0
5353,0.0
5354,0.0
5355,0.0
5356,0.0
5357,0.0
5358,0.0
5359,0.0
5360,0.0
5361,0.0
5362,0.0
5363,0.0
5364,0.0
5365,0.0
5366,0.0
5367,0.0
5368,0.0
5369,0.0
5370,0.0
5371,0.0
5372,0.0
5373,0.0
5374,0.0
5375,0.0
5376,0.0
5377,0.0
5378,0.0
5379,0.0
5380,0.0
5381,0.0
5382,0.0
5382,72.0
5383,0.0
5383,72.0
5384,0.0
5384,72.0
5385,0.0
5386,0.0
5387,0.0
5387,72.0
5388,0.0
5388,72.0
5389,0.0
5389,72.0
5390,0.0
5391,0.0
5392,0.0
5393,0.0
5394,0.0
5394,72.0
5395,0.0
5396,0.0
5397,0.0
5398,0.0
5399,0.0
5399,72.0
5400,0.0
5400,72.0
5401,0.0
5401,72.0
5402,72.0
5402,0.0
5403,72.0
5403,0.0
5404,72.0
5405,72.0
5406,72.0
5407,72.0
5408,72.0
5409,72.0
5410,72.0
5411,72.0
5412,72.0
5413,72.0
5414,72.0
5415,72.0
5416,72.0
5417,72.0
5418,72.0
5419,72.0
5420,72.0
5421,72.0
5422,72.0
5423,72.0
5424,72.0
5425,72.0
5426,72.0
5427,72.0
5428,72.0
5429,72.0
5430,72.0
5431,72.0
5432,72.0
5433,72.0
5434,72.0
5435,72.0
5436,72.0
5437,72.0
5438,72.0
5439,72.0
5440,72.0
5441,72.0
5442,72.0
5443,72.0
5444,72.0
5445,72.0
5446,72.0
5447,72.0
5448,72.0
5449,72.0
5450,72.0
5451,72.0
5452,72.0
5453,72.0
5454,72.0
5455,72.0
5456,72.0
5457,72.0
5458,72.0
5459,72.0
5460,72.0
5461,72.0
5462,72.0
5463,72.0
5464,72.0
5465,72.0
5466,72.0
5467,72.0
5467,0.0
5468,72.0
5468,0.0
5469,72.0
5469,0.0
5470,72.0
5470,0.0
5471,72.0
5471,0.0
5472,72.0
5472,0.0
5473,72.0
5473,0.0
5474,72.0
5474,0.0
5475,72.0
5475,0.0
5476,72.0
5476,0.0
5477,72.0
5477,0.0
5478,72.0
5478,0.0
5479,72.0
5479,0.0
5480,72.0
5480,0.0
5481,72.0
5481,0.0
5482,72.0
5482,0.0
5483,72.0
5483,0.0
5484,72.0
5484,0.0
5485,72.0
5486,72.0
5487,72.0
5488,72.0
5489,72.0
5489,0.0
5490,0.0
5490,72.0
5491,72.0
5491,0.0
5492,72.0
5492,0.0
5492,0.0
5493,72.0
5493,0.0
5493,0.0
5494,72.0
5494,0.0
5495,72.0
5496,72.0
5497,72.0
5497,0.0
5498,72.0
5498,0.0
5498,0.0
5499,0.0
5499,72.0
5499,0.0
5500,72.0
5500,0.0
5500,0.0
5501,72.0
5501,0.0
5502,72.0
5502,0.0
5503,72.0
5504,0.0
5504,72.0
5505,0.0
5505,72.0
5506,0.0
5506,72.0
5507,0.0
5507,0.0
5507,72.0
5508,0.0
5508,0.0
5508,72.0
5509,0.0
5509,0.0
5509,72.0
5510,0.0
5511,0.0
5512,0.0
5513,0.0
5514,0.0
5515,0.0
5516,0.0
5516,0.0
5517,0.0
5517,0.0
5518,0.0
5519,0.0
5519,72.0
5520,0.0
5520,72.0
5521,0.0
5521,72.0
5522,0.0
5523,0.0
5524,0.0
5525,0.0
5525,0.0
5526,0.0
5526,0.0
5526,0.0
5527,0.0
5527,0.0
5527,0.0
5528,0.0
5528,0.0
5528,0.0
5528,72.0
5529,0.0
5529,0.0
5529,0.0
5529,72.0
5530,0.0
5530,0.0
5530,0.0
5531,0.0
5531,72.0
5531,0.0
5532,0.0
5532,0.0
5533,0.0
5533,0.0
5533,72.0
5534,0.0
5534,72.0
5535,0.0
5536,0.0
5537,0.0
5538,0.0
5539,0.0
5540,0.0
5541,0.0
5542,0.0
5543,0.0
5544,0.0
5545,0.0
5546,0.0
5546,0.0
5547,0.0
5547,0.0
5548,0.0
5549,0.0
5550,0.0
5550,72.0
5550,0.0
5551,0.0
5551,0.0
5552,0.0
5552,0.0
5553,0.0
5553,0.0
5554,0.0
5554,0.0
5555,0.0
5555,0.0
5556,0.0
5556,0.0
5557,0.0
5558,0.0
5559,0.0
5560,0.0
5560,72.0
5561,0.0
5561,72.0
5562,0.0
5563,0.0
5563,72.0
5564,0.0
5565,0.0
5566,0.0
5567,0.0
5567,0.0
5568,0.0
5569,0.0
5569,0.0
5570,0.0
5570,0.0
5571,0.0
5572,0.0
5573,0.0
5573,0.0
5574,0.0
5574,0.0
5574,72.0
5575,0.0
5575,0.0
5575,72.0
5576,0.0
5576,0.0
5576,72.0
5577,0.0
5577,0.0
5577,72.0
5578,0.0
5578,0.0
5578,72.0
5579,0.0
5579,0.0
5579,72.0
5580,0.0
5581,0.0
5582,0.0
5582,0.0
5582,72.0
5583,0.0
5583,72.0
5583,0.0
5584,0.0
5584,0.0
5584,72.0
5585,0.0
5585,72.0
5586,0.0
5586,72.0
5587,0.0
5587,72.0
5587,0.0
5588,0.0
5588,0.0
5588,72.0
5589,0.0
5589,0.0
5589,72.0
5590,0.0
5590,0.0
5590,72.0
5591,0.0
5591,0.0
5591,72.0
5592,0.0
5592,0.0
5593,0.0
5593,0.0
5594,0.0
5594,0.0
5595,0.0
5595,0.0
5596,0.0
5596,0.0
5597,0.0
5597,0.0
5598,0.0
5598,0.0
5599,0.0
5599,0.0
5599,72.0
5600,0.0
5600,0.0
5601,0.0
5601,0.0
5602,0.0
5602,0.0
5603,0.0
5603,0.0
5604,0.0
5604,0.0
5605,0.0
5605,0.0
5606,0.0
5606,0.0
5607,0.0
5607,0.0
5608,0.0
5608,0.0
5609,0.0
5609,0.0
5610,0.0
5610,0.0
5611,0.0
5611,0.0
5612,0.0
5612,0.0
5613,0.0
5613,0.0
5614,0.0
5614,0.0
5615,0.0
5615,0.0
5616,0.0
5616,0.0
5616,72.0
5617,0.0
5617,0.0
5617,72.0
5618,0.0
5618,0.0
5618,72.0
5619,0.0
5619,0.0
5620,0.0
5620,0.0
5621,0.0
5621,0.0
5622,0.0
5622,0.0
5623,0.0
5623,0.0
5624,0.0
5624,0.0
5625,0.0
5625,0.0
5626,0.0
5626,0.0
5626,72.0
5627,0.0
5627,0.0
5627,72.0
5628,0.0
5628,0.0
5628,72.0
5629,0.0
5629,0.0
5630,0.0
5630,0.0
5631,0.0
5631,0.0
5632,0.0
5632,0.0
5633,0.0
5633,0.0
5634,0.0
5634,0.0
5635,0.0
5635,0.0
5636,0.0
5636,0.0
5637,0.0
5637,0.0
5638,0.0
5638,0.0
5639,0.0
5639,0.0
5640,0.0
5640,0.0
5641,0.0
5641,0.0
5642,0.0
5642,0.0
5643,0.0
5643,0.0
5644,0.0
5644,0.0
5645,0.0
5645,0.0
5646,0.0
5646,0.0
5647,0.0
5647,0.0
5648,0.0
5648,0.0
5649,0.0
5649,0.0
5650,0.0
5650,0.0
5651,0.0
5651,0.0
5652,0.0
5652,0.0
5653,0.0
5653,0.0
5654,0.0
5654,0.0
5655,0.0
5655,0.0
5656,0.0
5656,0.0
5657,0.0
5657,0.0
5658,0.0
5658,0.0
5659,0.0
5659,0.0
5660,0.0
5660,0.0
5661,0.0
5661,0.0
5662,0.0
5662,0.0
5663,0.0
5663,0.0
5664,0.0
5664,0.0
5665,0.0
5665,0.0
5666,0.0
5666,0.0
5667,0.0
5667,0.0
5668,0.0
5668,0.0
5669,0.0
5669,0.0
5670,0.0
5670,0.0
5671,0.0
5671,0.0
5672,0.0
5672,0.0
5673,0.0
5673,0.0
5674,0.0
5674,0.0
5675,0.0
5675,0.0
5676,0.0
5676,0.0
5677,0.0
5677,0.0
5678,0.0
5678,0.0
5679,0.0
5679,0.0
5680,0.0
5680,0.0
5681,0.0
5681,0.0
5682,0.0
5682,0.0
5683,0.0
5683,0.0
5684,0.0
5684,0.0
5685,0.0
5685,0.0
5686,0.0
5686,0.0
5687,0.0
5687,0.0
5688,0.0
5688,0.0
5689,0.0
5689,0.0
5690,0.0
5690,0.0
5691,0.0
5691,0.0
5692,0.0
5692,0.0
5693,0.0
5693,0.0
5694,0.0
5694,0.0
5695,0.0
5695,0.0
5696,0.0
5696,0.0
5697,0.0
5697,0.0
5698,0.0
5698,0.0
5699,0.0
5699,0.0
5700,0.0
5700,0.0
5701,0.0
5701,0.0
5702,0.0
5702,0.0
5703,0.0
5703,0.0
5704,0.0
5704,0.0
5705,0.0
5705,0.0
5706,0.0
5706,0.0
5707,0.0
5707,0.0
5708,0.0
5708,0.0
5709,0.0
5709,0.0
5710,0.0
5710,0.0
5711,0.0
5711,0.0
5712,0.0
5712,0.0
5713,0.0
5713,0.0
5714,0.0
5714,0.0
5715,0.0
5715,0.0
5716,0.0
5716,0.0
5717,0.0
5717,0.0
5718,0.0
5718,0.0
5719,0.0
5719,0.0
5720,0.0
5720,0.0
5721,0.0
5721,0.0
5722,0.0
5722,0.0
5723,0.0
5723,0.0
5724,0.0
5724,0.0
5725,0.0
5725,0.0
5726,0.0
5726,0.0
5727,0.0
5727,0.0
5728,0.0
5728,0.0
5729,0.0
5729,0.0
5730,0.0
5730,0.0
5731,0.0
5731,0.0
5732,0.0
5732,0.0
5733,0.0
5733,0.0
5734,0.0
5734,0.0
5735,0.0
5735,0.0
5736,0.0
5736,0.0
5737,0.0
5737,0.0
5738,0.0
5738,0.0
5739,0.0
5739,0.0
5740,0.0
5740,0.0
5741,0.0
5741,0.0
5742,0.0
5742,0.0
5743,0.0
5743,0.0
5744,0.0
5744,0.0
5745,0.0
5745,0.0
5746,0.0
5746,0.0
5747,0.0
5747,0.0
5748,0.0
5748,0.0
5749,0.0
5749,0.0
5750,0.0
5750,0.0
5751,0.0
5751,0.0
5752,0.0
5752,0.0
5753,0.0
5753,0.0
5754,0.0
5754,0.0
5755,0.0
5755,0.0
5756,0.0
5756,0.0
5757,0.0
5757,0.0
5758,0.0
5758,0.0
5759,0.0
5759,0.0
5760,0.0
5760,0.0
5761,0.0
5761,0.0
5762,0.0
5762,0.0
5763,0.0
5763,0.0
5764,0.0
5764,0.0
5765,0.0
5765,0.0
5766,0.0
5766,0.0
5767,0.0
5767,0.0
5768,0.0
5768,0.0
5769,0.0
5769,0.0
5770,0.0
5770,0.0
5771,0.0
5771,0.0
5772,0.0
5772,0.0
5773,0.0
5773,0.0
5774,0.0
5774,0.0
5775,0.0
5775,0.0
5776,0.0
5776,0.0
5777,0.0
5777,0.0
5778,0.0
5778,0.0
5779,0.0
5779,0.0
5780,0.0
5780,0.0
5781,0.0
5781,0.0
5782,0.0
5782,0.0
5783,0.0
5783,0.0
5784,0.0
5784,0.0
5785,0.0
5785,0.0
5786,0.0
5786,0.0
5787,0.0
5787,0.0
5788,0.0
5788,0.0
5789,0.0
5789,0.0
5790,0.0
5790,0.0
5791,0.0
5791,0.0
5792,0.0
5792,0.0
5793,0.0
5793,0.0
5794,0.0
5794,0.0
5795,0.0
5795,0.0
5796,0.0
5796,0.0
5797,0.0
5797,0.0
5798,0.0
5798,0.0
5799,0.0
5799,0.0
5800,0.0
5800,0.0
5801,0.0
5801,0.0
5802,0.0
5802,0.0
5803,0.0
5803,0.0
5804,0.0
5804,0.0
5805,0.0
5805,0.0
5806,0.0
5806,0.0
5807,0.0
5807,0.0
5808,0.0
5808,0.0
5809,0.0
5809,0.0
5810,0.0
5810,0.0
5811,0.0
5811,0.0
5812,0.0
5812,0.0
5813,0.0
5813,0.0
5814,0.0
5814,0.0
5815,0.0
5815,0.0
5816,0.0
5816,0.0
5817,0.0
5817,0.0
5818,0.0
5818,0.0
5819,0.0
5819,0.0
5820,0.0
5820,0.0
5821,0.0
5821,0.0
5822,0.0
5822,0.0
5823,0.0
5823,0.0
5824,0.0
5824,0.0
5825,0.0
5825,0.0
5826,0.0
5826,0.0
5827,0.0
5827,0.0
5828,0.0
5828,0.0
5829,0.0
5829,0.0
5830,0.0
5830,0.0
5831,0.0
5831,0.0
5832,0.0
5832,0.0
5833,0.0
5833,0.0
5834,0.0
5834,0.0
5835,0.0
5835,0.0
5836,0.0
5836,0.0
5837,0.0
5837,0.0
5838,0.0
5838,0.0
5839,0.0
5839,0.0
5840,0.0
5840,0.0
5841,0.0
5841,0.0
5842,0.0
5842,0.0
5843,0.0
5843,0.0
5844,0.0
5844,0.0
5845,0.0
5845,0.0
5846,0.0
5846,0.0
5847,0.0
5847,0.0
5847,72.0
5848,0.0
5848,0.0
5849,0.0
5849,0.0
5850,0.0
5850,0.0
5851,0.0
5851,0.0
5852,0.0
5852,0.0
5853,0.0
5853,0.0
5854,0.0
5854,0.0
5854,72.0
5855,0.0
5855,0.0
5855,72.0
5856,0.0
5856,0.0
5856,72.0
5857,0.0
5857,0.0
5857,72.0
5858,0.0
5858,0.0
5858,72.0
5859,0.0
5859,0.0
5859,72.0
5860,0.0
5860,0.0
5860,72.0
5861,0.0
5861,0.0
5861,72.0
5862,0.0
5862,0.0
5862,72.0
5863,0.0
5863,0.0
5863,72.0
5863,39.0
5864,0.0
5864,72.0
5865,0.0
5865,72.0
5866,0.0
5866,72.0
5866,0.0
5867,0.0
5867,72.0
5867,0.0
5868,0.0
5868,72.0
5869,0.0
5869,72.0
5870,0.0
5870,72.0
5871,0.0
5871,72.0
5872,0.0
5872,72.0
5873,0.0
5873,72.0
5874,0.0
5874,72.0
5875,0.0
5875,72.0
5876,0.0
5876,72.0
5877,0.0
5877,72.0
5878,0.0
5878,72.0
5879,0.0
5879,72.0
5880,0.0
5881,0.0
5882,0.0
5883,0.0
5884,0.0
5885,0.0
5886,0.0
5887,0.0
5888,0.0
5889,0.0
5890,0.0
5891,0.0
5892,0.0
5893,0.0
5894,0.0
5895,0.0
5895,72.0
5896,0.0
5897,0.0
5897,72.0
5898,0.0
5899,0.0
5899,72.0
5900,0.0
5901,0.0
5902,0.0
5903,0.0
5904,0.0
5905,0.0
5905,72.0
5906,0.0
5906,72.0
5907,0.0
5907,72.0
5908,0.0
5908,72.0
5909,0.0
5909,72.0
5910,0.0
5910,72.0
5911,0.0
5912,0.0
5912,72.0
5913,0.0
5914,0.0
5915,0.0
5916,0.0
5917,0.0
5917,72.0
5918,0.0
5918,72.0
5919,0.0
5920,0.0
5920,72.0
5921,0.0
5921,72.0
5922,0.0
5922,72.0
5923,0.0
5923,72.0
5924,0.0
5924,72.0
5925,0.0
5925,72.0
5926,0.0
5926,72.0
5927,0.0
5928,0.0
5929,0.0
5930,0.0
5931,0.0
5932,0.0
5933,0.0
5933,72.0
5934,0.0
5934,72.0
5935,0.0
5936,0.0
5936,72.0
5937,0.0
5937,72.0
5938,0.0
5938,72.0
5939,72.0
5942,72.0
5943,72.0
5944,0.0
5945,0.0
5946,0.0
5947,0.0
5948,0.0
5949,0.0
5950,0.0
5951,0.0
5952,0.0
5953,0.0
5954,0.0
5955,0.0
5956,0.0
5957,0.0
5958,0.0
5959,0.0
5960,0.0
5961,0.0
5962,0.0
5963,0.0
5964,0.0
5965,0.0
5966,0.0
5967,0.0
5968,0.0
5969,0.0
5970,0.0
5971,0.0
5972,0.0
5973,0.0
5974,0.0
5975,0.0
5976,0.0
5977,0.0
5978,0.0
5979,0.0
5980,0.0
5981,0.0
5982,0.0
5983,0.0
5984,0.0
5985,0.0
5986,0.0
5987,0.0
5988,0.0
5989,0.0
5989,72.0
5990,0.0
5990,72.0
5991,0.0
5991,72.0
5992,0.0
5992,72.0
5993,0.0
5994,0.0
5994,72.0
5995,0.0
5995,72.0
5996,0.0
5996,72.0
5997,0.0
5997,72.0
5998,0.0
5998,72.0
5999,72.0
5999,0.0
6000,72.0
6000,0.0
6001,72.0
6001,0.0
6002,72.0
6002,0.0
6003,72.0
6003,0.0
6004,72.0
6004,0.0
6005,72.0
6005,0.0
6006,72.0
6006,0.0
6007,72.0
6007,0.0
6008,72.0
6008,0.0
6009,72.0
6009,0.0
6010,72.0
6010,0.0
6011,0.0
6011,72.0
6012,0.0
6012,72.0
6013,0.0
6013,72.0
6014,0.0
6014,72.0
6015,0.0
6015,72.0
6016,0.0
6016,72.0
6017,0.0
6017,72.0
6018,0.0
6018,72.0
6019,0.0
6019,72.0
6020,0.0
6020,72.0
6021,0.0
6021,72.0
6022,0.0
6022,72.0
6023,0.0
6023,72.0
6024,0.0
6024,72.0
6025,0.0
6025,72.0
6026,0.0
6026,72.0
6027,0.0
6027,72.0
6028,0.0
6028,72.0
6029,0.0
6029,72.0
6030,0.0
6030,72.0
6031,0.0
6031,72.0
6032,0.0
6033,0.0
6035,0.0
6041,72.0
6042,72.0
6064,72.0
6066,72.0
6067,72.0
6068,72.0
6069,72.0
6070,72.0
6071,72.0
6072,72.0
6073,72.0
6074,72.0
6075,72.0
6076,72.0
6077,72.0
6078,72.0
6079,72.0
6080,72.0
6081,72.0
6082,72.0
6083,72.0
6084,72.0
6085,72.0
6086,72.0
6087,72.0
6088,72.0
6089,72.0
6090,72.0
6091,72.0
6092,72.0
6093,72.0
6094,72.0
6095,72.0
6096,72.0
6097,72.0
6098,72.0
6099,72.0
6100,72.0
6101,72.0
6102,72.0
6103,72.0
6104,72.0
6105,72.0
6106,72.0
6107,72.0
6108,72.0
6109,72.0
6110,72.0
6111,72.0
6112,72.0
6113,72.0
6114,72.0
6115,72.0
6116,72.0
6117,72.0
6118,72.0
6119,72.0
6120,72.0
6121,72.0
6122,72.0
6123,72.0
6124,72.0
6125,72.0
6126,72.0
6127,72.0
6128,72.0
6129,72.0
6130,72.0
6131,72.0
6132,72.0
6133,72.0
6134,72.0
6135,72.0
6136,72.0
6137,72.0
6138,72.0
6139,72.0
6140,72.0
6141,72.0
6142,72.0
6143,72.0
6144,72.0
6145,72.0
6146,72.0
6147,72.0
6148,72.0
6149,72.0
6150,72.0
6151,72.0
6152,72.0
6153,72.0
6154,72.0
6155,72.0
6156,72.0
6157,72.0
6158,72.0
6159,72.0
6160,72.0
6161,72.0
6162,72.0
6163,72.0
6164,72.0
6165,72.0
6166,72.0
6167,72.0
6168,72.0
6169,72.0
6170,72.0
6171,72.0
6172,72.0
6173,72.0
6174,72.0
6175,72.0
6176,72.0
6177,72.0
6178,72.0
6179,72.0
6180,72.0
6181,72.0
6182,72.0
6183,72.0
6184,72.0
6185,72.0
6186,72.0
6187,72.0
6188,72.0
6189,72.0
6190,72.0
6191,72.0
6192,72.0
6193,72.0
6194,72.0
6195,72.0
6196,72.0
6197,72.0
6198,72.0
6199,72.0
6200,72.0
6201,72.0
6202,72.0
6203,72.0
6204,72.0
6205,72.0
6206,72.0
6207,72.0
6208,72.0
6209,72.0
6210,72.0
6211,72.0
6212,72.0
6213,72.0
6214,72.0
6215,72.0
6216,72.0
6217,72.0
6218,72.0
6219,72.0
6220,72.0
6221,72.0
6222,72.0
6223,72.0
6224,72.0
6225,72.0
6226,72.0
6227,72.0
6228,72.0
6229,72.0
6230,72.0
6231,72.0
6232,72.0
6233,72.0
6234,72.0
6235,72.0
6236,72.0
6237,72.0
6238,72.0
6239,72.0
6240,72.0
6241,72.0
6242,72.0
6243,72.0
6244,72.0
6245,72.0
6246,72.0
6247,72.0
6248,72.0
6249,72.0
6250,72.0
6251,72.0
6252,72.0
6253,72.0
6254,72.0
6255,72.0
6256,72.0
6257,72.0
6258,72.0
6259,72.0
6260,72.0
6261,72.0
6262,72.0
6263,72.0
6264,72.0
6265,72.0
6266,72.0
6267,72.0
6268,72.0
6269,72.0
6270,72.0
6271,72.0
6272,72.0
6273,72.0
6274,72.0
6275,72.0
6276,72.0
6277,72.0
6278,72.0
6279,72.0
6280,72.0
6281,72.0
6282,72.0
6283,72.0
6284,72.0
6285,72.0
6286,72.0
6287,72.0
6288,72.0
6289,72.0
6290,72.0
6291,72.0
6292,72.0
6293,72.0
6294,72.0
6295,72.0
6296,72.0
6297,72.0
6298,72.0
6299,72.0
6300,72.0
6301,72.0
6302,72.0
6303,72.0
6304,72.0
6305,72.0
6306,72.0
6307,72.0
6308,72.0
6309,72.0
6310,72.0
6311,72.0
6312,72.0
6313,72.0
6314,72.0
6315,72.0
6316,72.0
6317,72.0
6318,72.0
6319,72.0
6320,72.0
6321,72.0
6322,72.0
6323,72.0
6324,72.0
6325,72.0
6326,72.0
6327,72.0
6328,72.0
6329,72.0
6330,72.0
6331,72.0
6332,72.0
6333,72.0
6334,72.0
6335,72.0
6336,72.0
6337,72.0
6338,72.0
6339,72.0
6340,72.0
6341,72.0
6342,72.0
6343,72.0
6344,72.0
6345,72.0
6346,72.0
6347,72.0
6348,72.0
6349,72.0
6350,72.0
6351,72.0
6352,72.0
6353,72.0
6354,72.0
6355,72.0
6356,72.0
6357,72.0
6358,72.0
6359,72.0
6360,72.0
6361,72.0
6362,72.0
6363,72.0
6364,72.0
6365,72.0
6366,72.0
6367,72.0
6368,72.0
6369,72.0
6370,72.0
6371,72.0
6372,72.0
6373,72.0
6374,72.0
