1,0.0
1,57.0
2,0.0
2,57.0
3,0.0
3,57.0
4,0.0
4,57.0
5,0.0
5,57.0
6,0.0
6,57.0
7,0.0
7,57.0
8,0.0
8,57.0
9,0.0
9,57.0
10,0.0
10,57.0
11,0.0
11,57.0
12,0.0
12,57.0
12,63.0
13,0.0
13,63.0
13,57.0
14,0.0
14,57.0
15,0.0
15,13.0
15,57.0
16,0.0
16,57.0
16,13.0
17,0.0
17,13.0
18,0.0
18,57.0
19,0.0
19,57.0
19,13.0
20,0.0
20,13.0
20,57.0
21,0.0
21,57.0
21,13.0
22,0.0
22,57.0
22,63.0
23,0.0
23,57.0
23,63.0
24,0.0
24,57.0
24,63.0
25,0.0
25,57.0
25,63.0
26,0.0
26,57.0
26,63.0
27,0.0
27,57.0
27,63.0
28,0.0
28,57.0
28,63.0
29,0.0
29,57.0
29,63.0
30,0.0
30,57.0
30,63.0
31,0.0
31,57.0
31,63.0
31,13.0
32,0.0
32,57.0
32,63.0
33,0.0
33,57.0
34,0.0
34,57.0
35,0.0
35,57.0
36,0.0
36,57.0
36,13.0
37,0.0
37,13.0
37,57.0
38,0.0
38,57.0
38,13.0
39,0.0
39,57.0
39,13.0
39,63.0
40,0.0
40,13.0
40,57.0
40,63.0
41,0.0
41,57.0
41,13.0
41,63.0
42,0.0
42,63.0
42,57.0
42,13.0
43,0.0
43,57.0
43,13.0
44,0.0
44,57.0
44,13.0
45,0.0
45,57.0
45,13.0
46,0.0
46,13.0
47,0.0
47,13.0
48,0.0
48,13.0
48,57.0
49,0.0
49,57.0
49,13.0
50,0.0
50,57.0
51,0.0
51,57.0
52,0.0
52,57.0
53,0.0
53,57.0
54,0.0
54,57.0
55,0.0
55,57.0
56,0.0
56,57.0
57,0.0
57,57.0
58,0.0
58,57.0
59,0.0
59,57.0
60,0.0
60,57.0
61,0.0
61,57.0
62,0.0
62,57.0
62,63.0
63,0.0
63,57.0
64,0.0
64,57.0
65,0.0
65,57.0
66,0.0
66,57.0
67,0.0
67,57.0
67,63.0
68,0.0
68,63.0
68,57.0
69,0.0
69,57.0
69,63.0
70,0.0
70,57.0
70,63.0
71,0.0
71,57.0
71,63.0
72,0.0
72,57.0
73,0.0
73,57.0
73,63.0
74,0.0
74,63.0
74,57.0
75,0.0
75,63.0
75,57.0
76,0.0
76,57.0
76,63.0
77,0.0
77,57.0
77,63.0
78,0.0
78,57.0
78,63.0
79,0.0
79,57.0
79,63.0
80,0.0
80,57.0
80,63.0
81,0.0
81,57.0
81,63.0
82,0.0
82,57.0
82,63.0
83,0.0
83,57.0
83,63.0
84,0.0
84,57.0
84,63.0
85,0.0
85,57.0
85,63.0
86,0.0
86,57.0
86,63.0
87,0.0
87,63.0
87,57.0
88,0.0
88,57.0
89,0.0
89,57.0
89,63.0
90,0.0
91,0.0
91,57.0
92,0.0
92,57.0
93,0.0
93,57.0
94,0.0
95,0.0
96,0.0
96,63.0
96,13.0
97,0.0
97,13.0
97,63.0
98,0.0
98,13.0
99,0.0
100,0.0
100,13.0
101,0.0
101,13.0
102,0.0
103,0.0
104,0.0
105,0.0
106,0.0
107,0.0
108,0.0
109,0.0
110,0.0
111,0.0
112,0.0
113,0.0
114,0.0
115,0.0
115,13.0
116,0.0
117,0.0
118,0.0
119,0.0
120,0.0
121,0.0
122,0.0
123,0.0
124,0.0
125,0.0
126,0.0
127,0.0
128,0.0
129,0.0
130,0.0
131,0.0
132,0.0
133,0.0
134,0.0
135,0.0
136,0.0
137,0.0
138,0.0
139,0.0
140,0.0
141,0.0
142,0.0
143,0.0
144,0.0
145,0.0
146,0.0
146,56.0
147,0.0
147,56.0
148,0.0
148,56.0
149,0.0
149,56.0
150,0.0
151,0.0
152,0.0
153,0.0
154,0.0
155,0.0
156,0.0
157,0.0
158,0.0
159,0.0
160,0.0
161,0.0
162,0.0
163,0.0
164,0.0
165,0.0
166,0.0
167,0.0
168,0.0
169,0.0
170,0.0
171,0.0
172,0.0
172,56.0
173,0.0
174,0.0
174,56.0
175,0.0
175,56.0
176,0.0
176,56.0
177,0.0
177,56.0
178,0.0
178,56.0
178,63.0
179,0.0
179,56.0
179,63.0
180,0.0
180,63.0
180,56.0
181,0.0
181,63.0
181,56.0
182,0.0
182,63.0
182,56.0
183,0.0
183,63.0
183,56.0
184,0.0
184,63.0
184,56.0
185,0.0
185,63.0
185,56.0
186,0.0
186,63.0
187,0.0
187,63.0
187,56.0
188,0.0
188,63.0
188,56.0
189,0.0
189,63.0
189,56.0
190,0.0
190,63.0
190,56.0
191,0.0
191,63.0
191,56.0
192,0.0
192,56.0
192,63.0
193,0.0
193,63.0
193,56.0
194,0.0
194,63.0
194,56.0
195,0.0
195,63.0
195,56.0
196,0.0
196,63.0
196,56.0
197,0.0
197,63.0
197,56.0
198,0.0
198,63.0
198,56.0
199,0.0
199,63.0
199,56.0
200,0.0
201,0.0
201,63.0
202,0.0
202,63.0
203,0.0
203,63.0
204,0.0
205,0.0
206,0.0
206,56.0
207,0.0
207,56.0
208,0.0
209,0.0
210,0.0
211,0.0
212,0.0
213,0.0
214,0.0
215,0.0
216,0.0
217,0.0
218,0.0
219,0.0
220,0.0
221,0.0
222,0.0
223,0.0
224,0.0
225,0.0
226,0.0
227,0.0
228,0.0
229,0.0
230,0.0
231,0.0
232,0.0
233,0.0
234,0.0
234,56.0
234,56.0
234,63.0
235,0.0
235,63.0
235,56.0
235,56.0
236,0.0
236,56.0
236,63.0
237,0.0
237,63.0
237,56.0
238,0.0
238,56.0
238,63.0
238,56.0
239,0.0
239,56.0
239,63.0
239,56.0
240,0.0
240,56.0
240,56.0
241,0.0
241,63.0
241,56.0
241,56.0
242,0.0
242,0.0
242,63.0
242,56.0
242,56.0
243,0.0
243,63.0
243,56.0
243,56.0
244,0.0
244,63.0
244,56.0
244,56.0
245,0.0
245,63.0
245,56.0
245,56.0
246,0.0
247,0.0
248,0.0
249,0.0
249,56.0
250,0.0
250,0.0
250,56.0
251,0.0
252,0.0
253,0.0
254,0.0
255,0.0
256,0.0
257,0.0
258,0.0
259,0.0
260,0.0
261,0.0
262,0.0
263,0.0
264,0.0
264,56.0
265,0.0
266,0.0
266,63.0
267,0.0
268,0.0
268,63.0
269,0.0
269,63.0
270,0.0
270,56.0
271,0.0
271,56.0
272,0.0
272,56.0
273,0.0
273,56.0
274,0.0
274,56.0
275,0.0
275,56.0
276,0.0
276,56.0
277,0.0
277,56.0
278,0.0
278,56.0
279,0.0
279,56.0
280,0.0
281,0.0
282,0.0
283,0.0
284,0.0
285,0.0
285,56.0
286,0.0
287,0.0
288,0.0
288,56.0
288,56.0
289,0.0
289,56.0
289,56.0
290,0.0
290,56.0
291,0.0
291,56.0
292,0.0
292,56.0
293,0.0
293,56.0
294,0.0
294,56.0
295,0.0
295,56.0
296,0.0
296,56.0
297,0.0
297,56.0
298,0.0
298,56.0
299,0.0
299,56.0
300,0.0
300,56.0
301,0.0
301,56.0
302,0.0
303,0.0
304,0.0
305,0.0
306,0.0
307,0.0
308,0.0
309,0.0
310,0.0
310,56.0
311,0.0
311,56.0
312,0.0
312,56.0
313,0.0
313,56.0
313,0.0
314,0.0
315,0.0
316,0.0
316,63.0
317,0.0
317,63.0
318,0.0
318,63.0
318,56.0
319,0.0
319,56.0
320,0.0
320,56.0
321,0.0
321,56.0
322,0.0
322,56.0
323,0.0
323,56.0
324,0.0
324,56.0
325,0.0
325,56.0
326,0.0
327,0.0
328,0.0
329,0.0
330,0.0
331,0.0
331,56.0
332,0.0
333,0.0
333,56.0
333,56.0
334,0.0
335,0.0
336,0.0
337,0.0
338,0.0
339,0.0
340,0.0
341,0.0
342,0.0
343,0.0
344,0.0
345,0.0
345,56.0
346,0.0
346,56.0
346,56.0
347,0.0
347,56.0
347,56.0
348,0.0
349,0.0
349,56.0
350,0.0
351,0.0
352,0.0
353,0.0
354,0.0
355,0.0
356,0.0
357,0.0
358,0.0
358,56.0
359,0.0
359,56.0
360,0.0
360,63.0
360,56.0
361,0.0
361,63.0
362,0.0
362,63.0
363,0.0
363,63.0
363,56.0
364,0.0
364,63.0
365,0.0
365,63.0
366,0.0
366,63.0
367,0.0
367,63.0
368,0.0
368,63.0
369,0.0
369,63.0
370,0.0
370,63.0
371,0.0
371,63.0
372,0.0
372,63.0
373,0.0
373,63.0
373,56.0
374,0.0
374,63.0
374,56.0
375,0.0
375,63.0
376,0.0
376,63.0
377,0.0
377,63.0
378,0.0
378,63.0
378,56.0
379,0.0
379,63.0
379,56.0
380,0.0
381,0.0
381,63.0
382,0.0
382,63.0
383,0.0
383,63.0
384,0.0
384,63.0
385,0.0
385,56.0
386,0.0
387,0.0
387,56.0
388,0.0
388,56.0
389,0.0
389,56.0
390,0.0
390,56.0
391,0.0
391,56.0
392,0.0
392,56.0
392,56.0
392,56.0
393,0.0
393,56.0
393,56.0
394,0.0
394,56.0
395,0.0
395,56.0
396,0.0
396,56.0
396,56.0
397,0.0
397,56.0
397,56.0
398,0.0
398,56.0
398,56.0
399,0.0
399,56.0
399,56.0
400,0.0
400,56.0
400,56.0
401,0.0
401,56.0
401,56.0
402,0.0
402,56.0
402,56.0
402,63.0
403,0.0
403,56.0
403,63.0
403,56.0
404,0.0
404,56.0
404,63.0
404,56.0
405,0.0
405,63.0
405,56.0
405,56.0
406,0.0
406,63.0
407,0.0
407,63.0
408,0.0
408,56.0
408,56.0
409,0.0
409,63.0
410,0.0
410,63.0
411,0.0
411,63.0
411,56.0
412,0.0
412,63.0
413,0.0
413,63.0
414,0.0
414,63.0
415,0.0
415,63.0
416,0.0
416,63.0
417,0.0
417,63.0
418,0.0
418,63.0
419,0.0
419,63.0
420,0.0
420,63.0
421,0.0
421,63.0
422,0.0
422,63.0
423,0.0
423,63.0
423,56.0
424,0.0
424,63.0
424,56.0
425,0.0
425,63.0
425,56.0
426,0.0
426,63.0
426,56.0
427,0.0
427,56.0
428,0.0
428,56.0
429,0.0
429,56.0
430,0.0
430,56.0
430,56.0
431,0.0
431,56.0
431,56.0
432,0.0
432,56.0
433,0.0
433,56.0
434,0.0
434,56.0
434,56.0
435,0.0
435,56.0
435,0.0
435,56.0
436,0.0
436,56.0
436,56.0
436,0.0
437,0.0
437,56.0
437,56.0
437,0.0
438,0.0
438,56.0
438,56.0
439,56.0
439,0.0
439,56.0
440,56.0
440,0.0
440,56.0
441,0.0
441,56.0
441,56.0
442,0.0
442,56.0
442,56.0
443,0.0
443,56.0
443,56.0
444,0.0
444,56.0
444,56.0
445,56.0
445,0.0
445,56.0
446,56.0
446,0.0
446,56.0
447,56.0
447,0.0
448,0.0
448,56.0
449,0.0
449,56.0
450,0.0
450,56.0
451,0.0
451,56.0
452,0.0
452,56.0
453,0.0
453,56.0
453,56.0
454,0.0
454,56.0
455,0.0
455,56.0
456,0.0
456,56.0
456,56.0
457,0.0
457,56.0
457,56.0
458,0.0
458,56.0
459,0.0
459,56.0
460,0.0
460,56.0
461,0.0
461,56.0
462,0.0
462,56.0
463,56.0
463,0.0
463,56.0
464,56.0
464,0.0
464,56.0
465,56.0
465,0.0
466,56.0
466,0.0
466,56.0
467,56.0
467,0.0
467,56.0
468,56.0
468,0.0
469,56.0
469,0.0
470,56.0
470,0.0
470,56.0
471,56.0
471,0.0
471,56.0
472,56.0
472,0.0
473,56.0
473,0.0
474,0.0
474,56.0
475,56.0
475,0.0
476,56.0
476,0.0
477,56.0
477,0.0
477,56.0
478,56.0
478,0.0
479,56.0
479,0.0
480,56.0
480,0.0
481,56.0
481,0.0
482,56.0
482,0.0
483,0.0
483,56.0
483,56.0
484,0.0
484,56.0
484,56.0
485,0.0
485,56.0
485,56.0
486,0.0
486,56.0
486,56.0
487,0.0
487,56.0
488,0.0
488,56.0
488,56.0
489,0.0
489,56.0
489,56.0
490,0.0
490,63.0
490,56.0
490,56.0
491,0.0
491,63.0
491,56.0
491,56.0
492,0.0
492,56.0
493,0.0
493,56.0
494,0.0
494,56.0
495,56.0
495,0.0
496,56.0
496,0.0
497,56.0
497,0.0
498,0.0
498,56.0
499,56.0
499,0.0
500,0.0
500,56.0
501,0.0
501,56.0
501,56.0
502,0.0
502,56.0
502,56.0
503,0.0
503,56.0
503,56.0
504,0.0
504,56.0
504,56.0
505,0.0
505,56.0
505,56.0
506,0.0
506,56.0
507,0.0
507,56.0
508,56.0
508,0.0
509,0.0
509,56.0
510,0.0
510,56.0
511,56.0
511,0.0
512,0.0
512,56.0
513,0.0
513,56.0
514,0.0
514,56.0
514,56.0
515,0.0
515,56.0
515,56.0
516,0.0
516,56.0
516,56.0
517,0.0
517,56.0
517,56.0
518,0.0
518,56.0
518,56.0
519,0.0
519,56.0
519,56.0
520,0.0
520,56.0
521,0.0
521,56.0
522,0.0
522,56.0
523,0.0
523,56.0
524,0.0
524,56.0
525,0.0
525,56.0
526,0.0
526,56.0
527,0.0
527,56.0
528,0.0
528,56.0
529,0.0
529,56.0
529,56.0
530,56.0
530,0.0
530,56.0
531,0.0
531,56.0
531,56.0
532,0.0
532,56.0
532,56.0
533,0.0
533,56.0
533,56.0
534,0.0
534,56.0
534,56.0
535,0.0
535,56.0
535,56.0
536,0.0
536,56.0
536,56.0
537,56.0
537,0.0
537,56.0
538,56.0
538,0.0
538,56.0
539,56.0
539,0.0
539,56.0
540,56.0
540,0.0
540,56.0
541,56.0
541,0.0
541,56.0
542,56.0
542,0.0
542,56.0
543,56.0
543,0.0
543,56.0
544,0.0
544,56.0
544,56.0
545,0.0
545,56.0
545,56.0
546,0.0
546,56.0
547,56.0
547,0.0
547,56.0
548,56.0
548,0.0
548,56.0
549,56.0
549,0.0
549,56.0
550,56.0
550,0.0
550,56.0
551,56.0
551,0.0
551,56.0
552,0.0
552,56.0
553,0.0
553,56.0
554,0.0
554,56.0
555,0.0
555,56.0
555,63.0
555,56.0
556,0.0
556,56.0
556,63.0
556,56.0
557,0.0
557,56.0
557,63.0
557,56.0
558,0.0
558,63.0
558,56.0
558,56.0
559,63.0
559,0.0
559,56.0
559,56.0
560,63.0
560,0.0
560,56.0
560,56.0
561,63.0
561,0.0
562,0.0
562,63.0
563,0.0
563,63.0
564,0.0
564,63.0
565,0.0
565,63.0
566,63.0
566,0.0
567,63.0
567,0.0
568,63.0
568,0.0
569,63.0
569,0.0
570,63.0
570,0.0
571,63.0
571,0.0
572,63.0
572,0.0
573,63.0
573,0.0
574,0.0
574,63.0
575,0.0
575,63.0
576,0.0
576,63.0
577,0.0
577,63.0
578,0.0
578,63.0
579,0.0
579,63.0
579,0.0
580,0.0
580,63.0
581,0.0
581,63.0
582,0.0
582,63.0
583,0.0
583,63.0
584,0.0
584,63.0
585,0.0
585,63.0
586,0.0
586,63.0
587,0.0
587,63.0
588,0.0
588,63.0
589,0.0
589,63.0
590,0.0
590,63.0
591,0.0
591,63.0
592,0.0
592,63.0
593,0.0
593,63.0
594,0.0
594,63.0
595,0.0
595,63.0
596,0.0
596,63.0
597,0.0
597,63.0
598,0.0
598,63.0
599,0.0
599,63.0
600,0.0
600,63.0
601,0.0
601,63.0
601,56.0
602,0.0
602,63.0
602,56.0
602,56.0
603,0.0
603,63.0
603,56.0
604,0.0
604,63.0
604,56.0
605,0.0
605,63.0
605,56.0
606,0.0
606,63.0
606,56.0
607,0.0
607,63.0
608,63.0
608,0.0
609,0.0
609,63.0
610,0.0
610,63.0
611,0.0
611,63.0
612,0.0
612,63.0
613,0.0
613,63.0
614,0.0
614,63.0
615,0.0
616,0.0
617,0.0
618,0.0
619,0.0
620,0.0
621,0.0
622,0.0
623,0.0
624,0.0
625,0.0
626,0.0
627,0.0
628,0.0
629,0.0
630,0.0
631,0.0
631,56.0
632,0.0
632,56.0
632,63.0
633,0.0
633,56.0
634,0.0
634,56.0
635,0.0
635,56.0
636,0.0
636,56.0
637,0.0
638,0.0
639,0.0
640,0.0
641,0.0
642,0.0
643,0.0
643,56.0
644,0.0
644,56.0
645,0.0
645,56.0
646,0.0
646,56.0
647,0.0
647,56.0
648,0.0
648,56.0
649,0.0
650,0.0
651,0.0
652,0.0
653,0.0
654,0.0
655,0.0
656,0.0
657,0.0
660,0.0
661,0.0
662,0.0
663,0.0
664,0.0
665,0.0
666,0.0
667,0.0
668,0.0
669,0.0
670,0.0
671,0.0
672,0.0
673,0.0
674,0.0
675,0.0
676,0.0
677,0.0
678,0.0
679,0.0
680,0.0
681,0.0
682,0.0
683,0.0
684,0.0
685,0.0
686,0.0
687,0.0
688,0.0
689,0.0
690,0.0
691,0.0
692,0.0
693,0.0
694,0.0
695,0.0
696,0.0
697,0.0
698,0.0
699,0.0
699,63.0
700,0.0
701,0.0
702,0.0
703,0.0
704,0.0
705,0.0
706,0.0
707,0.0
708,0.0
709,0.0
710,0.0
711,0.0
712,0.0
713,0.0
714,0.0
715,0.0
716,0.0
716,63.0
717,0.0
717,63.0
718,0.0
718,63.0
719,0.0
719,63.0
720,0.0
720,63.0
721,0.0
721,63.0
722,0.0
722,63.0
723,0.0
724,0.0
725,0.0
726,0.0
727,0.0
728,0.0
729,0.0
730,0.0
730,63.0
731,0.0
731,63.0
732,0.0
732,63.0
733,63.0
733,0.0
734,0.0
734,63.0
735,0.0
735,63.0
736,0.0
736,63.0
737,0.0
737,63.0
738,0.0
738,63.0
739,0.0
740,0.0
740,63.0
741,0.0
741,63.0
742,0.0
742,63.0
743,0.0
743,63.0
744,0.0
744,63.0
745,0.0
745,63.0
746,0.0
746,63.0
747,0.0
747,63.0
748,0.0
748,63.0
749,0.0
749,63.0
750,0.0
750,63.0
751,0.0
751,63.0
752,0.0
752,63.0
753,0.0
754,0.0
755,0.0
756,0.0
756,63.0
757,0.0
757,63.0
758,0.0
758,63.0
759,0.0
759,63.0
760,0.0
760,63.0
760,56.0
761,0.0
761,63.0
761,56.0
762,63.0
762,0.0
763,0.0
763,63.0
764,0.0
764,63.0
765,0.0
765,63.0
766,0.0
766,63.0
767,0.0
767,63.0
768,0.0
768,63.0
769,0.0
769,63.0
770,0.0
770,63.0
771,0.0
771,63.0
772,0.0
772,63.0
772,56.0
773,0.0
773,63.0
773,56.0
774,0.0
774,63.0
775,0.0
775,63.0
775,56.0
776,0.0
776,63.0
777,0.0
777,63.0
777,56.0
778,0.0
778,63.0
778,56.0
779,0.0
779,63.0
779,56.0
780,0.0
780,63.0
780,56.0
781,0.0
781,63.0
781,56.0
782,0.0
782,63.0
782,56.0
783,0.0
783,63.0
783,56.0
784,0.0
784,63.0
784,56.0
785,0.0
785,63.0
785,56.0
786,0.0
786,63.0
786,56.0
787,0.0
787,63.0
787,56.0
788,0.0
788,63.0
788,56.0
789,0.0
789,63.0
789,56.0
790,0.0
790,63.0
790,56.0
791,0.0
791,63.0
791,56.0
792,0.0
792,63.0
792,56.0
793,0.0
793,63.0
793,56.0
794,0.0
794,63.0
794,56.0
795,0.0
795,63.0
795,56.0
796,0.0
796,56.0
797,0.0
797,56.0
798,0.0
798,56.0
799,0.0
799,56.0
800,0.0
800,56.0
800,63.0
801,0.0
801,56.0
802,0.0
802,63.0
802,56.0
803,0.0
803,63.0
803,56.0
804,0.0
804,63.0
804,56.0
805,0.0
805,63.0
805,56.0
806,0.0
806,63.0
806,56.0
807,0.0
807,63.0
807,56.0
808,0.0
808,63.0
808,56.0
809,0.0
809,63.0
809,56.0
810,0.0
810,63.0
810,56.0
811,0.0
811,63.0
811,56.0
812,0.0
812,63.0
812,56.0
813,0.0
813,56.0
813,63.0
814,0.0
814,63.0
814,56.0
815,0.0
815,63.0
815,56.0
816,0.0
816,63.0
816,56.0
817,0.0
817,63.0
817,56.0
818,0.0
818,63.0
819,0.0
819,56.0
820,0.0
820,63.0
820,56.0
821,0.0
821,63.0
821,56.0
822,0.0
822,56.0
823,0.0
824,0.0
824,63.0
825,0.0
825,63.0
826,0.0
826,63.0
827,0.0
827,63.0
828,0.0
828,63.0
829,0.0
829,63.0
830,0.0
830,63.0
831,0.0
831,63.0
832,0.0
832,63.0
833,0.0
833,63.0
834,0.0
834,63.0
835,0.0
835,63.0
836,0.0
836,63.0
837,0.0
838,0.0
839,0.0
840,0.0
840,63.0
841,0.0
841,63.0
842,0.0
842,63.0
843,0.0
843,63.0
844,0.0
844,63.0
845,0.0
845,63.0
846,0.0
846,63.0
847,0.0
847,63.0
848,0.0
848,63.0
849,0.0
849,63.0
850,0.0
850,63.0
851,0.0
851,63.0
852,0.0
852,63.0
853,0.0
853,63.0
854,0.0
854,63.0
855,0.0
855,63.0
856,0.0
856,63.0
857,0.0
857,63.0
858,0.0
858,63.0
859,0.0
859,63.0
860,0.0
860,63.0
861,0.0
861,63.0
862,0.0
862,63.0
863,0.0
863,63.0
864,0.0
864,63.0
865,0.0
865,63.0
866,0.0
866,63.0
867,0.0
867,63.0
868,0.0
868,63.0
869,0.0
869,63.0
870,0.0
870,63.0
871,0.0
871,63.0
872,0.0
872,63.0
873,0.0
873,63.0
874,0.0
874,63.0
875,0.0
875,63.0
876,0.0
876,63.0
877,0.0
877,63.0
878,0.0
878,63.0
879,0.0
879,63.0
880,0.0
880,63.0
881,0.0
881,63.0
882,63.0
882,0.0
883,63.0
883,0.0
884,63.0
884,0.0
885,0.0
885,63.0
886,0.0
886,63.0
887,0.0
887,63.0
888,63.0
888,0.0
889,63.0
889,0.0
890,0.0
890,63.0
891,0.0
891,63.0
892,0.0
892,63.0
892,56.0
893,0.0
893,63.0
893,56.0
894,0.0
894,63.0
895,63.0
895,0.0
896,0.0
896,63.0
896,56.0
897,63.0
897,0.0
897,56.0
898,63.0
898,0.0
898,56.0
899,63.0
899,0.0
899,56.0
900,63.0
900,0.0
900,56.0
901,63.0
901,0.0
901,56.0
902,63.0
902,0.0
902,56.0
903,63.0
903,0.0
904,63.0
904,0.0
904,56.0
905,63.0
905,0.0
905,56.0
906,63.0
906,0.0
906,56.0
907,63.0
907,0.0
907,56.0
908,63.0
908,0.0
908,56.0
909,63.0
909,0.0
909,56.0
910,63.0
910,0.0
910,56.0
910,56.0
911,63.0
911,0.0
911,56.0
911,56.0
912,63.0
912,0.0
912,56.0
912,56.0
913,63.0
913,0.0
913,56.0
914,63.0
914,0.0
914,56.0
915,63.0
915,0.0
916,63.0
916,0.0
917,0.0
917,63.0
918,63.0
918,0.0
919,63.0
919,0.0
920,63.0
920,0.0
921,0.0
921,63.0
922,63.0
922,0.0
923,63.0
923,0.0
924,0.0
924,63.0
925,63.0
925,0.0
926,63.0
926,0.0
927,63.0
927,0.0
927,56.0
928,0.0
928,63.0
928,56.0
929,0.0
929,63.0
929,56.0
930,0.0
930,63.0
931,0.0
931,63.0
932,0.0
932,63.0
932,56.0
933,0.0
933,63.0
934,0.0
934,63.0
935,0.0
935,63.0
936,0.0
936,63.0
937,0.0
937,63.0
938,63.0
938,0.0
939,63.0
939,0.0
940,63.0
940,0.0
941,63.0
941,0.0
942,63.0
942,0.0
943,63.0
943,0.0
944,63.0
944,0.0
945,63.0
945,0.0
946,0.0
946,63.0
947,0.0
947,63.0
948,63.0
948,0.0
949,0.0
949,63.0
950,0.0
950,63.0
951,0.0
951,63.0
952,63.0
952,0.0
953,63.0
953,0.0
954,63.0
954,0.0
955,0.0
955,63.0
956,63.0
956,0.0
957,0.0
957,63.0
958,0.0
958,63.0
959,0.0
959,63.0
960,0.0
960,63.0
961,0.0
961,63.0
962,0.0
962,63.0
963,0.0
963,63.0
964,63.0
964,0.0
965,63.0
965,0.0
966,63.0
966,0.0
967,63.0
967,0.0
968,63.0
968,0.0
969,63.0
969,0.0
970,63.0
970,0.0
971,63.0
971,0.0
972,63.0
972,0.0
973,63.0
973,0.0
974,63.0
974,0.0
975,63.0
975,0.0
976,63.0
976,0.0
977,63.0
977,0.0
978,0.0
978,63.0
979,0.0
979,63.0
980,0.0
980,63.0
981,0.0
981,63.0
982,0.0
982,63.0
983,0.0
983,63.0
984,0.0
984,63.0
985,0.0
985,63.0
986,0.0
986,63.0
987,0.0
987,63.0
988,0.0
988,63.0
989,0.0
989,63.0
990,0.0
990,63.0
991,63.0
991,0.0
992,63.0
992,0.0
993,63.0
993,0.0
994,63.0
994,0.0
995,63.0
995,0.0
996,63.0
996,0.0
997,63.0
997,0.0
998,0.0
998,63.0
999,63.0
999,0.0
1000,63.0
1000,0.0
1001,63.0
1001,0.0
1002,63.0
1002,0.0
1003,63.0
1003,0.0
1004,63.0
1004,0.0
1005,63.0
1005,0.0
1006,63.0
1006,0.0
1007,63.0
1007,0.0
1008,63.0
1008,0.0
1009,63.0
1009,0.0
1010,63.0
1010,0.0
1011,63.0
1011,0.0
1012,63.0
1012,0.0
1013,63.0
1013,0.0
1014,63.0
1014,0.0
1015,63.0
1015,0.0
1016,63.0
1016,0.0
1017,63.0
1017,0.0
1018,63.0
1018,0.0
1019,63.0
1019,0.0
1020,63.0
1020,0.0
1021,63.0
1021,0.0
1022,0.0
1022,63.0
1023,0.0
1023,63.0
1024,0.0
1024,63.0
1025,0.0
1025,63.0
1026,0.0
1026,63.0
1027,0.0
1027,63.0
1028,63.0
1028,0.0
1029,0.0
1029,63.0
1030,0.0
1030,63.0
1031,0.0
1031,63.0
1032,0.0
1032,63.0
1033,63.0
1033,0.0
1034,63.0
1034,0.0
1035,63.0
1035,0.0
1036,63.0
1036,0.0
1037,63.0
1037,0.0
1038,63.0
1038,0.0
1039,63.0
1039,0.0
1040,63.0
1040,0.0
1041,63.0
1041,0.0
1042,63.0
1042,0.0
1043,63.0
1043,0.0
1044,63.0
1044,0.0
1045,63.0
1045,0.0
1046,63.0
1046,0.0
1047,63.0
1047,0.0
1048,63.0
1048,0.0
1049,63.0
1049,0.0
1050,63.0
1050,0.0
1051,63.0
1051,0.0
1052,63.0
1052,0.0
1053,63.0
1053,0.0
1054,63.0
1054,0.0
1055,63.0
1055,0.0
1056,63.0
1056,0.0
1057,63.0
1057,0.0
1058,63.0
1058,0.0
1059,63.0
1059,0.0
1060,63.0
1060,0.0
1061,63.0
1061,0.0
1062,63.0
1062,0.0
1063,63.0
1063,0.0
1064,63.0
1064,0.0
1065,63.0
1065,0.0
1066,63.0
1066,0.0
1067,63.0
1067,0.0
1068,63.0
1068,0.0
1069,63.0
1069,0.0
1070,63.0
1070,0.0
1071,0.0
1071,63.0
1072,0.0
1072,63.0
1073,0.0
1073,63.0
1074,0.0
1074,63.0
1075,0.0
1075,63.0
1076,0.0
1076,63.0
1077,0.0
1077,63.0
1078,0.0
1078,63.0
1079,0.0
1079,63.0
1080,0.0
1081,0.0
1082,0.0
1092,0.0
1095,0.0
1096,0.0
1097,0.0
1098,0.0
1098,56.0
1099,0.0
1100,0.0
1100,56.0
1101,0.0
1101,56.0
1102,0.0
1102,56.0
1103,0.0
1103,56.0
1104,0.0
1104,56.0
1105,0.0
1105,56.0
1106,0.0
1106,56.0
1107,0.0
1107,56.0
1108,0.0
1108,56.0
1109,0.0
1109,56.0
1110,0.0
1110,56.0
1110,63.0
1111,0.0
1111,63.0
1111,56.0
1112,0.0
1112,56.0
1112,63.0
1112,56.0
1113,0.0
1113,63.0
1113,56.0
1114,0.0
1115,0.0
1116,0.0
1117,0.0
1117,56.0
1118,0.0
1119,0.0
1120,0.0
1120,56.0
1121,0.0
1121,56.0
1122,0.0
1122,56.0
1123,0.0
1123,56.0
1124,0.0
1124,56.0
1125,0.0
1126,0.0
1127,0.0
1128,0.0
1129,0.0
1130,0.0
1130,63.0
1131,0.0
1132,0.0
1133,0.0
1134,0.0
1135,0.0
1135,56.0
1135,63.0
1136,0.0
1136,56.0
1136,63.0
1137,0.0
1137,56.0
1137,63.0
1138,0.0
1138,56.0
1138,63.0
1139,0.0
1139,56.0
1139,63.0
1140,0.0
1140,56.0
1140,63.0
1141,0.0
1141,56.0
1141,63.0
1142,0.0
1142,56.0
1143,0.0
1143,56.0
