1,0.0
1,0.0
1,0.0
2,0.0
2,0.0
2,0.0
3,0.0
3,0.0
3,0.0
4,0.0
4,0.0
4,0.0
4,62.0
5,0.0
5,0.0
5,0.0
5,62.0
6,0.0
6,0.0
6,0.0
6,62.0
7,0.0
7,0.0
7,0.0
8,0.0
8,0.0
8,0.0
9,0.0
9,0.0
9,0.0
10,0.0
10,0.0
10,0.0
11,0.0
11,0.0
11,0.0
12,0.0
12,0.0
12,0.0
12,0.0
12,0.0
13,0.0
13,0.0
13,0.0
13,0.0
13,0.0
14,0.0
14,0.0
14,0.0
14,0.0
14,0.0
15,0.0
15,0.0
15,0.0
15,0.0
15,0.0
15,62.0
16,0.0
16,0.0
16,0.0
16,0.0
16,0.0
16,62.0
17,0.0
17,0.0
17,0.0
17,0.0
17,0.0
17,62.0
18,0.0
18,0.0
18,0.0
18,0.0
18,0.0
18,62.0
19,0.0
19,0.0
19,0.0
19,0.0
19,62.0
19,0.0
20,0.0
20,0.0
20,0.0
20,0.0
20,62.0
20,0.0
21,0.0
21,0.0
21,0.0
21,0.0
21,62.0
21,0.0
22,0.0
22,0.0
22,0.0
22,0.0
22,62.0
22,0.0
23,0.0
23,0.0
23,0.0
23,0.0
23,0.0
23,0.0
23,39.0
24,0.0
24,0.0
24,0.0
24,0.0
24,0.0
24,0.0
24,39.0
24,62.0
25,0.0
25,0.0
25,0.0
25,0.0
25,0.0
25,0.0
25,39.0
25,63.0
26,0.0
26,0.0
26,0.0
26,0.0
26,0.0
26,0.0
26,39.0
26,63.0
27,0.0
27,0.0
27,0.0
27,0.0
27,0.0
27,0.0
27,39.0
28,0.0
28,0.0
28,0.0
28,0.0
28,0.0
28,0.0
28,39.0
29,0.0
29,0.0
29,0.0
29,0.0
29,0.0
29,0.0
29,39.0
30,0.0
30,0.0
30,0.0
30,0.0
30,0.0
30,63.0
31,0.0
31,0.0
31,0.0
31,0.0
31,0.0
31,63.0
32,0.0
32,0.0
32,0.0
32,0.0
32,0.0
33,0.0
33,0.0
33,0.0
33,0.0
33,63.0
34,0.0
34,0.0
34,0.0
34,0.0
34,0.0
34,63.0
35,0.0
35,0.0
35,0.0
35,0.0
35,0.0
35,63.0
36,0.0
36,0.0
36,0.0
36,0.0
36,0.0
36,63.0
37,0.0
37,0.0
37,0.0
37,0.0
37,0.0
37,63.0
38,0.0
38,0.0
38,0.0
38,0.0
38,62.0
38,0.0
39,0.0
39,0.0
39,0.0
39,0.0
39,62.0
39,0.0
40,0.0
40,0.0
40,0.0
40,0.0
40,62.0
40,0.0
41,0.0
41,0.0
41,0.0
41,0.0
41,62.0
41,0.0
42,0.0
42,0.0
42,0.0
42,0.0
42,62.0
42,0.0
42,39.0
43,0.0
43,0.0
43,0.0
43,0.0
43,62.0
43,0.0
43,39.0
44,0.0
44,0.0
44,0.0
44,0.0
44,62.0
44,0.0
44,39.0
45,0.0
45,0.0
45,0.0
45,0.0
45,63.0
45,39.0
45,63.0
46,0.0
46,0.0
46,0.0
46,0.0
46,63.0
46,39.0
46,63.0
47,0.0
47,0.0
47,0.0
47,0.0
47,63.0
47,39.0
47,63.0
48,0.0
48,0.0
48,0.0
48,0.0
48,63.0
48,39.0
48,63.0
49,0.0
49,0.0
49,0.0
49,39.0
50,0.0
50,0.0
50,0.0
50,39.0
51,0.0
51,0.0
51,0.0
51,39.0
52,0.0
52,0.0
52,0.0
52,39.0
53,0.0
53,0.0
53,0.0
53,0.0
53,62.0
53,0.0
53,39.0
53,63.0
54,0.0
54,0.0
54,0.0
54,0.0
54,62.0
54,0.0
54,39.0
54,63.0
55,0.0
55,0.0
55,0.0
55,0.0
55,62.0
55,0.0
55,39.0
55,63.0
56,0.0
56,0.0
56,0.0
56,0.0
56,62.0
56,0.0
56,39.0
56,63.0
57,0.0
57,0.0
57,0.0
57,0.0
57,0.0
57,62.0
57,39.0
57,63.0
57,0.0
58,0.0
58,0.0
58,0.0
58,0.0
58,0.0
58,62.0
58,39.0
58,0.0
58,63.0
58,63.0
59,0.0
59,0.0
59,0.0
59,0.0
59,0.0
59,62.0
59,39.0
59,0.0
59,63.0
59,63.0
60,0.0
60,0.0
60,0.0
60,0.0
60,0.0
60,39.0
60,62.0
60,0.0
60,63.0
60,63.0
61,0.0
61,0.0
61,0.0
61,0.0
61,0.0
61,39.0
61,62.0
61,63.0
61,63.0
61,0.0
62,0.0
62,0.0
62,0.0
62,0.0
62,0.0
62,39.0
62,62.0
62,63.0
62,63.0
62,0.0
63,0.0
63,0.0
63,0.0
63,0.0
63,0.0
63,39.0
63,62.0
63,63.0
63,63.0
63,0.0
64,0.0
64,0.0
64,0.0
64,0.0
64,0.0
64,39.0
64,62.0
64,63.0
64,62.0
64,63.0
64,0.0
65,0.0
65,0.0
65,0.0
65,0.0
65,0.0
65,39.0
65,63.0
65,0.0
65,62.0
65,62.0
66,0.0
66,0.0
66,0.0
66,0.0
66,0.0
66,39.0
66,63.0
66,62.0
66,0.0
66,62.0
67,0.0
67,0.0
67,0.0
67,0.0
67,0.0
67,39.0
67,63.0
67,62.0
67,0.0
67,62.0
68,0.0
68,0.0
68,0.0
68,0.0
68,0.0
68,0.0
68,39.0
68,62.0
68,62.0
68,63.0
69,0.0
69,0.0
69,0.0
69,0.0
69,0.0
69,0.0
69,39.0
69,62.0
69,63.0
69,62.0
70,0.0
70,0.0
70,0.0
70,0.0
70,0.0
70,0.0
70,39.0
70,62.0
70,63.0
70,62.0
71,0.0
71,0.0
71,0.0
71,0.0
71,0.0
71,0.0
71,39.0
71,62.0
71,63.0
71,62.0
72,0.0
72,0.0
72,0.0
72,0.0
72,39.0
72,0.0
72,62.0
72,0.0
72,63.0
73,0.0
73,0.0
73,0.0
73,0.0
73,39.0
73,0.0
73,62.0
73,63.0
73,0.0
74,0.0
74,0.0
74,0.0
74,0.0
74,39.0
74,0.0
74,62.0
74,63.0
74,0.0
75,0.0
75,0.0
75,0.0
75,39.0
75,0.0
75,0.0
75,63.0
76,0.0
76,0.0
76,0.0
76,39.0
76,0.0
76,0.0
76,63.0
77,0.0
77,0.0
77,0.0
77,39.0
77,0.0
77,0.0
77,63.0
78,0.0
78,0.0
78,0.0
78,39.0
78,0.0
78,0.0
78,63.0
79,0.0
79,0.0
79,0.0
79,0.0
79,39.0
79,63.0
79,0.0
80,0.0
80,0.0
80,0.0
80,0.0
80,39.0
80,63.0
80,0.0
81,0.0
81,0.0
81,0.0
81,0.0
81,39.0
81,63.0
81,0.0
82,0.0
82,0.0
82,0.0
82,0.0
82,39.0
82,63.0
82,0.0
83,0.0
83,0.0
83,0.0
83,0.0
83,0.0
83,39.0
83,0.0
83,62.0
84,0.0
84,0.0
84,0.0
84,0.0
84,0.0
84,39.0
84,0.0
84,62.0
85,0.0
85,0.0
85,0.0
85,0.0
85,0.0
85,39.0
85,0.0
85,62.0
86,0.0
86,0.0
86,0.0
86,0.0
86,0.0
86,39.0
86,0.0
86,62.0
87,0.0
87,0.0
87,0.0
87,39.0
87,0.0
87,62.0
87,63.0
88,0.0
88,0.0
88,0.0
88,39.0
88,0.0
88,62.0
88,63.0
89,0.0
89,0.0
89,0.0
89,39.0
89,0.0
89,62.0
89,63.0
90,0.0
90,0.0
90,0.0
90,0.0
90,39.0
90,0.0
90,62.0
90,63.0
90,39.0
91,0.0
91,0.0
91,0.0
91,0.0
91,39.0
91,0.0
91,62.0
91,63.0
92,0.0
92,0.0
92,0.0
92,0.0
92,39.0
92,0.0
92,62.0
92,63.0
92,39.0
93,0.0
93,0.0
93,0.0
93,0.0
93,39.0
93,0.0
93,62.0
93,63.0
93,39.0
94,0.0
94,0.0
94,0.0
94,39.0
94,0.0
94,39.0
95,0.0
95,0.0
95,0.0
95,39.0
95,0.0
95,39.0
96,0.0
96,0.0
96,0.0
96,39.0
96,0.0
96,39.0
97,0.0
97,0.0
97,0.0
97,39.0
97,0.0
97,39.0
98,0.0
98,0.0
98,0.0
98,0.0
98,0.0
98,39.0
98,39.0
99,0.0
99,0.0
99,0.0
99,0.0
99,0.0
99,39.0
99,39.0
100,0.0
100,0.0
100,0.0
100,0.0
100,0.0
100,39.0
100,39.0
101,0.0
101,0.0
101,0.0
101,0.0
101,0.0
101,39.0
101,39.0
102,0.0
102,0.0
102,0.0
102,0.0
102,39.0
102,63.0
103,0.0
103,0.0
103,0.0
103,0.0
103,39.0
103,63.0
104,0.0
104,0.0
104,0.0
104,0.0
104,39.0
104,63.0
105,0.0
105,0.0
105,0.0
105,0.0
105,39.0
105,62.0
105,56.0
106,0.0
106,0.0
106,0.0
106,0.0
106,39.0
106,56.0
106,62.0
107,0.0
107,0.0
107,0.0
107,0.0
107,39.0
107,56.0
107,62.0
108,0.0
108,0.0
108,0.0
108,0.0
108,39.0
108,56.0
108,62.0
109,0.0
109,0.0
109,0.0
109,0.0
109,0.0
109,39.0
109,39.0
109,63.0
109,56.0
110,0.0
110,0.0
110,0.0
110,0.0
110,0.0
110,39.0
110,39.0
110,56.0
110,63.0
111,0.0
111,0.0
111,0.0
111,0.0
111,0.0
111,39.0
111,39.0
111,56.0
111,63.0
112,0.0
112,0.0
112,0.0
112,0.0
112,0.0
112,39.0
112,39.0
112,56.0
112,63.0
113,0.0
113,0.0
113,0.0
113,0.0
113,0.0
113,39.0
113,39.0
114,0.0
114,0.0
114,0.0
114,0.0
114,0.0
114,39.0
114,39.0
114,56.0
115,0.0
115,0.0
115,0.0
115,0.0
115,0.0
115,39.0
115,39.0
115,56.0
116,0.0
116,0.0
116,0.0
116,0.0
116,0.0
116,39.0
116,39.0
116,56.0
117,0.0
117,0.0
117,0.0
117,0.0
117,39.0
117,39.0
117,0.0
118,0.0
118,0.0
118,0.0
118,0.0
118,39.0
118,39.0
118,0.0
119,0.0
119,0.0
119,0.0
119,0.0
119,39.0
119,39.0
119,0.0
120,0.0
120,0.0
120,0.0
120,0.0
120,39.0
120,39.0
121,0.0
121,0.0
121,0.0
121,0.0
121,39.0
122,0.0
122,0.0
122,0.0
122,0.0
122,39.0
122,39.0
123,0.0
123,0.0
123,0.0
123,0.0
123,39.0
123,39.0
124,0.0
124,0.0
124,0.0
124,39.0
125,0.0
125,0.0
125,0.0
125,39.0
126,0.0
126,0.0
126,0.0
126,39.0
127,0.0
127,0.0
127,0.0
127,39.0
128,0.0
128,0.0
128,0.0
128,39.0
129,0.0
129,0.0
129,0.0
129,39.0
130,0.0
130,0.0
130,0.0
130,39.0
131,0.0
131,0.0
131,0.0
131,39.0
132,0.0
132,0.0
132,0.0
132,0.0
132,39.0
132,0.0
133,0.0
133,0.0
133,0.0
133,0.0
133,39.0
133,0.0
134,0.0
134,0.0
134,0.0
134,0.0
134,39.0
134,0.0
135,0.0
135,0.0
135,0.0
135,0.0
135,39.0
135,0.0
136,0.0
136,0.0
136,0.0
136,0.0
136,39.0
136,0.0
137,0.0
137,0.0
137,0.0
137,0.0
137,39.0
137,0.0
138,0.0
138,0.0
138,0.0
138,0.0
138,39.0
138,0.0
139,0.0
139,0.0
139,0.0
139,0.0
139,63.0
139,0.0
139,39.0
139,0.0
140,0.0
140,0.0
140,0.0
140,0.0
140,63.0
140,0.0
140,39.0
140,0.0
141,0.0
141,0.0
141,0.0
141,0.0
141,63.0
141,0.0
141,39.0
141,0.0
142,0.0
142,0.0
142,0.0
142,0.0
142,63.0
142,0.0
142,39.0
142,0.0
143,0.0
143,0.0
143,0.0
143,0.0
143,39.0
144,0.0
144,0.0
144,0.0
144,0.0
144,39.0
145,0.0
145,0.0
145,0.0
145,0.0
145,39.0
146,0.0
146,0.0
146,0.0
146,0.0
146,39.0
147,0.0
147,0.0
147,0.0
147,0.0
147,0.0
147,39.0
148,0.0
148,0.0
148,0.0
148,0.0
148,0.0
148,39.0
149,0.0
149,0.0
149,0.0
149,0.0
149,0.0
149,39.0
150,0.0
150,0.0
150,0.0
150,0.0
150,0.0
150,39.0
151,0.0
151,0.0
151,0.0
151,0.0
151,0.0
151,39.0
152,0.0
152,0.0
152,0.0
152,0.0
152,0.0
152,39.0
153,0.0
153,0.0
153,0.0
153,0.0
153,0.0
153,39.0
154,0.0
154,0.0
154,0.0
154,0.0
154,0.0
154,39.0
155,0.0
155,0.0
155,0.0
155,0.0
155,0.0
155,39.0
156,0.0
156,0.0
156,0.0
156,0.0
156,0.0
156,39.0
157,0.0
157,0.0
157,0.0
157,0.0
157,0.0
157,39.0
158,0.0
158,0.0
158,0.0
158,0.0
158,0.0
158,39.0
158,63.0
159,0.0
159,0.0
159,0.0
159,0.0
159,0.0
159,39.0
159,63.0
160,0.0
160,0.0
160,0.0
160,0.0
160,0.0
160,39.0
160,63.0
161,0.0
161,0.0
161,0.0
161,0.0
161,0.0
161,39.0
161,63.0
162,0.0
162,0.0
162,0.0
162,0.0
162,0.0
162,63.0
162,39.0
163,0.0
163,0.0
163,0.0
163,0.0
163,0.0
163,63.0
163,39.0
164,0.0
164,0.0
164,0.0
164,0.0
164,0.0
164,63.0
164,39.0
165,0.0
165,0.0
165,0.0
165,0.0
165,0.0
165,39.0
165,0.0
166,0.0
166,0.0
166,0.0
166,0.0
166,0.0
166,39.0
166,0.0
167,0.0
167,0.0
167,0.0
167,0.0
167,0.0
167,39.0
167,0.0
168,0.0
168,0.0
168,0.0
168,0.0
168,0.0
168,39.0
168,0.0
169,0.0
169,0.0
169,0.0
169,0.0
169,0.0
169,39.0
170,0.0
170,0.0
170,0.0
170,0.0
170,0.0
170,39.0
171,0.0
171,0.0
171,0.0
171,0.0
171,0.0
171,39.0
172,0.0
172,0.0
172,0.0
172,0.0
172,0.0
172,39.0
173,0.0
173,0.0
173,0.0
173,0.0
173,39.0
173,0.0
174,0.0
174,0.0
174,0.0
174,0.0
174,39.0
174,0.0
175,0.0
175,0.0
175,0.0
175,0.0
175,39.0
175,0.0
176,0.0
176,0.0
176,0.0
176,0.0
176,39.0
176,0.0
177,0.0
177,0.0
177,0.0
177,0.0
177,0.0
177,39.0
178,0.0
178,0.0
178,0.0
178,0.0
178,0.0
178,39.0
179,0.0
179,0.0
179,0.0
179,0.0
179,0.0
179,39.0
180,0.0
180,0.0
180,0.0
180,0.0
180,0.0
180,39.0
181,0.0
181,0.0
181,0.0
181,0.0
181,0.0
181,39.0
181,62.0
182,0.0
182,0.0
182,0.0
182,0.0
182,0.0
182,39.0
182,62.0
183,0.0
183,0.0
183,0.0
183,0.0
183,0.0
183,39.0
183,62.0
184,0.0
184,0.0
184,0.0
184,0.0
184,0.0
184,39.0
184,63.0
185,0.0
185,0.0
185,0.0
185,0.0
185,0.0
185,39.0
185,63.0
186,0.0
186,0.0
186,0.0
186,0.0
186,0.0
186,39.0
186,63.0
187,0.0
187,0.0
187,0.0
187,0.0
187,0.0
187,39.0
187,63.0
188,0.0
188,0.0
188,0.0
188,0.0
188,39.0
188,62.0
189,0.0
189,0.0
189,0.0
189,0.0
189,39.0
189,62.0
190,0.0
190,0.0
190,0.0
190,0.0
190,39.0
190,62.0
191,0.0
191,0.0
191,0.0
191,0.0
191,39.0
191,62.0
192,0.0
192,0.0
192,0.0
192,0.0
192,39.0
193,0.0
193,0.0
193,0.0
193,0.0
193,39.0
194,0.0
194,0.0
194,0.0
194,0.0
194,39.0
195,0.0
195,0.0
195,0.0
195,39.0
195,0.0
196,0.0
196,0.0
196,0.0
196,39.0
196,0.0
197,0.0
197,0.0
197,0.0
197,39.0
197,0.0
198,0.0
198,0.0
198,0.0
198,39.0
198,0.0
199,0.0
199,0.0
199,0.0
199,39.0
199,0.0
200,0.0
200,0.0
200,0.0
200,39.0
200,0.0
201,0.0
201,0.0
201,0.0
201,39.0
201,0.0
202,0.0
202,0.0
202,0.0
202,39.0
202,0.0
203,0.0
203,0.0
203,0.0
203,0.0
203,39.0
204,0.0
204,0.0
204,0.0
204,0.0
204,39.0
205,0.0
205,0.0
205,0.0
205,0.0
205,39.0
206,0.0
206,0.0
206,0.0
206,0.0
206,39.0
207,0.0
207,0.0
207,0.0
207,0.0
207,39.0
208,0.0
208,0.0
208,0.0
208,0.0
208,39.0
209,0.0
209,0.0
209,0.0
209,0.0
209,39.0
210,0.0
210,0.0
210,39.0
210,0.0
211,0.0
211,0.0
211,39.0
211,0.0
212,0.0
212,0.0
212,39.0
212,0.0
213,0.0
213,0.0
213,39.0
213,0.0
214,0.0
214,0.0
214,39.0
214,0.0
214,0.0
215,0.0
215,0.0
215,39.0
215,0.0
215,0.0
216,0.0
216,0.0
216,39.0
216,0.0
216,0.0
217,0.0
217,0.0
217,39.0
217,0.0
217,0.0
218,0.0
218,0.0
218,0.0
218,62.0
218,39.0
218,0.0
219,0.0
219,0.0
219,0.0
219,62.0
219,39.0
219,0.0
220,0.0
220,0.0
220,0.0
220,62.0
220,39.0
220,0.0
221,0.0
221,0.0
221,0.0
221,62.0
221,39.0
221,0.0
222,0.0
222,0.0
222,0.0
222,39.0
222,0.0
223,0.0
223,0.0
223,0.0
223,39.0
223,0.0
224,0.0
224,0.0
224,0.0
224,39.0
224,0.0
225,0.0
225,0.0
225,0.0
225,0.0
225,0.0
225,39.0
226,0.0
226,0.0
226,0.0
226,0.0
226,0.0
226,39.0
227,0.0
227,0.0
227,0.0
227,0.0
227,0.0
227,39.0
228,0.0
228,0.0
228,0.0
228,0.0
228,0.0
228,39.0
229,0.0
229,0.0
229,0.0
229,0.0
229,0.0
229,39.0
230,0.0
230,0.0
230,0.0
230,0.0
230,0.0
230,39.0
231,0.0
231,0.0
231,0.0
231,0.0
231,0.0
231,39.0
232,0.0
232,0.0
232,0.0
232,0.0
232,0.0
232,39.0
233,0.0
233,0.0
233,0.0
233,0.0
233,0.0
233,39.0
234,0.0
234,0.0
234,0.0
234,0.0
234,0.0
234,39.0
235,0.0
235,0.0
235,0.0
235,0.0
235,0.0
235,39.0
236,0.0
236,0.0
236,0.0
236,0.0
236,0.0
236,39.0
237,0.0
237,0.0
237,0.0
237,39.0
237,0.0
238,0.0
238,0.0
238,0.0
238,39.0
238,0.0
239,0.0
239,0.0
239,0.0
239,39.0
239,0.0
240,0.0
240,0.0
240,0.0
240,0.0
240,39.0
241,0.0
241,0.0
241,0.0
241,0.0
241,39.0
242,0.0
242,0.0
242,0.0
242,0.0
242,39.0
243,0.0
243,0.0
243,0.0
243,0.0
243,39.0
244,0.0
244,0.0
244,0.0
244,0.0
244,39.0
244,63.0
245,0.0
245,0.0
245,0.0
245,0.0
245,39.0
245,63.0
246,0.0
246,0.0
246,0.0
246,0.0
246,39.0
246,63.0
247,0.0
247,0.0
247,0.0
247,0.0
247,39.0
247,63.0
248,0.0
248,0.0
248,0.0
248,0.0
248,39.0
249,0.0
249,0.0
249,0.0
249,0.0
249,39.0
250,0.0
250,0.0
250,0.0
250,0.0
250,39.0
251,0.0
251,0.0
251,0.0
251,0.0
251,39.0
252,0.0
252,0.0
252,0.0
252,39.0
252,62.0
252,0.0
253,0.0
253,0.0
253,0.0
253,39.0
253,62.0
253,0.0
254,0.0
254,0.0
254,0.0
254,39.0
254,62.0
254,0.0
255,0.0
255,0.0
255,39.0
255,63.0
255,39.0
255,62.0
255,0.0
256,0.0
256,0.0
256,39.0
256,63.0
256,39.0
256,0.0
256,62.0
257,0.0
257,0.0
257,39.0
257,63.0
257,39.0
257,0.0
257,62.0
258,0.0
258,0.0
258,39.0
258,63.0
258,39.0
258,0.0
258,62.0
259,0.0
259,0.0
259,62.0
259,39.0
259,0.0
259,63.0
260,0.0
260,0.0
260,62.0
260,39.0
260,0.0
260,63.0
261,0.0
261,0.0
261,62.0
261,39.0
261,0.0
261,63.0
262,0.0
262,0.0
262,62.0
262,39.0
262,0.0
262,63.0
263,0.0
263,0.0
263,39.0
263,62.0
263,0.0
264,0.0
264,0.0
264,39.0
264,62.0
264,0.0
265,0.0
265,0.0
265,39.0
265,62.0
265,0.0
266,0.0
266,0.0
266,39.0
266,62.0
266,0.0
267,0.0
267,0.0
267,39.0
267,62.0
267,0.0
268,0.0
268,0.0
268,39.0
268,62.0
268,0.0
269,0.0
269,0.0
269,39.0
269,62.0
269,0.0
270,0.0
270,62.0
270,0.0
270,39.0
270,0.0
271,0.0
271,62.0
271,0.0
271,39.0
271,0.0
272,0.0
272,62.0
272,0.0
272,39.0
272,0.0
273,0.0
273,62.0
273,0.0
273,39.0
273,0.0
274,0.0
274,62.0
274,0.0
274,39.0
274,0.0
274,62.0
275,0.0
275,62.0
275,0.0
275,39.0
275,0.0
276,0.0
276,62.0
276,0.0
276,39.0
276,0.0
277,0.0
277,62.0
277,0.0
277,39.0
277,0.0
278,0.0
278,62.0
278,0.0
278,39.0
278,0.0
279,0.0
279,62.0
279,0.0
279,39.0
279,0.0
280,0.0
280,62.0
280,0.0
280,39.0
280,0.0
281,0.0
281,62.0
281,0.0
281,39.0
281,0.0
282,0.0
282,62.0
282,0.0
282,0.0
282,39.0
283,0.0
283,62.0
283,0.0
283,0.0
283,39.0
284,0.0
284,62.0
284,0.0
284,0.0
284,39.0
285,0.0
285,62.0
285,0.0
285,39.0
285,0.0
286,0.0
286,62.0
286,0.0
286,39.0
286,0.0
287,0.0
287,62.0
287,0.0
287,39.0
287,0.0
288,0.0
288,62.0
288,0.0
288,39.0
288,0.0
289,0.0
289,62.0
289,0.0
289,39.0
289,0.0
290,0.0
290,62.0
290,0.0
290,39.0
290,0.0
291,0.0
291,62.0
291,0.0
291,39.0
291,0.0
292,0.0
292,62.0
292,0.0
292,39.0
292,0.0
293,0.0
293,62.0
293,39.0
293,0.0
293,0.0
294,0.0
294,62.0
294,39.0
294,0.0
294,0.0
295,0.0
295,62.0
295,39.0
295,0.0
295,0.0
296,0.0
296,62.0
296,39.0
296,0.0
296,0.0
297,0.0
297,62.0
297,39.0
297,0.0
298,0.0
298,62.0
298,39.0
298,0.0
299,0.0
299,62.0
299,39.0
299,0.0
300,0.0
300,62.0
300,0.0
300,39.0
301,0.0
301,62.0
301,0.0
301,39.0
302,0.0
302,62.0
302,0.0
302,39.0
303,0.0
303,62.0
303,0.0
303,39.0
304,0.0
304,62.0
304,0.0
304,39.0
305,0.0
305,62.0
305,0.0
305,39.0
306,0.0
306,62.0
306,0.0
306,39.0
307,0.0
307,62.0
307,0.0
307,39.0
308,0.0
308,0.0
308,62.0
308,39.0
309,0.0
309,0.0
309,62.0
309,39.0
310,0.0
310,0.0
310,62.0
310,39.0
311,0.0
311,0.0
311,62.0
311,39.0
312,0.0
312,0.0
312,62.0
312,39.0
312,39.0
313,0.0
313,0.0
313,62.0
313,39.0
313,39.0
314,0.0
314,0.0
314,62.0
314,39.0
314,39.0
315,0.0
315,0.0
315,62.0
315,39.0
315,39.0
316,0.0
316,0.0
316,62.0
316,39.0
316,39.0
317,0.0
317,0.0
317,62.0
317,39.0
317,39.0
318,0.0
318,0.0
318,62.0
318,39.0
318,39.0
319,0.0
319,0.0
319,62.0
319,39.0
319,0.0
319,39.0
320,0.0
320,0.0
320,62.0
320,39.0
320,0.0
320,39.0
321,0.0
321,0.0
321,62.0
321,39.0
321,0.0
321,39.0
322,0.0
322,0.0
322,62.0
322,39.0
322,0.0
322,39.0
323,0.0
323,0.0
323,62.0
323,0.0
323,0.0
323,39.0
324,0.0
324,0.0
324,62.0
324,0.0
324,0.0
324,39.0
325,0.0
325,0.0
325,62.0
325,0.0
325,0.0
325,39.0
326,0.0
326,0.0
326,62.0
326,0.0
326,0.0
326,39.0
327,0.0
327,62.0
327,0.0
327,62.0
327,0.0
327,0.0
327,39.0
328,0.0
328,62.0
328,0.0
328,0.0
328,62.0
328,0.0
328,39.0
329,0.0
329,62.0
329,0.0
329,0.0
329,62.0
329,0.0
329,39.0
330,0.0
330,62.0
330,62.0
330,0.0
330,0.0
330,39.0
331,0.0
331,62.0
331,62.0
331,0.0
331,0.0
331,39.0
332,0.0
332,62.0
332,62.0
332,0.0
332,0.0
332,39.0
333,0.0
333,62.0
333,62.0
333,0.0
333,0.0
333,39.0
334,0.0
334,62.0
334,0.0
334,0.0
334,62.0
334,39.0
335,0.0
335,62.0
335,0.0
335,0.0
335,62.0
335,39.0
336,0.0
336,62.0
336,0.0
336,0.0
336,62.0
336,39.0
337,0.0
337,62.0
337,0.0
337,0.0
337,62.0
337,39.0
338,0.0
338,0.0
338,62.0
338,39.0
338,0.0
339,0.0
339,0.0
339,62.0
339,39.0
339,0.0
340,0.0
340,0.0
340,62.0
340,39.0
340,0.0
341,0.0
341,0.0
341,62.0
341,39.0
341,0.0
342,0.0
342,0.0
342,0.0
342,39.0
342,39.0
342,0.0
342,62.0
342,0.0
342,63.0
343,0.0
343,0.0
343,0.0
343,39.0
343,39.0
343,0.0
343,63.0
343,62.0
343,0.0
344,0.0
344,0.0
344,0.0
344,39.0
344,39.0
344,0.0
344,63.0
344,62.0
344,0.0
345,0.0
345,0.0
345,0.0
345,39.0
345,63.0
345,0.0
345,62.0
346,0.0
346,0.0
346,0.0
346,39.0
346,63.0
346,62.0
346,0.0
347,0.0
347,0.0
347,0.0
347,39.0
347,63.0
347,62.0
347,0.0
348,0.0
348,0.0
348,0.0
348,39.0
348,63.0
348,62.0
348,0.0
349,0.0
349,0.0
349,0.0
349,0.0
349,39.0
349,63.0
349,62.0
349,62.0
350,0.0
350,0.0
350,0.0
350,0.0
350,39.0
350,63.0
350,62.0
350,62.0
351,0.0
351,0.0
351,0.0
351,0.0
351,39.0
351,63.0
351,62.0
351,62.0
352,0.0
352,0.0
352,0.0
352,0.0
352,39.0
352,63.0
352,62.0
352,62.0
353,0.0
353,0.0
353,0.0
353,39.0
353,0.0
353,62.0
353,63.0
354,0.0
354,0.0
354,0.0
354,39.0
354,0.0
354,62.0
354,63.0
355,0.0
355,0.0
355,0.0
355,39.0
355,0.0
355,62.0
355,63.0
356,0.0
356,0.0
356,0.0
356,39.0
356,0.0
356,62.0
356,63.0
357,0.0
357,0.0
357,0.0
357,62.0
357,39.0
357,62.0
358,0.0
358,0.0
358,0.0
358,62.0
358,39.0
359,0.0
359,0.0
359,0.0
359,62.0
359,39.0
360,0.0
360,0.0
360,0.0
360,39.0
360,63.0
360,0.0
360,62.0
360,0.0
361,0.0
361,0.0
361,0.0
361,39.0
361,63.0
361,0.0
361,0.0
361,0.0
361,62.0
362,0.0
362,0.0
362,0.0
362,39.0
362,63.0
362,0.0
362,0.0
362,0.0
362,62.0
363,0.0
363,0.0
363,0.0
363,39.0
363,63.0
363,0.0
363,0.0
363,0.0
363,62.0
364,0.0
364,0.0
364,0.0
364,63.0
364,0.0
364,39.0
364,62.0
364,62.0
365,0.0
365,0.0
365,0.0
365,63.0
365,0.0
365,39.0
365,62.0
365,62.0
366,0.0
366,0.0
366,0.0
366,63.0
366,0.0
366,39.0
366,62.0
366,62.0
367,0.0
367,0.0
367,0.0
367,63.0
367,0.0
367,39.0
367,62.0
367,62.0
368,0.0
368,0.0
368,0.0
368,63.0
368,0.0
368,62.0
368,39.0
368,0.0
369,0.0
369,0.0
369,0.0
369,63.0
369,0.0
369,62.0
369,39.0
369,0.0
370,0.0
370,0.0
370,0.0
370,63.0
370,0.0
370,62.0
370,39.0
370,0.0
371,0.0
371,0.0
371,0.0
371,63.0
371,0.0
371,62.0
371,39.0
371,0.0
372,0.0
372,0.0
372,63.0
372,0.0
372,0.0
372,62.0
372,39.0
372,0.0
373,0.0
373,0.0
373,63.0
373,0.0
373,0.0
373,62.0
373,39.0
373,0.0
374,0.0
374,0.0
374,63.0
374,0.0
374,0.0
374,62.0
374,39.0
374,0.0
375,0.0
375,0.0
375,63.0
375,0.0
375,0.0
375,62.0
375,39.0
376,0.0
376,0.0
376,63.0
376,0.0
376,62.0
376,0.0
376,39.0
377,0.0
377,0.0
377,63.0
377,0.0
377,62.0
377,0.0
377,39.0
378,0.0
378,0.0
378,63.0
378,0.0
378,62.0
378,0.0
378,39.0
379,0.0
379,0.0
379,63.0
379,0.0
379,0.0
379,62.0
379,0.0
379,39.0
380,0.0
380,0.0
380,63.0
380,0.0
380,0.0
380,62.0
380,0.0
380,39.0
381,0.0
381,0.0
381,63.0
381,0.0
381,0.0
381,62.0
381,0.0
381,39.0
382,0.0
382,0.0
382,63.0
382,0.0
382,0.0
382,62.0
382,0.0
382,39.0
383,0.0
383,0.0
383,0.0
383,63.0
383,0.0
383,39.0
384,0.0
384,0.0
384,0.0
384,63.0
384,0.0
384,39.0
385,0.0
385,0.0
385,0.0
385,63.0
385,0.0
385,39.0
386,0.0
386,0.0
386,0.0
386,63.0
386,0.0
386,39.0
387,0.0
387,0.0
387,0.0
387,63.0
387,0.0
387,63.0
387,0.0
387,63.0
387,39.0
387,39.0
388,0.0
388,0.0
388,0.0
388,63.0
388,63.0
388,0.0
388,0.0
388,63.0
388,39.0
388,39.0
389,0.0
389,0.0
389,0.0
389,63.0
389,63.0
389,0.0
389,0.0
389,63.0
389,39.0
389,39.0
390,0.0
390,0.0
390,0.0
390,0.0
390,63.0
390,0.0
390,63.0
390,39.0
391,0.0
391,0.0
391,0.0
391,0.0
391,0.0
391,63.0
391,63.0
391,39.0
392,0.0
392,0.0
392,0.0
392,0.0
392,0.0
392,63.0
392,63.0
392,39.0
393,0.0
393,0.0
393,0.0
393,0.0
393,0.0
393,63.0
393,63.0
393,39.0
394,0.0
394,0.0
394,0.0
394,0.0
394,0.0
394,63.0
394,63.0
394,39.0
395,0.0
395,0.0
395,0.0
395,0.0
395,0.0
395,63.0
395,63.0
395,39.0
396,0.0
396,0.0
396,0.0
396,0.0
396,0.0
396,63.0
396,63.0
396,39.0
397,0.0
397,0.0
397,0.0
397,0.0
397,0.0
397,63.0
397,63.0
397,39.0
398,0.0
398,0.0
398,0.0
398,0.0
398,63.0
398,0.0
398,63.0
398,39.0
399,0.0
399,0.0
399,0.0
399,0.0
399,63.0
399,0.0
399,63.0
399,39.0
400,0.0
400,0.0
400,0.0
400,0.0
400,63.0
400,0.0
400,63.0
400,39.0
401,0.0
401,0.0
401,0.0
401,0.0
401,63.0
401,0.0
401,63.0
401,39.0
402,0.0
402,0.0
402,0.0
402,0.0
402,63.0
402,39.0
403,0.0
403,0.0
403,0.0
403,0.0
403,63.0
403,39.0
404,0.0
404,0.0
404,0.0
404,0.0
404,63.0
404,39.0
405,0.0
405,0.0
405,0.0
405,63.0
405,0.0
405,0.0
405,63.0
405,39.0
405,39.0
406,0.0
406,0.0
406,0.0
406,63.0
406,0.0
406,0.0
406,39.0
406,63.0
406,39.0
407,0.0
407,0.0
407,0.0
407,63.0
407,0.0
407,0.0
407,39.0
407,63.0
407,39.0
408,0.0
408,0.0
408,0.0
408,63.0
408,0.0
408,0.0
408,39.0
408,63.0
408,39.0
409,0.0
409,0.0
409,0.0
409,63.0
409,0.0
409,0.0
409,39.0
410,0.0
410,0.0
410,0.0
410,63.0
410,0.0
410,0.0
410,39.0
411,0.0
411,0.0
411,0.0
411,63.0
411,0.0
411,0.0
411,39.0
412,0.0
412,0.0
412,0.0
412,63.0
412,0.0
412,0.0
412,39.0
413,0.0
413,0.0
413,0.0
413,0.0
413,63.0
413,0.0
413,0.0
414,0.0
414,0.0
414,0.0
414,0.0
414,63.0
414,0.0
414,0.0
415,0.0
415,0.0
415,0.0
415,0.0
415,63.0
415,0.0
415,0.0
416,0.0
416,0.0
416,0.0
416,0.0
416,63.0
416,0.0
416,0.0
417,0.0
417,0.0
417,0.0
417,0.0
417,0.0
417,63.0
417,39.0
418,0.0
418,0.0
418,0.0
418,0.0
418,0.0
418,63.0
418,39.0
419,0.0
419,0.0
419,0.0
419,0.0
419,0.0
419,63.0
419,39.0
420,0.0
420,0.0
420,0.0
420,0.0
420,0.0
420,63.0
420,39.0
420,39.0
421,0.0
421,0.0
421,0.0
421,0.0
421,0.0
421,63.0
421,39.0
421,39.0
422,0.0
422,0.0
422,0.0
422,0.0
422,0.0
422,63.0
422,39.0
422,39.0
423,0.0
423,0.0
423,0.0
423,0.0
423,0.0
423,63.0
423,39.0
423,39.0
424,0.0
424,0.0
424,0.0
424,0.0
424,0.0
424,63.0
424,63.0
424,0.0
424,39.0
424,39.0
425,0.0
425,0.0
425,0.0
425,0.0
425,0.0
425,63.0
425,63.0
425,39.0
425,0.0
425,39.0
426,0.0
426,0.0
426,0.0
426,0.0
426,0.0
426,63.0
426,63.0
426,0.0
426,39.0
426,39.0
427,0.0
427,0.0
427,0.0
427,0.0
427,0.0
427,63.0
427,63.0
427,0.0
427,39.0
427,39.0
428,0.0
428,0.0
428,0.0
428,0.0
428,63.0
428,0.0
428,63.0
428,62.0
428,0.0
428,0.0
428,39.0
428,39.0
429,0.0
429,0.0
429,0.0
429,0.0
429,63.0
429,0.0
429,63.0
429,62.0
429,0.0
429,0.0
429,39.0
429,39.0
430,0.0
430,0.0
430,0.0
430,0.0
430,63.0
430,0.0
430,63.0
430,62.0
430,0.0
430,0.0
430,39.0
430,39.0
431,0.0
431,0.0
431,0.0
431,0.0
431,63.0
431,0.0
431,63.0
431,62.0
431,0.0
431,0.0
431,39.0
431,39.0
432,0.0
432,0.0
432,0.0
432,0.0
432,63.0
432,63.0
432,0.0
432,0.0
432,39.0
432,39.0
432,62.0
432,0.0
433,0.0
433,0.0
433,0.0
433,0.0
433,63.0
433,63.0
433,0.0
433,0.0
433,39.0
433,39.0
433,62.0
433,0.0
434,0.0
434,0.0
434,0.0
434,0.0
434,63.0
434,63.0
434,0.0
434,0.0
434,39.0
434,39.0
434,62.0
434,0.0
435,0.0
435,0.0
435,0.0
435,0.0
435,0.0
435,0.0
435,63.0
435,63.0
435,39.0
435,39.0
436,0.0
436,0.0
436,0.0
436,0.0
436,0.0
436,0.0
436,63.0
436,63.0
436,39.0
436,39.0
437,0.0
437,0.0
437,0.0
437,0.0
437,0.0
437,0.0
437,63.0
437,63.0
437,39.0
437,39.0
438,0.0
438,0.0
438,0.0
438,0.0
438,0.0
438,0.0
438,63.0
438,63.0
438,39.0
438,39.0
439,0.0
439,0.0
439,0.0
439,0.0
439,0.0
439,63.0
439,63.0
439,0.0
439,39.0
440,0.0
440,0.0
440,0.0
440,0.0
440,0.0
440,63.0
440,63.0
440,0.0
440,39.0
441,0.0
441,0.0
441,0.0
441,0.0
441,0.0
441,63.0
441,63.0
441,0.0
441,39.0
442,0.0
442,0.0
442,0.0
442,0.0
442,0.0
442,63.0
442,63.0
442,0.0
442,39.0
443,0.0
443,0.0
443,0.0
443,62.0
443,0.0
443,0.0
443,0.0
443,63.0
443,63.0
443,39.0
444,0.0
444,0.0
444,0.0
444,62.0
444,0.0
444,0.0
444,0.0
444,63.0
444,63.0
444,39.0
445,0.0
445,0.0
445,0.0
445,62.0
445,0.0
445,0.0
445,0.0
445,63.0
445,63.0
445,39.0
446,0.0
446,0.0
446,0.0
446,62.0
446,0.0
446,0.0
446,0.0
446,63.0
446,63.0
446,39.0
447,0.0
447,0.0
447,62.0
447,0.0
447,0.0
447,0.0
447,0.0
447,63.0
447,63.0
447,39.0
448,0.0
448,0.0
448,62.0
448,0.0
448,0.0
448,0.0
448,0.0
448,63.0
448,63.0
448,39.0
449,0.0
449,0.0
449,62.0
449,0.0
449,0.0
449,0.0
449,0.0
449,63.0
449,63.0
449,39.0
450,0.0
450,0.0
450,0.0
450,0.0
450,0.0
450,63.0
450,0.0
450,63.0
450,39.0
451,0.0
451,0.0
451,0.0
451,0.0
451,0.0
451,63.0
451,0.0
451,63.0
451,39.0
452,0.0
452,0.0
452,0.0
452,0.0
452,0.0
452,63.0
452,0.0
452,63.0
452,39.0
453,0.0
453,0.0
453,0.0
453,0.0
453,0.0
453,63.0
453,0.0
453,63.0
453,39.0
454,0.0
454,0.0
454,0.0
454,0.0
454,0.0
454,0.0
454,63.0
454,63.0
454,62.0
454,39.0
455,0.0
455,0.0
455,0.0
455,0.0
455,0.0
455,0.0
455,63.0
455,63.0
455,62.0
455,39.0
456,0.0
456,0.0
456,0.0
456,0.0
456,0.0
456,0.0
456,63.0
456,63.0
456,62.0
456,39.0
457,0.0
457,0.0
457,0.0
457,0.0
457,0.0
457,0.0
457,63.0
457,63.0
457,62.0
457,39.0
458,0.0
458,0.0
458,0.0
458,0.0
458,63.0
458,0.0
458,0.0
458,63.0
458,39.0
458,62.0
459,0.0
459,0.0
459,0.0
459,0.0
459,63.0
459,0.0
459,0.0
459,62.0
459,63.0
459,39.0
460,0.0
460,0.0
460,0.0
460,0.0
460,63.0
460,0.0
460,0.0
460,62.0
460,63.0
460,39.0
461,0.0
461,0.0
461,0.0
461,0.0
461,63.0
461,0.0
461,0.0
461,62.0
461,63.0
461,39.0
462,0.0
462,0.0
462,0.0
462,0.0
462,63.0
462,0.0
462,62.0
462,0.0
462,39.0
463,0.0
463,0.0
463,0.0
463,0.0
463,63.0
463,0.0
463,62.0
463,0.0
463,39.0
464,0.0
464,0.0
464,0.0
464,0.0
464,63.0
464,0.0
464,62.0
464,0.0
464,39.0
465,0.0
465,0.0
465,0.0
465,62.0
465,0.0
465,0.0
465,63.0
465,0.0
465,39.0
465,62.0
466,0.0
466,0.0
466,0.0
466,62.0
466,0.0
466,63.0
466,0.0
466,0.0
466,39.0
466,62.0
467,0.0
467,0.0
467,0.0
467,62.0
467,0.0
467,63.0
467,0.0
467,0.0
467,39.0
467,62.0
468,0.0
468,0.0
468,0.0
468,62.0
468,0.0
468,63.0
468,0.0
468,0.0
468,39.0
468,62.0
469,0.0
469,0.0
469,0.0
469,0.0
469,0.0
469,62.0
469,39.0
469,63.0
469,0.0
470,0.0
470,0.0
470,0.0
470,0.0
470,0.0
470,62.0
470,39.0
470,63.0
470,0.0
471,0.0
471,0.0
471,0.0
471,0.0
471,0.0
471,62.0
471,39.0
471,63.0
471,0.0
472,0.0
472,0.0
472,0.0
472,0.0
472,0.0
472,62.0
472,39.0
472,63.0
472,0.0
473,0.0
473,0.0
473,0.0
473,0.0
473,0.0
473,0.0
473,39.0
473,62.0
473,63.0
474,0.0
474,0.0
474,0.0
474,0.0
474,0.0
474,0.0
474,39.0
474,62.0
474,63.0
475,0.0
475,0.0
475,0.0
475,0.0
475,0.0
475,0.0
475,39.0
475,62.0
475,63.0
476,0.0
476,0.0
476,0.0
476,0.0
476,0.0
476,0.0
476,39.0
476,62.0
476,63.0
477,0.0
477,0.0
477,0.0
477,0.0
477,39.0
477,0.0
478,0.0
478,0.0
478,0.0
478,0.0
478,39.0
478,0.0
479,0.0
479,0.0
479,0.0
479,0.0
479,39.0
479,0.0
480,0.0
480,0.0
480,0.0
480,0.0
480,39.0
480,0.0
481,0.0
481,0.0
481,0.0
481,0.0
481,39.0
481,0.0
482,0.0
482,0.0
482,0.0
482,0.0
482,39.0
482,0.0
483,0.0
483,0.0
483,0.0
483,0.0
483,39.0
483,0.0
484,0.0
484,0.0
484,0.0
484,0.0
484,39.0
484,0.0
485,0.0
485,0.0
485,0.0
485,0.0
485,39.0
485,0.0
486,0.0
486,0.0
486,0.0
486,0.0
486,39.0
486,0.0
487,0.0
487,0.0
487,0.0
487,0.0
487,39.0
487,0.0
488,0.0
488,0.0
488,0.0
488,0.0
488,39.0
488,0.0
489,0.0
489,0.0
489,0.0
489,0.0
489,39.0
489,0.0
490,0.0
490,0.0
490,0.0
490,0.0
490,39.0
490,0.0
491,0.0
491,0.0
491,0.0
491,0.0
491,39.0
491,0.0
492,0.0
492,0.0
492,0.0
492,0.0
492,63.0
492,0.0
492,62.0
493,0.0
493,0.0
493,0.0
493,0.0
493,63.0
493,0.0
493,62.0
494,0.0
494,0.0
494,0.0
494,0.0
494,63.0
494,0.0
494,62.0
495,0.0
495,0.0
495,0.0
495,0.0
496,0.0
496,0.0
496,0.0
496,0.0
497,0.0
497,0.0
497,0.0
497,0.0
498,0.0
498,0.0
498,0.0
498,0.0
499,0.0
499,0.0
499,0.0
499,0.0
500,0.0
500,0.0
500,0.0
500,0.0
501,0.0
501,0.0
501,0.0
501,0.0
502,0.0
502,0.0
502,0.0
502,0.0
503,0.0
503,0.0
503,0.0
503,0.0
504,0.0
504,0.0
504,0.0
504,0.0
505,0.0
505,0.0
505,0.0
505,0.0
506,0.0
506,0.0
506,0.0
506,0.0
507,0.0
507,0.0
507,0.0
507,0.0
508,0.0
508,0.0
508,0.0
508,0.0
509,0.0
509,0.0
509,0.0
509,0.0
510,0.0
510,0.0
510,0.0
510,0.0
510,39.0
511,0.0
511,0.0
511,0.0
511,0.0
511,39.0
512,0.0
512,0.0
512,0.0
512,0.0
512,39.0
513,0.0
513,0.0
513,0.0
513,0.0
513,39.0
514,0.0
514,0.0
514,0.0
514,0.0
514,0.0
515,0.0
515,0.0
515,0.0
515,0.0
515,0.0
516,0.0
516,0.0
516,0.0
516,0.0
516,0.0
517,0.0
517,0.0
517,0.0
517,0.0
517,0.0
518,0.0
518,0.0
518,0.0
518,0.0
518,63.0
518,62.0
518,0.0
519,0.0
519,0.0
519,0.0
519,0.0
519,63.0
519,62.0
519,0.0
520,0.0
520,0.0
520,0.0
520,0.0
520,63.0
520,62.0
520,0.0
521,0.0
521,0.0
521,0.0
521,0.0
521,63.0
521,62.0
521,0.0
522,0.0
522,0.0
522,0.0
522,0.0
522,63.0
523,0.0
523,0.0
523,0.0
523,0.0
523,63.0
524,0.0
524,0.0
524,0.0
524,0.0
524,63.0
525,0.0
525,0.0
525,0.0
525,0.0
525,62.0
526,0.0
526,0.0
526,0.0
526,0.0
526,62.0
527,0.0
527,0.0
527,0.0
527,0.0
527,62.0
528,0.0
528,0.0
528,0.0
528,0.0
528,62.0
529,0.0
529,0.0
529,0.0
529,62.0
529,0.0
529,0.0
530,0.0
530,0.0
530,0.0
530,62.0
530,0.0
530,0.0
531,0.0
531,0.0
531,0.0
531,62.0
531,0.0
531,0.0
532,0.0
532,0.0
532,0.0
532,62.0
532,0.0
532,0.0
533,0.0
533,0.0
533,0.0
533,62.0
533,0.0
534,0.0
534,0.0
534,0.0
534,62.0
534,0.0
535,0.0
535,0.0
535,0.0
535,62.0
535,0.0
536,0.0
536,0.0
536,0.0
536,62.0
536,0.0
537,0.0
537,62.0
537,0.0
537,0.0
538,0.0
538,62.0
538,0.0
538,0.0
539,0.0
539,62.0
539,0.0
539,0.0
540,0.0
540,0.0
540,62.0
540,0.0
540,0.0
541,0.0
541,0.0
541,62.0
541,0.0
541,0.0
542,0.0
542,0.0
542,62.0
542,0.0
542,0.0
543,0.0
543,0.0
543,62.0
543,0.0
543,0.0
544,0.0
544,0.0
544,62.0
544,0.0
545,0.0
545,0.0
545,62.0
545,0.0
546,0.0
546,0.0
546,62.0
546,0.0
547,0.0
547,0.0
547,62.0
547,0.0
548,0.0
548,0.0
548,62.0
548,0.0
549,0.0
549,0.0
549,62.0
550,0.0
550,0.0
550,62.0
551,0.0
551,0.0
551,62.0
552,0.0
552,0.0
552,62.0
552,0.0
553,0.0
553,0.0
553,62.0
553,0.0
554,0.0
554,0.0
554,62.0
554,0.0
555,0.0
555,62.0
555,0.0
555,0.0
556,0.0
556,62.0
556,0.0
556,0.0
557,0.0
557,62.0
557,0.0
557,0.0
558,0.0
558,62.0
558,0.0
558,0.0
559,0.0
559,0.0
559,0.0
559,62.0
559,39.0
560,0.0
560,0.0
560,0.0
560,62.0
560,39.0
561,0.0
561,0.0
561,0.0
561,62.0
561,39.0
562,0.0
562,0.0
562,0.0
562,62.0
562,39.0
563,0.0
563,0.0
563,62.0
563,0.0
563,62.0
563,39.0
564,0.0
564,0.0
564,62.0
564,0.0
564,62.0
564,39.0
565,0.0
565,0.0
565,62.0
565,0.0
565,62.0
565,39.0
566,0.0
566,0.0
566,62.0
566,0.0
566,62.0
566,39.0
567,0.0
567,0.0
567,62.0
567,0.0
567,39.0
568,0.0
568,0.0
568,62.0
568,0.0
568,39.0
569,0.0
569,0.0
569,62.0
569,0.0
569,39.0
570,0.0
570,0.0
570,62.0
570,0.0
570,39.0
570,62.0
571,0.0
571,0.0
571,62.0
571,0.0
571,39.0
571,62.0
572,0.0
572,0.0
572,62.0
572,0.0
572,39.0
572,62.0
573,0.0
573,0.0
573,62.0
573,0.0
573,39.0
573,62.0
574,0.0
574,0.0
574,62.0
574,0.0
575,0.0
575,0.0
575,62.0
575,0.0
576,0.0
576,0.0
576,62.0
576,0.0
577,0.0
577,0.0
577,62.0
577,0.0
578,0.0
578,0.0
578,62.0
578,0.0
578,0.0
579,0.0
579,0.0
579,62.0
579,0.0
579,0.0
580,0.0
580,0.0
580,62.0
580,0.0
580,0.0
581,0.0
581,0.0
581,62.0
581,0.0
581,0.0
582,0.0
582,62.0
582,0.0
582,0.0
582,0.0
583,0.0
583,62.0
583,0.0
583,0.0
583,0.0
584,0.0
584,62.0
584,0.0
584,0.0
584,0.0
585,0.0
585,62.0
585,0.0
585,0.0
586,0.0
586,62.0
586,0.0
586,0.0
587,0.0
587,62.0
587,0.0
587,0.0
588,0.0
588,62.0
588,0.0
588,0.0
589,0.0
589,62.0
589,0.0
589,0.0
589,0.0
590,0.0
590,62.0
590,0.0
590,0.0
590,0.0
591,0.0
591,62.0
591,0.0
591,0.0
591,0.0
592,0.0
592,62.0
592,0.0
592,0.0
592,0.0
593,0.0
593,62.0
593,0.0
593,0.0
594,0.0
594,62.0
594,0.0
594,0.0
595,0.0
595,62.0
595,0.0
595,0.0
596,0.0
596,62.0
596,0.0
596,0.0
597,0.0
597,0.0
597,62.0
597,0.0
598,0.0
598,0.0
598,62.0
598,0.0
599,0.0
599,0.0
599,62.0
599,0.0
600,0.0
600,62.0
600,0.0
600,39.0
600,0.0
601,0.0
601,62.0
601,0.0
601,39.0
601,0.0
602,0.0
602,62.0
602,0.0
602,39.0
602,0.0
603,0.0
603,62.0
603,0.0
603,39.0
603,0.0
604,0.0
604,62.0
604,0.0
604,0.0
604,39.0
605,0.0
605,62.0
605,0.0
605,0.0
605,39.0
606,0.0
606,62.0
606,0.0
606,0.0
606,39.0
607,0.0
607,62.0
607,0.0
607,0.0
607,39.0
608,0.0
608,62.0
608,0.0
608,0.0
608,39.0
609,0.0
609,62.0
609,0.0
609,0.0
609,39.0
610,0.0
610,62.0
610,0.0
610,0.0
610,39.0
611,0.0
611,62.0
611,0.0
611,0.0
611,39.0
612,0.0
612,62.0
612,0.0
612,0.0
612,0.0
612,39.0
613,0.0
613,62.0
613,0.0
613,0.0
613,0.0
613,39.0
614,0.0
614,62.0
614,0.0
614,0.0
614,0.0
614,39.0
615,0.0
615,62.0
615,0.0
615,0.0
615,39.0
616,0.0
616,62.0
616,0.0
616,0.0
616,39.0
617,0.0
617,62.0
617,0.0
617,0.0
617,39.0
618,0.0
618,62.0
618,0.0
618,0.0
618,39.0
619,0.0
619,0.0
619,62.0
619,0.0
619,0.0
619,39.0
620,0.0
620,0.0
620,62.0
620,0.0
620,0.0
620,39.0
621,0.0
621,0.0
621,62.0
621,0.0
621,0.0
621,39.0
622,0.0
622,0.0
622,62.0
622,0.0
622,0.0
622,39.0
623,0.0
623,0.0
623,62.0
623,0.0
623,0.0
623,62.0
624,0.0
624,0.0
624,62.0
624,0.0
624,0.0
624,62.0
625,0.0
625,0.0
625,62.0
625,0.0
625,0.0
625,62.0
626,0.0
626,0.0
626,62.0
626,0.0
626,0.0
626,62.0
627,0.0
627,62.0
627,0.0
627,63.0
627,0.0
627,39.0
628,0.0
628,62.0
628,0.0
628,0.0
628,63.0
628,39.0
629,0.0
629,62.0
629,0.0
629,0.0
629,63.0
629,39.0
630,0.0
630,0.0
630,62.0
630,0.0
630,63.0
630,39.0
631,0.0
631,0.0
631,62.0
631,0.0
631,63.0
631,39.0
632,0.0
632,0.0
632,62.0
632,0.0
632,63.0
632,39.0
633,0.0
633,0.0
633,62.0
633,0.0
633,63.0
633,39.0
634,0.0
634,62.0
634,0.0
634,0.0
634,39.0
635,0.0
635,0.0
635,62.0
635,0.0
635,39.0
636,0.0
636,0.0
636,62.0
636,0.0
636,39.0
637,0.0
637,0.0
637,62.0
637,0.0
637,39.0
638,0.0
638,0.0
638,62.0
638,0.0
639,0.0
639,0.0
639,62.0
639,0.0
640,0.0
640,0.0
640,62.0
640,0.0
641,0.0
641,0.0
641,62.0
641,0.0
642,0.0
642,0.0
642,62.0
642,0.0
643,0.0
643,0.0
643,62.0
643,0.0
644,0.0
644,0.0
644,62.0
644,0.0
645,0.0
645,0.0
645,62.0
645,0.0
646,0.0
646,0.0
646,62.0
646,0.0
647,0.0
647,0.0
647,62.0
647,0.0
648,0.0
648,0.0
648,62.0
648,0.0
649,0.0
649,0.0
649,62.0
649,0.0
650,0.0
650,0.0
650,62.0
650,0.0
651,0.0
651,0.0
651,62.0
651,0.0
652,0.0
652,0.0
652,62.0
652,0.0
653,0.0
653,0.0
653,62.0
653,0.0
654,0.0
654,0.0
654,62.0
654,0.0
655,0.0
655,0.0
655,62.0
655,0.0
656,0.0
656,0.0
656,62.0
656,0.0
657,0.0
657,0.0
657,62.0
657,0.0
657,0.0
658,0.0
658,0.0
658,62.0
658,0.0
658,0.0
659,0.0
659,0.0
659,62.0
659,0.0
659,0.0
660,0.0
660,0.0
660,62.0
660,0.0
661,0.0
661,0.0
661,62.0
661,0.0
662,0.0
662,0.0
662,62.0
662,0.0
663,0.0
663,0.0
663,62.0
663,0.0
664,0.0
664,0.0
664,62.0
664,0.0
665,0.0
665,0.0
665,62.0
665,0.0
666,0.0
666,0.0
666,62.0
666,0.0
667,0.0
667,0.0
667,62.0
667,0.0
668,0.0
668,0.0
668,62.0
668,0.0
669,0.0
669,0.0
669,62.0
669,0.0
670,0.0
670,0.0
670,62.0
670,0.0
671,0.0
671,0.0
671,62.0
671,0.0
672,0.0
672,0.0
672,62.0
672,0.0
673,0.0
673,0.0
673,62.0
673,0.0
674,0.0
674,0.0
674,62.0
674,0.0
675,0.0
675,0.0
675,62.0
675,0.0
675,39.0
676,0.0
676,0.0
676,62.0
676,0.0
676,39.0
677,0.0
677,0.0
677,62.0
677,0.0
677,39.0
678,0.0
678,0.0
678,62.0
678,0.0
678,39.0
679,0.0
679,0.0
679,62.0
679,0.0
679,0.0
679,39.0
679,0.0
680,0.0
680,0.0
680,62.0
680,0.0
680,39.0
680,0.0
680,0.0
681,0.0
681,0.0
681,62.0
681,0.0
681,39.0
681,0.0
681,0.0
682,0.0
682,0.0
682,62.0
682,0.0
682,39.0
682,0.0
682,0.0
683,0.0
683,0.0
683,0.0
683,62.0
683,0.0
683,39.0
683,0.0
684,0.0
684,0.0
684,62.0
684,0.0
684,0.0
684,39.0
684,0.0
685,0.0
685,0.0
685,62.0
685,0.0
685,0.0
685,39.0
685,0.0
686,0.0
686,0.0
686,62.0
686,0.0
686,0.0
686,39.0
686,0.0
687,0.0
687,0.0
687,62.0
687,0.0
687,0.0
687,39.0
688,0.0
688,0.0
688,62.0
688,0.0
688,0.0
688,39.0
689,0.0
689,0.0
689,62.0
689,0.0
689,0.0
689,39.0
690,0.0
690,0.0
690,62.0
690,0.0
690,39.0
690,0.0
690,0.0
691,0.0
691,0.0
691,62.0
691,0.0
691,39.0
691,0.0
691,0.0
692,0.0
692,0.0
692,62.0
692,0.0
692,39.0
692,0.0
692,0.0
693,0.0
693,0.0
693,62.0
693,0.0
693,39.0
693,0.0
693,0.0
694,0.0
694,0.0
694,0.0
694,62.0
694,0.0
694,0.0
694,39.0
695,0.0
695,0.0
695,0.0
695,62.0
695,0.0
695,0.0
695,39.0
696,0.0
696,0.0
696,0.0
696,62.0
696,0.0
696,0.0
696,39.0
697,0.0
697,0.0
697,0.0
697,62.0
697,0.0
697,0.0
697,39.0
698,0.0
698,0.0
698,62.0
698,0.0
699,0.0
699,0.0
699,62.0
699,0.0
700,0.0
700,0.0
700,62.0
700,0.0
701,0.0
701,0.0
701,62.0
701,0.0
702,0.0
702,0.0
702,0.0
702,62.0
702,0.0
703,0.0
703,0.0
703,0.0
703,62.0
703,0.0
704,0.0
704,0.0
704,0.0
704,62.0
704,0.0
705,0.0
705,0.0
705,62.0
705,0.0
705,0.0
706,0.0
706,0.0
706,62.0
706,0.0
706,0.0
707,0.0
707,0.0
707,62.0
707,0.0
707,0.0
708,0.0
708,0.0
708,62.0
708,0.0
708,0.0
709,0.0
709,0.0
709,62.0
709,0.0
709,0.0
710,0.0
710,0.0
710,62.0
710,0.0
710,0.0
711,0.0
711,0.0
711,62.0
711,0.0
711,0.0
712,0.0
712,0.0
712,62.0
712,0.0
712,0.0
713,0.0
713,0.0
713,0.0
713,62.0
713,0.0
714,0.0
714,0.0
714,0.0
714,62.0
714,0.0
715,0.0
715,0.0
715,0.0
715,62.0
715,0.0
716,0.0
716,0.0
716,0.0
716,62.0
716,0.0
717,0.0
717,0.0
717,0.0
717,62.0
717,0.0
717,0.0
717,39.0
717,39.0
718,0.0
718,0.0
718,0.0
718,62.0
718,0.0
718,0.0
718,39.0
718,39.0
719,0.0
719,0.0
719,0.0
719,62.0
719,0.0
719,0.0
719,39.0
719,39.0
720,0.0
720,0.0
720,62.0
720,0.0
720,0.0
720,0.0
720,63.0
720,39.0
720,39.0
721,0.0
721,0.0
721,62.0
721,0.0
721,0.0
721,63.0
721,0.0
721,39.0
721,39.0
722,0.0
722,0.0
722,62.0
722,0.0
722,0.0
722,63.0
722,0.0
722,39.0
722,39.0
723,0.0
723,0.0
723,62.0
723,0.0
723,0.0
723,63.0
723,0.0
723,39.0
723,39.0
724,0.0
724,0.0
724,62.0
724,0.0
724,63.0
724,0.0
724,39.0
724,39.0
724,0.0
725,0.0
725,0.0
725,62.0
725,0.0
725,63.0
725,0.0
725,39.0
725,39.0
725,0.0
726,0.0
726,0.0
726,62.0
726,0.0
726,63.0
726,0.0
726,39.0
726,39.0
727,0.0
727,0.0
727,62.0
727,0.0
727,63.0
727,0.0
727,39.0
727,39.0
728,0.0
728,62.0
728,39.0
728,0.0
728,63.0
728,0.0
728,39.0
729,0.0
729,62.0
729,39.0
729,0.0
729,63.0
729,39.0
729,0.0
730,0.0
730,62.0
730,39.0
730,0.0
730,63.0
730,0.0
730,39.0
731,0.0
731,62.0
731,0.0
731,39.0
731,0.0
731,63.0
731,39.0
732,0.0
732,62.0
732,0.0
732,39.0
732,0.0
732,63.0
732,39.0
733,0.0
733,62.0
733,0.0
733,39.0
733,0.0
733,63.0
734,0.0
734,62.0
734,0.0
734,39.0
734,0.0
734,63.0
735,0.0
735,0.0
735,62.0
735,0.0
735,39.0
736,0.0
736,0.0
736,62.0
736,0.0
736,39.0
737,0.0
737,0.0
737,62.0
737,0.0
737,39.0
738,0.0
738,0.0
738,62.0
738,0.0
738,39.0
739,0.0
739,62.0
740,0.0
740,62.0
741,0.0
741,62.0
742,0.0
742,62.0
743,0.0
743,62.0
743,39.0
744,0.0
744,62.0
744,39.0
745,0.0
745,62.0
745,39.0
746,0.0
746,62.0
746,39.0
747,0.0
747,62.0
747,0.0
747,62.0
748,0.0
748,62.0
748,0.0
748,62.0
749,0.0
749,62.0
749,0.0
749,62.0
750,0.0
750,62.0
750,0.0
750,39.0
750,0.0
751,0.0
751,62.0
751,0.0
751,0.0
751,39.0
752,0.0
752,62.0
752,0.0
752,0.0
752,39.0
753,0.0
753,62.0
753,0.0
753,0.0
753,39.0
754,0.0
754,62.0
754,39.0
754,0.0
754,56.0
755,0.0
755,62.0
755,39.0
755,0.0
755,56.0
756,0.0
756,62.0
756,39.0
756,0.0
756,56.0
757,0.0
757,62.0
757,39.0
757,0.0
757,56.0
758,0.0
758,62.0
758,39.0
758,0.0
759,0.0
759,62.0
759,39.0
759,0.0
760,0.0
760,62.0
760,39.0
760,0.0
761,0.0
761,62.0
761,39.0
761,0.0
762,0.0
762,62.0
762,39.0
762,63.0
763,0.0
763,62.0
763,39.0
763,63.0
764,0.0
764,62.0
764,39.0
764,63.0
765,0.0
765,62.0
765,39.0
766,0.0
766,62.0
766,39.0
767,0.0
767,62.0
767,39.0
768,0.0
768,62.0
768,39.0
769,0.0
769,62.0
769,0.0
769,39.0
770,0.0
770,62.0
770,0.0
770,39.0
771,0.0
771,62.0
771,0.0
771,39.0
772,0.0
772,62.0
772,0.0
772,39.0
773,0.0
773,0.0
773,62.0
773,39.0
773,0.0
774,0.0
774,0.0
774,62.0
774,39.0
774,0.0
775,0.0
775,0.0
775,62.0
775,39.0
775,0.0
776,0.0
776,0.0
776,62.0
776,39.0
776,0.0
777,0.0
777,0.0
777,62.0
777,0.0
777,0.0
777,39.0
778,0.0
778,0.0
778,62.0
778,0.0
778,0.0
778,39.0
779,0.0
779,0.0
779,62.0
779,0.0
779,0.0
779,39.0
780,0.0
780,0.0
780,62.0
780,0.0
780,39.0
781,0.0
781,0.0
781,62.0
781,0.0
781,39.0
782,0.0
782,0.0
782,62.0
782,0.0
782,39.0
783,0.0
783,0.0
783,62.0
783,0.0
783,39.0
784,0.0
784,0.0
784,62.0
784,0.0
784,39.0
785,0.0
785,0.0
785,62.0
785,0.0
785,39.0
786,0.0
786,0.0
786,62.0
786,0.0
786,39.0
787,0.0
787,0.0
787,62.0
787,0.0
787,39.0
788,0.0
788,0.0
788,0.0
788,62.0
789,0.0
789,0.0
789,0.0
789,62.0
790,0.0
790,0.0
790,0.0
790,62.0
791,0.0
791,0.0
791,0.0
791,62.0
792,0.0
792,0.0
792,62.0
792,0.0
792,62.0
793,0.0
793,0.0
793,62.0
793,0.0
793,62.0
794,0.0
794,0.0
794,62.0
794,0.0
794,62.0
795,0.0
795,0.0
795,0.0
795,62.0
796,0.0
796,0.0
796,0.0
796,62.0
797,0.0
797,0.0
797,0.0
797,62.0
798,0.0
798,0.0
798,0.0
798,62.0
799,0.0
799,0.0
799,0.0
799,62.0
799,62.0
800,0.0
800,0.0
800,0.0
800,62.0
800,62.0
801,0.0
801,0.0
801,0.0
801,62.0
801,62.0
802,0.0
802,0.0
802,0.0
802,62.0
802,62.0
803,0.0
803,0.0
803,0.0
803,62.0
803,0.0
804,0.0
804,0.0
804,0.0
804,62.0
804,0.0
805,0.0
805,0.0
805,0.0
805,62.0
805,0.0
806,0.0
806,0.0
806,0.0
806,62.0
806,0.0
807,0.0
807,0.0
807,0.0
807,0.0
807,62.0
808,0.0
808,0.0
808,0.0
808,0.0
808,62.0
809,0.0
809,0.0
809,0.0
809,0.0
809,62.0
809,62.0
810,0.0
810,0.0
810,0.0
810,0.0
810,62.0
811,0.0
811,0.0
811,0.0
811,0.0
811,62.0
812,0.0
812,0.0
812,0.0
812,0.0
812,62.0
813,0.0
813,0.0
813,0.0
813,0.0
813,62.0
814,0.0
814,0.0
814,0.0
814,0.0
814,62.0
814,62.0
815,0.0
815,0.0
815,0.0
815,0.0
815,62.0
815,62.0
816,0.0
816,0.0
816,0.0
816,0.0
816,62.0
816,62.0
817,0.0
817,0.0
817,0.0
817,0.0
817,62.0
817,62.0
818,0.0
818,0.0
818,0.0
818,0.0
818,62.0
818,62.0
819,0.0
819,0.0
819,0.0
819,0.0
819,62.0
819,62.0
820,0.0
820,0.0
820,0.0
820,0.0
820,62.0
820,62.0
821,0.0
821,0.0
821,0.0
821,0.0
821,62.0
821,62.0
822,0.0
822,0.0
822,62.0
822,0.0
822,0.0
823,0.0
823,0.0
823,62.0
823,0.0
823,0.0
824,0.0
824,0.0
824,62.0
824,0.0
824,0.0
825,0.0
825,0.0
825,0.0
825,62.0
825,0.0
825,0.0
826,0.0
826,0.0
826,0.0
826,62.0
826,0.0
826,0.0
827,0.0
827,0.0
827,0.0
827,62.0
827,0.0
827,0.0
828,0.0
828,0.0
828,0.0
828,62.0
828,0.0
828,0.0
829,0.0
829,0.0
829,62.0
829,0.0
829,0.0
829,0.0
830,0.0
830,0.0
830,62.0
830,0.0
830,0.0
830,0.0
831,0.0
831,0.0
831,62.0
831,0.0
831,0.0
831,0.0
832,0.0
832,0.0
832,62.0
832,0.0
832,0.0
832,0.0
833,0.0
833,0.0
833,62.0
833,0.0
833,0.0
834,0.0
834,0.0
834,62.0
834,0.0
834,0.0
835,0.0
835,0.0
835,62.0
835,0.0
835,0.0
836,0.0
836,0.0
836,62.0
836,0.0
836,0.0
837,0.0
837,0.0
837,62.0
837,0.0
837,0.0
838,0.0
838,0.0
838,62.0
838,0.0
838,0.0
839,0.0
839,0.0
839,62.0
839,0.0
839,0.0
840,0.0
840,0.0
840,62.0
840,0.0
840,0.0
840,39.0
841,0.0
841,0.0
841,62.0
841,0.0
841,0.0
842,0.0
842,0.0
842,62.0
842,0.0
842,0.0
843,0.0
843,0.0
843,62.0
843,0.0
843,0.0
844,0.0
844,0.0
844,62.0
844,0.0
844,0.0
845,0.0
845,0.0
845,0.0
845,62.0
845,0.0
846,0.0
846,0.0
846,0.0
846,62.0
846,0.0
847,0.0
847,0.0
847,0.0
847,62.0
847,0.0
848,0.0
848,0.0
848,62.0
848,0.0
848,0.0
849,0.0
849,0.0
849,62.0
849,0.0
849,0.0
850,0.0
850,0.0
850,62.0
850,0.0
850,0.0
851,0.0
851,0.0
851,62.0
851,0.0
851,0.0
852,0.0
852,0.0
852,62.0
852,0.0
852,0.0
853,0.0
853,0.0
853,62.0
853,0.0
853,0.0
854,0.0
854,0.0
854,62.0
854,0.0
854,0.0
855,0.0
855,0.0
855,0.0
855,62.0
855,0.0
856,0.0
856,0.0
856,62.0
856,0.0
856,0.0
857,0.0
857,0.0
857,0.0
857,62.0
857,0.0
858,0.0
858,0.0
858,62.0
858,0.0
858,0.0
859,0.0
859,0.0
859,0.0
859,0.0
859,62.0
860,0.0
860,0.0
860,0.0
860,0.0
860,62.0
861,0.0
861,0.0
861,0.0
861,0.0
861,62.0
862,0.0
862,0.0
862,0.0
862,0.0
862,62.0
863,0.0
863,0.0
863,0.0
863,0.0
863,62.0
864,0.0
864,0.0
864,0.0
864,0.0
864,62.0
865,0.0
865,0.0
865,0.0
865,0.0
865,62.0
866,0.0
866,0.0
866,0.0
866,0.0
866,62.0
867,0.0
867,0.0
867,62.0
867,0.0
867,0.0
868,0.0
868,0.0
868,62.0
868,0.0
868,0.0
869,0.0
869,0.0
869,62.0
869,0.0
869,0.0
870,0.0
870,0.0
870,62.0
870,0.0
870,0.0
871,0.0
871,0.0
871,62.0
871,0.0
871,0.0
872,0.0
872,0.0
872,62.0
872,0.0
872,0.0
873,0.0
873,0.0
873,62.0
873,0.0
873,0.0
874,0.0
874,0.0
874,62.0
874,0.0
875,0.0
875,0.0
875,62.0
875,0.0
876,0.0
876,0.0
876,62.0
876,0.0
877,0.0
877,0.0
877,62.0
877,0.0
878,0.0
878,0.0
878,62.0
878,0.0
879,0.0
879,0.0
879,62.0
879,0.0
880,0.0
880,0.0
880,62.0
880,0.0
881,0.0
881,0.0
881,62.0
881,0.0
882,0.0
882,0.0
882,62.0
882,0.0
883,0.0
883,0.0
883,62.0
883,0.0
884,0.0
884,0.0
884,62.0
884,0.0
885,0.0
885,0.0
885,62.0
885,0.0
885,62.0
886,0.0
886,0.0
886,62.0
886,0.0
886,62.0
887,0.0
887,0.0
887,62.0
887,0.0
887,62.0
888,0.0
888,0.0
888,62.0
888,0.0
888,62.0
889,0.0
889,0.0
889,62.0
889,0.0
889,62.0
890,0.0
890,0.0
890,62.0
890,0.0
890,62.0
891,0.0
891,0.0
891,62.0
891,0.0
891,62.0
892,0.0
892,0.0
892,62.0
892,0.0
892,62.0
893,0.0
893,0.0
893,62.0
893,62.0
893,0.0
894,0.0
894,0.0
894,62.0
894,62.0
894,0.0
895,0.0
895,0.0
895,62.0
895,62.0
895,0.0
896,0.0
896,0.0
896,62.0
896,62.0
896,0.0
897,0.0
897,0.0
897,62.0
897,62.0
898,0.0
898,0.0
898,62.0
898,62.0
899,0.0
899,0.0
899,62.0
899,62.0
900,0.0
900,0.0
900,62.0
901,0.0
901,0.0
901,62.0
902,0.0
902,0.0
902,62.0
903,0.0
903,0.0
903,62.0
904,0.0
904,62.0
904,0.0
905,0.0
905,62.0
905,0.0
906,0.0
906,62.0
906,0.0
907,0.0
907,62.0
907,0.0
908,0.0
908,62.0
908,39.0
908,0.0
909,0.0
909,62.0
909,39.0
909,0.0
910,0.0
910,62.0
910,39.0
910,0.0
911,0.0
911,62.0
911,39.0
911,0.0
912,0.0
912,62.0
912,39.0
912,63.0
913,0.0
913,62.0
913,39.0
913,63.0
914,0.0
914,62.0
914,39.0
914,63.0
915,0.0
915,62.0
915,39.0
915,63.0
916,0.0
916,62.0
916,63.0
916,39.0
916,0.0
917,0.0
917,62.0
917,63.0
917,39.0
917,0.0
918,0.0
918,62.0
918,63.0
918,39.0
918,0.0
919,0.0
919,62.0
919,0.0
919,63.0
919,0.0
920,0.0
920,62.0
920,0.0
920,63.0
920,0.0
921,0.0
921,62.0
921,0.0
921,63.0
921,0.0
922,0.0
922,62.0
922,0.0
922,63.0
922,0.0
923,0.0
923,62.0
923,0.0
923,63.0
923,39.0
924,0.0
924,62.0
924,0.0
924,63.0
924,39.0
925,0.0
925,62.0
925,0.0
925,63.0
925,39.0
926,0.0
926,62.0
926,0.0
926,63.0
926,39.0
927,0.0
927,62.0
927,0.0
927,63.0
927,62.0
927,39.0
928,0.0
928,62.0
928,0.0
928,63.0
928,62.0
928,39.0
929,0.0
929,62.0
929,0.0
929,63.0
929,62.0
929,39.0
930,0.0
930,62.0
930,63.0
930,0.0
931,0.0
931,62.0
931,0.0
931,63.0
932,0.0
932,62.0
932,0.0
932,63.0
933,0.0
933,62.0
933,0.0
933,63.0
934,0.0
934,62.0
934,63.0
934,0.0
935,0.0
935,62.0
935,63.0
935,0.0
936,0.0
936,62.0
936,63.0
936,0.0
937,0.0
937,62.0
937,63.0
937,0.0
938,0.0
938,62.0
938,0.0
938,39.0
939,0.0
939,62.0
939,0.0
939,39.0
940,0.0
940,62.0
940,0.0
940,39.0
941,0.0
941,62.0
941,0.0
941,39.0
942,0.0
942,62.0
943,0.0
943,62.0
944,0.0
944,62.0
945,0.0
945,62.0
945,39.0
945,63.0
945,39.0
946,0.0
946,62.0
946,39.0
946,63.0
946,39.0
947,0.0
947,62.0
947,39.0
947,63.0
947,39.0
948,0.0
948,62.0
948,39.0
948,63.0
948,39.0
949,0.0
949,62.0
949,63.0
949,39.0
950,0.0
950,62.0
950,63.0
950,39.0
951,0.0
951,62.0
951,63.0
951,39.0
952,0.0
952,62.0
952,63.0
952,39.0
953,0.0
953,62.0
953,63.0
954,0.0
954,62.0
954,63.0
955,0.0
955,62.0
955,63.0
956,0.0
956,62.0
956,63.0
957,0.0
957,41.0
957,0.0
958,0.0
958,41.0
958,0.0
959,0.0
959,41.0
959,0.0
960,0.0
960,0.0
960,41.0
961,0.0
961,0.0
961,41.0
962,0.0
962,0.0
962,41.0
963,0.0
963,0.0
963,41.0
964,0.0
964,41.0
964,0.0
965,0.0
965,41.0
965,0.0
966,0.0
966,41.0
966,0.0
967,0.0
967,41.0
967,0.0
968,0.0
968,0.0
968,41.0
968,0.0
969,0.0
969,0.0
969,41.0
969,0.0
970,0.0
970,0.0
970,41.0
970,0.0
971,0.0
971,0.0
971,41.0
971,0.0
972,0.0
972,41.0
972,0.0
972,0.0
973,0.0
973,41.0
973,0.0
973,0.0
974,0.0
974,41.0
974,0.0
974,0.0
975,0.0
975,41.0
975,0.0
976,0.0
976,41.0
976,0.0
977,0.0
977,41.0
977,0.0
978,0.0
978,41.0
978,0.0
979,0.0
979,41.0
979,0.0
980,0.0
980,41.0
980,0.0
981,0.0
981,41.0
981,0.0
982,0.0
982,41.0
982,0.0
983,0.0
983,41.0
983,0.0
984,0.0
984,41.0
984,0.0
985,0.0
985,41.0
985,0.0
986,0.0
986,41.0
986,0.0
987,0.0
987,41.0
987,0.0
988,0.0
988,41.0
988,0.0
989,0.0
989,41.0
989,0.0
990,0.0
990,0.0
990,41.0
991,0.0
991,0.0
991,41.0
992,0.0
992,0.0
992,41.0
993,0.0
993,0.0
993,41.0
