1,0.0
2,0.0
3,0.0
4,0.0
5,0.0
6,0.0
7,0.0
8,0.0
9,0.0
10,0.0
11,0.0
12,0.0
13,0.0
14,0.0
15,0.0
16,0.0
17,0.0
18,0.0
19,0.0
20,0.0
21,0.0
22,0.0
23,0.0
24,0.0
25,0.0
26,0.0
27,0.0
28,0.0
29,0.0
30,0.0
31,0.0
32,0.0
33,0.0
34,0.0
35,0.0
36,0.0
37,0.0
38,0.0
39,0.0
40,0.0
41,0.0
42,0.0
43,0.0
44,0.0
45,0.0
46,0.0
47,0.0
48,0.0
49,0.0
50,0.0
51,0.0
52,0.0
53,0.0
54,0.0
55,0.0
56,0.0
57,0.0
58,0.0
59,0.0
60,0.0
61,0.0
62,0.0
63,0.0
64,0.0
65,0.0
66,0.0
67,0.0
68,0.0
69,0.0
70,0.0
71,0.0
72,0.0
73,0.0
74,0.0
75,0.0
76,0.0
77,0.0
78,0.0
294,0.0
295,0.0
296,0.0
297,0.0
298,0.0
299,0.0
300,0.0
301,0.0
302,0.0
303,0.0
304,0.0
305,0.0
306,0.0
307,0.0
308,0.0
309,0.0
310,0.0
311,0.0
312,0.0
313,0.0
314,0.0
315,0.0
316,0.0
317,0.0
318,0.0
319,0.0
320,0.0
321,0.0
321,24.0
322,0.0
322,24.0
323,0.0
323,24.0
324,0.0
325,0.0
326,0.0
327,0.0
328,0.0
329,0.0
330,0.0
331,0.0
332,0.0
333,0.0
334,0.0
335,0.0
336,0.0
337,0.0
338,0.0
339,0.0
340,0.0
341,0.0
342,0.0
343,0.0
344,0.0
345,0.0
346,0.0
347,0.0
348,0.0
349,0.0
350,0.0
351,0.0
352,0.0
353,0.0
354,0.0
355,0.0
356,0.0
357,0.0
358,0.0
359,0.0
360,0.0
361,0.0
362,0.0
363,0.0
364,0.0
365,0.0
366,0.0
367,0.0
368,0.0
369,0.0
370,0.0
371,0.0
372,0.0
373,0.0
374,0.0
374,0.0
375,0.0
375,0.0
376,0.0
376,0.0
377,0.0
377,0.0
378,0.0
378,0.0
379,0.0
379,0.0
380,0.0
380,0.0
381,0.0
381,0.0
382,0.0
382,0.0
383,0.0
383,0.0
384,0.0
384,0.0
385,0.0
386,0.0
387,0.0
388,0.0
388,26.0
389,0.0
389,26.0
389,0.0
390,0.0
390,26.0
390,0.0
391,0.0
391,26.0
391,0.0
392,0.0
392,26.0
392,0.0
393,0.0
393,26.0
393,0.0
394,0.0
394,26.0
394,0.0
395,0.0
395,26.0
396,0.0
396,26.0
397,0.0
397,26.0
398,0.0
398,26.0
399,0.0
399,26.0
400,0.0
400,26.0
401,0.0
401,26.0
402,0.0
402,26.0
403,0.0
403,26.0
404,0.0
404,26.0
405,0.0
405,26.0
406,0.0
406,26.0
407,0.0
407,26.0
408,0.0
408,26.0
409,0.0
409,26.0
410,0.0
410,26.0
411,0.0
411,26.0
412,0.0
412,26.0
412,0.0
413,0.0
413,26.0
413,0.0
414,0.0
414,26.0
415,0.0
415,26.0
416,0.0
416,26.0
417,0.0
417,26.0
418,0.0
418,26.0
419,0.0
419,26.0
420,26.0
420,0.0
421,26.0
421,0.0
422,26.0
422,0.0
423,26.0
423,0.0
424,26.0
424,0.0
425,26.0
425,0.0
426,26.0
426,0.0
426,0.0
427,26.0
427,0.0
427,0.0
428,26.0
428,0.0
428,0.0
429,26.0
429,0.0
429,0.0
430,26.0
430,0.0
430,0.0
431,26.0
431,0.0
432,26.0
432,0.0
433,26.0
433,0.0
434,26.0
434,0.0
435,26.0
435,0.0
436,26.0
436,0.0
437,26.0
437,0.0
438,0.0
438,26.0
439,0.0
439,26.0
440,0.0
440,26.0
441,26.0
441,0.0
442,26.0
442,0.0
442,0.0
443,26.0
443,0.0
444,26.0
444,0.0
445,0.0
445,26.0
446,0.0
446,26.0
447,0.0
447,26.0
448,0.0
448,26.0
449,0.0
449,26.0
450,0.0
450,26.0
451,0.0
451,26.0
452,0.0
452,26.0
453,0.0
453,26.0
454,0.0
454,26.0
455,0.0
455,26.0
456,0.0
456,26.0
457,0.0
457,26.0
458,0.0
458,26.0
459,0.0
459,26.0
460,0.0
460,26.0
461,0.0
461,26.0
462,0.0
462,26.0
463,0.0
463,26.0
464,0.0
464,26.0
465,0.0
465,26.0
466,0.0
466,26.0
467,0.0
467,26.0
468,0.0
468,26.0
469,0.0
469,26.0
470,0.0
470,26.0
471,0.0
471,26.0
472,0.0
472,26.0
473,0.0
473,26.0
474,0.0
474,26.0
475,0.0
475,26.0
476,0.0
476,26.0
477,0.0
477,26.0
478,0.0
478,26.0
479,0.0
479,26.0
480,0.0
480,26.0
481,0.0
481,26.0
482,0.0
482,26.0
483,0.0
483,26.0
484,0.0
484,26.0
485,0.0
485,26.0
486,0.0
486,26.0
487,0.0
487,26.0
488,0.0
488,26.0
489,0.0
489,26.0
490,0.0
490,26.0
491,0.0
491,26.0
492,0.0
492,26.0
493,0.0
493,26.0
494,0.0
494,26.0
495,0.0
495,26.0
496,0.0
496,26.0
497,0.0
497,26.0
498,0.0
498,26.0
499,0.0
499,26.0
500,0.0
500,26.0
501,0.0
501,26.0
502,0.0
502,26.0
503,0.0
503,26.0
504,0.0
504,26.0
505,0.0
505,26.0
506,0.0
506,26.0
507,0.0
507,26.0
508,0.0
508,26.0
509,0.0
509,26.0
510,0.0
510,26.0
511,0.0
511,26.0
512,0.0
512,26.0
513,0.0
513,26.0
514,0.0
514,26.0
515,0.0
515,26.0
516,0.0
516,26.0
517,0.0
517,26.0
518,0.0
518,26.0
519,0.0
519,26.0
520,0.0
520,26.0
521,0.0
521,26.0
522,0.0
522,26.0
523,0.0
523,26.0
524,0.0
524,26.0
525,0.0
525,26.0
526,0.0
526,26.0
527,0.0
527,26.0
528,0.0
528,26.0
529,0.0
529,26.0
530,0.0
530,26.0
531,0.0
531,26.0
532,0.0
532,26.0
533,0.0
533,26.0
534,0.0
534,26.0
535,0.0
535,26.0
536,0.0
536,26.0
537,0.0
537,26.0
538,0.0
538,26.0
539,0.0
539,26.0
540,0.0
540,26.0
541,0.0
541,26.0
542,0.0
542,26.0
543,0.0
543,26.0
544,0.0
544,26.0
545,0.0
545,26.0
546,0.0
546,26.0
547,0.0
547,26.0
548,0.0
548,26.0
549,0.0
549,26.0
550,0.0
550,26.0
551,0.0
551,26.0
552,0.0
552,26.0
553,0.0
553,26.0
554,0.0
554,26.0
555,0.0
555,26.0
556,0.0
556,26.0
557,0.0
557,26.0
558,0.0
558,26.0
559,0.0
559,26.0
560,0.0
560,26.0
561,0.0
561,26.0
562,0.0
562,26.0
563,0.0
563,26.0
564,0.0
564,26.0
565,0.0
565,26.0
566,0.0
566,26.0
567,0.0
567,26.0
568,0.0
568,26.0
569,0.0
569,26.0
570,0.0
570,26.0
571,0.0
571,26.0
572,0.0
572,26.0
573,0.0
573,26.0
574,0.0
574,26.0
575,0.0
575,26.0
576,0.0
576,26.0
577,0.0
577,26.0
578,0.0
578,26.0
579,0.0
579,26.0
580,0.0
580,26.0
581,0.0
581,26.0
582,0.0
582,26.0
583,0.0
583,26.0
584,0.0
584,26.0
585,0.0
585,26.0
586,0.0
586,26.0
587,0.0
587,26.0
588,0.0
588,26.0
589,0.0
589,26.0
590,0.0
590,26.0
591,0.0
591,26.0
592,0.0
592,26.0
593,0.0
593,26.0
594,0.0
594,26.0
595,0.0
595,26.0
596,0.0
596,26.0
597,0.0
597,26.0
598,0.0
598,26.0
599,0.0
599,26.0
600,0.0
600,26.0
601,0.0
601,26.0
602,0.0
602,26.0
603,0.0
603,26.0
604,0.0
604,26.0
605,0.0
605,26.0
606,0.0
606,26.0
606,0.0
607,0.0
607,26.0
607,0.0
608,0.0
608,26.0
608,0.0
609,0.0
609,26.0
609,0.0
610,0.0
610,26.0
610,0.0
611,0.0
611,26.0
611,0.0
612,0.0
612,26.0
612,0.0
613,0.0
613,26.0
613,0.0
614,0.0
614,26.0
614,0.0
615,0.0
615,26.0
615,0.0
616,0.0
616,26.0
616,0.0
617,0.0
617,26.0
617,0.0
618,0.0
618,26.0
618,0.0
619,0.0
619,26.0
619,0.0
620,0.0
620,26.0
620,0.0
621,0.0
621,26.0
621,0.0
622,0.0
622,26.0
622,0.0
623,0.0
623,26.0
623,0.0
624,0.0
624,26.0
624,0.0
625,0.0
625,26.0
625,0.0
626,0.0
626,26.0
626,0.0
627,0.0
627,26.0
628,0.0
628,26.0
629,0.0
629,26.0
629,0.0
630,0.0
630,26.0
630,0.0
631,0.0
631,26.0
632,0.0
632,26.0
632,0.0
633,0.0
633,26.0
634,0.0
634,26.0
635,0.0
635,26.0
636,0.0
636,26.0
637,0.0
637,26.0
638,0.0
638,26.0
639,0.0
639,26.0
640,0.0
640,26.0
641,0.0
641,26.0
642,0.0
642,26.0
642,0.0
643,0.0
643,26.0
643,0.0
644,0.0
644,26.0
644,0.0
645,0.0
645,26.0
645,0.0
646,0.0
646,26.0
646,0.0
647,0.0
647,26.0
647,0.0
648,0.0
648,0.0
648,26.0
649,0.0
649,0.0
649,26.0
650,0.0
650,0.0
650,26.0
651,0.0
651,0.0
651,26.0
652,0.0
652,0.0
652,26.0
653,0.0
653,0.0
653,26.0
654,0.0
654,0.0
654,26.0
655,0.0
655,0.0
655,26.0
656,0.0
656,0.0
656,26.0
657,0.0
657,0.0
657,26.0
658,0.0
658,0.0
658,26.0
659,0.0
659,0.0
659,26.0
660,0.0
660,0.0
660,26.0
661,0.0
661,0.0
661,26.0
662,0.0
662,0.0
662,26.0
663,0.0
663,0.0
663,26.0
664,0.0
664,0.0
664,26.0
665,0.0
665,0.0
665,26.0
666,0.0
666,0.0
666,26.0
667,0.0
667,0.0
667,26.0
668,0.0
668,0.0
668,26.0
669,0.0
669,0.0
669,26.0
670,0.0
670,0.0
670,26.0
671,0.0
671,0.0
671,26.0
672,0.0
672,0.0
672,26.0
673,0.0
673,0.0
673,26.0
674,0.0
674,0.0
674,26.0
675,0.0
675,0.0
675,26.0
676,0.0
676,0.0
676,26.0
677,0.0
677,0.0
677,26.0
678,0.0
678,26.0
678,0.0
679,0.0
679,0.0
679,26.0
680,0.0
680,0.0
680,26.0
681,0.0
681,26.0
681,0.0
682,0.0
682,26.0
682,0.0
683,0.0
683,26.0
683,0.0
684,0.0
684,26.0
684,0.0
685,0.0
685,26.0
685,0.0
686,0.0
686,26.0
686,0.0
687,0.0
687,26.0
687,0.0
688,0.0
688,26.0
688,0.0
689,0.0
689,26.0
689,0.0
690,0.0
690,26.0
690,0.0
691,0.0
691,26.0
691,0.0
692,0.0
692,26.0
692,0.0
693,0.0
693,26.0
693,0.0
694,0.0
694,26.0
694,0.0
695,0.0
695,0.0
695,26.0
696,0.0
696,0.0
696,26.0
697,0.0
697,0.0
697,26.0
698,0.0
698,0.0
698,26.0
699,0.0
699,0.0
699,26.0
700,0.0
700,0.0
700,26.0
701,0.0
701,0.0
701,26.0
702,0.0
702,0.0
702,26.0
703,0.0
703,0.0
703,26.0
704,0.0
704,0.0
704,26.0
705,0.0
705,0.0
705,26.0
706,0.0
706,0.0
706,26.0
707,0.0
707,0.0
707,26.0
708,0.0
708,0.0
708,26.0
709,0.0
709,0.0
709,26.0
710,0.0
710,0.0
710,26.0
711,0.0
711,0.0
711,26.0
711,0.0
712,0.0
712,0.0
712,26.0
712,0.0
713,0.0
713,0.0
713,26.0
713,0.0
714,0.0
714,0.0
714,26.0
714,0.0
715,0.0
715,0.0
715,26.0
715,0.0
716,0.0
716,0.0
716,26.0
716,0.0
717,0.0
717,0.0
717,26.0
717,0.0
718,0.0
718,0.0
718,26.0
718,0.0
719,0.0
719,0.0
719,26.0
719,0.0
720,0.0
720,0.0
720,26.0
720,0.0
721,0.0
721,0.0
721,26.0
721,0.0
722,0.0
722,0.0
722,26.0
722,0.0
723,0.0
723,0.0
723,0.0
723,26.0
724,0.0
724,0.0
724,0.0
724,26.0
725,0.0
725,0.0
725,0.0
725,26.0
726,0.0
726,0.0
726,26.0
727,0.0
727,26.0
727,0.0
728,0.0
728,0.0
728,26.0
729,0.0
729,0.0
729,26.0
729,26.0
730,0.0
730,0.0
730,26.0
731,0.0
731,0.0
731,26.0
732,0.0
732,0.0
732,0.0
732,26.0
733,0.0
733,0.0
733,0.0
734,0.0
734,0.0
734,0.0
735,0.0
735,0.0
736,0.0
736,0.0
737,0.0
737,0.0
738,0.0
738,0.0
739,0.0
739,0.0
740,0.0
740,0.0
740,0.0
741,0.0
741,0.0
741,0.0
742,0.0
742,0.0
742,0.0
743,0.0
743,0.0
743,0.0
743,26.0
744,0.0
744,0.0
744,0.0
744,26.0
745,0.0
745,0.0
745,26.0
745,0.0
746,0.0
746,0.0
746,26.0
746,0.0
747,0.0
747,0.0
747,0.0
747,26.0
748,0.0
748,26.0
748,0.0
748,0.0
749,0.0
749,0.0
749,26.0
749,0.0
750,0.0
750,0.0
750,26.0
750,0.0
751,0.0
751,0.0
751,0.0
751,26.0
752,0.0
752,0.0
752,0.0
752,26.0
753,0.0
753,0.0
753,0.0
753,26.0
754,0.0
754,0.0
754,0.0
754,26.0
755,0.0
755,0.0
755,0.0
755,26.0
756,0.0
756,0.0
756,0.0
756,26.0
757,0.0
757,0.0
757,26.0
757,0.0
758,0.0
758,0.0
758,0.0
758,26.0
759,0.0
759,0.0
759,0.0
759,26.0
760,0.0
760,0.0
760,26.0
760,0.0
761,0.0
761,0.0
761,26.0
761,0.0
762,0.0
762,0.0
762,26.0
762,0.0
763,0.0
763,0.0
763,26.0
764,0.0
764,0.0
764,26.0
765,0.0
765,0.0
765,26.0
766,0.0
766,0.0
766,26.0
767,0.0
767,0.0
767,26.0
768,0.0
768,0.0
768,26.0
769,0.0
769,0.0
769,26.0
770,0.0
770,0.0
770,26.0
771,0.0
771,0.0
771,26.0
772,0.0
772,0.0
772,26.0
773,0.0
773,0.0
773,26.0
774,0.0
774,0.0
774,26.0
775,0.0
775,0.0
775,26.0
776,0.0
776,0.0
776,26.0
777,0.0
777,0.0
777,26.0
778,0.0
778,0.0
778,26.0
779,0.0
779,0.0
779,26.0
780,0.0
780,0.0
780,26.0
781,0.0
781,0.0
781,26.0
782,0.0
782,0.0
782,26.0
783,0.0
783,0.0
783,26.0
784,0.0
784,0.0
784,26.0
785,0.0
785,0.0
785,26.0
786,0.0
786,0.0
786,26.0
787,0.0
787,0.0
787,26.0
788,0.0
788,0.0
788,26.0
789,0.0
789,0.0
789,26.0
790,0.0
790,0.0
790,26.0
791,0.0
791,0.0
791,26.0
792,0.0
792,0.0
792,26.0
793,0.0
793,0.0
793,26.0
794,0.0
794,0.0
794,26.0
795,0.0
795,0.0
795,26.0
796,0.0
796,0.0
796,26.0
797,0.0
797,0.0
797,26.0
798,0.0
798,0.0
798,26.0
799,0.0
799,0.0
799,26.0
800,0.0
800,0.0
800,26.0
801,0.0
801,0.0
801,26.0
802,0.0
802,0.0
802,26.0
803,0.0
803,0.0
803,26.0
804,0.0
804,0.0
804,26.0
805,0.0
805,0.0
805,26.0
806,0.0
806,0.0
806,26.0
807,0.0
807,0.0
807,26.0
808,0.0
808,0.0
808,26.0
809,0.0
809,0.0
809,26.0
810,0.0
810,0.0
810,26.0
811,0.0
811,0.0
811,26.0
812,0.0
812,0.0
812,26.0
813,0.0
813,0.0
813,26.0
814,0.0
814,0.0
814,26.0
815,0.0
815,0.0
815,26.0
816,0.0
816,0.0
816,26.0
817,0.0
817,0.0
817,26.0
818,0.0
818,0.0
818,26.0
819,0.0
819,0.0
819,26.0
820,0.0
820,0.0
820,26.0
821,0.0
821,0.0
821,26.0
822,0.0
822,0.0
822,26.0
823,0.0
823,0.0
823,26.0
824,0.0
824,0.0
824,26.0
825,0.0
825,0.0
825,26.0
826,0.0
826,0.0
826,26.0
827,0.0
827,0.0
827,26.0
828,0.0
828,0.0
828,26.0
829,0.0
829,0.0
829,26.0
830,0.0
830,0.0
830,26.0
831,0.0
831,0.0
831,26.0
832,0.0
832,0.0
832,26.0
833,0.0
833,0.0
833,26.0
834,0.0
834,0.0
834,26.0
835,0.0
835,0.0
835,26.0
836,0.0
836,0.0
836,26.0
837,0.0
837,0.0
837,26.0
838,0.0
838,0.0
838,26.0
839,0.0
839,0.0
839,26.0
840,0.0
840,0.0
840,26.0
841,0.0
841,0.0
841,26.0
842,0.0
842,0.0
842,26.0
843,0.0
843,0.0
843,26.0
844,0.0
844,0.0
844,26.0
845,0.0
845,0.0
845,26.0
846,0.0
846,0.0
846,26.0
847,0.0
847,0.0
847,26.0
848,0.0
848,0.0
848,26.0
849,0.0
849,0.0
849,26.0
850,0.0
850,0.0
850,26.0
851,0.0
851,0.0
851,26.0
852,0.0
852,0.0
852,26.0
852,26.0
853,0.0
853,0.0
853,26.0
853,26.0
854,0.0
854,0.0
854,26.0
854,26.0
855,0.0
855,0.0
855,26.0
855,26.0
856,0.0
856,0.0
856,26.0
857,0.0
857,0.0
857,26.0
858,0.0
858,0.0
858,26.0
859,0.0
859,0.0
859,26.0
860,0.0
860,0.0
861,0.0
861,0.0
862,0.0
862,0.0
863,0.0
863,0.0
864,0.0
864,0.0
865,0.0
865,0.0
866,0.0
866,0.0
867,0.0
867,0.0
868,0.0
868,0.0
869,0.0
869,0.0
870,0.0
870,0.0
871,0.0
871,0.0
872,0.0
872,0.0
873,0.0
873,0.0
874,0.0
874,0.0
875,0.0
875,0.0
876,0.0
876,0.0
877,0.0
877,0.0
878,0.0
878,0.0
879,0.0
879,0.0
880,0.0
880,0.0
881,0.0
881,0.0
882,0.0
882,0.0
883,0.0
883,0.0
884,0.0
884,0.0
885,0.0
885,0.0
886,0.0
886,0.0
887,0.0
887,0.0
888,0.0
888,0.0
889,0.0
889,0.0
889,0.0
890,0.0
890,0.0
890,0.0
891,0.0
891,0.0
891,0.0
892,0.0
892,0.0
892,0.0
893,0.0
893,0.0
893,0.0
894,0.0
894,0.0
894,0.0
895,0.0
895,0.0
896,0.0
896,0.0
897,0.0
897,0.0
898,0.0
898,0.0
899,0.0
899,0.0
900,0.0
900,0.0
901,0.0
901,0.0
901,0.0
902,0.0
902,0.0
902,0.0
903,0.0
903,0.0
903,0.0
904,0.0
904,0.0
904,0.0
905,0.0
905,0.0
905,0.0
906,0.0
906,0.0
906,0.0
906,26.0
907,0.0
907,0.0
907,26.0
908,0.0
908,0.0
908,26.0
909,0.0
909,0.0
909,26.0
910,0.0
910,0.0
910,26.0
911,0.0
911,0.0
911,26.0
912,0.0
912,0.0
912,26.0
913,0.0
913,0.0
913,26.0
914,0.0
914,0.0
915,0.0
915,0.0
916,0.0
916,0.0
917,0.0
917,0.0
918,0.0
918,0.0
919,0.0
919,0.0
920,0.0
920,0.0
920,0.0
921,0.0
921,0.0
921,0.0
922,0.0
922,0.0
922,0.0
923,0.0
923,0.0
924,0.0
924,0.0
925,0.0
925,0.0
926,0.0
926,0.0
926,26.0
927,0.0
927,0.0
927,26.0
928,0.0
928,0.0
929,0.0
929,0.0
929,26.0
930,0.0
930,0.0
930,26.0
931,0.0
931,0.0
931,26.0
932,0.0
932,0.0
932,26.0
933,0.0
933,0.0
934,0.0
934,0.0
935,0.0
935,0.0
936,0.0
936,0.0
937,0.0
937,0.0
937,0.0
938,0.0
938,0.0
939,0.0
939,0.0
940,0.0
940,0.0
941,0.0
941,0.0
941,26.0
942,0.0
942,0.0
942,26.0
943,0.0
943,0.0
944,0.0
944,0.0
945,0.0
945,0.0
946,0.0
946,0.0
947,0.0
947,0.0
948,0.0
948,0.0
949,0.0
949,0.0
950,0.0
950,0.0
951,0.0
951,0.0
952,0.0
952,0.0
953,0.0
953,0.0
954,0.0
954,0.0
955,0.0
955,0.0
956,0.0
956,0.0
956,26.0
957,0.0
957,0.0
957,26.0
958,0.0
958,0.0
958,26.0
959,0.0
959,0.0
959,26.0
960,0.0
960,0.0
960,26.0
961,0.0
961,0.0
961,26.0
962,0.0
962,0.0
962,26.0
963,0.0
963,0.0
963,26.0
964,0.0
964,0.0
964,26.0
965,0.0
965,0.0
965,26.0
966,0.0
966,0.0
966,26.0
967,0.0
967,0.0
967,26.0
968,0.0
968,0.0
968,26.0
969,0.0
969,0.0
969,26.0
970,0.0
970,0.0
970,26.0
970,26.0
971,0.0
971,0.0
971,26.0
972,0.0
972,0.0
972,26.0
972,26.0
973,0.0
973,0.0
973,26.0
973,26.0
974,0.0
974,0.0
974,26.0
975,0.0
975,0.0
975,26.0
976,0.0
976,0.0
976,26.0
977,0.0
977,0.0
977,26.0
978,0.0
978,0.0
978,26.0
979,0.0
979,0.0
979,26.0
980,0.0
980,0.0
980,26.0
981,0.0
981,26.0
981,0.0
982,0.0
982,0.0
982,26.0
983,0.0
983,0.0
983,26.0
984,0.0
984,26.0
984,0.0
985,0.0
985,0.0
985,26.0
986,0.0
986,0.0
986,26.0
987,0.0
987,0.0
987,26.0
988,0.0
988,0.0
988,26.0
989,0.0
989,0.0
989,26.0
990,0.0
990,0.0
990,26.0
991,0.0
991,0.0
991,26.0
992,0.0
992,0.0
992,26.0
993,0.0
993,26.0
993,0.0
994,0.0
994,26.0
994,0.0
995,0.0
995,26.0
995,0.0
996,0.0
996,26.0
996,0.0
997,0.0
997,26.0
997,0.0
998,0.0
998,26.0
998,0.0
999,0.0
999,26.0
999,0.0
1000,0.0
1000,26.0
1000,0.0
1001,0.0
1001,0.0
1001,26.0
1001,26.0
1002,0.0
1002,0.0
1002,26.0
1003,0.0
1003,0.0
1003,26.0
1004,0.0
1004,0.0
1004,26.0
1005,0.0
1005,0.0
1005,26.0
1006,0.0
1006,0.0
1006,26.0
1007,0.0
1007,0.0
1007,26.0
1008,0.0
1008,0.0
1008,26.0
1009,0.0
1009,0.0
1009,26.0
1010,0.0
1010,0.0
1011,0.0
1011,0.0
1012,0.0
1012,0.0
1012,26.0
1013,0.0
1013,0.0
1014,0.0
1014,0.0
1015,0.0
1015,0.0
1016,0.0
1016,0.0
1017,0.0
1017,0.0
1018,0.0
1018,0.0
1018,26.0
1019,0.0
1019,0.0
1019,26.0
1020,0.0
1020,0.0
1020,26.0
1021,0.0
1021,0.0
1021,26.0
1021,26.0
1022,0.0
1022,0.0
1022,26.0
1022,26.0
1023,0.0
1023,0.0
1023,26.0
1023,26.0
1024,0.0
1024,0.0
1024,26.0
1025,0.0
1025,0.0
1025,26.0
1026,0.0
1026,0.0
1026,26.0
1027,0.0
1027,0.0
1027,26.0
1028,0.0
1028,0.0
1028,26.0
1029,0.0
1029,0.0
1029,26.0
1030,0.0
1030,0.0
1030,26.0
1031,0.0
1031,0.0
1032,0.0
1032,0.0
1033,0.0
1033,0.0
1034,0.0
1034,0.0
1035,0.0
1035,0.0
1035,26.0
1036,0.0
1036,0.0
1036,26.0
1037,0.0
1037,0.0
1038,0.0
1038,0.0
1038,26.0
1039,0.0
1039,0.0
1039,26.0
1040,0.0
1040,0.0
1040,26.0
1041,0.0
1041,0.0
1041,26.0
1042,0.0
1042,0.0
1042,26.0
1043,0.0
1043,0.0
1044,0.0
1044,0.0
1045,0.0
1045,0.0
1046,0.0
1046,0.0
1047,0.0
1047,0.0
1048,0.0
1048,0.0
1049,0.0
1049,0.0
1050,0.0
1050,0.0
1051,0.0
1051,0.0
1052,0.0
1052,0.0
1053,0.0
1053,0.0
1054,0.0
1054,0.0
1055,0.0
1055,0.0
1056,0.0
1057,0.0
1058,0.0
1059,0.0
1060,0.0
1061,0.0
1062,0.0
1063,0.0
1064,0.0
1065,0.0
1066,0.0
1067,0.0
1068,0.0
1068,26.0
1069,0.0
1069,26.0
1070,0.0
1070,26.0
1071,0.0
1071,26.0
1072,0.0
1072,26.0
1073,0.0
1073,26.0
1074,0.0
1074,26.0
1075,0.0
1075,26.0
1076,0.0
1077,0.0
1078,0.0
1079,0.0
1080,0.0
1081,0.0
1082,0.0
1083,0.0
1084,0.0
1085,0.0
1086,0.0
1087,0.0
1088,0.0
1089,0.0
1090,0.0
1090,26.0
1091,0.0
1091,26.0
1092,0.0
1092,26.0
1093,0.0
1093,26.0
1094,0.0
1094,26.0
1095,0.0
1095,26.0
1096,0.0
1097,0.0
1098,0.0
1099,0.0
1100,0.0
1101,0.0
1102,0.0
1103,0.0
1104,0.0
1105,0.0
1106,0.0
1107,0.0
1108,0.0
1109,0.0
1110,0.0
1111,0.0
1112,0.0
1113,0.0
1114,0.0
1115,0.0
1116,0.0
1117,0.0
1118,0.0
1119,0.0
1120,0.0
1121,0.0
1122,0.0
1123,0.0
1124,0.0
1125,0.0
1126,0.0
1127,0.0
1128,0.0
1129,0.0
1130,0.0
1131,0.0
1132,0.0
1133,0.0
1134,0.0
1135,0.0
1136,0.0
1137,0.0
1138,0.0
1138,26.0
1139,0.0
1140,0.0
1141,0.0
1142,0.0
1143,0.0
1144,0.0
1144,24.0
1145,0.0
1146,0.0
1147,0.0
1148,0.0
1149,0.0
1150,0.0
1151,0.0
1152,0.0
1153,0.0
1154,0.0
1155,0.0
1156,0.0
1157,0.0
1158,0.0
1159,0.0
1160,0.0
1161,0.0
1162,0.0
1163,0.0
1164,0.0
1165,0.0
1166,0.0
1167,0.0
1168,0.0
1169,0.0
1170,0.0
1171,0.0
1172,0.0
1173,0.0
1174,0.0
1174,26.0
1175,0.0
1175,26.0
1176,0.0
1177,0.0
1178,0.0
1179,0.0
1180,0.0
1181,0.0
1182,0.0
1183,0.0
1184,0.0
1185,0.0
1186,0.0
1187,0.0
1188,0.0
1189,0.0
1190,0.0
1191,0.0
1192,0.0
1193,0.0
1194,0.0
1195,0.0
1196,0.0
1197,0.0
1198,0.0
1199,0.0
1200,0.0
1201,0.0
1202,0.0
1203,0.0
1204,0.0
1205,0.0
1206,0.0
1207,0.0
1208,0.0
1209,0.0
1210,0.0
1211,0.0
1212,0.0
1213,0.0
1214,0.0
1215,0.0
1216,0.0
1217,0.0
1218,0.0
1219,0.0
1220,0.0
1221,0.0
1222,0.0
1223,0.0
1224,0.0
1225,0.0
1226,0.0
1227,0.0
1228,0.0
1229,0.0
1230,0.0
1231,0.0
1232,0.0
1233,0.0
1234,0.0
1235,0.0
1236,0.0
1237,0.0
1238,0.0
1239,0.0
1240,0.0
1241,0.0
1242,0.0
1243,0.0
1244,0.0
1245,0.0
1246,0.0
1247,0.0
1248,0.0
