1,3.0
1,2.0
1,0.0
1,3.0
2,3.0
2,2.0
2,0.0
2,3.0
3,2.0
3,3.0
3,0.0
3,3.0
4,2.0
4,3.0
4,3.0
4,0.0
5,3.0
5,2.0
5,0.0
5,3.0
6,3.0
6,2.0
6,0.0
6,3.0
7,3.0
7,2.0
7,0.0
7,3.0
8,3.0
8,2.0
8,0.0
8,3.0
9,2.0
9,3.0
9,3.0
9,0.0
10,2.0
10,3.0
10,3.0
10,0.0
11,2.0
11,3.0
11,0.0
11,3.0
12,3.0
12,2.0
12,0.0
12,3.0
13,0.0
13,3.0
13,2.0
13,3.0
14,0.0
14,3.0
14,2.0
14,3.0
15,3.0
15,0.0
15,2.0
15,3.0
15,3.0
16,3.0
16,0.0
16,2.0
16,3.0
16,3.0
17,0.0
17,2.0
17,3.0
18,0.0
18,2.0
18,3.0
19,0.0
19,3.0
19,2.0
19,3.0
20,0.0
20,2.0
20,3.0
20,3.0
21,0.0
21,2.0
21,3.0
21,3.0
22,0.0
22,2.0
22,3.0
22,3.0
23,0.0
23,2.0
23,3.0
23,3.0
24,0.0
24,2.0
24,3.0
24,3.0
24,3.0
25,0.0
25,2.0
25,3.0
25,3.0
26,0.0
26,2.0
26,3.0
26,3.0
27,0.0
27,2.0
27,3.0
28,0.0
28,2.0
28,3.0
29,2.0
29,0.0
29,3.0
29,3.0
30,2.0
30,0.0
30,3.0
30,3.0
31,0.0
31,2.0
31,3.0
32,0.0
32,2.0
32,3.0
33,2.0
33,0.0
33,3.0
33,3.0
34,2.0
34,0.0
34,3.0
34,3.0
35,2.0
35,3.0
35,0.0
35,3.0
35,2.0
36,2.0
36,3.0
36,0.0
36,3.0
36,2.0
37,2.0
37,0.0
37,3.0
37,2.0
38,2.0
38,0.0
38,2.0
38,3.0
39,2.0
39,0.0
39,3.0
39,2.0
40,2.0
40,0.0
40,3.0
40,3.0
41,2.0
41,3.0
41,3.0
41,0.0
42,2.0
42,3.0
42,3.0
42,0.0
43,2.0
43,3.0
43,3.0
44,2.0
44,3.0
44,3.0
44,0.0
45,2.0
45,3.0
45,0.0
45,3.0
46,2.0
46,3.0
46,3.0
46,0.0
47,2.0
47,3.0
47,3.0
48,2.0
48,3.0
48,3.0
49,2.0
49,3.0
50,2.0
50,3.0
51,2.0
51,3.0
52,2.0
52,3.0
53,2.0
53,3.0
54,2.0
54,3.0
55,2.0
55,3.0
56,2.0
56,3.0
57,2.0
57,3.0
58,2.0
58,3.0
59,2.0
59,3.0
60,2.0
60,3.0
60,2.0
61,2.0
61,3.0
61,2.0
62,2.0
62,3.0
62,2.0
63,2.0
63,3.0
63,2.0
64,2.0
64,3.0
64,2.0
65,2.0
65,3.0
65,2.0
66,2.0
66,3.0
66,2.0
67,2.0
67,3.0
67,2.0
68,2.0
68,3.0
68,2.0
69,2.0
69,3.0
69,2.0
70,2.0
70,3.0
70,2.0
71,2.0
71,3.0
71,2.0
72,2.0
72,3.0
72,2.0
73,2.0
73,3.0
73,2.0
74,2.0
74,3.0
74,2.0
75,2.0
75,3.0
75,2.0
76,2.0
76,3.0
76,2.0
77,2.0
77,3.0
77,2.0
78,2.0
78,3.0
78,2.0
79,2.0
79,3.0
79,2.0
80,2.0
80,3.0
80,2.0
81,2.0
81,3.0
81,2.0
82,2.0
82,3.0
82,2.0
83,2.0
83,3.0
83,2.0
84,2.0
84,3.0
84,2.0
85,2.0
85,3.0
85,2.0
86,2.0
86,3.0
86,2.0
87,2.0
87,3.0
87,2.0
88,2.0
88,3.0
88,2.0
89,2.0
89,3.0
89,2.0
90,2.0
90,3.0
90,2.0
91,2.0
91,3.0
91,2.0
92,2.0
92,3.0
92,2.0
93,2.0
93,3.0
93,2.0
94,2.0
94,3.0
94,2.0
95,2.0
95,3.0
95,2.0
96,2.0
96,3.0
96,2.0
97,2.0
97,3.0
97,2.0
98,2.0
98,3.0
98,2.0
99,2.0
99,3.0
99,2.0
100,2.0
100,3.0
100,2.0
101,2.0
101,3.0
101,2.0
102,2.0
102,3.0
102,2.0
103,2.0
103,3.0
103,2.0
104,2.0
104,3.0
104,2.0
105,2.0
105,3.0
105,2.0
106,2.0
106,3.0
106,2.0
107,2.0
107,3.0
107,2.0
108,2.0
108,3.0
108,2.0
109,2.0
109,3.0
109,2.0
110,2.0
110,3.0
110,2.0
111,2.0
111,3.0
111,2.0
112,2.0
112,3.0
112,2.0
113,2.0
113,3.0
113,2.0
114,2.0
114,3.0
114,2.0
115,2.0
115,3.0
115,2.0
116,2.0
116,3.0
116,2.0
117,2.0
117,3.0
117,2.0
118,2.0
118,3.0
118,2.0
119,2.0
119,3.0
119,2.0
120,2.0
120,3.0
120,2.0
121,2.0
121,3.0
121,2.0
122,2.0
122,3.0
122,2.0
123,2.0
123,3.0
123,2.0
124,2.0
124,3.0
124,2.0
125,2.0
125,3.0
125,2.0
126,2.0
126,3.0
126,2.0
127,2.0
127,3.0
127,2.0
128,2.0
128,3.0
128,2.0
129,2.0
129,3.0
129,2.0
130,2.0
130,3.0
130,2.0
131,2.0
131,3.0
131,2.0
132,2.0
132,3.0
132,2.0
133,2.0
133,3.0
133,2.0
134,2.0
134,3.0
134,2.0
135,2.0
135,3.0
135,2.0
136,2.0
136,3.0
136,2.0
137,2.0
137,3.0
137,2.0
138,2.0
138,3.0
138,2.0
139,2.0
139,3.0
139,2.0
140,2.0
140,3.0
140,2.0
141,2.0
141,3.0
141,2.0
142,2.0
142,3.0
142,2.0
143,2.0
143,3.0
143,2.0
306,0.0
307,0.0
307,2.0
307,1.0
308,0.0
308,2.0
308,1.0
309,0.0
309,2.0
309,1.0
310,0.0
310,3.0
310,2.0
311,0.0
311,3.0
311,2.0
312,0.0
312,3.0
312,2.0
313,0.0
313,3.0
313,2.0
314,0.0
314,3.0
314,2.0
315,0.0
315,3.0
315,2.0
316,0.0
316,3.0
316,2.0
317,0.0
317,3.0
317,2.0
318,0.0
318,2.0
318,3.0
319,0.0
319,2.0
319,3.0
320,0.0
320,2.0
320,3.0
321,0.0
321,2.0
321,3.0
321,1.0
322,0.0
322,2.0
322,1.0
323,0.0
323,2.0
323,1.0
324,0.0
324,3.0
324,2.0
325,0.0
325,2.0
325,3.0
326,0.0
326,2.0
326,3.0
327,0.0
327,2.0
327,3.0
328,0.0
328,2.0
328,3.0
329,0.0
329,2.0
329,3.0
330,0.0
330,3.0
330,2.0
331,0.0
331,3.0
331,2.0
332,0.0
332,3.0
332,2.0
333,0.0
333,2.0
333,3.0
334,0.0
334,2.0
335,0.0
335,2.0
336,0.0
336,2.0
336,3.0
337,2.0
337,0.0
338,2.0
338,0.0
339,2.0
339,0.0
340,0.0
340,2.0
340,3.0
341,0.0
341,2.0
341,3.0
342,0.0
342,2.0
343,0.0
343,2.0
344,0.0
344,2.0
345,0.0
345,2.0
346,0.0
346,2.0
346,3.0
347,0.0
347,2.0
347,3.0
348,0.0
348,3.0
348,2.0
349,0.0
349,2.0
350,0.0
350,2.0
351,0.0
351,2.0
352,0.0
352,2.0
352,3.0
353,0.0
353,2.0
353,3.0
354,0.0
354,2.0
355,0.0
355,2.0
356,0.0
356,2.0
357,0.0
357,2.0
358,0.0
358,2.0
358,3.0
359,0.0
359,2.0
359,3.0
360,0.0
360,3.0
360,2.0
361,0.0
361,2.0
361,3.0
362,0.0
362,2.0
362,3.0
363,0.0
363,2.0
363,3.0
364,0.0
364,2.0
364,3.0
365,0.0
365,2.0
365,3.0
366,0.0
366,2.0
367,0.0
367,2.0
368,0.0
368,2.0
369,0.0
369,2.0
370,0.0
371,0.0
372,0.0
373,0.0
373,3.0
373,7.0
374,0.0
374,3.0
374,7.0
375,0.0
375,3.0
376,0.0
376,7.0
377,0.0
377,7.0
378,0.0
378,7.0
379,0.0
379,3.0
379,7.0
380,0.0
380,3.0
381,0.0
381,3.0
381,7.0
382,0.0
382,7.0
383,0.0
383,7.0
384,0.0
385,3.0
386,3.0
387,3.0
390,3.0
390,0.0
390,0.0
391,7.0
391,0.0
392,7.0
392,0.0
393,7.0
393,0.0
393,3.0
394,3.0
394,7.0
394,0.0
395,3.0
395,7.0
395,0.0
396,0.0
396,7.0
396,3.0
397,7.0
397,0.0
397,3.0
398,7.0
398,0.0
398,3.0
399,7.0
399,0.0
399,3.0
400,0.0
400,7.0
400,3.0
401,0.0
401,7.0
401,3.0
402,7.0
402,3.0
402,0.0
403,7.0
403,3.0
403,0.0
404,7.0
404,3.0
404,0.0
405,7.0
405,3.0
405,0.0
406,7.0
406,0.0
407,0.0
407,7.0
408,0.0
408,7.0
408,3.0
409,0.0
409,7.0
409,3.0
410,0.0
410,7.0
410,3.0
411,0.0
411,7.0
411,3.0
412,0.0
412,7.0
413,0.0
413,7.0
414,0.0
414,7.0
415,0.0
415,7.0
416,0.0
416,7.0
417,0.0
417,7.0
418,0.0
418,7.0
419,0.0
419,7.0
420,0.0
420,7.0
421,0.0
421,7.0
422,0.0
422,7.0
423,0.0
423,7.0
424,0.0
424,7.0
425,0.0
425,7.0
426,0.0
426,7.0
427,0.0
428,0.0
429,0.0
430,0.0
431,0.0
432,0.0
433,0.0
434,0.0
435,0.0
436,0.0
437,0.0
438,0.0
439,0.0
440,0.0
441,0.0
442,0.0
443,0.0
444,0.0
445,0.0
446,0.0
447,0.0
448,0.0
449,0.0
450,0.0
451,0.0
452,0.0
453,0.0
454,0.0
455,0.0
456,0.0
457,0.0
458,0.0
459,0.0
460,0.0
461,0.0
462,0.0
463,0.0
464,0.0
465,0.0
466,0.0
467,0.0
468,0.0
469,0.0
470,0.0
471,0.0
472,0.0
472,7.0
473,0.0
473,7.0
474,0.0
476,0.0
477,0.0
478,0.0
479,0.0
481,0.0
482,0.0
483,0.0
486,0.0
490,0.0
491,0.0
493,0.0
494,0.0
495,0.0
496,0.0
497,0.0
498,0.0
499,0.0
500,0.0
501,0.0
502,0.0
505,0.0
506,0.0
507,0.0
508,0.0
554,3.0
555,3.0
556,3.0
557,3.0
557,0.0
558,3.0
558,0.0
559,3.0
559,0.0
560,3.0
560,0.0
561,3.0
561,0.0
562,3.0
562,0.0
563,0.0
563,3.0
564,3.0
564,0.0
565,3.0
565,0.0
566,3.0
566,0.0
567,3.0
567,0.0
568,3.0
568,0.0
569,3.0
569,0.0
570,3.0
570,0.0
571,3.0
571,0.0
572,0.0
572,3.0
573,0.0
573,3.0
574,0.0
574,3.0
575,3.0
575,0.0
576,3.0
576,0.0
577,3.0
577,0.0
578,3.0
578,0.0
579,3.0
579,0.0
580,3.0
580,0.0
581,3.0
581,0.0
582,3.0
582,0.0
583,0.0
583,3.0
584,3.0
584,0.0
585,3.0
585,0.0
586,3.0
586,0.0
587,0.0
587,3.0
588,0.0
588,3.0
589,0.0
589,3.0
590,0.0
590,3.0
591,0.0
591,3.0
592,0.0
592,3.0
593,0.0
593,3.0
594,0.0
594,3.0
595,0.0
595,3.0
596,0.0
596,3.0
597,0.0
597,3.0
598,0.0
598,3.0
599,0.0
599,3.0
599,0.0
600,0.0
600,3.0
600,0.0
601,0.0
601,3.0
601,0.0
602,0.0
602,3.0
602,0.0
603,0.0
603,3.0
603,0.0
604,0.0
604,3.0
604,0.0
605,3.0
605,0.0
606,3.0
606,0.0
607,3.0
607,0.0
608,3.0
608,0.0
609,3.0
609,0.0
610,3.0
610,0.0
611,0.0
611,3.0
612,0.0
612,3.0
613,0.0
613,3.0
614,0.0
615,0.0
616,0.0
617,0.0
617,3.0
618,0.0
618,3.0
619,0.0
619,0.0
619,3.0
620,0.0
620,0.0
620,3.0
621,0.0
621,0.0
621,3.0
622,0.0
622,0.0
622,3.0
623,0.0
624,0.0
625,0.0
625,0.0
625,3.0
626,0.0
626,3.0
627,0.0
627,3.0
628,0.0
628,3.0
629,3.0
629,0.0
630,3.0
630,0.0
631,0.0
632,0.0
632,3.0
633,0.0
633,3.0
634,0.0
634,3.0
635,3.0
635,0.0
636,3.0
636,0.0
637,0.0
637,3.0
638,0.0
639,0.0
640,0.0
641,0.0
641,3.0
642,0.0
642,3.0
643,0.0
643,3.0
644,0.0
644,3.0
645,0.0
646,0.0
646,3.0
647,0.0
648,0.0
649,0.0
650,0.0
651,0.0
652,0.0
653,0.0
654,0.0
655,0.0
656,2.0
656,0.0
657,2.0
657,0.0
658,2.0
658,0.0
659,2.0
659,0.0
660,2.0
660,0.0
661,0.0
661,2.0
662,0.0
663,0.0
664,0.0
665,2.0
665,0.0
666,2.0
666,0.0
667,2.0
667,0.0
668,2.0
668,0.0
669,2.0
669,0.0
670,2.0
670,0.0
671,2.0
671,0.0
672,2.0
672,0.0
673,2.0
673,0.0
673,0.0
674,5.0
674,0.0
674,0.0
675,5.0
675,0.0
675,0.0
676,5.0
676,0.0
676,0.0
677,2.0
677,0.0
678,2.0
678,0.0
679,2.0
679,0.0
680,0.0
680,2.0
681,0.0
681,2.0
682,0.0
682,2.0
683,2.0
683,0.0
684,2.0
684,0.0
685,2.0
685,0.0
686,2.0
686,0.0
687,2.0
687,0.0
688,2.0
688,0.0
689,2.0
689,0.0
690,2.0
690,0.0
691,2.0
691,0.0
692,2.0
692,0.0
693,2.0
693,0.0
694,2.0
694,0.0
695,2.0
695,0.0
696,2.0
696,0.0
697,2.0
697,0.0
698,2.0
699,2.0
700,2.0
701,2.0
702,2.0
703,2.0
704,2.0
705,2.0
706,2.0
707,2.0
708,2.0
709,2.0
710,2.0
711,2.0
712,2.0
713,2.0
714,2.0
715,2.0
716,2.0
717,2.0
718,2.0
719,2.0
720,2.0
721,2.0
722,2.0
723,2.0
724,2.0
725,2.0
726,2.0
727,2.0
728,2.0
729,2.0
730,2.0
731,2.0
732,2.0
733,2.0
734,2.0
735,2.0
736,2.0
737,2.0
738,2.0
739,2.0
740,2.0
741,2.0
742,2.0
743,2.0
744,2.0
745,2.0
746,2.0
747,2.0
748,2.0
749,2.0
750,2.0
751,2.0
752,2.0
753,2.0
754,2.0
755,2.0
756,2.0
757,2.0
758,2.0
759,2.0
760,2.0
761,2.0
761,0.0
762,2.0
762,0.0
763,2.0
763,0.0
764,2.0
764,0.0
765,2.0
765,0.0
766,2.0
766,0.0
767,2.0
767,0.0
768,2.0
768,0.0
769,2.0
769,0.0
770,2.0
770,0.0
771,2.0
771,0.0
772,2.0
772,0.0
773,2.0
773,0.0
774,2.0
774,0.0
775,2.0
775,0.0
776,2.0
777,2.0
778,2.0
779,2.0
779,0.0
780,2.0
780,0.0
780,0.0
781,2.0
781,0.0
781,0.0
782,2.0
782,0.0
783,2.0
783,0.0
784,2.0
784,0.0
785,2.0
785,0.0
786,2.0
786,0.0
787,2.0
788,2.0
789,2.0
790,2.0
791,2.0
791,0.0
791,0.0
792,2.0
792,0.0
792,0.0
793,2.0
793,0.0
793,0.0
794,2.0
794,0.0
794,0.0
795,2.0
795,0.0
795,0.0
796,2.0
796,0.0
796,0.0
797,2.0
797,0.0
798,2.0
798,0.0
799,2.0
799,0.0
800,2.0
800,0.0
801,2.0
801,0.0
802,2.0
802,0.0
803,2.0
804,2.0
805,2.0
806,2.0
806,0.0
807,2.0
807,0.0
808,2.0
808,0.0
809,3.0
809,2.0
809,0.0
810,3.0
810,0.0
810,2.0
811,0.0
811,3.0
811,2.0
811,3.0
812,0.0
812,3.0
812,2.0
813,0.0
813,3.0
813,2.0
814,0.0
814,3.0
814,2.0
815,1.0
815,0.0
816,1.0
816,0.0
817,0.0
817,3.0
818,0.0
818,3.0
819,0.0
819,3.0
820,0.0
820,3.0
821,3.0
821,0.0
821,3.0
822,0.0
822,3.0
822,3.0
823,3.0
823,0.0
823,3.0
824,3.0
824,0.0
825,3.0
825,0.0
826,3.0
826,0.0
827,0.0
827,3.0
827,3.0
828,0.0
828,3.0
828,3.0
829,0.0
829,3.0
830,3.0
830,3.0
830,0.0
830,0.0
831,3.0
831,3.0
831,0.0
831,0.0
832,3.0
832,3.0
832,0.0
832,0.0
833,0.0
834,0.0
835,0.0
835,3.0
835,0.0
836,0.0
836,0.0
836,3.0
837,0.0
837,0.0
837,3.0
838,0.0
838,0.0
838,3.0
839,0.0
840,0.0
841,0.0
841,0.0
842,3.0
842,0.0
843,3.0
843,0.0
844,0.0
844,3.0
845,0.0
846,0.0
847,0.0
847,0.0
847,3.0
848,0.0
848,3.0
848,0.0
849,0.0
849,3.0
849,0.0
850,0.0
850,3.0
850,0.0
851,0.0
851,0.0
851,3.0
852,0.0
852,0.0
852,3.0
853,0.0
853,0.0
854,3.0
854,0.0
854,0.0
855,0.0
855,3.0
855,0.0
856,0.0
856,3.0
856,0.0
857,0.0
858,0.0
859,0.0
859,0.0
860,0.0
860,0.0
861,0.0
861,0.0
862,0.0
862,0.0
863,0.0
863,3.0
863,0.0
864,0.0
864,3.0
864,0.0
865,0.0
866,0.0
867,0.0
868,0.0
869,0.0
869,0.0
869,3.0
870,0.0
870,0.0
870,3.0
871,0.0
871,25.0
872,0.0
873,0.0
874,0.0
875,0.0
875,0.0
875,3.0
876,0.0
876,0.0
876,3.0
877,0.0
877,0.0
878,0.0
878,0.0
879,0.0
879,0.0
880,0.0
880,0.0
881,0.0
881,0.0
882,0.0
882,0.0
883,0.0
883,0.0
884,0.0
884,0.0
884,3.0
885,0.0
885,3.0
885,0.0
886,0.0
886,3.0
886,0.0
887,3.0
887,0.0
888,3.0
888,0.0
889,0.0
889,3.0
890,0.0
890,0.0
891,0.0
891,0.0
892,0.0
892,0.0
893,3.0
893,0.0
893,0.0
894,3.0
894,0.0
894,0.0
895,3.0
895,0.0
895,0.0
896,3.0
896,0.0
896,0.0
897,3.0
897,0.0
897,0.0
898,3.0
898,0.0
898,0.0
899,0.0
899,0.0
899,3.0
900,0.0
900,0.0
900,3.0
901,0.0
901,3.0
901,0.0
902,0.0
902,3.0
902,0.0
903,0.0
903,3.0
903,0.0
904,0.0
904,3.0
904,0.0
905,0.0
905,3.0
905,0.0
905,0.0
906,0.0
906,3.0
906,0.0
906,0.0
907,0.0
907,0.0
907,3.0
908,0.0
908,0.0
908,3.0
909,0.0
909,0.0
909,3.0
910,0.0
910,0.0
910,3.0
911,0.0
911,0.0
911,3.0
912,0.0
912,0.0
912,3.0
913,0.0
913,0.0
914,0.0
914,0.0
915,0.0
915,0.0
916,0.0
916,0.0
917,0.0
917,0.0
917,3.0
918,0.0
918,0.0
918,3.0
919,0.0
919,0.0
920,0.0
920,0.0
921,0.0
921,0.0
922,0.0
922,0.0
923,0.0
923,0.0
924,0.0
924,0.0
925,0.0
925,0.0
926,0.0
926,0.0
927,0.0
927,0.0
928,0.0
928,0.0
929,0.0
929,0.0
929,3.0
930,0.0
930,0.0
930,3.0
931,0.0
931,0.0
931,3.0
932,0.0
932,0.0
932,3.0
933,0.0
933,0.0
934,0.0
934,0.0
935,0.0
935,0.0
936,0.0
936,0.0
937,0.0
937,0.0
937,3.0
938,0.0
938,0.0
939,0.0
939,0.0
940,0.0
940,0.0
941,0.0
941,3.0
941,3.0
941,0.0
942,3.0
942,0.0
942,3.0
942,0.0
943,3.0
943,0.0
944,0.0
945,0.0
945,3.0
946,0.0
947,0.0
947,3.0
947,0.0
948,3.0
948,0.0
948,0.0
949,0.0
950,0.0
950,2.0
951,0.0
951,2.0
952,0.0
952,2.0
953,3.0
953,0.0
954,3.0
954,0.0
955,3.0
955,0.0
956,3.0
956,0.0
957,3.0
957,0.0
958,3.0
958,0.0
959,3.0
959,0.0
960,3.0
960,0.0
961,0.0
961,3.0
962,3.0
962,0.0
963,3.0
963,0.0
964,3.0
964,0.0
965,3.0
965,0.0
966,3.0
966,0.0
967,3.0
967,0.0
968,3.0
968,0.0
968,0.0
969,3.0
969,0.0
969,0.0
970,3.0
970,0.0
970,0.0
971,0.0
971,3.0
972,0.0
972,3.0
973,0.0
973,3.0
974,0.0
974,3.0
975,0.0
975,3.0
976,0.0
976,3.0
977,0.0
977,3.0
978,0.0
978,3.0
979,0.0
979,3.0
980,0.0
980,3.0
981,0.0
981,3.0
982,0.0
982,3.0
983,0.0
983,3.0
984,0.0
984,3.0
985,0.0
985,3.0
985,3.0
986,0.0
986,3.0
986,3.0
987,0.0
987,3.0
987,3.0
988,0.0
988,3.0
988,3.0
989,0.0
989,3.0
989,3.0
990,0.0
990,3.0
990,3.0
991,0.0
991,3.0
992,3.0
992,0.0
992,0.0
993,3.0
993,0.0
993,0.0
994,3.0
994,0.0
994,0.0
995,0.0
995,3.0
996,0.0
996,3.0
997,0.0
997,3.0
997,3.0
998,0.0
998,3.0
999,0.0
999,3.0
999,3.0
1000,0.0
1000,3.0
1001,3.0
1001,0.0
1002,3.0
1002,0.0
1003,3.0
1003,0.0
1004,0.0
1004,3.0
1005,0.0
1005,3.0
1006,0.0
1006,3.0
1007,0.0
1007,3.0
1008,0.0
1008,3.0
1009,0.0
1009,3.0
1009,3.0
1010,0.0
1010,3.0
1010,0.0
1011,0.0
1011,3.0
1011,0.0
1012,0.0
1012,0.0
1012,3.0
1013,3.0
1013,0.0
1013,3.0
1013,0.0
1014,0.0
1014,3.0
1014,3.0
1014,0.0
1015,0.0
1015,3.0
1016,0.0
1016,3.0
1016,3.0
1017,0.0
1017,3.0
1017,3.0
1018,0.0
1018,3.0
1018,3.0
1019,0.0
1019,3.0
1019,3.0
1020,0.0
1020,3.0
1020,3.0
1021,0.0
1021,3.0
1022,0.0
1022,3.0
1023,0.0
1023,3.0
1024,0.0
1024,3.0
1025,0.0
1025,3.0
1026,0.0
1026,3.0
1027,0.0
1027,3.0
1028,0.0
1028,3.0
1029,0.0
1029,3.0
1030,0.0
1030,3.0
1031,0.0
1031,3.0
1032,0.0
1032,3.0
1033,0.0
1033,3.0
1034,3.0
1034,0.0
1035,3.0
1035,0.0
1036,3.0
1036,0.0
1037,0.0
1037,3.0
1038,0.0
1038,3.0
1039,0.0
1039,3.0
1040,3.0
1040,0.0
1041,3.0
1041,0.0
1042,3.0
1042,0.0
1043,3.0
1044,3.0
1045,3.0
1045,0.0
1046,3.0
1046,0.0
1047,3.0
1047,0.0
1048,3.0
1048,0.0
1049,0.0
1049,3.0
1050,0.0
1050,3.0
1051,0.0
1052,0.0
1053,0.0
1054,0.0
1055,0.0
1056,0.0
1057,0.0
1058,0.0
1059,0.0
1060,0.0
1061,0.0
1062,0.0
1063,0.0
1064,0.0
1065,0.0
1066,0.0
1067,0.0
1068,0.0
1069,0.0
1070,0.0
1071,0.0
1072,0.0
1073,0.0
1074,0.0
1075,0.0
1076,0.0
1077,0.0
1078,0.0
1079,0.0
1080,0.0
1081,0.0
1082,0.0
1083,0.0
1084,0.0
1087,0.0
1088,0.0
1089,0.0
1090,0.0
1097,0.0
1098,0.0
1099,0.0
1100,0.0
1101,0.0
1102,0.0
1105,0.0
1106,0.0
1107,0.0
1108,0.0
1141,0.0
1144,0.0
1147,0.0
1151,0.0
1152,0.0
1154,0.0
1155,0.0
1156,0.0
1165,0.0
1165,3.0
1171,3.0
1172,3.0
1173,3.0
1174,3.0
1175,3.0
1176,3.0
1177,3.0
1181,3.0
1181,0.0
1182,3.0
1182,0.0
1183,0.0
1183,3.0
1184,0.0
1184,3.0
1185,0.0
1185,3.0
1186,0.0
1186,3.0
1187,0.0
1188,0.0
1189,0.0
1190,0.0
1191,0.0
1192,0.0
1193,0.0
1194,0.0
1195,0.0
1196,0.0
1197,0.0
1198,0.0
1199,0.0
1200,0.0
1201,0.0
1202,0.0
1203,0.0
1204,0.0
1205,0.0
1206,0.0
1207,0.0
1208,0.0
1209,0.0
1210,0.0
1211,0.0
1212,0.0
1213,0.0
1214,0.0
1215,0.0
1216,0.0
1217,0.0
1218,0.0
1225,0.0
1226,0.0
1227,0.0
1228,0.0
1229,0.0
1230,0.0
1231,0.0
1232,0.0
1233,0.0
1234,0.0
1235,0.0
1236,0.0
1237,0.0
1238,0.0
1239,0.0
1240,0.0
1241,0.0
1242,0.0
1243,0.0
1244,0.0
1245,0.0
1246,0.0
1247,0.0
1248,0.0
1249,0.0
1250,0.0
1251,0.0
1252,0.0
1357,0.0
1358,0.0
1359,0.0
1360,0.0
1361,0.0
1362,0.0
1363,0.0
1363,3.0
1364,0.0
1364,3.0
1365,0.0
1365,3.0
1366,0.0
1366,3.0
1367,0.0
1367,3.0
1368,0.0
1368,3.0
1369,0.0
1369,3.0
1370,0.0
1370,3.0
1371,0.0
1371,3.0
1372,0.0
1372,3.0
1373,0.0
1373,3.0
1374,0.0
1374,3.0
1375,0.0
1375,3.0
1376,0.0
1376,3.0
1377,0.0
1377,3.0
1378,0.0
1378,3.0
1379,0.0
1379,3.0
1380,0.0
1380,3.0
1381,0.0
1381,3.0
1382,0.0
1382,3.0
1383,0.0
1383,3.0
1384,0.0
1384,3.0
1385,0.0
1385,3.0
1386,0.0
1386,3.0
1387,0.0
1387,3.0
1388,0.0
1389,0.0
1390,0.0
1391,0.0
1391,3.0
1392,0.0
1392,3.0
1393,0.0
1394,0.0
1395,0.0
1396,0.0
1397,0.0
1397,3.0
1398,0.0
1398,3.0
1399,0.0
1399,3.0
1400,0.0
1400,3.0
1401,0.0
1402,0.0
1402,3.0
1403,0.0
1403,3.0
1404,0.0
1404,3.0
1405,0.0
1405,3.0
1406,0.0
1406,3.0
1407,0.0
1407,3.0
1408,0.0
1408,3.0
1409,0.0
1409,3.0
1410,0.0
1410,3.0
1411,0.0
1412,0.0
1412,1.0
1413,0.0
1413,1.0
1414,0.0
1414,1.0
1415,0.0
1416,0.0
1417,0.0
1417,3.0
1418,0.0
1418,3.0
1419,0.0
1419,3.0
1420,0.0
1420,3.0
1421,0.0
1421,3.0
1422,0.0
1423,0.0
1424,0.0
1424,3.0
1425,0.0
1425,3.0
1426,0.0
1426,3.0
1427,0.0
1427,3.0
1428,0.0
1428,3.0
1429,0.0
1430,0.0
1430,3.0
1431,0.0
1431,3.0
1432,0.0
1432,3.0
1433,0.0
1433,3.0
1434,0.0
1434,3.0
1435,0.0
1435,3.0
1436,0.0
1436,3.0
1437,0.0
1437,3.0
1438,0.0
1438,3.0
1439,0.0
1439,3.0
1440,0.0
1440,3.0
1441,0.0
1441,3.0
1442,0.0
1442,3.0
1443,0.0
1443,3.0
1444,0.0
1444,3.0
1445,0.0
1445,3.0
1446,0.0
1446,3.0
1447,0.0
1447,3.0
1448,0.0
1449,0.0
1450,0.0
1451,0.0
1451,3.0
1451,0.0
1452,0.0
1452,3.0
1452,0.0
1453,0.0
1453,3.0
1453,0.0
1454,0.0
1454,3.0
1455,0.0
1455,3.0
1456,0.0
1456,3.0
1457,0.0
1457,3.0
1458,0.0
1458,3.0
1459,0.0
1459,3.0
1460,0.0
1460,3.0
1461,0.0
1461,3.0
1462,0.0
1462,3.0
1463,0.0
1463,3.0
1463,0.0
1464,0.0
1464,3.0
1464,0.0
1465,0.0
1465,3.0
1465,0.0
1466,0.0
1467,0.0
1468,0.0
1469,0.0
1469,0.0
1469,3.0
1470,0.0
1470,0.0
1470,3.0
1471,0.0
1471,3.0
1471,0.0
1471,1.0
1472,0.0
1472,3.0
1472,1.0
1472,0.0
1473,0.0
1473,3.0
1473,1.0
1473,0.0
1474,0.0
1474,3.0
1474,1.0
1474,0.0
1475,0.0
1475,3.0
1475,3.0
1476,0.0
1476,3.0
1476,3.0
1477,0.0
1477,3.0
1477,0.0
1477,3.0
1478,0.0
1478,3.0
1478,3.0
1478,0.0
1479,0.0
1479,3.0
1479,3.0
1479,0.0
1480,0.0
1480,3.0
1480,3.0
1480,0.0
1481,0.0
1481,3.0
1481,0.0
1481,3.0
1482,0.0
1482,3.0
1482,0.0
1482,3.0
1483,0.0
1483,3.0
1483,0.0
1483,3.0
1484,0.0
1484,3.0
1484,3.0
1484,0.0
1484,0.0
1485,0.0
1485,3.0
1485,3.0
1485,0.0
1485,0.0
1486,0.0
1486,3.0
1486,3.0
1486,0.0
1486,0.0
1487,0.0
1487,3.0
1487,3.0
1487,0.0
1487,3.0
1488,0.0
1488,3.0
1488,3.0
1488,0.0
1488,3.0
1489,0.0
1489,0.0
1489,3.0
1489,3.0
1490,0.0
1490,0.0
1490,3.0
1491,0.0
1491,0.0
1491,3.0
1492,0.0
1492,0.0
1492,3.0
1493,0.0
1493,0.0
1493,3.0
1493,3.0
1494,0.0
1494,0.0
1494,3.0
1494,3.0
1495,0.0
1495,3.0
1495,0.0
1495,3.0
1496,0.0
1496,0.0
1496,3.0
1496,3.0
1497,0.0
1497,0.0
1497,3.0
1497,3.0
1498,0.0
1498,0.0
1498,3.0
1498,3.0
1499,0.0
1499,0.0
1499,3.0
1499,3.0
1499,0.0
1500,0.0
1500,0.0
1500,3.0
1500,3.0
1500,0.0
1501,0.0
1501,0.0
1501,3.0
1501,3.0
1502,0.0
1502,0.0
1502,3.0
1502,3.0
1502,0.0
1503,0.0
1503,0.0
1503,3.0
1503,3.0
1503,0.0
1504,0.0
1504,0.0
1504,3.0
1504,3.0
1504,0.0
1505,0.0
1505,0.0
1505,3.0
1505,3.0
1505,0.0
1506,0.0
1506,3.0
1506,0.0
1506,3.0
1506,0.0
1507,0.0
1507,3.0
1507,3.0
1507,0.0
1507,0.0
1508,0.0
1508,0.0
1508,3.0
1508,3.0
1509,0.0
1509,0.0
1509,3.0
1509,3.0
1510,0.0
1510,0.0
1510,3.0
1510,3.0
1511,0.0
1511,0.0
1511,3.0
1511,3.0
1512,0.0
1512,0.0
1512,3.0
1512,3.0
1512,0.0
1512,0.0
1513,0.0
1513,0.0
1513,3.0
1513,3.0
1513,0.0
1514,0.0
1514,0.0
1514,3.0
1514,0.0
1515,0.0
1515,3.0
1515,0.0
1515,0.0
1515,3.0
1516,0.0
1516,3.0
1516,0.0
1516,0.0
1516,3.0
1517,0.0
1517,3.0
1517,0.0
1517,0.0
1517,3.0
1518,3.0
1518,0.0
1518,0.0
1518,3.0
1518,3.0
1518,0.0
1519,3.0
1519,0.0
1519,0.0
1519,3.0
1519,3.0
1519,0.0
1520,3.0
1520,3.0
1520,0.0
1520,0.0
1520,0.0
1521,3.0
1521,0.0
1521,3.0
1521,0.0
1521,0.0
1522,3.0
1522,0.0
1522,3.0
1522,0.0
1522,0.0
1523,3.0
1523,0.0
1523,3.0
1523,0.0
1523,0.0
1524,0.0
1524,0.0
1524,3.0
1524,3.0
1524,0.0
1525,0.0
1525,0.0
1525,3.0
1525,3.0
1525,0.0
1526,0.0
1526,3.0
1526,0.0
1526,3.0
1526,0.0
1526,0.0
1527,0.0
1527,0.0
1527,3.0
1527,0.0
1527,3.0
1528,0.0
1528,0.0
1528,3.0
1528,0.0
1528,3.0
1529,0.0
1529,0.0
1529,3.0
1529,0.0
1529,3.0
1530,0.0
1530,0.0
1530,0.0
1530,3.0
1530,3.0
1531,0.0
1531,0.0
1531,0.0
1531,3.0
1531,3.0
1532,0.0
1532,0.0
1532,3.0
1532,0.0
1532,3.0
1532,0.0
1533,0.0
1533,0.0
1533,3.0
1534,0.0
1534,0.0
1534,3.0
1535,0.0
1535,0.0
1535,3.0
1536,0.0
1536,0.0
1536,3.0
1537,0.0
1537,0.0
1537,3.0
1538,0.0
1538,3.0
1538,0.0
1538,3.0
1539,0.0
1539,0.0
1539,3.0
1539,0.0
1540,0.0
1540,0.0
1540,3.0
1540,0.0
1540,0.0
1541,0.0
1541,0.0
1541,3.0
1541,0.0
1542,0.0
1542,0.0
1542,3.0
1543,0.0
1543,0.0
1543,3.0
1544,0.0
1544,0.0
1545,0.0
1545,0.0
1546,0.0
1546,0.0
1547,0.0
1547,0.0
1548,0.0
1548,0.0
1548,3.0
1549,0.0
1549,0.0
1549,3.0
1550,0.0
1550,0.0
1550,3.0
1550,1.0
1550,3.0
1551,0.0
1551,3.0
1551,0.0
1551,3.0
1551,3.0
1551,0.0
1552,0.0
1552,3.0
1552,0.0
1552,3.0
1552,3.0
1552,0.0
1553,0.0
1553,3.0
1553,0.0
1553,3.0
1553,3.0
1553,0.0
1554,3.0
1554,0.0
1554,0.0
1554,0.0
1554,3.0
1554,0.0
1554,3.0
1555,3.0
1555,0.0
1555,0.0
1555,0.0
1555,3.0
1555,0.0
1555,3.0
1555,3.0
1556,0.0
1556,3.0
1556,3.0
1556,3.0
1556,0.0
1556,3.0
1557,0.0
1557,3.0
1557,3.0
1557,3.0
1557,0.0
1557,0.0
1558,0.0
1558,3.0
1558,3.0
1558,3.0
1558,0.0
1558,0.0
1559,0.0
1559,3.0
1559,3.0
1559,3.0
1559,0.0
1559,0.0
1560,0.0
1560,3.0
1560,0.0
1560,3.0
1560,0.0
1561,0.0
1561,3.0
1561,0.0
1561,3.0
1561,0.0
1562,0.0
1562,0.0
1562,3.0
1562,0.0
1563,0.0
1563,3.0
1563,0.0
1563,0.0
1563,3.0
1564,0.0
1564,3.0
1564,0.0
1564,0.0
1565,0.0
1565,3.0
1565,0.0
1565,0.0
1565,3.0
1566,0.0
1566,3.0
1566,0.0
1566,0.0
1566,3.0
1567,0.0
1567,3.0
1567,0.0
1567,0.0
1567,3.0
1568,3.0
1568,0.0
1568,0.0
1568,0.0
1568,0.0
1569,3.0
1569,0.0
1569,0.0
1569,0.0
1569,0.0
1570,3.0
1570,0.0
1570,0.0
1570,0.0
1570,0.0
1571,3.0
1571,0.0
1571,0.0
1571,0.0
1571,0.0
1572,0.0
1572,0.0
1572,0.0
1572,3.0
1572,3.0
1573,0.0
1573,0.0
1573,0.0
1573,3.0
1573,3.0
1574,0.0
1574,0.0
1574,0.0
1574,3.0
1574,3.0
1575,0.0
1575,3.0
1575,0.0
1575,0.0
1576,0.0
1576,3.0
1576,0.0
1576,0.0
1577,0.0
1577,3.0
1577,0.0
1577,0.0
1578,0.0
1578,0.0
1578,3.0
1578,0.0
1579,0.0
1579,0.0
1579,3.0
1579,0.0
1580,0.0
1580,0.0
1580,3.0
1580,0.0
1580,0.0
1580,0.0
1581,0.0
1581,0.0
1581,3.0
1581,0.0
1581,0.0
1581,0.0
1582,0.0
1582,0.0
1582,3.0
1582,0.0
1582,0.0
1582,0.0
1583,0.0
1583,0.0
1583,3.0
1583,0.0
1583,0.0
1583,0.0
1584,0.0
1584,0.0
1584,3.0
1584,0.0
1585,0.0
1585,0.0
1585,3.0
1585,0.0
1586,0.0
1586,3.0
1586,0.0
1586,0.0
1587,0.0
1587,3.0
1587,0.0
1587,0.0
1588,0.0
1588,3.0
1588,0.0
1588,0.0
1589,0.0
1589,3.0
1589,0.0
1589,0.0
1590,0.0
1590,0.0
1590,3.0
1591,0.0
1591,0.0
1591,3.0
1592,0.0
1592,3.0
1592,0.0
1593,0.0
1593,3.0
1593,0.0
1593,0.0
1594,0.0
1594,3.0
1594,0.0
1594,0.0
1595,0.0
1595,3.0
1595,0.0
1595,0.0
1596,0.0
1596,0.0
1596,0.0
1596,3.0
1596,0.0
1597,0.0
1597,0.0
1597,0.0
1597,3.0
1597,0.0
1598,0.0
1598,0.0
1598,0.0
1598,3.0
1599,0.0
1599,0.0
1599,0.0
1599,3.0
1600,0.0
1600,0.0
1600,0.0
1600,3.0
1601,0.0
1601,0.0
1601,0.0
1601,3.0
1602,0.0
1602,0.0
1602,3.0
1602,0.0
1603,0.0
1603,3.0
1603,0.0
1603,0.0
1604,0.0
1604,3.0
1604,0.0
1604,0.0
1604,0.0
1605,0.0
1605,0.0
1605,3.0
1605,0.0
1605,0.0
1605,0.0
1606,0.0
1606,0.0
1606,3.0
1606,0.0
1606,0.0
1606,0.0
1607,0.0
1607,0.0
1607,3.0
1607,0.0
1607,0.0
1608,0.0
1608,0.0
1608,0.0
1608,0.0
1608,3.0
1609,0.0
1609,0.0
1609,0.0
1609,0.0
1609,3.0
1610,0.0
1610,0.0
1610,0.0
1610,3.0
1611,0.0
1611,0.0
1611,0.0
1611,0.0
1611,3.0
1612,0.0
1612,0.0
1612,0.0
1612,0.0
1612,3.0
1613,0.0
1613,0.0
1613,0.0
1613,0.0
1613,3.0
1614,0.0
1614,0.0
1614,0.0
1614,0.0
1614,3.0
1615,0.0
1615,0.0
1615,0.0
1615,0.0
1615,3.0
1616,0.0
1616,0.0
1616,0.0
1616,3.0
1616,0.0
1617,0.0
1617,0.0
1617,0.0
1617,0.0
1617,3.0
1617,0.0
1618,0.0
1618,0.0
1618,0.0
1618,0.0
1618,3.0
1618,0.0
1619,0.0
1619,0.0
1619,0.0
1619,0.0
1619,3.0
1620,0.0
1620,0.0
1620,0.0
1620,3.0
1620,0.0
1621,0.0
1621,0.0
1621,0.0
1621,3.0
1621,0.0
1622,0.0
1622,0.0
1622,3.0
1622,0.0
1623,0.0
1623,3.0
1623,0.0
1623,0.0
1623,0.0
1624,0.0
1624,3.0
1624,0.0
1624,0.0
1624,0.0
1625,0.0
1625,3.0
1625,0.0
1625,0.0
1625,0.0
1625,3.0
1626,0.0
1626,0.0
1626,3.0
1627,0.0
1627,0.0
1627,3.0
1628,0.0
1628,0.0
1628,3.0
1629,0.0
1629,0.0
1629,3.0
1629,0.0
1630,0.0
1630,0.0
1630,3.0
1630,0.0
1631,0.0
1631,0.0
1631,3.0
1631,0.0
1632,0.0
1632,0.0
1632,3.0
1633,0.0
1633,0.0
1633,3.0
1634,0.0
1634,3.0
1634,0.0
1634,0.0
1634,0.0
1635,3.0
1635,0.0
1635,0.0
1635,0.0
1636,3.0
1636,0.0
1636,0.0
1636,0.0
1637,3.0
1637,0.0
1637,0.0
1637,0.0
1638,0.0
1638,0.0
1639,0.0
1639,0.0
1640,0.0
1640,0.0
1640,0.0
1641,0.0
1641,0.0
1641,3.0
1641,0.0
1642,0.0
1642,0.0
1642,3.0
1642,0.0
1643,0.0
1643,0.0
1643,3.0
1643,0.0
1644,0.0
1644,0.0
1644,0.0
1644,3.0
1645,0.0
1645,0.0
1645,0.0
1645,3.0
1646,0.0
1646,0.0
1646,0.0
1647,0.0
1647,0.0
1647,0.0
1648,0.0
1648,0.0
1648,0.0
1649,0.0
1649,0.0
1649,0.0
1650,0.0
1650,0.0
1650,0.0
1651,0.0
1651,0.0
1651,0.0
1652,0.0
1652,0.0
1652,0.0
1652,0.0
1652,0.0
1653,0.0
1653,0.0
1653,0.0
1654,0.0
1654,0.0
1654,0.0
1655,0.0
1655,0.0
1655,0.0
1656,0.0
1656,0.0
1656,0.0
1657,0.0
1657,0.0
1657,0.0
1658,0.0
1658,0.0
1658,0.0
1659,0.0
1659,0.0
1659,0.0
1660,0.0
1660,0.0
1660,0.0
1661,0.0
1661,0.0
1661,0.0
1662,0.0
1662,0.0
1662,0.0
1663,0.0
1663,0.0
1663,0.0
1664,0.0
1664,0.0
1664,0.0
1665,0.0
1665,0.0
1665,0.0
1666,0.0
1666,0.0
1666,0.0
1667,0.0
1667,0.0
1667,0.0
1668,0.0
1668,0.0
1668,0.0
1669,0.0
1669,0.0
1669,0.0
1670,0.0
1670,0.0
1670,0.0
1671,0.0
1671,0.0
1671,0.0
1672,0.0
1672,0.0
1672,0.0
1673,0.0
1673,0.0
1673,0.0
1674,0.0
1674,0.0
1674,0.0
1674,3.0
1675,0.0
1675,0.0
1675,0.0
1675,3.0
1676,0.0
1676,0.0
1676,0.0
1676,0.0
1677,0.0
1677,0.0
1677,0.0
1677,0.0
1678,0.0
1678,0.0
1678,0.0
1678,0.0
1679,0.0
1679,0.0
1679,0.0
1679,0.0
1680,0.0
1680,0.0
1680,0.0
1681,0.0
1681,0.0
1681,0.0
1682,0.0
1682,0.0
1682,0.0
1683,0.0
1683,0.0
1684,0.0
1684,0.0
1684,0.0
1685,0.0
1685,0.0
1686,0.0
1686,0.0
1686,0.0
1687,0.0
1687,0.0
1687,0.0
1688,0.0
1688,0.0
1688,0.0
1689,0.0
1689,0.0
1689,0.0
1690,0.0
1690,0.0
1690,0.0
1691,0.0
1691,0.0
1691,0.0
1692,0.0
1692,0.0
1692,0.0
1692,36.0
1693,0.0
1693,0.0
1693,0.0
1693,36.0
1694,0.0
1694,0.0
1694,0.0
1695,0.0
1695,0.0
1695,0.0
1696,0.0
1696,0.0
1696,0.0
1697,0.0
1697,0.0
1697,0.0
1698,0.0
1698,0.0
1698,0.0
1698,0.0
1699,0.0
1699,0.0
1699,0.0
1699,0.0
1700,0.0
1700,0.0
1700,0.0
1700,3.0
1701,0.0
1701,0.0
1701,0.0
1702,0.0
1702,0.0
1702,0.0
1703,0.0
1703,0.0
1703,0.0
1704,0.0
1704,0.0
1704,0.0
1704,0.0
1705,0.0
1705,0.0
1705,0.0
1705,0.0
1706,0.0
1706,0.0
1706,0.0
1706,0.0
1707,0.0
1707,0.0
1707,0.0
1707,3.0
1708,0.0
1708,0.0
1708,0.0
1708,3.0
1709,0.0
1709,0.0
1709,0.0
1709,3.0
1710,0.0
1710,0.0
1710,0.0
1710,3.0
1711,0.0
1711,0.0
1711,0.0
1712,0.0
1712,0.0
1712,0.0
1712,3.0
1713,0.0
1713,0.0
1713,0.0
1713,3.0
1714,0.0
1714,0.0
1714,0.0
1714,3.0
1714,0.0
1715,0.0
1715,0.0
1715,0.0
1715,3.0
1716,0.0
1716,0.0
1716,3.0
1717,0.0
1717,0.0
1717,3.0
1718,0.0
1718,0.0
1718,3.0
1718,0.0
1718,3.0
1719,0.0
1719,0.0
1719,3.0
1719,0.0
1719,1.0
1720,0.0
1720,0.0
1720,3.0
1720,0.0
1720,1.0
1721,0.0
1721,0.0
1721,3.0
1721,0.0
1721,1.0
1722,0.0
1722,3.0
1722,0.0
1723,0.0
1723,0.0
1723,3.0
1724,0.0
1724,1.0
1724,1.0
1725,0.0
1725,3.0
1725,1.0
1726,0.0
1726,3.0
1726,1.0
1726,0.0
1727,0.0
1727,3.0
1727,1.0
1727,0.0
1728,0.0
1728,3.0
1728,0.0
1729,0.0
1729,3.0
1729,0.0
1729,1.0
1730,0.0
1730,3.0
1730,1.0
1730,0.0
1731,0.0
1731,3.0
1731,0.0
1731,0.0
1732,0.0
1732,3.0
1732,0.0
1732,0.0
1733,0.0
1733,3.0
1733,0.0
1733,0.0
1734,0.0
1734,3.0
1734,0.0
1734,0.0
1735,0.0
1735,3.0
1735,0.0
1735,0.0
1736,0.0
1736,3.0
1736,0.0
1737,0.0
1737,3.0
1737,0.0
1738,0.0
1738,3.0
1738,0.0
1739,0.0
1739,3.0
1740,0.0
1740,3.0
1740,0.0
1741,0.0
1741,3.0
1741,0.0
1742,0.0
1742,0.0
1742,1.0
1742,3.0
1742,0.0
1743,0.0
1743,0.0
1743,3.0
1743,0.0
1744,0.0
1744,0.0
1744,3.0
1744,0.0
1745,0.0
1745,0.0
1745,3.0
1745,0.0
1746,0.0
1746,3.0
1746,0.0
1746,0.0
1747,0.0
1747,3.0
1747,0.0
1747,0.0
1748,3.0
1748,0.0
1748,0.0
1749,0.0
1749,0.0
1749,3.0
1749,1.0
1749,0.0
1750,0.0
1750,0.0
1750,3.0
1750,1.0
1750,0.0
1751,0.0
1751,0.0
1751,3.0
1751,1.0
1751,0.0
1752,0.0
1752,0.0
1752,3.0
1752,1.0
1752,0.0
1753,0.0
1753,0.0
1753,3.0
1753,1.0
1754,3.0
1754,3.0
1754,0.0
1754,0.0
1755,0.0
1755,3.0
1755,3.0
1755,0.0
1756,0.0
1756,3.0
1756,0.0
1756,3.0
1757,0.0
1757,3.0
1757,0.0
1757,3.0
1757,0.0
1758,0.0
1758,3.0
1759,0.0
1759,3.0
1760,0.0
1760,3.0
1761,0.0
1761,0.0
1762,0.0
1762,0.0
1763,0.0
1763,0.0
1763,3.0
1764,0.0
1764,0.0
1764,3.0
1765,0.0
1765,0.0
1765,3.0
1766,0.0
1766,3.0
1767,0.0
1767,3.0
1767,2.0
1768,0.0
1768,3.0
1768,2.0
1769,0.0
1769,3.0
1769,2.0
1770,0.0
1770,3.0
1771,0.0
1771,3.0
1772,0.0
1772,3.0
1773,0.0
1773,3.0
1774,0.0
1774,3.0
1775,0.0
1775,3.0
1776,0.0
1776,3.0
1776,0.0
1777,0.0
1777,3.0
1777,0.0
1778,0.0
1778,3.0
1778,0.0
1779,0.0
1779,3.0
1779,0.0
1780,0.0
1780,3.0
1780,0.0
1781,0.0
1781,3.0
1781,0.0
1782,0.0
1782,3.0
1782,0.0
1783,0.0
1783,3.0
1783,0.0
1784,0.0
1784,3.0
1785,0.0
1785,3.0
1786,0.0
1786,3.0
1787,0.0
1787,3.0
1788,0.0
1789,0.0
1789,3.0
1790,0.0
1790,3.0
1790,0.0
1791,0.0
1791,3.0
1791,0.0
1792,0.0
1792,3.0
1792,0.0
1793,0.0
1793,3.0
1793,0.0
1794,0.0
1794,3.0
1795,0.0
1795,3.0
1796,0.0
1796,3.0
1797,3.0
1797,0.0
1798,3.0
1798,0.0
1799,3.0
1799,0.0
1800,0.0
1800,3.0
1801,0.0
1801,3.0
1802,0.0
1802,3.0
1803,0.0
1803,3.0
1804,0.0
1804,3.0
1805,0.0
1805,3.0
1806,0.0
1806,1.0
1806,0.0
1807,0.0
1807,1.0
1807,0.0
1808,0.0
1809,0.0
1809,0.0
1810,0.0
1810,0.0
1811,0.0
1811,0.0
1812,0.0
1812,0.0
1813,0.0
1813,0.0
1818,1.0
1819,1.0
1820,1.0
1821,1.0
1824,0.0
1825,0.0
1826,0.0
1826,1.0
1827,0.0
1827,1.0
1828,0.0
1828,1.0
1829,0.0
1829,1.0
1830,1.0
1830,0.0
1831,1.0
1831,0.0
1832,1.0
1832,0.0
1833,0.0
1833,1.0
1834,0.0
1834,1.0
1835,0.0
1835,1.0
1836,0.0
1836,1.0
1836,1.0
1837,0.0
1837,1.0
1837,1.0
1837,0.0
1838,1.0
1838,0.0
1839,1.0
1839,0.0
1840,1.0
1840,0.0
1841,1.0
1841,0.0
1842,1.0
1842,0.0
1843,1.0
1843,0.0
1844,1.0
1844,0.0
1845,1.0
1845,0.0
1846,1.0
1846,0.0
1847,1.0
1847,0.0
1848,0.0
1848,1.0
1849,0.0
1849,1.0
1850,0.0
1850,1.0
1851,1.0
1852,1.0
1853,1.0
1854,1.0
1855,1.0
1856,1.0
1856,0.0
1857,1.0
1857,0.0
1859,1.0
1859,0.0
1893,3.0
1894,3.0
1895,3.0
1896,3.0
1896,0.0
1897,3.0
1897,0.0
1898,3.0
1898,0.0
1898,3.0
1899,3.0
1899,0.0
1900,3.0
1900,0.0
1901,3.0
1901,0.0
1902,3.0
1902,0.0
1903,3.0
1903,0.0
1904,3.0
1904,3.0
1905,3.0
1905,0.0
1906,3.0
1906,0.0
1907,3.0
1907,0.0
1908,3.0
1908,0.0
1909,3.0
1909,0.0
1910,3.0
1910,0.0
1911,3.0
1911,0.0
1912,3.0
1912,0.0
1913,3.0
1913,0.0
1914,3.0
1914,0.0
1915,3.0
1915,0.0
1916,3.0
1916,0.0
1916,0.0
1917,3.0
1917,0.0
1918,3.0
1918,0.0
1919,3.0
1919,0.0
1920,3.0
1920,0.0
1921,3.0
1921,0.0
1922,3.0
1922,0.0
1923,3.0
1923,0.0
1924,3.0
1924,0.0
1925,3.0
1925,0.0
1926,0.0
1926,3.0
1927,0.0
1927,3.0
1928,3.0
1928,0.0
1929,3.0
1929,0.0
1930,3.0
1930,0.0
1931,3.0
1931,0.0
1932,3.0
1932,0.0
1933,3.0
1933,0.0
1934,3.0
1934,0.0
1935,3.0
1935,0.0
1936,3.0
1936,0.0
1937,3.0
1937,0.0
1938,0.0
1938,3.0
1939,0.0
1939,3.0
1940,3.0
1940,0.0
1941,3.0
1942,3.0
1943,3.0
1946,0.0
1946,3.0
1947,3.0
1947,0.0
1948,3.0
1948,0.0
1949,3.0
1949,0.0
1950,0.0
1950,3.0
1951,0.0
1951,3.0
1952,0.0
1952,0.0
1952,3.0
1953,3.0
1953,0.0
1954,3.0
1954,0.0
1954,0.0
1955,3.0
1955,0.0
1956,3.0
1956,0.0
1957,3.0
1957,0.0
1958,3.0
1958,0.0
1958,3.0
1959,3.0
1960,3.0
1961,3.0
1962,0.0
1962,3.0
1963,0.0
1963,3.0
1964,0.0
1964,3.0
1965,0.0
1965,3.0
1966,0.0
1966,3.0
1967,0.0
1967,3.0
1968,0.0
1968,3.0
1969,0.0
1969,3.0
1970,0.0
1970,3.0
1971,3.0
1971,0.0
1972,3.0
1972,0.0
1973,3.0
1973,0.0
1974,0.0
1974,3.0
1974,0.0
1975,0.0
1975,3.0
1975,0.0
1976,0.0
1976,3.0
1976,0.0
1977,3.0
1977,0.0
1977,0.0
1977,3.0
1978,3.0
1978,0.0
1978,0.0
1978,3.0
1979,3.0
1979,0.0
1979,0.0
1979,3.0
1980,0.0
1980,3.0
1980,0.0
1981,0.0
1981,3.0
1981,0.0
1982,0.0
1982,3.0
1982,3.0
1982,0.0
1983,0.0
1983,3.0
1983,3.0
1983,3.0
1984,0.0
1984,3.0
1984,3.0
1984,3.0
1985,0.0
1985,3.0
1985,3.0
1985,3.0
1986,0.0
1986,3.0
1986,3.0
1987,0.0
1987,3.0
1988,0.0
1988,1.0
1988,3.0
1988,3.0
1989,0.0
1990,0.0
1991,0.0
1992,3.0
1992,0.0
1992,3.0
1993,3.0
1993,0.0
1993,3.0
1994,0.0
1994,0.0
1994,0.0
1994,3.0
1995,0.0
1995,3.0
1995,3.0
1995,0.0
1996,0.0
1996,3.0
1996,3.0
1996,0.0
1997,0.0
1997,3.0
1997,3.0
1997,0.0
1998,3.0
1998,0.0
1998,0.0
1999,3.0
1999,0.0
1999,0.0
2000,3.0
2000,0.0
2001,0.0
2001,3.0
2001,3.0
2002,0.0
2002,3.0
2002,3.0
2003,0.0
2003,3.0
2003,3.0
2004,0.0
2004,3.0
2005,0.0
2005,3.0
2006,0.0
2006,3.0
2006,0.0
2006,0.0
2006,3.0
2007,0.0
2007,3.0
2007,0.0
2007,0.0
2007,3.0
2008,0.0
2008,3.0
2008,0.0
2008,0.0
2008,3.0
2009,0.0
2009,3.0
2009,0.0
2009,0.0
2009,3.0
2010,0.0
2010,3.0
2010,0.0
2011,0.0
2011,3.0
2011,0.0
2012,0.0
2012,3.0
2012,0.0
2013,0.0
2013,3.0
2013,0.0
2014,0.0
2014,3.0
2014,0.0
2015,0.0
2015,3.0
2015,0.0
2016,0.0
2016,3.0
2016,0.0
2016,0.0
2017,0.0
2017,3.0
2017,0.0
2017,0.0
2018,0.0
2018,3.0
2018,0.0
2019,0.0
2019,3.0
2019,0.0
2019,0.0
2020,0.0
2020,0.0
2020,3.0
2020,0.0
2021,0.0
2021,0.0
2021,3.0
2021,0.0
2022,0.0
2022,0.0
2022,0.0
2022,0.0
2023,0.0
2023,0.0
2023,0.0
2023,0.0
2024,0.0
2024,0.0
2024,3.0
2025,0.0
2025,0.0
2025,3.0
2025,3.0
2026,0.0
2026,0.0
2026,3.0
2026,3.0
2027,0.0
2027,0.0
2027,3.0
2027,3.0
2028,0.0
2028,3.0
2029,0.0
2029,3.0
2030,0.0
2030,3.0
2031,0.0
2031,0.0
2032,0.0
2032,0.0
2033,0.0
2033,0.0
2034,0.0
2034,0.0
2035,0.0
2035,0.0
2036,0.0
2037,0.0
2038,0.0
2039,0.0
2040,0.0
2041,0.0
2042,0.0
2043,0.0
2044,0.0
2045,0.0
2046,0.0
2047,0.0
2048,0.0
2048,0.0
2049,0.0
2049,0.0
2050,0.0
2050,0.0
2051,0.0
2051,0.0
2052,0.0
2053,0.0
2054,0.0
2055,0.0
2055,0.0
2056,0.0
2056,0.0
2057,0.0
2057,0.0
2058,0.0
2058,0.0
2059,0.0
2059,0.0
2060,0.0
2061,0.0
2061,0.0
2061,0.0
2062,0.0
2062,0.0
2062,0.0
2063,0.0
2063,0.0
2063,0.0
2064,0.0
2064,0.0
2065,0.0
2065,0.0
2066,0.0
2066,0.0
2066,0.0
2067,0.0
2067,0.0
2068,0.0
2068,0.0
2069,0.0
2069,0.0
2070,0.0
2071,0.0
2072,0.0
2072,0.0
2073,0.0
2073,0.0
2074,0.0
2074,0.0
2075,0.0
2075,0.0
2076,0.0
2077,0.0
2078,0.0
2079,0.0
2080,0.0
2081,0.0
2082,0.0
2082,0.0
2083,0.0
2083,0.0
2084,0.0
2084,0.0
2085,0.0
2085,0.0
2086,0.0
2086,0.0
2087,0.0
2087,0.0
2088,0.0
2088,0.0
2088,0.0
2089,0.0
2089,0.0
2089,0.0
2090,0.0
2090,0.0
2091,0.0
2091,0.0
2092,0.0
2092,0.0
2093,0.0
2093,0.0
2094,0.0
2095,0.0
2096,0.0
2096,0.0
2097,0.0
2097,0.0
2098,0.0
2098,0.0
2099,0.0
2099,0.0
2100,0.0
2101,0.0
2102,0.0
2103,0.0
2104,0.0
2105,0.0
2106,0.0
2107,0.0
2108,0.0
2108,0.0
2109,0.0
2109,0.0
2110,0.0
2110,0.0
2111,0.0
2111,0.0
2112,0.0
2112,0.0
2113,0.0
2113,0.0
2114,0.0
2114,0.0
2115,0.0
2115,0.0
2116,0.0
2116,0.0
2117,0.0
2117,0.0
2118,0.0
2119,0.0
2121,0.0
2122,0.0
2123,0.0
2124,0.0
2125,0.0
2126,0.0
2127,0.0
2128,0.0
2129,0.0
2130,0.0
2130,0.0
2131,0.0
2131,0.0
2132,0.0
2132,0.0
2133,0.0
2133,0.0
2134,0.0
2134,0.0
2135,0.0
2135,0.0
2136,0.0
2136,0.0
2137,0.0
2137,0.0
2138,0.0
2138,0.0
2138,3.0
2139,0.0
2139,0.0
2140,0.0
2140,0.0
2141,0.0
2141,0.0
2142,0.0
2142,0.0
2143,0.0
2143,0.0
2144,0.0
2145,0.0
2145,0.0
2146,0.0
2146,0.0
2147,0.0
2147,0.0
2148,3.0
2148,0.0
2148,0.0
2149,3.0
2149,0.0
2149,0.0
2150,3.0
2150,0.0
2151,3.0
2151,0.0
2152,3.0
2152,0.0
2153,3.0
2153,0.0
2154,3.0
2154,0.0
2154,0.0
2155,3.0
2155,0.0
2156,3.0
2157,3.0
2157,0.0
2158,3.0
2158,0.0
2159,3.0
2159,0.0
2160,3.0
2160,0.0
2161,3.0
2161,0.0
2162,3.0
2162,0.0
2163,0.0
2163,3.0
2164,0.0
2164,3.0
2165,0.0
2165,3.0
2166,0.0
2167,0.0
2168,3.0
2169,0.0
2170,3.0
2170,0.0
2171,0.0
2171,3.0
2172,0.0
2172,3.0
2172,0.0
2173,0.0
2173,3.0
2173,0.0
2174,0.0
2174,3.0
2174,0.0
2175,0.0
2175,3.0
2175,0.0
2176,0.0
2176,3.0
2176,0.0
2177,0.0
2177,3.0
2177,0.0
2178,0.0
2178,0.0
2178,0.0
2179,0.0
2179,0.0
2179,0.0
2180,0.0
2180,0.0
2181,0.0
2182,0.0
2183,0.0
2186,0.0
2187,0.0
2188,0.0
2189,0.0
2193,0.0
2194,0.0
2195,0.0
2196,0.0
2196,3.0
2197,0.0
2197,3.0
2198,0.0
2198,3.0
2198,0.0
2199,3.0
2199,0.0
2199,0.0
2200,3.0
2200,0.0
2200,0.0
2201,3.0
2201,0.0
2201,0.0
2202,0.0
2202,3.0
2203,0.0
2203,3.0
2204,0.0
2204,3.0
2205,3.0
2205,0.0
2206,3.0
2206,0.0
2207,3.0
2207,0.0
2208,3.0
2208,0.0
2208,0.0
2209,3.0
2209,0.0
2209,0.0
2210,3.0
2210,3.0
2210,0.0
2211,3.0
2211,0.0
2212,3.0
2212,0.0
2213,3.0
2213,0.0
2214,3.0
2214,0.0
2215,3.0
2215,0.0
2216,3.0
2216,0.0
2217,3.0
2217,0.0
2218,3.0
2218,0.0
2219,3.0
2219,0.0
2220,3.0
2220,0.0
2221,3.0
2221,0.0
2222,3.0
2222,0.0
2223,3.0
2224,3.0
2224,0.0
2225,3.0
2225,0.0
2226,3.0
2227,3.0
2228,3.0
2228,0.0
2229,3.0
2230,3.0
2231,3.0
2232,3.0
2233,3.0
2234,2.0
2235,2.0
2236,2.0
2237,2.0
2246,0.0
2247,0.0
2248,0.0
2249,0.0
2274,0.0
2275,0.0
2277,0.0
2278,0.0
2279,0.0
2280,0.0
2281,0.0
2292,0.0
2293,0.0
2331,2.0
2332,2.0
2333,2.0
2336,0.0
2337,0.0
2338,0.0
2339,0.0
2342,0.0
2343,0.0
2344,0.0
2345,0.0
2358,0.0
2359,0.0
2360,0.0
2361,0.0
2362,0.0
2363,0.0
2364,0.0
2365,0.0
2366,0.0
2367,0.0
2368,0.0
2369,0.0
2369,0.0
2370,0.0
2371,0.0
2372,0.0
2373,0.0
2373,0.0
2374,0.0
2374,0.0
2375,0.0
2376,0.0
2377,0.0
2377,0.0
2378,0.0
2379,3.0
2379,0.0
2380,3.0
2380,0.0
2381,3.0
2381,0.0
2381,0.0
2382,3.0
2382,1.0
2382,0.0
2383,3.0
2383,1.0
2383,0.0
2384,3.0
2384,0.0
2385,3.0
2385,0.0
2386,3.0
2386,0.0
2387,3.0
2387,0.0
2388,0.0
2389,0.0
2389,0.0
2390,3.0
2390,0.0
2390,0.0
2390,0.0
2391,3.0
2391,0.0
2391,0.0
2391,3.0
2392,3.0
2392,0.0
2392,0.0
2392,3.0
2393,3.0
2393,0.0
2393,0.0
2393,3.0
2394,0.0
2394,3.0
2394,0.0
2395,0.0
2395,3.0
2395,0.0
2396,0.0
2396,1.0
2396,3.0
2396,0.0
2397,3.0
2397,0.0
2398,3.0
2398,0.0
2399,3.0
2399,0.0
2400,3.0
2400,0.0
2400,0.0
2401,3.0
2401,0.0
2401,0.0
2402,0.0
2402,3.0
2402,3.0
2403,3.0
2403,0.0
2403,0.0
2403,3.0
2404,3.0
2404,0.0
2404,0.0
2404,3.0
2405,3.0
2405,0.0
2405,0.0
2405,3.0
2406,3.0
2406,0.0
2406,3.0
2407,3.0
2407,0.0
2407,3.0
2408,0.0
2408,3.0
2408,3.0
2409,0.0
2409,3.0
2410,0.0
2410,3.0
2411,0.0
2411,3.0
2412,0.0
2412,3.0
2413,0.0
2413,3.0
2414,0.0
2414,3.0
2414,0.0
2415,0.0
2415,3.0
2416,0.0
2416,3.0
2417,0.0
2417,3.0
2418,0.0
2418,3.0
2419,0.0
2419,3.0
2420,0.0
2420,3.0
2421,0.0
2421,3.0
2422,0.0
2422,3.0
2423,0.0
2423,3.0
2424,0.0
2424,3.0
2425,0.0
2425,3.0
2426,3.0
2426,0.0
2427,0.0
2427,3.0
2428,0.0
2428,3.0
2429,0.0
2429,3.0
2430,0.0
2430,3.0
2430,0.0
2430,3.0
2431,0.0
2431,3.0
2431,3.0
2431,0.0
2432,0.0
2432,3.0
2432,3.0
2433,0.0
2433,3.0
2433,3.0
2434,0.0
2434,3.0
2434,3.0
2435,0.0
2435,3.0
2435,3.0
2436,3.0
2436,0.0
2436,3.0
2437,3.0
2437,0.0
2437,3.0
2438,0.0
2438,3.0
2438,3.0
2438,0.0
2439,3.0
2439,3.0
2439,0.0
2439,0.0
2440,3.0
2440,3.0
2440,0.0
2440,0.0
2441,3.0
2441,3.0
2441,0.0
2441,0.0
2442,0.0
2442,3.0
2442,0.0
2442,3.0
2443,0.0
2443,3.0
2443,3.0
2443,0.0
2444,3.0
2444,3.0
2444,0.0
2444,0.0
2445,3.0
2445,3.0
2445,0.0
2445,0.0
2445,0.0
2446,3.0
2446,3.0
2446,0.0
2446,0.0
2446,0.0
2447,3.0
2447,3.0
2447,0.0
2447,0.0
2447,0.0
2448,0.0
2448,3.0
2448,3.0
2448,0.0
2448,0.0
2449,0.0
2449,3.0
2449,3.0
2449,0.0
2449,0.0
2450,0.0
2450,3.0
2450,0.0
2450,3.0
2450,0.0
2450,0.0
2451,0.0
2451,3.0
2451,0.0
2451,0.0
2451,3.0
2451,0.0
2452,0.0
2452,3.0
2452,0.0
2452,0.0
2452,3.0
2452,0.0
2453,0.0
2453,3.0
2453,0.0
2453,0.0
2453,3.0
2453,0.0
2454,0.0
2454,3.0
2454,3.0
2454,0.0
2454,0.0
2454,0.0
2455,0.0
2455,3.0
2455,3.0
2455,0.0
2455,0.0
2455,0.0
2456,0.0
2456,3.0
2456,3.0
2456,0.0
2456,0.0
2456,0.0
2457,0.0
2457,3.0
2457,0.0
2457,0.0
2457,0.0
2457,3.0
2458,0.0
2458,0.0
2458,3.0
2458,0.0
2458,0.0
2458,3.0
2459,0.0
2459,0.0
2459,3.0
2459,0.0
2459,0.0
2459,3.0
2460,0.0
2460,0.0
2460,3.0
2460,0.0
2460,3.0
2460,0.0
2461,0.0
2461,0.0
2461,3.0
2461,0.0
2461,3.0
2461,0.0
2462,0.0
2462,3.0
2462,0.0
2462,0.0
2462,0.0
2463,0.0
2463,3.0
2463,0.0
2463,0.0
2463,3.0
2463,0.0
2464,0.0
2464,0.0
2464,3.0
2464,0.0
2464,3.0
2464,0.0
2465,0.0
2465,0.0
2465,3.0
2465,0.0
2465,3.0
2465,0.0
2466,0.0
2466,3.0
2466,0.0
2466,3.0
2466,0.0
2467,0.0
2467,3.0
2467,0.0
2467,3.0
2467,0.0
2468,0.0
2468,0.0
2468,3.0
2468,3.0
2468,0.0
2468,3.0
2469,0.0
2469,3.0
2469,0.0
2469,0.0
2469,3.0
2469,0.0
2470,0.0
2470,3.0
2470,0.0
2470,0.0
2470,3.0
2470,0.0
2471,0.0
2471,3.0
2471,0.0
2471,0.0
2471,3.0
2471,0.0
2472,0.0
2472,0.0
2472,3.0
2472,3.0
2472,0.0
2472,0.0
2473,0.0
2473,0.0
2473,3.0
2473,3.0
2473,0.0
2473,0.0
2474,0.0
2474,3.0
2474,0.0
2474,0.0
2474,3.0
2474,0.0
2475,0.0
2475,0.0
2475,3.0
2475,0.0
2475,3.0
2475,0.0
2476,0.0
2476,0.0
2476,3.0
2476,0.0
2476,3.0
2476,0.0
2477,0.0
2477,0.0
2477,3.0
2477,0.0
2477,3.0
2477,0.0
2478,0.0
2478,0.0
2478,3.0
2478,3.0
2478,0.0
2478,0.0
2479,0.0
2479,0.0
2479,3.0
2479,3.0
2479,0.0
2479,0.0
2480,0.0
2480,0.0
2480,3.0
2480,0.0
2480,0.0
2480,3.0
2480,3.0
2480,3.0
2481,0.0
2481,3.0
2481,0.0
2481,0.0
2481,3.0
2481,0.0
2481,3.0
2482,0.0
2482,3.0
2482,0.0
2482,0.0
2482,3.0
2482,0.0
2483,0.0
2483,3.0
2483,0.0
2483,0.0
2483,3.0
2483,0.0
2483,3.0
2484,0.0
2484,3.0
2484,0.0
2484,0.0
2484,0.0
2484,3.0
2485,0.0
2485,3.0
2485,0.0
2485,0.0
2485,3.0
2485,0.0
2486,0.0
2486,0.0
2486,3.0
2486,0.0
2486,3.0
2486,0.0
2486,3.0
2487,0.0
2487,0.0
2487,0.0
2487,3.0
2487,3.0
2487,0.0
2488,0.0
2488,0.0
2488,0.0
2488,3.0
2488,0.0
2488,3.0
2489,0.0
2489,0.0
2489,0.0
2489,3.0
2489,3.0
2489,0.0
2490,0.0
2490,0.0
2490,0.0
2490,0.0
2490,0.0
2490,3.0
2490,3.0
2491,0.0
2491,0.0
2491,0.0
2491,0.0
2491,0.0
2491,3.0
2491,3.0
2492,0.0
2492,0.0
2492,0.0
2492,3.0
2492,0.0
2492,3.0
2493,0.0
2493,0.0
2493,0.0
2493,0.0
2493,3.0
2493,3.0
2494,0.0
2494,0.0
2494,0.0
2494,0.0
2494,3.0
2494,3.0
2495,0.0
2495,0.0
2495,0.0
2495,0.0
2495,3.0
2495,3.0
2496,0.0
2496,0.0
2496,0.0
2496,3.0
2497,0.0
2497,0.0
2497,0.0
2497,3.0
2498,0.0
2498,0.0
2498,3.0
2498,3.0
2498,0.0
2498,0.0
2498,0.0
2499,0.0
2499,0.0
2499,0.0
2499,0.0
2499,3.0
2499,3.0
2499,0.0
2500,0.0
2500,0.0
2500,0.0
2500,0.0
2500,3.0
2500,3.0
2500,0.0
2501,0.0
2501,0.0
2501,0.0
2501,0.0
2501,3.0
2501,3.0
2501,0.0
2502,0.0
2502,0.0
2502,3.0
2502,3.0
2503,0.0
2503,0.0
2503,3.0
2504,0.0
2504,0.0
2504,3.0
2504,3.0
2505,0.0
2505,0.0
2505,0.0
2505,0.0
2506,0.0
2506,0.0
2506,0.0
2507,0.0
2507,0.0
2507,0.0
2507,0.0
2508,0.0
2508,0.0
2508,0.0
2508,0.0
2509,0.0
2509,0.0
2509,0.0
2510,0.0
2510,0.0
2510,0.0
2511,0.0
2511,0.0
2512,0.0
2513,0.0
2514,0.0
2515,0.0
2515,0.0
2515,3.0
2516,0.0
2516,0.0
2516,3.0
2516,0.0
2517,0.0
2517,0.0
2517,0.0
2518,0.0
2518,0.0
2518,0.0
2518,3.0
2519,0.0
2519,0.0
2519,0.0
2519,3.0
2520,0.0
2520,0.0
2520,0.0
2520,3.0
2521,0.0
2521,0.0
2521,3.0
2521,0.0
2521,0.0
2522,0.0
2522,0.0
2522,3.0
2522,0.0
2522,0.0
2523,0.0
2523,0.0
2523,0.0
2523,3.0
2524,0.0
2524,0.0
2524,0.0
2524,3.0
2524,0.0
2525,0.0
2525,0.0
2525,0.0
2525,3.0
2525,0.0
2526,0.0
2526,0.0
2526,0.0
2526,3.0
2526,0.0
2527,0.0
2527,3.0
2527,0.0
2527,0.0
2527,0.0
2528,0.0
2528,3.0
2528,0.0
2528,0.0
2528,0.0
2529,0.0
2529,3.0
2529,0.0
2529,0.0
2529,0.0
2529,0.0
2530,3.0
2530,0.0
2530,0.0
2530,0.0
2530,0.0
2530,0.0
2531,0.0
2531,3.0
2531,0.0
2531,0.0
2531,0.0
2531,0.0
2532,0.0
2532,3.0
2532,0.0
2532,0.0
2532,0.0
2532,0.0
2533,0.0
2533,0.0
2533,3.0
2533,0.0
2534,0.0
2534,0.0
2534,3.0
2534,0.0
2535,0.0
2535,0.0
2535,0.0
2535,0.0
2536,0.0
2536,0.0
2536,0.0
2536,0.0
2537,0.0
2537,0.0
2537,0.0
2537,0.0
2538,0.0
2538,0.0
2538,0.0
2538,0.0
2539,0.0
2539,0.0
2539,3.0
2539,0.0
2539,0.0
2539,3.0
2540,0.0
2540,3.0
2540,0.0
2540,0.0
2540,0.0
2540,3.0
2541,0.0
2541,0.0
2541,3.0
2541,3.0
2541,0.0
2541,0.0
2542,0.0
2542,0.0
2542,3.0
2542,3.0
2542,0.0
2542,0.0
2542,0.0
2543,0.0
2543,0.0
2543,3.0
2543,3.0
2543,0.0
2543,0.0
2543,0.0
2544,0.0
2544,0.0
2544,3.0
2544,3.0
2544,0.0
2544,0.0
2544,0.0
2545,0.0
2545,0.0
2545,0.0
2545,3.0
2545,0.0
2545,3.0
2546,0.0
2546,0.0
2546,0.0
2546,3.0
2546,0.0
2547,0.0
2547,0.0
2547,0.0
2547,0.0
2547,10.0
2547,3.0
2548,0.0
2548,0.0
2548,0.0
2548,3.0
2548,0.0
2548,0.0
2549,0.0
2549,0.0
2549,0.0
2549,3.0
2549,0.0
2549,0.0
2550,0.0
2550,0.0
2550,0.0
2550,3.0
2550,0.0
2550,0.0
2551,0.0
2551,0.0
2551,3.0
2552,0.0
2552,0.0
2552,3.0
2553,0.0
2553,0.0
2553,0.0
2554,0.0
2554,0.0
2554,0.0
2554,0.0
2555,0.0
2555,0.0
2555,0.0
2555,0.0
2556,0.0
2556,0.0
2556,0.0
2556,0.0
2557,0.0
2557,10.0
2557,0.0
2558,0.0
2558,10.0
2558,0.0
2559,0.0
2559,10.0
2559,0.0
2560,10.0
2560,0.0
2560,0.0
2560,0.0
2561,10.0
2561,0.0
2561,0.0
2561,0.0
2562,10.0
2562,0.0
2562,0.0
2562,0.0
2563,0.0
2563,10.0
2563,0.0
2563,0.0
2563,0.0
2564,0.0
2564,0.0
2564,10.0
2564,0.0
2564,0.0
2565,0.0
2565,0.0
2565,0.0
2565,0.0
2565,10.0
2566,0.0
2566,0.0
2566,0.0
2566,0.0
2566,10.0
2566,0.0
2567,0.0
2567,0.0
2567,0.0
2567,0.0
2567,10.0
2568,0.0
2568,10.0
2568,0.0
2568,0.0
2568,0.0
2569,10.0
2569,0.0
2569,0.0
2569,0.0
2569,0.0
2570,10.0
2570,0.0
2570,0.0
2570,0.0
2570,0.0
2571,0.0
2571,0.0
2571,10.0
2571,0.0
2571,0.0
2572,0.0
2572,10.0
2572,0.0
2572,0.0
2572,0.0
2573,0.0
2573,10.0
2573,0.0
2573,0.0
2573,0.0
2574,0.0
2574,10.0
2574,0.0
2574,0.0
2574,0.0
2575,0.0
2575,10.0
2575,0.0
2575,0.0
2575,0.0
2576,0.0
2576,10.0
2576,0.0
2576,0.0
2576,0.0
2577,0.0
2577,0.0
2577,0.0
2577,0.0
2577,0.0
2578,0.0
2578,0.0
2578,0.0
2578,0.0
2578,0.0
2578,0.0
2578,10.0
2579,0.0
2579,0.0
2579,0.0
2579,0.0
2579,0.0
2579,0.0
2579,10.0
2580,0.0
2580,0.0
2580,10.0
2580,0.0
2580,0.0
2581,0.0
2581,0.0
2581,10.0
2581,0.0
2581,0.0
2582,0.0
2582,0.0
2582,10.0
2582,0.0
2582,0.0
2583,0.0
2583,0.0
2583,0.0
2583,0.0
2583,0.0
2583,10.0
2584,0.0
2584,0.0
2584,0.0
2584,0.0
2584,0.0
2584,10.0
2585,0.0
2585,0.0
2585,0.0
2585,10.0
2585,0.0
2585,0.0
2586,0.0
2586,0.0
2586,0.0
2586,0.0
2586,0.0
2587,0.0
2587,0.0
2587,0.0
2587,0.0
2587,0.0
2588,0.0
2588,0.0
2588,0.0
2588,0.0
2588,0.0
2589,0.0
2589,0.0
2589,0.0
2589,0.0
2590,0.0
2590,0.0
2590,0.0
2590,0.0
2590,0.0
2590,0.0
2590,0.0
2591,0.0
2591,0.0
2591,0.0
2591,0.0
2591,0.0
2591,0.0
2591,0.0
2592,0.0
2592,0.0
2592,0.0
2592,0.0
2592,0.0
2592,0.0
2593,0.0
2593,0.0
2593,0.0
2593,0.0
2593,0.0
2593,0.0
2594,0.0
2594,0.0
2594,0.0
2594,0.0
2594,0.0
2594,0.0
2595,0.0
2595,0.0
2595,0.0
2595,0.0
2595,0.0
2595,0.0
2596,0.0
2596,0.0
2596,0.0
2596,0.0
2596,0.0
2596,0.0
2597,0.0
2597,0.0
2597,0.0
2597,0.0
2597,0.0
2597,0.0
2598,0.0
2598,0.0
2598,0.0
2598,0.0
2599,0.0
2599,0.0
2599,0.0
2599,0.0
2600,0.0
2600,0.0
2600,0.0
2600,0.0
2601,0.0
2601,0.0
2601,0.0
2601,0.0
2602,0.0
2602,0.0
2602,0.0
2602,0.0
2602,0.0
2603,0.0
2603,0.0
2603,0.0
2603,0.0
2603,0.0
2604,0.0
2604,0.0
2604,0.0
2604,0.0
2604,0.0
2605,0.0
2605,0.0
2605,0.0
2605,0.0
2605,0.0
2606,0.0
2606,0.0
2606,0.0
2606,0.0
2606,0.0
2607,0.0
2607,0.0
2607,0.0
2607,0.0
2607,0.0
2608,0.0
2608,0.0
2608,0.0
2608,0.0
2608,0.0
2608,1.0
2609,0.0
2609,0.0
2609,0.0
2609,0.0
2609,0.0
2609,1.0
2610,0.0
2610,0.0
2610,1.0
2610,0.0
2610,0.0
2610,0.0
2611,0.0
2611,0.0
2611,1.0
2611,0.0
2611,0.0
2611,0.0
2612,0.0
2612,0.0
2612,1.0
2612,0.0
2612,0.0
2612,0.0
2613,0.0
2613,1.0
2613,0.0
2613,0.0
2613,0.0
2613,0.0
2614,0.0
2614,0.0
2614,0.0
2614,1.0
2614,0.0
2615,0.0
2615,0.0
2615,1.0
2615,0.0
2615,0.0
2616,0.0
2616,0.0
2616,1.0
2616,0.0
2616,0.0
2617,0.0
2617,0.0
2617,1.0
2617,0.0
2617,0.0
2618,0.0
2618,0.0
2618,1.0
2618,0.0
2618,0.0
2618,1.0
2619,0.0
2619,0.0
2619,1.0
2619,0.0
2619,0.0
2619,0.0
2620,0.0
2620,0.0
2620,1.0
2620,0.0
2620,0.0
2620,0.0
2621,0.0
2621,1.0
2621,0.0
2621,0.0
2621,0.0
2621,0.0
2622,0.0
2622,0.0
2622,1.0
2622,0.0
2622,0.0
2622,0.0
2622,0.0
2623,0.0
2623,0.0
2623,1.0
2623,0.0
2623,0.0
2623,0.0
2623,0.0
2624,0.0
2624,0.0
2624,1.0
2624,0.0
2624,0.0
2624,0.0
2624,0.0
2625,0.0
2625,1.0
2625,0.0
2625,0.0
2625,0.0
2625,0.0
2626,0.0
2626,1.0
2626,0.0
2626,0.0
2626,0.0
2626,0.0
2627,0.0
2627,0.0
2627,1.0
2627,0.0
2627,0.0
2627,0.0
2628,0.0
2628,1.0
2628,0.0
2628,0.0
2628,0.0
2628,0.0
2628,0.0
2629,0.0
2629,1.0
2629,0.0
2629,0.0
2629,0.0
2629,0.0
2629,0.0
2630,0.0
2630,1.0
2630,0.0
2630,0.0
2630,0.0
2630,0.0
2630,0.0
2631,0.0
2631,1.0
2631,0.0
2631,0.0
2631,0.0
2631,0.0
2632,0.0
2632,0.0
2632,1.0
2632,0.0
2632,0.0
2632,0.0
2633,0.0
2633,0.0
2633,1.0
2633,0.0
2633,0.0
2633,0.0
2634,0.0
2634,1.0
2634,0.0
2634,0.0
2634,0.0
2634,0.0
2635,0.0
2635,1.0
2635,0.0
2635,0.0
2635,0.0
2635,0.0
2636,0.0
2636,1.0
2636,0.0
2636,0.0
2636,0.0
2636,0.0
2637,0.0
2637,0.0
2637,1.0
2637,0.0
2637,0.0
2637,0.0
2638,0.0
2638,0.0
2638,1.0
2638,0.0
2638,0.0
2638,0.0
2639,0.0
2639,0.0
2639,1.0
2639,0.0
2639,0.0
2639,0.0
2640,0.0
2640,0.0
2640,0.0
2640,0.0
2640,1.0
2640,0.0
2640,0.0
2641,0.0
2641,0.0
2641,0.0
2641,0.0
2641,1.0
2641,0.0
2641,0.0
2642,0.0
2642,0.0
2642,0.0
2642,0.0
2642,1.0
2642,0.0
2642,0.0
2643,0.0
2643,0.0
2643,0.0
2643,0.0
2643,1.0
2643,0.0
2644,0.0
2644,1.0
2644,0.0
2644,0.0
2644,0.0
2644,0.0
2644,0.0
2645,0.0
2645,1.0
2645,0.0
2645,0.0
2645,0.0
2645,0.0
2645,0.0
2646,0.0
2646,0.0
2646,1.0
2646,0.0
2646,0.0
2646,0.0
2646,0.0
2647,0.0
2647,0.0
2647,1.0
2647,0.0
2647,0.0
2647,0.0
2647,0.0
2648,0.0
2648,0.0
2648,1.0
2648,0.0
2648,0.0
2648,0.0
2648,0.0
2649,0.0
2649,1.0
2649,0.0
2649,0.0
2649,0.0
2650,0.0
2650,1.0
2650,0.0
2650,0.0
2650,0.0
2651,0.0
2651,1.0
2651,0.0
2651,0.0
2651,0.0
2652,1.0
2652,0.0
2652,0.0
2652,0.0
2652,0.0
2652,0.0
2653,1.0
2653,0.0
2653,0.0
2653,0.0
2653,0.0
2653,0.0
2654,1.0
2654,0.0
2654,0.0
2654,0.0
2654,0.0
2654,0.0
2655,1.0
2655,0.0
2655,0.0
2655,0.0
2655,0.0
2656,0.0
2656,1.0
2656,0.0
2656,0.0
2656,0.0
2656,0.0
2656,1.0
2657,0.0
2657,1.0
2657,0.0
2657,0.0
2657,0.0
2657,0.0
2657,1.0
2658,0.0
2658,0.0
2658,1.0
2658,0.0
2658,0.0
2658,0.0
2659,0.0
2659,0.0
2659,1.0
2659,0.0
2659,0.0
2659,0.0
2660,0.0
2660,0.0
2660,1.0
2660,0.0
2660,0.0
2660,0.0
2661,0.0
2661,1.0
2661,0.0
2661,0.0
2662,1.0
2662,0.0
2662,0.0
2662,0.0
2662,0.0
2663,1.0
2663,0.0
2663,0.0
2663,0.0
2663,0.0
2664,0.0
2664,0.0
2664,1.0
2664,0.0
2664,0.0
2664,0.0
2664,3.0
2665,0.0
2665,0.0
2665,1.0
2665,0.0
2665,0.0
2665,0.0
2665,3.0
2666,0.0
2666,0.0
2666,1.0
2666,0.0
2666,0.0
2666,0.0
2666,3.0
2667,0.0
2667,0.0
2667,3.0
2668,0.0
2668,0.0
2668,3.0
2668,0.0
2669,0.0
2669,0.0
2669,3.0
2669,0.0
2670,0.0
2670,0.0
2670,3.0
2670,0.0
2670,0.0
2671,0.0
2671,0.0
2671,3.0
2671,0.0
2671,0.0
2672,0.0
2672,0.0
2672,3.0
2672,0.0
2672,0.0
2673,0.0
2673,0.0
2673,0.0
2673,3.0
2673,3.0
2674,0.0
2674,3.0
2674,0.0
2674,0.0
2674,3.0
2674,0.0
2675,0.0
2675,3.0
2675,0.0
2675,0.0
2675,3.0
2675,0.0
2676,0.0
2676,3.0
2676,0.0
2676,0.0
2677,0.0
2677,3.0
2677,0.0
2677,0.0
2678,0.0
2678,3.0
2678,0.0
2678,0.0
2679,0.0
2679,3.0
2679,0.0
2679,0.0
2679,0.0
2680,0.0
2680,3.0
2680,0.0
2680,0.0
2681,0.0
2681,3.0
2681,0.0
2681,0.0
2682,0.0
2682,0.0
2682,3.0
2682,0.0
2683,0.0
2683,0.0
2683,3.0
2683,0.0
2684,0.0
2684,0.0
2684,3.0
2684,0.0
2685,0.0
2685,3.0
2685,0.0
2685,0.0
2686,0.0
2686,0.0
2686,3.0
2686,0.0
2687,0.0
2687,0.0
2687,3.0
2687,0.0
2688,0.0
2688,3.0
2688,0.0
2689,0.0
2689,3.0
2689,0.0
2690,0.0
2690,3.0
2690,0.0
2691,0.0
2691,3.0
2692,0.0
2692,3.0
2692,0.0
2693,0.0
2693,3.0
2693,0.0
2694,0.0
2694,3.0
2695,0.0
2695,3.0
2696,0.0
2696,3.0
2697,0.0
2698,0.0
2699,0.0
2700,0.0
2701,0.0
2702,0.0
2703,0.0
2703,2.0
2704,0.0
2704,2.0
2705,0.0
2705,2.0
2706,0.0
2706,2.0
2707,0.0
2707,2.0
2708,0.0
2708,2.0
2709,0.0
2709,2.0
2710,0.0
2710,2.0
2711,0.0
2711,2.0
2712,0.0
2712,2.0
2713,0.0
2713,2.0
2714,0.0
2714,2.0
2715,0.0
2716,0.0
2716,2.0
2717,0.0
2717,2.0
2718,0.0
2718,2.0
2719,0.0
2719,2.0
2720,0.0
2720,2.0
2721,0.0
2721,2.0
2722,0.0
2722,2.0
2723,0.0
2723,2.0
2724,0.0
2724,2.0
2724,0.0
2725,0.0
2725,2.0
2725,0.0
2726,0.0
2726,2.0
2726,0.0
2727,0.0
2727,2.0
2728,0.0
2728,2.0
2729,0.0
2729,2.0
2730,0.0
2730,2.0
2731,0.0
2731,2.0
2732,0.0
2732,2.0
2733,0.0
2733,2.0
2734,0.0
2734,0.0
2734,2.0
2735,0.0
2735,0.0
2735,2.0
2736,0.0
2736,0.0
2736,2.0
2737,0.0
2737,0.0
2737,2.0
2738,0.0
2738,0.0
2738,2.0
2739,0.0
2739,0.0
2739,2.0
2740,0.0
2740,0.0
2740,2.0
2741,0.0
2741,0.0
2741,2.0
2742,0.0
2742,0.0
2742,2.0
2743,0.0
2743,0.0
2743,2.0
2744,0.0
2744,0.0
2744,2.0
2745,0.0
2745,2.0
2745,0.0
2746,0.0
2746,0.0
2746,2.0
2747,0.0
2747,0.0
2747,2.0
2748,0.0
2748,2.0
2748,0.0
2749,0.0
2749,2.0
2749,0.0
2750,0.0
2750,2.0
2750,0.0
2751,0.0
2751,2.0
2751,0.0
2752,0.0
2752,2.0
2753,0.0
2753,2.0
2754,0.0
2754,2.0
2755,0.0
2755,2.0
2756,0.0
2756,2.0
2757,0.0
2757,2.0
2758,0.0
2758,2.0
2759,0.0
2759,2.0
2760,2.0
2761,2.0
2762,2.0
2762,0.0
2763,0.0
2763,2.0
2763,0.0
2764,0.0
2764,2.0
2764,0.0
2765,2.0
2765,0.0
2765,0.0
2766,2.0
2766,0.0
2767,2.0
2767,0.0
2768,2.0
2768,0.0
2769,0.0
2769,2.0
2769,0.0
2770,0.0
2770,2.0
2771,0.0
2771,2.0
2771,0.0
2772,0.0
2772,2.0
2772,0.0
2772,0.0
2773,0.0
2773,2.0
2773,0.0
2774,0.0
2774,2.0
2774,0.0
2775,0.0
2775,0.0
2775,0.0
2776,0.0
2776,0.0
2776,2.0
2777,0.0
2777,0.0
2777,2.0
2778,0.0
2778,0.0
2779,0.0
2780,0.0
2780,0.0
2781,0.0
2781,2.0
2782,0.0
2782,2.0
2783,0.0
2783,2.0
2783,0.0
2784,2.0
2784,0.0
2784,0.0
2784,0.0
2785,2.0
2785,0.0
2785,0.0
2785,0.0
2786,2.0
2786,0.0
2786,0.0
2786,0.0
2787,0.0
2787,0.0
2787,2.0
2788,2.0
2788,0.0
2788,0.0
2789,2.0
2789,0.0
2789,0.0
2790,2.0
2791,2.0
2792,2.0
2793,2.0
2793,0.0
2793,0.0
2794,2.0
2794,3.0
2794,0.0
2795,2.0
2795,3.0
2795,0.0
2796,3.0
2796,2.0
2796,0.0
2796,0.0
2797,3.0
2797,2.0
2797,0.0
2798,3.0
2798,2.0
2798,0.0
2799,0.0
2799,2.0
2799,3.0
2800,2.0
2800,3.0
2800,0.0
2801,2.0
2801,3.0
2801,0.0
2802,2.0
2802,3.0
2802,0.0
2802,0.0
2803,3.0
2803,2.0
2803,0.0
2803,0.0
2804,3.0
2804,2.0
2804,0.0
2805,3.0
2805,2.0
2805,0.0
2805,0.0
2806,3.0
2806,2.0
2806,0.0
2806,0.0
2806,0.0
2807,3.0
2807,2.0
2807,0.0
2807,0.0
2807,0.0
2808,2.0
2808,3.0
2808,0.0
2808,0.0
2808,0.0
2809,2.0
2809,3.0
2809,0.0
2809,0.0
2809,0.0
2810,2.0
2810,3.0
2810,0.0
2810,0.0
2810,0.0
2811,3.0
2811,2.0
2811,0.0
2811,0.0
2811,0.0
2812,0.0
2812,2.0
2812,3.0
2812,0.0
2812,0.0
2813,2.0
2813,0.0
2813,0.0
2813,0.0
2813,3.0
2814,0.0
2814,0.0
2814,2.0
2814,3.0
2814,0.0
2815,0.0
2815,0.0
2815,2.0
2815,3.0
2815,0.0
2816,0.0
2816,0.0
2816,2.0
2816,3.0
2816,0.0
2817,0.0
2817,2.0
2817,3.0
2817,0.0
2817,0.0
2818,3.0
2818,0.0
2818,2.0
2818,0.0
2818,0.0
2819,3.0
2819,0.0
2819,2.0
2819,0.0
2819,0.0
2820,0.0
2820,3.0
2820,2.0
2820,0.0
2820,0.0
2821,0.0
2821,3.0
2821,2.0
2821,0.0
2821,0.0
2822,0.0
2822,3.0
2822,2.0
2822,0.0
2822,0.0
2823,0.0
2823,3.0
2823,0.0
2823,2.0
2823,0.0
2824,0.0
2824,3.0
2824,2.0
2824,0.0
2824,0.0
2825,0.0
2825,3.0
2825,0.0
2825,2.0
2825,0.0
2826,0.0
2826,3.0
2826,2.0
2826,0.0
2826,0.0
2827,0.0
2827,3.0
2827,2.0
2827,0.0
2827,0.0
2828,0.0
2828,3.0
2828,2.0
2828,0.0
2829,0.0
2829,2.0
2829,0.0
2829,3.0
2829,0.0
2830,0.0
2830,2.0
2830,3.0
2830,0.0
2830,0.0
2831,0.0
2831,2.0
2831,3.0
2831,0.0
2831,0.0
2832,0.0
2832,2.0
2832,0.0
2832,3.0
2832,0.0
2833,0.0
2833,2.0
2833,0.0
2833,3.0
2833,0.0
2834,0.0
2834,2.0
2834,0.0
2834,3.0
2834,0.0
2835,0.0
2835,2.0
2835,0.0
2835,0.0
2835,3.0
2836,0.0
2836,2.0
2836,0.0
2836,0.0
2837,0.0
2837,2.0
2837,0.0
2837,0.0
2838,0.0
2838,0.0
2838,2.0
2838,0.0
2838,3.0
2839,0.0
2839,0.0
2839,2.0
2839,0.0
2839,3.0
2840,0.0
2840,0.0
2840,2.0
2840,0.0
2840,3.0
2841,0.0
2841,2.0
2841,3.0
2841,0.0
2841,0.0
2842,0.0
2842,0.0
2842,2.0
2842,3.0
2842,0.0
2843,0.0
2843,0.0
2843,2.0
2843,3.0
2843,0.0
2844,0.0
2844,2.0
2844,0.0
2844,0.0
2844,3.0
2845,0.0
2845,2.0
2845,0.0
2845,0.0
2845,3.0
2846,0.0
2846,2.0
2846,0.0
2846,0.0
2846,3.0
2847,0.0
2847,0.0
2847,0.0
2847,2.0
2848,0.0
2848,0.0
2848,0.0
2848,2.0
2848,3.0
2849,0.0
2849,0.0
2849,0.0
2849,2.0
2849,3.0
2850,0.0
2850,2.0
2850,0.0
2851,0.0
2851,2.0
2851,0.0
2852,0.0
2852,2.0
2852,0.0
2853,2.0
2853,0.0
2853,0.0
2853,3.0
2853,0.0
2854,2.0
2854,0.0
2854,0.0
2854,0.0
2855,2.0
2855,0.0
2855,0.0
2855,0.0
2856,0.0
2856,2.0
2856,0.0
2856,3.0
2856,0.0
2857,0.0
2857,2.0
2857,0.0
2857,3.0
2857,0.0
2858,0.0
2858,2.0
2858,0.0
2858,3.0
2858,0.0
2859,0.0
2859,0.0
2859,2.0
2859,3.0
2859,0.0
2859,0.0
2859,3.0
2860,0.0
2860,0.0
2860,2.0
2860,3.0
2860,0.0
2860,0.0
2861,0.0
2861,2.0
2861,0.0
2861,3.0
2861,0.0
2861,0.0
2862,0.0
2862,2.0
2862,0.0
2862,0.0
2862,3.0
2863,0.0
2863,2.0
2863,0.0
2863,0.0
2863,3.0
2864,0.0
2864,2.0
2864,0.0
2864,0.0
2864,0.0
2864,3.0
2865,0.0
2865,2.0
2865,0.0
2865,0.0
2865,0.0
2866,2.0
2866,0.0
2866,0.0
2866,0.0
2867,2.0
2867,0.0
2867,0.0
2867,0.0
2868,0.0
2868,2.0
2868,0.0
2868,0.0
2868,0.0
2869,0.0
2869,2.0
2869,0.0
2869,0.0
2869,0.0
2870,0.0
2870,2.0
2870,0.0
2870,0.0
2870,0.0
2871,2.0
2871,0.0
2871,0.0
2871,0.0
2872,2.0
2872,0.0
2872,0.0
2872,0.0
2873,2.0
2873,0.0
2873,0.0
2873,0.0
2874,0.0
2874,2.0
2874,0.0
2874,0.0
2875,0.0
2875,2.0
2875,0.0
2875,0.0
2876,0.0
2876,2.0
2876,0.0
2876,0.0
2877,0.0
2877,2.0
2877,0.0
2877,3.0
2877,0.0
2878,0.0
2878,2.0
2878,0.0
2879,0.0
2879,2.0
2879,0.0
2880,2.0
2880,0.0
2880,0.0
2880,0.0
2881,2.0
2881,0.0
2881,0.0
2881,0.0
2882,2.0
2882,0.0
2882,0.0
2882,0.0
2883,0.0
2883,2.0
2883,0.0
2884,2.0
2884,0.0
2884,0.0
2885,2.0
2885,0.0
2885,0.0
2886,2.0
2886,0.0
2886,0.0
2887,2.0
2887,0.0
2887,0.0
2888,2.0
2888,0.0
2888,0.0
2889,2.0
2889,0.0
2889,0.0
2889,0.0
2890,2.0
2890,0.0
2890,0.0
2890,0.0
2891,2.0
2891,0.0
2891,0.0
2891,0.0
2892,2.0
2892,0.0
2892,0.0
2892,0.0
2893,2.0
2893,0.0
2893,0.0
2893,0.0
2894,2.0
2894,0.0
2894,0.0
2894,0.0
2895,2.0
2895,0.0
2895,0.0
2895,0.0
2896,0.0
2896,2.0
2896,0.0
2896,0.0
2897,0.0
2897,2.0
2897,0.0
2897,0.0
2898,2.0
2898,0.0
2898,0.0
2898,0.0
2899,2.0
2899,0.0
2899,0.0
2899,0.0
2900,2.0
2900,0.0
2900,0.0
2900,0.0
2901,2.0
2901,0.0
2901,0.0
2902,2.0
2902,0.0
2902,0.0
2903,2.0
2903,0.0
2903,0.0
2904,2.0
2904,0.0
2904,0.0
2905,2.0
2905,0.0
2905,0.0
2906,2.0
2906,0.0
2906,0.0
2907,0.0
2907,2.0
2907,0.0
2907,0.0
2907,3.0
2908,0.0
2908,2.0
2908,0.0
2908,0.0
2908,3.0
2909,0.0
2909,2.0
2909,0.0
2909,0.0
2909,3.0
2910,2.0
2910,0.0
2910,3.0
2910,0.0
2910,0.0
2911,2.0
2911,0.0
2911,0.0
2911,3.0
2911,0.0
2912,2.0
2912,0.0
2912,0.0
2912,3.0
2912,0.0
2913,0.0
2913,2.0
2913,0.0
2913,0.0
2913,3.0
2914,0.0
2914,2.0
2914,1.0
2914,0.0
2914,0.0
2915,0.0
2915,2.0
2915,1.0
2915,0.0
2915,0.0
2916,0.0
2916,2.0
2916,1.0
2916,0.0
2916,0.0
2917,0.0
2917,2.0
2917,1.0
2917,0.0
2917,0.0
2918,0.0
2918,2.0
2918,1.0
2918,0.0
2918,0.0
2919,3.0
2919,0.0
2919,2.0
2919,0.0
2919,0.0
2920,0.0
2920,3.0
2920,2.0
2920,0.0
2920,0.0
2921,0.0
2921,3.0
2921,2.0
2921,0.0
2921,0.0
2922,0.0
2922,2.0
2922,3.0
2922,0.0
2922,0.0
2923,0.0
2923,2.0
2923,3.0
2923,0.0
2923,0.0
2924,0.0
2924,2.0
2924,3.0
2924,0.0
2924,0.0
2925,0.0
2925,3.0
2925,2.0
2925,0.0
2926,0.0
2926,2.0
2926,3.0
2926,0.0
2927,0.0
2927,2.0
2927,3.0
2927,0.0
2928,0.0
2928,2.0
2928,0.0
2928,3.0
2929,0.0
2929,2.0
2929,0.0
2929,3.0
2930,0.0
2930,2.0
2930,0.0
2930,3.0
2931,0.0
2931,2.0
2931,0.0
2931,3.0
2932,0.0
2932,2.0
2932,0.0
2932,3.0
2932,3.0
2933,0.0
2933,2.0
2933,0.0
2933,3.0
2933,3.0
2934,0.0
2934,2.0
2934,3.0
2934,0.0
2935,0.0
2935,2.0
2935,3.0
2935,0.0
2936,0.0
2936,2.0
2936,3.0
2936,0.0
2937,0.0
2937,2.0
2937,3.0
2937,0.0
2938,0.0
2938,2.0
2938,0.0
2938,3.0
2938,0.0
2939,0.0
2939,2.0
2939,3.0
2939,0.0
2939,0.0
2939,3.0
2940,0.0
2940,2.0
2940,3.0
2940,3.0
2940,0.0
2940,0.0
2941,0.0
2941,2.0
2941,3.0
2941,3.0
2941,0.0
2941,0.0
2942,0.0
2942,2.0
2942,3.0
2942,3.0
2942,0.0
2942,0.0
2943,0.0
2943,2.0
2943,0.0
2943,3.0
2943,0.0
2944,0.0
2944,2.0
2944,3.0
2944,0.0
2944,0.0
2945,0.0
2945,2.0
2945,3.0
2945,0.0
2945,0.0
2946,0.0
2946,0.0
2946,2.0
2946,3.0
2947,0.0
2947,0.0
2947,2.0
2947,3.0
2947,0.0
2948,0.0
2948,0.0
2948,2.0
2948,3.0
2948,0.0
2949,0.0
2949,0.0
2949,2.0
2949,0.0
2949,3.0
2950,0.0
2950,0.0
2950,2.0
2950,3.0
2950,0.0
2951,0.0
2951,0.0
2951,2.0
2951,3.0
2951,0.0
2952,0.0
2952,0.0
2952,3.0
2952,2.0
2952,0.0
2953,0.0
2953,0.0
2953,3.0
2953,2.0
2953,0.0
2954,0.0
2954,0.0
2954,3.0
2954,2.0
2954,0.0
2955,0.0
2955,0.0
2955,2.0
2955,3.0
2956,0.0
2956,0.0
2956,2.0
2957,0.0
2957,0.0
2957,2.0
2958,0.0
2958,0.0
2958,2.0
2959,0.0
2959,0.0
2959,2.0
2960,0.0
2960,0.0
2960,2.0
2961,0.0
2961,0.0
2961,2.0
2961,3.0
2962,0.0
2962,2.0
2962,0.0
2962,0.0
2963,0.0
2963,2.0
2963,0.0
2964,0.0
2964,2.0
2964,0.0
2964,0.0
2965,0.0
2965,2.0
2965,0.0
2965,0.0
2965,0.0
2966,0.0
2966,2.0
2966,0.0
2966,0.0
2966,0.0
2967,0.0
2967,2.0
2968,0.0
2968,2.0
2969,0.0
2969,2.0
2969,3.0
2970,0.0
2970,2.0
2970,0.0
2971,0.0
2971,2.0
2971,0.0
2972,0.0
2972,2.0
2972,0.0
2973,2.0
2973,0.0
2973,0.0
2974,0.0
2974,2.0
2974,0.0
2975,0.0
2975,2.0
2975,0.0
2976,2.0
2976,0.0
2976,3.0
2977,2.0
2977,0.0
2977,3.0
2978,2.0
2978,0.0
2978,3.0
2979,2.0
2979,0.0
2979,0.0
2980,0.0
2980,0.0
2980,2.0
2981,0.0
2981,0.0
2981,2.0
2982,0.0
2982,0.0
2982,2.0
2983,0.0
2983,0.0
2983,2.0
2984,0.0
2984,0.0
2984,2.0
2985,0.0
2985,0.0
2985,2.0
2986,0.0
2986,2.0
2986,0.0
2987,0.0
2987,2.0
2987,0.0
2988,0.0
2988,2.0
2988,0.0
2989,0.0
2989,2.0
2989,0.0
2990,0.0
2990,2.0
2990,0.0
2991,0.0
2991,0.0
2991,2.0
2992,0.0
2992,2.0
2992,0.0
2993,0.0
2993,2.0
2993,0.0
2994,0.0
2994,2.0
2994,0.0
2995,0.0
2995,2.0
2995,0.0
2996,0.0
2996,2.0
2996,0.0
2997,0.0
2997,2.0
2998,0.0
2998,2.0
2999,0.0
2999,2.0
3000,0.0
3000,2.0
3001,0.0
3001,2.0
3002,0.0
3002,2.0
3003,0.0
3003,2.0
3003,0.0
3004,0.0
3004,2.0
3004,0.0
3005,0.0
3005,2.0
3005,0.0
3006,0.0
3006,2.0
3006,0.0
3007,0.0
3007,2.0
3007,0.0
3008,0.0
3008,2.0
3008,0.0
3009,0.0
3009,3.0
3009,2.0
3009,0.0
3009,0.0
3010,3.0
3010,0.0
3010,0.0
3010,2.0
3010,0.0
3011,3.0
3011,0.0
3011,0.0
3011,2.0
3011,0.0
3012,0.0
3012,3.0
3012,0.0
3012,0.0
3012,2.0
3013,0.0
3013,0.0
3013,3.0
3013,0.0
3013,2.0
3014,0.0
3014,0.0
3014,3.0
3014,0.0
3014,2.0
3015,0.0
3015,2.0
3015,0.0
3015,3.0
3015,0.0
3016,3.0
3016,0.0
3016,2.0
3016,0.0
3016,0.0
3017,3.0
3017,0.0
3017,2.0
3017,0.0
3017,0.0
3018,0.0
3018,3.0
3018,2.0
3018,0.0
3018,0.0
3019,0.0
3019,3.0
3019,2.0
3019,0.0
3019,0.0
3020,0.0
3020,3.0
3020,2.0
3020,0.0
3020,0.0
3021,3.0
3021,0.0
3021,3.0
3021,2.0
3021,0.0
3022,0.0
3022,3.0
3022,3.0
3022,2.0
3022,0.0
3023,0.0
3023,3.0
3023,3.0
3023,2.0
3023,0.0
3024,0.0
3024,3.0
3024,3.0
3024,2.0
3024,0.0
3024,0.0
3025,0.0
3025,3.0
3025,3.0
3025,2.0
3025,0.0
3025,0.0
3026,0.0
3026,3.0
3026,3.0
3026,2.0
3026,0.0
3026,0.0
3027,3.0
3027,0.0
3027,0.0
3027,3.0
3027,0.0
3027,2.0
3027,0.0
3028,3.0
3028,3.0
3028,0.0
3028,0.0
3028,0.0
3028,2.0
3028,0.0
3029,3.0
3029,3.0
3029,0.0
3029,0.0
3029,0.0
3029,2.0
3029,0.0
3030,3.0
3030,0.0
3030,3.0
3030,0.0
3030,0.0
3030,2.0
3030,0.0
3031,3.0
3031,0.0
3031,3.0
3031,0.0
3031,0.0
3031,2.0
3031,0.0
3032,3.0
3032,0.0
3032,3.0
3032,0.0
3032,0.0
3032,2.0
3032,0.0
3033,0.0
3033,3.0
3033,0.0
3033,3.0
3033,0.0
3034,0.0
3034,3.0
3034,3.0
3034,0.0
3034,0.0
3035,0.0
3035,3.0
3035,3.0
3035,0.0
3035,0.0
3036,0.0
3036,3.0
3036,3.0
3036,0.0
3036,0.0
3036,0.0
3036,2.0
3037,0.0
3037,3.0
3037,3.0
3037,0.0
3037,0.0
3037,0.0
3037,2.0
3038,0.0
3038,3.0
3038,3.0
3038,0.0
3038,0.0
3038,0.0
3038,2.0
3039,3.0
3039,0.0
3039,0.0
3039,3.0
3039,2.0
3039,0.0
3040,0.0
3040,0.0
3040,3.0
3040,3.0
3040,2.0
3040,0.0
3041,0.0
3041,0.0
3041,3.0
3041,3.0
3041,2.0
3041,0.0
3042,0.0
3042,3.0
3042,3.0
3042,0.0
3042,2.0
3042,0.0
3043,0.0
3043,3.0
3043,3.0
3043,0.0
3043,2.0
3043,0.0
3044,0.0
3044,3.0
3044,3.0
3044,0.0
3044,2.0
3044,0.0
3045,0.0
3045,2.0
3045,0.0
3045,3.0
3045,0.0
3045,3.0
3046,0.0
3046,3.0
3046,0.0
3046,2.0
3046,3.0
3046,0.0
3047,0.0
3047,3.0
3047,0.0
3047,2.0
3047,3.0
3047,0.0
3048,0.0
3048,0.0
3048,3.0
3048,2.0
3048,3.0
3049,0.0
3049,0.0
3049,3.0
3049,2.0
3049,3.0
3050,0.0
3050,0.0
3050,3.0
3050,2.0
3050,3.0
3051,0.0
3051,0.0
3051,3.0
3051,2.0
3051,3.0
3051,0.0
3052,0.0
3052,0.0
3052,3.0
3052,2.0
3052,3.0
3052,0.0
3053,0.0
3053,0.0
3053,3.0
3053,2.0
3053,3.0
3053,0.0
3054,0.0
3054,0.0
3054,3.0
3054,2.0
3054,3.0
3054,0.0
3055,0.0
3055,0.0
3055,3.0
3055,2.0
3055,3.0
3055,0.0
3056,0.0
3056,0.0
3056,3.0
3056,2.0
3056,3.0
3056,0.0
3057,0.0
3057,0.0
3057,2.0
3057,0.0
3057,3.0
3057,0.0
3057,3.0
3058,0.0
3058,0.0
3058,2.0
3058,0.0
3058,0.0
3058,3.0
3058,3.0
3058,3.0
3059,0.0
3059,0.0
3059,2.0
3059,0.0
3059,0.0
3059,3.0
3059,3.0
3059,3.0
3060,0.0
3060,3.0
3060,0.0
3060,2.0
3060,0.0
3060,0.0
3060,3.0
3060,3.0
3060,0.0
3061,0.0
3061,3.0
3061,0.0
3061,2.0
3061,0.0
3061,0.0
3061,3.0
3061,3.0
3062,0.0
3062,3.0
3062,0.0
3062,2.0
3062,0.0
3062,0.0
3062,3.0
3062,3.0
3063,0.0
3063,0.0
3063,3.0
3063,2.0
3063,0.0
3063,0.0
3063,3.0
3063,3.0
3064,0.0
3064,0.0
3064,3.0
3064,0.0
3064,2.0
3064,0.0
3064,3.0
3064,0.0
3065,0.0
3065,0.0
3065,3.0
3065,0.0
3065,2.0
3065,0.0
3065,3.0
3065,0.0
3066,0.0
3066,0.0
3066,0.0
3066,2.0
3066,3.0
3066,0.0
3066,3.0
3067,0.0
3067,0.0
3067,2.0
3067,0.0
3067,3.0
3067,0.0
3067,3.0
3068,0.0
3068,0.0
3068,0.0
3068,2.0
3068,3.0
3068,0.0
3068,3.0
3069,0.0
3069,3.0
3069,0.0
3069,0.0
3069,2.0
3069,0.0
3069,3.0
3069,3.0
3070,0.0
3070,0.0
3070,2.0
3070,0.0
3070,0.0
3070,3.0
3070,3.0
3070,3.0
3071,0.0
3071,0.0
3071,2.0
3071,0.0
3071,0.0
3071,3.0
3071,3.0
3071,3.0
3072,0.0
3072,0.0
3072,0.0
3072,0.0
3072,2.0
3072,3.0
3072,3.0
3072,3.0
3073,0.0
3073,0.0
3073,0.0
3073,0.0
3073,2.0
3073,3.0
3073,3.0
3073,3.0
3074,0.0
3074,0.0
3074,0.0
3074,0.0
3074,2.0
3074,3.0
3074,3.0
3074,3.0
3075,2.0
3075,0.0
3075,3.0
3075,0.0
3075,3.0
3075,0.0
3076,0.0
3076,2.0
3076,0.0
3076,1.0
3076,0.0
3076,0.0
3076,0.0
3077,0.0
3077,2.0
3077,0.0
3077,1.0
3077,0.0
3077,0.0
3077,0.0
3078,3.0
3078,0.0
3078,0.0
3078,2.0
3078,3.0
3078,0.0
3078,0.0
3078,0.0
3079,3.0
3079,0.0
3079,0.0
3079,2.0
3079,3.0
3079,0.0
3079,0.0
3079,0.0
3080,3.0
3080,0.0
3080,0.0
3080,2.0
3080,3.0
3080,0.0
3080,0.0
3080,0.0
3081,2.0
3081,0.0
3081,3.0
3081,0.0
3081,0.0
3081,3.0
3081,3.0
3081,0.0
3081,0.0
3082,3.0
3082,2.0
3082,0.0
3082,0.0
3082,0.0
3082,3.0
3082,0.0
3082,3.0
3083,3.0
3083,2.0
3083,0.0
3083,0.0
3083,0.0
3083,3.0
3083,0.0
3084,0.0
3084,3.0
3084,0.0
3084,2.0
3084,0.0
3084,0.0
3084,3.0
3085,0.0
3085,3.0
3085,0.0
3085,2.0
3085,0.0
3085,0.0
3085,3.0
3086,0.0
3086,3.0
3086,2.0
3086,0.0
3086,0.0
3086,0.0
3086,3.0
3086,0.0
3087,0.0
3087,0.0
3087,3.0
3087,0.0
3087,0.0
3087,2.0
3087,3.0
3087,3.0
3088,0.0
3088,0.0
3088,3.0
3088,0.0
3088,2.0
3088,3.0
3088,0.0
3088,3.0
3089,0.0
3089,0.0
3089,3.0
3089,0.0
3089,2.0
3089,0.0
3089,3.0
3089,3.0
3090,0.0
3090,0.0
3090,0.0
3090,3.0
3090,0.0
3090,2.0
3090,3.0
3091,0.0
3091,0.0
3091,0.0
3091,3.0
3091,0.0
3091,2.0
3091,3.0
3092,0.0
3092,0.0
3092,0.0
3092,3.0
3092,2.0
3092,0.0
3092,3.0
3093,0.0
3093,0.0
3093,0.0
3093,3.0
3093,3.0
3093,2.0
3093,0.0
3094,0.0
3094,0.0
3094,0.0
3094,3.0
3094,3.0
3094,0.0
3094,2.0
3094,3.0
3095,0.0
3095,0.0
3095,0.0
3095,3.0
3095,3.0
3095,0.0
3095,2.0
3095,3.0
3096,0.0
3096,0.0
3096,0.0
3096,3.0
3096,0.0
3096,2.0
3096,3.0
3097,0.0
3097,0.0
3097,0.0
3097,3.0
3097,0.0
3097,2.0
3097,3.0
3098,0.0
3098,0.0
3098,0.0
3098,3.0
3098,0.0
3098,2.0
3098,3.0
3099,0.0
3099,0.0
3099,0.0
3099,2.0
3099,0.0
3099,3.0
3100,0.0
3100,0.0
3100,0.0
3100,0.0
3100,2.0
3100,3.0
3100,3.0
3100,3.0
3101,0.0
3101,0.0
3101,0.0
3101,0.0
3101,2.0
3101,3.0
3101,3.0
3101,3.0
3101,0.0
3102,0.0
3102,0.0
3102,0.0
3102,2.0
3102,0.0
3102,3.0
3103,0.0
3103,0.0
3103,0.0
3103,2.0
3103,0.0
3103,3.0
3104,0.0
3104,0.0
3104,0.0
3104,2.0
3104,0.0
3104,3.0
3105,0.0
3105,0.0
3105,0.0
3105,2.0
3105,3.0
3105,0.0
3106,0.0
3106,0.0
3106,0.0
3106,0.0
3106,2.0
3107,0.0
3107,0.0
3107,0.0
3107,0.0
3107,2.0
3108,0.0
3108,0.0
3108,0.0
3108,2.0
3108,0.0
3109,0.0
3109,0.0
3109,0.0
3109,2.0
3109,0.0
3110,0.0
3110,0.0
3110,0.0
3110,2.0
3110,0.0
3111,0.0
3111,0.0
3111,0.0
3111,0.0
3111,2.0
3111,0.0
3112,0.0
3112,0.0
3112,0.0
3112,0.0
3112,2.0
3112,0.0
3113,0.0
3113,0.0
3113,0.0
3113,2.0
3113,0.0
3113,0.0
3114,0.0
3114,0.0
3114,2.0
3114,0.0
3114,0.0
3114,0.0
3114,0.0
3115,0.0
3115,0.0
3115,2.0
3115,0.0
3115,0.0
3115,0.0
3115,0.0
3116,0.0
3116,0.0
3116,2.0
3116,0.0
3116,0.0
3116,0.0
3116,0.0
3117,0.0
3117,2.0
3117,3.0
3117,0.0
3117,0.0
3117,0.0
3117,0.0
3117,0.0
3118,0.0
3118,2.0
3118,3.0
3118,0.0
3118,0.0
3118,0.0
3118,0.0
3119,0.0
3119,2.0
3119,3.0
3119,0.0
3119,0.0
3119,0.0
3119,0.0
3119,0.0
3120,3.0
3120,0.0
3120,2.0
3120,0.0
3120,3.0
3120,0.0
3120,0.0
3120,0.0
3120,0.0
3121,3.0
3121,0.0
3121,2.0
3121,0.0
3121,3.0
3121,0.0
3121,0.0
3121,0.0
3121,0.0
3122,3.0
3122,0.0
3122,2.0
3122,0.0
3122,3.0
3122,0.0
3122,0.0
3122,0.0
3122,0.0
3123,0.0
3123,0.0
3123,2.0
3123,0.0
3123,0.0
3123,0.0
3123,3.0
3124,0.0
3124,3.0
3124,0.0
3124,2.0
3124,0.0
3124,0.0
3124,0.0
3125,0.0
3125,3.0
3125,0.0
3125,2.0
3125,0.0
3125,0.0
3125,0.0
3126,0.0
3126,0.0
3126,3.0
3126,2.0
3126,0.0
3126,0.0
3127,0.0
3127,0.0
3127,3.0
3127,2.0
3127,0.0
3127,0.0
3128,0.0
3128,0.0
3128,3.0
3128,2.0
3128,0.0
3128,0.0
3129,0.0
3129,3.0
3129,0.0
3129,2.0
3129,0.0
3129,0.0
3129,0.0
3129,0.0
3130,0.0
3130,0.0
3130,3.0
3130,0.0
3130,0.0
3130,2.0
3130,0.0
3131,0.0
3131,0.0
3131,3.0
3131,0.0
3131,0.0
3131,2.0
3131,0.0
3132,0.0
3132,3.0
3132,0.0
3132,2.0
3132,0.0
3132,0.0
3132,0.0
3133,0.0
3133,3.0
3133,0.0
3133,0.0
3133,2.0
3133,0.0
3133,0.0
3134,0.0
3134,3.0
3134,0.0
3134,0.0
3134,2.0
3134,0.0
3134,0.0
3135,0.0
3135,3.0
3135,0.0
3135,0.0
3135,0.0
3135,2.0
3135,0.0
3135,0.0
3136,0.0
3136,0.0
3136,3.0
3136,2.0
3136,0.0
3136,0.0
3136,0.0
3137,0.0
3137,0.0
3137,3.0
3137,2.0
3137,0.0
3137,0.0
3137,0.0
3138,0.0
3138,0.0
3138,0.0
3138,0.0
3138,3.0
3138,0.0
3138,0.0
3138,2.0
3139,0.0
3139,0.0
3139,0.0
3139,0.0
3139,3.0
3139,0.0
3139,0.0
3139,2.0
3140,0.0
3140,0.0
3140,0.0
3140,0.0
3140,3.0
3140,0.0
3140,0.0
3140,2.0
3141,3.0
3141,0.0
3141,0.0
3141,0.0
3141,0.0
3141,0.0
3141,2.0
3141,0.0
3142,0.0
3142,3.0
3142,0.0
3142,0.0
3142,0.0
3142,0.0
3142,2.0
3143,0.0
3143,3.0
3143,0.0
3143,0.0
3143,0.0
3143,0.0
3143,2.0
3144,0.0
3144,3.0
3144,0.0
3144,0.0
3144,0.0
3144,2.0
3145,0.0
3145,3.0
3145,0.0
3145,0.0
3145,0.0
3145,2.0
3146,0.0
3146,3.0
3146,0.0
3146,0.0
3146,0.0
3146,2.0
3147,0.0
3147,3.0
3147,0.0
3147,0.0
3147,0.0
3147,2.0
3148,3.0
3148,0.0
3148,0.0
3148,0.0
3148,2.0
3148,0.0
3149,0.0
3149,3.0
3149,0.0
3149,0.0
3149,2.0
3149,0.0
3150,0.0
3150,3.0
3150,0.0
3150,0.0
3150,3.0
3150,0.0
3150,2.0
3151,0.0
3151,3.0
3151,0.0
3151,0.0
3151,3.0
3151,0.0
3151,2.0
3152,0.0
3152,3.0
3152,0.0
3152,0.0
3152,3.0
3152,0.0
3152,2.0
3152,3.0
3153,0.0
3153,3.0
3153,0.0
3153,0.0
3153,3.0
3153,2.0
3153,0.0
3153,0.0
3154,0.0
3154,0.0
3154,0.0
3154,3.0
3154,2.0
3154,3.0
3154,0.0
3155,0.0
3155,0.0
3155,3.0
3155,0.0
3155,2.0
3155,3.0
3155,0.0
3156,0.0
3156,3.0
3156,0.0
3156,0.0
3156,2.0
3156,3.0
3156,0.0
3156,0.0
3157,0.0
3157,3.0
3157,0.0
3157,0.0
3157,2.0
3157,0.0
3157,3.0
3157,0.0
3158,0.0
3158,3.0
3158,0.0
3158,0.0
3158,2.0
3158,3.0
3158,0.0
3158,0.0
3159,0.0
3159,3.0
3159,2.0
3159,3.0
3159,0.0
3159,0.0
3159,0.0
3159,0.0
3160,3.0
3160,0.0
3160,2.0
3160,0.0
3160,0.0
3160,3.0
3160,0.0
3161,3.0
3161,0.0
3161,2.0
3161,0.0
3161,0.0
3161,3.0
3161,0.0
3162,0.0
3162,3.0
3162,3.0
3162,2.0
3162,0.0
3162,0.0
3162,0.0
3162,3.0
3163,0.0
3163,3.0
3163,3.0
3163,2.0
3163,0.0
3163,0.0
3163,0.0
3163,3.0
3164,0.0
3164,3.0
3164,3.0
3164,2.0
3164,0.0
3164,0.0
3164,0.0
3164,3.0
3165,0.0
3165,3.0
3165,3.0
3165,2.0
3165,0.0
3165,0.0
3166,3.0
3166,0.0
3166,2.0
3166,3.0
3166,3.0
3166,0.0
3166,0.0
3166,0.0
3167,3.0
3167,0.0
3167,2.0
3167,3.0
3167,3.0
3167,0.0
3167,0.0
3167,0.0
3168,3.0
3168,3.0
3168,2.0
3168,0.0
3168,0.0
3168,0.0
3168,0.0
3169,3.0
3169,3.0
3169,2.0
3169,0.0
3169,0.0
3169,0.0
3169,0.0
3170,3.0
3170,2.0
3170,3.0
3170,0.0
3170,0.0
3170,0.0
3170,0.0
3171,3.0
3171,0.0
3171,2.0
3171,0.0
3171,0.0
3171,3.0
3171,0.0
3171,0.0
3171,0.0
3172,0.0
3172,0.0
3172,2.0
3172,3.0
3172,0.0
3172,0.0
3172,3.0
3172,0.0
3172,3.0
3172,2.0
3172,0.0
3172,0.0
3173,0.0
3173,0.0
3173,2.0
3173,3.0
3173,0.0
3173,0.0
3173,3.0
3173,3.0
3173,0.0
3173,2.0
3173,0.0
3173,0.0
3174,0.0
3174,3.0
3174,2.0
3174,0.0
3174,0.0
3174,0.0
3174,0.0
3174,2.0
3175,0.0
3175,3.0
3175,2.0
3175,0.0
3175,0.0
3175,0.0
3175,2.0
3176,0.0
3176,3.0
3176,2.0
3176,0.0
3176,0.0
3176,0.0
3176,2.0
3177,0.0
3177,2.0
3177,3.0
3177,0.0
3177,3.0
3177,0.0
3177,3.0
3177,0.0
3178,2.0
3178,3.0
3178,0.0
3178,3.0
3178,0.0
3179,2.0
3179,3.0
3179,0.0
3179,0.0
3179,3.0
3180,2.0
3180,0.0
3180,3.0
3180,0.0
3180,0.0
3180,3.0
3180,3.0
3181,2.0
3181,0.0
3181,3.0
3181,0.0
3181,0.0
3181,3.0
3181,3.0
3182,2.0
3182,0.0
3182,3.0
3182,0.0
3182,0.0
3182,3.0
3182,3.0
3183,0.0
3183,2.0
3183,0.0
3183,0.0
3184,0.0
3184,2.0
3184,0.0
3184,3.0
3184,0.0
3184,0.0
3185,0.0
3185,2.0
3185,0.0
3185,0.0
3185,3.0
3185,0.0
3186,0.0
3186,0.0
3186,0.0
3186,2.0
3186,0.0
3186,3.0
3186,3.0
3187,0.0
3187,0.0
3187,0.0
3187,2.0
3187,0.0
3187,3.0
3187,3.0
3188,0.0
3188,0.0
3188,0.0
3188,2.0
3188,0.0
3188,3.0
3188,3.0
3189,0.0
3189,0.0
3189,0.0
3189,2.0
3189,0.0
3189,3.0
3189,0.0
3189,0.0
3189,3.0
3190,0.0
3190,0.0
3190,0.0
3190,2.0
3190,0.0
3190,0.0
3190,3.0
3190,3.0
3191,0.0
3191,0.0
3191,0.0
3191,2.0
3191,0.0
3191,0.0
3191,3.0
3191,3.0
3192,0.0
3192,0.0
3192,2.0
3192,0.0
3192,0.0
3192,3.0
3192,0.0
3193,0.0
3193,0.0
3193,0.0
3193,2.0
3193,0.0
3193,3.0
3193,0.0
3194,0.0
3194,0.0
3194,0.0
3194,2.0
3194,0.0
3194,3.0
3194,0.0
3195,0.0
3195,2.0
3195,0.0
3195,0.0
3195,0.0
3195,0.0
3195,3.0
3196,0.0
3196,2.0
3196,0.0
3196,0.0
3196,0.0
3196,3.0
3196,3.0
3196,0.0
3197,2.0
3197,0.0
3197,0.0
3197,0.0
3197,0.0
3197,3.0
3197,3.0
3197,0.0
3198,0.0
3198,2.0
3198,0.0
3198,0.0
3199,0.0
3199,2.0
3199,0.0
3199,0.0
3200,0.0
3200,2.0
3200,0.0
3200,0.0
3201,0.0
3201,2.0
3201,0.0
3201,0.0
3201,3.0
3201,3.0
3202,0.0
3202,2.0
3202,0.0
3202,0.0
3203,2.0
3203,0.0
3203,0.0
3203,0.0
3204,0.0
3204,2.0
3204,3.0
3204,0.0
3204,0.0
3204,0.0
3205,0.0
3205,2.0
3205,3.0
3205,0.0
3205,0.0
3205,0.0
3206,0.0
3206,2.0
3206,3.0
3206,0.0
3206,0.0
3206,0.0
3207,0.0
3207,2.0
3207,3.0
3207,0.0
3208,0.0
3208,2.0
3208,3.0
3208,0.0
3209,0.0
3209,2.0
3209,3.0
3209,0.0
3210,0.0
3210,0.0
3210,2.0
3210,3.0
3211,0.0
3211,0.0
3211,2.0
3211,3.0
3212,0.0
3212,0.0
3212,2.0
3212,3.0
3213,0.0
3213,2.0
3213,3.0
3213,0.0
3213,0.0
3213,3.0
3214,0.0
3214,2.0
3214,3.0
3214,0.0
3214,0.0
3215,0.0
3215,2.0
3215,3.0
3215,0.0
3215,0.0
3216,0.0
3216,2.0
3216,3.0
3216,0.0
3217,0.0
3217,2.0
3217,3.0
3217,0.0
3218,0.0
3218,2.0
3218,3.0
3218,0.0
3219,0.0
3219,2.0
3219,0.0
3219,3.0
3220,0.0
3220,0.0
3220,2.0
3220,0.0
3221,0.0
3221,0.0
3221,2.0
3221,0.0
3222,0.0
3222,0.0
3222,2.0
3222,0.0
3222,3.0
3222,3.0
3223,0.0
3223,0.0
3223,2.0
3223,0.0
3223,3.0
3223,3.0
3223,0.0
3224,0.0
3224,0.0
3224,2.0
3224,0.0
3224,3.0
3224,3.0
3224,0.0
3225,0.0
3225,0.0
3225,0.0
3225,2.0
3225,3.0
3225,0.0
3226,0.0
3226,0.0
3226,0.0
3226,2.0
3226,3.0
3226,3.0
3226,0.0
3227,0.0
3227,0.0
3227,0.0
3227,2.0
3227,3.0
3227,3.0
3227,0.0
3228,0.0
3228,0.0
3228,2.0
3228,0.0
3228,0.0
3228,3.0
3229,0.0
3229,0.0
3229,2.0
3229,0.0
3229,0.0
3229,3.0
3229,3.0
3230,0.0
3230,0.0
3230,2.0
3230,0.0
3230,0.0
3230,3.0
3231,0.0
3231,0.0
3231,0.0
3231,2.0
3231,0.0
3231,3.0
3232,0.0
3232,0.0
3232,2.0
3232,0.0
3232,0.0
3233,0.0
3233,0.0
3233,2.0
3233,0.0
3233,0.0
3233,3.0
3234,0.0
3234,2.0
3234,0.0
3235,0.0
3235,2.0
3235,0.0
3235,1.0
3236,0.0
3236,2.0
3236,0.0
3237,0.0
3237,0.0
3237,2.0
3237,0.0
3237,0.0
3237,3.0
3237,1.0
3238,0.0
3238,0.0
3238,2.0
3238,3.0
3238,3.0
3238,0.0
3238,0.0
3239,0.0
3239,0.0
3239,2.0
3239,3.0
3239,0.0
3239,0.0
3239,3.0
3240,0.0
3240,2.0
3240,0.0
3240,0.0
3240,0.0
3240,3.0
3240,0.0
3241,0.0
3241,2.0
3241,0.0
3241,0.0
3241,0.0
3241,3.0
3241,0.0
3242,0.0
3242,2.0
3242,0.0
3242,0.0
3242,0.0
3242,3.0
3242,0.0
3243,0.0
3243,2.0
3243,0.0
3243,0.0
3243,3.0
3243,0.0
3243,1.0
3243,0.0
3244,0.0
3244,0.0
3244,2.0
3244,3.0
3244,0.0
3244,0.0
3244,3.0
3245,0.0
3245,0.0
3245,2.0
3245,3.0
3245,0.0
3245,0.0
3245,3.0
3246,0.0
3246,0.0
3246,2.0
3246,0.0
3246,3.0
3246,3.0
3246,0.0
3247,0.0
3247,0.0
3247,2.0
3247,0.0
3247,3.0
3247,3.0
3247,0.0
3248,0.0
3248,0.0
3248,2.0
3248,0.0
3248,3.0
3248,3.0
3248,0.0
3249,0.0
3249,3.0
3249,0.0
3249,0.0
3249,2.0
3249,0.0
3249,3.0
3250,0.0
3250,3.0
3250,2.0
3250,0.0
3250,0.0
3250,0.0
3250,3.0
3251,0.0
3251,3.0
3251,2.0
3251,0.0
3251,0.0
3251,0.0
3251,3.0
3252,0.0
3252,0.0
3252,0.0
3252,2.0
3252,3.0
3252,0.0
3252,3.0
3253,0.0
3253,0.0
3253,0.0
3253,2.0
3253,3.0
3253,0.0
3253,3.0
3254,0.0
3254,0.0
3254,0.0
3254,2.0
3254,3.0
3254,0.0
3254,3.0
3255,0.0
3255,0.0
3255,3.0
3255,2.0
3255,0.0
3255,0.0
3256,0.0
3256,3.0
3256,0.0
3256,2.0
3256,0.0
3256,0.0
3257,0.0
3257,3.0
3257,2.0
3257,0.0
3257,0.0
3257,0.0
3258,3.0
3258,0.0
3258,0.0
3258,2.0
3258,0.0
3258,0.0
3259,3.0
3259,0.0
3259,0.0
3259,2.0
3259,0.0
3259,0.0
3260,3.0
3260,0.0
3260,0.0
3260,2.0
3260,0.0
3260,0.0
3261,3.0
3261,0.0
3261,0.0
3261,2.0
3261,0.0
3261,0.0
3261,0.0
3262,0.0
3262,3.0
3262,0.0
3262,2.0
3262,0.0
3262,0.0
3263,3.0
3263,0.0
3263,0.0
3263,2.0
3263,0.0
3263,0.0
3264,0.0
3264,0.0
3264,0.0
3264,3.0
3264,2.0
3264,0.0
3265,0.0
3265,0.0
3265,0.0
3265,3.0
3265,2.0
3265,0.0
3266,0.0
3266,0.0
3266,0.0
3266,3.0
3266,2.0
3266,0.0
3267,3.0
3267,2.0
3267,0.0
3267,0.0
3267,0.0
3267,0.0
3268,2.0
3268,0.0
3268,0.0
3268,3.0
3268,0.0
3268,3.0
3268,0.0
3269,2.0
3269,0.0
3269,0.0
3269,3.0
3269,0.0
3269,3.0
3269,0.0
3270,3.0
3270,0.0
3270,2.0
3270,0.0
3270,0.0
3270,0.0
3271,3.0
3271,0.0
3271,0.0
3271,2.0
3271,0.0
3271,0.0
3272,3.0
3272,0.0
3272,0.0
3272,2.0
3272,0.0
3272,0.0
3273,0.0
3273,0.0
3273,2.0
3273,3.0
3273,3.0
3273,1.0
3273,0.0
3273,0.0
3274,3.0
3274,2.0
3274,0.0
3274,0.0
3274,0.0
3274,3.0
3275,3.0
3275,2.0
3275,0.0
3275,0.0
3275,3.0
3275,0.0
3276,2.0
3276,0.0
3276,0.0
3276,1.0
3277,2.0
3277,0.0
3277,0.0
3277,1.0
3278,2.0
3278,0.0
3278,0.0
3278,1.0
3278,0.0
3279,2.0
3279,0.0
3279,0.0
3279,1.0
3280,2.0
3280,0.0
3280,0.0
3280,0.0
3280,0.0
3281,2.0
3281,0.0
3281,0.0
3281,0.0
3281,0.0
3282,2.0
3282,0.0
3282,0.0
3282,0.0
3282,0.0
3283,2.0
3283,0.0
3283,0.0
3283,0.0
3283,0.0
3284,2.0
3284,0.0
3284,0.0
3284,0.0
3284,0.0
3285,2.0
3285,0.0
3285,0.0
3286,2.0
3286,0.0
3286,0.0
3287,2.0
3287,0.0
3287,0.0
3288,0.0
3288,2.0
3288,0.0
3288,0.0
3289,0.0
3289,2.0
3289,0.0
3289,0.0
3290,0.0
3290,2.0
3290,0.0
3290,0.0
3291,0.0
3291,2.0
3291,0.0
3291,0.0
3292,0.0
3292,2.0
3292,0.0
3292,0.0
3293,0.0
3293,2.0
3293,0.0
3293,0.0
3293,3.0
3294,0.0
3294,2.0
3294,0.0
3294,0.0
3295,0.0
3295,2.0
3295,0.0
3295,0.0
3296,0.0
3296,2.0
3296,0.0
3296,0.0
3297,2.0
3297,0.0
3297,0.0
3297,0.0
3297,3.0
3298,2.0
3298,0.0
3298,3.0
3298,0.0
3299,2.0
3299,0.0
3299,3.0
3299,0.0
3299,0.0
3300,0.0
3300,0.0
3300,2.0
3300,3.0
3300,0.0
3301,0.0
3301,0.0
3301,2.0
3301,3.0
3301,0.0
3302,0.0
3302,0.0
3302,2.0
3302,3.0
3302,0.0
3303,0.0
3303,0.0
3303,2.0
3303,3.0
3304,0.0
3304,2.0
3304,0.0
3304,3.0
3305,0.0
3305,2.0
3305,0.0
3305,3.0
3306,0.0
3306,3.0
3306,0.0
3306,2.0
3306,0.0
3307,0.0
3307,3.0
3307,0.0
3307,2.0
3307,0.0
3308,3.0
3308,0.0
3308,0.0
3308,2.0
3308,0.0
3309,0.0
3309,3.0
3309,2.0
3309,0.0
3310,0.0
3310,3.0
3310,2.0
3310,0.0
3311,0.0
3311,3.0
3311,2.0
3311,0.0
3312,0.0
3312,3.0
3312,2.0
3312,0.0
3313,0.0
3313,3.0
3313,2.0
3313,0.0
3314,0.0
3314,3.0
3314,2.0
3314,0.0
3315,0.0
3315,3.0
3315,2.0
3315,0.0
3316,3.0
3316,0.0
3316,2.0
3316,0.0
3316,0.0
3317,3.0
3317,0.0
3317,2.0
3317,0.0
3317,0.0
3318,0.0
3318,0.0
3318,3.0
3318,2.0
3319,0.0
3319,0.0
3319,3.0
3319,2.0
3320,0.0
3320,0.0
3320,3.0
3320,2.0
3321,0.0
3321,3.0
3321,2.0
3321,0.0
3322,3.0
3322,0.0
3322,2.0
3322,0.0
3323,3.0
3323,0.0
3323,2.0
3323,0.0
3324,0.0
3324,3.0
3324,2.0
3324,0.0
3325,0.0
3325,3.0
3325,2.0
3325,0.0
3326,0.0
3326,3.0
3326,2.0
3326,0.0
3327,3.0
3327,0.0
3327,2.0
3327,0.0
3328,3.0
3328,0.0
3328,2.0
3328,0.0
3329,3.0
3329,0.0
3329,2.0
3329,0.0
3330,3.0
3330,0.0
3330,2.0
3330,0.0
3331,3.0
3331,0.0
3331,2.0
3331,0.0
3332,3.0
3332,0.0
3332,2.0
3332,0.0
3333,3.0
3333,0.0
3333,2.0
3333,0.0
3334,3.0
3334,0.0
3334,0.0
3334,2.0
3335,3.0
3335,0.0
3335,0.0
3335,2.0
3336,3.0
3336,0.0
3336,2.0
3336,0.0
3337,3.0
3337,0.0
3337,2.0
3337,0.0
3338,3.0
3338,0.0
3338,0.0
3338,2.0
3339,0.0
3339,2.0
3339,3.0
3340,0.0
3340,2.0
3341,0.0
3341,2.0
3342,0.0
3342,2.0
3342,3.0
3343,0.0
3343,2.0
3343,3.0
3344,0.0
3344,2.0
3344,3.0
3345,0.0
3345,2.0
3346,0.0
3346,2.0
3347,0.0
3347,2.0
3348,0.0
3348,2.0
3349,0.0
3349,2.0
3350,0.0
3350,2.0
3350,0.0
3351,0.0
3351,2.0
3352,0.0
3352,2.0
3353,0.0
3353,2.0
3354,0.0
3354,2.0
3355,0.0
3355,2.0
3356,0.0
3356,2.0
3357,0.0
3357,2.0
3358,0.0
3358,2.0
3359,2.0
3359,0.0
3359,0.0
3360,0.0
3360,2.0
3361,2.0
3361,0.0
3362,2.0
3362,0.0
3363,0.0
3363,2.0
3364,2.0
3364,0.0
3365,2.0
3365,0.0
3366,2.0
3366,0.0
3367,2.0
3367,0.0
3368,2.0
3368,0.0
3369,0.0
3369,2.0
3370,2.0
3371,2.0
3372,0.0
3372,2.0
3373,0.0
3373,2.0
3374,0.0
3374,2.0
3375,2.0
3375,0.0
3375,0.0
3376,2.0
3376,0.0
3376,0.0
3377,2.0
3377,0.0
3377,0.0
3378,0.0
3378,2.0
3379,0.0
3379,2.0
3380,0.0
3380,2.0
3381,0.0
3381,2.0
3382,0.0
3382,2.0
3382,2.0
3383,0.0
3383,2.0
3383,3.0
3383,2.0
3384,0.0
3384,2.0
3384,3.0
3384,0.0
3384,0.0
3385,0.0
3385,2.0
3385,3.0
3385,0.0
3385,0.0
3386,0.0
3386,2.0
3386,3.0
3386,0.0
3386,0.0
3387,0.0
3387,0.0
3387,2.0
3387,0.0
3388,0.0
3388,0.0
3388,0.0
3388,2.0
3389,0.0
3389,0.0
3389,0.0
3389,2.0
3390,0.0
3390,3.0
3390,0.0
3390,0.0
3390,2.0
3391,0.0
3391,3.0
3391,0.0
3391,0.0
3391,2.0
3392,0.0
3392,3.0
3392,0.0
3392,0.0
3392,2.0
3393,0.0
3393,3.0
3393,0.0
3393,2.0
3394,0.0
3394,3.0
3394,0.0
3394,0.0
3394,2.0
3395,0.0
3395,3.0
3395,0.0
3395,2.0
3396,0.0
3396,0.0
3396,1.0
3396,2.0
3397,0.0
3397,0.0
3397,1.0
3397,2.0
3397,3.0
3398,0.0
3398,0.0
3398,2.0
3398,1.0
3398,3.0
3399,0.0
3399,0.0
3399,1.0
3399,2.0
3399,0.0
3400,0.0
3400,0.0
3400,1.0
3400,2.0
3401,0.0
3401,0.0
3401,1.0
3401,2.0
3402,0.0
3402,0.0
3402,2.0
3402,1.0
3403,0.0
3403,0.0
3403,2.0
3403,1.0
3404,0.0
3404,0.0
3404,2.0
3404,1.0
3405,0.0
3405,0.0
3405,1.0
3405,2.0
3406,0.0
3406,0.0
3406,3.0
3406,2.0
3406,0.0
3407,0.0
3407,0.0
3407,3.0
3407,2.0
3407,0.0
3408,0.0
3408,3.0
3408,0.0
3408,2.0
3408,0.0
3409,0.0
3409,3.0
3409,0.0
3409,2.0
3409,0.0
3410,0.0
3410,3.0
3410,0.0
3410,0.0
3410,2.0
3411,0.0
3411,3.0
3411,0.0
3411,2.0
3412,0.0
3412,3.0
3412,0.0
3412,0.0
3412,2.0
3413,0.0
3413,3.0
3413,0.0
3413,0.0
3413,2.0
3414,0.0
3414,0.0
3414,3.0
3414,2.0
3415,0.0
3415,0.0
3415,3.0
3415,2.0
3416,0.0
3416,0.0
3416,3.0
3416,2.0
3417,0.0
3417,0.0
3417,3.0
3417,2.0
3418,0.0
3418,0.0
3418,2.0
3418,3.0
3419,0.0
3419,0.0
3419,2.0
3419,3.0
3420,0.0
3420,0.0
3420,3.0
3420,2.0
3421,0.0
3421,0.0
3421,3.0
3421,2.0
3422,0.0
3422,0.0
3422,3.0
3422,2.0
3423,0.0
3423,0.0
3423,2.0
3423,3.0
3424,0.0
3424,0.0
3424,0.0
3424,2.0
3425,0.0
3425,0.0
3425,2.0
3425,0.0
3426,0.0
3426,0.0
3426,0.0
3426,2.0
3427,0.0
3427,0.0
3427,0.0
3427,2.0
3428,0.0
3428,0.0
3428,0.0
3428,2.0
3429,0.0
3429,0.0
3429,2.0
3430,0.0
3430,0.0
3430,3.0
3430,2.0
3431,0.0
3431,0.0
3431,3.0
3431,2.0
3432,0.0
3432,0.0
3432,3.0
3432,3.0
3432,2.0
3433,0.0
3433,0.0
3433,3.0
3433,3.0
3433,2.0
3434,0.0
3434,0.0
3434,3.0
3434,3.0
3434,2.0
3435,0.0
3435,0.0
3435,3.0
3435,2.0
3436,0.0
3436,0.0
3436,3.0
3436,2.0
3436,3.0
3437,0.0
3437,0.0
3437,3.0
3437,2.0
3437,3.0
3438,0.0
3438,0.0
3438,3.0
3438,2.0
3439,0.0
3439,3.0
3439,0.0
3439,2.0
3440,0.0
3440,3.0
3440,0.0
3440,2.0
3441,0.0
3441,0.0
3441,2.0
3442,0.0
3442,0.0
3442,3.0
3442,2.0
3443,0.0
3443,0.0
3443,3.0
3443,2.0
3444,0.0
3444,0.0
3444,3.0
3444,2.0
3445,0.0
3445,0.0
3445,3.0
3445,2.0
3446,0.0
3446,0.0
3446,3.0
3446,2.0
3447,0.0
3447,0.0
3447,3.0
3447,2.0
3448,0.0
3448,0.0
3448,2.0
3448,3.0
3449,0.0
3449,0.0
3449,2.0
3449,3.0
3450,0.0
3450,0.0
3450,0.0
3450,2.0
3451,0.0
3451,0.0
3451,0.0
3451,2.0
3452,0.0
3452,0.0
3452,0.0
3452,2.0
3453,0.0
3453,0.0
3453,3.0
3453,0.0
3453,2.0
3454,0.0
3454,0.0
3454,0.0
3454,2.0
3455,0.0
3455,0.0
3455,0.0
3455,2.0
3456,0.0
3456,0.0
3456,2.0
3456,0.0
3456,3.0
3457,0.0
3457,0.0
3457,0.0
3457,2.0
3457,3.0
3458,0.0
3458,0.0
3458,0.0
3458,2.0
3458,3.0
3459,0.0
3459,2.0
3460,0.0
3460,2.0
3461,0.0
3461,2.0
3462,0.0
3462,2.0
3463,0.0
3463,2.0
3464,0.0
3464,2.0
3465,0.0
3465,0.0
3465,2.0
3466,0.0
3466,0.0
3466,2.0
3467,0.0
3467,0.0
3467,2.0
3468,0.0
3468,0.0
3469,0.0
3469,0.0
3470,0.0
3470,0.0
3471,0.0
3471,0.0
3471,2.0
3472,0.0
3472,0.0
3472,2.0
3473,0.0
3473,0.0
3473,2.0
3474,0.0
3474,0.0
3474,2.0
3475,0.0
3475,0.0
3475,2.0
3476,0.0
3476,0.0
3476,2.0
3477,0.0
3477,0.0
3477,0.0
3477,3.0
3477,2.0
3478,0.0
3478,0.0
3478,3.0
3478,2.0
3479,0.0
3479,0.0
3479,3.0
3480,0.0
3480,0.0
3480,3.0
3481,0.0
3481,0.0
3481,3.0
3482,0.0
3482,0.0
3482,3.0
3483,0.0
3483,2.0
3484,0.0
3484,0.0
3484,2.0
3484,3.0
3485,0.0
3485,0.0
3485,2.0
3485,3.0
3486,0.0
3486,0.0
3486,3.0
3486,2.0
3487,0.0
3487,0.0
3487,3.0
3487,2.0
3488,0.0
3488,0.0
3488,3.0
3488,2.0
3489,0.0
3489,2.0
3489,0.0
3489,3.0
3489,0.0
3490,0.0
3490,0.0
3490,3.0
3490,2.0
3491,0.0
3491,0.0
3491,3.0
3491,2.0
3492,0.0
3492,0.0
3492,2.0
3492,3.0
3492,0.0
3493,0.0
3493,0.0
3493,2.0
3493,3.0
3493,0.0
3494,0.0
3494,0.0
3494,2.0
3494,3.0
3494,0.0
3495,0.0
3495,0.0
3495,3.0
3495,2.0
3495,0.0
3495,3.0
3496,0.0
3496,0.0
3496,3.0
3496,3.0
3496,2.0
3497,0.0
3497,0.0
3497,3.0
3497,3.0
3497,2.0
3498,0.0
3498,0.0
3498,3.0
3498,2.0
3499,0.0
3499,0.0
3499,3.0
3499,2.0
3500,0.0
3500,0.0
3500,2.0
3500,3.0
3501,0.0
3501,0.0
3501,2.0
3502,0.0
3502,0.0
3502,0.0
3502,2.0
3503,0.0
3503,0.0
3503,0.0
3503,2.0
3504,0.0
3504,0.0
3504,0.0
3504,2.0
3505,0.0
3505,0.0
3505,0.0
3505,2.0
3506,0.0
3506,0.0
3506,0.0
3506,2.0
3507,0.0
3507,0.0
3507,0.0
3507,2.0
3508,0.0
3508,0.0
3508,2.0
3509,0.0
3509,0.0
3509,0.0
3509,2.0
3509,3.0
3510,0.0
3510,0.0
3510,0.0
3510,2.0
3510,3.0
3511,0.0
3511,0.0
3511,0.0
3511,0.0
3511,2.0
3512,0.0
3512,0.0
3512,0.0
3512,0.0
3512,2.0
3513,0.0
3513,0.0
3513,0.0
3513,0.0
3513,2.0
3514,0.0
3514,0.0
3514,2.0
3515,0.0
3515,0.0
3515,2.0
3515,0.0
3516,0.0
3516,0.0
3516,2.0
3516,0.0
3517,0.0
3517,0.0
3517,0.0
3517,2.0
3518,0.0
3518,0.0
3518,0.0
3518,2.0
3519,0.0
3519,0.0
3519,0.0
3519,2.0
3520,0.0
3520,2.0
3520,0.0
3520,0.0
3521,0.0
3521,2.0
3521,0.0
3521,0.0
3521,3.0
3522,0.0
3522,2.0
3522,0.0
3522,0.0
3523,0.0
3523,0.0
3523,2.0
3523,0.0
3524,0.0
3524,0.0
3524,2.0
3524,0.0
3525,0.0
3525,0.0
3525,2.0
3525,0.0
3526,0.0
3526,0.0
3526,2.0
3526,0.0
3527,0.0
3527,0.0
3527,2.0
3528,0.0
3528,0.0
3528,2.0
3529,0.0
3529,0.0
3529,0.0
3529,2.0
3530,0.0
3530,0.0
3530,0.0
3530,2.0
3531,0.0
3531,0.0
3531,0.0
3531,2.0
3532,0.0
3532,0.0
3532,2.0
3532,0.0
3533,0.0
3533,0.0
3533,0.0
3533,2.0
3534,0.0
3534,0.0
3534,2.0
3534,0.0
3535,0.0
3535,0.0
3535,2.0
3535,0.0
3535,3.0
3536,0.0
3536,0.0
3536,2.0
3536,0.0
3536,3.0
3537,0.0
3537,0.0
3537,2.0
3537,0.0
3537,3.0
3538,0.0
3538,0.0
3538,2.0
3538,0.0
3538,3.0
3539,0.0
3539,0.0
3539,0.0
3539,2.0
3539,0.0
3540,0.0
3540,0.0
3540,0.0
3540,2.0
3540,0.0
3541,0.0
3541,0.0
3541,0.0
3541,2.0
3541,0.0
3542,0.0
3542,0.0
3542,0.0
3542,2.0
3542,0.0
3543,0.0
3543,0.0
3543,0.0
3543,2.0
3543,0.0
3544,0.0
3544,0.0
3544,0.0
3544,0.0
3544,2.0
3545,0.0
3545,0.0
3545,0.0
3545,0.0
3545,2.0
3546,0.0
3546,0.0
3546,0.0
3546,0.0
3546,2.0
3547,0.0
3547,0.0
3547,2.0
3547,0.0
3547,0.0
3548,0.0
3548,0.0
3548,2.0
3548,0.0
3548,0.0
3549,0.0
3549,0.0
3549,2.0
3549,0.0
3549,0.0
3550,0.0
3550,0.0
3550,2.0
3550,0.0
3550,3.0
3550,0.0
3551,0.0
3551,0.0
3551,3.0
3551,0.0
3551,2.0
3552,0.0
3552,0.0
3552,0.0
3552,3.0
3552,2.0
3553,0.0
3553,0.0
3553,0.0
3553,0.0
3553,2.0
3553,3.0
3554,0.0
3554,0.0
3554,0.0
3554,0.0
3554,2.0
3554,3.0
3555,0.0
3555,0.0
3555,0.0
3555,0.0
3555,2.0
3555,3.0
3556,0.0
3556,2.0
3556,0.0
3556,3.0
3556,0.0
3557,0.0
3557,0.0
3557,2.0
3557,0.0
3557,0.0
3557,3.0
3558,0.0
3558,0.0
3558,2.0
3558,0.0
3558,0.0
3558,3.0
3559,0.0
3559,0.0
3559,2.0
3559,0.0
3559,0.0
3559,3.0
3559,3.0
3559,3.0
3560,0.0
3560,0.0
3560,2.0
3560,0.0
3560,0.0
3560,3.0
3560,3.0
3560,3.0
3561,0.0
3561,0.0
3561,2.0
3561,0.0
3561,0.0
3561,3.0
3561,3.0
3561,3.0
3562,0.0
3562,2.0
3562,0.0
3562,0.0
3562,0.0
3562,0.0
3562,3.0
3562,3.0
3562,3.0
3563,0.0
3563,2.0
3563,0.0
3563,0.0
3563,3.0
3563,0.0
3564,0.0
3564,2.0
3564,0.0
3564,0.0
3564,3.0
3565,0.0
3565,2.0
3565,3.0
3565,0.0
3565,0.0
3565,0.0
3565,3.0
3566,0.0
3566,3.0
3566,2.0
3566,0.0
3566,0.0
3566,0.0
3566,3.0
3567,0.0
3567,3.0
3567,2.0
3567,0.0
3567,0.0
3567,0.0
3567,3.0
3568,0.0
3568,2.0
3568,3.0
3568,0.0
3568,0.0
3568,3.0
3568,0.0
3569,0.0
3569,2.0
3569,0.0
3569,3.0
3569,0.0
3570,0.0
3570,2.0
3570,0.0
3570,3.0
3570,0.0
3571,0.0
3571,0.0
3571,2.0
3571,0.0
3571,3.0
3571,1.0
3571,0.0
3572,0.0
3572,0.0
3572,2.0
3572,0.0
3572,3.0
3572,1.0
3572,0.0
3573,0.0
3573,2.0
3573,0.0
3573,0.0
3573,3.0
3573,1.0
3573,0.0
3574,0.0
3574,3.0
3574,0.0
3574,2.0
3574,3.0
3574,0.0
3574,0.0
3575,0.0
3575,3.0
3575,2.0
3575,0.0
3575,0.0
3576,0.0
3576,3.0
3576,2.0
3576,0.0
3576,0.0
3576,0.0
3576,3.0
3577,0.0
3577,2.0
3577,0.0
3577,3.0
3577,3.0
3577,0.0
3578,0.0
3578,2.0
3578,0.0
3578,3.0
3578,3.0
3578,0.0
3579,0.0
3579,0.0
3579,2.0
3579,3.0
3579,3.0
3579,0.0
3579,0.0
3580,0.0
3580,3.0
3580,2.0
3580,0.0
3580,3.0
3580,0.0
3580,0.0
3581,2.0
3581,0.0
3581,3.0
3581,0.0
3581,3.0
3581,0.0
3581,0.0
3582,0.0
3582,2.0
3582,3.0
3582,3.0
3582,0.0
3582,0.0
3582,0.0
3583,0.0
3583,2.0
3583,3.0
3583,0.0
3583,0.0
3583,3.0
3583,0.0
3584,0.0
3584,2.0
3584,3.0
3584,0.0
3584,0.0
3584,3.0
3584,0.0
3585,0.0
3585,2.0
3585,3.0
3585,0.0
3585,0.0
3585,3.0
3585,0.0
3586,0.0
3586,3.0
3586,2.0
3586,3.0
3586,0.0
3587,0.0
3587,2.0
3587,3.0
3587,0.0
3587,0.0
3587,3.0
3588,0.0
3588,2.0
3588,3.0
3588,0.0
3588,0.0
3588,0.0
3588,3.0
3589,0.0
3589,2.0
3589,0.0
3589,3.0
3589,0.0
3589,0.0
3590,0.0
3590,2.0
3590,3.0
3590,0.0
3590,0.0
3590,0.0
3591,0.0
3591,2.0
3591,3.0
3591,0.0
3591,0.0
3591,0.0
3592,0.0
3592,2.0
3592,0.0
3592,3.0
3592,0.0
3593,0.0
3593,2.0
3593,0.0
3593,0.0
3593,3.0
3593,0.0
3594,0.0
3594,2.0
3594,0.0
3594,0.0
3594,0.0
3594,3.0
3595,0.0
3595,2.0
3595,0.0
3595,3.0
3595,0.0
3596,0.0
3596,2.0
3596,0.0
3596,3.0
3596,0.0
3597,0.0
3597,2.0
3597,0.0
3597,3.0
3597,0.0
3598,0.0
3598,2.0
3598,3.0
3598,0.0
3598,0.0
3598,0.0
3599,2.0
3599,0.0
3599,0.0
3599,0.0
3599,3.0
3600,2.0
3600,0.0
3600,0.0
3600,0.0
3600,3.0
3601,3.0
3601,2.0
3601,0.0
3601,0.0
3602,3.0
3602,2.0
3602,0.0
3602,0.0
3603,3.0
3603,2.0
3603,0.0
3603,0.0
3604,3.0
3604,0.0
3604,2.0
3605,3.0
3605,2.0
3605,0.0
3606,3.0
3606,2.0
3606,0.0
3607,0.0
3607,2.0
3607,3.0
3608,0.0
3608,2.0
3608,3.0
3609,0.0
3609,2.0
3609,3.0
3610,0.0
3610,2.0
3610,3.0
3610,0.0
3611,2.0
3611,0.0
3612,2.0
3612,0.0
3613,0.0
3613,2.0
3614,0.0
3614,2.0
3615,0.0
3615,2.0
3615,3.0
3616,2.0
3616,0.0
3616,0.0
3616,3.0
3616,3.0
3617,2.0
3617,0.0
3617,0.0
3618,2.0
3618,0.0
3618,0.0
3619,2.0
3619,0.0
3619,0.0
3619,3.0
3619,3.0
3620,2.0
3620,3.0
3620,0.0
3620,0.0
3620,3.0
3621,2.0
3621,3.0
3621,0.0
3621,0.0
3621,3.0
3622,2.0
3622,0.0
3622,3.0
3622,3.0
3623,2.0
3623,3.0
3623,0.0
3623,0.0
3623,0.0
3623,3.0
3624,2.0
3624,3.0
3624,0.0
3624,0.0
3624,0.0
3625,2.0
3625,3.0
3625,0.0
3625,3.0
3625,0.0
