1,15.0
1,58.0
2,15.0
2,58.0
3,15.0
3,58.0
4,15.0
4,58.0
5,15.0
5,58.0
6,15.0
6,58.0
7,58.0
8,58.0
8,15.0
9,58.0
10,58.0
11,58.0
12,58.0
12,15.0
13,58.0
14,58.0
15,58.0
16,58.0
17,58.0
18,58.0
19,58.0
20,58.0
21,58.0
22,58.0
23,58.0
24,58.0
25,58.0
26,58.0
27,58.0
28,58.0
29,58.0
30,58.0
31,58.0
32,58.0
33,58.0
34,58.0
35,58.0
36,58.0
37,58.0
37,15.0
38,58.0
38,15.0
39,58.0
39,15.0
40,58.0
40,15.0
41,58.0
42,58.0
42,15.0
43,58.0
43,15.0
44,58.0
44,15.0
45,58.0
45,15.0
46,58.0
46,15.0
47,58.0
47,15.0
48,58.0
48,15.0
49,58.0
50,58.0
50,15.0
51,58.0
51,15.0
52,58.0
52,15.0
53,58.0
53,15.0
54,58.0
54,15.0
55,58.0
55,15.0
56,15.0
56,58.0
57,15.0
57,58.0
58,15.0
58,58.0
59,15.0
59,58.0
60,15.0
60,58.0
61,15.0
61,58.0
62,58.0
62,15.0
63,58.0
63,15.0
64,58.0
64,15.0
65,58.0
65,15.0
66,15.0
66,58.0
67,15.0
67,58.0
68,15.0
68,58.0
69,15.0
69,58.0
70,15.0
70,58.0
71,15.0
71,58.0
72,15.0
72,58.0
73,58.0
73,15.0
74,58.0
74,15.0
75,58.0
75,15.0
76,58.0
76,15.0
77,58.0
77,15.0
78,58.0
78,15.0
79,58.0
79,15.0
80,58.0
80,15.0
81,58.0
81,15.0
82,58.0
82,15.0
83,58.0
83,15.0
84,58.0
84,15.0
85,58.0
86,58.0
87,58.0
88,58.0
89,58.0
90,58.0
91,58.0
92,58.0
92,15.0
93,58.0
94,58.0
94,15.0
95,58.0
95,15.0
96,58.0
96,15.0
97,58.0
98,58.0
99,58.0
100,58.0
100,15.0
101,58.0
101,15.0
102,58.0
102,15.0
103,58.0
103,15.0
104,58.0
104,15.0
105,58.0
105,15.0
106,58.0
106,15.0
107,58.0
107,15.0
108,58.0
108,15.0
109,58.0
109,15.0
110,58.0
110,15.0
111,58.0
111,15.0
112,58.0
112,15.0
113,58.0
113,15.0
114,58.0
114,15.0
115,58.0
115,15.0
116,58.0
116,15.0
117,15.0
117,58.0
118,58.0
118,15.0
119,58.0
119,15.0
120,58.0
120,15.0
121,15.0
121,58.0
122,58.0
122,15.0
123,58.0
123,15.0
124,58.0
124,15.0
125,58.0
125,15.0
126,58.0
126,15.0
127,58.0
127,15.0
128,58.0
128,15.0
129,58.0
129,15.0
130,58.0
130,15.0
131,58.0
131,15.0
132,58.0
133,58.0
134,58.0
135,58.0
136,58.0
137,58.0
138,58.0
139,58.0
140,58.0
141,58.0
142,58.0
143,58.0
144,58.0
145,58.0
146,58.0
147,58.0
148,58.0
149,58.0
150,58.0
151,58.0
152,58.0
153,58.0
154,58.0
155,58.0
156,58.0
157,58.0
158,58.0
159,58.0
160,58.0
161,58.0
162,58.0
163,58.0
164,58.0
165,58.0
166,58.0
167,58.0
168,58.0
169,58.0
170,58.0
171,58.0
172,58.0
173,58.0
174,58.0
175,58.0
175,15.0
176,58.0
176,15.0
177,58.0
177,15.0
178,58.0
178,15.0
179,58.0
179,15.0
180,58.0
180,15.0
181,58.0
181,15.0
182,58.0
182,15.0
183,58.0
184,58.0
185,58.0
186,58.0
187,58.0
188,58.0
189,58.0
190,58.0
191,58.0
192,58.0
193,58.0
194,58.0
195,58.0
195,15.0
196,58.0
197,58.0
198,58.0
199,58.0
199,15.0
200,58.0
200,15.0
201,58.0
201,15.0
202,58.0
203,58.0
204,58.0
205,58.0
205,15.0
206,58.0
207,58.0
208,58.0
209,58.0
210,58.0
211,58.0
211,15.0
212,58.0
212,15.0
213,58.0
213,15.0
214,58.0
214,15.0
215,58.0
215,15.0
216,58.0
216,15.0
217,58.0
217,15.0
218,58.0
218,15.0
219,58.0
219,15.0
220,58.0
220,15.0
221,58.0
221,15.0
222,58.0
222,15.0
223,58.0
223,15.0
224,58.0
224,15.0
225,58.0
225,15.0
226,58.0
226,15.0
227,58.0
227,15.0
228,58.0
228,15.0
229,58.0
229,15.0
230,58.0
231,58.0
232,58.0
233,58.0
234,58.0
235,58.0
236,58.0
237,58.0
238,58.0
238,15.0
239,58.0
239,15.0
240,58.0
240,15.0
241,58.0
241,15.0
242,58.0
242,15.0
243,58.0
243,15.0
243,16.0
244,58.0
244,15.0
245,58.0
245,15.0
246,58.0
246,15.0
247,58.0
247,15.0
248,58.0
249,58.0
250,58.0
250,15.0
251,58.0
251,15.0
252,58.0
252,15.0
253,58.0
254,58.0
255,58.0
256,58.0
256,16.0
257,58.0
257,16.0
258,58.0
258,16.0
259,58.0
259,16.0
260,58.0
260,16.0
261,58.0
261,16.0
262,58.0
262,16.0
263,58.0
263,16.0
264,58.0
264,16.0
265,58.0
265,16.0
266,58.0
266,16.0
267,58.0
267,16.0
268,58.0
268,16.0
269,58.0
269,16.0
270,58.0
270,16.0
271,58.0
271,16.0
272,58.0
272,16.0
273,58.0
273,16.0
274,58.0
274,16.0
275,58.0
275,16.0
276,58.0
276,16.0
277,58.0
277,16.0
278,58.0
278,16.0
279,58.0
279,16.0
280,58.0
280,16.0
281,58.0
281,16.0
282,58.0
282,16.0
283,58.0
284,58.0
285,58.0
286,58.0
286,16.0
287,58.0
287,16.0
288,58.0
289,58.0
289,16.0
290,58.0
291,58.0
292,58.0
293,58.0
294,58.0
295,58.0
296,58.0
297,58.0
297,15.0
298,58.0
299,58.0
300,58.0
300,15.0
301,58.0
302,58.0
303,58.0
304,58.0
305,58.0
306,58.0
307,58.0
307,16.0
308,58.0
308,16.0
309,58.0
310,58.0
310,15.0
311,58.0
311,15.0
312,58.0
312,15.0
313,58.0
314,58.0
315,58.0
316,58.0
317,58.0
318,58.0
319,58.0
320,58.0
321,58.0
322,58.0
323,58.0
324,58.0
324,15.0
325,58.0
325,15.0
326,58.0
326,15.0
327,58.0
327,15.0
328,58.0
328,15.0
329,58.0
329,15.0
330,58.0
331,58.0
332,58.0
333,58.0
333,15.0
334,58.0
334,15.0
335,58.0
335,15.0
336,58.0
337,58.0
338,58.0
339,58.0
340,58.0
341,58.0
342,58.0
343,58.0
344,58.0
345,58.0
346,58.0
347,58.0
348,58.0
349,58.0
350,58.0
351,58.0
352,58.0
353,58.0
354,58.0
355,58.0
356,58.0
357,58.0
358,58.0
359,58.0
360,58.0
361,58.0
362,58.0
363,58.0
364,58.0
365,58.0
366,58.0
367,58.0
368,58.0
369,58.0
369,15.0
370,58.0
370,15.0
371,58.0
371,15.0
372,58.0
373,58.0
374,58.0
375,58.0
376,58.0
376,15.0
377,58.0
377,15.0
378,15.0
378,58.0
379,15.0
379,58.0
380,15.0
380,58.0
381,15.0
381,58.0
382,15.0
382,58.0
383,15.0
383,58.0
384,15.0
384,58.0
385,15.0
385,58.0
386,15.0
386,58.0
387,15.0
387,58.0
388,15.0
388,58.0
389,15.0
389,58.0
390,15.0
390,58.0
391,15.0
391,58.0
392,15.0
392,58.0
393,15.0
393,58.0
394,15.0
394,58.0
395,15.0
395,58.0
396,15.0
396,58.0
397,15.0
397,58.0
398,15.0
398,58.0
399,15.0
399,58.0
400,15.0
400,58.0
401,15.0
401,58.0
402,15.0
402,58.0
403,15.0
403,58.0
404,15.0
404,58.0
405,15.0
405,58.0
406,15.0
406,58.0
407,15.0
407,58.0
408,15.0
408,58.0
409,15.0
409,58.0
410,15.0
410,58.0
411,15.0
411,58.0
412,15.0
412,58.0
413,15.0
413,58.0
414,15.0
414,58.0
415,15.0
415,58.0
416,15.0
416,58.0
417,15.0
417,58.0
418,15.0
418,58.0
419,15.0
419,58.0
420,58.0
420,15.0
421,58.0
421,15.0
422,58.0
422,15.0
423,58.0
423,15.0
424,58.0
424,15.0
425,58.0
425,15.0
426,58.0
426,15.0
427,15.0
427,58.0
428,15.0
428,58.0
429,15.0
429,58.0
430,58.0
430,15.0
431,58.0
431,15.0
432,58.0
432,15.0
433,58.0
433,15.0
434,58.0
434,15.0
435,15.0
435,58.0
436,58.0
436,15.0
437,58.0
437,15.0
438,58.0
438,15.0
439,58.0
439,15.0
440,58.0
440,15.0
441,58.0
441,15.0
442,58.0
442,15.0
443,58.0
443,15.0
444,58.0
444,15.0
444,16.0
445,58.0
445,16.0
446,58.0
446,16.0
447,58.0
447,16.0
447,15.0
448,58.0
448,16.0
449,58.0
449,16.0
450,58.0
450,15.0
450,16.0
451,58.0
451,15.0
452,58.0
452,15.0
453,58.0
453,15.0
454,58.0
454,15.0
455,58.0
455,15.0
456,58.0
456,15.0
457,58.0
457,15.0
458,58.0
458,15.0
459,58.0
459,15.0
460,58.0
460,15.0
461,58.0
462,58.0
463,58.0
464,58.0
465,58.0
466,58.0
467,58.0
468,58.0
468,15.0
469,58.0
469,15.0
470,58.0
470,15.0
471,58.0
471,15.0
472,58.0
472,15.0
473,58.0
473,15.0
474,58.0
474,15.0
475,58.0
475,15.0
476,58.0
476,15.0
477,58.0
477,15.0
478,58.0
478,15.0
479,58.0
479,15.0
480,58.0
480,15.0
481,58.0
481,15.0
482,58.0
482,15.0
483,58.0
483,15.0
484,58.0
484,15.0
485,58.0
485,15.0
486,58.0
486,15.0
487,58.0
488,58.0
488,15.0
489,58.0
489,15.0
490,58.0
490,15.0
491,58.0
491,15.0
492,58.0
492,15.0
493,58.0
493,15.0
494,58.0
494,15.0
495,58.0
495,15.0
496,58.0
496,15.0
497,58.0
497,15.0
498,58.0
498,15.0
499,58.0
499,15.0
500,58.0
500,15.0
501,58.0
501,15.0
501,16.0
502,58.0
502,16.0
503,58.0
503,16.0
504,58.0
504,16.0
505,58.0
505,16.0
506,58.0
506,16.0
507,58.0
507,16.0
508,58.0
508,16.0
509,58.0
509,16.0
510,58.0
510,16.0
511,58.0
511,15.0
512,58.0
512,15.0
513,58.0
513,15.0
513,16.0
514,58.0
514,15.0
514,16.0
515,58.0
515,15.0
515,16.0
516,58.0
516,15.0
516,16.0
517,58.0
517,15.0
517,16.0
518,58.0
518,15.0
518,16.0
519,58.0
519,16.0
519,15.0
520,58.0
520,15.0
520,16.0
521,58.0
521,16.0
521,15.0
522,58.0
522,16.0
522,15.0
523,58.0
523,16.0
524,58.0
524,16.0
524,15.0
525,58.0
525,16.0
526,58.0
526,16.0
527,58.0
527,16.0
528,58.0
528,16.0
529,58.0
529,16.0
530,58.0
530,16.0
531,58.0
531,16.0
532,58.0
532,16.0
533,58.0
533,16.0
534,58.0
534,16.0
535,58.0
535,15.0
536,58.0
536,15.0
537,58.0
537,15.0
538,58.0
538,15.0
539,58.0
539,15.0
540,15.0
540,58.0
541,15.0
541,58.0
542,15.0
542,58.0
543,15.0
543,58.0
544,15.0
544,58.0
545,15.0
545,58.0
546,15.0
546,58.0
547,15.0
547,58.0
548,15.0
548,58.0
549,15.0
549,58.0
550,15.0
550,58.0
551,15.0
551,58.0
552,58.0
552,15.0
553,58.0
553,15.0
554,58.0
554,15.0
555,58.0
555,15.0
556,58.0
556,15.0
557,58.0
557,15.0
558,58.0
558,15.0
559,58.0
559,15.0
560,58.0
560,15.0
561,58.0
561,15.0
561,16.0
562,58.0
562,16.0
563,58.0
563,16.0
564,58.0
564,16.0
564,15.0
565,58.0
565,15.0
566,58.0
566,16.0
567,58.0
567,15.0
568,58.0
568,15.0
569,58.0
569,15.0
570,58.0
570,15.0
571,58.0
571,15.0
572,58.0
572,15.0
573,58.0
573,15.0
574,58.0
574,15.0
575,58.0
575,15.0
576,58.0
576,15.0
577,58.0
577,15.0
578,58.0
578,15.0
579,58.0
579,15.0
580,58.0
580,15.0
581,58.0
581,15.0
582,58.0
582,15.0
583,58.0
583,15.0
584,58.0
584,15.0
585,58.0
585,15.0
586,58.0
586,15.0
587,58.0
587,15.0
588,58.0
588,15.0
589,58.0
589,15.0
590,58.0
590,15.0
591,58.0
591,15.0
592,58.0
592,15.0
593,58.0
593,15.0
594,58.0
595,58.0
596,58.0
597,58.0
598,58.0
598,15.0
599,58.0
599,15.0
600,58.0
600,15.0
601,58.0
602,58.0
602,15.0
603,58.0
603,15.0
604,58.0
604,15.0
605,58.0
606,58.0
607,58.0
608,58.0
609,58.0
610,58.0
611,58.0
612,58.0
613,58.0
614,58.0
614,15.0
615,58.0
615,15.0
616,58.0
616,15.0
617,58.0
617,15.0
618,58.0
618,15.0
619,58.0
619,15.0
620,58.0
620,15.0
621,58.0
621,15.0
622,58.0
623,58.0
624,58.0
625,58.0
626,58.0
627,58.0
628,58.0
629,58.0
630,58.0
630,16.0
631,58.0
631,16.0
632,58.0
632,15.0
633,58.0
633,15.0
634,58.0
634,15.0
635,58.0
635,15.0
636,58.0
636,15.0
637,58.0
637,16.0
638,58.0
638,15.0
638,16.0
639,58.0
639,15.0
640,58.0
640,15.0
641,58.0
641,15.0
642,58.0
642,15.0
643,58.0
643,15.0
643,16.0
644,58.0
644,15.0
644,16.0
645,58.0
645,15.0
645,16.0
646,58.0
646,15.0
647,58.0
647,15.0
648,58.0
648,15.0
649,58.0
649,15.0
650,58.0
650,15.0
650,16.0
651,58.0
651,16.0
652,58.0
652,16.0
652,15.0
653,58.0
653,16.0
654,58.0
654,16.0
655,58.0
655,0.0
656,58.0
656,15.0
657,15.0
657,58.0
658,15.0
658,58.0
659,15.0
659,58.0
660,15.0
660,58.0
661,15.0
661,58.0
662,15.0
662,58.0
663,58.0
663,16.0
664,58.0
664,15.0
664,16.0
665,58.0
665,15.0
665,16.0
666,58.0
666,15.0
666,16.0
667,58.0
667,15.0
668,58.0
669,58.0
670,58.0
670,16.0
671,58.0
671,16.0
672,58.0
673,58.0
673,16.0
673,15.0
674,58.0
674,16.0
675,58.0
675,16.0
676,58.0
676,16.0
676,15.0
677,58.0
677,15.0
677,16.0
678,58.0
678,16.0
678,15.0
679,16.0
679,58.0
679,15.0
680,16.0
680,58.0
680,15.0
681,16.0
681,58.0
681,15.0
682,16.0
682,58.0
682,15.0
683,16.0
683,58.0
684,16.0
684,58.0
684,15.0
685,16.0
685,58.0
685,15.0
686,16.0
686,58.0
686,15.0
687,16.0
687,58.0
688,16.0
688,58.0
689,16.0
689,58.0
690,16.0
690,58.0
691,16.0
691,58.0
692,16.0
692,58.0
693,16.0
693,58.0
694,16.0
694,58.0
695,16.0
695,58.0
696,16.0
696,58.0
697,16.0
697,58.0
698,16.0
698,58.0
699,16.0
699,58.0
700,16.0
700,58.0
701,16.0
701,58.0
702,16.0
702,58.0
703,16.0
703,58.0
704,16.0
704,58.0
705,16.0
705,58.0
706,16.0
706,58.0
707,16.0
707,58.0
708,16.0
708,58.0
709,16.0
709,58.0
710,16.0
710,58.0
711,16.0
711,58.0
712,16.0
712,58.0
713,16.0
713,58.0
714,16.0
714,58.0
715,16.0
715,58.0
716,16.0
716,58.0
717,16.0
717,58.0
718,16.0
718,58.0
719,16.0
719,58.0
720,16.0
720,58.0
721,16.0
721,58.0
722,16.0
722,58.0
723,16.0
723,58.0
724,16.0
724,58.0
725,16.0
725,58.0
726,16.0
726,58.0
727,16.0
727,58.0
728,16.0
728,58.0
729,16.0
729,58.0
730,16.0
730,58.0
731,16.0
731,58.0
732,16.0
732,58.0
733,16.0
733,58.0
734,16.0
734,58.0
735,16.0
735,58.0
736,16.0
736,58.0
737,16.0
737,58.0
738,16.0
738,58.0
739,16.0
739,58.0
740,16.0
740,58.0
741,16.0
741,58.0
742,16.0
742,58.0
743,16.0
743,58.0
744,16.0
744,58.0
745,16.0
745,58.0
746,58.0
746,16.0
747,58.0
747,16.0
748,16.0
748,58.0
749,16.0
749,58.0
750,58.0
750,16.0
751,58.0
751,16.0
752,58.0
752,16.0
753,58.0
753,16.0
754,58.0
754,16.0
755,58.0
755,16.0
756,58.0
756,16.0
757,58.0
757,16.0
758,58.0
758,16.0
759,58.0
759,16.0
760,58.0
760,16.0
761,58.0
761,16.0
762,58.0
763,58.0
764,58.0
764,16.0
765,58.0
766,58.0
767,58.0
768,58.0
769,58.0
770,58.0
771,58.0
772,58.0
773,58.0
774,58.0
775,58.0
775,16.0
776,58.0
776,16.0
777,58.0
777,16.0
778,58.0
778,16.0
779,58.0
779,16.0
780,58.0
780,16.0
781,58.0
781,16.0
782,58.0
782,16.0
783,58.0
783,16.0
784,58.0
784,16.0
785,58.0
785,16.0
786,58.0
786,16.0
787,58.0
787,16.0
788,58.0
788,16.0
789,58.0
789,16.0
790,58.0
790,16.0
791,58.0
791,16.0
792,58.0
792,16.0
793,58.0
793,16.0
794,58.0
794,16.0
795,58.0
795,16.0
796,16.0
796,58.0
797,16.0
797,58.0
798,16.0
798,58.0
799,16.0
799,58.0
800,16.0
800,58.0
801,16.0
801,58.0
802,16.0
802,58.0
803,16.0
803,58.0
804,16.0
804,58.0
805,16.0
805,58.0
806,16.0
806,58.0
807,16.0
807,58.0
808,16.0
808,58.0
809,16.0
809,58.0
810,16.0
810,58.0
811,16.0
811,58.0
812,16.0
812,58.0
813,16.0
813,58.0
814,16.0
814,58.0
815,16.0
815,58.0
816,58.0
816,16.0
817,58.0
817,16.0
818,58.0
818,16.0
819,58.0
819,16.0
820,58.0
821,58.0
822,15.0
822,58.0
823,58.0
823,15.0
823,16.0
824,58.0
824,15.0
824,16.0
825,16.0
825,58.0
825,15.0
826,15.0
826,58.0
826,16.0
827,15.0
827,58.0
827,16.0
828,16.0
828,58.0
829,16.0
829,58.0
830,58.0
830,15.0
830,16.0
831,16.0
831,58.0
832,16.0
832,58.0
833,16.0
833,58.0
834,16.0
834,58.0
835,58.0
836,58.0
839,58.0
840,58.0
841,16.0
841,58.0
842,16.0
842,58.0
843,16.0
843,58.0
844,58.0
844,16.0
845,58.0
845,16.0
846,16.0
846,58.0
847,16.0
848,16.0
849,16.0
850,16.0
851,16.0
852,16.0
853,16.0
854,16.0
855,16.0
856,16.0
857,16.0
858,16.0
859,16.0
859,58.0
860,16.0
860,58.0
861,16.0
861,58.0
862,16.0
862,58.0
863,16.0
863,58.0
864,58.0
864,16.0
865,58.0
865,16.0
866,58.0
866,16.0
867,16.0
867,58.0
868,58.0
869,58.0
870,58.0
870,16.0
871,58.0
871,15.0
871,16.0
872,58.0
872,16.0
873,58.0
873,15.0
873,16.0
874,16.0
874,58.0
875,16.0
875,58.0
876,16.0
876,58.0
877,16.0
877,58.0
878,16.0
878,58.0
879,16.0
879,58.0
880,16.0
880,58.0
881,16.0
881,58.0
882,16.0
882,58.0
883,16.0
883,58.0
884,16.0
884,58.0
885,16.0
885,58.0
886,16.0
886,58.0
887,16.0
887,58.0
888,58.0
888,15.0
889,15.0
889,58.0
890,58.0
890,15.0
891,58.0
891,15.0
892,58.0
892,15.0
893,58.0
893,15.0
894,58.0
894,15.0
895,58.0
895,16.0
896,58.0
896,15.0
896,16.0
897,58.0
897,16.0
898,58.0
898,16.0
899,58.0
899,16.0
900,58.0
900,16.0
901,16.0
901,58.0
902,16.0
902,58.0
903,58.0
903,16.0
904,58.0
904,16.0
905,58.0
905,16.0
906,58.0
906,16.0
907,58.0
907,16.0
908,58.0
908,15.0
909,58.0
909,15.0
910,58.0
910,15.0
911,58.0
911,15.0
912,58.0
912,16.0
913,58.0
913,16.0
914,58.0
914,16.0
914,15.0
915,58.0
915,16.0
916,58.0
917,58.0
918,58.0
918,15.0
919,58.0
919,15.0
920,58.0
920,15.0
921,58.0
921,15.0
922,58.0
922,15.0
923,58.0
923,15.0
924,58.0
924,15.0
925,58.0
925,15.0
926,58.0
926,15.0
927,58.0
927,15.0
928,58.0
928,15.0
929,58.0
930,58.0
931,58.0
931,15.0
932,58.0
932,15.0
933,58.0
933,15.0
934,58.0
934,16.0
934,15.0
935,58.0
935,16.0
935,15.0
936,58.0
936,16.0
937,16.0
937,58.0
938,16.0
938,58.0
939,16.0
939,58.0
940,16.0
940,58.0
941,16.0
941,58.0
942,16.0
942,58.0
943,16.0
943,58.0
944,16.0
944,58.0
945,16.0
945,58.0
946,58.0
946,16.0
947,58.0
947,16.0
948,58.0
948,15.0
949,58.0
949,15.0
949,16.0
950,58.0
950,16.0
950,15.0
951,58.0
951,16.0
952,16.0
952,58.0
953,16.0
953,58.0
954,58.0
954,16.0
955,58.0
955,16.0
956,58.0
956,16.0
957,58.0
958,58.0
958,16.0
959,58.0
959,16.0
960,58.0
960,16.0
961,58.0
961,16.0
962,58.0
962,16.0
963,16.0
963,58.0
964,16.0
964,58.0
965,16.0
965,58.0
966,16.0
966,58.0
967,16.0
967,58.0
968,58.0
968,16.0
969,58.0
969,16.0
970,16.0
970,58.0
971,16.0
971,58.0
972,16.0
972,58.0
973,58.0
973,16.0
974,58.0
974,16.0
975,58.0
975,15.0
975,16.0
976,58.0
976,15.0
977,58.0
977,15.0
978,58.0
979,16.0
979,58.0
980,16.0
980,58.0
981,16.0
981,58.0
982,16.0
982,58.0
983,16.0
983,58.0
984,16.0
984,58.0
985,16.0
985,58.0
986,16.0
986,58.0
987,16.0
987,58.0
988,58.0
988,16.0
989,58.0
989,16.0
990,58.0
990,16.0
991,58.0
991,16.0
992,16.0
992,58.0
993,16.0
993,58.0
994,16.0
994,58.0
995,16.0
995,58.0
996,16.0
996,58.0
997,16.0
997,58.0
998,16.0
998,58.0
999,16.0
999,58.0
1000,16.0
1000,58.0
1001,16.0
1001,58.0
1002,16.0
1002,58.0
1003,16.0
1003,58.0
1004,16.0
1004,58.0
1005,16.0
1005,58.0
1006,58.0
1006,16.0
1007,58.0
1007,16.0
1008,58.0
1008,16.0
1009,58.0
1010,58.0
1011,58.0
1012,58.0
1013,58.0
1014,58.0
1015,58.0
1016,58.0
1017,58.0
1018,58.0
1019,58.0
1020,58.0
1021,58.0
1022,58.0
1023,58.0
1024,58.0
1025,58.0
1026,58.0
1027,58.0
1028,58.0
1029,58.0
1030,58.0
1031,58.0
1032,58.0
1033,58.0
1034,58.0
1035,58.0
1036,58.0
1037,58.0
1038,58.0
1039,58.0
1040,58.0
1041,58.0
1042,58.0
1043,58.0
1044,58.0
1045,58.0
1046,58.0
1047,58.0
1048,58.0
1049,58.0
1050,58.0
1051,58.0
1052,58.0
1053,58.0
1054,58.0
1055,58.0
1056,58.0
1057,58.0
1058,58.0
1058,16.0
1059,58.0
1059,16.0
1060,58.0
1061,58.0
1062,58.0
1063,58.0
1063,16.0
1064,58.0
1064,16.0
1065,58.0
1066,58.0
1066,16.0
1067,58.0
1067,16.0
1068,58.0
1068,16.0
1069,58.0
1070,58.0
1070,16.0
1071,58.0
1071,16.0
1072,58.0
1072,16.0
1073,58.0
1073,16.0
1074,58.0
1074,16.0
1075,58.0
1075,16.0
1076,58.0
1076,16.0
1077,16.0
1077,58.0
1078,16.0
1078,58.0
1079,16.0
1079,58.0
1080,16.0
1080,58.0
1081,58.0
1081,16.0
1082,58.0
1082,16.0
1083,58.0
1083,16.0
1084,58.0
1084,16.0
1085,58.0
1085,16.0
1086,58.0
1086,16.0
1087,58.0
1087,16.0
1088,58.0
1088,16.0
1089,58.0
1089,16.0
1090,58.0
1090,16.0
1091,58.0
1091,16.0
1092,58.0
1092,16.0
1093,58.0
1093,16.0
1094,58.0
1094,16.0
1095,58.0
1095,16.0
1096,58.0
1096,16.0
1097,58.0
1097,16.0
1098,58.0
1098,16.0
1099,58.0
1099,16.0
1100,58.0
1100,16.0
1101,58.0
1101,16.0
1102,58.0
1102,16.0
1103,58.0
1103,16.0
1104,58.0
1104,16.0
1105,58.0
1105,16.0
1106,58.0
1106,16.0
1107,16.0
1107,58.0
1108,16.0
1108,58.0
1109,58.0
1109,16.0
1110,16.0
1110,58.0
1111,58.0
1111,16.0
1112,16.0
1112,58.0
1113,16.0
1113,58.0
1114,16.0
1114,58.0
1115,16.0
1115,58.0
1116,16.0
1116,58.0
1117,16.0
1117,58.0
1118,16.0
1118,58.0
1119,16.0
1119,58.0
1120,16.0
1120,58.0
1121,16.0
1121,58.0
1122,58.0
1122,15.0
1123,15.0
1123,58.0
1123,16.0
1124,58.0
1124,15.0
1125,58.0
1125,15.0
1125,16.0
1126,16.0
1126,58.0
1127,16.0
1127,58.0
1128,16.0
1128,58.0
1129,16.0
1129,58.0
1130,16.0
1130,58.0
1131,16.0
1131,58.0
1132,16.0
1132,58.0
1133,16.0
1133,58.0
1134,16.0
1134,58.0
1135,16.0
1135,58.0
1136,16.0
1136,58.0
1137,16.0
1137,58.0
1138,16.0
1138,58.0
1139,16.0
1139,58.0
1140,16.0
1140,58.0
1141,16.0
1141,58.0
1142,16.0
1142,58.0
1143,16.0
1143,58.0
1144,16.0
1144,58.0
1145,16.0
1145,58.0
1146,16.0
1146,58.0
1147,16.0
1147,58.0
1148,16.0
1148,58.0
1149,58.0
1150,58.0
1151,58.0
1152,58.0
1153,58.0
1154,58.0
1155,58.0
1156,58.0
1157,58.0
1158,58.0
1159,58.0
1160,58.0
1161,58.0
1162,58.0
1163,58.0
1164,58.0
1165,58.0
1166,58.0
1167,58.0
1182,58.0
1183,58.0
1184,58.0
1189,58.0
1190,58.0
1191,58.0
1192,58.0
1193,58.0
1194,58.0
1195,58.0
1196,58.0
1197,58.0
1198,58.0
1199,58.0
1200,58.0
1201,58.0
1202,58.0
1203,58.0
1204,58.0
1205,58.0
1206,58.0
1207,58.0
1208,58.0
1209,58.0
1210,58.0
1211,58.0
1212,58.0
1213,58.0
1214,58.0
1215,58.0
1216,58.0
1217,58.0
1218,58.0
1219,58.0
1220,58.0
1221,58.0
1222,58.0
1223,58.0
1224,58.0
1225,58.0
1226,58.0
1227,58.0
1228,58.0
1229,58.0
1230,58.0
1231,58.0
1232,58.0
1233,58.0
1234,58.0
1235,58.0
1236,58.0
1237,58.0
1238,58.0
1238,16.0
1239,58.0
1240,58.0
1241,58.0
1242,58.0
1242,16.0
1243,58.0
1244,58.0
1244,16.0
1244,15.0
1245,58.0
1245,16.0
1245,15.0
1246,58.0
1246,15.0
1246,16.0
1247,58.0
1247,15.0
1247,16.0
1248,15.0
1248,58.0
1249,15.0
1249,58.0
1250,15.0
1250,58.0
1251,58.0
1251,15.0
1252,58.0
1252,15.0
1252,16.0
1253,58.0
1253,15.0
1253,16.0
1254,58.0
1254,15.0
1255,15.0
1255,58.0
1256,15.0
1256,58.0
1257,15.0
1257,58.0
1258,58.0
1258,15.0
1259,58.0
1259,15.0
1260,58.0
1260,15.0
1261,58.0
1261,15.0
1262,15.0
1262,58.0
1263,58.0
1263,15.0
1264,58.0
1264,15.0
1265,58.0
1265,15.0
1266,58.0
1266,15.0
1267,58.0
1267,15.0
1268,15.0
1268,58.0
1269,58.0
1269,15.0
1269,16.0
1270,58.0
1270,16.0
1271,58.0
1271,16.0
1272,58.0
1272,16.0
1273,58.0
1273,16.0
1274,58.0
1274,16.0
1275,58.0
1275,16.0
1276,58.0
1276,16.0
1277,58.0
1277,16.0
1278,58.0
1279,58.0
1279,15.0
1280,58.0
1280,15.0
1281,58.0
1281,15.0
1282,58.0
1282,15.0
1283,58.0
1283,15.0
1284,58.0
1284,15.0
1285,58.0
1285,15.0
1286,58.0
1286,15.0
1286,16.0
1287,58.0
1287,15.0
1287,16.0
1288,58.0
1288,16.0
1288,15.0
1289,58.0
1289,16.0
1289,15.0
1290,58.0
1290,15.0
1290,16.0
1291,58.0
1291,16.0
1292,58.0
1292,16.0
1292,15.0
1293,15.0
1293,58.0
1294,15.0
1294,58.0
1295,15.0
1295,58.0
1296,15.0
1296,58.0
1297,58.0
1297,15.0
1297,16.0
1298,58.0
1299,16.0
1299,58.0
1300,58.0
1301,58.0
1302,58.0
1303,58.0
1304,16.0
1304,58.0
1305,16.0
1305,58.0
1306,16.0
1306,58.0
1307,16.0
1307,58.0
1308,16.0
1308,58.0
1309,16.0
1309,58.0
1310,16.0
1310,58.0
1311,16.0
1311,58.0
1312,16.0
1312,58.0
1313,16.0
1313,58.0
1314,16.0
1314,58.0
1315,16.0
1315,58.0
1316,16.0
1316,58.0
1317,16.0
1317,58.0
1318,16.0
1318,58.0
1319,16.0
1319,58.0
1320,16.0
1320,58.0
1321,16.0
1321,58.0
1322,16.0
1322,58.0
1323,16.0
1323,58.0
1324,16.0
1324,58.0
1325,16.0
1325,58.0
1326,16.0
1326,58.0
1327,16.0
1327,58.0
1328,16.0
1328,58.0
1329,16.0
1329,58.0
1330,58.0
1330,16.0
1331,58.0
1331,16.0
1332,58.0
1333,58.0
1334,58.0
1335,58.0
1336,58.0
1337,58.0
1338,58.0
1339,58.0
1340,58.0
1341,58.0
1342,58.0
1343,58.0
1344,58.0
1345,58.0
1345,16.0
1346,58.0
1347,58.0
1347,16.0
1348,58.0
1349,58.0
1350,58.0
1350,15.0
1351,58.0
1352,58.0
1353,58.0
1354,58.0
1355,58.0
1356,15.0
1356,58.0
1357,15.0
1357,58.0
1358,15.0
1358,58.0
1359,58.0
1360,58.0
1361,58.0
1362,58.0
1363,58.0
1364,58.0
1365,58.0
1366,58.0
1367,58.0
1368,58.0
1369,58.0
1369,16.0
1370,58.0
1370,16.0
1371,58.0
1371,16.0
1372,58.0
1373,58.0
1374,58.0
1374,16.0
1375,58.0
1375,16.0
1376,16.0
1376,58.0
1377,16.0
1377,58.0
1378,16.0
1378,58.0
1379,16.0
1379,58.0
1380,16.0
1380,58.0
1381,16.0
1381,58.0
1382,16.0
1382,58.0
1383,16.0
1383,58.0
1384,16.0
1384,58.0
1385,16.0
1385,58.0
1386,16.0
1386,58.0
1387,16.0
1387,58.0
1388,16.0
1388,58.0
1389,16.0
1389,58.0
1390,16.0
1390,58.0
1391,16.0
1391,58.0
1392,58.0
1393,16.0
1393,58.0
1394,16.0
1394,58.0
1395,16.0
1395,58.0
1396,16.0
1396,58.0
1397,16.0
1397,58.0
1398,16.0
1398,58.0
1399,16.0
1399,58.0
1400,16.0
1400,58.0
1401,16.0
1401,58.0
1402,16.0
1402,58.0
1403,16.0
1403,58.0
1404,16.0
1404,58.0
1405,58.0
1406,58.0
1406,16.0
1407,16.0
1407,58.0
1408,16.0
1408,58.0
1409,16.0
1409,58.0
1410,16.0
1410,58.0
1411,16.0
1411,58.0
1412,16.0
1412,58.0
1413,16.0
1413,58.0
1414,16.0
1414,58.0
1415,16.0
1415,58.0
1416,16.0
1416,58.0
1417,16.0
1417,58.0
1418,16.0
1418,58.0
1419,16.0
1419,58.0
1420,16.0
1420,58.0
1421,16.0
1421,58.0
1422,16.0
1422,58.0
1423,16.0
1423,58.0
1424,16.0
1424,58.0
1425,16.0
1425,58.0
1426,16.0
1426,58.0
1427,16.0
1427,58.0
1428,16.0
1428,58.0
1429,16.0
1429,58.0
1430,16.0
1430,58.0
1431,16.0
1431,58.0
1432,16.0
1432,58.0
1433,16.0
1433,58.0
1434,16.0
1434,58.0
1435,16.0
1435,58.0
1436,16.0
1436,58.0
1437,16.0
1438,16.0
1439,16.0
1440,16.0
1441,16.0
1444,16.0
1444,58.0
1445,16.0
1446,16.0
1447,16.0
1448,58.0
1448,16.0
1449,16.0
1449,58.0
1450,58.0
1450,16.0
1451,58.0
1451,16.0
1452,58.0
1453,58.0
1453,16.0
1454,58.0
1454,16.0
1455,16.0
1455,58.0
1456,16.0
1456,58.0
1457,16.0
1457,58.0
1458,16.0
1458,58.0
1459,58.0
1459,16.0
1460,16.0
1460,58.0
1461,16.0
1461,58.0
1462,58.0
1462,16.0
1463,58.0
1463,16.0
1464,58.0
1465,58.0
1465,16.0
1466,58.0
1466,16.0
1467,58.0
1467,16.0
1468,58.0
1469,58.0
1470,58.0
1470,16.0
1471,58.0
1471,16.0
1472,16.0
1472,58.0
1473,16.0
1473,58.0
1474,16.0
1474,58.0
1475,16.0
1475,58.0
1476,16.0
1476,58.0
1477,16.0
1477,58.0
1478,16.0
1478,58.0
1479,16.0
1479,58.0
1480,58.0
1480,16.0
1481,16.0
1481,58.0
1482,16.0
1482,58.0
1483,16.0
1483,58.0
1484,16.0
1484,58.0
1485,16.0
1485,58.0
1486,16.0
1486,58.0
1487,16.0
1487,58.0
1488,16.0
1488,58.0
1489,16.0
1489,58.0
1490,16.0
1490,58.0
1491,16.0
1491,58.0
1492,16.0
1492,58.0
1493,16.0
1493,58.0
1494,16.0
1494,58.0
1495,16.0
1495,58.0
1496,16.0
1496,58.0
1497,16.0
1497,58.0
1498,16.0
1498,58.0
1499,16.0
1499,58.0
1500,16.0
1500,58.0
1501,16.0
1501,58.0
1502,16.0
1502,58.0
1503,16.0
1503,58.0
1504,16.0
1504,58.0
1505,16.0
1505,58.0
1506,16.0
1506,58.0
1507,16.0
1507,58.0
1508,16.0
1508,58.0
1509,16.0
1509,58.0
1510,16.0
1510,58.0
1511,16.0
1511,58.0
1512,16.0
1512,58.0
1513,16.0
1513,58.0
1514,16.0
1514,58.0
1515,16.0
1515,58.0
1516,16.0
1516,58.0
1517,16.0
1517,58.0
1518,16.0
1518,58.0
1519,16.0
1519,58.0
1520,16.0
1520,58.0
1521,16.0
1521,58.0
1522,16.0
1522,58.0
1523,16.0
1523,58.0
1524,16.0
1524,58.0
1525,16.0
1525,58.0
1526,16.0
1526,58.0
1527,16.0
1527,58.0
1528,16.0
1528,58.0
1529,16.0
1529,58.0
1530,16.0
1530,58.0
1531,16.0
1531,58.0
1532,16.0
1532,58.0
1533,16.0
1533,58.0
1534,16.0
1534,58.0
1535,16.0
1535,58.0
1536,16.0
1536,58.0
1537,16.0
1537,58.0
1538,16.0
1538,58.0
1539,16.0
1539,58.0
1540,16.0
1540,58.0
1541,16.0
1541,58.0
1542,16.0
1542,58.0
1543,16.0
1543,58.0
1544,16.0
1544,58.0
1545,16.0
1545,58.0
1546,16.0
1546,58.0
1547,16.0
1547,58.0
1548,16.0
1548,58.0
1549,16.0
1549,58.0
1550,16.0
1550,58.0
1551,16.0
1551,58.0
1552,16.0
1552,58.0
1553,16.0
1553,58.0
1554,16.0
1554,58.0
1555,16.0
1555,58.0
1556,16.0
1556,58.0
1557,16.0
1557,58.0
1558,16.0
1558,58.0
1559,16.0
1559,58.0
1560,16.0
1560,58.0
1561,16.0
1561,58.0
1562,16.0
1562,58.0
1563,16.0
1563,58.0
1564,16.0
1564,58.0
1565,16.0
1565,58.0
1566,16.0
1566,58.0
1567,16.0
1567,58.0
1568,16.0
1568,58.0
1569,16.0
1569,58.0
1570,16.0
1570,58.0
1571,16.0
1571,58.0
1572,16.0
1572,58.0
1573,16.0
1573,58.0
1574,16.0
1574,58.0
1575,16.0
1575,58.0
1576,16.0
1576,58.0
1577,16.0
1577,58.0
1578,16.0
1578,58.0
1579,16.0
1579,58.0
1580,16.0
1580,58.0
1581,16.0
1581,58.0
1582,16.0
1582,58.0
1583,16.0
1583,58.0
1584,16.0
1584,58.0
1585,16.0
1585,58.0
1586,16.0
1586,58.0
1587,16.0
1587,58.0
1588,16.0
1588,58.0
1589,16.0
1589,58.0
1590,16.0
1590,58.0
1591,16.0
1591,58.0
1592,16.0
1592,58.0
1593,16.0
1593,58.0
1594,16.0
1594,58.0
1595,16.0
1595,58.0
1596,16.0
1596,58.0
1597,16.0
1597,58.0
1598,16.0
1598,58.0
1599,16.0
1599,58.0
1600,16.0
1600,58.0
1601,16.0
1601,58.0
1602,16.0
1602,58.0
1603,16.0
1603,58.0
1604,16.0
1604,58.0
1605,16.0
1605,58.0
1606,16.0
1606,58.0
1607,16.0
1607,58.0
1608,16.0
1608,58.0
1609,16.0
1609,58.0
1610,16.0
1610,58.0
1611,16.0
1611,58.0
1612,16.0
1612,58.0
1613,16.0
1613,58.0
1614,16.0
1614,58.0
1615,16.0
1615,58.0
1616,16.0
1616,58.0
1617,16.0
1617,58.0
1618,16.0
1618,58.0
1619,16.0
1619,58.0
1620,16.0
1620,58.0
1621,16.0
1621,58.0
1622,16.0
1622,58.0
1623,16.0
1623,58.0
1624,16.0
1624,58.0
1625,16.0
1625,58.0
1626,16.0
1626,58.0
1627,16.0
1627,58.0
1628,16.0
1628,58.0
1629,16.0
1629,58.0
1630,16.0
1630,58.0
1631,16.0
1631,58.0
1632,16.0
1632,58.0
1633,16.0
1633,58.0
1634,16.0
1634,58.0
1635,16.0
1635,58.0
1636,16.0
1636,58.0
1637,16.0
1637,58.0
1638,16.0
1638,58.0
1639,58.0
1639,16.0
1640,58.0
1640,16.0
1641,58.0
1641,16.0
1642,58.0
1642,16.0
1643,58.0
1643,16.0
1644,58.0
1644,16.0
1645,58.0
1645,16.0
1646,58.0
1646,16.0
1647,58.0
1647,16.0
1648,58.0
1648,16.0
1649,58.0
1649,16.0
1650,58.0
1650,16.0
1651,58.0
1651,16.0
1652,58.0
1653,58.0
1654,58.0
1654,16.0
1655,58.0
1655,16.0
1656,58.0
1657,58.0
1657,16.0
1658,58.0
1658,16.0
1659,58.0
1659,16.0
1660,58.0
1661,58.0
1662,58.0
1662,16.0
1663,16.0
1663,58.0
1664,16.0
1664,58.0
1665,16.0
1665,58.0
1666,16.0
1666,58.0
1667,16.0
1667,58.0
1668,16.0
1668,58.0
1669,16.0
1669,58.0
1670,16.0
1670,58.0
1671,16.0
1671,58.0
1672,16.0
1672,58.0
1673,16.0
1673,58.0
1674,16.0
1674,58.0
1675,16.0
1675,58.0
1676,16.0
1676,58.0
1677,16.0
1677,58.0
1678,16.0
1678,58.0
1679,16.0
1679,58.0
1680,16.0
1680,58.0
1681,16.0
1681,58.0
1682,16.0
1682,58.0
1683,16.0
1683,58.0
1684,16.0
1684,58.0
1685,16.0
1685,58.0
1686,16.0
1686,58.0
1687,16.0
1687,58.0
1688,58.0
1688,16.0
1689,58.0
1689,16.0
1690,58.0
1690,16.0
1691,58.0
1691,16.0
1692,58.0
1693,58.0
1693,16.0
1694,16.0
1694,58.0
1695,58.0
1695,16.0
1696,58.0
1697,58.0
1698,58.0
1699,58.0
1699,15.0
1700,58.0
1700,16.0
1701,58.0
1701,15.0
1702,58.0
1702,15.0
1703,58.0
1703,15.0
1704,15.0
1704,58.0
1705,15.0
1705,58.0
1706,15.0
1706,58.0
1707,15.0
1707,58.0
1708,15.0
1708,58.0
1709,15.0
1709,58.0
1710,15.0
1710,58.0
1711,15.0
1711,58.0
1712,15.0
1712,58.0
1713,15.0
1713,58.0
1714,15.0
1714,58.0
1715,15.0
1715,58.0
1716,15.0
1716,58.0
1717,15.0
1717,58.0
1718,15.0
1718,58.0
1719,15.0
1719,58.0
1720,15.0
1720,58.0
1721,15.0
1721,58.0
1722,15.0
1722,58.0
1723,15.0
1723,58.0
1724,15.0
1724,58.0
1725,15.0
1725,58.0
1726,15.0
1726,58.0
1727,15.0
1727,58.0
1728,15.0
1728,58.0
1729,15.0
1729,58.0
1730,15.0
1730,58.0
1731,15.0
1731,58.0
1732,15.0
1732,58.0
1733,15.0
1733,58.0
1734,15.0
1734,58.0
1735,58.0
1736,58.0
1737,16.0
1737,58.0
1738,58.0
1738,16.0
1739,58.0
1739,16.0
1740,58.0
1740,16.0
1741,58.0
1741,16.0
1742,58.0
1743,58.0
1744,58.0
1745,58.0
1746,58.0
1747,58.0
1748,58.0
1749,58.0
1750,58.0
1751,58.0
1752,58.0
1753,58.0
1754,58.0
1755,58.0
1756,58.0
1757,58.0
1758,58.0
1759,58.0
1760,58.0
1760,16.0
1761,58.0
1761,16.0
1762,58.0
1762,16.0
1763,58.0
1763,16.0
1764,16.0
1764,58.0
1765,58.0
1765,16.0
1766,58.0
1766,16.0
1767,58.0
1767,16.0
1768,58.0
1768,16.0
1769,58.0
1769,16.0
1770,58.0
1770,16.0
1771,58.0
1771,16.0
1772,58.0
1772,16.0
1773,58.0
1773,16.0
1774,58.0
1774,16.0
1775,58.0
1775,16.0
1776,58.0
1776,16.0
1777,58.0
1778,58.0
1779,58.0
1780,58.0
1780,16.0
1781,58.0
1781,16.0
1782,16.0
1782,58.0
1783,58.0
1783,16.0
1784,58.0
1784,16.0
1785,58.0
1785,16.0
1786,58.0
1786,16.0
1787,58.0
1787,16.0
1788,58.0
1788,16.0
1789,58.0
1789,16.0
1790,58.0
1791,58.0
1792,58.0
1793,58.0
1794,58.0
1795,58.0
1796,58.0
1797,58.0
1798,58.0
1799,58.0
1800,58.0
1801,58.0
1802,58.0
1803,58.0
1804,58.0
1805,58.0
1806,58.0
1807,58.0
1808,58.0
1809,58.0
1810,58.0
1811,58.0
1812,58.0
1813,58.0
1814,58.0
1815,58.0
1816,58.0
1817,58.0
1818,58.0
1819,58.0
1820,58.0
1821,58.0
1822,58.0
1823,58.0
1824,58.0
1825,58.0
1826,58.0
1827,58.0
1828,58.0
1829,58.0
1830,58.0
1831,58.0
1832,58.0
1833,58.0
1834,58.0
1835,58.0
1836,58.0
1837,58.0
1838,58.0
1839,58.0
1840,58.0
1841,58.0
1842,58.0
1843,58.0
1844,16.0
1844,58.0
1845,16.0
1845,58.0
1846,58.0
1846,16.0
1847,58.0
1847,16.0
1848,58.0
1849,58.0
1850,58.0
1851,58.0
1852,58.0
1853,58.0
1854,58.0
1855,58.0
1856,58.0
1857,58.0
1858,58.0
1858,16.0
1859,58.0
1859,16.0
1860,58.0
1861,58.0
1861,16.0
1862,58.0
1863,58.0
1864,58.0
1865,58.0
1866,58.0
1867,58.0
1868,58.0
1869,58.0
1884,58.0
1885,58.0
1891,58.0
1893,58.0
1893,15.0
1894,58.0
1895,58.0
1896,58.0
1897,58.0
1898,58.0
1899,58.0
1902,58.0
1903,58.0
1904,58.0
1905,58.0
1906,58.0
1907,58.0
1908,58.0
1909,58.0
1910,58.0
1911,58.0
1912,58.0
1913,58.0
1914,58.0
1915,58.0
1916,58.0
1921,58.0
1922,58.0
1923,58.0
1924,58.0
1925,58.0
1926,58.0
1927,58.0
1928,58.0
1929,58.0
1930,58.0
1931,58.0
1933,15.0
1934,15.0
1935,15.0
1936,15.0
1937,15.0
1938,15.0
1939,15.0
1940,15.0
1941,15.0
1942,15.0
1943,15.0
1944,15.0
1945,15.0
1946,15.0
1947,15.0
1948,15.0
1949,15.0
1950,15.0
1951,15.0
1952,15.0
1952,58.0
1953,58.0
1953,15.0
1954,58.0
1955,58.0
1956,58.0
1957,58.0
1958,58.0
1959,58.0
1960,58.0
1961,58.0
1962,58.0
1963,58.0
1964,58.0
1965,58.0
1966,58.0
1967,58.0
1968,58.0
1969,58.0
1978,58.0
1979,58.0
1982,58.0
1983,58.0
1984,58.0
1985,58.0
1987,16.0
1987,58.0
1994,16.0
1995,16.0
1996,16.0
1997,16.0
1998,16.0
1999,16.0
2000,16.0
2001,58.0
2001,16.0
2002,58.0
2002,16.0
2003,58.0
2003,16.0
2004,16.0
2004,58.0
2005,16.0
2006,16.0
2007,16.0
2008,16.0
2008,58.0
2009,16.0
2009,58.0
2010,16.0
2011,58.0
2011,16.0
2012,58.0
2012,16.0
2013,58.0
2013,16.0
2014,16.0
2014,58.0
2015,16.0
2015,58.0
2016,16.0
2016,58.0
2017,16.0
2017,58.0
2018,16.0
2018,58.0
2019,16.0
2019,58.0
2020,16.0
2020,58.0
2021,16.0
2021,58.0
2022,16.0
2022,58.0
2023,16.0
2023,58.0
2024,16.0
2024,58.0
2025,58.0
2025,16.0
2026,58.0
2026,16.0
2027,58.0
2027,16.0
2028,58.0
2028,16.0
2029,58.0
2030,58.0
2031,58.0
2032,58.0
2033,58.0
2033,16.0
2034,58.0
2035,58.0
2036,16.0
2037,16.0
2038,16.0
2039,16.0
2040,16.0
2041,16.0
2042,16.0
2043,16.0
2044,16.0
2045,16.0
2046,16.0
2047,16.0
2048,16.0
2049,16.0
2050,16.0
2051,16.0
2052,16.0
2053,16.0
2054,16.0
2055,16.0
2058,16.0
2059,16.0
2060,16.0
2061,16.0
2062,16.0
2063,16.0
2064,16.0
2065,16.0
2066,16.0
2067,16.0
2068,16.0
2069,16.0
2070,16.0
2071,16.0
2072,16.0
2073,16.0
2074,16.0
2074,58.0
2075,16.0
2076,16.0
2077,16.0
2078,16.0
2080,16.0
2081,16.0
2082,16.0
2083,16.0
2084,16.0
2085,16.0
2086,16.0
2087,16.0
2088,16.0
2090,16.0
2092,16.0
2093,16.0
2094,16.0
2096,16.0
2097,16.0
2098,16.0
2099,16.0
2100,16.0
2101,16.0
2102,16.0
2103,16.0
2113,16.0
2160,15.0
2161,15.0
2372,16.0
2506,15.0
2507,15.0
2522,58.0
2529,15.0
2530,15.0
2530,58.0
2531,15.0
2531,58.0
2532,15.0
2532,58.0
2533,15.0
2533,58.0
2534,15.0
2539,15.0
2544,58.0
2545,15.0
2546,15.0
2547,15.0
2548,15.0
2549,15.0
2550,15.0
2551,15.0
2552,15.0
2553,15.0
2554,15.0
2555,15.0
2556,15.0
2557,15.0
2558,15.0
2559,15.0
2728,15.0
2729,15.0
2730,15.0
2731,58.0
2732,58.0
2733,58.0
2734,58.0
2735,58.0
2736,58.0
2737,58.0
2738,58.0
2738,15.0
2739,58.0
2745,58.0
2746,58.0
2747,58.0
2781,0.0
2782,0.0
2783,0.0
2785,0.0
2786,0.0
2787,0.0
2788,1.0
2789,1.0
2791,0.0
2793,0.0
2794,0.0
2795,0.0
2798,0.0
2799,0.0
2800,0.0
2801,0.0
2802,0.0
2803,0.0
