1,62.0
2,62.0
3,62.0
4,62.0
5,62.0
6,62.0
7,62.0
8,62.0
9,62.0
10,62.0
11,62.0
12,62.0
13,62.0
14,62.0
15,62.0
16,62.0
17,62.0
19,62.0
20,62.0
21,62.0
22,62.0
23,62.0
24,62.0
25,62.0
26,62.0
27,62.0
28,62.0
29,62.0
30,62.0
31,62.0
32,62.0
33,62.0
34,62.0
35,62.0
36,62.0
37,62.0
38,62.0
39,62.0
40,62.0
41,62.0
42,62.0
43,62.0
44,62.0
45,62.0
46,62.0
47,62.0
48,62.0
49,62.0
50,62.0
51,62.0
52,62.0
53,62.0
54,62.0
55,62.0
56,62.0
57,62.0
58,62.0
59,62.0
60,62.0
61,62.0
62,62.0
63,62.0
64,62.0
65,62.0
66,62.0
67,62.0
68,62.0
69,62.0
70,62.0
71,62.0
72,62.0
73,62.0
74,62.0
75,62.0
76,62.0
77,62.0
78,62.0
79,62.0
80,62.0
81,62.0
82,62.0
83,62.0
84,62.0
85,62.0
86,62.0
87,62.0
88,62.0
89,62.0
90,62.0
91,62.0
92,62.0
93,62.0
94,62.0
95,62.0
96,62.0
97,62.0
98,62.0
99,62.0
100,62.0
101,62.0
102,62.0
103,62.0
104,62.0
105,62.0
106,62.0
107,62.0
108,62.0
109,62.0
110,62.0
111,62.0
112,62.0
113,62.0
114,62.0
115,62.0
116,62.0
117,62.0
118,62.0
119,62.0
120,62.0
121,62.0
122,62.0
123,62.0
124,62.0
125,62.0
126,62.0
127,62.0
128,62.0
129,62.0
130,62.0
131,62.0
132,62.0
133,62.0
134,62.0
135,62.0
136,62.0
137,62.0
138,62.0
139,62.0
140,62.0
141,62.0
142,62.0
143,62.0
144,62.0
145,62.0
146,62.0
147,62.0
148,62.0
149,62.0
150,62.0
151,62.0
152,62.0
153,62.0
154,62.0
155,62.0
156,62.0
157,62.0
158,62.0
159,62.0
160,62.0
161,62.0
162,62.0
163,62.0
164,62.0
165,62.0
166,62.0
167,62.0
168,62.0
169,62.0
170,62.0
171,62.0
172,62.0
173,62.0
174,62.0
175,62.0
176,62.0
176,71.0
177,62.0
177,71.0
178,62.0
179,62.0
180,62.0
181,62.0
182,62.0
183,62.0
184,62.0
185,62.0
186,62.0
187,62.0
188,62.0
189,62.0
190,62.0
191,62.0
192,62.0
193,62.0
194,62.0
195,62.0
196,62.0
197,62.0
198,62.0
199,62.0
200,62.0
201,62.0
202,62.0
203,62.0
204,62.0
205,62.0
206,62.0
207,62.0
208,62.0
209,62.0
210,62.0
211,62.0
212,62.0
213,62.0
213,0.0
214,62.0
215,62.0
216,62.0
216,0.0
217,62.0
218,62.0
219,62.0
219,0.0
220,62.0
220,0.0
221,62.0
221,0.0
222,62.0
223,62.0
223,0.0
224,62.0
224,0.0
225,62.0
225,0.0
226,62.0
226,0.0
227,62.0
227,0.0
228,62.0
228,0.0
229,0.0
229,62.0
230,0.0
230,62.0
231,62.0
231,0.0
232,62.0
232,0.0
233,62.0
233,0.0
234,62.0
234,0.0
235,62.0
235,0.0
236,62.0
236,0.0
237,62.0
237,0.0
238,62.0
238,0.0
239,62.0
239,0.0
240,0.0
240,62.0
241,0.0
241,62.0
242,62.0
242,0.0
243,0.0
243,62.0
244,0.0
244,62.0
245,0.0
245,62.0
246,0.0
246,62.0
247,62.0
247,0.0
248,62.0
248,0.0
249,62.0
249,16.0
249,0.0
250,62.0
250,0.0
250,16.0
251,62.0
251,0.0
251,16.0
252,62.0
252,0.0
253,62.0
253,0.0
253,16.0
254,62.0
254,0.0
255,62.0
255,0.0
256,62.0
256,15.0
256,16.0
257,62.0
257,15.0
257,16.0
258,62.0
258,0.0
258,16.0
259,62.0
259,16.0
260,62.0
260,16.0
260,15.0
261,62.0
261,16.0
261,15.0
262,62.0
262,16.0
262,0.0
263,62.0
263,16.0
263,0.0
264,62.0
264,16.0
265,62.0
265,0.0
265,16.0
266,62.0
266,0.0
266,16.0
266,16.0
267,62.0
267,0.0
268,62.0
268,0.0
269,62.0
269,0.0
270,0.0
270,62.0
271,0.0
271,62.0
272,0.0
272,62.0
273,0.0
273,62.0
274,0.0
274,62.0
275,0.0
275,62.0
276,0.0
276,62.0
277,0.0
277,62.0
278,0.0
278,62.0
279,0.0
279,62.0
280,0.0
280,62.0
281,0.0
281,62.0
282,0.0
282,62.0
283,0.0
283,62.0
284,0.0
284,62.0
285,0.0
285,62.0
286,0.0
286,62.0
287,0.0
287,62.0
288,0.0
288,62.0
289,0.0
289,62.0
290,0.0
290,62.0
291,0.0
291,62.0
292,0.0
292,62.0
293,0.0
293,62.0
294,0.0
294,62.0
295,0.0
295,62.0
296,0.0
296,62.0
297,0.0
297,62.0
298,0.0
298,62.0
299,0.0
299,62.0
300,0.0
300,62.0
301,0.0
301,62.0
302,0.0
302,62.0
303,0.0
303,62.0
304,0.0
304,62.0
305,0.0
305,62.0
306,0.0
306,62.0
307,0.0
307,62.0
308,0.0
308,62.0
309,0.0
309,62.0
310,0.0
310,62.0
311,0.0
311,62.0
312,0.0
312,62.0
313,0.0
313,62.0
314,0.0
314,62.0
315,62.0
315,0.0
315,16.0
316,0.0
316,62.0
316,16.0
317,0.0
317,62.0
317,16.0
318,0.0
318,62.0
318,16.0
319,62.0
319,0.0
320,0.0
320,62.0
321,62.0
321,0.0
322,62.0
322,0.0
323,62.0
323,0.0
324,0.0
324,62.0
325,0.0
325,62.0
326,0.0
326,62.0
327,0.0
327,62.0
328,62.0
328,0.0
329,62.0
329,0.0
330,62.0
330,0.0
331,62.0
331,0.0
332,62.0
332,0.0
333,62.0
333,0.0
334,62.0
334,0.0
335,62.0
335,0.0
336,62.0
336,0.0
337,62.0
337,15.0
338,0.0
338,62.0
339,0.0
339,62.0
340,62.0
341,62.0
341,0.0
342,62.0
343,62.0
343,0.0
344,0.0
344,62.0
345,0.0
345,62.0
346,0.0
346,62.0
347,0.0
347,62.0
348,0.0
348,62.0
349,0.0
349,62.0
350,0.0
350,62.0
351,0.0
351,62.0
352,0.0
352,62.0
353,0.0
353,62.0
354,0.0
354,62.0
355,0.0
355,62.0
356,0.0
356,62.0
357,0.0
357,62.0
358,0.0
358,62.0
359,0.0
359,62.0
360,0.0
360,62.0
361,0.0
361,62.0
362,0.0
362,62.0
363,0.0
363,62.0
364,0.0
364,62.0
365,0.0
365,62.0
366,0.0
367,0.0
368,0.0
369,0.0
370,0.0
371,0.0
372,0.0
373,0.0
374,0.0
375,0.0
375,62.0
376,0.0
377,0.0
378,0.0
380,0.0
381,0.0
382,0.0
383,0.0
385,0.0
390,62.0
391,62.0
392,62.0
393,62.0
394,62.0
395,62.0
396,62.0
398,62.0
399,62.0
400,62.0
401,62.0
402,62.0
403,62.0
404,62.0
405,62.0
409,62.0
410,62.0
414,62.0
415,62.0
416,62.0
417,62.0
418,62.0
419,62.0
420,62.0
421,62.0
422,62.0
423,62.0
424,62.0
425,62.0
426,62.0
427,62.0
428,62.0
429,62.0
430,62.0
431,62.0
432,62.0
433,62.0
434,62.0
435,62.0
436,62.0
437,62.0
438,62.0
439,62.0
440,62.0
441,62.0
442,62.0
443,62.0
444,62.0
445,62.0
446,62.0
447,62.0
448,62.0
449,62.0
450,62.0
451,62.0
452,62.0
453,62.0
454,62.0
455,62.0
456,62.0
457,62.0
458,62.0
459,62.0
460,62.0
461,62.0
462,62.0
463,62.0
464,62.0
465,62.0
466,62.0
467,62.0
468,62.0
469,62.0
470,62.0
471,62.0
472,62.0
473,62.0
474,62.0
475,62.0
476,62.0
477,62.0
478,62.0
479,62.0
480,62.0
481,62.0
482,62.0
483,62.0
484,62.0
485,62.0
486,62.0
487,62.0
488,62.0
489,62.0
490,62.0
491,62.0
492,62.0
493,62.0
494,62.0
495,62.0
496,62.0
497,62.0
498,62.0
499,62.0
500,62.0
501,62.0
502,62.0
503,62.0
504,62.0
505,62.0
506,62.0
507,62.0
508,62.0
509,62.0
510,62.0
511,62.0
511,0.0
512,62.0
512,0.0
513,62.0
513,0.0
514,62.0
514,0.0
515,62.0
515,0.0
516,0.0
516,62.0
517,0.0
517,62.0
518,0.0
518,62.0
519,0.0
519,62.0
520,0.0
520,62.0
521,0.0
521,62.0
522,0.0
522,62.0
523,0.0
523,62.0
524,0.0
524,62.0
525,0.0
525,62.0
526,0.0
526,62.0
527,0.0
527,62.0
528,0.0
528,62.0
529,0.0
529,62.0
530,62.0
530,0.0
531,62.0
531,0.0
532,62.0
532,0.0
533,62.0
533,0.0
534,62.0
534,0.0
535,62.0
535,0.0
536,0.0
536,62.0
537,0.0
537,62.0
538,62.0
538,0.0
539,62.0
539,0.0
540,62.0
540,0.0
541,62.0
541,0.0
542,62.0
542,0.0
543,0.0
543,62.0
544,62.0
544,0.0
545,62.0
545,0.0
546,0.0
546,62.0
547,0.0
547,62.0
548,0.0
548,62.0
549,0.0
549,62.0
550,0.0
550,62.0
551,0.0
551,62.0
552,0.0
552,62.0
553,0.0
553,62.0
554,0.0
554,62.0
555,0.0
555,62.0
556,0.0
556,62.0
557,0.0
557,62.0
558,0.0
558,62.0
559,0.0
559,62.0
560,0.0
560,62.0
561,0.0
561,62.0
562,0.0
562,62.0
563,0.0
563,62.0
564,0.0
564,62.0
565,0.0
565,62.0
566,0.0
566,62.0
567,0.0
567,62.0
568,0.0
568,62.0
569,0.0
569,62.0
570,0.0
570,62.0
571,0.0
571,62.0
572,0.0
572,62.0
573,0.0
573,62.0
574,0.0
574,62.0
575,0.0
575,62.0
576,0.0
576,62.0
577,0.0
577,62.0
578,0.0
578,62.0
579,0.0
579,62.0
580,0.0
580,62.0
581,0.0
581,62.0
582,0.0
582,62.0
583,0.0
583,62.0
584,0.0
584,62.0
585,0.0
585,62.0
586,0.0
586,62.0
587,0.0
587,62.0
588,0.0
588,62.0
589,0.0
589,62.0
590,0.0
590,62.0
591,0.0
591,62.0
592,0.0
592,62.0
593,0.0
593,62.0
594,0.0
594,62.0
595,0.0
595,62.0
596,0.0
596,62.0
597,0.0
597,62.0
598,0.0
598,62.0
599,0.0
599,62.0
600,0.0
600,62.0
601,0.0
601,62.0
602,0.0
602,62.0
603,0.0
603,62.0
604,0.0
604,62.0
605,0.0
605,62.0
606,0.0
606,62.0
607,0.0
607,62.0
608,0.0
608,62.0
609,0.0
609,62.0
610,0.0
610,62.0
611,0.0
611,62.0
612,0.0
612,62.0
613,0.0
613,62.0
614,0.0
614,62.0
615,0.0
615,62.0
616,62.0
616,0.0
617,62.0
617,0.0
618,0.0
618,62.0
619,0.0
619,62.0
620,0.0
620,62.0
621,0.0
621,62.0
622,0.0
622,62.0
623,0.0
623,62.0
624,0.0
624,62.0
625,0.0
625,62.0
626,62.0
626,0.0
627,62.0
627,0.0
628,62.0
628,0.0
629,62.0
629,0.0
630,62.0
630,0.0
631,62.0
631,0.0
632,62.0
632,0.0
633,62.0
633,0.0
634,62.0
634,0.0
635,62.0
635,0.0
636,62.0
636,0.0
637,62.0
637,0.0
638,62.0
638,0.0
639,62.0
639,0.0
640,62.0
640,0.0
641,62.0
641,0.0
642,62.0
642,0.0
643,62.0
643,0.0
644,62.0
644,0.0
645,62.0
645,0.0
646,0.0
646,62.0
647,0.0
647,62.0
648,0.0
648,62.0
649,0.0
649,62.0
650,62.0
650,0.0
651,62.0
651,0.0
652,62.0
652,0.0
653,62.0
653,0.0
654,0.0
654,62.0
655,0.0
655,62.0
656,62.0
656,0.0
657,0.0
657,62.0
657,0.0
658,0.0
658,62.0
658,0.0
659,0.0
659,62.0
659,0.0
660,62.0
660,0.0
660,0.0
661,62.0
661,0.0
661,0.0
662,0.0
662,62.0
662,0.0
662,39.0
663,0.0
663,62.0
663,0.0
663,39.0
664,0.0
664,39.0
664,0.0
664,62.0
665,0.0
665,39.0
665,0.0
665,62.0
666,0.0
666,0.0
666,39.0
666,62.0
667,0.0
667,39.0
667,62.0
667,0.0
668,0.0
668,39.0
668,0.0
669,0.0
669,39.0
670,0.0
670,39.0
670,0.0
671,0.0
671,39.0
671,0.0
672,0.0
672,39.0
673,0.0
673,39.0
674,0.0
674,39.0
675,0.0
676,0.0
676,0.0
677,0.0
677,0.0
678,0.0
678,0.0
679,0.0
679,0.0
680,0.0
680,0.0
681,0.0
681,0.0
682,0.0
682,0.0
683,0.0
683,0.0
684,0.0
684,0.0
685,0.0
685,0.0
686,0.0
686,0.0
687,0.0
687,0.0
688,0.0
688,0.0
689,0.0
689,0.0
690,0.0
690,0.0
691,0.0
691,0.0
692,0.0
692,0.0
692,0.0
693,0.0
693,0.0
694,0.0
694,0.0
695,0.0
695,0.0
696,0.0
696,0.0
697,0.0
697,0.0
698,0.0
698,0.0
699,0.0
699,0.0
700,0.0
700,0.0
701,0.0
701,0.0
702,0.0
702,0.0
703,0.0
703,0.0
704,0.0
704,0.0
705,0.0
705,0.0
706,0.0
706,0.0
707,0.0
707,0.0
708,0.0
708,0.0
709,0.0
709,0.0
710,0.0
710,0.0
711,0.0
711,0.0
712,0.0
712,0.0
713,0.0
713,0.0
714,0.0
714,0.0
715,0.0
715,0.0
716,0.0
716,0.0
717,0.0
717,0.0
718,0.0
718,0.0
719,0.0
719,0.0
720,0.0
720,0.0
721,0.0
721,0.0
722,0.0
722,0.0
723,0.0
723,0.0
724,0.0
724,0.0
725,0.0
725,0.0
726,0.0
726,0.0
727,0.0
727,0.0
728,0.0
728,0.0
729,0.0
729,0.0
730,0.0
730,0.0
731,0.0
731,0.0
732,0.0
732,0.0
733,0.0
733,0.0
734,0.0
734,0.0
735,0.0
735,0.0
736,0.0
736,0.0
737,0.0
737,0.0
738,0.0
738,0.0
739,0.0
740,0.0
741,0.0
741,0.0
742,0.0
742,0.0
743,0.0
743,0.0
744,0.0
744,0.0
745,0.0
745,0.0
746,0.0
746,0.0
747,0.0
747,0.0
747,36.0
748,0.0
748,0.0
749,0.0
749,0.0
750,0.0
750,0.0
751,0.0
751,0.0
752,0.0
752,0.0
753,0.0
753,0.0
754,0.0
754,0.0
755,0.0
755,0.0
756,0.0
756,0.0
757,0.0
757,0.0
758,0.0
758,0.0
759,0.0
759,0.0
760,0.0
760,0.0
761,0.0
761,0.0
762,0.0
762,0.0
763,0.0
763,0.0
764,0.0
764,0.0
765,0.0
765,0.0
766,0.0
766,0.0
767,0.0
767,0.0
768,0.0
768,0.0
769,0.0
769,0.0
770,0.0
770,0.0
771,0.0
771,0.0
772,0.0
772,0.0
773,0.0
773,0.0
774,0.0
774,0.0
775,0.0
775,0.0
776,0.0
776,0.0
777,0.0
777,0.0
778,0.0
778,0.0
779,0.0
779,0.0
780,0.0
780,0.0
781,0.0
781,0.0
782,0.0
782,0.0
783,0.0
783,0.0
784,0.0
784,0.0
785,0.0
785,0.0
786,0.0
786,0.0
786,28.0
787,0.0
787,0.0
788,0.0
788,0.0
789,0.0
789,0.0
790,0.0
790,0.0
791,0.0
791,0.0
792,0.0
792,0.0
793,0.0
793,0.0
793,28.0
794,0.0
794,0.0
795,0.0
795,0.0
796,0.0
796,0.0
797,0.0
797,0.0
798,0.0
798,0.0
799,0.0
799,0.0
800,0.0
800,0.0
801,0.0
801,0.0
801,39.0
801,0.0
802,0.0
802,0.0
802,39.0
803,0.0
803,0.0
803,39.0
804,0.0
804,0.0
805,0.0
805,0.0
806,0.0
806,0.0
806,39.0
807,0.0
807,0.0
807,39.0
808,0.0
808,0.0
808,39.0
809,0.0
809,0.0
809,39.0
810,0.0
810,0.0
810,39.0
811,0.0
811,0.0
812,0.0
812,0.0
813,0.0
813,0.0
814,0.0
814,0.0
814,39.0
815,0.0
815,0.0
815,39.0
816,0.0
816,0.0
817,0.0
817,0.0
817,0.0
818,0.0
818,0.0
819,0.0
819,0.0
820,0.0
820,0.0
821,0.0
821,0.0
822,0.0
822,0.0
823,0.0
823,0.0
824,0.0
824,0.0
825,0.0
825,0.0
826,0.0
826,0.0
827,0.0
827,0.0
828,0.0
828,0.0
829,0.0
829,0.0
830,0.0
830,0.0
831,0.0
831,0.0
832,0.0
832,0.0
833,0.0
833,0.0
834,0.0
834,0.0
835,0.0
835,0.0
836,0.0
836,0.0
837,0.0
837,0.0
838,0.0
838,0.0
839,0.0
839,0.0
840,0.0
840,0.0
841,0.0
841,0.0
842,0.0
842,0.0
843,0.0
843,0.0
844,0.0
844,0.0
845,0.0
845,0.0
846,0.0
846,0.0
846,0.0
847,0.0
847,0.0
847,0.0
848,0.0
848,0.0
849,0.0
849,0.0
850,0.0
850,0.0
851,0.0
851,0.0
852,0.0
852,0.0
853,0.0
853,0.0
854,0.0
854,0.0
855,0.0
855,0.0
856,0.0
857,0.0
858,0.0
858,0.0
859,0.0
859,0.0
860,0.0
860,0.0
861,0.0
861,0.0
861,62.0
862,0.0
862,62.0
862,0.0
863,0.0
863,62.0
863,0.0
864,0.0
864,62.0
864,0.0
864,39.0
865,0.0
865,62.0
865,0.0
865,39.0
866,62.0
866,0.0
866,0.0
867,62.0
867,0.0
867,0.0
868,0.0
868,62.0
868,0.0
869,0.0
869,62.0
869,0.0
870,0.0
870,62.0
870,0.0
871,62.0
871,0.0
872,0.0
872,62.0
873,0.0
873,62.0
874,0.0
874,62.0
875,0.0
875,62.0
876,62.0
876,0.0
877,62.0
877,0.0
878,62.0
878,0.0
879,62.0
879,0.0
880,62.0
880,0.0
881,62.0
881,0.0
882,62.0
883,62.0
884,62.0
885,62.0
885,0.0
886,62.0
886,0.0
887,62.0
887,0.0
888,62.0
888,0.0
889,62.0
889,0.0
890,62.0
891,62.0
892,62.0
892,0.0
893,62.0
893,0.0
894,62.0
894,0.0
895,62.0
896,62.0
897,62.0
898,62.0
899,62.0
900,62.0
901,62.0
902,62.0
903,62.0
904,62.0
905,62.0
906,62.0
907,62.0
908,62.0
909,62.0
910,62.0
911,62.0
912,62.0
913,62.0
914,62.0
915,62.0
916,62.0
917,62.0
918,62.0
919,62.0
919,0.0
920,62.0
921,62.0
921,0.0
922,62.0
922,0.0
923,62.0
923,0.0
924,62.0
924,39.0
924,0.0
925,62.0
925,39.0
926,62.0
927,62.0
928,62.0
929,62.0
930,62.0
931,0.0
931,62.0
932,0.0
932,62.0
933,0.0
933,62.0
934,0.0
934,62.0
935,0.0
935,62.0
936,0.0
936,62.0
937,0.0
937,62.0
938,0.0
938,62.0
939,0.0
939,62.0
940,0.0
940,62.0
941,0.0
941,62.0
942,0.0
942,62.0
943,0.0
944,0.0
944,62.0
945,0.0
945,62.0
946,0.0
946,62.0
947,0.0
947,62.0
948,0.0
948,62.0
949,0.0
949,62.0
950,0.0
950,62.0
951,0.0
952,62.0
952,0.0
953,62.0
953,0.0
954,0.0
954,62.0
955,0.0
955,62.0
956,0.0
956,62.0
957,62.0
957,0.0
958,62.0
958,0.0
958,63.0
959,62.0
959,0.0
959,63.0
960,0.0
960,62.0
960,63.0
961,62.0
961,0.0
962,62.0
962,0.0
963,0.0
963,62.0
964,62.0
964,0.0
965,62.0
965,0.0
966,62.0
966,0.0
967,62.0
967,0.0
968,62.0
968,0.0
969,62.0
969,0.0
970,62.0
971,62.0
972,62.0
973,62.0
974,62.0
975,62.0
976,39.0
976,62.0
977,39.0
977,62.0
979,39.0
980,62.0
982,62.0
983,62.0
984,62.0
985,39.0
985,62.0
986,62.0
986,39.0
987,62.0
987,39.0
988,62.0
989,62.0
989,39.0
991,62.0
991,39.0
992,39.0
992,62.0
993,62.0
994,62.0
995,62.0
996,62.0
996,39.0
997,62.0
998,62.0
999,62.0
1000,62.0
1001,62.0
1002,62.0
1004,62.0
1005,62.0
1006,62.0
1007,62.0
1008,62.0
1009,62.0
1010,62.0
1011,62.0
1012,62.0
1013,62.0
1014,62.0
1015,62.0
1016,62.0
1017,62.0
1018,62.0
1018,63.0
1019,62.0
1019,63.0
1020,62.0
1020,63.0
1021,62.0
1022,62.0
1022,63.0
1023,62.0
1023,63.0
1024,62.0
1024,63.0
1025,62.0
1025,63.0
1026,62.0
1027,62.0
1028,62.0
1029,62.0
1030,62.0
1031,62.0
1032,62.0
1033,62.0
1034,62.0
1034,63.0
1035,62.0
1035,63.0
1036,62.0
1037,62.0
1038,62.0
1039,62.0
1040,62.0
1041,62.0
1042,62.0
1043,62.0
1044,62.0
1045,62.0
1046,62.0
1047,62.0
1048,62.0
1049,62.0
1050,62.0
1051,62.0
1052,62.0
1053,62.0
1053,0.0
1054,62.0
1054,0.0
1055,62.0
1055,0.0
1056,0.0
1056,62.0
1057,0.0
1058,0.0
1058,62.0
1059,0.0
1059,62.0
1059,63.0
1060,62.0
1060,0.0
1060,63.0
1061,62.0
1061,0.0
1061,63.0
1062,0.0
1062,62.0
1063,0.0
1064,0.0
1065,0.0
1066,0.0
1067,0.0
1068,0.0
1069,0.0
1070,0.0
1071,0.0
1072,0.0
1073,0.0
1074,0.0
1075,0.0
1076,0.0
1077,0.0
1078,0.0
1079,0.0
1080,0.0
1081,0.0
1082,0.0
1083,0.0
1084,0.0
1085,0.0
1086,0.0
1087,0.0
1088,0.0
1088,62.0
1090,0.0
1090,62.0
1091,0.0
1091,62.0
1092,0.0
1092,62.0
1093,62.0
1093,39.0
1094,0.0
1094,62.0
1094,39.0
1095,62.0
1095,39.0
1095,0.0
1096,62.0
1096,0.0
1096,39.0
1097,62.0
1097,0.0
1097,39.0
1098,62.0
1098,0.0
1098,39.0
1099,62.0
1099,0.0
1100,62.0
1100,0.0
1101,0.0
1101,62.0
1102,62.0
1102,0.0
1103,62.0
1103,0.0
1104,62.0
1105,0.0
1106,0.0
1107,0.0
1108,0.0
1108,62.0
1109,0.0
1109,62.0
1110,0.0
1111,0.0
1112,0.0
1113,0.0
1114,0.0
1115,0.0
1116,0.0
1117,0.0
1118,0.0
1119,0.0
1120,0.0
1121,0.0
1122,0.0
1123,0.0
1124,0.0
1125,0.0
1126,0.0
1127,0.0
1128,0.0
1129,0.0
1130,0.0
1131,0.0
1132,0.0
1133,0.0
1134,0.0
1135,0.0
1136,0.0
1137,0.0
1138,0.0
1139,0.0
1140,0.0
1141,0.0
1142,0.0
1143,0.0
1144,0.0
1145,0.0
1146,0.0
1147,0.0
1148,0.0
1149,0.0
1152,0.0
1153,0.0
1154,0.0
1155,0.0
1156,0.0
1157,0.0
1164,0.0
1164,62.0
1165,62.0
1166,0.0
1167,0.0
1168,0.0
1168,62.0
1169,0.0
1169,62.0
1170,0.0
1170,62.0
1171,0.0
1172,0.0
1173,0.0
1174,0.0
1175,0.0
1176,0.0
1177,0.0
1178,0.0
1178,62.0
1179,0.0
1179,62.0
1180,0.0
1181,0.0
1182,0.0
1182,62.0
1183,62.0
1183,0.0
1184,62.0
1184,0.0
1185,62.0
1185,0.0
1186,0.0
1186,62.0
1187,0.0
1187,62.0
1188,0.0
1188,62.0
1189,62.0
1189,0.0
1190,62.0
1190,0.0
1191,62.0
1191,0.0
1192,62.0
1192,0.0
1193,62.0
1193,0.0
1194,62.0
1194,0.0
1195,62.0
1195,0.0
1196,62.0
1197,0.0
1198,62.0
1199,62.0
1200,39.0
1200,62.0
1201,0.0
1201,62.0
1201,39.0
1202,62.0
1202,0.0
1202,39.0
1203,0.0
1203,62.0
1204,0.0
1205,0.0
1205,62.0
1206,0.0
1206,62.0
1207,0.0
1207,62.0
1208,62.0
1208,0.0
1209,0.0
1209,62.0
1210,0.0
1210,62.0
1211,0.0
1211,62.0
1212,0.0
1212,62.0
1213,0.0
1214,0.0
1214,62.0
1215,0.0
1218,0.0
1222,62.0
1223,62.0
1224,62.0
1225,62.0
1226,62.0
1231,0.0
1236,0.0
1250,16.0
1251,16.0
1253,0.0
1254,0.0
1257,0.0
1258,0.0
1259,0.0
1260,0.0
1262,0.0
1263,0.0
1270,0.0
1271,0.0
1272,0.0
1273,0.0
1274,0.0
1279,0.0
1280,0.0
1281,0.0
1282,0.0
1283,0.0
1284,0.0
1285,0.0
1286,0.0
1286,16.0
1287,16.0
1288,16.0
1289,16.0
1290,0.0
1310,16.0
1311,16.0
1318,0.0
1319,0.0
1320,0.0
1321,0.0
1322,0.0
1323,0.0
1324,0.0
1325,0.0
1326,0.0
1327,16.0
1327,0.0
1328,0.0
1328,16.0
1329,16.0
1330,16.0
1331,16.0
1332,16.0
1334,16.0
1335,0.0
1336,0.0
1337,0.0
1338,0.0
1338,16.0
1339,16.0
1340,0.0
1341,0.0
1341,16.0
1342,16.0
1342,0.0
1343,16.0
1343,0.0
1344,16.0
1345,0.0
1346,0.0
1347,0.0
1348,0.0
1349,0.0
1350,0.0
1351,0.0
1352,0.0
1353,0.0
1354,0.0
1355,0.0
1356,0.0
1357,0.0
1358,0.0
1359,0.0
1360,0.0
1361,0.0
1362,0.0
1363,0.0
1364,0.0
1365,0.0
1366,0.0
1367,0.0
1368,0.0
1369,0.0
1370,0.0
1371,0.0
1372,0.0
1373,0.0
1374,0.0
1375,0.0
1376,0.0
1377,0.0
1378,0.0
1379,0.0
1380,0.0
1381,0.0
1382,0.0
1383,0.0
1384,0.0
1385,0.0
1386,0.0
1387,0.0
1388,0.0
1389,0.0
1390,0.0
1391,0.0
1392,0.0
1393,0.0
1394,0.0
1395,0.0
1396,0.0
1397,0.0
1398,0.0
1399,0.0
1400,0.0
1401,0.0
1402,0.0
1403,0.0
1404,0.0
1405,0.0
1406,0.0
1407,0.0
1408,0.0
1409,0.0
1410,0.0
1411,0.0
1412,0.0
1413,0.0
1414,0.0
1415,0.0
1416,0.0
1417,0.0
1418,0.0
1419,0.0
1420,0.0
1421,0.0
1422,0.0
1423,0.0
1424,0.0
1425,0.0
1426,0.0
1427,0.0
1428,0.0
1429,0.0
1430,0.0
1431,0.0
1432,0.0
1433,0.0
1434,0.0
1435,0.0
1436,0.0
1437,0.0
1438,0.0
1439,0.0
1440,0.0
1441,0.0
1442,0.0
1442,62.0
1443,0.0
1443,62.0
1444,0.0
1444,62.0
1445,0.0
1445,62.0
1446,0.0
1446,62.0
1447,0.0
1447,62.0
1448,0.0
1449,0.0
1449,62.0
1450,0.0
1450,62.0
1451,0.0
1451,62.0
1452,0.0
1452,62.0
1453,0.0
1453,62.0
1454,0.0
1454,62.0
1455,0.0
1455,62.0
1456,0.0
1456,62.0
1457,0.0
1457,62.0
1458,0.0
1458,62.0
1459,0.0
1459,62.0
1460,0.0
1460,62.0
1461,0.0
1461,62.0
1462,0.0
1462,62.0
1463,0.0
1463,62.0
1464,0.0
1464,62.0
1465,0.0
1465,62.0
1466,0.0
1466,62.0
1467,0.0
1467,62.0
1468,0.0
1468,62.0
1469,0.0
1469,62.0
1470,0.0
1470,62.0
1471,0.0
1471,62.0
1472,0.0
1472,62.0
1473,0.0
1473,62.0
1473,64.0
1474,0.0
1474,62.0
1474,64.0
1475,0.0
1475,62.0
1475,64.0
1476,0.0
1476,62.0
1477,62.0
1477,0.0
1478,62.0
1478,0.0
1479,62.0
1479,0.0
1480,62.0
1480,0.0
1481,62.0
1481,0.0
1482,62.0
1482,0.0
1483,62.0
1483,0.0
1484,62.0
1484,0.0
1485,62.0
1485,0.0
1486,62.0
1486,0.0
1487,0.0
1487,62.0
1488,62.0
1488,0.0
1489,62.0
1489,0.0
1490,0.0
1490,62.0
1491,62.0
1491,0.0
1491,39.0
1492,62.0
1492,0.0
1493,62.0
1493,0.0
1494,0.0
1494,62.0
1495,0.0
1495,62.0
1496,0.0
1496,62.0
1497,0.0
1497,62.0
1498,0.0
1498,62.0
1499,0.0
1499,62.0
1500,0.0
1500,62.0
1501,0.0
1501,62.0
1502,0.0
1502,62.0
1503,0.0
1503,62.0
1504,0.0
1504,62.0
1505,0.0
1505,62.0
1506,0.0
1506,62.0
1507,0.0
1507,62.0
1508,0.0
1508,62.0
1509,0.0
1509,62.0
1510,0.0
1510,62.0
1511,0.0
1511,62.0
1512,0.0
1512,62.0
1513,0.0
1513,62.0
1514,0.0
1514,62.0
1515,0.0
1515,62.0
1516,0.0
1517,0.0
1518,0.0
1519,0.0
1520,0.0
1521,0.0
1522,0.0
1523,0.0
1524,0.0
1524,62.0
1525,0.0
1526,0.0
1527,0.0
1527,62.0
1528,0.0
1528,62.0
1529,0.0
1529,62.0
1530,62.0
1530,0.0
1531,0.0
1531,62.0
1532,0.0
1532,62.0
1533,0.0
1533,62.0
1534,0.0
1534,62.0
1535,0.0
1535,62.0
1536,0.0
1536,62.0
1537,0.0
1538,0.0
1539,0.0
1540,0.0
1541,0.0
1542,0.0
1543,0.0
1543,62.0
1544,62.0
1544,0.0
1545,62.0
1545,0.0
1546,62.0
1546,0.0
1547,62.0
1547,0.0
1548,0.0
1548,62.0
1549,0.0
1549,62.0
1550,0.0
1550,62.0
1551,62.0
1551,0.0
1552,0.0
1552,62.0
1553,0.0
1553,62.0
1554,0.0
1555,0.0
1555,62.0
1556,62.0
1556,0.0
1557,0.0
1557,62.0
1558,62.0
1558,0.0
1559,62.0
1559,0.0
1560,62.0
1560,0.0
1561,62.0
1561,0.0
1562,62.0
1562,0.0
1563,62.0
1563,0.0
1564,0.0
1565,0.0
1566,0.0
1566,62.0
1567,0.0
1567,62.0
1568,0.0
1568,62.0
1569,0.0
1569,62.0
1570,0.0
1570,62.0
1571,0.0
1571,62.0
1572,62.0
1572,0.0
1573,62.0
1573,0.0
1574,62.0
1574,0.0
1575,62.0
1575,0.0
1576,62.0
1576,0.0
1577,62.0
1577,0.0
1578,62.0
1578,0.0
1579,62.0
1579,0.0
1580,62.0
1580,0.0
1581,62.0
1581,0.0
1582,0.0
1582,62.0
1583,0.0
1583,62.0
1584,0.0
1585,0.0
1586,0.0
1586,62.0
1587,0.0
1587,62.0
1588,0.0
1588,62.0
1589,0.0
1589,62.0
1590,0.0
1590,62.0
1591,0.0
1591,62.0
1592,0.0
1592,62.0
1593,0.0
1593,62.0
1594,0.0
1594,62.0
1595,0.0
1595,62.0
1596,0.0
1596,62.0
1597,0.0
1597,62.0
1598,0.0
1598,62.0
1599,0.0
1600,0.0
1601,0.0
1602,0.0
1603,0.0
1604,0.0
1605,0.0
1606,0.0
1607,0.0
1608,0.0
1609,0.0
1610,0.0
1611,0.0
1611,62.0
1612,0.0
1612,62.0
1613,0.0
1613,62.0
1614,0.0
1614,62.0
1615,62.0
1615,0.0
1616,62.0
1617,62.0
1617,0.0
1618,62.0
1618,39.0
1618,0.0
1619,62.0
1619,39.0
1619,0.0
1620,62.0
1620,0.0
1621,62.0
1622,62.0
1622,0.0
1623,62.0
1623,0.0
1624,62.0
1624,0.0
1625,62.0
1625,0.0
1626,62.0
1626,0.0
1627,62.0
1627,0.0
1628,62.0
1629,62.0
1630,62.0
1631,62.0
1632,62.0
1633,62.0
1634,62.0
1635,62.0
1636,62.0
1637,62.0
1638,62.0
1638,0.0
1639,62.0
1639,0.0
1640,62.0
1640,0.0
1641,62.0
1641,0.0
1642,62.0
1642,0.0
1643,62.0
1643,0.0
1644,62.0
1644,0.0
1645,62.0
1645,0.0
1646,62.0
1646,0.0
1647,62.0
1647,0.0
1648,62.0
1648,0.0
1649,62.0
1649,0.0
1650,62.0
1650,0.0
1651,62.0
1651,0.0
1652,62.0
1652,0.0
1653,62.0
1653,0.0
1654,62.0
1655,62.0
1656,62.0
1656,0.0
1657,62.0
1658,62.0
1658,0.0
1659,62.0
1659,0.0
1660,0.0
1660,62.0
1661,0.0
1661,62.0
1662,0.0
1662,62.0
1663,62.0
1663,0.0
1664,62.0
1664,0.0
1665,62.0
1665,0.0
1666,62.0
1666,0.0
1667,62.0
1667,0.0
1668,62.0
1668,0.0
1669,62.0
1669,0.0
1670,62.0
1671,62.0
1672,62.0
1673,62.0
1674,62.0
1675,62.0
1676,15.0
1676,16.0
1680,0.0
1681,0.0
1682,0.0
1682,39.0
1683,0.0
1684,0.0
1685,0.0
1686,0.0
1687,0.0
1688,0.0
1689,16.0
1689,0.0
1692,0.0
1693,0.0
1694,0.0
1696,15.0
1697,15.0
1698,16.0
1700,0.0
1702,0.0
1703,0.0
1704,62.0
1704,0.0
1705,62.0
1706,62.0
1706,0.0
1707,62.0
1707,0.0
1708,62.0
1708,0.0
1709,62.0
1709,0.0
1710,62.0
1710,0.0
1711,62.0
1711,0.0
1712,62.0
1712,0.0
1713,62.0
1713,0.0
1714,62.0
1714,0.0
1715,62.0
1715,0.0
1716,62.0
1716,0.0
1717,62.0
1717,0.0
1718,62.0
1719,62.0
1720,62.0
1721,62.0
1722,62.0
1723,62.0
1724,62.0
1724,0.0
1725,62.0
1725,0.0
1726,62.0
1726,0.0
1727,62.0
1727,0.0
1728,62.0
1728,0.0
1729,62.0
1729,0.0
1730,62.0
1731,62.0
1731,0.0
1732,62.0
1732,0.0
1733,62.0
1733,0.0
1734,62.0
1735,62.0
1735,16.0
1736,62.0
1740,0.0
1740,16.0
1741,16.0
1741,0.0
1742,0.0
1743,0.0
1744,0.0
1745,0.0
1746,0.0
1747,0.0
1748,0.0
1749,0.0
1750,0.0
1751,0.0
1752,0.0
1753,0.0
1754,0.0
1755,0.0
1756,15.0
1757,15.0
1758,15.0
1759,0.0
1760,15.0
1760,0.0
1761,15.0
1762,15.0
1763,15.0
1765,62.0
1767,15.0
1768,15.0
1769,15.0
1770,15.0
1771,0.0
1772,0.0
1773,0.0
1773,62.0
1774,0.0
1774,62.0
1775,0.0
1775,62.0
1776,0.0
1776,62.0
1777,0.0
1778,0.0
1779,0.0
1780,0.0
1781,0.0
1782,0.0
1783,0.0
1784,0.0
1785,0.0
1786,0.0
1787,0.0
1789,62.0
1790,0.0
1791,0.0
1792,0.0
1793,0.0
1794,0.0
1795,0.0
1796,0.0
1797,0.0
1798,0.0
1799,0.0
1800,0.0
1801,0.0
1802,0.0
1802,62.0
1803,0.0
1803,62.0
1804,0.0
1804,62.0
1805,0.0
1805,62.0
1806,0.0
1807,0.0
1807,62.0
1808,0.0
1808,62.0
1809,0.0
1809,62.0
1810,0.0
1810,62.0
1811,0.0
1811,62.0
1812,0.0
1812,62.0
1813,0.0
1813,62.0
1814,0.0
1814,62.0
1815,0.0
1815,62.0
1816,0.0
1816,62.0
1817,0.0
1817,62.0
1818,62.0
1818,0.0
1819,62.0
1819,0.0
1820,62.0
1820,0.0
1821,62.0
1821,0.0
1822,62.0
1822,0.0
1823,62.0
1823,0.0
1824,62.0
1824,0.0
1825,62.0
1825,0.0
1826,62.0
1826,0.0
1827,62.0
1827,0.0
1828,62.0
1829,62.0
1830,62.0
1831,62.0
1832,62.0
1833,62.0
1834,62.0
1835,62.0
1836,62.0
1837,62.0
1838,62.0
1839,62.0
1840,62.0
1841,62.0
1842,62.0
1843,62.0
1844,62.0
1845,62.0
1846,62.0
1847,62.0
1848,62.0
1849,62.0
1850,62.0
1851,62.0
1852,62.0
1853,62.0
1854,62.0
1855,62.0
1856,62.0
1857,62.0
1858,62.0
1859,62.0
1860,62.0
1861,62.0
1862,62.0
1863,62.0
1864,62.0
1865,62.0
1866,62.0
1867,62.0
1868,62.0
1869,62.0
1870,62.0
1871,62.0
1872,62.0
1873,62.0
1874,62.0
1875,62.0
1876,62.0
1877,62.0
1878,62.0
1879,62.0
1880,62.0
1881,62.0
1882,62.0
1883,62.0
1884,62.0
1885,62.0
1886,62.0
1887,62.0
1888,62.0
1889,62.0
1890,62.0
1891,62.0
1892,62.0
1893,62.0
1894,62.0
1895,62.0
1896,62.0
1897,62.0
1898,62.0
1899,62.0
1900,62.0
1901,62.0
1902,62.0
1903,62.0
1904,62.0
1905,62.0
1906,62.0
1907,62.0
1908,62.0
1909,62.0
1910,62.0
1911,62.0
1912,62.0
1913,62.0
1914,62.0
1915,62.0
1916,62.0
1917,62.0
1918,62.0
1919,62.0
1920,62.0
