1,5.0
1,0.0
1,5.0
1,2.0
1,7.0
2,5.0
2,0.0
2,5.0
2,2.0
2,7.0
2,5.0
3,5.0
3,0.0
3,5.0
3,2.0
3,7.0
3,5.0
4,5.0
4,0.0
4,5.0
4,2.0
4,7.0
4,5.0
5,5.0
5,0.0
5,5.0
5,2.0
5,7.0
5,5.0
6,5.0
6,0.0
6,5.0
6,2.0
6,7.0
6,5.0
7,5.0
7,0.0
7,5.0
7,2.0
7,7.0
7,5.0
8,5.0
8,0.0
8,5.0
8,2.0
8,7.0
8,5.0
9,5.0
9,0.0
9,5.0
9,2.0
9,7.0
9,5.0
10,5.0
10,5.0
10,0.0
10,2.0
10,7.0
11,5.0
11,5.0
11,0.0
11,2.0
11,7.0
12,5.0
12,0.0
12,5.0
12,2.0
12,7.0
13,0.0
13,5.0
13,2.0
13,5.0
13,7.0
13,5.0
14,5.0
14,0.0
14,2.0
14,7.0
14,5.0
14,5.0
15,5.0
15,2.0
15,0.0
15,7.0
15,5.0
15,5.0
16,2.0
16,0.0
16,5.0
16,7.0
16,5.0
17,2.0
17,0.0
17,5.0
17,7.0
17,5.0
18,2.0
18,0.0
18,5.0
18,7.0
18,5.0
19,2.0
19,0.0
19,5.0
19,5.0
19,7.0
20,2.0
20,0.0
20,5.0
20,7.0
20,5.0
21,2.0
21,0.0
21,5.0
21,7.0
21,5.0
22,2.0
22,0.0
22,7.0
22,5.0
23,2.0
23,0.0
23,7.0
23,5.0
24,2.0
24,0.0
24,7.0
24,5.0
25,2.0
25,0.0
25,7.0
25,5.0
25,5.0
26,2.0
26,0.0
26,7.0
26,5.0
26,5.0
27,2.0
27,0.0
27,7.0
27,5.0
27,5.0
28,2.0
28,0.0
28,7.0
28,7.0
29,2.0
29,0.0
29,7.0
29,7.0
30,2.0
30,0.0
30,7.0
30,7.0
31,2.0
31,7.0
31,0.0
31,5.0
32,7.0
32,0.0
32,2.0
33,7.0
33,0.0
33,2.0
34,7.0
34,0.0
34,2.0
34,5.0
35,7.0
35,0.0
35,2.0
35,5.0
36,7.0
36,0.0
36,2.0
36,5.0
37,7.0
37,2.0
37,0.0
37,2.0
38,0.0
38,2.0
38,7.0
38,5.0
38,7.0
39,2.0
39,0.0
39,7.0
39,5.0
40,7.0
40,0.0
40,2.0
40,5.0
41,7.0
41,0.0
41,2.0
41,5.0
42,7.0
42,0.0
42,2.0
42,5.0
43,5.0
43,7.0
43,0.0
43,2.0
44,5.0
44,0.0
44,7.0
44,2.0
45,5.0
45,0.0
45,7.0
45,2.0
46,7.0
46,0.0
46,5.0
46,2.0
47,7.0
47,0.0
47,5.0
47,2.0
48,7.0
48,0.0
48,5.0
48,2.0
49,7.0
49,0.0
49,5.0
50,5.0
50,7.0
50,0.0
51,5.0
51,7.0
51,0.0
52,7.0
52,0.0
53,7.0
53,0.0
54,7.0
54,0.0
55,7.0
55,0.0
55,2.0
55,0.0
55,7.0
56,7.0
56,0.0
56,7.0
56,0.0
56,5.0
57,7.0
57,0.0
57,7.0
57,0.0
57,5.0
58,7.0
58,0.0
58,0.0
58,7.0
58,5.0
59,7.0
59,0.0
59,0.0
59,7.0
60,7.0
60,0.0
60,0.0
60,7.0
60,5.0
61,7.0
61,0.0
61,7.0
61,0.0
61,5.0
62,7.0
62,0.0
62,0.0
62,5.0
62,7.0
63,7.0
63,0.0
63,0.0
63,5.0
63,7.0
64,7.0
64,0.0
64,0.0
64,7.0
65,7.0
65,0.0
65,0.0
65,7.0
66,7.0
66,0.0
66,0.0
66,7.0
67,7.0
67,0.0
67,0.0
68,7.0
68,0.0
68,7.0
68,0.0
69,7.0
69,0.0
69,7.0
69,0.0
70,7.0
70,0.0
70,7.0
70,0.0
71,7.0
71,0.0
71,7.0
71,0.0
72,7.0
72,0.0
72,7.0
72,0.0
73,7.0
73,0.0
73,7.0
73,0.0
74,7.0
74,0.0
74,7.0
74,0.0
75,7.0
75,0.0
75,7.0
75,0.0
76,7.0
76,0.0
76,7.0
76,0.0
77,7.0
77,0.0
77,7.0
77,0.0
78,7.0
78,0.0
78,7.0
78,0.0
79,7.0
79,0.0
79,7.0
79,0.0
80,7.0
80,0.0
80,7.0
80,0.0
81,7.0
81,0.0
81,7.0
81,0.0
82,7.0
82,0.0
82,7.0
82,0.0
83,7.0
83,0.0
83,7.0
83,0.0
84,7.0
84,0.0
84,7.0
84,0.0
85,7.0
85,0.0
85,7.0
85,0.0
86,7.0
86,0.0
86,0.0
87,7.0
87,0.0
87,0.0
88,7.0
88,0.0
88,0.0
89,7.0
89,0.0
89,0.0
90,7.0
90,0.0
90,0.0
91,7.0
91,0.0
91,0.0
92,7.0
92,0.0
92,0.0
93,7.0
93,0.0
93,0.0
94,7.0
94,0.0
94,0.0
95,7.0
95,0.0
95,0.0
96,7.0
96,0.0
96,0.0
97,7.0
97,0.0
97,0.0
98,7.0
98,0.0
98,0.0
99,7.0
99,0.0
99,0.0
100,7.0
100,0.0
100,0.0
101,7.0
101,0.0
101,0.0
102,7.0
102,0.0
102,0.0
103,7.0
103,0.0
103,0.0
104,7.0
104,0.0
104,0.0
105,7.0
105,0.0
105,0.0
106,7.0
106,0.0
106,0.0
107,7.0
107,0.0
107,0.0
108,7.0
108,0.0
108,0.0
109,7.0
109,0.0
109,0.0
110,7.0
110,0.0
110,0.0
111,7.0
111,0.0
111,0.0
112,7.0
112,0.0
112,0.0
113,7.0
113,0.0
113,0.0
114,7.0
114,0.0
114,0.0
115,7.0
115,0.0
115,0.0
116,7.0
116,0.0
116,0.0
117,7.0
117,0.0
117,0.0
118,7.0
118,0.0
118,0.0
119,7.0
119,0.0
119,0.0
120,7.0
120,0.0
120,0.0
121,7.0
121,0.0
121,0.0
122,7.0
122,0.0
122,0.0
123,7.0
123,0.0
123,0.0
124,7.0
124,0.0
124,0.0
125,7.0
125,0.0
125,0.0
126,7.0
126,0.0
126,0.0
127,7.0
127,0.0
127,0.0
128,7.0
128,0.0
128,0.0
129,7.0
129,0.0
129,0.0
130,7.0
130,0.0
130,0.0
131,7.0
131,0.0
131,0.0
132,7.0
132,0.0
132,0.0
133,7.0
133,0.0
133,0.0
134,7.0
134,0.0
134,0.0
135,7.0
135,0.0
135,0.0
136,7.0
136,0.0
136,0.0
137,7.0
137,0.0
137,0.0
138,7.0
138,0.0
138,0.0
139,7.0
139,0.0
139,0.0
140,7.0
140,0.0
140,0.0
141,7.0
141,0.0
141,0.0
142,7.0
142,0.0
142,0.0
143,7.0
143,0.0
143,0.0
144,7.0
144,0.0
144,0.0
145,7.0
145,0.0
145,0.0
146,7.0
146,0.0
146,0.0
147,7.0
147,0.0
147,0.0
148,7.0
148,0.0
148,0.0
149,7.0
149,0.0
149,0.0
150,7.0
150,0.0
150,0.0
151,7.0
151,0.0
151,0.0
152,7.0
152,0.0
152,0.0
153,7.0
153,0.0
153,0.0
154,7.0
154,0.0
154,0.0
155,7.0
155,0.0
155,0.0
156,7.0
156,0.0
156,0.0
157,7.0
157,0.0
157,0.0
158,7.0
158,0.0
158,0.0
159,7.0
159,0.0
159,0.0
160,7.0
160,0.0
160,0.0
161,7.0
161,0.0
161,0.0
162,7.0
162,0.0
162,0.0
163,7.0
163,0.0
163,0.0
164,7.0
164,0.0
164,0.0
165,7.0
165,0.0
165,0.0
166,7.0
166,0.0
166,0.0
167,7.0
167,0.0
167,0.0
168,7.0
168,0.0
168,0.0
169,7.0
169,0.0
169,0.0
170,7.0
170,0.0
170,0.0
171,7.0
171,0.0
171,0.0
172,7.0
172,0.0
172,0.0
173,7.0
173,0.0
173,0.0
174,7.0
174,0.0
174,0.0
175,7.0
175,0.0
175,2.0
175,0.0
176,7.0
176,0.0
176,0.0
176,2.0
177,7.0
177,0.0
177,0.0
177,2.0
178,7.0
178,0.0
178,2.0
178,0.0
179,7.0
179,0.0
179,2.0
179,0.0
180,7.0
180,0.0
180,2.0
180,0.0
181,7.0
181,0.0
181,0.0
181,2.0
182,7.0
182,0.0
182,0.0
182,2.0
183,7.0
183,0.0
183,0.0
183,2.0
184,7.0
184,0.0
184,0.0
184,2.0
185,7.0
185,0.0
185,0.0
185,2.0
186,7.0
186,0.0
186,0.0
186,2.0
187,7.0
187,0.0
187,0.0
187,2.0
188,7.0
188,0.0
188,0.0
188,2.0
189,7.0
189,0.0
189,0.0
189,2.0
190,7.0
190,0.0
190,2.0
190,0.0
191,7.0
191,2.0
191,0.0
191,0.0
192,7.0
192,2.0
192,0.0
192,0.0
193,2.0
193,0.0
193,5.0
193,0.0
193,7.0
194,2.0
194,0.0
194,5.0
194,0.0
194,7.0
194,5.0
195,2.0
195,0.0
195,5.0
195,0.0
195,7.0
195,5.0
196,2.0
196,0.0
196,5.0
196,0.0
196,7.0
197,2.0
197,0.0
197,5.0
197,0.0
197,7.0
198,2.0
198,0.0
198,5.0
198,0.0
198,7.0
199,2.0
199,0.0
199,0.0
199,5.0
199,7.0
200,2.0
200,0.0
200,0.0
200,5.0
200,7.0
201,2.0
201,0.0
201,0.0
201,5.0
201,7.0
202,2.0
202,0.0
202,0.0
202,5.0
202,7.0
203,2.0
203,0.0
203,0.0
203,5.0
203,7.0
204,2.0
204,0.0
204,0.0
204,5.0
204,7.0
205,2.0
205,0.0
205,0.0
205,5.0
205,7.0
206,2.0
206,5.0
206,0.0
206,0.0
206,7.0
207,2.0
207,5.0
207,0.0
207,0.0
207,7.0
208,2.0
208,5.0
208,0.0
208,0.0
208,7.0
209,2.0
209,5.0
209,0.0
209,0.0
209,7.0
210,2.0
210,5.0
210,0.0
210,0.0
210,7.0
211,5.0
211,2.0
211,0.0
211,0.0
211,7.0
212,5.0
212,0.0
212,2.0
212,0.0
213,5.0
213,0.0
213,2.0
213,0.0
214,5.0
214,2.0
214,0.0
214,0.0
215,5.0
215,2.0
215,0.0
215,0.0
216,5.0
216,2.0
216,0.0
216,0.0
217,5.0
217,2.0
217,0.0
217,0.0
218,5.0
218,2.0
218,0.0
218,0.0
219,5.0
219,2.0
219,0.0
219,0.0
220,5.0
220,2.0
220,0.0
220,0.0
221,5.0
221,2.0
221,0.0
221,0.0
222,5.0
222,2.0
222,0.0
222,0.0
223,5.0
223,2.0
223,0.0
223,0.0
224,5.0
224,2.0
224,0.0
224,0.0
225,5.0
225,2.0
225,0.0
225,0.0
226,5.0
226,2.0
226,0.0
226,0.0
227,5.0
227,2.0
227,0.0
227,0.0
228,5.0
228,2.0
228,0.0
228,0.0
229,5.0
229,2.0
229,0.0
229,0.0
230,5.0
230,2.0
230,0.0
230,0.0
231,5.0
231,2.0
231,0.0
231,0.0
232,5.0
232,2.0
232,0.0
232,0.0
233,5.0
233,2.0
233,0.0
233,0.0
234,5.0
234,2.0
234,0.0
234,0.0
235,5.0
235,2.0
235,0.0
235,0.0
236,2.0
236,5.0
236,0.0
236,0.0
236,7.0
237,2.0
237,5.0
237,0.0
237,0.0
237,7.0
238,2.0
238,5.0
238,0.0
238,0.0
238,7.0
239,2.0
239,5.0
239,0.0
239,0.0
239,7.0
240,2.0
240,5.0
240,0.0
240,0.0
240,7.0
241,2.0
241,7.0
241,5.0
241,0.0
241,0.0
242,2.0
242,7.0
242,5.0
242,0.0
242,0.0
243,2.0
243,7.0
243,5.0
243,0.0
243,0.0
244,2.0
244,5.0
244,7.0
244,0.0
244,0.0
245,2.0
245,5.0
245,7.0
245,0.0
245,0.0
246,2.0
246,5.0
246,7.0
246,0.0
246,0.0
247,2.0
247,7.0
247,0.0
247,0.0
248,2.0
248,7.0
248,0.0
248,0.0
248,5.0
249,2.0
249,7.0
249,0.0
249,5.0
249,0.0
250,2.0
250,7.0
250,0.0
250,5.0
250,0.0
251,2.0
251,7.0
251,0.0
251,5.0
251,0.0
252,2.0
252,7.0
252,0.0
252,5.0
252,0.0
253,7.0
253,0.0
253,5.0
253,0.0
254,5.0
254,7.0
254,0.0
254,2.0
255,5.0
255,0.0
255,7.0
255,2.0
256,5.0
256,0.0
256,7.0
256,2.0
257,5.0
257,0.0
257,7.0
257,2.0
258,5.0
258,0.0
258,7.0
258,2.0
259,7.0
259,0.0
259,5.0
260,5.0
260,7.0
260,0.0
261,5.0
261,7.0
261,0.0
262,5.0
262,7.0
262,0.0
263,5.0
263,0.0
263,7.0
264,5.0
264,7.0
264,0.0
265,7.0
265,0.0
265,5.0
266,7.0
266,0.0
266,5.0
267,7.0
267,0.0
267,5.0
268,7.0
268,0.0
268,5.0
269,7.0
269,0.0
269,5.0
270,7.0
270,0.0
270,5.0
271,7.0
271,0.0
271,5.0
272,7.0
272,0.0
272,5.0
272,0.0
273,7.0
273,0.0
273,5.0
273,0.0
274,0.0
274,5.0
274,7.0
275,0.0
275,7.0
275,5.0
275,0.0
276,0.0
276,7.0
276,5.0
276,0.0
277,7.0
277,0.0
277,0.0
277,5.0
278,7.0
278,0.0
278,0.0
279,7.0
279,0.0
279,0.0
280,7.0
280,0.0
280,0.0
281,7.0
281,0.0
281,0.0
282,7.0
282,0.0
282,0.0
283,7.0
283,0.0
283,0.0
284,7.0
284,0.0
284,0.0
284,5.0
285,7.0
285,0.0
285,0.0
285,5.0
286,7.0
286,0.0
286,0.0
287,7.0
287,0.0
287,0.0
288,7.0
288,0.0
288,0.0
289,7.0
289,0.0
289,0.0
289,5.0
290,7.0
290,0.0
290,0.0
291,7.0
291,0.0
291,0.0
292,7.0
292,0.0
292,0.0
292,5.0
293,7.0
293,0.0
293,0.0
293,5.0
294,7.0
294,0.0
294,0.0
294,5.0
295,7.0
295,0.0
295,0.0
295,5.0
296,7.0
296,0.0
296,0.0
296,5.0
297,7.0
297,0.0
297,0.0
297,5.0
298,7.0
298,0.0
298,0.0
299,7.0
299,0.0
299,0.0
300,7.0
300,0.0
300,0.0
301,7.0
301,0.0
301,0.0
301,5.0
302,7.0
302,0.0
302,0.0
303,7.0
303,0.0
303,0.0
304,7.0
304,0.0
304,0.0
305,7.0
305,0.0
305,0.0
306,7.0
306,0.0
306,0.0
307,7.0
307,0.0
307,0.0
308,7.0
308,0.0
308,0.0
309,7.0
309,0.0
309,0.0
310,7.0
310,0.0
310,0.0
311,7.0
311,0.0
311,0.0
312,7.0
312,0.0
312,0.0
313,7.0
313,0.0
313,0.0
314,7.0
314,0.0
314,0.0
315,7.0
315,0.0
315,0.0
316,7.0
316,0.0
316,0.0
317,7.0
317,0.0
317,0.0
318,7.0
318,0.0
318,0.0
319,7.0
319,0.0
319,0.0
320,7.0
320,0.0
320,0.0
321,7.0
321,0.0
321,0.0
322,7.0
322,0.0
322,0.0
323,7.0
323,0.0
323,0.0
324,7.0
324,0.0
324,0.0
325,7.0
325,0.0
325,0.0
326,7.0
326,0.0
326,0.0
327,7.0
327,0.0
327,0.0
328,7.0
328,0.0
328,0.0
329,7.0
329,0.0
329,0.0
330,7.0
330,0.0
330,0.0
331,7.0
331,0.0
331,0.0
332,7.0
332,0.0
332,0.0
333,7.0
333,0.0
333,0.0
334,0.0
334,7.0
334,0.0
335,0.0
335,7.0
335,0.0
336,0.0
336,7.0
336,0.0
337,7.0
337,0.0
337,0.0
338,7.0
338,0.0
338,0.0
339,7.0
339,0.0
339,0.0
340,7.0
340,0.0
340,0.0
341,7.0
341,0.0
341,0.0
342,7.0
342,0.0
342,0.0
343,0.0
343,7.0
343,0.0
344,0.0
344,7.0
344,0.0
345,0.0
345,7.0
345,0.0
346,7.0
346,0.0
346,0.0
347,7.0
347,0.0
347,0.0
348,7.0
348,0.0
348,0.0
349,0.0
349,0.0
349,7.0
350,0.0
350,7.0
350,0.0
351,0.0
351,7.0
351,0.0
352,0.0
352,0.0
352,7.0
353,0.0
353,0.0
353,7.0
354,0.0
354,0.0
354,7.0
355,0.0
355,0.0
356,0.0
356,0.0
357,0.0
357,0.0
358,0.0
358,0.0
359,0.0
359,0.0
360,0.0
360,0.0
361,0.0
361,0.0
362,0.0
362,0.0
362,7.0
363,0.0
363,0.0
363,7.0
364,0.0
364,0.0
364,7.0
365,0.0
365,0.0
365,7.0
366,0.0
366,0.0
366,7.0
367,0.0
367,7.0
367,0.0
368,7.0
368,0.0
368,0.0
369,7.0
369,0.0
369,0.0
370,7.0
370,0.0
370,0.0
371,7.0
371,0.0
371,0.0
372,7.0
372,0.0
372,0.0
373,0.0
373,0.0
373,7.0
374,7.0
374,0.0
374,0.0
375,7.0
375,0.0
375,0.0
376,7.0
376,0.0
376,0.0
377,7.0
377,0.0
377,0.0
378,7.0
378,0.0
378,0.0
379,0.0
379,7.0
379,0.0
380,0.0
380,7.0
380,0.0
381,0.0
381,7.0
381,0.0
382,0.0
382,0.0
382,7.0
383,0.0
383,0.0
383,7.0
384,0.0
384,0.0
384,7.0
385,0.0
385,0.0
386,0.0
386,0.0
386,7.0
386,2.0
387,0.0
387,0.0
387,7.0
387,2.0
388,0.0
388,7.0
388,0.0
388,2.0
389,0.0
389,7.0
389,2.0
389,0.0
390,0.0
390,7.0
390,2.0
390,0.0
391,0.0
391,2.0
391,0.0
391,7.0
392,2.0
392,0.0
392,0.0
393,2.0
393,0.0
393,0.0
394,2.0
394,0.0
394,0.0
395,2.0
395,0.0
395,0.0
396,2.0
396,0.0
396,0.0
397,2.0
397,0.0
397,0.0
398,2.0
398,0.0
398,0.0
399,2.0
399,0.0
399,0.0
400,2.0
400,0.0
400,0.0
401,2.0
401,0.0
401,0.0
402,2.0
402,0.0
402,0.0
403,2.0
403,0.0
403,0.0
404,2.0
404,0.0
405,2.0
405,0.0
406,2.0
406,0.0
406,0.0
407,2.0
407,0.0
407,0.0
408,2.0
408,0.0
408,0.0
409,2.0
409,0.0
409,0.0
410,2.0
410,0.0
410,0.0
411,2.0
411,0.0
411,0.0
412,2.0
412,0.0
412,0.0
413,2.0
413,0.0
413,0.0
414,2.0
414,0.0
414,0.0
415,0.0
415,2.0
415,0.0
416,2.0
416,0.0
417,2.0
417,0.0
418,2.0
418,0.0
418,0.0
419,2.0
419,0.0
419,0.0
420,2.0
420,0.0
420,0.0
421,2.0
421,0.0
421,0.0
422,2.0
422,0.0
422,0.0
423,2.0
423,0.0
423,0.0
424,2.0
424,0.0
424,0.0
425,2.0
425,0.0
425,0.0
426,2.0
426,0.0
426,0.0
427,2.0
427,0.0
427,0.0
428,2.0
428,0.0
428,0.0
429,2.0
429,0.0
429,0.0
430,0.0
430,2.0
430,0.0
431,0.0
431,2.0
431,0.0
432,0.0
432,2.0
432,0.0
433,2.0
433,0.0
433,0.0
434,0.0
434,2.0
434,0.0
435,0.0
435,2.0
435,0.0
436,0.0
436,2.0
436,7.0
436,9.0
437,0.0
437,2.0
437,7.0
437,9.0
438,0.0
438,2.0
438,7.0
438,9.0
439,2.0
439,0.0
439,9.0
440,0.0
440,2.0
440,9.0
441,0.0
441,2.0
441,9.0
442,0.0
442,2.0
442,9.0
443,0.0
443,2.0
444,0.0
444,2.0
445,0.0
445,2.0
445,0.0
446,0.0
446,2.0
446,0.0
446,9.0
447,0.0
447,2.0
447,0.0
447,9.0
448,0.0
448,2.0
448,0.0
448,9.0
449,0.0
449,2.0
449,0.0
449,9.0
450,0.0
450,2.0
450,0.0
450,9.0
451,2.0
451,0.0
451,0.0
451,9.0
452,2.0
452,0.0
452,0.0
452,9.0
453,2.0
453,0.0
453,0.0
453,9.0
454,2.0
454,0.0
454,9.0
455,2.0
455,0.0
455,9.0
456,2.0
456,0.0
456,9.0
457,2.0
457,0.0
457,0.0
457,9.0
458,2.0
458,9.0
459,2.0
459,9.0
460,2.0
460,9.0
461,2.0
461,9.0
462,2.0
462,9.0
463,0.0
463,2.0
463,0.0
463,9.0
464,2.0
464,0.0
464,0.0
464,9.0
465,2.0
465,0.0
465,0.0
465,9.0
466,2.0
466,0.0
466,0.0
466,9.0
467,2.0
467,0.0
467,0.0
467,9.0
468,2.0
468,0.0
468,0.0
468,9.0
469,0.0
469,2.0
469,0.0
469,9.0
470,0.0
470,0.0
470,2.0
471,0.0
471,0.0
471,2.0
472,0.0
472,0.0
473,0.0
473,0.0
474,0.0
474,0.0
475,0.0
475,0.0
476,0.0
476,0.0
476,9.0
477,0.0
477,0.0
477,9.0
478,0.0
478,0.0
478,9.0
479,0.0
479,0.0
479,9.0
480,0.0
480,0.0
480,9.0
481,0.0
481,0.0
481,9.0
482,0.0
482,0.0
482,9.0
483,0.0
483,0.0
483,9.0
484,0.0
484,0.0
484,9.0
485,0.0
485,0.0
485,9.0
486,0.0
486,0.0
486,9.0
487,0.0
487,9.0
488,0.0
488,0.0
488,9.0
489,0.0
489,0.0
489,9.0
490,0.0
490,0.0
490,9.0
491,0.0
491,0.0
491,9.0
492,0.0
492,0.0
492,9.0
493,0.0
493,0.0
493,9.0
494,0.0
494,0.0
494,9.0
495,0.0
495,0.0
495,9.0
496,0.0
496,0.0
496,9.0
497,0.0
497,0.0
497,9.0
498,0.0
498,0.0
498,9.0
499,0.0
499,0.0
499,9.0
500,0.0
500,0.0
500,9.0
501,0.0
501,0.0
501,9.0
502,0.0
502,0.0
502,9.0
503,0.0
503,0.0
503,9.0
504,0.0
504,0.0
504,9.0
505,0.0
505,0.0
505,9.0
506,0.0
506,0.0
506,9.0
507,0.0
507,0.0
507,9.0
508,0.0
508,0.0
508,9.0
509,0.0
509,0.0
509,9.0
510,0.0
510,0.0
510,9.0
511,0.0
511,0.0
511,9.0
512,0.0
512,0.0
512,9.0
513,0.0
513,0.0
513,9.0
514,0.0
514,0.0
515,0.0
515,0.0
516,0.0
516,0.0
517,0.0
517,0.0
517,9.0
518,0.0
518,0.0
519,0.0
519,0.0
520,0.0
520,0.0
521,0.0
521,0.0
522,0.0
522,0.0
523,0.0
523,0.0
523,9.0
524,0.0
524,0.0
525,0.0
525,0.0
526,0.0
526,0.0
527,0.0
527,0.0
528,0.0
528,0.0
529,0.0
529,0.0
530,0.0
530,0.0
531,0.0
531,0.0
532,0.0
532,0.0
533,0.0
533,0.0
534,0.0
534,0.0
535,0.0
535,0.0
535,9.0
536,0.0
536,0.0
536,9.0
537,0.0
537,0.0
538,0.0
538,0.0
539,0.0
539,0.0
540,0.0
540,0.0
541,0.0
541,0.0
542,0.0
542,0.0
543,0.0
543,0.0
544,0.0
544,0.0
545,0.0
545,0.0
546,0.0
546,0.0
547,0.0
547,0.0
548,0.0
548,0.0
549,0.0
549,0.0
550,0.0
550,0.0
551,0.0
551,0.0
552,0.0
552,0.0
553,0.0
553,0.0
554,0.0
554,0.0
555,0.0
555,0.0
556,0.0
556,0.0
557,0.0
557,0.0
558,0.0
558,0.0
559,0.0
559,0.0
560,0.0
560,0.0
561,0.0
561,0.0
562,0.0
562,0.0
563,0.0
563,0.0
564,0.0
564,0.0
565,0.0
565,0.0
566,0.0
566,0.0
566,9.0
567,0.0
567,0.0
567,9.0
568,0.0
568,0.0
568,9.0
569,0.0
569,0.0
570,0.0
570,0.0
571,0.0
571,0.0
571,38.0
572,0.0
572,0.0
573,0.0
573,0.0
574,0.0
574,0.0
575,0.0
575,0.0
576,0.0
576,0.0
577,0.0
577,0.0
578,0.0
578,0.0
578,9.0
579,0.0
579,0.0
579,9.0
580,0.0
580,0.0
580,9.0
581,0.0
581,0.0
581,9.0
582,0.0
582,0.0
582,9.0
583,0.0
583,0.0
584,0.0
584,0.0
585,0.0
585,0.0
586,0.0
586,0.0
587,0.0
587,0.0
588,0.0
588,0.0
589,0.0
589,0.0
590,0.0
590,0.0
590,0.0
591,0.0
591,0.0
591,0.0
592,0.0
592,0.0
593,0.0
593,0.0
594,0.0
594,0.0
595,0.0
595,0.0
596,0.0
596,0.0
597,0.0
597,0.0
598,0.0
598,0.0
599,0.0
599,0.0
600,0.0
600,0.0
601,0.0
601,0.0
601,9.0
602,0.0
602,0.0
603,0.0
603,0.0
604,0.0
604,0.0
605,0.0
605,0.0
606,0.0
606,0.0
607,0.0
607,0.0
607,9.0
608,0.0
608,0.0
609,0.0
609,0.0
610,0.0
610,0.0
611,0.0
611,0.0
612,0.0
612,0.0
613,0.0
613,0.0
614,0.0
614,0.0
615,0.0
615,0.0
616,0.0
616,0.0
617,0.0
617,0.0
618,0.0
618,0.0
619,0.0
619,0.0
620,0.0
620,0.0
621,0.0
621,0.0
622,0.0
622,0.0
623,0.0
623,0.0
624,0.0
624,0.0
625,0.0
625,0.0
625,9.0
626,0.0
626,0.0
627,0.0
627,0.0
628,0.0
628,0.0
629,0.0
629,0.0
630,0.0
630,0.0
631,0.0
631,0.0
632,0.0
632,0.0
632,9.0
633,0.0
633,0.0
633,9.0
634,0.0
634,0.0
635,0.0
635,0.0
636,0.0
636,0.0
637,0.0
637,9.0
638,0.0
639,0.0
640,0.0
641,0.0
642,0.0
643,0.0
643,0.0
644,0.0
644,0.0
645,0.0
645,0.0
646,0.0
647,0.0
648,0.0
649,0.0
649,0.0
650,0.0
651,0.0
652,0.0
653,0.0
654,0.0
655,0.0
656,0.0
657,0.0
658,0.0
659,0.0
660,0.0
661,0.0
662,0.0
663,0.0
664,0.0
665,0.0
666,0.0
667,0.0
667,9.0
668,0.0
668,9.0
669,0.0
669,9.0
670,0.0
670,9.0
671,0.0
671,9.0
672,0.0
672,9.0
673,0.0
673,9.0
674,0.0
674,9.0
675,0.0
675,9.0
676,0.0
676,9.0
677,0.0
677,9.0
678,0.0
678,9.0
679,0.0
679,9.0
679,9.0
680,0.0
680,9.0
680,9.0
681,0.0
681,9.0
681,9.0
682,9.0
682,9.0
682,0.0
683,0.0
683,9.0
683,9.0
684,0.0
684,9.0
684,9.0
685,9.0
685,9.0
686,0.0
686,9.0
686,9.0
687,0.0
687,9.0
687,9.0
688,0.0
688,9.0
689,0.0
689,9.0
690,0.0
690,9.0
691,0.0
691,9.0
692,9.0
693,9.0
694,9.0
695,9.0
696,9.0
697,10.0
697,9.0
697,0.0
698,0.0
698,9.0
699,0.0
699,9.0
700,9.0
700,0.0
701,9.0
702,9.0
703,0.0
703,9.0
703,9.0
704,0.0
704,9.0
704,9.0
705,0.0
705,9.0
705,9.0
706,0.0
706,9.0
706,9.0
707,0.0
707,9.0
707,9.0
708,0.0
708,9.0
708,9.0
709,0.0
709,9.0
709,9.0
710,0.0
710,9.0
710,9.0
711,0.0
711,9.0
711,9.0
712,0.0
712,9.0
712,9.0
713,0.0
713,9.0
713,9.0
714,0.0
714,9.0
714,9.0
715,0.0
715,9.0
715,9.0
716,0.0
716,9.0
716,9.0
717,0.0
717,9.0
717,9.0
718,0.0
718,9.0
718,9.0
719,0.0
719,9.0
719,9.0
720,0.0
720,9.0
720,9.0
721,0.0
721,9.0
721,0.0
722,9.0
722,9.0
723,9.0
723,9.0
724,9.0
724,9.0
725,9.0
725,9.0
726,9.0
726,9.0
727,0.0
727,9.0
728,0.0
728,9.0
729,0.0
729,9.0
730,9.0
730,9.0
731,9.0
731,9.0
732,9.0
732,9.0
733,9.0
733,9.0
734,9.0
734,0.0
735,9.0
735,0.0
736,9.0
736,9.0
737,9.0
737,9.0
738,9.0
738,9.0
739,9.0
739,9.0
740,9.0
741,9.0
742,0.0
742,9.0
743,0.0
743,9.0
744,0.0
744,9.0
745,0.0
745,9.0
746,9.0
747,9.0
748,9.0
749,9.0
750,9.0
751,9.0
758,0.0
759,0.0
766,0.0
767,0.0
768,0.0
782,0.0
783,0.0
784,0.0
785,0.0
786,0.0
808,9.0
820,9.0
826,9.0
827,9.0
828,9.0
835,9.0
838,9.0
839,9.0
840,9.0
841,0.0
842,0.0
843,0.0
844,0.0
845,0.0
846,0.0
847,0.0
850,0.0
851,0.0
852,0.0
853,0.0
859,9.0
860,9.0
861,9.0
871,9.0
899,9.0
900,9.0
901,9.0
902,9.0
903,9.0
904,9.0
905,9.0
906,9.0
907,9.0
908,9.0
909,9.0
910,9.0
911,9.0
912,9.0
913,9.0
914,9.0
915,9.0
916,9.0
917,9.0
918,9.0
919,9.0
920,9.0
921,9.0
922,9.0
923,9.0
924,9.0
925,9.0
926,9.0
927,9.0
928,9.0
929,9.0
930,9.0
931,9.0
932,9.0
933,9.0
934,9.0
935,9.0
936,9.0
937,9.0
956,9.0
957,9.0
958,9.0
961,9.0
976,9.0
977,9.0
978,9.0
979,9.0
980,9.0
981,9.0
982,9.0
983,9.0
984,9.0
985,9.0
986,9.0
987,9.0
988,9.0
989,9.0
990,9.0
991,9.0
992,9.0
993,9.0
994,9.0
995,9.0
996,9.0
997,9.0
998,9.0
999,9.0
1000,9.0
1001,9.0
1002,9.0
1003,9.0
1004,9.0
1005,9.0
1006,9.0
1007,9.0
1008,9.0
1009,9.0
1010,9.0
1011,9.0
1012,9.0
1013,9.0
1014,9.0
1015,9.0
1016,9.0
1017,9.0
1018,9.0
1019,9.0
1020,9.0
1021,9.0
1022,9.0
1023,9.0
1024,9.0
1025,9.0
1026,9.0
1027,9.0
1028,9.0
1029,9.0
1030,9.0
1031,9.0
1032,9.0
1033,9.0
1034,9.0
1035,9.0
1036,9.0
1037,9.0
1038,9.0
1039,9.0
1040,9.0
1041,9.0
1042,9.0
1043,9.0
1044,9.0
1045,9.0
1046,9.0
1047,9.0
1048,9.0
1049,9.0
1050,9.0
1051,9.0
1052,9.0
1053,9.0
1054,9.0
1055,9.0
1056,9.0
1057,9.0
1058,9.0
1059,9.0
1060,9.0
1061,9.0
1062,9.0
1063,9.0
1064,9.0
1065,9.0
1066,9.0
1067,9.0
1068,9.0
1069,9.0
1069,2.0
1070,2.0
1070,9.0
1071,2.0
1071,9.0
1072,2.0
1072,9.0
1073,2.0
1073,9.0
1074,2.0
1074,9.0
1075,2.0
1075,9.0
1076,2.0
1077,2.0
1078,2.0
1078,9.0
1078,9.0
1079,2.0
1079,9.0
1079,9.0
1080,2.0
1080,9.0
1080,9.0
1081,2.0
1082,2.0
1083,2.0
1084,2.0
1085,2.0
1086,2.0
1087,2.0
1088,2.0
1089,2.0
1093,2.0
1094,2.0
1095,2.0
1096,2.0
1097,2.0
1098,2.0
1099,2.0
1100,2.0
1100,9.0
1101,2.0
1101,9.0
1102,2.0
1102,9.0
1103,2.0
1103,9.0
1104,2.0
1104,9.0
1105,2.0
1105,9.0
1106,2.0
1106,9.0
1107,2.0
1107,9.0
1108,2.0
1108,9.0
1109,2.0
1109,9.0
1110,2.0
1110,9.0
1111,2.0
1111,9.0
1112,2.0
1112,9.0
1113,2.0
1113,9.0
1114,2.0
1114,9.0
1115,2.0
1115,9.0
1116,2.0
1116,9.0
1117,2.0
1117,9.0
1118,2.0
1118,9.0
1119,2.0
1119,9.0
1120,2.0
1120,9.0
1121,2.0
1121,9.0
1122,2.0
1122,9.0
1123,2.0
1123,9.0
1124,2.0
1124,9.0
1125,2.0
1125,9.0
1126,2.0
1126,9.0
1127,2.0
1127,9.0
1128,2.0
1128,9.0
1129,2.0
1129,9.0
1130,2.0
1131,2.0
1132,2.0
1133,2.0
1134,2.0
1135,2.0
1136,9.0
1137,9.0
1138,9.0
1139,9.0
1140,9.0
1141,9.0
1142,2.0
1142,9.0
1143,2.0
1143,9.0
1144,9.0
1145,9.0
1146,9.0
1147,9.0
1147,2.0
1148,9.0
1149,9.0
1150,9.0
1151,9.0
1152,9.0
1153,9.0
1154,9.0
1155,9.0
1156,9.0
1157,9.0
1158,9.0
1159,9.0
1160,9.0
1161,9.0
1162,9.0
1163,9.0
1164,9.0
1165,9.0
1166,9.0
1167,9.0
1168,9.0
1169,9.0
1170,9.0
1171,9.0
1172,9.0
1173,9.0
1174,9.0
1175,9.0
1176,9.0
1181,9.0
1182,9.0
1183,9.0
1184,9.0
1185,9.0
1186,5.0
1186,9.0
1187,5.0
1187,9.0
1188,5.0
1188,9.0
1189,5.0
1189,9.0
1190,5.0
1190,9.0
1191,5.0
1191,9.0
1192,5.0
1192,9.0
1193,5.0
1193,9.0
1194,5.0
1194,9.0
1195,5.0
1196,5.0
1197,5.0
1198,5.0
1198,0.0
1199,5.0
1199,0.0
1200,5.0
1200,0.0
1201,5.0
1204,5.0
1205,5.0
1206,5.0
1207,5.0
1208,5.0
1209,5.0
1210,5.0
1211,5.0
1212,5.0
1213,5.0
1214,5.0
1215,5.0
1216,5.0
1217,5.0
1218,5.0
1219,5.0
1220,5.0
1221,5.0
1221,9.0
1222,5.0
1222,9.0
1223,5.0
1223,9.0
1224,5.0
1224,9.0
1225,5.0
1228,5.0
1229,5.0
1230,5.0
1231,5.0
1232,5.0
1233,5.0
1234,5.0
1235,5.0
1236,5.0
1237,5.0
1238,5.0
1239,5.0
1240,5.0
1241,5.0
1242,5.0
1243,5.0
1244,5.0
1245,5.0
1246,5.0
1247,5.0
1248,5.0
1249,5.0
1255,9.0
1256,9.0
1256,9.0
1257,9.0
1257,9.0
1258,9.0
1258,9.0
1259,9.0
1259,9.0
1260,9.0
1260,9.0
1261,9.0
1261,9.0
1262,9.0
1263,9.0
1264,9.0
1265,9.0
1266,9.0
1267,6.0
1279,9.0
1279,2.0
1280,9.0
1281,9.0
1282,9.0
1283,9.0
1284,9.0
1285,2.0
1286,2.0
1287,2.0
1288,2.0
1289,2.0
1290,2.0
1291,2.0
1297,2.0
1300,2.0
1301,2.0
1302,2.0
1303,2.0
1304,2.0
1305,2.0
1306,2.0
1307,2.0
1308,2.0
1309,2.0
1310,2.0
1311,2.0
1312,2.0
1313,2.0
1314,2.0
1315,2.0
1316,2.0
1317,2.0
1318,2.0
1319,2.0
1320,2.0
1321,2.0
1322,2.0
1322,9.0
1323,2.0
1323,9.0
1324,2.0
1324,9.0
1325,2.0
1325,9.0
1326,2.0
1326,9.0
1327,2.0
1327,9.0
1328,2.0
1328,9.0
1329,2.0
1329,9.0
1330,2.0
1330,9.0
1331,2.0
1331,9.0
1332,2.0
1332,9.0
1333,2.0
1333,9.0
1334,2.0
1334,9.0
1335,2.0
1335,9.0
1336,2.0
1336,9.0
1337,2.0
1337,9.0
1338,2.0
1338,9.0
1339,2.0
1340,2.0
1341,2.0
1342,2.0
1343,2.0
1344,2.0
1345,2.0
1388,9.0
1389,9.0
1390,9.0
1391,9.0
1392,9.0
1393,9.0
1394,9.0
1395,9.0
1396,9.0
1397,9.0
1398,9.0
1399,9.0
1400,9.0
1401,9.0
1402,9.0
1403,9.0
1404,9.0
1405,9.0
1406,9.0
1407,9.0
1408,9.0
1409,9.0
1410,9.0
1411,9.0
1412,9.0
1413,9.0
1414,9.0
1415,9.0
1416,9.0
1417,9.0
1418,9.0
1419,9.0
1420,9.0
1421,9.0
1422,9.0
1423,9.0
1424,9.0
1425,9.0
1426,9.0
1427,9.0
1428,9.0
1429,9.0
1430,9.0
1431,9.0
1432,9.0
1433,9.0
1434,9.0
1435,9.0
1436,9.0
1437,9.0
1438,9.0
1439,9.0
1440,9.0
1441,9.0
1442,9.0
1443,9.0
1444,9.0
1445,9.0
1446,9.0
1447,9.0
1448,9.0
1449,9.0
1450,9.0
1451,9.0
1452,9.0
1453,9.0
1454,9.0
1455,9.0
1456,9.0
1457,9.0
1458,9.0
1459,9.0
1460,9.0
1461,9.0
1462,9.0
1463,9.0
1464,9.0
1465,9.0
1474,9.0
1475,9.0
1476,9.0
1477,9.0
1478,9.0
1479,9.0
1501,9.0
1502,9.0
1503,9.0
1504,9.0
1625,9.0
1626,9.0
1627,9.0
1628,9.0
1629,9.0
1630,9.0
1631,9.0
1632,9.0
1633,9.0
1634,9.0
1635,9.0
1636,9.0
1637,9.0
1638,9.0
1639,9.0
1640,9.0
1641,9.0
1642,9.0
1643,9.0
1644,9.0
1645,9.0
1646,9.0
1647,9.0
1648,9.0
1649,9.0
1650,9.0
1651,9.0
1652,9.0
1653,9.0
1654,9.0
1655,9.0
1656,9.0
1657,9.0
1658,9.0
1659,9.0
1660,9.0
1661,9.0
1662,9.0
1663,9.0
1664,9.0
1665,9.0
1666,9.0
1667,9.0
1668,9.0
1669,9.0
1670,9.0
1671,9.0
1672,9.0
1673,9.0
1674,9.0
1675,9.0
1676,9.0
1677,9.0
1678,9.0
1679,9.0
1680,9.0
1681,9.0
1682,9.0
1683,9.0
1684,9.0
1685,9.0
1686,9.0
1687,9.0
1688,9.0
1689,9.0
1690,9.0
1691,9.0
1692,9.0
1693,9.0
1694,9.0
1695,9.0
1696,9.0
1697,9.0
1698,9.0
1699,9.0
1700,9.0
1701,9.0
1702,9.0
1703,9.0
1704,9.0
1705,9.0
1706,9.0
1707,9.0
1708,9.0
1709,9.0
1710,9.0
1711,9.0
1712,9.0
1713,9.0
1714,9.0
1715,9.0
1716,9.0
1717,9.0
1718,9.0
1719,9.0
1720,9.0
1721,9.0
1722,9.0
1724,9.0
1725,9.0
1727,9.0
1728,9.0
1729,9.0
1730,9.0
1731,9.0
1732,9.0
1733,9.0
1734,9.0
1735,9.0
1736,9.0
1737,9.0
1738,9.0
1739,9.0
1740,9.0
1741,9.0
1742,9.0
1743,9.0
1744,9.0
1745,9.0
1746,9.0
1747,9.0
1748,9.0
1749,9.0
1750,9.0
1751,9.0
1752,9.0
1757,9.0
1758,9.0
1759,9.0
1760,9.0
1762,9.0
1765,9.0
1766,9.0
1767,9.0
1768,9.0
1769,9.0
1770,9.0
1771,9.0
1772,9.0
1773,9.0
1774,9.0
1775,9.0
1776,9.0
1777,9.0
1778,9.0
1779,9.0
1781,9.0
1782,9.0
1783,9.0
1784,9.0
1785,9.0
1786,9.0
1787,9.0
1788,9.0
1789,9.0
1790,9.0
1791,9.0
1792,9.0
1793,9.0
1794,9.0
1796,9.0
1797,9.0
1798,9.0
1799,9.0
1801,9.0
1802,9.0
1803,9.0
1804,9.0
1805,9.0
1806,9.0
1808,9.0
1809,9.0
1810,9.0
1814,9.0
1815,9.0
1816,9.0
1817,9.0
1818,9.0
1819,9.0
1820,9.0
1821,9.0
1822,9.0
1823,9.0
1824,9.0
1825,9.0
1826,9.0
1827,9.0
1828,9.0
1829,9.0
1830,9.0
1832,9.0
1833,9.0
1834,9.0
1835,9.0
1836,9.0
1837,9.0
1838,9.0
1839,9.0
1840,9.0
1841,9.0
1842,9.0
1843,9.0
1844,9.0
1845,9.0
1846,9.0
1847,9.0
1848,9.0
1852,9.0
1853,9.0
1854,9.0
1855,9.0
1856,9.0
1857,9.0
1858,9.0
1859,9.0
1860,9.0
1861,9.0
1862,9.0
1863,9.0
1864,9.0
1865,9.0
1866,9.0
1867,9.0
1868,9.0
1869,9.0
1870,9.0
1871,9.0
1872,9.0
1873,9.0
1874,9.0
1875,9.0
1913,11.0
1914,11.0
1916,9.0
1920,9.0
1922,9.0
1923,9.0
1933,7.0
1933,9.0
1934,7.0
1935,7.0
1936,7.0
1937,7.0
1938,7.0
1939,7.0
1940,7.0
1941,7.0
1942,7.0
1943,7.0
1944,7.0
1945,7.0
1946,7.0
1947,7.0
1948,7.0
1949,7.0
1950,7.0
1951,7.0
1952,7.0
1953,7.0
1954,7.0
1955,7.0
1956,7.0
1957,7.0
1958,7.0
1959,7.0
1960,7.0
1961,7.0
1962,7.0
1963,7.0
1964,7.0
1965,7.0
1966,7.0
1967,7.0
1968,7.0
1969,7.0
1969,9.0
1970,5.0
1970,7.0
1971,5.0
1971,7.0
1972,7.0
1973,7.0
1974,7.0
1975,7.0
1976,7.0
1977,7.0
1978,7.0
1979,7.0
1980,7.0
1981,7.0
1982,7.0
1983,7.0
1984,7.0
1985,7.0
1986,7.0
1987,7.0
1988,7.0
1989,7.0
1989,9.0
1990,7.0
1990,9.0
1991,7.0
1991,9.0
1992,7.0
1992,9.0
1993,7.0
1993,9.0
1994,7.0
1994,9.0
1995,7.0
1995,9.0
1996,7.0
1996,9.0
1997,7.0
1997,9.0
1998,7.0
1998,9.0
1999,7.0
1999,9.0
2000,7.0
2001,7.0
2002,7.0
2003,7.0
2004,7.0
2005,7.0
2006,7.0
2007,7.0
2008,7.0
2009,7.0
2010,7.0
2011,7.0
2012,7.0
2013,7.0
2014,7.0
2015,7.0
2016,7.0
2017,7.0
2018,7.0
2019,7.0
2020,7.0
2021,7.0
2022,7.0
2023,7.0
2024,7.0
2025,7.0
2026,7.0
2027,7.0
2028,7.0
2029,7.0
2030,7.0
2031,7.0
2032,7.0
2033,7.0
2034,7.0
2035,7.0
2036,7.0
2037,7.0
2038,7.0
2039,7.0
2040,7.0
2041,7.0
2042,7.0
2043,7.0
2044,7.0
2045,7.0
2046,7.0
2047,7.0
2048,7.0
2049,7.0
2050,7.0
2051,7.0
2052,7.0
2053,7.0
2054,7.0
2055,7.0
2056,7.0
2057,7.0
2058,7.0
2059,7.0
2060,7.0
2061,7.0
2062,7.0
2063,7.0
2064,7.0
2065,7.0
2066,7.0
2067,7.0
2068,7.0
2069,7.0
2070,7.0
2071,7.0
2072,7.0
2073,7.0
2074,7.0
2075,7.0
2076,7.0
2077,7.0
2078,7.0
2079,7.0
2080,7.0
2081,7.0
2082,7.0
2083,7.0
2084,7.0
2085,7.0
2086,7.0
2087,7.0
2088,7.0
2089,7.0
2090,7.0
2091,7.0
2092,7.0
2093,7.0
2094,7.0
2095,7.0
2096,7.0
2097,7.0
2098,7.0
2099,7.0
2100,7.0
2101,7.0
2102,7.0
2103,7.0
2104,7.0
2105,7.0
2106,7.0
2107,7.0
2108,7.0
2108,2.0
2109,7.0
2109,2.0
2110,7.0
2110,2.0
2111,7.0
2111,2.0
2112,7.0
2112,2.0
2113,7.0
2113,2.0
2114,7.0
2114,2.0
2115,7.0
2115,2.0
2116,7.0
2116,2.0
2117,7.0
2117,2.0
2118,7.0
2118,2.0
2119,7.0
2119,2.0
2119,5.0
2120,7.0
2120,5.0
2120,2.0
2121,7.0
2121,5.0
2121,2.0
2122,7.0
2122,2.0
2123,7.0
2123,2.0
2124,7.0
2124,2.0
2125,7.0
2126,7.0
2127,7.0
2128,7.0
2128,2.0
2129,7.0
2129,2.0
2130,7.0
2130,2.0
2131,7.0
2132,7.0
2133,7.0
2134,7.0
2135,7.0
2136,7.0
2137,7.0
2138,7.0
2138,5.0
2139,7.0
2139,5.0
2140,7.0
2140,5.0
2141,7.0
2141,5.0
2142,7.0
2142,5.0
2143,7.0
2143,5.0
2144,7.0
2145,7.0
2146,7.0
2147,7.0
2148,7.0
2149,7.0
2150,7.0
2151,7.0
2152,7.0
2153,7.0
2154,7.0
2155,7.0
2156,5.0
2156,7.0
2156,2.0
2157,5.0
2157,7.0
2157,2.0
2158,7.0
2158,5.0
2159,7.0
2159,5.0
2160,7.0
2160,5.0
2161,7.0
2161,2.0
2162,7.0
2162,2.0
2162,5.0
2163,7.0
2163,2.0
2163,5.0
2164,7.0
2164,2.0
2165,7.0
2165,2.0
2166,7.0
2166,2.0
2167,7.0
2167,2.0
2167,5.0
2168,7.0
2168,5.0
2169,7.0
2169,5.0
2170,7.0
2170,5.0
2170,2.0
2171,7.0
2171,5.0
2171,2.0
2172,7.0
2172,5.0
2172,2.0
2173,7.0
2173,2.0
2173,5.0
2174,2.0
2174,7.0
2174,5.0
2175,2.0
2175,7.0
2175,5.0
2176,2.0
2176,5.0
2176,7.0
2177,2.0
2177,5.0
2177,7.0
2178,2.0
2178,5.0
2178,7.0
2179,5.0
2179,7.0
2180,7.0
2180,5.0
2181,7.0
2181,5.0
2182,7.0
2182,5.0
2183,7.0
2183,5.0
2184,7.0
2184,5.0
2185,7.0
2185,5.0
2186,7.0
2187,7.0
2188,5.0
2188,7.0
2189,5.0
2189,7.0
2190,5.0
2190,7.0
2191,7.0
2192,7.0
2193,7.0
2194,7.0
2195,7.0
2196,7.0
2197,7.0
2200,7.0
2201,7.0
2202,7.0
2204,7.0
2205,7.0
2206,7.0
2207,7.0
2208,7.0
2209,7.0
2210,7.0
2211,7.0
2212,7.0
2213,7.0
2214,7.0
2215,7.0
2216,7.0
2217,7.0
2218,7.0
2218,0.0
2219,7.0
2219,0.0
2220,7.0
2220,0.0
2221,7.0
2222,7.0
2223,7.0
2224,7.0
2225,7.0
2226,7.0
2227,7.0
2228,7.0
2228,6.0
2229,7.0
2229,6.0
2230,7.0
2230,6.0
2231,7.0
2231,6.0
2232,7.0
2232,6.0
2233,6.0
2233,7.0
2234,7.0
2234,6.0
2235,7.0
2235,6.0
2236,7.0
2237,7.0
2238,7.0
2239,6.0
2239,7.0
2240,6.0
2240,7.0
2241,6.0
2241,7.0
2242,6.0
2242,7.0
2243,6.0
2243,7.0
2244,6.0
2244,7.0
2245,6.0
2245,7.0
2246,7.0
2246,6.0
2246,6.0
2247,7.0
2247,6.0
2247,6.0
2247,6.0
2248,6.0
2248,7.0
2249,6.0
2249,7.0
2250,6.0
2250,7.0
2251,6.0
2251,7.0
2252,6.0
2252,7.0
2253,6.0
2253,7.0
2254,6.0
2254,7.0
2255,6.0
2255,7.0
2256,6.0
2256,7.0
2257,6.0
2257,7.0
2258,6.0
2258,7.0
2259,6.0
2259,7.0
2260,6.0
2260,7.0
2261,6.0
2261,7.0
2262,6.0
2262,7.0
2263,7.0
2263,6.0
2264,6.0
2264,7.0
2265,6.0
2265,7.0
2266,6.0
2266,7.0
2267,6.0
2267,7.0
2268,6.0
2268,7.0
2269,6.0
2269,7.0
2270,6.0
2271,6.0
2272,6.0
2273,6.0
2274,6.0
2275,6.0
2276,6.0
2277,6.0
2278,6.0
2279,6.0
2280,6.0
2281,6.0
2282,6.0
2283,6.0
2284,6.0
2285,6.0
2286,6.0
2287,6.0
2288,6.0
2289,6.0
2290,6.0
2291,6.0
2292,6.0
2293,6.0
2294,6.0
2295,6.0
2296,6.0
2297,6.0
2298,6.0
2299,6.0
2300,6.0
2301,6.0
2302,6.0
2303,6.0
2304,6.0
2305,6.0
2306,6.0
2307,6.0
2308,6.0
2309,6.0
2310,6.0
2311,6.0
2312,6.0
2313,6.0
2314,6.0
2315,6.0
2316,6.0
2317,6.0
2318,6.0
2319,6.0
2320,6.0
2321,6.0
2322,6.0
2323,6.0
2324,6.0
2325,6.0
2326,6.0
2327,6.0
2328,6.0
2329,6.0
2330,6.0
2331,6.0
2332,6.0
2333,6.0
2334,6.0
2335,6.0
2336,6.0
2337,6.0
2338,6.0
2339,6.0
2340,6.0
2341,6.0
2342,6.0
2342,9.0
2343,6.0
2343,9.0
2344,6.0
2345,6.0
2346,6.0
2347,6.0
2348,6.0
2349,6.0
2350,6.0
2351,6.0
2352,6.0
2353,6.0
2354,6.0
2355,6.0
2356,6.0
2357,6.0
2358,6.0
2359,6.0
2360,6.0
2361,6.0
2362,6.0
2363,6.0
2364,6.0
2365,6.0
2366,6.0
2367,6.0
2368,6.0
2369,6.0
2370,6.0
2371,6.0
2372,6.0
2373,6.0
2374,6.0
2375,6.0
2376,6.0
2377,6.0
2378,6.0
2379,6.0
2380,6.0
2381,6.0
2382,6.0
2383,6.0
2384,6.0
2385,6.0
2386,6.0
2387,6.0
2388,6.0
2389,6.0
2390,6.0
2391,6.0
2392,6.0
2393,6.0
2394,6.0
2395,6.0
2396,6.0
2397,6.0
2398,6.0
2399,6.0
2400,6.0
2401,6.0
2402,6.0
2403,6.0
2404,6.0
2405,6.0
2406,6.0
2407,6.0
2408,6.0
2409,6.0
2410,6.0
2411,6.0
2412,6.0
2413,6.0
2414,6.0
2415,6.0
2416,6.0
2417,6.0
2418,6.0
2419,6.0
2420,6.0
2420,9.0
2421,6.0
2421,9.0
2422,6.0
2422,9.0
2423,6.0
2423,9.0
2424,6.0
2424,9.0
2425,6.0
2426,6.0
2427,6.0
2428,6.0
2429,6.0
2430,6.0
2431,6.0
2432,6.0
2433,6.0
2434,6.0
2435,6.0
2436,6.0
2437,6.0
2438,6.0
2439,6.0
2440,6.0
2441,6.0
2442,6.0
2443,6.0
2444,6.0
2445,6.0
2446,6.0
2447,6.0
2448,6.0
2449,6.0
2450,6.0
2451,6.0
2452,6.0
2453,6.0
2454,6.0
2455,6.0
2456,6.0
2457,6.0
2458,6.0
2459,6.0
2460,6.0
2461,6.0
2462,6.0
2463,6.0
2464,6.0
2465,6.0
2466,6.0
2467,6.0
2468,6.0
2469,6.0
2470,6.0
2471,6.0
2472,6.0
2473,6.0
2474,6.0
2475,6.0
2476,6.0
2477,6.0
2478,6.0
2479,6.0
2480,6.0
2481,6.0
2482,6.0
2483,6.0
2484,6.0
2485,6.0
2486,6.0
2487,6.0
2488,6.0
2489,6.0
2490,6.0
2491,6.0
2492,6.0
2493,6.0
2494,6.0
2495,6.0
2496,6.0
2497,6.0
2498,6.0
2499,6.0
2500,6.0
2501,6.0
2502,6.0
2503,6.0
2504,6.0
2505,6.0
2506,6.0
2507,6.0
2508,6.0
2509,6.0
2510,6.0
2511,6.0
2512,6.0
2513,6.0
2514,6.0
2515,6.0
2516,6.0
2517,6.0
2518,6.0
2519,6.0
2520,6.0
2521,6.0
2522,6.0
2523,6.0
2524,6.0
2525,6.0
2526,6.0
2527,6.0
2528,6.0
2529,6.0
2530,6.0
2531,6.0
2532,6.0
2533,6.0
2534,6.0
2535,6.0
2536,6.0
2537,6.0
2538,6.0
2539,6.0
2540,6.0
2541,6.0
2542,6.0
2543,6.0
2544,6.0
2545,6.0
2546,6.0
2547,6.0
2548,6.0
2549,6.0
2550,6.0
2551,6.0
2552,6.0
2553,6.0
2554,6.0
2555,6.0
2556,6.0
2557,6.0
2558,6.0
2559,6.0
2560,6.0
2561,6.0
2562,6.0
2563,6.0
2564,6.0
2565,6.0
2566,6.0
2567,6.0
2568,6.0
2569,6.0
2570,6.0
2571,6.0
2572,6.0
2573,6.0
2574,6.0
2575,6.0
2576,6.0
2577,6.0
2578,6.0
2579,6.0
2580,6.0
