1,45.0
1,45.0
2,45.0
3,45.0
4,56.0
4,45.0
5,56.0
5,45.0
6,45.0
6,45.0
7,45.0
7,45.0
8,45.0
8,45.0
9,45.0
9,45.0
10,45.0
10,45.0
11,45.0
11,45.0
12,45.0
12,45.0
13,45.0
13,45.0
14,45.0
14,45.0
15,45.0
15,45.0
16,45.0
16,45.0
16,39.0
17,45.0
17,45.0
17,39.0
18,45.0
18,45.0
19,45.0
19,45.0
20,45.0
20,45.0
21,45.0
21,45.0
21,0.0
22,45.0
22,45.0
22,0.0
23,45.0
23,45.0
24,45.0
24,45.0
25,0.0
25,45.0
25,45.0
26,0.0
26,45.0
26,45.0
26,0.0
27,0.0
27,45.0
27,45.0
28,0.0
28,45.0
28,45.0
29,0.0
29,45.0
29,45.0
30,0.0
30,45.0
30,45.0
31,0.0
31,45.0
31,45.0
32,0.0
32,45.0
32,45.0
33,0.0
33,45.0
33,45.0
34,0.0
34,45.0
34,45.0
35,0.0
35,45.0
35,45.0
36,45.0
36,45.0
36,0.0
37,45.0
37,45.0
37,39.0
38,45.0
38,45.0
38,39.0
39,45.0
39,45.0
40,45.0
40,45.0
41,45.0
41,45.0
42,0.0
42,45.0
42,45.0
43,0.0
43,45.0
43,45.0
44,0.0
44,45.0
44,45.0
45,0.0
45,45.0
45,45.0
45,39.0
45,45.0
46,0.0
46,45.0
46,45.0
46,39.0
46,45.0
47,0.0
47,45.0
47,45.0
47,39.0
47,45.0
48,0.0
48,45.0
48,45.0
48,39.0
48,45.0
49,0.0
49,45.0
49,45.0
49,39.0
49,45.0
50,0.0
50,45.0
50,45.0
50,39.0
51,0.0
51,45.0
51,45.0
51,39.0
52,0.0
52,45.0
52,45.0
52,56.0
53,0.0
53,45.0
53,45.0
53,56.0
54,0.0
54,45.0
54,56.0
54,39.0
55,0.0
55,45.0
55,56.0
55,39.0
56,0.0
56,45.0
56,56.0
56,39.0
57,0.0
57,45.0
57,39.0
57,56.0
57,45.0
57,45.0
58,0.0
58,45.0
58,39.0
58,56.0
59,0.0
59,45.0
59,39.0
59,56.0
60,0.0
60,39.0
60,45.0
60,56.0
61,0.0
61,45.0
61,39.0
61,56.0
61,45.0
62,0.0
62,45.0
62,39.0
62,45.0
62,56.0
63,0.0
63,45.0
63,39.0
63,45.0
63,56.0
63,56.0
64,0.0
64,45.0
64,39.0
64,45.0
64,56.0
64,56.0
65,0.0
65,45.0
65,39.0
65,45.0
65,56.0
65,56.0
66,0.0
66,39.0
66,56.0
66,56.0
67,0.0
67,56.0
67,39.0
67,56.0
68,0.0
68,56.0
68,39.0
68,56.0
69,0.0
69,56.0
69,39.0
69,56.0
70,0.0
70,56.0
70,39.0
70,56.0
71,0.0
71,56.0
71,39.0
71,56.0
72,0.0
72,56.0
72,56.0
72,39.0
73,0.0
73,56.0
73,56.0
73,39.0
74,0.0
74,56.0
74,56.0
74,39.0
75,0.0
75,56.0
75,39.0
75,56.0
76,0.0
76,56.0
76,39.0
76,56.0
77,0.0
77,56.0
77,39.0
77,56.0
78,0.0
78,56.0
78,39.0
78,56.0
79,0.0
79,56.0
79,56.0
79,39.0
80,0.0
80,56.0
80,56.0
80,39.0
81,0.0
81,56.0
81,56.0
81,39.0
82,0.0
82,56.0
82,56.0
82,39.0
83,0.0
83,56.0
83,56.0
83,39.0
84,0.0
84,56.0
84,56.0
84,39.0
85,0.0
85,56.0
85,56.0
85,39.0
86,0.0
86,56.0
86,56.0
86,39.0
87,0.0
87,56.0
87,56.0
87,39.0
88,0.0
88,56.0
88,56.0
88,39.0
89,0.0
89,56.0
89,56.0
89,39.0
90,0.0
90,56.0
90,56.0
90,39.0
91,0.0
91,56.0
91,56.0
91,39.0
92,0.0
92,39.0
92,56.0
92,56.0
93,0.0
93,56.0
93,56.0
93,39.0
94,0.0
94,56.0
94,39.0
94,56.0
95,0.0
95,56.0
95,39.0
95,56.0
96,0.0
96,39.0
96,56.0
96,56.0
97,0.0
97,39.0
97,56.0
97,56.0
98,0.0
98,39.0
98,56.0
98,56.0
99,0.0
99,39.0
99,56.0
100,0.0
100,39.0
100,56.0
101,0.0
101,39.0
101,56.0
102,0.0
102,39.0
102,56.0
103,0.0
103,39.0
103,56.0
104,0.0
104,39.0
104,56.0
105,0.0
105,39.0
105,56.0
106,0.0
106,39.0
106,56.0
107,0.0
107,39.0
107,56.0
108,0.0
108,39.0
108,45.0
109,0.0
109,39.0
109,45.0
109,45.0
110,0.0
110,39.0
110,45.0
110,45.0
111,0.0
111,39.0
111,45.0
111,45.0
111,56.0
112,0.0
112,39.0
112,45.0
112,45.0
112,56.0
113,0.0
113,39.0
113,45.0
113,45.0
113,56.0
114,0.0
114,39.0
114,45.0
114,45.0
114,56.0
114,45.0
115,0.0
115,39.0
115,45.0
115,45.0
115,56.0
116,0.0
116,39.0
116,45.0
116,45.0
116,56.0
117,0.0
117,39.0
117,45.0
117,45.0
117,56.0
117,45.0
118,0.0
118,39.0
118,45.0
118,45.0
118,45.0
118,56.0
119,0.0
119,39.0
119,45.0
119,45.0
119,45.0
119,56.0
120,0.0
120,39.0
120,45.0
120,45.0
120,45.0
121,0.0
121,39.0
121,45.0
121,45.0
121,45.0
121,56.0
122,0.0
122,39.0
122,45.0
122,45.0
122,45.0
122,56.0
123,0.0
123,39.0
123,45.0
123,45.0
123,56.0
123,56.0
124,0.0
124,39.0
124,45.0
124,45.0
124,56.0
124,45.0
125,0.0
125,39.0
125,45.0
125,45.0
125,56.0
125,45.0
126,0.0
126,39.0
126,45.0
126,45.0
126,45.0
126,56.0
127,0.0
127,39.0
127,45.0
127,45.0
127,56.0
127,45.0
128,0.0
128,39.0
128,45.0
128,45.0
128,56.0
128,45.0
129,0.0
129,39.0
129,45.0
129,45.0
130,0.0
130,39.0
130,45.0
130,45.0
130,56.0
131,0.0
131,39.0
131,45.0
131,45.0
131,56.0
132,0.0
132,39.0
132,45.0
132,45.0
132,56.0
132,45.0
133,0.0
133,45.0
133,39.0
133,45.0
133,56.0
133,45.0
134,0.0
134,39.0
134,45.0
134,45.0
134,56.0
134,45.0
135,0.0
135,45.0
135,39.0
135,45.0
135,56.0
136,0.0
136,45.0
136,39.0
136,45.0
136,56.0
136,45.0
137,0.0
137,45.0
137,39.0
137,45.0
137,56.0
138,0.0
138,39.0
138,45.0
138,45.0
138,56.0
139,0.0
139,39.0
139,45.0
139,45.0
140,0.0
140,39.0
140,45.0
140,45.0
140,56.0
141,0.0
141,39.0
141,45.0
141,45.0
142,0.0
142,39.0
142,45.0
142,45.0
143,0.0
143,39.0
143,45.0
143,45.0
144,0.0
144,39.0
144,45.0
144,45.0
144,45.0
144,56.0
145,0.0
145,39.0
145,45.0
145,45.0
145,56.0
145,45.0
146,0.0
146,39.0
146,45.0
146,45.0
146,56.0
146,45.0
147,0.0
147,45.0
147,39.0
147,45.0
147,45.0
147,56.0
148,0.0
148,45.0
148,39.0
148,45.0
148,45.0
148,56.0
149,0.0
149,45.0
149,39.0
149,45.0
149,45.0
149,56.0
150,0.0
150,45.0
150,39.0
150,45.0
150,45.0
151,0.0
151,45.0
151,39.0
151,45.0
151,45.0
151,56.0
152,0.0
152,45.0
152,39.0
152,45.0
152,45.0
152,56.0
153,0.0
153,45.0
153,39.0
153,45.0
153,56.0
153,45.0
154,0.0
154,45.0
154,39.0
154,45.0
154,45.0
155,0.0
155,45.0
155,39.0
155,45.0
155,45.0
156,0.0
156,45.0
156,39.0
156,45.0
156,45.0
157,0.0
157,45.0
157,39.0
157,45.0
157,45.0
158,0.0
158,45.0
158,39.0
158,45.0
158,45.0
159,0.0
159,45.0
159,39.0
159,45.0
159,45.0
160,0.0
160,45.0
160,39.0
160,45.0
160,45.0
161,0.0
161,45.0
161,39.0
161,45.0
161,45.0
162,0.0
162,39.0
162,45.0
162,45.0
163,0.0
163,39.0
163,45.0
163,45.0
164,0.0
164,39.0
164,45.0
164,45.0
165,0.0
165,39.0
165,45.0
166,0.0
166,39.0
166,45.0
167,0.0
167,39.0
167,45.0
168,0.0
168,39.0
168,45.0
168,45.0
168,56.0
169,0.0
169,39.0
169,45.0
169,45.0
169,56.0
170,0.0
170,39.0
170,45.0
170,45.0
170,56.0
171,0.0
171,45.0
171,39.0
171,45.0
172,0.0
172,45.0
172,39.0
172,45.0
173,0.0
173,45.0
173,39.0
173,45.0
174,0.0
174,39.0
174,45.0
174,45.0
175,0.0
175,39.0
175,45.0
175,45.0
176,0.0
176,45.0
176,39.0
176,45.0
177,0.0
177,39.0
177,45.0
177,45.0
178,0.0
178,39.0
178,45.0
178,45.0
179,0.0
179,39.0
179,45.0
179,45.0
180,0.0
180,39.0
180,45.0
180,45.0
181,0.0
181,39.0
181,45.0
181,45.0
181,56.0
182,0.0
182,39.0
182,45.0
182,45.0
182,56.0
182,45.0
183,0.0
183,45.0
183,39.0
183,45.0
183,56.0
183,45.0
184,0.0
184,45.0
184,39.0
184,45.0
184,56.0
184,45.0
185,0.0
185,45.0
185,39.0
185,45.0
185,45.0
185,56.0
186,0.0
186,45.0
186,39.0
186,56.0
186,45.0
186,45.0
187,0.0
187,45.0
187,45.0
187,39.0
187,45.0
187,56.0
188,0.0
188,45.0
188,45.0
188,39.0
188,45.0
188,56.0
189,0.0
189,45.0
189,45.0
189,45.0
189,56.0
189,39.0
190,0.0
190,45.0
190,45.0
190,45.0
190,56.0
190,39.0
191,0.0
191,45.0
191,45.0
191,45.0
191,56.0
192,0.0
192,45.0
192,45.0
192,56.0
192,45.0
192,39.0
193,0.0
193,45.0
193,45.0
193,45.0
193,56.0
194,0.0
194,45.0
194,45.0
194,45.0
194,56.0
195,0.0
195,45.0
195,45.0
195,45.0
195,56.0
195,39.0
196,0.0
196,45.0
196,45.0
196,45.0
196,56.0
196,39.0
197,0.0
197,45.0
197,45.0
197,56.0
197,45.0
197,39.0
198,0.0
198,45.0
198,45.0
198,45.0
198,56.0
199,0.0
199,45.0
199,45.0
199,45.0
199,56.0
200,0.0
200,45.0
200,45.0
200,45.0
200,56.0
201,0.0
201,45.0
201,45.0
201,45.0
201,56.0
202,0.0
202,45.0
202,45.0
202,45.0
202,56.0
203,0.0
203,45.0
203,45.0
203,45.0
203,56.0
204,0.0
204,45.0
204,45.0
204,45.0
204,56.0
205,0.0
205,45.0
205,45.0
205,45.0
205,56.0
206,0.0
206,45.0
206,45.0
206,45.0
206,56.0
207,0.0
207,45.0
207,39.0
207,45.0
207,45.0
207,56.0
208,0.0
208,45.0
208,39.0
208,45.0
208,45.0
208,56.0
208,39.0
209,0.0
209,45.0
209,39.0
209,45.0
209,45.0
209,56.0
209,39.0
210,0.0
210,45.0
210,39.0
210,45.0
210,45.0
210,56.0
211,0.0
211,45.0
211,39.0
211,45.0
211,45.0
211,56.0
211,39.0
211,56.0
212,0.0
212,45.0
212,39.0
212,45.0
212,45.0
212,56.0
212,39.0
213,0.0
213,45.0
213,39.0
213,45.0
213,45.0
213,56.0
213,39.0
214,0.0
214,45.0
214,39.0
214,45.0
214,45.0
214,56.0
214,39.0
215,0.0
215,45.0
215,39.0
215,45.0
215,45.0
215,56.0
215,39.0
216,0.0
216,45.0
216,39.0
216,45.0
216,45.0
216,39.0
216,56.0
217,0.0
217,45.0
217,39.0
217,45.0
217,39.0
217,45.0
217,56.0
218,0.0
218,45.0
218,39.0
218,45.0
218,45.0
218,39.0
218,56.0
219,0.0
219,45.0
219,39.0
219,45.0
219,56.0
220,0.0
220,45.0
220,39.0
220,45.0
220,56.0
221,0.0
221,45.0
221,39.0
221,45.0
221,56.0
222,0.0
222,45.0
222,39.0
222,56.0
223,0.0
223,39.0
223,56.0
223,45.0
223,56.0
224,0.0
224,39.0
224,56.0
224,45.0
224,56.0
225,0.0
225,45.0
225,56.0
225,56.0
225,39.0
226,0.0
226,45.0
226,56.0
226,56.0
226,39.0
227,0.0
227,45.0
227,56.0
227,56.0
227,39.0
228,0.0
228,56.0
228,56.0
228,45.0
229,0.0
229,56.0
229,56.0
229,39.0
230,0.0
230,56.0
230,56.0
231,0.0
231,56.0
231,56.0
231,39.0
231,45.0
232,0.0
232,56.0
232,56.0
232,45.0
232,39.0
233,0.0
233,56.0
233,56.0
233,45.0
233,39.0
234,0.0
234,56.0
234,39.0
234,56.0
234,39.0
235,0.0
235,39.0
235,56.0
235,56.0
236,0.0
236,39.0
236,56.0
236,56.0
237,0.0
237,39.0
237,56.0
237,56.0
238,0.0
238,39.0
238,56.0
238,56.0
239,0.0
239,39.0
239,56.0
239,56.0
240,0.0
240,39.0
240,56.0
241,0.0
241,39.0
241,56.0
242,0.0
242,39.0
242,56.0
243,0.0
243,39.0
243,56.0
244,0.0
244,39.0
244,56.0
245,0.0
245,39.0
245,56.0
246,0.0
246,39.0
246,56.0
247,0.0
247,39.0
247,56.0
247,56.0
248,0.0
248,39.0
248,56.0
248,56.0
249,0.0
249,39.0
249,56.0
249,56.0
250,0.0
250,39.0
250,56.0
250,56.0
251,0.0
251,39.0
251,56.0
251,56.0
252,0.0
252,39.0
252,56.0
252,56.0
253,0.0
253,39.0
253,56.0
253,56.0
254,0.0
254,39.0
254,56.0
254,56.0
255,0.0
255,39.0
255,56.0
256,0.0
256,39.0
256,56.0
257,0.0
257,39.0
257,56.0
258,0.0
258,39.0
258,56.0
258,56.0
259,0.0
259,39.0
259,56.0
260,0.0
260,39.0
260,56.0
261,0.0
261,39.0
261,56.0
262,0.0
262,39.0
262,56.0
263,0.0
263,39.0
263,56.0
264,0.0
264,39.0
264,56.0
265,0.0
265,39.0
265,56.0
266,0.0
266,39.0
266,56.0
267,0.0
267,39.0
267,56.0
267,56.0
268,0.0
268,39.0
268,56.0
269,0.0
269,39.0
269,56.0
270,0.0
270,39.0
270,56.0
270,56.0
271,0.0
271,39.0
271,56.0
272,0.0
272,39.0
272,56.0
273,0.0
273,39.0
273,56.0
273,56.0
274,0.0
274,39.0
274,56.0
274,56.0
275,0.0
275,39.0
275,56.0
275,56.0
276,0.0
276,39.0
276,56.0
276,56.0
277,0.0
277,39.0
277,56.0
277,56.0
278,0.0
278,39.0
278,56.0
278,56.0
279,0.0
279,39.0
279,56.0
279,56.0
280,0.0
280,39.0
280,56.0
280,56.0
281,0.0
281,39.0
281,56.0
281,56.0
282,0.0
282,39.0
282,56.0
282,39.0
283,0.0
283,39.0
283,56.0
283,56.0
283,39.0
284,0.0
284,39.0
284,56.0
284,56.0
284,39.0
285,0.0
285,39.0
285,56.0
286,0.0
286,39.0
286,56.0
287,0.0
287,39.0
287,56.0
288,0.0
288,39.0
288,56.0
288,56.0
289,0.0
289,39.0
289,56.0
289,39.0
290,0.0
290,39.0
290,56.0
290,39.0
291,0.0
291,39.0
291,56.0
291,56.0
292,0.0
292,39.0
292,56.0
292,56.0
293,0.0
293,39.0
293,56.0
293,56.0
294,0.0
294,39.0
294,56.0
294,56.0
295,0.0
295,39.0
295,56.0
295,56.0
296,0.0
296,39.0
296,56.0
296,56.0
297,0.0
297,39.0
297,56.0
298,0.0
298,39.0
298,56.0
299,0.0
299,39.0
299,56.0
300,0.0
300,39.0
300,56.0
301,0.0
301,39.0
301,56.0
302,0.0
302,39.0
302,56.0
303,0.0
303,39.0
303,56.0
304,0.0
304,39.0
304,56.0
305,0.0
305,39.0
305,56.0
306,0.0
306,39.0
306,56.0
307,0.0
307,39.0
307,56.0
308,0.0
308,39.0
308,56.0
308,56.0
309,0.0
309,56.0
309,39.0
309,56.0
310,0.0
310,56.0
310,39.0
310,56.0
311,0.0
311,56.0
311,39.0
311,56.0
312,0.0
312,56.0
312,39.0
312,56.0
313,0.0
313,56.0
313,39.0
313,56.0
314,0.0
314,56.0
314,39.0
314,56.0
315,0.0
315,39.0
315,56.0
315,56.0
316,0.0
316,39.0
316,56.0
316,56.0
317,0.0
317,39.0
317,56.0
317,56.0
318,0.0
318,39.0
318,56.0
318,56.0
319,0.0
319,39.0
319,56.0
319,56.0
320,0.0
320,39.0
320,56.0
321,0.0
321,39.0
321,56.0
322,0.0
322,39.0
322,56.0
323,0.0
323,39.0
323,56.0
324,0.0
324,39.0
324,56.0
325,0.0
325,39.0
325,56.0
326,0.0
326,39.0
326,56.0
327,0.0
327,39.0
327,56.0
328,0.0
328,39.0
328,56.0
329,0.0
329,39.0
329,56.0
330,0.0
330,39.0
330,56.0
331,0.0
331,39.0
331,56.0
332,0.0
332,39.0
332,56.0
333,0.0
333,39.0
333,56.0
334,0.0
334,39.0
334,56.0
335,0.0
335,39.0
335,56.0
336,0.0
336,39.0
336,56.0
337,0.0
337,39.0
337,56.0
338,0.0
338,39.0
338,56.0
339,0.0
339,39.0
339,56.0
340,0.0
340,39.0
340,56.0
341,0.0
341,39.0
341,56.0
342,0.0
342,39.0
342,56.0
343,0.0
343,39.0
343,56.0
344,0.0
344,39.0
344,56.0
345,0.0
345,39.0
345,56.0
346,0.0
346,39.0
346,56.0
347,0.0
347,39.0
347,56.0
348,0.0
348,39.0
348,56.0
349,0.0
349,39.0
349,56.0
350,0.0
350,39.0
350,56.0
351,0.0
351,39.0
351,56.0
352,0.0
352,39.0
352,56.0
353,0.0
353,39.0
353,56.0
354,0.0
354,39.0
354,56.0
354,56.0
355,0.0
355,39.0
355,56.0
356,0.0
356,39.0
356,56.0
357,0.0
357,39.0
357,56.0
358,0.0
358,39.0
358,56.0
358,56.0
359,0.0
359,39.0
359,56.0
359,56.0
360,0.0
360,39.0
360,56.0
361,0.0
361,39.0
361,56.0
361,56.0
362,0.0
362,39.0
362,56.0
362,56.0
363,0.0
363,39.0
363,56.0
363,56.0
364,0.0
364,39.0
364,56.0
364,56.0
365,0.0
365,39.0
365,56.0
365,56.0
366,0.0
366,39.0
366,56.0
366,56.0
367,0.0
367,39.0
367,56.0
367,56.0
368,0.0
368,39.0
368,56.0
368,56.0
369,0.0
369,39.0
369,56.0
370,0.0
370,39.0
370,56.0
370,39.0
370,56.0
371,0.0
371,39.0
371,56.0
371,39.0
371,56.0
372,0.0
372,39.0
372,56.0
372,39.0
372,56.0
373,0.0
373,39.0
373,56.0
374,0.0
374,39.0
374,56.0
374,56.0
375,0.0
375,39.0
375,56.0
376,0.0
376,39.0
376,56.0
377,0.0
377,39.0
377,56.0
378,0.0
378,39.0
378,56.0
379,0.0
379,39.0
379,56.0
380,0.0
380,39.0
380,56.0
380,39.0
381,0.0
381,39.0
381,56.0
382,0.0
382,39.0
382,56.0
383,0.0
383,39.0
383,56.0
384,0.0
384,39.0
384,56.0
385,0.0
385,39.0
385,56.0
386,0.0
386,39.0
386,56.0
386,56.0
387,0.0
387,39.0
387,56.0
388,0.0
388,39.0
388,56.0
389,0.0
389,39.0
389,56.0
390,0.0
390,39.0
390,56.0
391,0.0
391,39.0
391,56.0
392,0.0
392,39.0
392,56.0
393,0.0
393,39.0
393,56.0
394,0.0
394,39.0
394,56.0
395,0.0
395,39.0
395,56.0
396,0.0
396,39.0
396,56.0
397,0.0
397,39.0
397,56.0
398,0.0
398,39.0
398,56.0
399,0.0
399,39.0
399,56.0
400,0.0
400,39.0
400,56.0
401,0.0
401,39.0
401,56.0
402,0.0
402,39.0
402,56.0
403,0.0
403,39.0
403,56.0
404,0.0
404,39.0
404,56.0
405,0.0
405,39.0
405,56.0
406,0.0
406,39.0
406,56.0
407,0.0
407,39.0
407,56.0
408,0.0
408,39.0
409,0.0
409,39.0
410,0.0
410,39.0
411,0.0
411,39.0
412,0.0
412,39.0
413,0.0
413,39.0
414,0.0
414,39.0
415,0.0
415,39.0
416,0.0
416,39.0
417,0.0
417,39.0
418,0.0
418,39.0
419,0.0
419,39.0
420,0.0
420,39.0
421,0.0
421,39.0
422,0.0
422,39.0
423,0.0
423,39.0
424,0.0
424,39.0
425,0.0
425,39.0
426,0.0
426,39.0
427,0.0
427,39.0
428,0.0
428,39.0
429,0.0
429,39.0
429,56.0
430,0.0
430,39.0
431,0.0
431,39.0
432,0.0
432,39.0
432,56.0
433,0.0
433,39.0
433,56.0
433,56.0
434,0.0
434,39.0
434,56.0
434,56.0
435,0.0
435,39.0
435,56.0
435,56.0
436,0.0
436,39.0
436,56.0
436,56.0
437,0.0
437,39.0
437,56.0
437,56.0
438,0.0
438,39.0
438,56.0
439,0.0
439,39.0
439,56.0
440,0.0
440,39.0
440,56.0
441,0.0
441,39.0
441,56.0
442,0.0
442,39.0
442,56.0
443,0.0
443,39.0
443,56.0
444,0.0
444,39.0
444,56.0
445,0.0
445,39.0
445,56.0
446,0.0
446,39.0
446,56.0
447,0.0
447,39.0
447,56.0
448,0.0
448,39.0
448,56.0
449,0.0
449,39.0
449,56.0
450,0.0
450,39.0
450,56.0
451,0.0
451,39.0
451,56.0
452,0.0
452,39.0
452,56.0
453,0.0
453,39.0
453,56.0
454,0.0
454,39.0
454,56.0
455,0.0
455,39.0
455,56.0
456,0.0
456,39.0
457,0.0
457,39.0
457,56.0
458,0.0
458,39.0
458,56.0
459,0.0
459,39.0
460,0.0
460,39.0
461,0.0
461,39.0
462,0.0
462,39.0
462,39.0
462,56.0
463,0.0
463,39.0
463,39.0
463,56.0
464,0.0
464,39.0
464,39.0
465,0.0
465,39.0
465,39.0
466,0.0
466,39.0
466,39.0
467,0.0
467,39.0
467,39.0
468,0.0
468,39.0
468,39.0
468,56.0
469,0.0
469,39.0
469,39.0
469,56.0
470,0.0
470,39.0
470,39.0
470,56.0
471,0.0
471,39.0
471,39.0
471,56.0
472,0.0
472,39.0
472,39.0
472,56.0
472,56.0
473,0.0
473,39.0
473,39.0
473,56.0
473,56.0
474,0.0
474,39.0
474,39.0
474,56.0
475,0.0
475,39.0
475,39.0
475,56.0
476,0.0
476,39.0
476,39.0
476,56.0
477,0.0
477,39.0
477,39.0
477,56.0
478,0.0
478,39.0
478,39.0
478,56.0
479,0.0
479,39.0
479,39.0
479,56.0
480,0.0
480,39.0
480,56.0
480,39.0
480,56.0
481,0.0
481,39.0
481,56.0
482,0.0
482,39.0
482,56.0
483,0.0
483,39.0
483,56.0
484,0.0
484,39.0
484,56.0
485,0.0
485,39.0
485,56.0
486,0.0
486,39.0
486,0.0
486,56.0
487,0.0
487,39.0
487,0.0
487,56.0
487,39.0
488,0.0
488,39.0
488,0.0
488,56.0
488,39.0
489,0.0
489,39.0
489,56.0
489,39.0
490,0.0
490,39.0
490,39.0
491,0.0
491,39.0
491,39.0
492,0.0
492,39.0
492,39.0
493,0.0
493,39.0
493,0.0
493,39.0
494,0.0
494,39.0
494,0.0
494,39.0
495,0.0
495,0.0
495,39.0
495,39.0
496,0.0
496,0.0
496,39.0
496,39.0
497,0.0
497,0.0
497,39.0
497,39.0
498,0.0
498,0.0
498,39.0
498,39.0
499,0.0
499,0.0
499,39.0
499,39.0
500,0.0
500,0.0
500,39.0
500,39.0
500,56.0
501,0.0
501,39.0
501,0.0
501,56.0
501,39.0
502,0.0
502,39.0
502,0.0
502,56.0
502,39.0
503,0.0
503,39.0
503,0.0
503,56.0
503,39.0
504,0.0
504,0.0
504,39.0
504,56.0
504,39.0
505,0.0
505,0.0
505,39.0
505,56.0
505,39.0
506,0.0
506,0.0
506,39.0
506,56.0
506,39.0
507,0.0
507,0.0
507,39.0
507,56.0
507,39.0
508,0.0
508,0.0
508,39.0
508,56.0
508,39.0
509,0.0
509,0.0
509,39.0
509,56.0
509,39.0
510,0.0
510,0.0
510,39.0
510,39.0
510,56.0
511,0.0
511,39.0
511,0.0
511,39.0
512,0.0
512,39.0
512,0.0
512,39.0
513,0.0
513,0.0
513,39.0
513,39.0
514,0.0
514,39.0
514,0.0
514,39.0
514,56.0
515,0.0
515,39.0
515,0.0
515,39.0
516,0.0
516,0.0
516,39.0
516,39.0
516,56.0
517,0.0
517,0.0
517,39.0
517,39.0
517,56.0
518,0.0
518,0.0
518,39.0
518,39.0
518,56.0
519,0.0
519,0.0
519,39.0
519,39.0
520,0.0
520,0.0
520,39.0
521,0.0
521,0.0
521,39.0
522,0.0
522,0.0
522,39.0
522,39.0
523,0.0
523,0.0
523,39.0
523,39.0
524,0.0
524,0.0
524,39.0
524,39.0
525,0.0
525,0.0
525,39.0
525,39.0
526,0.0
526,0.0
526,39.0
526,39.0
527,0.0
527,0.0
527,39.0
527,39.0
528,0.0
528,0.0
528,39.0
528,39.0
529,0.0
529,0.0
529,39.0
530,0.0
530,0.0
530,39.0
531,0.0
531,0.0
531,39.0
531,56.0
532,0.0
532,0.0
532,39.0
532,56.0
533,0.0
533,0.0
533,39.0
533,56.0
534,0.0
534,0.0
534,39.0
534,56.0
535,0.0
535,0.0
535,39.0
535,56.0
536,0.0
536,0.0
536,39.0
536,56.0
537,0.0
537,0.0
537,39.0
537,56.0
538,0.0
538,0.0
538,39.0
538,56.0
539,0.0
539,0.0
539,39.0
539,56.0
540,0.0
540,0.0
540,39.0
541,0.0
541,0.0
541,39.0
541,56.0
542,0.0
542,0.0
542,39.0
542,56.0
543,0.0
543,39.0
543,56.0
544,0.0
544,39.0
545,0.0
545,39.0
546,0.0
546,0.0
546,39.0
547,0.0
547,0.0
547,39.0
547,56.0
548,0.0
548,0.0
548,39.0
548,56.0
549,0.0
549,0.0
549,39.0
550,0.0
550,0.0
550,39.0
551,0.0
551,0.0
551,39.0
552,0.0
552,0.0
552,39.0
553,0.0
553,0.0
553,39.0
554,0.0
554,0.0
554,39.0
555,0.0
555,0.0
555,39.0
556,0.0
556,0.0
556,39.0
557,0.0
557,0.0
557,39.0
558,0.0
558,0.0
558,39.0
558,39.0
559,0.0
559,0.0
559,39.0
559,39.0
560,0.0
560,0.0
560,39.0
560,39.0
561,0.0
561,0.0
561,39.0
561,39.0
562,0.0
562,0.0
562,39.0
562,39.0
563,0.0
563,0.0
563,39.0
563,39.0
564,0.0
564,0.0
564,39.0
564,39.0
565,0.0
565,0.0
565,39.0
565,39.0
566,0.0
566,0.0
566,39.0
566,39.0
567,0.0
567,0.0
567,39.0
567,39.0
567,56.0
568,0.0
568,0.0
568,39.0
568,39.0
568,56.0
569,0.0
569,0.0
569,39.0
569,39.0
569,56.0
570,0.0
570,0.0
570,39.0
570,39.0
570,56.0
571,0.0
571,0.0
571,39.0
571,56.0
572,0.0
572,0.0
572,39.0
572,56.0
573,0.0
573,0.0
573,39.0
573,56.0
574,0.0
574,0.0
574,39.0
574,56.0
575,0.0
575,0.0
575,39.0
575,56.0
576,0.0
576,0.0
576,39.0
576,56.0
577,0.0
577,0.0
577,39.0
577,56.0
577,56.0
578,0.0
578,0.0
578,39.0
578,56.0
578,56.0
579,0.0
579,0.0
579,39.0
579,56.0
579,56.0
580,0.0
580,0.0
580,39.0
580,56.0
580,56.0
581,0.0
581,0.0
581,39.0
581,56.0
581,56.0
582,0.0
582,0.0
582,39.0
582,56.0
582,56.0
583,0.0
583,0.0
583,39.0
583,56.0
583,56.0
584,0.0
584,0.0
584,39.0
584,56.0
584,56.0
585,0.0
585,0.0
585,39.0
585,56.0
585,56.0
586,0.0
586,0.0
586,39.0
586,56.0
586,56.0
587,0.0
587,0.0
587,39.0
587,56.0
587,56.0
588,0.0
588,0.0
588,39.0
588,56.0
588,56.0
588,39.0
589,0.0
589,0.0
589,39.0
589,56.0
589,56.0
589,39.0
590,0.0
590,0.0
590,39.0
590,56.0
590,56.0
590,39.0
591,0.0
591,0.0
591,39.0
591,56.0
591,39.0
592,0.0
592,0.0
592,39.0
592,56.0
592,39.0
593,0.0
593,0.0
593,39.0
593,56.0
593,39.0
594,0.0
594,0.0
594,39.0
594,56.0
594,39.0
595,0.0
595,0.0
595,39.0
595,56.0
595,39.0
596,0.0
596,0.0
596,39.0
596,56.0
596,39.0
597,0.0
597,0.0
597,39.0
597,56.0
597,39.0
598,0.0
598,0.0
598,39.0
598,56.0
598,39.0
599,0.0
599,0.0
599,39.0
599,56.0
599,39.0
600,0.0
600,0.0
600,39.0
600,56.0
600,39.0
601,0.0
601,0.0
601,39.0
601,56.0
601,39.0
601,56.0
602,0.0
602,0.0
602,39.0
602,56.0
602,39.0
602,56.0
603,0.0
603,0.0
603,39.0
603,56.0
603,39.0
603,56.0
604,0.0
604,0.0
604,39.0
604,56.0
604,39.0
604,56.0
605,0.0
605,0.0
605,39.0
605,56.0
605,39.0
605,56.0
606,0.0
606,0.0
606,39.0
606,56.0
606,39.0
606,56.0
607,0.0
607,0.0
607,39.0
607,56.0
607,39.0
607,56.0
608,0.0
608,0.0
608,39.0
608,56.0
608,39.0
608,56.0
609,0.0
609,0.0
609,39.0
609,39.0
609,56.0
610,0.0
610,0.0
610,39.0
610,56.0
610,39.0
611,0.0
611,0.0
611,39.0
611,39.0
611,56.0
612,0.0
612,0.0
612,39.0
612,56.0
612,39.0
613,0.0
613,0.0
613,39.0
613,56.0
613,39.0
614,0.0
614,0.0
614,39.0
614,56.0
614,39.0
615,0.0
615,0.0
615,39.0
615,39.0
615,56.0
616,0.0
616,0.0
616,39.0
616,39.0
616,56.0
617,0.0
617,0.0
617,39.0
617,39.0
617,56.0
618,0.0
618,0.0
618,39.0
618,39.0
618,56.0
619,0.0
619,0.0
619,39.0
619,39.0
619,56.0
620,0.0
620,0.0
620,39.0
620,39.0
620,56.0
621,0.0
621,0.0
621,39.0
621,39.0
621,56.0
622,0.0
622,0.0
622,39.0
622,56.0
622,39.0
623,0.0
623,0.0
623,39.0
623,56.0
623,39.0
624,0.0
624,0.0
624,39.0
624,56.0
624,39.0
625,0.0
625,0.0
625,39.0
625,56.0
625,39.0
626,0.0
626,0.0
626,39.0
626,56.0
626,39.0
627,0.0
627,0.0
627,39.0
627,56.0
628,0.0
628,0.0
628,39.0
628,56.0
629,0.0
629,0.0
629,39.0
629,56.0
630,0.0
630,0.0
630,39.0
630,56.0
630,56.0
630,39.0
631,0.0
631,0.0
631,39.0
631,56.0
632,0.0
632,0.0
632,39.0
632,56.0
633,0.0
633,0.0
633,39.0
633,56.0
634,0.0
634,0.0
634,39.0
634,56.0
635,0.0
635,0.0
635,39.0
635,56.0
636,0.0
636,0.0
636,39.0
636,56.0
636,56.0
637,0.0
637,0.0
637,39.0
637,56.0
637,56.0
638,0.0
638,0.0
638,39.0
638,56.0
639,0.0
639,0.0
639,39.0
639,56.0
640,0.0
640,0.0
640,39.0
640,56.0
641,0.0
641,0.0
641,39.0
641,56.0
642,0.0
642,0.0
642,39.0
642,56.0
643,0.0
643,0.0
643,39.0
643,56.0
644,0.0
644,0.0
644,39.0
644,56.0
645,0.0
645,0.0
645,39.0
645,56.0
646,0.0
646,0.0
646,39.0
646,56.0
647,0.0
647,0.0
647,39.0
647,56.0
648,0.0
648,0.0
648,39.0
648,56.0
649,0.0
649,0.0
649,39.0
649,56.0
650,0.0
650,0.0
650,39.0
650,56.0
651,0.0
651,0.0
651,39.0
651,56.0
652,0.0
652,0.0
652,39.0
652,56.0
653,0.0
653,0.0
653,39.0
653,56.0
654,0.0
654,0.0
654,39.0
654,56.0
655,0.0
655,0.0
655,39.0
655,56.0
655,56.0
656,0.0
656,0.0
656,39.0
656,56.0
656,56.0
657,0.0
657,0.0
657,39.0
657,56.0
657,56.0
658,0.0
658,0.0
658,39.0
658,56.0
658,56.0
659,0.0
659,0.0
659,39.0
659,56.0
659,56.0
660,0.0
660,0.0
660,39.0
660,56.0
660,56.0
661,0.0
661,0.0
661,39.0
661,56.0
661,56.0
662,0.0
662,0.0
662,39.0
662,56.0
662,56.0
663,0.0
663,0.0
663,39.0
663,56.0
663,56.0
664,0.0
664,0.0
664,39.0
664,56.0
664,56.0
665,0.0
665,0.0
665,39.0
665,56.0
665,56.0
666,0.0
666,0.0
666,39.0
666,56.0
666,56.0
667,0.0
667,0.0
667,39.0
667,56.0
668,0.0
668,0.0
668,39.0
668,56.0
669,0.0
669,0.0
669,39.0
669,56.0
670,0.0
670,0.0
670,39.0
670,56.0
671,0.0
671,0.0
671,39.0
671,56.0
672,0.0
672,0.0
672,39.0
672,56.0
673,0.0
673,0.0
673,39.0
674,0.0
674,0.0
674,39.0
675,0.0
675,0.0
675,39.0
676,0.0
676,0.0
676,39.0
677,0.0
677,0.0
677,39.0
678,0.0
678,0.0
678,39.0
679,0.0
679,39.0
679,0.0
679,56.0
680,0.0
680,0.0
680,39.0
680,56.0
681,0.0
681,39.0
681,56.0
681,56.0
682,0.0
682,39.0
682,56.0
682,56.0
683,0.0
683,39.0
683,56.0
683,56.0
684,0.0
684,39.0
684,56.0
684,56.0
685,0.0
685,56.0
685,0.0
685,39.0
685,56.0
686,0.0
686,56.0
686,0.0
686,39.0
686,56.0
687,0.0
687,56.0
687,0.0
687,56.0
687,39.0
688,0.0
688,56.0
688,0.0
688,56.0
688,39.0
689,0.0
689,56.0
689,0.0
689,39.0
689,56.0
690,0.0
690,56.0
690,0.0
690,39.0
691,0.0
691,56.0
691,39.0
691,56.0
692,0.0
692,56.0
693,0.0
693,56.0
693,45.0
693,56.0
693,39.0
694,0.0
694,56.0
694,45.0
694,39.0
694,56.0
695,0.0
695,56.0
695,45.0
695,39.0
695,56.0
696,0.0
696,39.0
696,45.0
696,56.0
696,56.0
697,0.0
697,45.0
697,39.0
697,56.0
698,0.0
698,45.0
698,39.0
698,56.0
699,0.0
699,0.0
699,39.0
699,45.0
699,56.0
700,0.0
700,0.0
700,39.0
700,45.0
700,56.0
701,0.0
701,0.0
701,39.0
701,45.0
701,56.0
702,0.0
702,0.0
702,39.0
702,56.0
703,0.0
703,0.0
703,39.0
703,45.0
703,56.0
703,56.0
704,0.0
704,0.0
704,39.0
704,45.0
704,56.0
704,56.0
705,0.0
705,0.0
705,39.0
705,45.0
705,56.0
705,56.0
706,0.0
706,0.0
706,39.0
706,45.0
706,56.0
706,56.0
707,0.0
707,0.0
707,39.0
707,45.0
707,56.0
707,56.0
708,0.0
708,0.0
708,45.0
708,39.0
708,56.0
709,0.0
709,0.0
709,45.0
709,56.0
709,39.0
710,0.0
710,0.0
710,45.0
710,56.0
710,39.0
711,0.0
711,0.0
711,45.0
711,39.0
711,56.0
711,45.0
711,56.0
712,0.0
712,0.0
712,45.0
712,39.0
712,45.0
712,56.0
713,0.0
713,0.0
713,45.0
713,39.0
713,45.0
714,0.0
714,0.0
714,45.0
714,39.0
715,0.0
715,0.0
715,39.0
716,0.0
716,0.0
716,39.0
717,0.0
717,0.0
718,0.0
718,0.0
719,0.0
719,0.0
720,0.0
720,0.0
721,0.0
721,0.0
722,0.0
722,0.0
723,0.0
723,0.0
724,0.0
724,0.0
725,0.0
725,0.0
726,0.0
726,0.0
726,45.0
727,0.0
727,0.0
727,45.0
728,0.0
728,0.0
728,45.0
729,0.0
729,0.0
729,45.0
729,56.0
730,0.0
730,0.0
730,45.0
730,56.0
730,39.0
731,0.0
731,0.0
731,45.0
731,56.0
731,39.0
732,0.0
732,0.0
732,45.0
732,56.0
732,39.0
733,0.0
733,0.0
733,45.0
733,56.0
733,39.0
734,0.0
734,0.0
734,45.0
734,39.0
734,56.0
735,0.0
735,0.0
735,45.0
735,39.0
736,0.0
736,0.0
736,45.0
736,39.0
737,0.0
737,0.0
737,45.0
737,39.0
738,0.0
738,0.0
738,45.0
738,39.0
739,0.0
739,0.0
739,45.0
739,39.0
739,56.0
740,0.0
740,0.0
740,45.0
740,39.0
740,56.0
741,0.0
741,0.0
741,45.0
741,39.0
742,0.0
742,0.0
742,45.0
742,39.0
743,0.0
743,0.0
743,45.0
743,39.0
744,0.0
744,0.0
744,45.0
744,39.0
744,56.0
745,0.0
745,0.0
745,45.0
745,39.0
745,56.0
746,0.0
746,0.0
746,45.0
746,39.0
746,56.0
747,0.0
747,0.0
747,45.0
747,56.0
747,39.0
748,0.0
748,0.0
748,45.0
748,56.0
748,39.0
749,0.0
749,0.0
749,45.0
749,56.0
749,39.0
750,0.0
750,0.0
750,45.0
750,56.0
750,39.0
750,56.0
751,0.0
751,0.0
751,56.0
751,45.0
751,39.0
751,56.0
752,0.0
752,0.0
752,56.0
752,45.0
752,39.0
752,56.0
753,0.0
753,45.0
753,39.0
753,56.0
753,56.0
753,0.0
754,0.0
754,45.0
754,39.0
754,0.0
754,56.0
754,56.0
755,0.0
755,45.0
755,39.0
755,56.0
755,0.0
755,56.0
756,0.0
756,0.0
756,45.0
756,39.0
756,56.0
756,56.0
757,0.0
757,0.0
757,45.0
757,39.0
757,56.0
758,0.0
758,0.0
758,45.0
758,39.0
758,56.0
759,0.0
759,0.0
759,45.0
759,39.0
759,56.0
760,0.0
760,0.0
760,45.0
760,39.0
760,56.0
761,0.0
761,0.0
761,45.0
761,39.0
761,56.0
762,0.0
762,0.0
762,45.0
762,39.0
762,56.0
763,0.0
763,0.0
763,45.0
763,39.0
764,0.0
764,0.0
764,45.0
764,39.0
765,0.0
765,0.0
765,45.0
765,39.0
766,0.0
766,0.0
766,45.0
766,39.0
767,0.0
767,0.0
767,45.0
767,39.0
768,0.0
768,0.0
768,39.0
768,45.0
769,0.0
769,0.0
769,39.0
769,56.0
770,0.0
770,0.0
770,39.0
770,56.0
771,0.0
771,0.0
771,39.0
771,56.0
772,0.0
772,0.0
772,39.0
772,56.0
773,0.0
773,0.0
773,39.0
773,56.0
774,0.0
774,0.0
774,39.0
774,56.0
775,0.0
775,0.0
775,39.0
775,56.0
776,0.0
776,0.0
776,39.0
776,56.0
777,0.0
777,0.0
777,39.0
777,56.0
777,56.0
778,0.0
778,0.0
778,39.0
778,56.0
778,56.0
779,0.0
779,0.0
779,39.0
779,56.0
779,56.0
780,0.0
780,0.0
780,39.0
780,56.0
781,0.0
781,0.0
781,39.0
781,56.0
781,45.0
782,0.0
782,0.0
782,39.0
782,56.0
782,45.0
783,0.0
783,0.0
783,39.0
783,56.0
784,0.0
784,0.0
784,39.0
784,56.0
785,0.0
785,0.0
785,39.0
785,56.0
786,0.0
786,0.0
786,39.0
786,56.0
786,45.0
787,0.0
787,0.0
787,39.0
787,56.0
787,45.0
788,0.0
788,0.0
788,39.0
788,56.0
789,0.0
789,0.0
789,39.0
789,56.0
790,0.0
790,0.0
790,39.0
790,56.0
791,0.0
791,0.0
791,39.0
791,56.0
792,0.0
792,0.0
792,39.0
792,56.0
793,0.0
793,0.0
793,39.0
793,56.0
793,45.0
794,0.0
794,0.0
794,39.0
794,56.0
794,45.0
795,0.0
795,0.0
795,39.0
795,56.0
795,45.0
796,0.0
796,0.0
796,39.0
796,45.0
796,56.0
797,0.0
797,0.0
797,39.0
797,45.0
797,56.0
798,0.0
798,0.0
798,39.0
798,56.0
798,45.0
799,0.0
799,0.0
799,39.0
799,56.0
799,45.0
800,0.0
800,0.0
800,39.0
800,56.0
801,0.0
801,0.0
801,39.0
801,56.0
802,0.0
802,0.0
802,39.0
802,56.0
803,0.0
803,0.0
803,39.0
803,56.0
804,0.0
804,0.0
804,39.0
804,56.0
805,0.0
805,0.0
805,39.0
805,56.0
806,0.0
806,0.0
806,39.0
806,56.0
807,0.0
807,0.0
807,39.0
807,56.0
808,0.0
808,0.0
808,39.0
808,56.0
809,0.0
809,0.0
809,39.0
809,56.0
810,0.0
810,0.0
810,39.0
810,56.0
811,0.0
811,0.0
811,39.0
811,56.0
812,0.0
812,0.0
812,39.0
812,56.0
813,0.0
813,0.0
813,39.0
814,0.0
814,0.0
814,39.0
815,0.0
815,0.0
815,39.0
816,0.0
816,0.0
816,39.0
816,56.0
816,56.0
817,0.0
817,0.0
817,39.0
817,56.0
817,56.0
818,0.0
818,0.0
818,39.0
818,56.0
818,56.0
819,0.0
819,0.0
819,39.0
819,56.0
819,56.0
820,0.0
820,0.0
820,39.0
820,56.0
820,56.0
821,0.0
821,0.0
821,39.0
821,56.0
821,56.0
822,0.0
822,0.0
822,56.0
822,39.0
822,56.0
823,0.0
823,0.0
823,56.0
823,39.0
823,56.0
824,0.0
824,0.0
824,56.0
824,39.0
824,56.0
825,0.0
825,0.0
825,56.0
825,39.0
825,56.0
826,0.0
826,0.0
826,56.0
826,39.0
826,56.0
827,0.0
827,0.0
827,56.0
827,39.0
827,56.0
828,0.0
828,0.0
828,56.0
828,45.0
828,39.0
828,56.0
829,0.0
829,0.0
829,45.0
829,39.0
829,56.0
830,0.0
830,0.0
830,45.0
830,39.0
830,56.0
830,45.0
831,0.0
831,0.0
831,45.0
831,39.0
831,56.0
832,0.0
832,0.0
832,45.0
832,56.0
832,39.0
833,0.0
833,0.0
833,45.0
833,56.0
833,39.0
834,0.0
834,0.0
834,45.0
834,39.0
835,0.0
835,0.0
835,45.0
835,39.0
836,0.0
836,0.0
836,45.0
836,39.0
837,0.0
837,0.0
837,0.0
837,45.0
837,39.0
838,0.0
838,0.0
838,0.0
838,45.0
838,39.0
839,0.0
839,0.0
839,0.0
839,45.0
839,39.0
840,0.0
840,0.0
840,0.0
840,39.0
840,45.0
841,0.0
841,0.0
841,0.0
841,45.0
841,39.0
842,0.0
842,0.0
842,0.0
842,45.0
842,39.0
843,0.0
843,0.0
843,0.0
843,39.0
843,45.0
844,0.0
844,0.0
844,0.0
844,39.0
844,45.0
845,0.0
845,0.0
845,0.0
845,39.0
845,45.0
846,0.0
846,0.0
846,39.0
846,45.0
847,0.0
847,0.0
847,0.0
847,39.0
847,45.0
848,0.0
848,0.0
848,0.0
848,39.0
848,45.0
849,0.0
849,0.0
849,0.0
849,39.0
849,56.0
849,45.0
849,39.0
850,0.0
850,0.0
850,0.0
850,39.0
850,56.0
850,45.0
850,39.0
851,0.0
851,0.0
851,0.0
851,39.0
851,56.0
851,45.0
851,39.0
852,0.0
852,0.0
852,56.0
852,39.0
853,0.0
853,0.0
853,56.0
853,39.0
854,0.0
854,0.0
854,56.0
854,39.0
855,0.0
855,0.0
855,56.0
855,39.0
855,56.0
856,0.0
856,0.0
856,56.0
856,39.0
856,56.0
857,0.0
857,0.0
857,56.0
857,39.0
857,56.0
858,0.0
858,0.0
858,56.0
858,56.0
858,39.0
859,0.0
859,0.0
859,56.0
859,56.0
859,39.0
860,0.0
860,0.0
860,56.0
860,56.0
860,39.0
861,0.0
861,0.0
861,56.0
861,39.0
861,56.0
862,0.0
862,0.0
862,56.0
862,39.0
862,56.0
863,0.0
863,0.0
863,56.0
863,39.0
863,56.0
864,0.0
864,0.0
864,56.0
864,39.0
864,45.0
865,0.0
865,0.0
865,56.0
865,39.0
866,0.0
866,0.0
866,56.0
866,39.0
867,0.0
867,0.0
867,56.0
867,39.0
867,45.0
868,0.0
868,0.0
868,56.0
868,39.0
868,45.0
869,0.0
869,0.0
869,56.0
869,39.0
869,45.0
870,0.0
870,0.0
870,45.0
870,56.0
870,39.0
871,0.0
871,0.0
871,56.0
871,39.0
871,45.0
872,0.0
872,0.0
872,56.0
872,39.0
872,45.0
873,0.0
873,0.0
873,56.0
873,39.0
874,0.0
874,0.0
874,56.0
874,39.0
875,0.0
875,0.0
875,56.0
875,39.0
876,0.0
876,0.0
876,56.0
876,39.0
877,0.0
877,0.0
877,39.0
878,0.0
878,0.0
878,39.0
879,0.0
879,0.0
879,39.0
879,39.0
880,0.0
880,0.0
880,39.0
880,39.0
881,0.0
881,0.0
881,39.0
881,39.0
882,0.0
882,0.0
882,39.0
882,39.0
883,0.0
883,0.0
883,56.0
883,39.0
883,56.0
884,0.0
884,0.0
884,56.0
884,39.0
884,56.0
885,0.0
885,0.0
885,56.0
885,39.0
885,39.0
886,0.0
886,0.0
886,56.0
886,39.0
886,39.0
887,0.0
887,0.0
887,56.0
887,39.0
887,39.0
888,0.0
888,0.0
888,56.0
888,39.0
888,39.0
889,0.0
889,0.0
889,39.0
890,0.0
890,0.0
890,39.0
891,0.0
891,0.0
891,39.0
892,0.0
892,0.0
892,39.0
893,0.0
893,0.0
893,39.0
894,0.0
894,0.0
894,39.0
895,0.0
895,0.0
895,56.0
895,0.0
895,39.0
895,39.0
896,0.0
896,0.0
896,56.0
896,0.0
896,39.0
896,39.0
897,0.0
897,0.0
897,39.0
897,56.0
897,56.0
897,39.0
898,0.0
898,0.0
898,39.0
898,56.0
898,56.0
898,39.0
899,0.0
899,0.0
899,39.0
899,56.0
899,56.0
899,39.0
900,0.0
900,0.0
900,56.0
900,39.0
900,39.0
901,0.0
901,0.0
901,0.0
901,56.0
901,39.0
901,39.0
902,0.0
902,0.0
902,0.0
902,56.0
902,39.0
902,39.0
903,0.0
903,0.0
903,56.0
903,39.0
903,39.0
903,56.0
904,0.0
904,0.0
904,39.0
904,56.0
904,56.0
904,39.0
905,0.0
905,0.0
905,56.0
905,39.0
905,56.0
905,39.0
906,0.0
906,0.0
906,39.0
906,56.0
906,39.0
907,0.0
907,0.0
907,39.0
907,39.0
907,56.0
908,0.0
908,0.0
908,39.0
908,39.0
908,56.0
909,0.0
909,0.0
909,39.0
909,39.0
910,0.0
910,0.0
910,39.0
910,39.0
911,0.0
911,0.0
911,39.0
911,39.0
912,0.0
912,0.0
912,39.0
912,39.0
913,0.0
913,0.0
913,39.0
913,39.0
914,0.0
914,0.0
914,39.0
914,39.0
915,0.0
915,0.0
915,39.0
915,39.0
916,0.0
916,0.0
916,39.0
916,39.0
917,0.0
917,0.0
917,39.0
917,39.0
918,0.0
918,0.0
918,39.0
918,56.0
918,39.0
918,56.0
918,0.0
919,0.0
919,0.0
919,0.0
919,39.0
919,56.0
919,39.0
919,56.0
920,0.0
920,0.0
920,0.0
920,39.0
920,39.0
920,56.0
920,56.0
921,0.0
921,0.0
921,0.0
921,39.0
921,39.0
921,56.0
921,56.0
922,0.0
922,0.0
922,0.0
922,39.0
922,56.0
922,39.0
922,56.0
923,0.0
923,0.0
923,0.0
923,56.0
923,39.0
923,39.0
923,56.0
924,0.0
924,0.0
924,0.0
924,39.0
924,56.0
924,56.0
924,39.0
925,0.0
925,0.0
925,0.0
925,56.0
925,39.0
925,56.0
925,39.0
926,0.0
926,0.0
926,0.0
926,56.0
926,39.0
926,56.0
926,39.0
927,0.0
927,0.0
927,0.0
927,39.0
927,56.0
927,56.0
927,39.0
928,0.0
928,0.0
928,0.0
928,39.0
928,56.0
928,56.0
928,39.0
929,0.0
929,0.0
929,0.0
929,39.0
929,56.0
929,56.0
929,39.0
930,0.0
930,0.0
930,0.0
930,39.0
930,56.0
930,56.0
930,39.0
931,0.0
931,0.0
931,0.0
931,39.0
931,56.0
931,39.0
931,56.0
932,0.0
932,0.0
932,0.0
932,39.0
932,56.0
932,39.0
932,56.0
933,0.0
933,0.0
933,0.0
933,56.0
933,39.0
933,56.0
933,39.0
934,0.0
934,0.0
934,0.0
934,56.0
934,39.0
934,56.0
934,39.0
935,0.0
935,0.0
935,0.0
935,56.0
935,39.0
935,56.0
935,39.0
936,0.0
936,0.0
936,0.0
936,39.0
936,56.0
936,39.0
936,56.0
937,0.0
937,0.0
937,0.0
937,39.0
937,39.0
937,56.0
937,56.0
938,0.0
938,0.0
938,0.0
938,39.0
938,39.0
938,56.0
939,0.0
939,0.0
939,0.0
939,39.0
939,56.0
940,0.0
940,0.0
940,0.0
940,39.0
940,56.0
941,0.0
941,0.0
941,0.0
941,39.0
941,56.0
942,0.0
942,0.0
942,39.0
943,0.0
943,0.0
943,39.0
943,56.0
944,0.0
944,0.0
944,39.0
945,0.0
945,0.0
945,56.0
945,39.0
946,0.0
946,0.0
946,56.0
946,39.0
947,0.0
947,0.0
947,56.0
947,39.0
948,0.0
948,0.0
948,56.0
948,39.0
949,0.0
949,0.0
949,39.0
949,56.0
949,0.0
949,39.0
950,0.0
950,0.0
950,39.0
950,56.0
950,39.0
951,0.0
951,0.0
951,39.0
951,56.0
951,39.0
952,0.0
952,0.0
952,39.0
952,56.0
952,39.0
953,0.0
953,0.0
953,39.0
953,56.0
953,39.0
954,0.0
954,0.0
954,39.0
954,56.0
954,39.0
955,0.0
955,0.0
955,39.0
955,0.0
955,39.0
955,56.0
956,0.0
956,0.0
956,39.0
956,0.0
956,39.0
956,56.0
957,0.0
957,0.0
957,39.0
957,56.0
957,39.0
957,45.0
958,0.0
958,0.0
958,39.0
958,56.0
958,39.0
958,45.0
959,0.0
959,0.0
959,39.0
959,56.0
959,39.0
959,45.0
960,0.0
960,0.0
960,39.0
960,39.0
960,45.0
961,0.0
961,0.0
961,39.0
961,39.0
962,0.0
962,0.0
962,39.0
963,0.0
963,0.0
963,0.0
963,39.0
963,45.0
964,0.0
964,0.0
964,0.0
964,39.0
964,45.0
965,0.0
965,0.0
965,0.0
965,39.0
965,45.0
966,0.0
966,0.0
966,0.0
966,39.0
966,45.0
967,0.0
967,0.0
967,39.0
967,0.0
967,45.0
968,0.0
968,0.0
968,39.0
968,0.0
968,45.0
969,0.0
969,0.0
969,39.0
969,45.0
970,0.0
970,0.0
970,39.0
970,45.0
971,0.0
971,0.0
971,39.0
971,45.0
972,0.0
972,39.0
972,45.0
972,0.0
973,0.0
973,39.0
973,45.0
974,0.0
974,39.0
974,45.0
974,0.0
975,0.0
975,39.0
975,0.0
975,45.0
976,0.0
976,39.0
976,0.0
976,45.0
977,0.0
977,39.0
977,0.0
977,45.0
978,0.0
978,0.0
978,39.0
978,45.0
978,56.0
979,0.0
979,0.0
979,39.0
979,45.0
979,56.0
980,0.0
980,0.0
980,39.0
980,45.0
980,56.0
981,0.0
981,0.0
981,39.0
981,45.0
981,56.0
981,56.0
982,0.0
982,0.0
982,39.0
982,45.0
982,56.0
982,56.0
983,0.0
983,0.0
983,39.0
983,45.0
983,56.0
983,56.0
984,0.0
984,0.0
984,39.0
984,45.0
984,56.0
984,56.0
985,0.0
985,0.0
985,56.0
985,39.0
985,45.0
985,56.0
986,0.0
986,0.0
986,39.0
986,56.0
986,45.0
986,56.0
987,0.0
987,0.0
987,39.0
987,56.0
987,45.0
987,56.0
988,0.0
988,0.0
988,39.0
988,45.0
988,56.0
988,56.0
989,0.0
989,0.0
989,39.0
989,45.0
989,56.0
989,56.0
990,0.0
990,0.0
990,39.0
990,45.0
990,56.0
990,56.0
991,0.0
991,0.0
991,39.0
991,45.0
991,56.0
991,56.0
992,0.0
992,0.0
992,39.0
992,56.0
992,56.0
992,45.0
993,0.0
993,0.0
993,39.0
993,45.0
993,56.0
994,0.0
994,0.0
994,39.0
994,45.0
994,56.0
995,0.0
995,0.0
995,39.0
995,45.0
995,56.0
996,0.0
996,0.0
996,39.0
996,45.0
996,56.0
996,56.0
997,0.0
997,0.0
997,39.0
997,45.0
998,0.0
998,0.0
998,39.0
998,45.0
999,0.0
999,0.0
999,39.0
999,45.0
999,56.0
1000,0.0
1000,0.0
1000,39.0
1000,45.0
1000,56.0
1001,0.0
1001,0.0
1001,39.0
1001,56.0
1002,0.0
1002,0.0
1002,39.0
1003,0.0
1003,0.0
1003,39.0
1003,56.0
1003,56.0
1004,0.0
1004,0.0
1004,39.0
1004,56.0
1005,0.0
1005,0.0
1005,39.0
1006,0.0
1006,0.0
1006,39.0
1007,0.0
1007,0.0
1007,39.0
1008,0.0
1008,0.0
1008,39.0
1009,0.0
1009,0.0
1009,39.0
1009,45.0
1010,0.0
1010,0.0
1010,39.0
1010,45.0
1011,0.0
1011,0.0
1011,39.0
1011,56.0
1012,0.0
1012,0.0
1012,39.0
1012,56.0
1013,0.0
1013,0.0
1013,39.0
1013,56.0
1014,0.0
1014,0.0
1014,39.0
1014,45.0
1014,56.0
1015,0.0
1015,0.0
1015,39.0
1015,56.0
1016,0.0
1016,0.0
1016,39.0
1016,56.0
1017,0.0
1017,0.0
1017,39.0
1018,0.0
1018,0.0
1018,39.0
1019,0.0
1019,0.0
1019,39.0
1020,0.0
1020,0.0
1020,39.0
1021,0.0
1021,0.0
1021,39.0
1022,0.0
1022,0.0
1022,39.0
1023,0.0
1023,0.0
1023,39.0
1023,45.0
1024,0.0
1024,0.0
1024,39.0
1024,45.0
1025,0.0
1025,0.0
1025,39.0
1025,45.0
1026,0.0
1026,0.0
1026,39.0
1026,45.0
1027,0.0
1027,0.0
1027,39.0
1027,45.0
1028,0.0
1028,0.0
1028,39.0
1028,45.0
1029,0.0
1029,56.0
1029,39.0
1029,45.0
1029,0.0
1029,56.0
1030,0.0
1030,56.0
1030,39.0
1030,45.0
1030,0.0
1030,56.0
1031,0.0
1031,56.0
1031,39.0
1031,45.0
1031,0.0
1031,56.0
1032,0.0
1032,0.0
1032,45.0
1032,39.0
1032,56.0
1032,45.0
1032,56.0
1033,0.0
1033,45.0
1033,0.0
1033,39.0
1033,45.0
1033,56.0
1034,0.0
1034,45.0
1034,0.0
1034,39.0
1034,45.0
1034,56.0
1035,0.0
1035,0.0
1035,45.0
1035,56.0
1035,45.0
1035,39.0
1035,56.0
1035,45.0
1036,0.0
1036,0.0
1036,45.0
1036,45.0
1036,56.0
1036,39.0
1036,45.0
1036,56.0
1037,0.0
1037,0.0
1037,45.0
1037,56.0
1037,45.0
1037,39.0
1037,45.0
1037,56.0
1038,0.0
1038,0.0
1038,45.0
1038,0.0
1038,39.0
1038,45.0
1038,56.0
1039,0.0
1039,0.0
1039,45.0
1039,0.0
1039,39.0
1039,45.0
1039,56.0
1040,0.0
1040,0.0
1040,45.0
1040,0.0
1040,39.0
1040,45.0
1040,56.0
1041,0.0
1041,0.0
1041,45.0
1041,39.0
1041,45.0
1041,56.0
1041,56.0
1042,0.0
1042,0.0
1042,45.0
1042,39.0
1042,45.0
1042,56.0
1042,56.0
1043,0.0
1043,0.0
1043,45.0
1043,39.0
1043,45.0
1043,56.0
1043,56.0
1044,0.0
1044,0.0
1044,45.0
1044,39.0
1044,45.0
1044,56.0
1044,56.0
1045,0.0
1045,0.0
1045,45.0
1045,39.0
1045,56.0
1045,56.0
1045,45.0
1046,0.0
1046,0.0
1046,45.0
1046,39.0
1046,56.0
1046,56.0
1046,45.0
1047,0.0
1047,0.0
1047,39.0
1047,45.0
1047,56.0
1047,56.0
1048,0.0
1048,0.0
1048,45.0
1048,39.0
1048,56.0
1048,56.0
1049,0.0
1049,0.0
1049,45.0
1049,39.0
1049,56.0
1049,56.0
1050,0.0
1050,0.0
1050,45.0
1050,39.0
1050,56.0
1051,0.0
1051,0.0
1051,39.0
1051,45.0
1051,56.0
1052,0.0
1052,0.0
1052,45.0
1052,39.0
1052,56.0
1053,0.0
1053,0.0
1053,45.0
1053,39.0
1053,56.0
1054,0.0
1054,0.0
1054,45.0
1055,0.0
1055,0.0
1055,45.0
1056,0.0
1056,0.0
1056,45.0
1057,0.0
1057,0.0
1057,45.0
1058,0.0
1058,0.0
1058,45.0
1059,0.0
1059,0.0
1059,45.0
1060,0.0
1060,0.0
1060,45.0
1060,56.0
1061,0.0
1061,0.0
1061,45.0
1061,56.0
1062,0.0
1062,0.0
1062,45.0
1062,56.0
1063,0.0
1063,0.0
1063,45.0
1063,56.0
1063,45.0
1064,0.0
1064,0.0
1064,45.0
1064,45.0
1064,56.0
1065,0.0
1065,0.0
1065,45.0
1065,45.0
1065,56.0
1066,0.0
1066,0.0
1066,45.0
1066,45.0
1066,56.0
1067,0.0
1067,0.0
1067,45.0
1067,45.0
1067,56.0
1068,0.0
1068,0.0
1068,45.0
1068,45.0
1068,56.0
1069,0.0
1069,0.0
1069,45.0
1069,56.0
1069,45.0
1070,0.0
1070,0.0
1070,45.0
1070,56.0
1070,45.0
1071,0.0
1071,0.0
1071,45.0
1071,56.0
1071,45.0
1072,0.0
1072,0.0
1072,45.0
1072,56.0
1072,45.0
1073,0.0
1073,0.0
1073,45.0
1073,56.0
1073,45.0
1074,0.0
1074,0.0
1074,45.0
1074,56.0
1075,0.0
1075,0.0
1075,45.0
1075,56.0
1075,45.0
1076,0.0
1076,0.0
1076,45.0
1076,56.0
1077,0.0
1077,0.0
1077,45.0
1077,56.0
1078,0.0
1078,0.0
1078,45.0
1078,56.0
1079,0.0
1079,0.0
1079,45.0
1079,56.0
1080,0.0
1080,0.0
1080,45.0
1080,56.0
1081,0.0
1081,0.0
1081,45.0
1081,56.0
1082,0.0
1082,0.0
1082,45.0
1082,56.0
1083,0.0
1083,0.0
1083,45.0
1084,0.0
1084,0.0
1084,45.0
1085,0.0
1085,0.0
1085,45.0
1086,0.0
1086,0.0
1086,45.0
1086,56.0
1086,56.0
1087,0.0
1087,0.0
1087,45.0
1087,56.0
1088,0.0
1088,0.0
1088,45.0
1088,56.0
1089,0.0
1089,0.0
1089,45.0
1089,45.0
1089,39.0
1090,0.0
1090,0.0
1090,45.0
1091,0.0
1091,0.0
1091,45.0
1092,0.0
1092,0.0
1092,45.0
1092,45.0
1092,39.0
1093,0.0
1093,0.0
1093,45.0
1093,45.0
1094,0.0
1094,0.0
1094,45.0
1094,56.0
1094,45.0
1095,0.0
1095,0.0
1095,45.0
1095,39.0
1095,56.0
1095,45.0
1096,0.0
1096,0.0
1096,45.0
1096,39.0
1096,56.0
1097,0.0
1097,0.0
1097,45.0
1097,45.0
1097,39.0
1097,56.0
1097,45.0
1098,0.0
1098,0.0
1098,45.0
1098,45.0
1098,39.0
1098,56.0
1099,0.0
1099,0.0
1099,45.0
1099,45.0
1099,39.0
1100,0.0
1100,0.0
1100,45.0
1100,45.0
1101,0.0
1101,0.0
1101,45.0
1101,45.0
1101,39.0
1101,56.0
1102,0.0
1102,0.0
1102,45.0
1102,45.0
1102,39.0
1103,0.0
1103,0.0
1103,45.0
1103,45.0
1103,39.0
1104,0.0
1104,0.0
1104,45.0
1104,45.0
1104,39.0
1105,0.0
1105,0.0
1105,45.0
1105,45.0
1106,0.0
1106,0.0
1106,45.0
1106,45.0
1107,0.0
1107,0.0
1107,45.0
1107,45.0
1108,0.0
1108,0.0
1108,45.0
1108,45.0
1109,0.0
1109,0.0
1109,45.0
1109,45.0
1110,0.0
1110,0.0
1110,45.0
1110,45.0
1110,56.0
1111,0.0
1111,0.0
1111,45.0
1111,56.0
1111,45.0
1112,0.0
1112,0.0
1112,45.0
1112,56.0
1112,45.0
1113,0.0
1113,0.0
1113,45.0
1113,56.0
1113,45.0
1114,0.0
1114,0.0
1114,45.0
1114,56.0
1114,45.0
1115,0.0
1115,0.0
1115,45.0
1115,56.0
1115,45.0
1116,0.0
1116,0.0
1116,45.0
1116,56.0
1116,45.0
1116,0.0
1117,0.0
1117,0.0
1117,45.0
1117,56.0
1117,0.0
1117,45.0
1118,0.0
1118,0.0
1118,45.0
1118,56.0
1118,0.0
1118,45.0
1119,0.0
1119,0.0
1119,0.0
1119,45.0
1119,56.0
1119,45.0
1120,0.0
1120,0.0
1120,0.0
1120,45.0
1120,56.0
1120,45.0
1121,0.0
1121,0.0
1121,0.0
1121,45.0
1121,56.0
1121,45.0
1122,0.0
1122,0.0
1122,0.0
1122,45.0
1122,56.0
1122,45.0
1123,0.0
1123,0.0
1123,0.0
1123,45.0
1123,56.0
1123,45.0
1124,0.0
1124,0.0
1124,0.0
1124,45.0
1124,56.0
1124,45.0
1125,0.0
1125,0.0
1125,45.0
1125,0.0
1125,56.0
1125,45.0
1126,0.0
1126,0.0
1126,45.0
1126,0.0
1126,56.0
1127,0.0
1127,0.0
1127,45.0
1127,0.0
1127,56.0
1128,0.0
1128,0.0
1128,0.0
1128,45.0
1128,56.0
1129,0.0
1129,0.0
1129,0.0
1129,0.0
1129,45.0
1129,56.0
1130,0.0
1130,0.0
1130,0.0
1130,45.0
1130,0.0
1130,56.0
1131,0.0
1131,0.0
1131,0.0
1131,45.0
1131,0.0
1131,56.0
1132,0.0
1132,0.0
1132,45.0
1132,0.0
1132,0.0
1132,56.0
1132,45.0
1133,0.0
1133,0.0
1133,45.0
1133,0.0
1133,0.0
1133,56.0
1133,45.0
1134,0.0
1134,0.0
1134,45.0
1134,0.0
1134,56.0
1134,45.0
1135,0.0
1135,0.0
1135,45.0
1135,56.0
1135,45.0
1136,0.0
1136,0.0
1136,45.0
1136,56.0
1136,45.0
1137,0.0
1137,0.0
1137,45.0
1137,0.0
1137,56.0
1137,45.0
1138,0.0
1138,0.0
1138,45.0
1138,0.0
1138,56.0
1138,45.0
1139,0.0
1139,0.0
1139,45.0
1139,0.0
1139,56.0
1139,45.0
1140,0.0
1140,0.0
1140,45.0
1140,56.0
1140,45.0
1141,0.0
1141,0.0
1141,45.0
1141,45.0
1141,0.0
1141,56.0
1142,0.0
1142,0.0
1142,45.0
1142,45.0
1142,0.0
1142,56.0
1143,0.0
1143,0.0
1143,45.0
1143,0.0
1143,45.0
1143,56.0
1144,0.0
1144,0.0
1144,45.0
1144,45.0
1145,0.0
1145,0.0
1145,45.0
1145,45.0
1146,0.0
1146,0.0
1146,45.0
1146,45.0
1146,56.0
1147,0.0
1147,0.0
1147,45.0
1147,45.0
1148,0.0
1148,0.0
1148,45.0
1148,45.0
1149,0.0
1149,0.0
1149,45.0
1149,45.0
1150,0.0
1150,0.0
1150,45.0
1150,45.0
1151,0.0
1151,0.0
1151,45.0
1151,45.0
1152,0.0
1152,0.0
1152,45.0
1152,45.0
1153,0.0
1153,0.0
1153,45.0
1153,45.0
1153,0.0
1154,0.0
1154,0.0
1154,45.0
1154,45.0
1155,0.0
1155,0.0
1155,45.0
1155,0.0
1155,0.0
1155,45.0
1155,56.0
1156,0.0
1156,0.0
1156,45.0
1156,0.0
1156,0.0
1156,45.0
1156,56.0
1157,0.0
1157,0.0
1157,45.0
1157,0.0
1157,0.0
1157,45.0
1157,56.0
1158,0.0
1158,0.0
1158,45.0
1158,0.0
1158,0.0
1158,45.0
1158,56.0
1159,0.0
1159,0.0
1159,45.0
1159,0.0
1159,0.0
1159,45.0
1159,56.0
1160,0.0
1160,0.0
1160,45.0
1160,0.0
1160,0.0
1160,56.0
1160,45.0
1161,0.0
1161,0.0
1161,0.0
1161,45.0
1161,0.0
1161,56.0
1161,45.0
1162,0.0
1162,0.0
1162,0.0
1162,45.0
1162,0.0
1162,56.0
1162,45.0
1163,0.0
1163,0.0
1163,0.0
1163,45.0
1163,0.0
1163,56.0
1163,45.0
1164,0.0
1164,0.0
1164,45.0
1164,0.0
1164,0.0
1164,56.0
1164,45.0
1165,0.0
1165,0.0
1165,0.0
1165,45.0
1165,0.0
1165,56.0
1166,0.0
1166,0.0
1166,0.0
1166,45.0
1166,0.0
1166,56.0
1166,45.0
1167,0.0
1167,0.0
1167,0.0
1167,45.0
1167,56.0
1167,0.0
1167,45.0
1168,0.0
1168,0.0
1168,0.0
1168,45.0
1168,0.0
1168,56.0
1169,0.0
1169,0.0
1169,0.0
1169,45.0
1169,0.0
1169,56.0
1170,0.0
1170,0.0
1170,45.0
1170,0.0
1170,0.0
1170,45.0
1170,56.0
1170,45.0
1171,0.0
1171,0.0
1171,0.0
1171,45.0
1171,45.0
1171,0.0
1171,56.0
1172,0.0
1172,0.0
1172,0.0
1172,45.0
1172,56.0
1172,45.0
1172,0.0
1173,0.0
1173,0.0
1173,0.0
1173,45.0
1173,56.0
1173,0.0
1174,0.0
1174,0.0
1174,0.0
1174,45.0
1174,56.0
1174,0.0
1174,45.0
1175,0.0
1175,0.0
1175,0.0
1175,45.0
1175,56.0
1175,0.0
1175,45.0
1176,0.0
1176,0.0
1176,45.0
1176,0.0
1176,56.0
1176,0.0
1177,0.0
1177,0.0
1177,0.0
1177,45.0
1177,0.0
1177,56.0
1178,0.0
1178,0.0
1178,0.0
1178,0.0
1178,45.0
1178,56.0
1179,0.0
1179,0.0
1179,0.0
1179,45.0
1179,56.0
1179,0.0
1179,56.0
1180,0.0
1180,0.0
1180,0.0
1180,45.0
1180,56.0
1180,0.0
1180,56.0
1181,0.0
1181,0.0
1181,0.0
1181,45.0
1181,56.0
1181,0.0
1181,56.0
1182,0.0
1182,0.0
1182,0.0
1182,56.0
1182,45.0
1182,56.0
1183,0.0
1183,0.0
1183,0.0
1183,56.0
1183,45.0
1183,56.0
1184,0.0
1184,0.0
1184,0.0
1184,45.0
1184,56.0
1184,56.0
1185,0.0
1185,0.0
1185,0.0
1185,56.0
1185,45.0
1185,56.0
1186,0.0
1186,0.0
1186,0.0
1186,56.0
1186,45.0
1186,56.0
1187,0.0
1187,0.0
1187,0.0
1187,45.0
1187,56.0
1187,56.0
1188,0.0
1188,0.0
1188,0.0
1188,56.0
1188,56.0
1188,45.0
1189,0.0
1189,0.0
1189,0.0
1189,45.0
1189,56.0
1189,56.0
1190,0.0
1190,0.0
1190,0.0
1190,45.0
1190,56.0
1190,0.0
1190,56.0
1191,0.0
1191,0.0
1191,0.0
1191,45.0
1191,56.0
1191,56.0
1192,0.0
1192,0.0
1192,0.0
1192,45.0
1192,56.0
1192,56.0
1193,0.0
1193,0.0
1193,0.0
1193,45.0
1193,56.0
1193,56.0
1194,0.0
1194,0.0
1194,45.0
1194,56.0
1194,56.0
1194,0.0
1194,45.0
1195,0.0
1195,0.0
1195,45.0
1195,0.0
1195,45.0
1195,56.0
1195,56.0
1196,0.0
1196,0.0
1196,45.0
1196,45.0
1196,56.0
1196,0.0
1196,56.0
1197,0.0
1197,0.0
1197,45.0
1197,45.0
1197,56.0
1197,56.0
1198,0.0
1198,0.0
1198,45.0
1198,45.0
1198,56.0
1198,56.0
1199,0.0
1199,0.0
1199,45.0
1199,45.0
1199,56.0
1199,56.0
1200,0.0
1200,0.0
1200,45.0
1200,45.0
1200,56.0
1200,56.0
1201,0.0
1201,0.0
1201,45.0
1201,45.0
1202,0.0
1202,0.0
1202,45.0
1202,45.0
1203,0.0
1203,0.0
1203,45.0
1203,45.0
1203,45.0
1204,0.0
1204,0.0
1204,45.0
1204,45.0
1204,0.0
1204,45.0
1205,0.0
1205,0.0
1205,45.0
1205,45.0
1205,0.0
1205,45.0
1206,0.0
1206,0.0
1206,45.0
1206,45.0
1206,0.0
1206,45.0
1207,0.0
1207,0.0
1207,45.0
1207,45.0
1207,45.0
1208,0.0
1208,0.0
1208,45.0
1208,45.0
1209,0.0
1209,0.0
1209,45.0
1209,45.0
1209,45.0
1210,0.0
1210,0.0
1210,45.0
1210,45.0
1210,0.0
1211,0.0
1211,0.0
1211,45.0
1211,45.0
1211,0.0
1212,0.0
1212,0.0
1212,45.0
1212,45.0
1213,0.0
1213,0.0
1213,45.0
1213,45.0
1214,0.0
1214,0.0
1214,45.0
1214,45.0
1215,0.0
1215,0.0
1215,45.0
1215,0.0
1215,45.0
1216,0.0
1216,0.0
1216,45.0
1216,45.0
1216,0.0
1216,45.0
1217,0.0
1217,0.0
1217,45.0
1217,45.0
1217,0.0
1217,45.0
1218,0.0
1218,0.0
1218,45.0
1218,45.0
1218,0.0
1218,0.0
1218,45.0
1219,0.0
1219,0.0
1219,45.0
1219,45.0
1219,45.0
1220,0.0
1220,0.0
1220,45.0
1220,45.0
1220,0.0
1220,45.0
1221,0.0
1221,0.0
1221,45.0
1221,45.0
1221,0.0
1221,45.0
1222,0.0
1222,0.0
1222,45.0
1222,45.0
1222,0.0
1222,45.0
1223,0.0
1223,0.0
1223,45.0
1223,45.0
1223,0.0
1223,45.0
1224,0.0
1224,0.0
1224,45.0
1224,0.0
1224,45.0
1224,45.0
1225,0.0
1225,0.0
1225,45.0
1225,0.0
1225,45.0
1225,45.0
1226,0.0
1226,0.0
1226,45.0
1226,0.0
1226,45.0
1226,45.0
1227,0.0
1227,0.0
1227,45.0
1227,0.0
1227,45.0
1227,45.0
1228,0.0
1228,0.0
1228,45.0
1228,0.0
1228,45.0
1228,45.0
1229,0.0
1229,0.0
1229,45.0
1229,0.0
1229,45.0
1229,45.0
1230,0.0
1230,0.0
1230,45.0
1230,45.0
1230,45.0
1231,0.0
1231,0.0
1231,45.0
1231,45.0
1231,0.0
1232,0.0
1232,0.0
1232,45.0
1232,45.0
1232,0.0
1232,45.0
1233,0.0
1233,0.0
1233,45.0
1233,45.0
1233,45.0
1234,0.0
1234,0.0
1234,45.0
1234,45.0
1234,45.0
1235,0.0
1235,0.0
1235,45.0
1235,45.0
1235,45.0
1236,0.0
1236,0.0
1236,45.0
1236,45.0
1236,45.0
1237,0.0
1237,0.0
1237,45.0
1237,45.0
1237,0.0
1237,45.0
1237,0.0
1238,0.0
1238,0.0
1238,45.0
1238,45.0
1238,0.0
1238,45.0
1239,0.0
1239,45.0
1239,45.0
1239,45.0
1239,0.0
1239,0.0
1239,0.0
1240,0.0
1240,45.0
1240,45.0
1240,0.0
1240,45.0
1240,0.0
1240,0.0
1241,0.0
1241,45.0
1241,45.0
1241,0.0
1241,45.0
1241,0.0
1241,0.0
1242,0.0
1242,45.0
1242,45.0
1242,0.0
1242,45.0
1242,0.0
1243,0.0
1243,45.0
1243,0.0
1243,45.0
1243,45.0
1243,0.0
1244,0.0
1244,45.0
1244,0.0
1244,45.0
1244,45.0
1244,0.0
1245,0.0
1245,45.0
1245,45.0
1245,45.0
1245,0.0
1246,0.0
1246,45.0
1246,45.0
1246,0.0
1246,45.0
1247,0.0
1247,45.0
1247,45.0
1247,0.0
1247,45.0
1248,0.0
1248,45.0
1248,45.0
1248,45.0
1249,0.0
1249,45.0
1249,45.0
1249,45.0
1250,0.0
1250,45.0
1250,45.0
1250,45.0
1251,0.0
1251,45.0
1251,45.0
1251,45.0
1252,0.0
1252,45.0
1252,45.0
1252,45.0
1253,0.0
1253,45.0
1253,45.0
1253,45.0
1254,0.0
1254,45.0
1254,45.0
1254,45.0
1255,0.0
1255,45.0
1255,0.0
1255,45.0
1255,45.0
1256,0.0
1256,45.0
1256,0.0
1256,45.0
1256,45.0
1257,0.0
1257,45.0
1257,45.0
1257,45.0
1257,0.0
1258,0.0
1258,45.0
1258,45.0
1258,45.0
1259,0.0
1259,45.0
1259,45.0
1259,45.0
1260,0.0
1260,45.0
1260,0.0
1260,45.0
1260,45.0
1261,0.0
1261,45.0
1261,0.0
1261,0.0
1261,45.0
1262,0.0
1262,45.0
1262,0.0
1262,45.0
1263,0.0
1263,0.0
1263,45.0
1263,45.0
1264,0.0
1264,0.0
1264,45.0
1264,45.0
1264,45.0
1265,0.0
1265,0.0
1265,45.0
1265,45.0
1265,45.0
1266,0.0
1266,45.0
1266,0.0
1266,45.0
1266,45.0
1267,0.0
1267,0.0
1267,45.0
1267,45.0
1267,45.0
1268,0.0
1268,0.0
1268,45.0
1268,45.0
1268,45.0
1269,0.0
1269,0.0
1269,45.0
1269,45.0
1269,45.0
1270,0.0
1270,0.0
1270,45.0
1270,45.0
1270,45.0
1271,0.0
1271,0.0
1271,45.0
1271,45.0
1272,0.0
1272,0.0
1272,45.0
1272,45.0
1273,0.0
1273,0.0
1273,45.0
1273,45.0
1273,45.0
1274,0.0
1274,0.0
1274,45.0
1274,45.0
1274,45.0
1275,0.0
1275,0.0
1275,45.0
1275,45.0
1275,45.0
1276,0.0
1276,45.0
1276,0.0
1276,45.0
1276,45.0
1277,0.0
1277,45.0
1277,0.0
1277,45.0
1277,45.0
1278,0.0
1278,0.0
1278,45.0
1278,45.0
1278,45.0
1279,0.0
1279,45.0
1279,0.0
1279,45.0
1279,45.0
1280,0.0
1280,45.0
1280,45.0
1280,45.0
1280,0.0
1281,0.0
1281,45.0
1281,45.0
1281,0.0
1281,45.0
1282,0.0
1282,45.0
1282,45.0
1282,0.0
1282,45.0
1283,0.0
1283,45.0
1283,0.0
1283,45.0
1283,45.0
1284,0.0
1284,0.0
1284,45.0
1284,45.0
1284,45.0
1285,0.0
1285,0.0
1285,45.0
1285,45.0
1285,45.0
1286,0.0
1286,0.0
1286,45.0
1286,45.0
1286,45.0
1287,0.0
1287,0.0
1287,45.0
1287,45.0
1287,45.0
1288,0.0
1288,0.0
1288,45.0
1288,45.0
1288,45.0
1289,0.0
1289,0.0
1289,45.0
1289,45.0
1289,45.0
1290,0.0
1290,0.0
1290,45.0
1290,45.0
1290,45.0
1291,0.0
1291,0.0
1291,45.0
1291,45.0
1291,45.0
1292,0.0
1292,0.0
1292,45.0
1292,45.0
1292,45.0
1293,0.0
1293,0.0
1293,45.0
1293,45.0
1293,45.0
1294,0.0
1294,0.0
1294,45.0
1294,45.0
1294,45.0
1295,0.0
1295,0.0
1295,45.0
1295,45.0
1295,45.0
1296,0.0
1296,0.0
1296,45.0
1296,45.0
1296,45.0
1297,0.0
1297,0.0
1297,45.0
1297,45.0
1297,45.0
1298,0.0
1298,0.0
1298,45.0
1298,45.0
1298,45.0
1299,0.0
1299,0.0
1299,45.0
1299,45.0
1299,45.0
1300,0.0
1300,0.0
1300,45.0
1300,45.0
1300,45.0
1301,0.0
1301,0.0
1301,45.0
1301,45.0
1301,45.0
1302,0.0
1302,0.0
1302,45.0
1302,45.0
1302,45.0
1303,0.0
1303,0.0
1303,45.0
1303,45.0
1303,45.0
1304,0.0
1304,0.0
1304,45.0
1304,45.0
1304,45.0
1305,0.0
1305,0.0
1305,45.0
1305,45.0
1305,45.0
1306,0.0
1306,0.0
1306,45.0
1306,45.0
1306,45.0
1307,0.0
1307,0.0
1307,45.0
1307,45.0
1307,45.0
1308,0.0
1308,0.0
1308,45.0
1308,45.0
1308,45.0
1309,0.0
1309,0.0
1309,45.0
1309,45.0
1309,45.0
1310,0.0
1310,0.0
1310,45.0
1310,45.0
1310,45.0
1311,0.0
1311,0.0
1311,45.0
1311,45.0
1311,45.0
1312,0.0
1312,0.0
1312,45.0
1312,45.0
1312,45.0
1313,0.0
1313,0.0
1313,45.0
1313,45.0
1313,45.0
1314,0.0
1314,0.0
1314,45.0
1314,45.0
1314,45.0
1315,0.0
1315,0.0
1315,45.0
1315,45.0
1315,45.0
1316,0.0
1316,0.0
1316,45.0
1316,45.0
1316,45.0
1317,0.0
1317,0.0
1317,45.0
1317,45.0
1317,45.0
1318,0.0
1318,0.0
1318,45.0
1318,45.0
1318,45.0
1319,0.0
1319,0.0
1319,45.0
1319,45.0
1319,45.0
1320,0.0
1320,0.0
1320,45.0
1320,45.0
1320,0.0
1321,0.0
1321,0.0
1321,45.0
1321,45.0
1321,45.0
1321,0.0
1322,0.0
1322,0.0
1322,45.0
1322,45.0
1322,45.0
1322,0.0
1323,0.0
1323,0.0
1323,45.0
1323,45.0
1323,45.0
1323,0.0
1324,0.0
1324,0.0
1324,45.0
1324,45.0
1324,45.0
1324,0.0
1325,0.0
1325,0.0
1325,45.0
1325,45.0
1325,45.0
1325,0.0
1326,0.0
1326,0.0
1326,45.0
1326,45.0
1326,45.0
1327,0.0
1327,0.0
1327,45.0
1327,45.0
1327,45.0
1328,0.0
1328,0.0
1328,45.0
1328,45.0
1328,45.0
1329,0.0
1329,0.0
1329,45.0
1329,45.0
1329,45.0
1330,0.0
1330,0.0
1330,45.0
1330,45.0
1330,45.0
1331,0.0
1331,0.0
1331,45.0
1331,45.0
1331,45.0
1332,0.0
1332,0.0
1332,45.0
1332,45.0
1332,45.0
1333,0.0
1333,0.0
1333,45.0
1333,45.0
1333,45.0
1334,0.0
1334,0.0
1334,45.0
1334,45.0
1334,45.0
1335,0.0
1335,0.0
1335,45.0
1335,45.0
1335,45.0
1336,0.0
1336,0.0
1336,45.0
1336,45.0
1336,45.0
1337,0.0
1337,0.0
1337,45.0
1337,45.0
1337,45.0
1338,0.0
1338,0.0
1338,45.0
1338,45.0
1338,45.0
1339,0.0
1339,0.0
1339,45.0
1339,45.0
1339,45.0
1340,0.0
1340,0.0
1340,45.0
1340,45.0
1340,45.0
1341,0.0
1341,0.0
1341,45.0
1341,45.0
1341,45.0
1342,0.0
1342,0.0
1342,45.0
1342,45.0
1342,45.0
1343,0.0
1343,0.0
1343,45.0
1343,45.0
1343,45.0
1344,0.0
1344,0.0
1344,45.0
1344,45.0
1344,45.0
1345,0.0
1345,0.0
1345,45.0
1345,45.0
1345,45.0
1346,0.0
1346,0.0
1346,45.0
1346,45.0
1346,45.0
1347,0.0
1347,0.0
1347,45.0
1347,45.0
1347,45.0
1348,0.0
1348,0.0
1348,45.0
1348,45.0
1348,45.0
1349,0.0
1349,0.0
1349,45.0
1349,45.0
1349,45.0
1350,0.0
1350,0.0
1350,45.0
1350,45.0
1350,45.0
1351,0.0
1351,0.0
1351,45.0
1351,45.0
1351,45.0
1352,0.0
1352,0.0
1352,45.0
1352,45.0
1352,45.0
1353,0.0
1353,0.0
1353,45.0
1353,45.0
1353,45.0
1353,0.0
1354,0.0
1354,0.0
1354,45.0
1354,45.0
1354,0.0
1354,45.0
1355,0.0
1355,0.0
1355,45.0
1355,45.0
1355,45.0
1355,0.0
1356,0.0
1356,0.0
1356,45.0
1356,45.0
1356,45.0
1357,0.0
1357,0.0
1357,45.0
1357,45.0
1357,45.0
1358,0.0
1358,0.0
1358,45.0
1358,45.0
1358,45.0
1359,0.0
1359,0.0
1359,45.0
1359,45.0
1359,45.0
1360,0.0
1360,0.0
1360,45.0
1360,45.0
1360,45.0
1361,0.0
1361,0.0
1361,45.0
1361,45.0
1361,45.0
1362,0.0
1362,0.0
1362,45.0
1362,45.0
1362,45.0
1363,0.0
1363,0.0
1363,45.0
1363,45.0
1363,45.0
1364,0.0
1364,0.0
1364,45.0
1364,45.0
1364,45.0
1365,0.0
1365,0.0
1365,45.0
1365,45.0
1365,45.0
1366,0.0
1366,0.0
1366,45.0
1366,45.0
1366,45.0
1367,0.0
1367,0.0
1367,45.0
1367,45.0
1367,45.0
1368,0.0
1368,0.0
1368,45.0
1368,45.0
1368,45.0
1369,0.0
1369,0.0
1369,45.0
1369,45.0
1369,45.0
1370,0.0
1370,0.0
1370,45.0
1370,45.0
1370,45.0
1371,0.0
1371,0.0
1371,45.0
1371,45.0
1372,0.0
1372,0.0
1372,45.0
1372,45.0
1373,0.0
1373,0.0
1373,45.0
1373,45.0
1374,0.0
1374,0.0
1374,45.0
1374,45.0
1375,0.0
1375,0.0
1375,45.0
1375,45.0
1376,0.0
1376,0.0
1376,45.0
1376,45.0
1377,0.0
1377,0.0
1377,45.0
1377,45.0
1378,0.0
1378,0.0
1378,45.0
1378,45.0
1379,0.0
1379,0.0
1379,45.0
1379,45.0
1380,0.0
1380,0.0
1380,45.0
1380,45.0
1381,0.0
1381,0.0
1381,45.0
1381,45.0
1382,0.0
1382,0.0
1382,45.0
1382,45.0
1383,0.0
1383,0.0
1383,45.0
1383,45.0
1384,0.0
1384,0.0
1384,45.0
1384,45.0
1385,0.0
1385,0.0
1385,45.0
1385,45.0
1386,0.0
1386,0.0
1386,45.0
1386,45.0
1386,56.0
1386,56.0
1387,0.0
1387,0.0
1387,45.0
1387,45.0
1387,56.0
1388,0.0
1388,0.0
1388,45.0
1388,45.0
1388,56.0
1389,0.0
1389,0.0
1389,45.0
1389,45.0
1389,56.0
1390,0.0
1390,0.0
1390,45.0
1390,45.0
1390,56.0
1391,0.0
1391,0.0
1391,45.0
1391,45.0
1391,56.0
1392,0.0
1392,0.0
1392,45.0
1392,56.0
1392,45.0
1393,0.0
1393,0.0
1393,45.0
1393,56.0
1393,45.0
1394,0.0
1394,0.0
1394,45.0
1394,56.0
1394,45.0
1395,0.0
1395,0.0
1395,45.0
1395,45.0
1395,56.0
1395,39.0
1396,0.0
1396,0.0
1396,45.0
1396,45.0
1396,56.0
1397,0.0
1397,0.0
1397,45.0
1397,45.0
1397,56.0
1398,0.0
1398,0.0
1398,45.0
1398,45.0
1398,56.0
1399,0.0
1399,0.0
1399,45.0
1399,45.0
1400,0.0
1400,0.0
1400,45.0
1400,45.0
1401,0.0
1401,0.0
1401,45.0
1401,45.0
1402,0.0
1402,0.0
1402,45.0
1402,45.0
1403,0.0
1403,0.0
1403,45.0
1403,45.0
1404,0.0
1404,0.0
1404,45.0
1404,45.0
1405,0.0
1405,0.0
1405,45.0
1405,45.0
1406,0.0
1406,0.0
1406,45.0
1406,45.0
1407,0.0
1407,0.0
1407,45.0
1407,45.0
1408,0.0
1408,0.0
1408,45.0
1408,45.0
1409,0.0
1409,0.0
1409,45.0
1409,45.0
1410,0.0
1410,0.0
1410,45.0
1410,56.0
1410,45.0
1410,56.0
1411,0.0
1411,0.0
1411,45.0
1411,45.0
1411,56.0
1412,0.0
1412,0.0
1412,45.0
1412,45.0
1412,39.0
1413,0.0
1413,0.0
1413,45.0
1413,45.0
1414,0.0
1414,0.0
1414,45.0
1414,45.0
1415,0.0
1415,0.0
1415,45.0
1415,45.0
1416,0.0
1416,0.0
1416,45.0
1416,45.0
1416,39.0
1417,0.0
1417,0.0
1417,45.0
1417,45.0
1418,0.0
1418,0.0
1418,45.0
1418,45.0
1418,56.0
1419,0.0
1419,0.0
1419,45.0
1419,45.0
1420,0.0
1420,0.0
1420,45.0
1420,45.0
1420,56.0
1420,45.0
1421,0.0
1421,0.0
1421,45.0
1421,45.0
1421,56.0
1421,45.0
1422,0.0
1422,0.0
1422,45.0
1422,45.0
1422,45.0
1423,0.0
1423,0.0
1423,45.0
1423,45.0
1423,45.0
1424,0.0
1424,0.0
1424,45.0
1424,45.0
1424,45.0
1425,0.0
1425,0.0
1425,45.0
1425,45.0
1425,45.0
1426,0.0
1426,0.0
1426,45.0
1426,45.0
1426,45.0
1427,0.0
1427,0.0
1427,45.0
1427,45.0
1427,45.0
1428,0.0
1428,0.0
1428,45.0
1428,45.0
1428,45.0
1429,0.0
1429,0.0
1429,45.0
1429,45.0
1429,45.0
1430,0.0
1430,0.0
1430,45.0
1430,45.0
1430,45.0
1431,0.0
1431,0.0
1431,45.0
1431,45.0
1431,45.0
1432,0.0
1432,0.0
1432,45.0
1432,45.0
1433,0.0
1433,0.0
1433,45.0
1433,45.0
1434,0.0
1434,0.0
1434,45.0
1434,45.0
1434,45.0
1435,0.0
1435,0.0
1435,45.0
1435,45.0
1435,45.0
1436,0.0
1436,0.0
1436,45.0
1436,45.0
1436,45.0
1437,0.0
1437,0.0
1437,45.0
1437,45.0
1437,45.0
1438,0.0
1438,0.0
1438,45.0
1438,45.0
1438,45.0
1439,0.0
1439,0.0
1439,45.0
1439,45.0
1439,45.0
1440,0.0
1440,0.0
1440,45.0
1440,45.0
1440,45.0
1441,0.0
1441,0.0
1441,45.0
1441,45.0
1441,45.0
1442,0.0
1442,0.0
1442,45.0
1442,45.0
1442,45.0
1443,0.0
1443,0.0
1443,45.0
1443,45.0
1443,0.0
1443,45.0
1444,0.0
1444,0.0
1444,45.0
1444,45.0
1444,0.0
1444,45.0
1445,0.0
1445,0.0
1445,45.0
1445,45.0
1445,0.0
1445,45.0
1446,0.0
1446,0.0
1446,0.0
1446,45.0
1446,45.0
1446,45.0
1447,0.0
1447,0.0
1447,45.0
1447,45.0
1447,45.0
1448,0.0
1448,0.0
1448,45.0
1448,45.0
1448,45.0
1449,0.0
1449,0.0
1449,45.0
1449,45.0
1449,45.0
1450,0.0
1450,0.0
1450,45.0
1450,45.0
1450,45.0
1451,0.0
1451,0.0
1451,45.0
1451,45.0
1451,45.0
1452,0.0
1452,0.0
1452,45.0
1452,45.0
1452,45.0
1453,0.0
1453,0.0
1453,45.0
1453,45.0
1453,45.0
1454,0.0
1454,0.0
1454,45.0
1454,45.0
1454,45.0
1455,0.0
1455,0.0
1455,45.0
1455,45.0
1455,45.0
1456,0.0
1456,0.0
1456,45.0
1456,45.0
1456,45.0
1457,0.0
1457,0.0
1457,45.0
1457,45.0
1457,45.0
1458,0.0
1458,0.0
1458,45.0
1458,45.0
1458,45.0
1459,0.0
1459,0.0
1459,45.0
1459,45.0
1459,45.0
1460,0.0
1460,0.0
1460,45.0
1460,45.0
1460,45.0
1461,0.0
1461,0.0
1461,45.0
1461,45.0
1461,45.0
1462,0.0
1462,0.0
1462,45.0
1462,45.0
1462,45.0
1463,0.0
1463,0.0
1463,45.0
1463,45.0
1463,45.0
1464,0.0
1464,0.0
1464,45.0
1464,45.0
1464,45.0
1465,0.0
1465,0.0
1465,45.0
1465,45.0
1465,45.0
1466,0.0
1466,0.0
1466,45.0
1466,45.0
1466,45.0
1467,0.0
1467,45.0
1467,45.0
1467,45.0
1468,0.0
1468,45.0
1468,45.0
1468,45.0
1469,0.0
1469,45.0
1469,45.0
1469,45.0
1470,0.0
1470,45.0
1470,45.0
1470,45.0
1471,0.0
1471,45.0
1471,45.0
1471,45.0
1472,0.0
1472,45.0
1472,45.0
1472,45.0
1473,0.0
1473,45.0
1473,45.0
1473,45.0
1474,0.0
1474,45.0
1474,45.0
1474,45.0
1475,0.0
1475,45.0
1475,45.0
1475,45.0
1476,0.0
1476,45.0
1476,45.0
1476,45.0
1477,0.0
1477,45.0
1477,45.0
1477,0.0
1477,45.0
1478,0.0
1478,45.0
1478,45.0
1478,0.0
1478,45.0
1479,0.0
1479,0.0
1479,45.0
1479,45.0
1479,45.0
1480,0.0
1480,0.0
1480,45.0
1480,45.0
1480,45.0
1481,0.0
1481,0.0
1481,45.0
1481,45.0
1481,45.0
1482,0.0
1482,45.0
1482,45.0
1482,45.0
1483,0.0
1483,45.0
1483,45.0
1483,45.0
1484,0.0
1484,45.0
1484,45.0
1484,45.0
1485,0.0
1485,45.0
1485,45.0
1485,0.0
1485,45.0
1486,0.0
1486,45.0
1486,45.0
1486,0.0
1486,45.0
1487,0.0
1487,45.0
1487,45.0
1487,0.0
1487,45.0
1488,0.0
1488,45.0
1488,45.0
1488,45.0
1489,0.0
1489,45.0
1489,45.0
1489,45.0
1490,0.0
1490,45.0
1490,45.0
1490,45.0
1491,0.0
1491,45.0
1491,45.0
1491,45.0
1492,0.0
1492,45.0
1492,45.0
1492,45.0
1493,0.0
1493,45.0
1493,45.0
1493,45.0
1494,0.0
1494,0.0
1494,45.0
1494,45.0
1494,45.0
1495,0.0
1495,0.0
1495,45.0
1495,45.0
1495,45.0
1496,0.0
1496,0.0
1496,45.0
1496,45.0
1496,45.0
1497,0.0
1497,45.0
1497,45.0
1497,45.0
1498,0.0
1498,45.0
1498,45.0
1498,45.0
1499,0.0
1499,45.0
1499,45.0
1499,45.0
1500,0.0
1500,45.0
1500,45.0
1500,45.0
1501,0.0
1501,45.0
1501,45.0
1501,45.0
1502,0.0
1502,45.0
1502,45.0
1502,45.0
1503,0.0
1503,45.0
1503,45.0
1503,45.0
1503,56.0
1504,0.0
1504,45.0
1504,45.0
1504,45.0
1504,56.0
1505,0.0
1505,45.0
1505,45.0
1505,45.0
1505,56.0
1506,0.0
1506,45.0
1506,45.0
1506,45.0
1507,0.0
1507,45.0
1507,45.0
1507,45.0
1507,56.0
1508,0.0
1508,45.0
1508,45.0
1508,45.0
1508,56.0
1509,0.0
1509,45.0
1509,45.0
1509,45.0
1510,0.0
1510,45.0
1510,45.0
1510,45.0
1511,0.0
1511,45.0
1511,45.0
1511,45.0
1512,0.0
1512,45.0
1512,45.0
1512,45.0
1512,56.0
1512,0.0
1513,0.0
1513,45.0
1513,45.0
1513,0.0
1513,45.0
1513,56.0
1514,0.0
1514,45.0
1514,45.0
1514,0.0
1514,45.0
1514,56.0
1515,0.0
1515,0.0
1515,45.0
1515,45.0
1515,45.0
1515,56.0
1516,0.0
1516,0.0
1516,45.0
1516,45.0
1516,45.0
1516,56.0
1517,0.0
1517,0.0
1517,45.0
1517,45.0
1517,45.0
1517,56.0
1518,0.0
1518,0.0
1518,45.0
1518,45.0
1518,45.0
1519,0.0
1519,0.0
1519,45.0
1519,45.0
1519,45.0
1520,0.0
1520,0.0
1520,45.0
1520,45.0
1520,45.0
1521,0.0
1521,0.0
1521,45.0
1521,45.0
1521,45.0
1522,0.0
1522,0.0
1522,45.0
1522,45.0
1522,45.0
1523,0.0
1523,0.0
1523,45.0
1523,45.0
1523,45.0
1524,0.0
1524,0.0
1524,45.0
1524,45.0
1524,45.0
1525,0.0
1525,0.0
1525,45.0
1525,45.0
1525,45.0
1526,0.0
1526,0.0
1526,45.0
1526,45.0
1526,45.0
1526,56.0
1527,0.0
1527,0.0
1527,45.0
1527,45.0
1527,56.0
1527,45.0
1527,56.0
1528,0.0
1528,0.0
1528,45.0
1528,45.0
1528,56.0
1528,45.0
1528,56.0
1529,0.0
1529,0.0
1529,45.0
1529,45.0
1529,56.0
1529,45.0
1529,56.0
1530,0.0
1530,45.0
1530,0.0
1530,45.0
1530,56.0
1530,56.0
1531,0.0
1531,0.0
1531,45.0
1531,45.0
1531,56.0
1531,56.0
1531,45.0
1532,0.0
1532,0.0
1532,45.0
1532,45.0
1532,56.0
1532,45.0
1532,56.0
1533,0.0
1533,0.0
1533,45.0
1533,56.0
1533,45.0
1533,56.0
1533,45.0
1534,0.0
1534,0.0
1534,45.0
1534,56.0
1534,45.0
1534,56.0
1534,45.0
1535,0.0
1535,0.0
1535,45.0
1535,56.0
1535,45.0
1535,56.0
1535,45.0
1536,0.0
1536,0.0
1536,45.0
1536,56.0
1536,45.0
1536,45.0
1537,0.0
1537,0.0
1537,45.0
1537,0.0
1537,56.0
1537,45.0
1537,45.0
1538,0.0
1538,0.0
1538,45.0
1538,0.0
1538,56.0
1538,45.0
1538,45.0
1538,39.0
1539,0.0
1539,0.0
1539,0.0
1539,45.0
1539,56.0
1539,45.0
1540,0.0
1540,0.0
1540,0.0
1540,45.0
1540,56.0
1540,45.0
1541,0.0
1541,0.0
1541,0.0
1541,45.0
1541,56.0
1541,45.0
1542,0.0
1542,0.0
1542,0.0
1542,45.0
1542,56.0
1542,45.0
1542,39.0
1542,39.0
1543,0.0
1543,0.0
1543,45.0
1543,0.0
1543,56.0
1543,39.0
1543,45.0
1544,0.0
1544,0.0
1544,45.0
1544,0.0
1544,56.0
1544,39.0
1544,45.0
1545,0.0
1545,0.0
1545,0.0
1545,45.0
1545,39.0
1545,56.0
1546,0.0
1546,0.0
1546,0.0
1546,45.0
1546,39.0
1546,56.0
1547,0.0
1547,0.0
1547,0.0
1547,45.0
1547,39.0
1547,56.0
1548,0.0
1548,0.0
1548,0.0
1548,45.0
1548,39.0
1548,56.0
1548,45.0
1549,0.0
1549,0.0
1549,0.0
1549,45.0
1549,39.0
1549,56.0
1549,45.0
1550,0.0
1550,0.0
1550,0.0
1550,45.0
1550,56.0
1550,39.0
1550,45.0
1551,0.0
1551,0.0
1551,0.0
1551,45.0
1551,39.0
1551,56.0
1551,45.0
1552,0.0
1552,0.0
1552,0.0
1552,45.0
1552,39.0
1552,56.0
1552,45.0
1553,0.0
1553,0.0
1553,0.0
1553,45.0
1553,39.0
1553,56.0
1553,45.0
1554,0.0
1554,0.0
1554,45.0
1554,0.0
1554,39.0
1554,56.0
1554,45.0
1554,39.0
1555,0.0
1555,0.0
1555,45.0
1555,0.0
1555,45.0
1555,39.0
1555,56.0
1555,39.0
1556,0.0
1556,0.0
1556,45.0
1556,0.0
1556,45.0
1556,39.0
1556,56.0
1556,45.0
1556,39.0
1557,0.0
1557,0.0
1557,0.0
1557,45.0
1557,45.0
1557,39.0
1557,56.0
1557,39.0
1558,0.0
1558,0.0
1558,0.0
1558,45.0
1558,45.0
1558,39.0
1558,56.0
1558,39.0
1559,0.0
1559,0.0
1559,0.0
1559,45.0
1559,45.0
1559,39.0
1559,56.0
1559,39.0
1560,0.0
1560,0.0
1560,0.0
1560,45.0
1560,39.0
1560,45.0
1560,56.0
1560,39.0
1561,0.0
1561,0.0
1561,0.0
1561,39.0
1561,45.0
1561,39.0
1562,0.0
1562,0.0
1562,0.0
1562,39.0
1562,39.0
1562,45.0
1563,0.0
1563,0.0
1563,0.0
1563,39.0
1563,45.0
1563,39.0
1564,0.0
1564,0.0
1564,0.0
1564,39.0
1564,45.0
1564,39.0
1565,0.0
1565,0.0
1565,0.0
1565,39.0
1565,45.0
1565,39.0
1566,0.0
1566,0.0
1566,0.0
1566,39.0
1566,39.0
1566,45.0
1567,0.0
1567,0.0
1567,0.0
1567,39.0
1567,45.0
1567,39.0
1568,0.0
1568,0.0
1568,0.0
1568,39.0
1568,45.0
1568,39.0
1569,0.0
1569,0.0
1569,0.0
1569,39.0
1569,45.0
1569,39.0
1570,0.0
1570,0.0
1570,0.0
1570,39.0
1570,45.0
1570,39.0
1571,0.0
1571,0.0
1571,0.0
1571,39.0
1571,45.0
1571,39.0
1572,0.0
1572,0.0
1572,0.0
1572,39.0
1572,45.0
1572,39.0
1573,0.0
1573,0.0
1573,0.0
1573,39.0
1573,45.0
1573,39.0
1574,0.0
1574,0.0
1574,0.0
1574,39.0
1574,45.0
1574,39.0
1575,0.0
1575,0.0
1575,0.0
1575,45.0
1575,39.0
1576,0.0
1576,0.0
1576,0.0
1576,39.0
1576,45.0
1577,0.0
1577,0.0
1577,0.0
1577,39.0
1577,45.0
1578,0.0
1578,0.0
1578,0.0
1578,39.0
1578,45.0
1578,56.0
1579,0.0
1579,0.0
1579,0.0
1579,39.0
1579,56.0
1579,45.0
1580,0.0
1580,0.0
1580,0.0
1580,39.0
1580,56.0
1580,45.0
1581,0.0
1581,0.0
1581,0.0
1581,39.0
1581,45.0
1581,56.0
1582,0.0
1582,0.0
1582,0.0
1582,39.0
1582,45.0
1582,56.0
1583,0.0
1583,0.0
1583,0.0
1583,39.0
1583,45.0
1583,56.0
1583,56.0
1584,0.0
1584,0.0
1584,0.0
1584,39.0
1584,45.0
1584,56.0
1584,45.0
1584,56.0
1585,0.0
1585,0.0
1585,0.0
1585,45.0
1585,39.0
1585,56.0
1585,45.0
1586,0.0
1586,0.0
1586,0.0
1586,45.0
1586,39.0
1586,56.0
1587,0.0
1587,0.0
1587,0.0
1587,39.0
1587,45.0
1587,56.0
1588,0.0
1588,0.0
1588,0.0
1588,39.0
1588,45.0
1588,56.0
1589,0.0
1589,0.0
1589,0.0
1589,39.0
1589,45.0
1589,56.0
1590,0.0
1590,0.0
1590,45.0
1590,39.0
1590,45.0
1590,0.0
1590,56.0
1590,56.0
1591,0.0
1591,0.0
1591,0.0
1591,39.0
1591,45.0
1591,45.0
1591,56.0
1591,39.0
1592,0.0
1592,0.0
1592,0.0
1592,39.0
1592,45.0
1592,45.0
1592,56.0
1592,39.0
1593,0.0
1593,0.0
1593,39.0
1593,45.0
1593,45.0
1594,0.0
1594,0.0
1594,45.0
1594,39.0
1594,45.0
1595,0.0
1595,0.0
1595,45.0
1595,39.0
1595,45.0
1596,0.0
1596,0.0
1596,39.0
1596,45.0
1596,0.0
1596,45.0
1597,0.0
1597,0.0
1597,39.0
1597,45.0
1597,45.0
1598,0.0
1598,0.0
1598,39.0
1598,45.0
1598,45.0
1599,0.0
1599,0.0
1599,39.0
1599,45.0
1599,0.0
1599,45.0
1600,0.0
1600,0.0
1600,39.0
1600,45.0
1600,45.0
1600,0.0
1601,0.0
1601,0.0
1601,39.0
1601,45.0
1601,45.0
1601,0.0
1602,0.0
1602,0.0
1602,0.0
1602,39.0
1602,45.0
1602,45.0
1603,0.0
1603,0.0
1603,39.0
1603,45.0
1603,45.0
1604,0.0
1604,0.0
1604,39.0
1604,45.0
1604,45.0
1605,0.0
1605,0.0
1605,45.0
1605,39.0
1605,45.0
1606,0.0
1606,0.0
1606,45.0
1606,39.0
1606,45.0
1607,0.0
1607,0.0
1607,45.0
1607,39.0
1607,45.0
1608,0.0
1608,0.0
1608,45.0
1608,39.0
1608,45.0
1608,39.0
1609,0.0
1609,0.0
1609,45.0
1609,39.0
1609,45.0
1609,39.0
1610,0.0
1610,0.0
1610,45.0
1610,39.0
1610,45.0
1610,39.0
1611,0.0
1611,56.0
1611,39.0
1611,45.0
1611,45.0
1611,39.0
1611,56.0
1612,0.0
1612,56.0
1612,39.0
1612,45.0
1612,39.0
1612,45.0
1613,0.0
1613,56.0
1613,39.0
1613,45.0
1613,39.0
1613,45.0
1614,0.0
1614,0.0
1614,56.0
1614,39.0
1614,45.0
1614,39.0
1615,0.0
1615,0.0
1615,56.0
1615,39.0
1615,45.0
1615,56.0
1616,0.0
1616,0.0
1616,56.0
1616,39.0
1616,45.0
1616,56.0
1617,0.0
1617,0.0
1617,56.0
1617,39.0
1617,45.0
1617,56.0
1618,0.0
1618,0.0
1618,56.0
1618,39.0
1618,56.0
1618,45.0
1618,39.0
1619,0.0
1619,0.0
1619,56.0
1619,39.0
1619,56.0
1619,45.0
1619,39.0
1620,0.0
1620,0.0
1620,39.0
1620,56.0
1620,45.0
1620,45.0
1621,0.0
1621,0.0
1621,39.0
1621,45.0
1621,45.0
1621,39.0
1622,0.0
1622,0.0
1622,39.0
1622,45.0
1622,45.0
1622,39.0
1623,0.0
1623,0.0
1623,39.0
1623,45.0
1624,0.0
1624,0.0
1624,39.0
1624,45.0
1624,56.0
1625,0.0
1625,0.0
1625,39.0
1625,45.0
1625,56.0
1626,0.0
1626,0.0
1626,39.0
1626,45.0
1626,45.0
1626,56.0
1627,0.0
1627,0.0
1627,45.0
1627,39.0
1627,45.0
1627,0.0
1627,56.0
1628,0.0
1628,0.0
1628,39.0
1628,45.0
1628,45.0
1628,0.0
1628,56.0
1629,0.0
1629,0.0
1629,39.0
1629,45.0
1629,45.0
1629,56.0
1630,0.0
1630,0.0
1630,39.0
1630,45.0
1630,56.0
1630,45.0
1630,56.0
1631,0.0
1631,0.0
1631,39.0
1631,45.0
1631,56.0
1631,45.0
1631,56.0
1632,0.0
1632,0.0
1632,39.0
1632,45.0
1632,56.0
1632,45.0
1633,0.0
1633,0.0
1633,39.0
1633,56.0
1633,39.0
1633,56.0
1634,0.0
1634,0.0
1634,39.0
1634,39.0
1634,56.0
1634,56.0
1635,0.0
1635,0.0
1635,39.0
1635,39.0
1636,0.0
1636,0.0
1636,39.0
1636,39.0
1637,0.0
1637,0.0
1637,39.0
1637,39.0
1638,0.0
1638,0.0
1638,39.0
1638,39.0
1638,56.0
1638,56.0
1639,0.0
1639,0.0
1639,39.0
1639,39.0
1639,56.0
1639,56.0
1640,0.0
1640,0.0
1640,39.0
1640,56.0
1640,56.0
1640,39.0
1641,0.0
1641,0.0
1641,39.0
1641,0.0
1641,56.0
1641,39.0
1642,0.0
1642,0.0
1642,0.0
1642,39.0
1642,56.0
1642,39.0
1643,0.0
1643,0.0
1643,0.0
1643,39.0
1643,56.0
1643,39.0
1644,0.0
1644,0.0
1644,39.0
1644,56.0
1644,39.0
1644,56.0
1645,0.0
1645,0.0
1645,39.0
1645,39.0
1645,56.0
1645,56.0
1646,0.0
1646,0.0
1646,39.0
1646,56.0
1646,39.0
1646,56.0
1647,0.0
1647,0.0
1647,39.0
1647,56.0
1647,39.0
1647,56.0
1648,0.0
1648,0.0
1648,39.0
1648,56.0
1648,56.0
1649,0.0
1649,0.0
1649,39.0
1649,56.0
1649,56.0
1650,0.0
1650,0.0
1650,56.0
1650,39.0
1650,56.0
1651,0.0
1651,0.0
1651,39.0
1651,56.0
1651,56.0
1652,0.0
1652,0.0
1652,39.0
1652,56.0
1653,0.0
1653,0.0
1653,39.0
1654,0.0
1654,0.0
1654,39.0
1654,56.0
1655,0.0
1655,0.0
1655,39.0
1655,56.0
1656,0.0
1656,0.0
1656,39.0
1656,56.0
1657,0.0
1657,0.0
1657,39.0
1658,0.0
1658,0.0
1658,39.0
1658,56.0
1659,0.0
1659,0.0
1659,39.0
1660,0.0
1660,0.0
1660,39.0
1660,56.0
1661,0.0
1661,0.0
1661,39.0
1662,0.0
1662,0.0
1662,39.0
1663,0.0
1663,0.0
1663,39.0
1663,56.0
1663,56.0
1663,45.0
1664,0.0
1664,0.0
1664,39.0
1664,56.0
1664,56.0
1664,45.0
1665,0.0
1665,0.0
1665,39.0
1665,45.0
1665,56.0
1665,56.0
1665,45.0
1666,0.0
1666,0.0
1666,39.0
1666,45.0
1666,56.0
1666,45.0
1666,56.0
1667,0.0
1667,0.0
1667,39.0
1667,45.0
1667,56.0
1667,45.0
1667,56.0
1668,0.0
1668,0.0
1668,39.0
1668,56.0
1668,56.0
1669,0.0
1669,0.0
1669,39.0
1669,56.0
1669,56.0
1670,0.0
1670,0.0
1670,39.0
1670,56.0
1670,56.0
1671,0.0
1671,0.0
1671,39.0
1671,56.0
1671,56.0
1672,0.0
1672,0.0
1672,39.0
1672,56.0
1672,56.0
1673,0.0
1673,0.0
1673,39.0
1673,56.0
1673,56.0
1674,0.0
1674,0.0
1674,39.0
1675,0.0
1675,0.0
1675,39.0
1675,45.0
1675,56.0
1676,0.0
1676,0.0
1676,39.0
1677,0.0
1677,0.0
1677,39.0
1677,45.0
1677,56.0
1678,0.0
1678,0.0
1678,39.0
1678,45.0
1678,45.0
1678,56.0
1679,0.0
1679,0.0
1679,39.0
1679,45.0
1679,45.0
1679,56.0
1680,0.0
1680,0.0
1680,39.0
1680,45.0
1680,45.0
1681,0.0
1681,0.0
1681,39.0
1681,45.0
1681,45.0
1682,0.0
1682,0.0
1682,39.0
1682,45.0
1682,45.0
1683,0.0
1683,0.0
1683,39.0
1683,45.0
1683,0.0
1683,45.0
1684,0.0
1684,0.0
1684,45.0
1684,39.0
1684,45.0
1685,0.0
1685,0.0
1685,45.0
1685,39.0
1685,45.0
1686,0.0
1686,0.0
1686,45.0
1686,39.0
1686,45.0
1687,0.0
1687,0.0
1687,45.0
1687,45.0
1687,39.0
1688,0.0
1688,0.0
1688,45.0
1688,45.0
1688,39.0
1688,56.0
1689,0.0
1689,0.0
1689,39.0
1689,45.0
1689,45.0
1690,0.0
1690,0.0
1690,45.0
1690,45.0
1690,39.0
1691,0.0
1691,0.0
1691,45.0
1691,45.0
1691,39.0
1692,0.0
1692,0.0
1692,45.0
1692,45.0
1692,39.0
1693,0.0
1693,0.0
1693,45.0
1693,45.0
1693,39.0
1694,0.0
1694,0.0
1694,45.0
1694,45.0
1694,39.0
1695,0.0
1695,0.0
1695,45.0
1695,45.0
1695,39.0
1696,0.0
1696,0.0
1696,45.0
1696,45.0
1696,39.0
1697,0.0
1697,0.0
1697,45.0
1697,45.0
1697,39.0
1698,0.0
1698,0.0
1698,45.0
1698,45.0
1698,39.0
1699,0.0
1699,0.0
1699,45.0
1699,45.0
1699,39.0
1700,0.0
1700,0.0
1700,45.0
1700,45.0
1700,39.0
1701,0.0
1701,0.0
1701,45.0
1701,45.0
1701,39.0
1702,0.0
1702,0.0
1702,45.0
1702,45.0
1702,39.0
1703,0.0
1703,0.0
1703,45.0
1703,45.0
1703,39.0
1704,0.0
1704,0.0
1704,45.0
1704,45.0
1704,39.0
1705,0.0
1705,0.0
1705,45.0
1705,45.0
1705,39.0
1706,0.0
1706,0.0
1706,45.0
1706,45.0
1706,39.0
1707,0.0
1707,0.0
1707,0.0
1707,45.0
1707,45.0
1707,39.0
1708,0.0
1708,0.0
1708,0.0
1708,45.0
1708,45.0
1708,39.0
1709,0.0
1709,0.0
1709,0.0
1709,45.0
1709,45.0
1709,39.0
1710,0.0
1710,0.0
1710,0.0
1710,45.0
1710,45.0
1710,39.0
1711,0.0
1711,0.0
1711,0.0
1711,39.0
1711,45.0
1712,0.0
1712,0.0
1712,0.0
1712,39.0
1712,45.0
1712,56.0
1713,0.0
1713,0.0
1713,0.0
1713,39.0
1713,45.0
1713,56.0
1714,0.0
1714,0.0
1714,0.0
1714,39.0
1714,45.0
1714,56.0
1715,0.0
1715,0.0
1715,0.0
1715,39.0
1715,45.0
1715,56.0
1716,0.0
1716,0.0
1716,0.0
1716,39.0
1716,45.0
1716,45.0
1716,56.0
1717,0.0
1717,0.0
1717,0.0
1717,39.0
1717,45.0
1717,45.0
1717,56.0
1718,0.0
1718,0.0
1718,0.0
1718,39.0
1718,45.0
1718,45.0
1718,56.0
1718,39.0
1719,0.0
1719,0.0
1719,0.0
1719,39.0
1719,45.0
1719,56.0
1719,45.0
1720,0.0
1720,0.0
1720,0.0
1720,45.0
1720,39.0
1720,56.0
1720,45.0
1721,0.0
1721,0.0
1721,0.0
1721,39.0
1721,45.0
1721,56.0
1721,45.0
1722,0.0
1722,0.0
1722,0.0
1722,45.0
1722,39.0
1722,45.0
1722,56.0
1722,39.0
1723,0.0
1723,0.0
1723,0.0
1723,45.0
1723,39.0
1723,45.0
1723,56.0
1723,39.0
1723,56.0
1724,0.0
1724,0.0
1724,0.0
1724,45.0
1724,39.0
1724,45.0
1724,56.0
1724,39.0
1724,39.0
1724,56.0
1725,0.0
1725,0.0
1725,45.0
1725,39.0
1725,0.0
1725,45.0
1725,39.0
1725,56.0
1726,0.0
1726,0.0
1726,45.0
1726,39.0
1726,0.0
1726,56.0
1726,45.0
1726,39.0
1727,0.0
1727,0.0
1727,45.0
1727,39.0
1727,0.0
1727,56.0
1727,45.0
1727,39.0
1728,0.0
1728,0.0
1728,0.0
1728,45.0
1728,39.0
1728,45.0
1728,39.0
1728,56.0
1729,0.0
1729,0.0
1729,0.0
1729,45.0
1729,39.0
1729,45.0
1729,39.0
1730,0.0
1730,0.0
1730,0.0
1730,45.0
1730,39.0
1730,45.0
1730,39.0
1731,0.0
1731,0.0
1731,0.0
1731,39.0
1731,45.0
1732,0.0
1732,0.0
1732,0.0
1732,39.0
1732,45.0
1732,45.0
1732,39.0
1733,0.0
1733,0.0
1733,0.0
1733,39.0
1733,45.0
1733,45.0
1733,39.0
1734,0.0
1734,0.0
1734,0.0
1734,39.0
1734,45.0
1735,0.0
1735,0.0
1735,0.0
1735,39.0
1735,45.0
1735,45.0
1736,0.0
1736,0.0
1736,0.0
1736,45.0
1736,39.0
1736,45.0
1737,0.0
1737,0.0
1737,0.0
1737,45.0
1737,39.0
1737,45.0
1738,0.0
1738,0.0
1738,0.0
1738,45.0
1738,39.0
1738,45.0
1739,0.0
1739,0.0
1739,0.0
1739,45.0
1739,39.0
1739,45.0
1740,0.0
1740,0.0
1740,0.0
1740,39.0
1740,45.0
1741,0.0
1741,0.0
1741,0.0
1741,45.0
1741,39.0
1741,45.0
1742,0.0
1742,0.0
1742,0.0
1742,45.0
1743,0.0
1743,0.0
1743,0.0
1743,45.0
1743,45.0
1744,0.0
1744,0.0
1744,0.0
1744,45.0
1744,45.0
1745,0.0
1745,0.0
1745,0.0
1745,45.0
1745,45.0
1746,0.0
1746,0.0
1746,0.0
1746,39.0
1746,45.0
1747,0.0
1747,0.0
1747,0.0
1747,39.0
1748,0.0
1748,0.0
1748,0.0
1748,39.0
1748,56.0
1748,45.0
1748,56.0
1749,0.0
1749,0.0
1749,0.0
1749,45.0
1749,56.0
1750,0.0
1750,0.0
1750,0.0
1750,45.0
1751,0.0
1751,0.0
1751,0.0
1751,45.0
1751,39.0
1751,45.0
1752,0.0
1752,0.0
1752,0.0
1752,45.0
1752,39.0
1752,56.0
1753,0.0
1753,0.0
1753,0.0
1753,45.0
1753,39.0
1753,56.0
1754,0.0
1754,0.0
1754,0.0
1754,45.0
1754,39.0
1754,45.0
1754,56.0
1755,0.0
1755,0.0
1755,0.0
1755,45.0
1755,39.0
1755,45.0
1756,0.0
1756,0.0
1756,0.0
1756,45.0
1756,39.0
1756,45.0
1757,0.0
1757,0.0
1757,0.0
1757,45.0
1757,39.0
1757,45.0
1758,0.0
1758,0.0
1758,0.0
1758,45.0
1758,39.0
1758,45.0
1759,0.0
1759,0.0
1759,0.0
1759,45.0
1759,39.0
1759,45.0
1760,0.0
1760,0.0
1760,0.0
1760,45.0
1760,39.0
1760,45.0
1761,0.0
1761,0.0
1761,0.0
1761,45.0
1761,39.0
1761,45.0
1761,56.0
1762,0.0
1762,0.0
1762,0.0
1762,45.0
1762,39.0
1762,45.0
1762,56.0
1763,0.0
1763,0.0
1763,0.0
1763,45.0
1763,39.0
1763,45.0
1763,56.0
1764,0.0
1764,0.0
1764,0.0
1764,45.0
1764,39.0
1764,45.0
1764,56.0
1765,0.0
1765,0.0
1765,0.0
1765,45.0
1765,39.0
1765,45.0
1766,0.0
1766,0.0
1766,0.0
1766,45.0
1766,39.0
1766,45.0
1767,0.0
1767,0.0
1767,0.0
1767,45.0
1767,39.0
1767,45.0
1768,0.0
1768,0.0
1768,0.0
1768,45.0
1768,39.0
1768,56.0
1769,0.0
1769,0.0
1769,0.0
1769,45.0
1769,39.0
1769,56.0
1770,0.0
1770,0.0
1770,0.0
1770,45.0
1770,39.0
1770,56.0
1771,0.0
1771,0.0
1771,0.0
1771,45.0
1771,39.0
1771,56.0
1771,45.0
1772,0.0
1772,0.0
1772,0.0
1772,45.0
1772,39.0
1772,45.0
1773,0.0
1773,0.0
1773,0.0
1773,45.0
1773,39.0
1773,45.0
1774,0.0
1774,0.0
1774,0.0
1774,45.0
1774,39.0
1774,45.0
1775,0.0
1775,0.0
1775,0.0
1775,45.0
1775,39.0
1775,45.0
1776,0.0
1776,0.0
1776,0.0
1776,45.0
1776,39.0
1776,56.0
1776,45.0
1777,0.0
1777,0.0
1777,0.0
1777,45.0
1777,39.0
1777,56.0
1777,45.0
1778,0.0
1778,0.0
1778,0.0
1778,45.0
1778,39.0
1778,56.0
1778,45.0
1779,0.0
1779,0.0
1779,0.0
1779,45.0
1779,39.0
1779,56.0
1779,45.0
1780,0.0
1780,0.0
1780,0.0
1780,45.0
1780,39.0
1780,45.0
1780,56.0
1781,0.0
1781,0.0
1781,0.0
1781,45.0
1781,39.0
1781,45.0
1781,56.0
1782,0.0
1782,0.0
1782,0.0
1782,45.0
1782,39.0
1782,45.0
1782,56.0
1783,0.0
1783,0.0
1783,0.0
1783,45.0
1783,39.0
1783,56.0
1783,45.0
1784,0.0
1784,0.0
1784,0.0
1784,45.0
1784,39.0
1784,56.0
1784,45.0
1785,0.0
1785,0.0
1785,0.0
1785,45.0
1785,39.0
1785,56.0
1785,45.0
1786,0.0
1786,0.0
1786,0.0
1786,45.0
1786,39.0
1786,45.0
1786,56.0
1787,0.0
1787,0.0
1787,0.0
1787,45.0
1787,39.0
1787,45.0
1787,56.0
1788,0.0
1788,0.0
1788,0.0
1788,45.0
1788,39.0
1788,45.0
1788,56.0
1789,0.0
1789,0.0
1789,0.0
1789,45.0
1789,39.0
1789,45.0
1789,56.0
1790,0.0
1790,0.0
1790,0.0
1790,45.0
1790,39.0
1790,56.0
1790,45.0
1791,0.0
1791,0.0
1791,0.0
1791,45.0
1791,39.0
1791,56.0
1791,45.0
1792,0.0
1792,0.0
1792,0.0
1792,45.0
1792,39.0
1792,56.0
1792,45.0
1793,0.0
1793,0.0
1793,0.0
1793,45.0
1793,39.0
1793,56.0
1793,45.0
1794,0.0
1794,0.0
1794,0.0
1794,45.0
1794,39.0
1794,45.0
1794,56.0
1795,0.0
1795,0.0
1795,0.0
1795,45.0
1795,39.0
1795,45.0
1795,56.0
1796,0.0
1796,0.0
1796,0.0
1796,45.0
1796,39.0
1796,45.0
1796,56.0
1797,0.0
1797,0.0
1797,0.0
1797,45.0
1797,39.0
1797,56.0
1797,45.0
1798,0.0
1798,0.0
1798,0.0
1798,45.0
1798,39.0
1798,56.0
1798,45.0
1799,0.0
1799,0.0
1799,0.0
1799,45.0
1799,39.0
1799,56.0
1799,45.0
1800,0.0
1800,0.0
1800,0.0
1800,45.0
1800,39.0
1800,56.0
1800,45.0
1801,0.0
1801,0.0
1801,0.0
1801,45.0
1801,39.0
1801,45.0
1801,56.0
1802,0.0
1802,0.0
1802,0.0
1802,45.0
1802,39.0
1802,45.0
1802,56.0
1803,0.0
1803,0.0
1803,0.0
1803,45.0
1803,39.0
1803,45.0
1803,56.0
1804,0.0
1804,0.0
1804,0.0
1804,45.0
1804,39.0
1804,45.0
1804,56.0
1805,0.0
1805,0.0
1805,0.0
1805,45.0
1805,39.0
1805,56.0
1805,45.0
1806,0.0
1806,0.0
1806,0.0
1806,45.0
1806,39.0
1806,56.0
1806,45.0
1807,0.0
1807,0.0
1807,0.0
1807,45.0
1807,39.0
1807,56.0
1807,45.0
1808,0.0
1808,0.0
1808,0.0
1808,45.0
1808,39.0
1808,45.0
1809,0.0
1809,0.0
1809,0.0
1809,45.0
1809,39.0
1809,45.0
1810,0.0
1810,0.0
1810,0.0
1810,45.0
1810,39.0
1810,45.0
1811,0.0
1811,0.0
1811,0.0
1811,45.0
1811,39.0
1811,45.0
1812,0.0
1812,0.0
1812,0.0
1812,45.0
1812,39.0
1812,45.0
1812,56.0
1813,0.0
1813,0.0
1813,0.0
1813,45.0
1813,39.0
1813,45.0
1813,56.0
1814,0.0
1814,0.0
1814,0.0
1814,45.0
1814,39.0
1814,45.0
1814,56.0
1815,0.0
1815,0.0
1815,0.0
1815,45.0
1815,39.0
1815,45.0
1815,56.0
1816,0.0
1816,0.0
1816,0.0
1816,45.0
1816,39.0
1816,45.0
1816,56.0
1817,0.0
1817,0.0
1817,0.0
1817,45.0
1817,39.0
1817,45.0
1817,56.0
1818,0.0
1818,0.0
1818,0.0
1818,45.0
1818,39.0
1818,45.0
1818,56.0
1819,0.0
1819,0.0
1819,0.0
1819,45.0
1819,39.0
1819,45.0
1819,56.0
1820,0.0
1820,0.0
1820,0.0
1820,45.0
1820,39.0
1820,45.0
1820,56.0
1821,0.0
1821,0.0
1821,0.0
1821,45.0
1821,39.0
1821,45.0
1821,56.0
1822,0.0
1822,0.0
1822,0.0
1822,45.0
1822,39.0
1822,45.0
1822,56.0
1823,0.0
1823,0.0
1823,0.0
1823,45.0
1823,39.0
1823,45.0
1823,56.0
1824,0.0
1824,0.0
1824,0.0
1824,45.0
1824,39.0
1824,45.0
1824,56.0
1825,0.0
1825,0.0
1825,0.0
1825,45.0
1825,39.0
1825,45.0
1825,56.0
1826,0.0
1826,0.0
1826,0.0
1826,45.0
1826,39.0
1826,45.0
1826,56.0
1827,0.0
1827,0.0
1827,0.0
1827,45.0
1827,39.0
1827,45.0
1827,56.0
1828,0.0
1828,0.0
1828,0.0
1828,45.0
1828,39.0
1828,45.0
1828,56.0
1829,0.0
1829,0.0
1829,0.0
1829,45.0
1829,39.0
1829,45.0
1829,56.0
1830,0.0
1830,0.0
1830,0.0
1830,45.0
1830,39.0
1830,45.0
1830,56.0
1831,0.0
1831,0.0
1831,0.0
1831,45.0
1831,39.0
1831,45.0
1831,56.0
1832,0.0
1832,0.0
1832,0.0
1832,45.0
1832,39.0
1832,45.0
1832,56.0
1833,0.0
1833,0.0
1833,0.0
1833,45.0
1833,39.0
1833,45.0
1833,56.0
1834,0.0
1834,0.0
1834,0.0
1834,45.0
1834,39.0
1834,45.0
1834,56.0
1835,0.0
1835,0.0
1835,0.0
1835,45.0
1835,39.0
1835,45.0
1835,56.0
1836,0.0
1836,0.0
1836,0.0
1836,45.0
1836,39.0
1836,45.0
1836,56.0
1837,0.0
1837,0.0
1837,0.0
1837,45.0
1837,39.0
1837,45.0
1837,56.0
1838,0.0
1838,0.0
1838,0.0
1838,45.0
1838,39.0
1838,45.0
1838,56.0
1839,0.0
1839,0.0
1839,0.0
1839,45.0
1839,39.0
1839,45.0
1839,56.0
1840,0.0
1840,0.0
1840,0.0
1840,45.0
1840,39.0
1840,45.0
1840,56.0
1841,0.0
1841,0.0
1841,0.0
1841,45.0
1841,39.0
1841,45.0
1841,56.0
1842,0.0
1842,0.0
1842,0.0
1842,45.0
1842,39.0
1842,45.0
1842,56.0
1843,0.0
1843,0.0
1843,0.0
1843,45.0
1843,39.0
1843,45.0
1843,56.0
1844,0.0
1844,0.0
1844,0.0
1844,45.0
1844,39.0
1844,45.0
1845,0.0
1845,0.0
1845,0.0
1845,45.0
1845,45.0
1845,39.0
1846,0.0
1846,0.0
1846,0.0
1846,45.0
1846,45.0
1847,0.0
1847,0.0
1847,0.0
1847,45.0
1847,45.0
1848,0.0
1848,0.0
1848,0.0
1848,45.0
1848,45.0
1849,0.0
1849,0.0
1849,0.0
1849,45.0
1849,45.0
1850,0.0
1850,0.0
1850,0.0
1850,45.0
1850,45.0
1851,0.0
1851,0.0
1851,0.0
1851,45.0
1851,45.0
1852,0.0
1852,0.0
1852,0.0
1852,45.0
1852,45.0
1853,0.0
1853,0.0
1853,0.0
1853,45.0
1853,45.0
1854,0.0
1854,0.0
1854,0.0
1854,45.0
1854,45.0
1855,0.0
1855,0.0
1855,0.0
1855,45.0
1855,45.0
1856,0.0
1856,0.0
1856,0.0
1856,45.0
1856,45.0
1857,0.0
1857,0.0
1857,0.0
1857,45.0
1857,45.0
1858,0.0
1858,0.0
1858,0.0
1858,45.0
1858,45.0
1859,0.0
1859,0.0
1859,0.0
1859,45.0
1859,45.0
1860,0.0
1860,0.0
1860,0.0
1860,45.0
1860,45.0
1861,0.0
1861,0.0
1861,0.0
1861,45.0
1861,45.0
1862,0.0
1862,0.0
1862,0.0
1862,45.0
1862,45.0
1863,0.0
1863,0.0
1863,0.0
1863,45.0
1863,45.0
1864,0.0
1864,0.0
1864,0.0
1864,45.0
1864,45.0
1864,39.0
1865,0.0
1865,0.0
1865,0.0
1865,45.0
1865,45.0
1865,39.0
1866,0.0
1866,0.0
1866,0.0
1866,45.0
1866,45.0
1867,0.0
1867,0.0
1867,0.0
1867,45.0
1867,45.0
1868,0.0
1868,0.0
1868,0.0
1868,45.0
1868,45.0
1869,0.0
1869,0.0
1869,0.0
1869,45.0
1869,45.0
1869,39.0
1870,0.0
1870,0.0
1870,0.0
1870,45.0
1870,45.0
1871,0.0
1871,0.0
1871,0.0
1871,45.0
1871,45.0
1872,0.0
1872,0.0
1872,0.0
1872,45.0
1872,45.0
1873,0.0
1873,0.0
1873,0.0
1873,45.0
1873,39.0
1873,45.0
1874,0.0
1874,0.0
1874,0.0
1874,45.0
1874,45.0
1874,39.0
1875,0.0
1875,0.0
1875,0.0
1875,45.0
1876,0.0
1876,0.0
1876,0.0
1876,45.0
1877,0.0
1877,0.0
1877,0.0
1877,45.0
1878,0.0
1878,0.0
1879,0.0
1879,0.0
1879,0.0
1880,0.0
1880,0.0
1880,0.0
1881,0.0
1881,0.0
1882,0.0
1882,0.0
1883,0.0
1883,0.0
1884,0.0
1885,0.0
1886,0.0
1887,0.0
1887,0.0
1888,0.0
1888,0.0
1889,0.0
1889,0.0
1890,0.0
1890,0.0
1891,0.0
1891,0.0
1892,0.0
1892,0.0
1893,0.0
1893,0.0
1894,0.0
1894,0.0
1895,0.0
1895,0.0
1896,0.0
1896,0.0
1897,0.0
1897,0.0
1898,0.0
1898,0.0
1899,0.0
1899,0.0
1900,0.0
1900,0.0
1901,0.0
1901,0.0
1902,0.0
1902,0.0
1903,0.0
1903,0.0
1904,0.0
1904,0.0
1905,0.0
1905,0.0
1906,0.0
1906,0.0
1907,0.0
1907,0.0
1908,0.0
1908,0.0
1909,0.0
1909,0.0
1910,0.0
1910,0.0
1911,0.0
1911,0.0
1912,0.0
1912,0.0
1913,0.0
1913,0.0
1914,0.0
1914,0.0
1915,0.0
1915,0.0
1916,0.0
1916,0.0
1917,0.0
1917,0.0
1918,0.0
1918,0.0
1919,0.0
1919,0.0
1920,0.0
1920,0.0
1921,0.0
1921,0.0
1922,0.0
1922,0.0
1923,0.0
1923,0.0
1924,0.0
1924,0.0
1925,0.0
1925,0.0
1926,0.0
1926,0.0
1927,0.0
1927,0.0
1928,0.0
1928,0.0
1929,0.0
1929,0.0
1930,0.0
1930,0.0
1931,0.0
1931,0.0
1932,0.0
1932,0.0
1933,0.0
1933,0.0
1934,0.0
1934,0.0
1935,0.0
1935,0.0
1936,0.0
1936,0.0
1937,0.0
1937,0.0
1938,0.0
1938,0.0
1939,0.0
1939,0.0
1940,0.0
1940,0.0
1941,0.0
1941,0.0
1942,0.0
1942,0.0
1943,0.0
1943,0.0
1944,0.0
1944,0.0
1945,0.0
1945,0.0
1946,0.0
1946,0.0
1947,0.0
1947,0.0
1948,0.0
1948,0.0
1949,0.0
1949,0.0
1950,0.0
1950,0.0
1951,0.0
1951,0.0
1952,0.0
1952,0.0
1953,0.0
1953,0.0
1954,0.0
1954,0.0
1955,0.0
1955,0.0
1956,0.0
1956,0.0
1957,0.0
1957,0.0
1958,0.0
1958,0.0
1959,0.0
1959,0.0
1960,0.0
1960,0.0
1961,0.0
1961,0.0
1962,0.0
1962,0.0
1963,0.0
1963,0.0
1964,0.0
1964,0.0
1965,0.0
1965,0.0
1965,56.0
1966,0.0
1966,0.0
1966,56.0
1967,0.0
1967,0.0
1967,56.0
1968,0.0
1968,0.0
1968,56.0
1969,0.0
1969,0.0
1969,56.0
1970,0.0
1970,0.0
1970,56.0
1971,0.0
1971,0.0
1971,56.0
1972,0.0
1972,0.0
1972,56.0
1973,0.0
1973,0.0
1973,56.0
1974,0.0
1974,0.0
1975,0.0
1975,0.0
1975,56.0
1976,0.0
1976,0.0
1977,0.0
1977,0.0
1978,0.0
1978,0.0
1979,0.0
1979,0.0
1980,0.0
1980,0.0
1981,0.0
1981,0.0
1982,0.0
1982,0.0
1983,0.0
1983,0.0
1984,0.0
1984,0.0
1985,0.0
1985,0.0
1986,0.0
1986,0.0
1987,0.0
1987,0.0
1988,0.0
1988,0.0
1989,0.0
1989,0.0
1990,0.0
1990,0.0
1991,0.0
1991,0.0
1992,0.0
1992,0.0
1993,0.0
1993,0.0
1994,0.0
1994,0.0
1995,0.0
1995,0.0
1996,0.0
1996,0.0
1997,0.0
1997,0.0
1998,0.0
1998,0.0
1999,0.0
1999,0.0
2000,0.0
2000,0.0
2001,0.0
2001,0.0
2002,0.0
2002,0.0
2003,0.0
2003,0.0
2004,0.0
2004,0.0
2005,0.0
2005,0.0
2006,0.0
2006,0.0
2007,0.0
2007,0.0
2008,0.0
2008,0.0
2009,0.0
2009,0.0
2010,0.0
2010,0.0
2011,0.0
2011,0.0
2012,0.0
2012,0.0
2013,0.0
2013,0.0
2014,0.0
2014,0.0
2015,0.0
2015,0.0
2016,0.0
2016,0.0
2017,0.0
2017,0.0
2018,0.0
2018,0.0
2019,0.0
2019,0.0
2020,0.0
2020,0.0
2021,0.0
2021,0.0
2022,0.0
2022,0.0
2023,0.0
2023,0.0
2024,0.0
2024,0.0
2025,0.0
2025,0.0
2026,0.0
2026,0.0
2027,0.0
2027,0.0
2028,0.0
2028,0.0
2029,0.0
2029,0.0
2030,0.0
2030,0.0
2031,0.0
2031,0.0
2032,0.0
2032,0.0
2033,0.0
2033,0.0
2034,0.0
2034,0.0
2035,0.0
2035,0.0
2036,0.0
2036,0.0
2037,16.0
2038,16.0
2039,16.0
2040,16.0
2041,16.0
2042,16.0
2043,16.0
2044,16.0
2045,16.0
2046,16.0
2047,16.0
2048,16.0
2049,16.0
2050,16.0
2051,16.0
2052,16.0
2053,16.0
2054,16.0
2055,16.0
2056,16.0
2057,16.0
2058,16.0
2059,16.0
2060,16.0
2061,16.0
2062,16.0
2063,16.0
2064,16.0
2065,16.0
2066,16.0
2067,16.0
2068,16.0
2069,16.0
2070,16.0
2071,16.0
2072,16.0
2073,16.0
2074,16.0
2075,16.0
2076,16.0
2077,16.0
2078,16.0
2079,16.0
2080,16.0
2081,16.0
2082,16.0
2083,16.0
2084,16.0
2085,16.0
2086,16.0
2087,16.0
2088,16.0
2089,16.0
2090,16.0
2091,16.0
2092,16.0
2093,16.0
2094,16.0
2095,16.0
2096,16.0
2097,16.0
2098,16.0
2099,16.0
2100,16.0
2101,16.0
2102,16.0
2103,16.0
2104,16.0
2105,16.0
2106,16.0
2107,16.0
2108,16.0
2109,16.0
2110,16.0
2111,16.0
2112,16.0
2113,16.0
2114,16.0
2115,16.0
2116,16.0
2117,16.0
2118,16.0
2119,16.0
2120,16.0
2121,16.0
2122,16.0
2123,16.0
2124,16.0
2125,16.0
2126,16.0
2127,16.0
2128,16.0
2129,16.0
2130,16.0
2131,16.0
2132,16.0
2133,16.0
2134,16.0
2135,16.0
2136,16.0
2137,16.0
2138,16.0
2139,16.0
2140,16.0
2141,16.0
2142,16.0
2143,16.0
2144,16.0
2145,16.0
2146,16.0
2147,16.0
2148,16.0
2149,16.0
2150,16.0
2151,16.0
2152,16.0
2153,16.0
2154,16.0
2155,16.0
2156,16.0
2157,16.0
2158,16.0
2159,16.0
2160,16.0
2161,16.0
2162,16.0
2163,16.0
2164,16.0
2165,16.0
2166,16.0
2167,16.0
2168,16.0
2169,16.0
2170,16.0
2171,16.0
2172,16.0
2173,16.0
2174,16.0
2175,16.0
2176,16.0
2177,16.0
2178,16.0
2179,16.0
2180,16.0
2181,16.0
2182,16.0
2183,16.0
2184,0.0
2184,0.0
2184,56.0
2186,56.0
2187,0.0
2187,0.0
2187,39.0
2187,45.0
2187,56.0
2187,56.0
2188,0.0
2188,0.0
2188,45.0
2188,39.0
2188,56.0
2188,56.0
2189,0.0
2189,0.0
2189,45.0
2189,39.0
2189,56.0
2189,56.0
2190,0.0
2190,0.0
2190,39.0
2190,56.0
2190,45.0
2191,0.0
2191,0.0
2191,45.0
2191,56.0
2191,39.0
2191,56.0
2192,0.0
2192,0.0
2192,45.0
2192,56.0
2192,39.0
2193,0.0
2193,0.0
2193,45.0
2193,56.0
2193,39.0
2194,0.0
2194,0.0
2194,45.0
2194,56.0
2194,39.0
2195,0.0
2195,0.0
2195,45.0
2195,56.0
2195,39.0
2196,0.0
2196,0.0
2196,56.0
2196,45.0
2196,39.0
2196,56.0
2197,0.0
2197,0.0
2197,56.0
2198,0.0
2198,0.0
2198,56.0
2199,0.0
2199,0.0
2199,56.0
2199,39.0
2199,45.0
2200,0.0
2200,0.0
2200,56.0
2200,39.0
2200,45.0
2201,0.0
2201,0.0
2201,56.0
2201,39.0
2201,45.0
2202,0.0
2202,0.0
2202,56.0
2202,39.0
2202,56.0
2202,45.0
2203,0.0
2203,0.0
2203,56.0
2203,39.0
2203,56.0
2204,0.0
2204,0.0
2204,56.0
2204,56.0
2204,39.0
2205,0.0
2205,0.0
2205,56.0
2205,56.0
2205,39.0
2205,45.0
2206,0.0
2206,0.0
2206,56.0
2206,56.0
2206,39.0
2206,45.0
2207,0.0
2207,0.0
2207,56.0
2207,56.0
2207,45.0
2207,39.0
2208,0.0
2208,0.0
2208,56.0
2208,39.0
2208,56.0
2208,45.0
2209,0.0
2209,0.0
2209,56.0
2209,39.0
2209,56.0
2209,45.0
2210,0.0
2210,0.0
2210,56.0
2210,56.0
2210,39.0
2210,45.0
2211,0.0
2211,0.0
2211,39.0
2211,56.0
2211,45.0
2212,0.0
2212,0.0
2212,56.0
2212,39.0
2212,45.0
2213,0.0
2213,0.0
2213,56.0
2213,39.0
2213,45.0
2214,0.0
2214,0.0
2214,56.0
2214,56.0
2215,0.0
2215,0.0
2215,56.0
2215,56.0
2216,0.0
2216,0.0
2216,56.0
2216,56.0
2217,0.0
2217,0.0
2217,56.0
2217,56.0
2218,0.0
2218,0.0
2218,56.0
2218,56.0
2219,0.0
2219,0.0
2219,56.0
2219,56.0
2220,0.0
2220,0.0
2220,56.0
2220,56.0
2221,0.0
2221,0.0
2221,56.0
2221,56.0
2222,0.0
2222,0.0
2222,56.0
2222,56.0
2223,0.0
2223,0.0
2223,56.0
2223,56.0
2224,0.0
2224,0.0
2224,56.0
2224,56.0
2225,0.0
2225,0.0
2225,56.0
2225,56.0
2226,0.0
2226,0.0
2226,56.0
2226,56.0
2227,0.0
2227,0.0
2227,56.0
2227,56.0
2228,0.0
2228,0.0
2228,56.0
2229,0.0
2229,0.0
2229,56.0
2229,56.0
