1,0.0
1,24.0
2,0.0
2,24.0
3,0.0
3,24.0
4,0.0
4,24.0
5,0.0
6,0.0
6,24.0
7,0.0
8,0.0
9,0.0
10,0.0
11,0.0
11,24.0
12,0.0
12,24.0
13,0.0
13,24.0
14,0.0
14,24.0
15,0.0
15,24.0
16,0.0
16,24.0
17,0.0
17,24.0
18,0.0
18,24.0
19,0.0
19,24.0
20,0.0
20,24.0
21,0.0
21,24.0
22,0.0
22,24.0
23,0.0
23,24.0
24,0.0
24,24.0
25,0.0
25,24.0
26,0.0
26,24.0
27,0.0
27,24.0
28,0.0
28,24.0
29,0.0
29,24.0
30,0.0
30,24.0
31,0.0
31,24.0
32,0.0
32,24.0
33,0.0
33,24.0
34,0.0
34,24.0
35,0.0
35,24.0
36,0.0
36,24.0
37,0.0
37,24.0
38,0.0
38,24.0
39,0.0
39,24.0
40,0.0
40,24.0
41,0.0
41,24.0
42,0.0
42,24.0
43,0.0
43,24.0
44,0.0
44,24.0
45,0.0
45,24.0
46,0.0
46,24.0
47,0.0
47,24.0
48,0.0
48,24.0
49,0.0
49,24.0
50,0.0
50,24.0
51,0.0
51,24.0
52,0.0
52,24.0
53,0.0
53,24.0
54,0.0
54,24.0
55,0.0
55,24.0
56,0.0
56,24.0
57,0.0
57,24.0
58,0.0
58,24.0
59,0.0
59,24.0
60,0.0
60,24.0
61,0.0
61,24.0
62,0.0
62,24.0
63,0.0
63,24.0
64,0.0
64,24.0
65,0.0
65,24.0
66,0.0
66,24.0
67,0.0
67,24.0
68,0.0
68,24.0
69,0.0
70,0.0
71,0.0
72,0.0
73,0.0
74,0.0
75,0.0
76,0.0
77,0.0
78,0.0
79,0.0
80,0.0
81,0.0
81,24.0
82,0.0
82,24.0
83,0.0
84,0.0
85,0.0
86,0.0
87,0.0
88,0.0
89,0.0
90,0.0
91,0.0
92,0.0
93,0.0
93,24.0
94,0.0
94,24.0
95,0.0
95,24.0
96,0.0
96,24.0
97,0.0
97,24.0
98,0.0
98,24.0
99,0.0
99,24.0
100,0.0
100,24.0
101,0.0
101,24.0
102,0.0
102,24.0
103,0.0
103,24.0
104,0.0
104,24.0
105,0.0
105,24.0
106,0.0
106,24.0
107,0.0
107,24.0
108,0.0
108,24.0
108,0.0
109,0.0
109,24.0
109,0.0
110,0.0
110,24.0
110,0.0
111,0.0
111,0.0
111,24.0
112,0.0
112,0.0
112,24.0
113,0.0
113,24.0
113,0.0
114,0.0
114,24.0
114,0.0
115,0.0
115,24.0
115,0.0
116,0.0
116,24.0
116,0.0
117,0.0
117,0.0
118,0.0
118,0.0
119,0.0
119,0.0
120,0.0
120,0.0
121,0.0
121,0.0
122,0.0
122,0.0
123,0.0
123,0.0
123,24.0
124,0.0
124,0.0
124,24.0
125,0.0
125,0.0
125,24.0
126,0.0
126,0.0
126,24.0
127,0.0
127,0.0
127,24.0
127,41.0
128,0.0
128,0.0
128,24.0
128,41.0
129,0.0
129,0.0
129,24.0
129,41.0
130,0.0
130,0.0
130,24.0
130,41.0
131,0.0
131,0.0
131,24.0
131,41.0
132,0.0
132,0.0
132,24.0
132,41.0
133,0.0
133,24.0
133,41.0
133,0.0
134,0.0
134,24.0
134,41.0
134,0.0
135,0.0
135,0.0
135,41.0
135,24.0
136,0.0
136,0.0
136,41.0
136,24.0
137,0.0
137,0.0
137,41.0
138,0.0
138,41.0
138,0.0
139,0.0
139,0.0
139,41.0
139,24.0
140,0.0
140,0.0
140,41.0
140,24.0
141,0.0
141,24.0
141,41.0
141,0.0
142,0.0
142,24.0
142,0.0
142,41.0
143,0.0
143,0.0
143,24.0
143,41.0
144,0.0
144,0.0
144,24.0
144,41.0
145,0.0
145,0.0
145,24.0
145,41.0
146,0.0
146,0.0
146,24.0
146,41.0
147,0.0
147,0.0
147,24.0
147,41.0
148,0.0
148,0.0
148,24.0
148,41.0
149,0.0
149,0.0
149,24.0
149,41.0
150,0.0
150,0.0
150,24.0
150,41.0
151,0.0
151,24.0
151,41.0
152,0.0
152,24.0
152,41.0
153,0.0
153,24.0
153,41.0
154,0.0
154,24.0
154,41.0
155,0.0
155,24.0
155,41.0
156,0.0
156,24.0
156,41.0
157,0.0
157,24.0
157,41.0
158,0.0
158,24.0
158,41.0
159,0.0
159,24.0
159,41.0
160,0.0
160,24.0
160,41.0
161,0.0
161,24.0
161,41.0
162,0.0
162,24.0
162,41.0
163,0.0
163,24.0
163,41.0
164,0.0
164,24.0
165,0.0
165,24.0
166,0.0
166,24.0
167,0.0
167,24.0
168,0.0
168,24.0
169,0.0
170,0.0
171,0.0
171,24.0
172,0.0
172,24.0
173,0.0
173,24.0
174,0.0
174,24.0
175,0.0
175,24.0
176,0.0
176,24.0
177,0.0
177,24.0
178,0.0
178,24.0
179,0.0
179,24.0
180,0.0
180,24.0
181,0.0
181,24.0
182,0.0
182,24.0
183,0.0
183,24.0
184,0.0
184,24.0
185,0.0
185,24.0
186,0.0
186,24.0
187,0.0
187,24.0
188,0.0
188,24.0
189,0.0
189,24.0
190,0.0
190,24.0
191,0.0
191,24.0
192,0.0
192,24.0
193,0.0
193,24.0
194,0.0
194,24.0
195,24.0
195,0.0
196,24.0
196,0.0
197,0.0
197,24.0
197,24.0
198,0.0
198,24.0
199,0.0
199,24.0
199,24.0
200,0.0
200,24.0
200,24.0
201,0.0
201,24.0
201,24.0
202,0.0
202,24.0
202,24.0
203,0.0
203,24.0
203,24.0
203,0.0
204,0.0
204,24.0
204,24.0
204,0.0
205,0.0
205,24.0
205,24.0
205,0.0
206,0.0
206,24.0
206,24.0
206,0.0
207,0.0
207,24.0
207,24.0
208,0.0
208,24.0
208,24.0
209,0.0
209,24.0
209,24.0
210,0.0
210,24.0
210,24.0
211,0.0
211,0.0
211,24.0
211,24.0
212,0.0
212,0.0
212,24.0
212,24.0
213,0.0
213,0.0
213,24.0
214,0.0
214,0.0
214,24.0
215,0.0
215,0.0
215,24.0
216,0.0
216,0.0
216,24.0
217,0.0
217,0.0
217,24.0
217,24.0
218,0.0
218,0.0
218,24.0
218,24.0
219,0.0
219,24.0
219,0.0
219,24.0
220,0.0
220,24.0
220,0.0
220,24.0
221,0.0
221,0.0
221,24.0
221,24.0
222,0.0
222,0.0
222,24.0
222,24.0
223,0.0
223,24.0
223,24.0
223,0.0
224,0.0
224,24.0
224,24.0
225,0.0
225,0.0
225,24.0
225,24.0
226,0.0
226,0.0
226,24.0
226,24.0
227,0.0
227,0.0
227,24.0
227,24.0
228,0.0
228,0.0
228,24.0
228,24.0
229,0.0
229,0.0
229,24.0
229,24.0
230,0.0
230,0.0
230,24.0
230,24.0
231,0.0
231,0.0
231,24.0
231,24.0
232,0.0
232,0.0
232,24.0
232,24.0
233,0.0
233,0.0
233,24.0
233,24.0
234,0.0
234,0.0
234,24.0
234,24.0
235,0.0
235,0.0
235,24.0
235,24.0
236,0.0
236,0.0
236,24.0
236,24.0
237,0.0
237,0.0
237,24.0
237,24.0
238,0.0
238,0.0
238,24.0
238,24.0
239,0.0
239,0.0
239,24.0
239,24.0
240,0.0
240,0.0
240,24.0
240,24.0
241,0.0
241,0.0
241,24.0
241,24.0
242,0.0
242,0.0
242,24.0
242,24.0
243,0.0
243,0.0
243,24.0
243,24.0
244,0.0
244,0.0
244,24.0
244,24.0
245,0.0
245,0.0
245,24.0
245,24.0
246,0.0
246,24.0
246,0.0
246,24.0
247,0.0
247,24.0
247,0.0
247,24.0
248,0.0
248,24.0
248,0.0
248,24.0
249,0.0
249,24.0
249,0.0
249,24.0
250,0.0
250,24.0
250,0.0
250,24.0
251,0.0
251,24.0
251,0.0
251,24.0
252,0.0
252,24.0
252,0.0
252,24.0
253,0.0
253,24.0
253,0.0
253,24.0
254,0.0
254,24.0
254,0.0
254,24.0
255,0.0
255,24.0
255,0.0
255,24.0
256,0.0
256,0.0
256,24.0
256,24.0
257,0.0
257,0.0
257,24.0
257,24.0
258,0.0
258,0.0
258,24.0
258,24.0
259,0.0
259,0.0
259,24.0
259,24.0
260,0.0
260,0.0
260,24.0
260,24.0
261,0.0
261,0.0
261,24.0
261,24.0
262,0.0
262,0.0
262,24.0
262,24.0
263,0.0
263,0.0
263,24.0
263,24.0
264,0.0
264,24.0
264,24.0
265,0.0
265,24.0
265,24.0
266,0.0
266,24.0
266,24.0
266,41.0
267,0.0
267,24.0
267,24.0
267,41.0
268,0.0
268,24.0
268,41.0
268,24.0
269,0.0
269,24.0
269,41.0
269,24.0
270,24.0
270,0.0
270,41.0
270,24.0
271,24.0
271,0.0
271,41.0
271,24.0
272,0.0
272,24.0
272,24.0
272,41.0
273,24.0
273,0.0
273,41.0
273,24.0
274,0.0
274,24.0
274,24.0
274,41.0
275,0.0
275,24.0
275,24.0
275,41.0
276,0.0
276,24.0
276,24.0
276,0.0
277,0.0
277,24.0
277,24.0
277,0.0
278,0.0
278,24.0
278,0.0
278,24.0
279,0.0
279,24.0
279,0.0
279,24.0
280,0.0
280,24.0
280,24.0
280,0.0
281,0.0
281,24.0
281,24.0
281,0.0
282,0.0
282,24.0
282,24.0
283,0.0
283,24.0
283,24.0
284,0.0
284,24.0
284,24.0
285,0.0
285,24.0
285,24.0
286,0.0
286,24.0
286,24.0
287,0.0
287,24.0
287,24.0
288,0.0
288,24.0
288,24.0
288,41.0
289,0.0
289,24.0
289,24.0
290,0.0
290,24.0
290,24.0
291,0.0
291,24.0
291,24.0
292,0.0
292,24.0
292,24.0
293,0.0
293,24.0
293,24.0
294,0.0
294,24.0
294,0.0
294,41.0
294,24.0
295,0.0
295,24.0
295,41.0
295,0.0
295,24.0
296,0.0
296,24.0
296,41.0
296,0.0
296,24.0
297,0.0
297,24.0
297,41.0
297,0.0
297,24.0
298,0.0
298,24.0
298,0.0
298,41.0
298,24.0
299,0.0
299,24.0
299,0.0
299,41.0
299,24.0
300,0.0
300,24.0
300,41.0
300,0.0
300,24.0
301,0.0
301,24.0
301,41.0
301,0.0
302,0.0
302,24.0
302,41.0
302,0.0
302,24.0
303,0.0
303,24.0
303,41.0
303,0.0
303,24.0
304,0.0
304,24.0
304,41.0
304,24.0
304,0.0
305,0.0
305,24.0
305,41.0
305,24.0
305,0.0
306,0.0
306,24.0
306,41.0
306,24.0
306,0.0
307,0.0
307,24.0
307,41.0
307,24.0
307,0.0
308,0.0
308,24.0
308,41.0
308,24.0
309,0.0
309,24.0
309,41.0
309,24.0
310,0.0
310,24.0
310,41.0
310,24.0
311,0.0
311,24.0
311,41.0
311,24.0
312,0.0
312,24.0
312,41.0
312,24.0
313,0.0
313,24.0
313,41.0
313,24.0
314,0.0
314,24.0
314,41.0
314,24.0
315,0.0
315,24.0
315,41.0
315,24.0
315,0.0
316,0.0
316,24.0
316,41.0
316,24.0
317,0.0
317,24.0
317,41.0
317,24.0
318,0.0
318,24.0
318,41.0
318,24.0
319,0.0
319,24.0
319,41.0
319,24.0
320,0.0
320,24.0
320,41.0
320,24.0
321,0.0
321,24.0
321,41.0
321,24.0
322,0.0
322,24.0
322,41.0
322,24.0
323,0.0
323,24.0
323,41.0
323,24.0
324,0.0
324,24.0
324,41.0
324,24.0
325,0.0
325,24.0
325,41.0
325,24.0
326,0.0
326,24.0
326,41.0
326,24.0
327,0.0
327,24.0
327,41.0
327,24.0
328,0.0
328,24.0
328,24.0
328,41.0
329,0.0
329,24.0
329,24.0
329,41.0
330,0.0
330,24.0
330,0.0
330,41.0
331,0.0
331,24.0
331,41.0
331,0.0
331,24.0
332,0.0
332,24.0
332,0.0
332,41.0
333,0.0
333,24.0
333,0.0
333,41.0
334,0.0
334,24.0
334,0.0
334,41.0
335,0.0
335,24.0
335,0.0
335,41.0
336,0.0
336,24.0
336,0.0
336,41.0
337,0.0
337,24.0
337,0.0
337,41.0
338,0.0
338,24.0
338,0.0
338,41.0
339,0.0
339,24.0
339,0.0
339,41.0
340,0.0
340,24.0
340,0.0
340,41.0
340,24.0
341,0.0
341,24.0
341,0.0
341,41.0
341,24.0
342,0.0
342,24.0
342,0.0
342,24.0
342,41.0
343,0.0
343,24.0
343,0.0
343,24.0
343,41.0
344,0.0
344,24.0
344,0.0
344,41.0
345,0.0
345,24.0
345,0.0
345,41.0
346,0.0
346,24.0
346,0.0
346,41.0
346,24.0
347,0.0
347,24.0
347,0.0
347,41.0
347,24.0
348,0.0
348,24.0
348,0.0
349,0.0
349,24.0
349,0.0
350,0.0
350,24.0
350,0.0
351,0.0
351,24.0
351,0.0
352,0.0
352,24.0
352,0.0
352,41.0
353,0.0
353,24.0
353,0.0
354,0.0
354,24.0
354,0.0
355,0.0
355,24.0
355,0.0
356,0.0
356,24.0
356,0.0
357,0.0
357,24.0
357,0.0
358,0.0
358,24.0
358,0.0
359,0.0
359,24.0
359,0.0
359,24.0
360,0.0
360,24.0
360,24.0
360,41.0
360,0.0
361,0.0
361,24.0
361,24.0
361,41.0
361,0.0
362,0.0
362,24.0
362,24.0
362,0.0
362,41.0
363,0.0
363,24.0
363,24.0
363,0.0
363,41.0
364,0.0
364,24.0
364,24.0
364,41.0
364,0.0
365,0.0
365,24.0
365,24.0
365,0.0
365,41.0
366,0.0
366,24.0
366,24.0
366,41.0
366,0.0
367,0.0
367,24.0
367,24.0
367,41.0
367,0.0
368,0.0
368,24.0
368,24.0
368,41.0
369,0.0
369,24.0
369,24.0
369,41.0
369,0.0
370,0.0
370,24.0
370,0.0
370,41.0
370,24.0
371,0.0
371,24.0
371,41.0
371,24.0
371,0.0
372,0.0
372,24.0
372,41.0
372,24.0
372,0.0
373,0.0
373,24.0
373,41.0
373,24.0
373,0.0
374,0.0
374,24.0
374,41.0
374,24.0
374,0.0
375,0.0
375,24.0
375,41.0
375,24.0
375,0.0
376,0.0
376,24.0
376,24.0
376,0.0
376,41.0
377,0.0
377,24.0
377,0.0
377,24.0
377,41.0
378,0.0
378,24.0
378,0.0
378,24.0
378,41.0
379,0.0
379,24.0
379,0.0
379,24.0
379,41.0
380,0.0
380,24.0
380,0.0
380,24.0
380,0.0
381,0.0
381,24.0
381,0.0
381,24.0
381,0.0
381,41.0
382,0.0
382,24.0
382,0.0
382,24.0
382,0.0
383,0.0
383,24.0
383,0.0
383,24.0
383,0.0
383,41.0
384,0.0
384,24.0
384,0.0
384,24.0
384,0.0
385,0.0
385,24.0
385,0.0
385,0.0
385,24.0
386,0.0
386,24.0
386,0.0
386,24.0
386,0.0
387,0.0
387,24.0
387,0.0
387,24.0
387,0.0
388,0.0
388,24.0
388,0.0
388,24.0
389,0.0
389,24.0
389,0.0
389,24.0
390,0.0
390,0.0
390,24.0
390,24.0
390,41.0
391,0.0
391,0.0
391,24.0
391,24.0
392,0.0
392,24.0
392,0.0
392,24.0
393,0.0
393,24.0
393,0.0
393,24.0
394,0.0
394,24.0
394,0.0
394,24.0
395,0.0
395,24.0
395,24.0
395,0.0
395,41.0
396,0.0
396,24.0
396,0.0
396,24.0
396,41.0
397,0.0
397,24.0
397,0.0
397,41.0
398,0.0
398,24.0
398,0.0
398,41.0
399,0.0
399,24.0
400,0.0
400,24.0
401,0.0
401,24.0
402,0.0
402,24.0
403,0.0
403,24.0
404,0.0
404,24.0
405,0.0
405,24.0
406,0.0
406,24.0
407,0.0
407,24.0
408,0.0
408,24.0
409,0.0
409,24.0
409,24.0
410,0.0
410,24.0
410,24.0
411,0.0
411,24.0
411,24.0
412,0.0
412,24.0
412,24.0
413,0.0
413,24.0
413,24.0
414,0.0
414,24.0
414,24.0
415,0.0
415,24.0
415,24.0
416,0.0
416,24.0
416,24.0
417,0.0
417,24.0
417,24.0
418,0.0
418,24.0
418,24.0
419,0.0
419,24.0
419,24.0
419,0.0
420,0.0
420,24.0
420,24.0
421,0.0
421,24.0
421,24.0
422,0.0
422,24.0
422,24.0
423,0.0
423,24.0
423,24.0
424,0.0
424,24.0
424,24.0
425,0.0
425,24.0
425,24.0
426,0.0
426,24.0
426,24.0
427,0.0
427,24.0
427,24.0
428,0.0
428,24.0
428,24.0
429,0.0
429,24.0
429,24.0
430,0.0
430,24.0
430,24.0
431,0.0
431,24.0
431,24.0
432,0.0
432,24.0
432,24.0
433,0.0
433,24.0
433,24.0
434,0.0
434,24.0
434,24.0
435,0.0
435,24.0
435,24.0
436,0.0
436,24.0
437,0.0
437,24.0
437,24.0
438,0.0
438,24.0
438,24.0
439,0.0
439,24.0
439,24.0
440,0.0
440,24.0
440,24.0
441,0.0
441,24.0
442,0.0
442,24.0
443,0.0
443,24.0
443,24.0
444,0.0
444,24.0
445,0.0
445,24.0
446,0.0
446,24.0
447,0.0
447,24.0
448,0.0
448,24.0
449,0.0
449,24.0
450,0.0
450,24.0
451,0.0
451,24.0
451,24.0
452,0.0
452,24.0
452,24.0
453,0.0
453,24.0
453,24.0
454,0.0
454,24.0
454,24.0
455,0.0
455,24.0
455,24.0
456,0.0
456,24.0
456,24.0
457,0.0
457,24.0
457,24.0
458,0.0
458,24.0
458,24.0
459,0.0
459,24.0
459,24.0
460,0.0
460,24.0
460,24.0
461,0.0
461,24.0
461,24.0
462,0.0
462,24.0
462,24.0
463,0.0
463,24.0
463,24.0
464,0.0
464,24.0
464,24.0
465,0.0
465,24.0
465,24.0
466,0.0
466,24.0
466,24.0
467,0.0
467,24.0
467,24.0
468,0.0
468,24.0
468,24.0
469,0.0
469,24.0
469,24.0
470,0.0
470,24.0
470,24.0
471,0.0
471,24.0
471,24.0
472,0.0
472,24.0
472,24.0
473,0.0
473,24.0
473,24.0
474,0.0
474,24.0
474,24.0
475,0.0
475,24.0
475,24.0
476,0.0
476,24.0
476,24.0
477,0.0
477,24.0
477,24.0
478,0.0
478,24.0
478,24.0
479,0.0
479,24.0
479,24.0
480,0.0
480,24.0
480,24.0
481,0.0
481,24.0
481,24.0
482,0.0
482,24.0
482,24.0
483,0.0
483,24.0
483,24.0
484,0.0
484,24.0
484,24.0
485,0.0
485,24.0
485,24.0
486,0.0
486,24.0
486,24.0
487,0.0
487,24.0
487,24.0
488,0.0
488,24.0
488,24.0
489,0.0
489,24.0
489,24.0
490,0.0
490,24.0
490,24.0
491,0.0
491,24.0
491,24.0
492,0.0
492,24.0
492,24.0
493,0.0
493,24.0
493,24.0
494,0.0
494,24.0
494,24.0
495,0.0
495,24.0
495,24.0
496,0.0
496,24.0
496,24.0
497,0.0
497,24.0
497,24.0
498,0.0
498,24.0
498,24.0
499,0.0
499,24.0
499,24.0
500,0.0
500,24.0
500,24.0
501,0.0
501,24.0
501,24.0
502,0.0
502,24.0
502,24.0
503,0.0
503,24.0
503,24.0
504,0.0
504,24.0
504,24.0
505,0.0
505,24.0
505,24.0
506,0.0
506,24.0
506,24.0
507,0.0
507,24.0
507,24.0
508,0.0
508,24.0
508,24.0
509,0.0
509,24.0
509,24.0
510,0.0
510,24.0
510,24.0
511,0.0
511,24.0
511,24.0
512,0.0
512,24.0
512,24.0
513,0.0
513,24.0
513,24.0
514,0.0
514,24.0
514,24.0
515,0.0
515,24.0
515,24.0
516,0.0
516,24.0
516,24.0
517,0.0
517,24.0
517,24.0
518,0.0
518,24.0
518,24.0
519,0.0
519,24.0
519,24.0
520,0.0
520,24.0
520,24.0
521,24.0
521,24.0
521,0.0
522,24.0
522,24.0
522,0.0
523,0.0
523,24.0
523,24.0
524,0.0
524,24.0
524,24.0
525,0.0
525,24.0
525,24.0
526,0.0
526,24.0
526,24.0
527,24.0
527,24.0
527,0.0
528,24.0
528,24.0
528,0.0
529,24.0
529,24.0
530,24.0
530,24.0
531,24.0
531,24.0
532,24.0
532,24.0
533,24.0
534,24.0
535,24.0
535,24.0
536,24.0
536,24.0
536,0.0
537,24.0
537,0.0
538,24.0
538,0.0
538,24.0
539,0.0
539,24.0
539,24.0
540,0.0
540,24.0
540,24.0
541,0.0
541,24.0
541,24.0
542,0.0
542,24.0
542,24.0
543,24.0
543,0.0
543,24.0
544,24.0
544,0.0
544,24.0
545,0.0
545,24.0
546,0.0
546,24.0
547,0.0
547,24.0
548,0.0
548,24.0
549,0.0
549,24.0
550,0.0
550,24.0
551,0.0
551,24.0
552,0.0
552,24.0
553,24.0
553,0.0
553,24.0
554,24.0
554,0.0
554,24.0
555,24.0
555,0.0
555,24.0
556,24.0
556,0.0
556,24.0
557,0.0
557,24.0
557,24.0
558,0.0
558,24.0
558,24.0
559,0.0
559,24.0
559,24.0
560,0.0
560,24.0
560,24.0
561,0.0
561,24.0
561,24.0
562,0.0
562,24.0
562,24.0
563,0.0
563,24.0
563,24.0
564,0.0
564,24.0
564,24.0
565,0.0
565,24.0
565,24.0
566,0.0
566,24.0
566,24.0
567,0.0
567,24.0
567,24.0
568,0.0
568,24.0
568,24.0
569,0.0
569,24.0
569,24.0
570,0.0
570,24.0
570,24.0
571,0.0
571,24.0
571,24.0
572,0.0
572,24.0
572,24.0
573,0.0
573,24.0
573,24.0
574,0.0
574,24.0
574,24.0
575,0.0
575,24.0
575,24.0
576,0.0
576,24.0
576,24.0
577,0.0
577,24.0
577,24.0
578,0.0
578,24.0
578,24.0
579,0.0
579,24.0
579,24.0
580,0.0
580,24.0
580,24.0
581,0.0
581,24.0
581,24.0
582,0.0
582,24.0
582,24.0
583,0.0
583,24.0
583,24.0
584,0.0
584,24.0
584,24.0
585,0.0
585,24.0
585,24.0
586,0.0
586,24.0
586,24.0
587,24.0
587,0.0
587,24.0
588,24.0
588,0.0
588,24.0
589,0.0
589,24.0
589,24.0
590,0.0
590,24.0
590,24.0
591,0.0
591,24.0
591,24.0
592,0.0
592,24.0
592,24.0
593,0.0
593,24.0
593,24.0
594,0.0
594,24.0
594,24.0
595,0.0
595,24.0
595,24.0
596,0.0
596,24.0
596,24.0
597,0.0
597,24.0
597,24.0
598,0.0
598,24.0
598,24.0
599,0.0
599,24.0
599,24.0
600,0.0
600,24.0
600,24.0
601,0.0
601,24.0
601,24.0
602,0.0
602,24.0
602,24.0
603,0.0
603,24.0
603,24.0
604,0.0
604,24.0
604,24.0
605,0.0
605,24.0
605,24.0
606,0.0
606,24.0
606,24.0
607,0.0
607,24.0
607,24.0
608,0.0
608,24.0
608,24.0
609,0.0
609,24.0
609,24.0
610,0.0
610,24.0
610,24.0
611,0.0
611,24.0
611,24.0
612,0.0
612,24.0
612,24.0
613,0.0
613,24.0
613,24.0
614,0.0
614,24.0
614,24.0
615,0.0
615,24.0
615,24.0
616,0.0
616,24.0
616,24.0
617,0.0
617,24.0
617,24.0
618,0.0
618,24.0
618,24.0
619,0.0
619,24.0
619,24.0
620,0.0
620,24.0
620,24.0
621,0.0
621,24.0
621,24.0
622,0.0
622,24.0
622,24.0
623,0.0
623,24.0
623,24.0
624,0.0
624,24.0
624,24.0
625,0.0
625,24.0
625,24.0
626,0.0
626,24.0
626,24.0
627,0.0
627,24.0
627,24.0
628,0.0
628,24.0
628,24.0
629,0.0
629,24.0
629,24.0
630,0.0
630,24.0
630,24.0
631,0.0
631,24.0
631,24.0
632,0.0
632,24.0
632,24.0
633,0.0
633,24.0
634,0.0
634,24.0
635,0.0
635,24.0
636,0.0
636,24.0
637,0.0
637,24.0
638,0.0
638,24.0
639,0.0
639,24.0
640,0.0
640,24.0
641,0.0
641,24.0
642,0.0
642,24.0
643,0.0
643,24.0
644,0.0
644,24.0
645,0.0
645,24.0
646,0.0
646,24.0
647,0.0
647,24.0
648,0.0
648,24.0
649,0.0
649,24.0
650,0.0
650,24.0
651,0.0
651,24.0
652,0.0
652,24.0
653,0.0
653,24.0
654,0.0
654,24.0
655,0.0
655,24.0
656,0.0
656,24.0
657,0.0
657,24.0
658,0.0
658,24.0
659,0.0
659,24.0
660,0.0
660,24.0
661,0.0
661,24.0
662,0.0
662,24.0
663,0.0
663,24.0
664,0.0
664,24.0
665,0.0
665,24.0
666,0.0
666,24.0
667,0.0
667,24.0
668,0.0
668,24.0
669,0.0
669,24.0
670,0.0
670,24.0
671,0.0
671,24.0
672,0.0
672,24.0
673,0.0
673,24.0
674,0.0
674,24.0
675,0.0
675,24.0
676,0.0
676,24.0
677,0.0
677,24.0
678,0.0
678,24.0
679,0.0
679,24.0
680,0.0
680,24.0
681,0.0
681,24.0
682,0.0
682,24.0
683,0.0
683,24.0
684,0.0
684,24.0
685,0.0
685,24.0
686,0.0
686,24.0
687,0.0
687,24.0
688,0.0
688,24.0
689,0.0
689,24.0
690,0.0
690,24.0
691,0.0
691,24.0
692,0.0
692,24.0
693,0.0
693,24.0
694,0.0
694,24.0
695,0.0
696,0.0
696,24.0
697,0.0
698,0.0
699,0.0
700,0.0
701,0.0
701,24.0
702,0.0
703,0.0
703,24.0
704,0.0
704,24.0
705,0.0
705,24.0
706,0.0
706,24.0
707,0.0
707,24.0
708,0.0
708,24.0
709,0.0
709,24.0
710,0.0
710,24.0
711,0.0
711,24.0
712,0.0
712,24.0
713,0.0
713,24.0
714,0.0
714,24.0
715,0.0
715,24.0
716,0.0
716,24.0
717,0.0
717,24.0
718,0.0
718,24.0
719,0.0
719,24.0
720,0.0
720,24.0
721,0.0
721,24.0
722,0.0
722,24.0
723,0.0
723,24.0
724,0.0
724,24.0
725,0.0
725,24.0
726,0.0
726,24.0
727,0.0
727,24.0
728,0.0
728,24.0
729,0.0
729,24.0
730,0.0
730,24.0
731,0.0
731,24.0
732,0.0
732,24.0
733,0.0
733,24.0
734,0.0
734,24.0
735,0.0
735,24.0
736,0.0
736,24.0
737,0.0
737,24.0
738,24.0
738,0.0
738,24.0
739,24.0
739,0.0
739,24.0
740,0.0
740,24.0
740,24.0
741,0.0
741,24.0
741,24.0
742,0.0
742,24.0
742,24.0
742,0.0
743,0.0
743,24.0
743,24.0
743,0.0
744,0.0
744,24.0
744,24.0
745,24.0
745,0.0
745,24.0
746,0.0
746,24.0
746,24.0
746,0.0
747,0.0
747,24.0
747,24.0
747,0.0
748,0.0
748,24.0
748,24.0
749,0.0
749,24.0
749,24.0
750,0.0
750,24.0
750,24.0
751,0.0
751,24.0
751,24.0
752,0.0
752,24.0
752,24.0
753,0.0
753,24.0
753,24.0
754,0.0
754,24.0
754,24.0
755,0.0
755,24.0
755,24.0
756,0.0
756,24.0
756,24.0
757,0.0
757,24.0
757,24.0
758,0.0
758,24.0
758,24.0
759,0.0
759,24.0
759,24.0
760,0.0
760,24.0
760,24.0
761,0.0
761,24.0
761,24.0
762,0.0
762,24.0
762,24.0
763,0.0
763,24.0
763,24.0
764,0.0
764,24.0
764,24.0
765,0.0
765,24.0
765,24.0
766,0.0
766,24.0
766,24.0
767,0.0
767,24.0
767,24.0
768,0.0
768,24.0
768,24.0
769,0.0
769,24.0
769,24.0
770,0.0
770,24.0
770,24.0
771,0.0
771,24.0
771,24.0
772,0.0
772,24.0
772,24.0
773,0.0
773,24.0
773,24.0
774,0.0
774,24.0
774,24.0
775,0.0
775,24.0
775,24.0
776,0.0
776,24.0
776,24.0
777,0.0
777,24.0
777,24.0
778,0.0
778,24.0
778,24.0
779,0.0
779,24.0
779,24.0
780,0.0
780,24.0
780,24.0
781,0.0
781,24.0
781,24.0
782,0.0
782,24.0
782,24.0
783,0.0
783,24.0
783,24.0
784,0.0
784,24.0
784,24.0
785,0.0
785,24.0
785,24.0
786,24.0
786,0.0
786,24.0
787,0.0
787,24.0
787,24.0
788,0.0
788,24.0
788,24.0
789,0.0
789,24.0
789,24.0
790,0.0
790,24.0
790,24.0
791,0.0
791,24.0
791,24.0
792,0.0
792,24.0
792,24.0
793,0.0
793,24.0
793,24.0
794,0.0
794,24.0
794,24.0
795,0.0
795,24.0
795,24.0
796,24.0
796,0.0
796,24.0
797,24.0
797,0.0
797,24.0
798,0.0
798,24.0
798,24.0
799,0.0
799,24.0
799,24.0
800,24.0
800,0.0
800,24.0
801,24.0
801,0.0
801,24.0
802,24.0
802,0.0
802,24.0
803,24.0
803,0.0
803,24.0
804,24.0
804,0.0
804,24.0
805,24.0
805,0.0
805,24.0
806,24.0
806,24.0
806,0.0
807,24.0
807,24.0
808,24.0
808,24.0
808,0.0
809,24.0
809,24.0
809,0.0
810,24.0
810,0.0
810,24.0
811,24.0
811,0.0
811,24.0
812,24.0
812,24.0
813,24.0
813,24.0
814,24.0
814,0.0
814,24.0
815,24.0
815,0.0
815,24.0
816,24.0
816,0.0
816,24.0
817,24.0
817,0.0
817,24.0
818,24.0
818,0.0
818,24.0
819,24.0
819,0.0
819,24.0
820,24.0
820,0.0
820,24.0
821,24.0
821,0.0
821,24.0
822,24.0
822,0.0
822,24.0
823,24.0
823,0.0
823,24.0
824,0.0
824,24.0
824,24.0
825,0.0
825,24.0
825,24.0
826,0.0
826,24.0
826,24.0
827,0.0
827,24.0
827,24.0
828,0.0
828,24.0
828,24.0
829,0.0
829,24.0
829,24.0
830,0.0
830,24.0
830,24.0
831,0.0
831,24.0
831,24.0
832,0.0
832,24.0
832,24.0
833,0.0
833,24.0
833,24.0
834,0.0
834,24.0
834,24.0
835,0.0
835,24.0
835,24.0
836,0.0
836,24.0
836,24.0
837,0.0
837,24.0
837,24.0
838,0.0
838,24.0
838,24.0
839,0.0
839,24.0
839,24.0
840,0.0
840,24.0
840,24.0
841,0.0
841,24.0
841,24.0
842,0.0
842,24.0
842,24.0
843,0.0
843,24.0
843,24.0
844,0.0
844,24.0
844,24.0
845,0.0
845,24.0
845,24.0
846,0.0
846,24.0
846,24.0
846,0.0
847,0.0
847,24.0
847,24.0
847,0.0
848,0.0
848,24.0
848,24.0
848,0.0
849,0.0
849,24.0
849,24.0
849,0.0
850,0.0
850,24.0
850,24.0
850,0.0
851,0.0
851,24.0
851,24.0
851,0.0
852,0.0
852,24.0
852,24.0
852,0.0
853,0.0
853,24.0
853,24.0
853,0.0
854,24.0
854,0.0
854,24.0
854,0.0
855,24.0
855,24.0
855,0.0
855,0.0
856,24.0
856,24.0
856,0.0
856,0.0
857,24.0
857,24.0
857,0.0
857,0.0
858,0.0
858,24.0
858,24.0
858,0.0
859,0.0
859,24.0
859,24.0
859,0.0
860,24.0
860,24.0
860,0.0
861,24.0
861,24.0
861,0.0
862,24.0
862,24.0
862,0.0
863,0.0
863,24.0
863,24.0
864,0.0
864,24.0
864,24.0
865,0.0
865,24.0
865,24.0
866,0.0
866,24.0
866,24.0
867,24.0
867,0.0
867,24.0
868,24.0
868,0.0
868,24.0
869,0.0
869,24.0
869,24.0
869,73.0
870,0.0
870,24.0
870,24.0
870,73.0
871,24.0
871,24.0
871,73.0
871,0.0
872,24.0
872,24.0
872,73.0
872,0.0
873,24.0
873,24.0
873,0.0
874,24.0
874,24.0
874,0.0
875,24.0
875,24.0
875,0.0
876,24.0
876,24.0
876,0.0
877,24.0
877,24.0
878,24.0
878,24.0
879,24.0
879,24.0
879,0.0
880,24.0
880,24.0
880,0.0
881,0.0
881,24.0
881,24.0
882,0.0
882,24.0
882,24.0
883,0.0
883,24.0
883,24.0
884,0.0
884,24.0
884,24.0
885,0.0
885,24.0
885,24.0
886,0.0
886,24.0
886,24.0
887,0.0
887,24.0
887,24.0
888,0.0
888,24.0
888,24.0
889,0.0
889,24.0
889,24.0
890,0.0
890,24.0
890,24.0
891,0.0
891,24.0
891,24.0
892,0.0
892,24.0
892,24.0
893,0.0
893,24.0
893,24.0
894,0.0
894,24.0
894,24.0
895,24.0
895,24.0
895,0.0
896,24.0
896,0.0
896,24.0
897,24.0
897,0.0
897,24.0
898,24.0
898,0.0
898,24.0
899,0.0
899,24.0
899,24.0
