5,0.0
21,0.0
22,0.0
23,0.0
24,0.0
25,0.0
26,0.0
27,0.0
28,0.0
29,0.0
30,0.0
31,0.0
32,0.0
33,0.0
34,0.0
35,0.0
36,0.0
37,0.0
38,0.0
85,0.0
86,0.0
87,0.0
88,0.0
89,0.0
90,0.0
91,0.0
92,0.0
93,0.0
94,0.0
95,0.0
96,0.0
195,0.0
195,0.0
196,0.0
196,0.0
197,0.0
197,0.0
198,0.0
198,0.0
199,0.0
199,0.0
200,0.0
200,0.0
201,0.0
201,0.0
202,0.0
241,0.0
242,0.0
269,0.0
271,0.0
272,0.0
273,0.0
274,0.0
275,0.0
276,0.0
277,0.0
278,0.0
280,0.0
281,0.0
282,0.0
283,0.0
284,0.0
285,0.0
286,0.0
287,0.0
288,0.0
289,0.0
290,0.0
292,0.0
292,0.0
293,0.0
294,0.0
294,0.0
295,0.0
295,0.0
296,0.0
296,0.0
297,0.0
297,0.0
298,0.0
298,0.0
299,0.0
299,0.0
300,0.0
300,0.0
301,0.0
301,0.0
302,0.0
302,0.0
303,0.0
303,0.0
304,0.0
304,0.0
305,0.0
305,0.0
306,0.0
306,0.0
307,0.0
307,0.0
308,0.0
308,0.0
309,0.0
309,0.0
310,0.0
310,0.0
311,0.0
311,0.0
312,0.0
312,0.0
313,0.0
313,0.0
314,0.0
314,0.0
315,0.0
315,0.0
316,0.0
316,0.0
317,0.0
317,0.0
318,0.0
318,0.0
319,0.0
319,0.0
320,0.0
320,0.0
321,0.0
321,0.0
322,0.0
322,0.0
323,0.0
323,0.0
324,0.0
324,0.0
325,0.0
325,0.0
326,0.0
326,0.0
327,0.0
328,0.0
328,0.0
329,0.0
329,0.0
330,0.0
330,0.0
331,0.0
331,0.0
332,0.0
332,0.0
333,0.0
333,0.0
334,0.0
334,0.0
335,0.0
335,0.0
336,0.0
336,0.0
337,0.0
337,0.0
338,0.0
338,0.0
339,0.0
340,0.0
341,0.0
342,0.0
343,0.0
344,0.0
345,0.0
346,0.0
347,0.0
348,0.0
349,0.0
350,0.0
351,0.0
352,0.0
353,0.0
354,0.0
355,0.0
356,0.0
361,0.0
362,0.0
363,0.0
364,0.0
365,0.0
366,0.0
367,0.0
368,0.0
369,0.0
370,0.0
371,0.0
427,0.0
428,0.0
429,0.0
430,0.0
431,0.0
432,0.0
433,0.0
434,0.0
435,0.0
436,0.0
437,0.0
438,0.0
439,0.0
440,0.0
441,0.0
442,0.0
443,0.0
464,0.0
465,0.0
466,0.0
467,0.0
468,0.0
469,0.0
470,0.0
471,0.0
472,0.0
473,0.0
474,0.0
475,0.0
476,0.0
477,0.0
478,0.0
479,0.0
480,0.0
481,0.0
482,0.0
483,0.0
484,0.0
485,0.0
486,0.0
487,0.0
488,0.0
489,0.0
490,0.0
493,0.0
494,0.0
495,0.0
496,0.0
497,0.0
498,0.0
499,0.0
500,0.0
501,0.0
502,0.0
503,0.0
504,0.0
505,0.0
506,0.0
507,0.0
508,0.0
509,0.0
510,0.0
511,0.0
512,0.0
513,0.0
514,0.0
515,0.0
516,0.0
517,0.0
518,0.0
519,0.0
520,0.0
521,0.0
522,0.0
522,36.0
523,0.0
524,0.0
525,0.0
526,0.0
527,0.0
542,0.0
543,0.0
544,0.0
545,0.0
546,0.0
547,0.0
548,0.0
549,0.0
550,0.0
551,0.0
552,0.0
567,0.0
568,0.0
569,0.0
570,0.0
571,0.0
572,0.0
573,0.0
574,0.0
575,0.0
576,0.0
577,0.0
578,0.0
579,0.0
580,0.0
581,0.0
583,0.0
584,0.0
585,0.0
586,0.0
587,0.0
588,0.0
589,0.0
590,0.0
591,0.0
592,0.0
593,0.0
594,0.0
595,0.0
596,0.0
597,0.0
598,0.0
599,0.0
600,0.0
601,0.0
602,0.0
603,0.0
604,0.0
605,0.0
606,0.0
607,0.0
608,0.0
609,0.0
624,0.0
626,0.0
629,0.0
630,0.0
631,0.0
632,0.0
633,0.0
634,0.0
635,0.0
636,0.0
637,0.0
638,0.0
639,0.0
640,0.0
641,0.0
642,0.0
643,0.0
644,0.0
645,0.0
646,0.0
647,0.0
648,0.0
649,0.0
650,0.0
651,0.0
652,0.0
653,0.0
654,0.0
655,0.0
656,0.0
657,0.0
658,0.0
659,0.0
660,0.0
661,0.0
662,0.0
663,0.0
664,0.0
665,0.0
666,0.0
667,0.0
668,0.0
669,0.0
670,0.0
671,0.0
672,0.0
673,0.0
674,0.0
675,0.0
676,0.0
677,0.0
678,0.0
679,0.0
680,0.0
681,0.0
682,0.0
683,0.0
684,0.0
685,0.0
686,0.0
687,0.0
688,0.0
689,0.0
690,0.0
691,0.0
692,0.0
693,0.0
694,0.0
695,0.0
696,0.0
697,0.0
698,0.0
699,0.0
700,0.0
701,0.0
702,0.0
703,0.0
704,0.0
705,0.0
706,0.0
707,0.0
708,0.0
709,0.0
710,0.0
717,0.0
720,0.0
721,0.0
722,0.0
723,0.0
724,0.0
725,0.0
726,0.0
727,0.0
728,0.0
740,0.0
742,0.0
746,0.0
747,0.0
748,0.0
749,0.0
750,0.0
751,0.0
752,0.0
753,0.0
754,0.0
755,0.0
756,0.0
757,0.0
758,0.0
759,0.0
760,0.0
761,0.0
762,0.0
763,0.0
764,0.0
765,0.0
766,0.0
767,0.0
768,0.0
769,0.0
772,0.0
773,0.0
774,0.0
775,0.0
801,0.0
802,0.0
803,0.0
804,0.0
805,0.0
807,0.0
808,0.0
809,0.0
810,0.0
811,0.0
812,0.0
813,0.0
814,0.0
831,0.0
832,0.0
833,0.0
834,0.0
836,0.0
837,0.0
838,0.0
839,0.0
840,0.0
841,0.0
842,0.0
843,0.0
844,0.0
844,17.0
845,17.0
845,0.0
846,0.0
847,0.0
848,0.0
849,0.0
850,0.0
851,0.0
852,0.0
853,0.0
854,0.0
855,0.0
856,0.0
856,0.0
857,0.0
858,0.0
858,17.0
859,17.0
859,0.0
860,17.0
860,0.0
861,17.0
862,17.0
862,0.0
863,17.0
863,0.0
864,17.0
864,0.0
865,17.0
867,0.0
869,0.0
871,0.0
872,0.0
874,0.0
875,0.0
876,17.0
876,0.0
877,0.0
877,17.0
878,17.0
878,0.0
879,17.0
879,0.0
880,17.0
880,0.0
881,0.0
881,17.0
882,17.0
882,0.0
883,0.0
884,17.0
884,0.0
885,17.0
885,0.0
886,17.0
886,0.0
887,0.0
887,17.0
888,0.0
888,17.0
889,0.0
889,17.0
890,0.0
891,0.0
892,0.0
893,17.0
894,0.0
895,17.0
895,0.0
896,17.0
898,0.0
899,0.0
900,0.0
901,0.0
901,17.0
902,0.0
902,0.0
902,17.0
903,0.0
908,0.0
909,0.0
910,0.0
911,0.0
912,0.0
913,0.0
926,0.0
927,0.0
928,0.0
929,0.0
930,17.0
939,0.0
940,0.0
941,0.0
944,0.0
948,0.0
951,0.0
962,0.0
963,0.0
964,0.0
965,0.0
971,0.0
972,0.0
974,0.0
978,0.0
980,0.0
984,0.0
991,0.0
992,0.0
993,0.0
994,0.0
995,0.0
996,0.0
997,0.0
998,0.0
999,0.0
1000,0.0
1010,0.0
1011,0.0
1012,0.0
1013,0.0
1014,0.0
1015,0.0
1016,0.0
1017,0.0
1021,0.0
1022,0.0
1023,0.0
1024,0.0
1025,0.0
1026,0.0
1027,0.0
1028,0.0
1029,0.0
1030,0.0
1031,0.0
1032,0.0
1033,0.0
1034,0.0
1035,0.0
1036,0.0
1038,0.0
1039,0.0
1040,0.0
1041,0.0
1042,0.0
1043,0.0
1044,0.0
1045,0.0
1046,0.0
1047,0.0
1050,0.0
1051,0.0
1053,0.0
1054,0.0
1055,0.0
1056,0.0
1057,0.0
1058,0.0
1061,0.0
1062,0.0
1063,0.0
1064,0.0
1065,0.0
1066,0.0
1067,0.0
1068,0.0
1069,0.0
1070,0.0
1071,0.0
1072,0.0
1073,0.0
1074,0.0
1075,0.0
1076,0.0
1077,0.0
1078,0.0
1079,0.0
1080,0.0
1081,0.0
1082,0.0
1083,0.0
1084,0.0
1085,0.0
1086,0.0
1087,0.0
1088,0.0
1089,0.0
1090,0.0
1091,0.0
1092,0.0
1093,0.0
1094,0.0
1095,0.0
1096,0.0
1100,0.0
1111,0.0
1142,0.0
1143,0.0
1144,0.0
1145,0.0
1154,0.0
1157,0.0
1158,0.0
1159,0.0
1160,0.0
1161,0.0
1162,0.0
1163,0.0
1164,0.0
1165,0.0
1166,0.0
1167,0.0
1168,0.0
1169,0.0
1170,0.0
1171,0.0
1172,0.0
1176,0.0
1177,0.0
1178,0.0
1179,0.0
1180,0.0
1181,0.0
1183,0.0
1184,0.0
1185,0.0
1186,0.0
1187,0.0
1201,0.0
1202,0.0
1203,0.0
1204,0.0
1205,0.0
1206,0.0
1207,0.0
1209,0.0
1210,0.0
1212,0.0
1215,0.0
1216,0.0
1217,0.0
1218,0.0
1219,0.0
1220,0.0
1221,0.0
1222,0.0
1223,0.0
1224,0.0
1225,0.0
1226,0.0
1227,0.0
1228,0.0
1229,0.0
1230,0.0
1231,0.0
1232,0.0
1233,0.0
1234,0.0
1235,0.0
1236,0.0
1237,0.0
1238,0.0
1239,0.0
1240,0.0
1241,0.0
1242,0.0
1243,0.0
1244,0.0
1245,0.0
1246,0.0
1247,0.0
1249,0.0
1250,0.0
1251,0.0
1252,0.0
1254,0.0
1298,0.0
1299,0.0
1301,0.0
1333,0.0
1334,0.0
1341,0.0
1342,0.0
1345,0.0
1359,0.0
1360,0.0
1361,0.0
1362,0.0
1363,0.0
1364,0.0
1365,0.0
1366,0.0
1367,0.0
1368,0.0
1369,0.0
1370,0.0
1371,0.0
1372,0.0
1373,0.0
1374,0.0
1375,0.0
1376,0.0
1377,0.0
1378,0.0
1379,0.0
1380,0.0
1381,0.0
1382,0.0
1383,0.0
1384,0.0
1385,0.0
1386,0.0
1387,0.0
1388,0.0
1389,0.0
1390,0.0
1391,0.0
1392,0.0
1393,0.0
1394,0.0
1395,0.0
1395,0.0
1396,0.0
1397,0.0
1398,0.0
1399,0.0
1401,0.0
1402,0.0
1403,0.0
1404,0.0
1405,0.0
1406,0.0
1407,0.0
1408,0.0
1409,0.0
1410,0.0
1411,0.0
1412,0.0
1413,0.0
1414,0.0
1414,0.0
1415,0.0
1415,0.0
1416,0.0
1417,0.0
1418,0.0
1419,0.0
1420,0.0
1421,0.0
1422,0.0
1423,0.0
1424,0.0
1425,0.0
1426,0.0
1426,17.0
1427,0.0
1427,0.0
1428,0.0
1428,0.0
1429,0.0
1429,0.0
1430,0.0
1430,0.0
1431,0.0
1431,0.0
1432,0.0
1432,0.0
1433,0.0
1434,0.0
1435,0.0
1436,0.0
1437,0.0
1440,0.0
1441,0.0
1442,0.0
1443,0.0
1444,0.0
1446,0.0
1447,0.0
1447,0.0
1448,0.0
1451,0.0
1452,0.0
1458,0.0
1459,0.0
1460,0.0
1461,0.0
1462,0.0
1463,0.0
1464,0.0
1465,0.0
1468,0.0
1469,0.0
1478,0.0
1480,0.0
1481,0.0
1482,0.0
1483,0.0
1486,0.0
1487,0.0
1488,0.0
1490,0.0
1491,0.0
1492,0.0
1493,0.0
1495,0.0
1496,0.0
1497,0.0
1497,0.0
1498,0.0
1498,0.0
1499,0.0
1500,0.0
1501,0.0
1502,0.0
1503,0.0
1504,0.0
1505,0.0
1506,0.0
1507,0.0
1507,0.0
1508,0.0
1508,0.0
1509,0.0
1509,0.0
1510,0.0
1510,0.0
1511,0.0
1516,0.0
1517,0.0
1518,0.0
1519,0.0
1520,0.0
1521,0.0
1522,0.0
1523,0.0
1524,0.0
1525,0.0
1526,0.0
1527,0.0
1528,0.0
1529,0.0
1530,0.0
1531,0.0
1532,0.0
1533,0.0
1534,0.0
1535,0.0
1536,0.0
1537,0.0
1538,0.0
1538,0.0
1539,0.0
1539,0.0
1540,0.0
1540,0.0
1541,0.0
1541,0.0
1542,0.0
1542,0.0
1543,0.0
1543,0.0
1544,0.0
1544,0.0
1545,0.0
1545,0.0
1546,0.0
1546,0.0
1547,0.0
1548,0.0
1549,0.0
1550,0.0
1551,0.0
1552,0.0
1553,0.0
1554,0.0
1555,0.0
1555,0.0
1556,0.0
1556,0.0
1557,0.0
1557,0.0
1558,0.0
1558,0.0
1559,0.0
1559,0.0
1560,0.0
1560,0.0
1561,0.0
1561,0.0
1562,0.0
1562,0.0
1563,0.0
1563,0.0
1564,0.0
1564,0.0
1565,0.0
1565,0.0
1566,0.0
1566,0.0
1567,0.0
1567,0.0
1568,0.0
1568,0.0
1569,0.0
1569,0.0
1570,0.0
1570,0.0
1571,0.0
1571,0.0
1572,0.0
1572,0.0
1573,0.0
1573,0.0
1574,0.0
1574,0.0
1575,0.0
1575,0.0
1576,0.0
1576,0.0
1577,0.0
1577,0.0
1578,0.0
1578,0.0
1579,0.0
1579,0.0
1580,0.0
1580,0.0
1581,0.0
1581,0.0
1582,0.0
1582,0.0
1583,0.0
1584,0.0
1584,0.0
1585,0.0
1585,0.0
1586,0.0
1586,0.0
1587,0.0
1587,0.0
1588,0.0
1588,0.0
1589,0.0
1589,0.0
1590,0.0
1590,0.0
1591,0.0
1591,0.0
1592,0.0
1592,0.0
1593,0.0
1593,0.0
1594,0.0
1594,0.0
1595,0.0
1595,0.0
1596,0.0
1596,0.0
1597,0.0
1597,0.0
1598,0.0
1598,0.0
1599,0.0
1599,0.0
1600,0.0
1600,0.0
1600,0.0
1601,0.0
1601,0.0
1601,0.0
1602,0.0
1602,0.0
1603,0.0
1603,0.0
1604,0.0
1604,0.0
1605,0.0
1605,0.0
1606,0.0
1607,0.0
1613,0.0
1614,0.0
1615,0.0
1616,0.0
1618,0.0
1618,0.0
1618,0.0
1619,0.0
1619,0.0
1620,0.0
1620,0.0
1621,0.0
1621,0.0
1622,0.0
1622,0.0
1623,0.0
1623,0.0
1623,0.0
1624,0.0
1624,0.0
1624,0.0
1625,0.0
1625,0.0
1625,0.0
1626,0.0
1626,0.0
1626,0.0
1627,0.0
1627,0.0
1628,0.0
1628,0.0
1628,0.0
1629,0.0
1629,0.0
1630,0.0
1630,0.0
1631,0.0
1631,0.0
1632,0.0
1632,0.0
1633,0.0
1633,0.0
1634,0.0
1634,0.0
1635,0.0
1635,0.0
1636,0.0
1636,0.0
1637,0.0
1637,0.0
1637,0.0
1638,0.0
1638,0.0
1638,0.0
1639,0.0
1639,0.0
1639,0.0
1640,0.0
1640,0.0
1641,0.0
1641,0.0
1642,0.0
1642,0.0
1642,0.0
1643,0.0
1643,0.0
1644,0.0
1645,0.0
1645,0.0
1646,0.0
1646,0.0
1647,0.0
1647,0.0
1648,0.0
1648,0.0
1649,0.0
1649,0.0
1650,0.0
1650,0.0
1651,0.0
1652,0.0
1653,0.0
1654,0.0
1655,0.0
1655,0.0
1656,0.0
1656,0.0
1657,0.0
1657,0.0
1658,0.0
1658,0.0
1659,0.0
1659,0.0
1660,0.0
1660,0.0
1661,0.0
1662,0.0
1662,0.0
1663,0.0
1663,0.0
1664,0.0
1664,0.0
1665,0.0
1665,0.0
1666,0.0
1666,0.0
1667,0.0
1667,0.0
1668,0.0
1668,0.0
1669,0.0
1669,0.0
1670,0.0
1670,0.0
1671,0.0
1671,0.0
1672,0.0
1672,0.0
1672,0.0
1673,0.0
1673,0.0
1674,0.0
1674,0.0
1674,0.0
1675,0.0
1675,0.0
1675,0.0
1676,0.0
1676,0.0
1676,0.0
1677,0.0
1677,0.0
1677,0.0
1678,0.0
1678,0.0
1678,0.0
1679,0.0
1679,0.0
1679,0.0
1680,0.0
1680,0.0
1680,0.0
1681,0.0
1682,0.0
1682,0.0
1683,0.0
1683,0.0
1683,0.0
1684,0.0
1684,0.0
1684,0.0
1685,0.0
1685,0.0
1686,0.0
1686,0.0
1687,0.0
1687,0.0
1688,0.0
1689,0.0
1690,0.0
1691,0.0
1692,0.0
1693,0.0
1696,0.0
1713,0.0
1714,0.0
1716,0.0
1718,0.0
1728,0.0
1729,0.0
1730,0.0
1730,0.0
1731,0.0
1732,0.0
1733,0.0
1734,0.0
1735,0.0
1736,0.0
1737,0.0
1738,0.0
1739,0.0
1740,0.0
1741,0.0
1742,0.0
1743,0.0
1744,0.0
1745,0.0
1746,0.0
1747,0.0
1751,0.0
1752,0.0
1753,0.0
1754,0.0
1756,0.0
1757,0.0
1758,0.0
1759,0.0
1760,0.0
1761,0.0
1761,0.0
1761,0.0
1762,0.0
1762,0.0
1762,0.0
1763,0.0
1763,0.0
1763,0.0
1764,0.0
1764,0.0
1764,0.0
1765,0.0
1765,0.0
1765,0.0
1766,0.0
1766,0.0
1767,0.0
1768,0.0
1770,0.0
1781,0.0
1782,0.0
1782,0.0
1783,0.0
1783,0.0
1784,0.0
1785,0.0
1785,0.0
1786,0.0
1786,0.0
1787,0.0
1787,0.0
1788,0.0
1788,0.0
1789,0.0
1789,0.0
1790,0.0
1790,0.0
1791,0.0
1792,0.0
1792,0.0
1793,0.0
1793,0.0
1794,0.0
1794,0.0
1795,0.0
1795,0.0
1796,0.0
1796,0.0
1797,0.0
1797,0.0
1798,0.0
1798,0.0
1799,0.0
1799,0.0
1800,0.0
1800,0.0
1801,0.0
1801,0.0
1802,0.0
1802,0.0
1803,0.0
1804,0.0
1805,0.0
1805,0.0
1806,0.0
1807,0.0
1808,0.0
1809,0.0
1810,0.0
1811,0.0
1812,0.0
1813,0.0
1814,0.0
1815,0.0
1816,0.0
1817,0.0
1818,0.0
1819,0.0
1820,0.0
1820,0.0
1821,0.0
1821,0.0
1822,0.0
1822,0.0
1823,0.0
1823,0.0
1824,0.0
1824,0.0
1825,0.0
1825,0.0
1826,0.0
1826,0.0
1827,0.0
1827,0.0
1828,0.0
1828,0.0
1829,0.0
1829,0.0
1830,0.0
1830,0.0
1831,0.0
1831,0.0
1831,0.0
1832,0.0
1832,0.0
1832,0.0
1833,0.0
1833,0.0
1834,0.0
1835,0.0
1835,0.0
1836,0.0
1837,0.0
1838,0.0
1838,0.0
1839,0.0
1839,0.0
1839,0.0
1840,0.0
1840,0.0
1840,0.0
1841,0.0
1841,0.0
1841,0.0
1842,0.0
1842,0.0
1842,0.0
1843,0.0
1843,0.0
1843,0.0
1844,0.0
1844,0.0
1845,0.0
1845,0.0
1846,0.0
1846,0.0
1847,0.0
1847,0.0
1848,0.0
1848,0.0
1849,0.0
1849,0.0
1850,0.0
1850,0.0
1851,0.0
1851,0.0
1852,0.0
1852,0.0
1853,0.0
1853,0.0
1854,0.0
1854,0.0
1855,0.0
1856,0.0
1856,0.0
1857,0.0
1857,0.0
1858,0.0
1858,0.0
1859,0.0
1859,0.0
1860,0.0
1860,0.0
1861,0.0
1861,0.0
1862,0.0
1862,0.0
1862,0.0
1863,0.0
1863,0.0
1864,0.0
1864,0.0
1865,0.0
1865,0.0
1865,0.0
1866,0.0
1866,0.0
1866,0.0
1867,0.0
1867,0.0
1868,0.0
1868,0.0
1868,0.0
1869,0.0
1869,0.0
1870,0.0
1871,0.0
1872,0.0
1873,0.0
1874,0.0
1875,0.0
1876,0.0
1883,0.0
1884,0.0
1885,0.0
1886,0.0
1888,0.0
1888,0.0
1889,0.0
1890,0.0
1891,0.0
1892,0.0
1892,0.0
1893,0.0
1893,0.0
1894,0.0
1894,0.0
1895,0.0
1896,0.0
1896,0.0
1897,0.0
1897,0.0
1897,0.0
1898,0.0
1898,0.0
1899,0.0
1899,0.0
1900,0.0
1900,0.0
1901,0.0
1901,0.0
1902,0.0
1902,0.0
1903,0.0
1904,0.0
1905,0.0
1905,0.0
1906,0.0
1906,0.0
1907,0.0
1907,0.0
1908,0.0
1908,0.0
1909,0.0
1909,0.0
1910,0.0
1910,0.0
1910,0.0
1911,0.0
1911,0.0
1911,0.0
1912,0.0
1912,0.0
1912,0.0
1913,0.0
1913,0.0
1913,0.0
1914,0.0
1914,0.0
1915,0.0
1915,0.0
1915,0.0
1916,0.0
1916,0.0
1916,0.0
1917,0.0
1917,0.0
1917,0.0
1918,0.0
1918,0.0
1918,0.0
1919,0.0
1919,0.0
1919,0.0
1920,0.0
1920,0.0
1921,0.0
1921,0.0
1931,0.0
1932,0.0
1933,0.0
1934,0.0
1935,0.0
1936,0.0
1937,0.0
1938,0.0
1939,0.0
1940,0.0
1940,0.0
1941,0.0
1941,0.0
1942,0.0
1942,0.0
1943,0.0
1944,0.0
1945,0.0
1946,0.0
1953,0.0
1954,0.0
1955,0.0
1956,0.0
1957,0.0
1958,0.0
1959,0.0
1960,0.0
1960,0.0
1961,0.0
1961,0.0
1962,0.0
1963,0.0
1964,0.0
1965,0.0
1971,0.0
1972,0.0
1973,0.0
1974,0.0
1975,0.0
1976,0.0
1977,0.0
1978,0.0
1978,0.0
1979,0.0
1979,0.0
1980,0.0
1980,0.0
1981,0.0
1981,0.0
1982,0.0
1982,0.0
1983,0.0
1983,0.0
1984,0.0
1985,0.0
1985,0.0
1986,0.0
1986,0.0
1987,0.0
1987,0.0
1988,0.0
1989,0.0
1989,0.0
1990,0.0
1990,0.0
1991,0.0
1992,0.0
1993,0.0
1994,0.0
1995,0.0
1996,0.0
1997,0.0
1998,0.0
1999,0.0
2000,0.0
2001,0.0
2002,0.0
2003,0.0
2004,0.0
2005,0.0
2006,0.0
2007,0.0
2008,0.0
2009,0.0
2010,0.0
2011,0.0
2012,0.0
2013,0.0
2014,0.0
2015,0.0
2016,0.0
2017,0.0
2018,0.0
2019,0.0
2020,0.0
2021,0.0
2022,0.0
2023,0.0
2024,0.0
2025,0.0
2026,0.0
2027,0.0
2028,0.0
2029,0.0
2030,0.0
2031,0.0
2032,0.0
2033,0.0
2034,0.0
2035,0.0
2036,0.0
2037,0.0
2038,0.0
2039,0.0
2040,0.0
2040,0.0
2041,0.0
2041,0.0
2042,0.0
2043,0.0
2044,0.0
2045,0.0
2046,0.0
2046,0.0
2047,0.0
2047,0.0
2048,0.0
2048,0.0
2049,0.0
2050,0.0
2051,0.0
2052,0.0
2052,0.0
2053,0.0
2053,0.0
2054,0.0
2054,0.0
2055,0.0
2055,0.0
2056,0.0
2056,0.0
2057,0.0
2058,0.0
2058,0.0
2059,0.0
2060,0.0
2061,0.0
2062,0.0
2063,0.0
2088,0.0
2094,0.0
2095,0.0
2096,0.0
2097,0.0
2098,0.0
2099,0.0
2100,0.0
2101,0.0
2103,0.0
2104,0.0
2107,0.0
2108,0.0
2109,0.0
2112,0.0
2113,0.0
2114,0.0
2115,0.0
2116,0.0
2117,0.0
2117,0.0
2118,0.0
2118,0.0
2119,0.0
2119,0.0
2120,0.0
2121,0.0
2122,0.0
2123,0.0
2124,0.0
2125,0.0
2126,0.0
2131,0.0
2132,0.0
2133,0.0
2134,0.0
2135,0.0
2136,0.0
2136,0.0
2137,0.0
2138,0.0
2139,0.0
2140,0.0
2143,0.0
2144,0.0
2145,0.0
2146,0.0
2147,0.0
2148,0.0
2160,0.0
2161,0.0
2163,0.0
2164,0.0
2165,0.0
2185,0.0
2186,0.0
2187,0.0
2188,0.0
2189,0.0
2190,0.0
2191,0.0
2192,0.0
2230,0.0
2250,0.0
2251,0.0
2252,0.0
2297,0.0
2298,0.0
2374,0.0
2375,0.0
2376,0.0
2377,0.0
2378,0.0
2380,0.0
2381,0.0
2382,0.0
2383,0.0
2384,0.0
2385,0.0
2386,0.0
2387,0.0
2389,0.0
2390,0.0
2391,0.0
2392,0.0
2395,0.0
2396,0.0
2418,0.0
2420,0.0
2424,0.0
2425,0.0
2426,0.0
2430,0.0
2433,0.0
2434,0.0
2435,0.0
2436,0.0
2437,0.0
2438,0.0
2439,0.0
2440,0.0
2441,0.0
2442,0.0
2443,0.0
2444,0.0
2445,0.0
2446,0.0
2447,0.0
2448,0.0
2449,0.0
2450,0.0
2451,0.0
2452,0.0
2453,0.0
2455,0.0
2471,0.0
2472,0.0
2473,0.0
2475,0.0
2476,0.0
2477,0.0
2478,0.0
2479,0.0
2480,0.0
2481,0.0
2482,0.0
2483,0.0
2484,0.0
2485,0.0
2486,0.0
2487,0.0
2488,0.0
2489,0.0
2490,0.0
2491,0.0
2492,0.0
2493,0.0
2494,0.0
2495,0.0
2496,0.0
2497,0.0
2498,0.0
2499,0.0
2500,0.0
2501,0.0
2502,0.0
2503,0.0
2504,0.0
2505,0.0
2506,0.0
2507,0.0
2508,0.0
2509,0.0
2510,0.0
2511,0.0
2512,0.0
2513,0.0
2514,0.0
2515,0.0
2516,0.0
2517,0.0
2518,0.0
2519,0.0
2520,0.0
2521,0.0
2522,0.0
2523,0.0
2524,0.0
2525,0.0
2526,0.0
2527,0.0
2528,0.0
2529,0.0
2530,0.0
2531,0.0
2532,0.0
2533,0.0
2534,0.0
2535,0.0
2536,0.0
2537,0.0
2538,0.0
2539,0.0
2540,0.0
2541,0.0
2542,0.0
2543,0.0
2544,0.0
2545,0.0
2546,0.0
2547,0.0
2548,0.0
2549,0.0
2550,0.0
2551,0.0
2552,0.0
2553,0.0
2554,0.0
2555,0.0
2556,0.0
2557,0.0
2558,0.0
2559,0.0
2560,0.0
2561,0.0
2563,0.0
2566,0.0
2567,0.0
2568,0.0
2574,0.0
2575,0.0
2576,0.0
2577,0.0
2578,0.0
2579,0.0
2580,0.0
2622,0.0
2623,0.0
2624,0.0
2625,0.0
2626,0.0
2627,0.0
2628,0.0
2629,0.0
2630,0.0
2631,0.0
2632,0.0
2633,0.0
2634,0.0
2635,0.0
2636,0.0
2637,0.0
2638,0.0
2639,0.0
2640,0.0
2676,0.0
2678,0.0
2679,0.0
2686,0.0
2687,0.0
2688,0.0
2689,0.0
2690,0.0
2691,0.0
2692,0.0
2694,0.0
2695,0.0
2696,0.0
2697,0.0
2698,0.0
2699,0.0
2700,0.0
2701,0.0
2702,0.0
2703,0.0
2704,0.0
2705,0.0
2706,0.0
2707,0.0
2709,0.0
2710,0.0
2711,0.0
2712,0.0
2713,0.0
2714,0.0
2715,0.0
2716,0.0
2717,0.0
2718,0.0
2719,0.0
2720,0.0
2721,0.0
2722,0.0
2788,0.0
2790,0.0
2792,0.0
2801,0.0
2803,0.0
2804,0.0
2805,0.0
2806,0.0
2807,0.0
2808,0.0
3029,2.0
3030,2.0
3031,2.0
3032,2.0
3033,2.0
3034,0.0
3041,0.0
3042,0.0
3043,0.0
3044,0.0
3045,0.0
3046,0.0
3047,0.0
3048,0.0
3049,0.0
3050,0.0
3051,0.0
3052,0.0
3053,0.0
3054,0.0
3055,0.0
3056,0.0
3057,0.0
3058,0.0
3059,0.0
3060,0.0
3061,0.0
3062,0.0
3063,0.0
3064,0.0
3065,0.0
3066,0.0
3067,0.0
3068,0.0
3069,0.0
3073,0.0
3138,0.0
3141,0.0
3145,0.0
3146,0.0
3147,0.0
3148,0.0
3152,0.0
3155,0.0
3157,0.0
3158,0.0
3159,0.0
3160,0.0
3162,0.0
3164,0.0
3165,0.0
3166,0.0
3167,0.0
3167,0.0
3168,0.0
3168,0.0
3169,0.0
3169,0.0
3170,0.0
3170,0.0
3171,0.0
3171,0.0
3172,0.0
3173,0.0
3173,0.0
3174,0.0
3174,0.0
3175,0.0
3175,0.0
3176,0.0
3177,0.0
3177,0.0
3178,0.0
3178,0.0
3179,0.0
3179,0.0
3180,0.0
3180,0.0
3181,0.0
3181,0.0
3182,0.0
3183,0.0
3184,0.0
3185,0.0
3186,0.0
3187,0.0
3188,0.0
3189,0.0
3190,0.0
3191,0.0
3192,0.0
3193,0.0
3194,0.0
3195,0.0
3196,0.0
3197,0.0
3198,0.0
3199,0.0
3200,0.0
3201,0.0
3202,0.0
3203,0.0
3204,0.0
3205,0.0
3206,0.0
3207,0.0
3208,0.0
3209,0.0
3210,0.0
3211,0.0
3212,0.0
3213,0.0
3214,0.0
3215,0.0
3216,0.0
3217,0.0
3218,0.0
3219,0.0
3220,0.0
3221,0.0
3222,0.0
3223,0.0
3224,0.0
3225,0.0
3226,0.0
3227,0.0
3230,0.0
3231,0.0
3232,0.0
3233,0.0
3234,0.0
3235,0.0
3236,0.0
3237,0.0
3238,0.0
3239,0.0
3240,0.0
3241,0.0
3242,0.0
3243,0.0
3244,0.0
3245,0.0
3246,0.0
3247,0.0
3248,0.0
3249,0.0
3250,0.0
3251,0.0
3252,0.0
3253,0.0
3254,0.0
3255,0.0
3256,0.0
3257,0.0
3258,0.0
3259,0.0
3260,0.0
3261,0.0
3262,0.0
3269,0.0
3270,0.0
3271,0.0
3272,0.0
3273,0.0
3274,0.0
3275,0.0
3276,0.0
3277,0.0
3278,0.0
3279,0.0
3280,0.0
3281,0.0
3282,0.0
3283,0.0
3284,0.0
3285,0.0
3286,0.0
3287,0.0
3288,0.0
3289,0.0
3290,0.0
3291,0.0
3354,0.0
3359,0.0
3360,0.0
3368,0.0
3369,0.0
3370,0.0
3371,0.0
3372,0.0
3373,0.0
3374,0.0
3375,0.0
3376,0.0
3379,0.0
3380,0.0
3381,0.0
3382,0.0
3383,0.0
3390,9.0
3393,0.0
3394,0.0
3395,0.0
3396,0.0
3424,0.0
3433,0.0
3434,0.0
3438,0.0
3494,0.0
3495,0.0
3496,0.0
3497,0.0
3498,0.0
3499,0.0
3500,0.0
3501,0.0
3502,0.0
3503,0.0
3504,0.0
3505,0.0
3506,0.0
3507,0.0
3508,0.0
3509,0.0
3510,0.0
3511,0.0
3512,0.0
3513,0.0
3514,0.0
3515,0.0
3516,0.0
3517,0.0
3518,0.0
3519,0.0
3520,0.0
3521,0.0
3522,0.0
3523,0.0
3524,0.0
3525,0.0
3526,0.0
3527,0.0
3528,0.0
3529,0.0
3530,0.0
3569,0.0
3570,0.0
3588,0.0
3589,0.0
3590,0.0
3591,0.0
3592,0.0
3593,0.0
3594,0.0
3595,0.0
3596,0.0
3597,0.0
3598,0.0
3599,0.0
3600,0.0
3601,0.0
3602,0.0
3603,0.0
3604,0.0
3613,0.0
3614,0.0
3615,0.0
3624,0.0
3625,0.0
3626,0.0
3627,0.0
3628,0.0
3644,0.0
3645,0.0
3646,0.0
3649,0.0
3650,0.0
3651,0.0
3652,0.0
3653,0.0
3654,0.0
3655,0.0
3656,0.0
3657,0.0
3658,0.0
3659,0.0
3659,0.0
3660,0.0
3660,0.0
3661,0.0
3661,0.0
3662,0.0
3662,0.0
3663,0.0
3663,0.0
3664,0.0
3664,0.0
3665,0.0
3666,0.0
3668,0.0
3671,0.0
3672,0.0
3675,0.0
3676,0.0
3677,0.0
3677,0.0
3678,0.0
3678,0.0
3678,0.0
3679,0.0
3679,0.0
3680,0.0
3681,0.0
3682,0.0
3683,0.0
3751,0.0
3752,0.0
3753,0.0
3842,0.0
3843,0.0
3849,0.0
3866,0.0
3870,0.0
3871,0.0
3872,0.0
3873,0.0
3874,0.0
3874,0.0
3875,0.0
3875,0.0
3876,0.0
3876,0.0
3877,0.0
3877,0.0
3878,0.0
3878,0.0
3879,0.0
3879,0.0
3880,0.0
3880,0.0
3881,0.0
3881,0.0
3882,0.0
3882,0.0
3883,0.0
3883,0.0
3884,0.0
3884,0.0
3885,0.0
3885,0.0
3886,0.0
3886,0.0
3887,0.0
3888,0.0
3888,0.0
3889,0.0
3890,0.0
3890,0.0
3891,0.0
3892,0.0
3900,0.0
3901,0.0
3901,0.0
3902,0.0
3903,0.0
3903,0.0
3904,0.0
3904,0.0
3905,0.0
3906,0.0
3907,0.0
3907,0.0
3912,0.0
3914,0.0
3915,0.0
3916,0.0
3917,0.0
3918,0.0
3919,0.0
3920,15.0
3921,15.0
3921,0.0
3924,0.0
3931,15.0
3932,15.0
3933,15.0
3934,15.0
3935,15.0
3936,15.0
3939,15.0
3940,15.0
3942,15.0
3946,15.0
3950,15.0
3966,0.0
3967,0.0
3968,0.0
3977,15.0
3983,0.0
4036,9.0
4042,9.0
4054,9.0
4055,9.0
4057,9.0
4060,9.0
4061,9.0
4100,0.0
4108,0.0
4109,0.0
4110,0.0
4111,0.0
4112,0.0
4118,0.0
4144,0.0
4145,0.0
4146,0.0
4147,0.0
4153,0.0
4155,0.0
4156,0.0
