2,41.0
3,41.0
61,0.0
91,0.0
92,0.0
93,0.0
94,0.0
125,0.0
126,0.0
127,0.0
128,0.0
129,0.0
129,0.0
130,0.0
185,2.0
185,0.0
185,2.0
185,2.0
186,0.0
186,2.0
186,2.0
186,2.0
187,2.0
187,0.0
187,2.0
187,2.0
188,2.0
188,0.0
188,2.0
188,2.0
189,0.0
189,2.0
189,2.0
189,2.0
190,0.0
190,2.0
190,2.0
191,0.0
191,2.0
191,2.0
192,0.0
192,2.0
192,2.0
193,0.0
193,2.0
193,2.0
194,0.0
194,2.0
194,2.0
194,2.0
195,2.0
195,0.0
195,2.0
195,2.0
196,0.0
196,0.0
196,2.0
196,2.0
196,2.0
196,2.0
196,2.0
197,0.0
197,0.0
197,2.0
197,2.0
197,2.0
197,2.0
198,0.0
198,0.0
198,2.0
198,2.0
198,2.0
198,2.0
199,0.0
199,0.0
199,2.0
199,2.0
199,2.0
200,0.0
200,0.0
200,2.0
200,2.0
200,2.0
200,2.0
201,0.0
201,0.0
201,2.0
201,2.0
201,2.0
202,0.0
202,0.0
202,2.0
202,2.0
202,2.0
203,0.0
203,0.0
203,2.0
203,2.0
203,2.0
204,0.0
204,0.0
204,2.0
204,2.0
204,2.0
205,0.0
205,0.0
205,2.0
205,2.0
205,2.0
206,0.0
206,0.0
206,2.0
206,2.0
206,2.0
207,0.0
207,0.0
207,2.0
207,2.0
207,2.0
208,0.0
208,2.0
208,2.0
209,0.0
209,2.0
209,2.0
210,0.0
210,2.0
211,0.0
211,2.0
211,2.0
212,0.0
212,2.0
212,2.0
213,0.0
213,2.0
213,2.0
213,2.0
214,2.0
214,0.0
214,2.0
215,2.0
215,0.0
215,2.0
216,2.0
216,0.0
217,2.0
217,0.0
218,2.0
218,0.0
235,0.0
236,0.0
237,0.0
238,0.0
239,0.0
240,0.0
241,0.0
242,0.0
243,0.0
321,0.0
330,0.0
331,0.0
332,0.0
333,0.0
334,0.0
335,0.0
336,0.0
337,0.0
338,0.0
339,0.0
340,0.0
341,0.0
342,0.0
343,0.0
344,0.0
345,0.0
346,0.0
347,0.0
348,0.0
349,0.0
350,0.0
351,0.0
352,0.0
353,0.0
356,0.0
357,0.0
358,0.0
359,0.0
360,0.0
361,0.0
361,56.0
362,0.0
363,0.0
364,0.0
365,0.0
366,0.0
367,0.0
368,0.0
369,0.0
370,0.0
371,0.0
372,0.0
373,0.0
373,56.0
374,0.0
374,56.0
375,0.0
376,0.0
377,0.0
378,0.0
379,0.0
380,0.0
381,0.0
382,0.0
383,0.0
384,0.0
385,0.0
386,0.0
387,0.0
388,0.0
389,0.0
390,0.0
391,0.0
392,0.0
393,0.0
394,0.0
395,0.0
396,0.0
397,0.0
398,0.0
399,0.0
400,0.0
401,0.0
402,0.0
403,0.0
404,0.0
405,0.0
406,0.0
407,0.0
408,0.0
417,0.0
418,0.0
419,0.0
419,56.0
420,0.0
423,0.0
424,0.0
431,0.0
432,0.0
433,0.0
434,0.0
435,0.0
436,0.0
437,0.0
438,0.0
439,0.0
440,0.0
441,0.0
442,0.0
443,0.0
444,0.0
445,0.0
446,0.0
447,0.0
448,0.0
449,0.0
450,0.0
451,0.0
452,0.0
453,0.0
454,0.0
455,0.0
455,56.0
456,0.0
457,0.0
458,0.0
459,0.0
460,0.0
461,0.0
462,0.0
463,0.0
464,0.0
465,0.0
466,0.0
467,0.0
468,0.0
469,0.0
470,0.0
471,0.0
472,0.0
473,0.0
474,0.0
475,0.0
476,0.0
477,0.0
478,0.0
479,0.0
480,0.0
481,0.0
482,0.0
483,0.0
484,0.0
485,0.0
486,0.0
487,0.0
488,0.0
489,0.0
490,0.0
491,0.0
492,0.0
493,0.0
494,0.0
495,0.0
496,0.0
497,0.0
498,0.0
499,0.0
500,0.0
501,0.0
502,0.0
503,0.0
504,0.0
505,0.0
506,0.0
507,0.0
508,0.0
509,0.0
510,0.0
511,0.0
512,0.0
513,0.0
514,0.0
515,0.0
516,0.0
517,0.0
518,0.0
519,0.0
520,0.0
521,0.0
522,0.0
523,0.0
524,0.0
525,0.0
526,0.0
527,0.0
528,0.0
529,0.0
530,0.0
531,0.0
532,0.0
533,0.0
536,0.0
537,0.0
538,0.0
539,0.0
540,0.0
541,0.0
564,0.0
565,0.0
567,0.0
578,0.0
579,0.0
580,0.0
581,0.0
582,0.0
583,0.0
584,0.0
585,0.0
586,0.0
587,0.0
588,0.0
589,0.0
590,0.0
591,0.0
592,0.0
593,0.0
594,0.0
598,0.0
599,0.0
600,0.0
601,0.0
601,56.0
602,0.0
602,56.0
603,0.0
603,56.0
604,0.0
604,56.0
605,0.0
605,56.0
606,0.0
606,56.0
607,0.0
607,56.0
608,0.0
609,0.0
610,0.0
611,0.0
612,0.0
613,0.0
614,0.0
615,0.0
616,0.0
617,0.0
618,0.0
619,0.0
620,0.0
621,0.0
622,0.0
623,0.0
624,0.0
625,0.0
626,0.0
627,0.0
628,0.0
629,0.0
630,0.0
631,0.0
632,0.0
633,0.0
634,0.0
634,56.0
635,0.0
635,56.0
636,0.0
636,56.0
637,0.0
637,56.0
638,0.0
639,0.0
639,56.0
640,0.0
641,0.0
642,0.0
643,0.0
644,0.0
645,0.0
646,0.0
647,0.0
648,0.0
648,56.0
649,0.0
649,56.0
650,0.0
651,0.0
652,0.0
653,0.0
654,0.0
655,0.0
656,0.0
657,0.0
658,0.0
659,0.0
660,0.0
661,0.0
662,0.0
663,0.0
664,0.0
665,0.0
666,0.0
667,0.0
668,0.0
669,0.0
670,0.0
671,0.0
672,0.0
673,0.0
674,0.0
675,0.0
676,0.0
677,0.0
678,0.0
679,0.0
680,0.0
681,0.0
682,0.0
683,0.0
684,0.0
685,0.0
693,0.0
694,0.0
695,0.0
696,0.0
697,0.0
698,0.0
699,0.0
700,0.0
701,0.0
702,0.0
703,0.0
704,0.0
705,0.0
706,0.0
707,0.0
708,0.0
731,0.0
732,0.0
733,0.0
734,0.0
735,0.0
736,0.0
737,0.0
738,0.0
739,0.0
740,0.0
745,0.0
746,0.0
747,0.0
748,0.0
749,0.0
750,0.0
781,0.0
782,0.0
783,0.0
784,0.0
785,0.0
786,0.0
787,0.0
788,0.0
789,0.0
790,0.0
802,0.0
803,0.0
804,0.0
805,0.0
806,0.0
807,0.0
808,0.0
809,0.0
810,0.0
816,0.0
819,0.0
820,0.0
821,0.0
822,0.0
823,0.0
824,0.0
825,0.0
826,0.0
827,0.0
828,0.0
829,0.0
830,0.0
831,0.0
832,0.0
833,0.0
834,0.0
835,0.0
836,0.0
863,0.0
864,0.0
865,0.0
866,0.0
867,0.0
868,0.0
869,0.0
870,0.0
871,0.0
872,0.0
873,0.0
874,0.0
875,0.0
876,0.0
879,0.0
880,0.0
881,0.0
882,0.0
885,0.0
886,0.0
887,0.0
888,0.0
889,0.0
890,0.0
891,0.0
892,0.0
893,0.0
894,0.0
895,0.0
896,0.0
897,0.0
898,0.0
899,0.0
900,0.0
901,0.0
902,0.0
903,0.0
904,0.0
979,0.0
980,0.0
981,0.0
982,0.0
983,0.0
984,0.0
985,0.0
986,0.0
987,0.0
988,0.0
989,0.0
990,0.0
991,0.0
992,0.0
993,0.0
994,0.0
995,0.0
996,0.0
997,0.0
998,0.0
999,0.0
1000,0.0
1001,0.0
1002,0.0
1003,0.0
1004,0.0
1005,0.0
1006,0.0
1007,0.0
1008,0.0
1009,0.0
1010,0.0
1011,0.0
1012,0.0
1013,0.0
1014,0.0
1015,0.0
1016,0.0
1017,0.0
1018,0.0
1021,0.0
1022,0.0
1023,0.0
1024,0.0
1025,0.0
1026,0.0
1027,0.0
1028,0.0
1029,0.0
1030,0.0
1031,0.0
1059,0.0
1060,0.0
1061,0.0
1062,0.0
1065,0.0
1066,0.0
1067,0.0
1068,0.0
1069,0.0
1070,0.0
1071,0.0
1072,0.0
1073,0.0
1074,0.0
1075,0.0
1076,0.0
1077,0.0
1078,0.0
1107,0.0
1108,0.0
1119,0.0
1120,0.0
1121,0.0
1122,0.0
1123,0.0
1124,0.0
1125,0.0
1126,0.0
1127,0.0
1128,0.0
1129,0.0
1130,0.0
1131,0.0
1132,0.0
1133,0.0
1134,0.0
1135,0.0
1136,0.0
1137,0.0
1138,0.0
1139,0.0
1140,0.0
1141,0.0
1142,0.0
1143,0.0
1144,0.0
1145,0.0
1146,0.0
1147,0.0
1148,0.0
1149,0.0
1150,0.0
1151,0.0
1152,0.0
1153,0.0
1154,0.0
1155,0.0
1156,0.0
1157,0.0
1158,0.0
1159,0.0
1160,0.0
1161,0.0
1162,0.0
1163,0.0
1164,0.0
1165,0.0
1166,0.0
1167,0.0
1167,56.0
1168,0.0
1168,56.0
1169,0.0
1169,56.0
1170,0.0
1171,0.0
1172,0.0
1173,0.0
1174,0.0
1175,0.0
1176,0.0
1177,0.0
1178,0.0
1179,0.0
1180,0.0
1181,0.0
1182,0.0
1183,0.0
1184,0.0
1189,0.0
1190,0.0
1191,0.0
1192,0.0
1241,0.0
1241,56.0
1242,0.0
1242,56.0
1243,0.0
1243,56.0
1244,0.0
1244,56.0
1245,0.0
1246,0.0
1247,0.0
1248,0.0
1249,0.0
1250,0.0
1251,0.0
1251,56.0
1252,0.0
1252,56.0
1253,0.0
1254,0.0
1255,0.0
1256,0.0
1257,0.0
1258,0.0
1259,0.0
1259,56.0
1260,0.0
1260,56.0
1261,0.0
1262,0.0
1263,0.0
1264,0.0
1265,0.0
1266,0.0
1267,0.0
1268,0.0
1269,0.0
1270,0.0
1271,0.0
1272,0.0
1273,0.0
1274,0.0
1275,0.0
1276,0.0
1277,0.0
1278,0.0
1279,0.0
1280,0.0
1281,0.0
1282,0.0
1283,0.0
1284,0.0
1285,0.0
1286,0.0
1287,0.0
1288,0.0
1289,0.0
1290,0.0
1291,0.0
1292,0.0
1293,0.0
1294,0.0
1295,0.0
1296,0.0
1297,0.0
1371,0.0
1371,56.0
1372,0.0
1372,56.0
1373,0.0
1373,56.0
1374,0.0
1374,56.0
1375,0.0
1375,56.0
1376,0.0
1376,56.0
1377,0.0
1377,56.0
1378,0.0
1378,56.0
1379,0.0
1379,56.0
1380,0.0
1380,56.0
1381,0.0
1381,56.0
1382,0.0
1382,56.0
1383,0.0
1383,56.0
1384,0.0
1384,56.0
1385,0.0
1385,56.0
1386,0.0
1386,56.0
1387,0.0
1387,56.0
1388,0.0
1388,56.0
1389,0.0
1389,56.0
1390,0.0
1390,56.0
1391,0.0
1392,0.0
1393,0.0
1393,56.0
1394,0.0
1395,0.0
1396,0.0
1397,0.0
1398,0.0
1399,0.0
1400,0.0
1401,0.0
1402,0.0
1403,0.0
1404,0.0
1405,0.0
1406,0.0
1407,0.0
1408,0.0
1409,0.0
1410,0.0
1411,0.0
1412,0.0
1417,0.0
1418,0.0
1419,0.0
1420,0.0
1421,0.0
1422,0.0
1423,0.0
1424,0.0
1424,56.0
1425,0.0
1425,56.0
1426,0.0
1426,56.0
1427,0.0
1427,56.0
1428,0.0
1428,56.0
1429,0.0
1429,56.0
1430,0.0
1430,56.0
1431,0.0
1432,0.0
1432,56.0
1433,0.0
1434,0.0
1436,56.0
1437,0.0
1437,56.0
1438,0.0
1438,56.0
1439,0.0
1439,56.0
1440,0.0
1440,56.0
1441,0.0
1441,56.0
1442,0.0
1442,56.0
1443,0.0
1443,56.0
1444,0.0
1444,56.0
1445,0.0
1445,56.0
1446,0.0
1446,56.0
1447,0.0
1447,56.0
1448,0.0
1448,56.0
1449,0.0
1449,56.0
1450,0.0
1450,56.0
1451,0.0
1451,56.0
1452,0.0
1453,0.0
1453,56.0
1454,0.0
1455,0.0
1456,0.0
1457,0.0
1458,0.0
1459,0.0
1460,0.0
1461,0.0
1462,0.0
1463,0.0
1464,0.0
1465,0.0
1466,0.0
1467,0.0
1468,0.0
1469,0.0
1470,0.0
1471,0.0
1472,0.0
1473,0.0
1474,0.0
1475,0.0
1476,0.0
1477,0.0
1478,0.0
1479,0.0
1480,0.0
1481,0.0
1482,0.0
1483,0.0
1484,0.0
1485,0.0
1486,0.0
1487,0.0
1488,0.0
1489,0.0
1490,0.0
1493,0.0
1494,0.0
1499,0.0
1501,0.0
1502,0.0
1503,0.0
1504,0.0
1505,0.0
1510,0.0
1511,0.0
1512,0.0
1513,0.0
1514,0.0
1515,0.0
1516,0.0
1517,0.0
1518,0.0
1519,0.0
1520,0.0
1521,0.0
1522,0.0
1523,0.0
1524,0.0
1525,0.0
1526,0.0
1527,0.0
1528,0.0
1529,0.0
1530,0.0
1531,0.0
1532,0.0
1533,0.0
1534,0.0
1535,0.0
1536,0.0
1537,0.0
1538,0.0
1539,0.0
1540,0.0
1541,0.0
1542,0.0
1543,0.0
1544,0.0
1545,0.0
1546,0.0
1547,0.0
1548,0.0
1549,0.0
1550,0.0
1551,0.0
1552,0.0
1553,0.0
1554,0.0
1555,0.0
1556,0.0
1557,0.0
1558,0.0
1559,0.0
1560,0.0
1561,0.0
1562,0.0
1563,0.0
1564,0.0
1565,0.0
1566,0.0
1567,0.0
1568,0.0
1569,0.0
1570,0.0
1571,0.0
1572,0.0
1573,0.0
1574,0.0
1575,0.0
1576,0.0
1577,0.0
1578,0.0
1579,0.0
1580,0.0
1581,0.0
1608,0.0
1609,0.0
1610,0.0
1611,0.0
1612,0.0
1613,0.0
1614,0.0
1615,0.0
1674,0.0
1675,0.0
1676,0.0
1676,0.0
1677,0.0
1677,0.0
1678,0.0
1679,0.0
1680,0.0
1680,0.0
1681,0.0
1681,0.0
1682,0.0
1682,0.0
1683,0.0
1683,0.0
1690,0.0
1691,0.0
1692,0.0
1693,0.0
1694,0.0
1695,0.0
1696,0.0
1697,0.0
1698,0.0
1699,0.0
1700,0.0
1701,0.0
1743,0.0
1745,0.0
1746,0.0
1747,0.0
1748,0.0
1749,0.0
1750,0.0
1751,0.0
1752,0.0
1753,0.0
1754,0.0
1755,0.0
1756,0.0
1757,0.0
1758,0.0
1759,0.0
1760,0.0
1761,0.0
1762,0.0
1763,0.0
1763,0.0
1764,0.0
1764,0.0
1765,0.0
1765,0.0
1766,0.0
1766,0.0
1767,0.0
1767,0.0
1768,0.0
1769,0.0
1770,0.0
1771,0.0
1780,0.0
1781,0.0
1782,0.0
1783,0.0
1784,0.0
1786,0.0
1788,0.0
1794,0.0
1795,0.0
1796,0.0
1797,0.0
1798,0.0
1799,0.0
1800,0.0
1801,0.0
1801,0.0
1802,0.0
1802,0.0
1803,0.0
1803,0.0
1804,0.0
1804,0.0
1805,0.0
1805,0.0
1806,0.0
1806,0.0
1807,0.0
1807,0.0
1808,0.0
1808,0.0
1809,0.0
1809,0.0
1810,0.0
1810,0.0
1810,56.0
1811,0.0
1811,0.0
1811,56.0
1812,0.0
1812,0.0
1812,56.0
1813,0.0
1813,0.0
1813,56.0
1814,0.0
1814,0.0
1814,56.0
1815,0.0
1815,0.0
1816,0.0
1816,0.0
1817,0.0
1817,0.0
1818,0.0
1818,0.0
1819,0.0
1819,0.0
1819,56.0
1820,0.0
1821,0.0
1822,0.0
1823,0.0
1824,0.0
1825,0.0
1826,0.0
1827,0.0
1828,0.0
1829,0.0
1830,0.0
1831,0.0
1841,0.0
1846,0.0
1847,0.0
1850,0.0
1851,0.0
1852,0.0
1852,0.0
1853,0.0
1853,0.0
1854,0.0
1854,0.0
1855,0.0
1855,0.0
1856,0.0
1856,0.0
1857,0.0
1857,0.0
1858,0.0
1858,0.0
1859,0.0
1859,0.0
1860,0.0
1860,0.0
1861,0.0
1861,0.0
1862,0.0
1862,0.0
1863,0.0
1863,0.0
1864,0.0
1865,0.0
1865,0.0
1866,0.0
1866,0.0
1867,0.0
1867,0.0
1868,0.0
1868,0.0
1869,0.0
1869,0.0
1870,0.0
1870,0.0
1871,0.0
1872,0.0
1873,0.0
1874,0.0
1875,0.0
1875,0.0
1876,0.0
1876,0.0
1877,0.0
1877,0.0
1878,0.0
1878,0.0
1879,0.0
1879,0.0
1880,0.0
1880,0.0
1881,0.0
1881,0.0
1882,0.0
1882,0.0
1883,0.0
1883,0.0
1884,0.0
1884,0.0
1885,0.0
1885,0.0
1886,0.0
1886,0.0
1887,0.0
1887,0.0
1888,0.0
1888,0.0
1889,0.0
1889,0.0
1890,0.0
1890,0.0
1891,0.0
1891,0.0
1896,0.0
1896,0.0
1897,0.0
1897,0.0
1898,0.0
1898,0.0
1899,0.0
1899,0.0
1900,0.0
1900,0.0
1901,0.0
1901,0.0
1902,0.0
1902,0.0
1903,0.0
1903,0.0
1904,0.0
1904,0.0
1905,0.0
1905,0.0
1906,0.0
1906,0.0
1907,0.0
1907,0.0
1908,0.0
1908,0.0
1909,0.0
1909,0.0
1910,0.0
1910,0.0
1911,0.0
1911,0.0
1912,0.0
1912,0.0
1913,0.0
1913,0.0
1914,0.0
1914,0.0
1915,0.0
1915,0.0
1916,0.0
1916,0.0
1917,0.0
1917,0.0
1918,0.0
1918,0.0
1919,0.0
1919,0.0
1920,0.0
1920,0.0
1921,0.0
1921,0.0
1922,0.0
1922,0.0
1923,0.0
1923,0.0
1924,0.0
1924,0.0
1925,0.0
1925,0.0
1926,0.0
1926,0.0
1927,0.0
1927,0.0
1928,0.0
1928,0.0
1929,0.0
1929,0.0
1930,0.0
1930,0.0
1931,0.0
1931,0.0
1932,0.0
1932,0.0
1932,56.0
1933,0.0
1933,0.0
1934,0.0
1934,0.0
1935,0.0
1935,0.0
1936,0.0
1936,0.0
1937,0.0
1937,0.0
1938,0.0
1939,0.0
1940,0.0
1940,0.0
1941,0.0
1941,0.0
1942,0.0
1942,0.0
1943,0.0
1943,0.0
1944,0.0
1944,0.0
1945,0.0
1946,0.0
1946,0.0
1947,0.0
1947,0.0
1948,0.0
1948,0.0
1949,0.0
1949,0.0
1950,0.0
1950,0.0
1951,0.0
1951,0.0
1952,0.0
1952,0.0
1953,0.0
1953,0.0
1954,0.0
1954,0.0
1955,0.0
1955,0.0
1956,0.0
1956,0.0
1957,0.0
1957,0.0
1958,0.0
1958,0.0
1959,0.0
1959,0.0
1960,0.0
1960,0.0
1961,0.0
1961,0.0
1962,0.0
1962,0.0
2036,0.0
2037,0.0
2038,0.0
2038,0.0
2039,0.0
2040,0.0
2040,0.0
2040,56.0
2041,0.0
2041,0.0
2041,56.0
2042,0.0
2042,0.0
2042,56.0
2043,0.0
2043,56.0
2043,0.0
2044,0.0
2044,0.0
2044,56.0
2045,0.0
2045,0.0
2045,56.0
2046,0.0
2046,0.0
2046,56.0
2047,0.0
2047,0.0
2047,56.0
2048,0.0
2048,0.0
2048,56.0
2049,0.0
2049,0.0
2049,56.0
2050,0.0
2050,56.0
2050,0.0
2051,0.0
2051,56.0
2051,0.0
2052,0.0
2052,0.0
2052,56.0
2053,0.0
2053,0.0
2053,56.0
2054,0.0
2054,0.0
2054,56.0
2055,0.0
2055,0.0
2055,56.0
2056,0.0
2057,0.0
2058,0.0
2058,0.0
2058,56.0
2058,0.0
2059,0.0
2059,0.0
2059,56.0
2060,0.0
2060,56.0
2060,0.0
2061,0.0
2061,56.0
2061,0.0
2062,0.0
2062,0.0
2062,56.0
2063,0.0
2063,56.0
2063,0.0
2064,0.0
2064,0.0
2064,56.0
2065,0.0
2065,0.0
2065,56.0
2066,0.0
2066,0.0
2066,56.0
2067,0.0
2067,0.0
2067,56.0
2068,0.0
2068,0.0
2068,56.0
2069,0.0
2069,0.0
2069,56.0
2070,0.0
2070,0.0
2070,56.0
2071,0.0
2071,0.0
2071,56.0
2072,0.0
2072,0.0
2072,56.0
2073,0.0
2073,0.0
2073,56.0
2074,0.0
2074,56.0
2074,0.0
2075,0.0
2075,56.0
2076,0.0
2076,56.0
2076,0.0
2077,0.0
2077,56.0
2077,0.0
2078,0.0
2078,56.0
2078,0.0
2079,0.0
2079,56.0
2085,56.0
2090,0.0
2091,0.0
2092,0.0
2093,0.0
2094,0.0
2094,0.0
2095,0.0
2095,0.0
2096,0.0
2096,0.0
2097,0.0
2097,0.0
2098,0.0
2098,0.0
2099,0.0
2099,0.0
2100,0.0
2100,0.0
2101,0.0
2101,0.0
2102,0.0
2102,0.0
2102,56.0
2103,0.0
2103,0.0
2103,56.0
2104,0.0
2104,0.0
2104,56.0
2105,0.0
2105,0.0
2105,56.0
2106,0.0
2106,0.0
2106,56.0
2107,0.0
2107,0.0
2107,56.0
2108,0.0
2108,0.0
2109,0.0
2109,0.0
2110,0.0
2110,0.0
2110,56.0
2111,0.0
2111,0.0
2111,56.0
2112,0.0
2113,0.0
2114,0.0
2114,56.0
2115,0.0
2115,56.0
2116,0.0
2116,56.0
2117,0.0
2117,56.0
2118,0.0
2118,56.0
2119,0.0
2119,56.0
2120,0.0
2120,56.0
2121,0.0
2121,56.0
2122,0.0
2122,56.0
2123,0.0
2123,56.0
2124,0.0
2124,56.0
2125,0.0
2125,56.0
2126,0.0
2126,0.0
2126,56.0
2127,0.0
2127,56.0
2127,0.0
2128,0.0
2128,0.0
2128,56.0
2129,0.0
2129,0.0
2130,0.0
2130,0.0
2130,56.0
2131,0.0
2131,0.0
2131,56.0
2132,0.0
2132,0.0
2132,56.0
2133,0.0
2133,0.0
2133,56.0
2134,0.0
2134,0.0
2134,56.0
2135,0.0
2135,0.0
2136,0.0
2136,0.0
2137,0.0
2137,0.0
2138,0.0
2138,0.0
2139,0.0
2139,0.0
2140,0.0
2140,0.0
2140,56.0
2141,0.0
2141,0.0
2141,56.0
2142,0.0
2142,0.0
2142,56.0
2143,0.0
2143,0.0
2143,56.0
2144,0.0
2144,0.0
2144,56.0
2145,0.0
2145,0.0
2145,56.0
2146,0.0
2146,0.0
2146,56.0
2147,0.0
2147,0.0
2147,56.0
2148,0.0
2148,0.0
2148,56.0
2149,0.0
2149,0.0
2149,56.0
2150,0.0
2150,0.0
2150,56.0
2151,0.0
2151,0.0
2151,56.0
2152,0.0
2152,0.0
2152,56.0
2153,0.0
2153,0.0
2153,56.0
2154,0.0
2154,0.0
2154,56.0
2155,0.0
2155,0.0
2155,56.0
2156,0.0
2156,0.0
2156,56.0
2157,0.0
2157,0.0
2157,56.0
2158,0.0
2158,0.0
2158,56.0
2159,0.0
2159,0.0
2159,56.0
2160,0.0
2160,0.0
2160,56.0
2161,0.0
2161,0.0
2161,56.0
2162,0.0
2162,0.0
2162,56.0
2163,0.0
2163,0.0
2163,56.0
2164,0.0
2164,0.0
2164,56.0
2165,0.0
2165,0.0
2165,56.0
2166,0.0
2166,0.0
2166,56.0
2167,0.0
2167,0.0
2168,0.0
2168,0.0
2169,0.0
2169,0.0
2170,0.0
2170,0.0
2171,0.0
2171,0.0
2172,0.0
2172,0.0
2173,0.0
2173,0.0
2174,0.0
2174,0.0
2175,0.0
2175,0.0
2176,0.0
2176,0.0
2177,0.0
2177,0.0
2178,0.0
2178,0.0
2178,56.0
2179,0.0
2179,0.0
2180,0.0
2180,0.0
2181,0.0
2181,0.0
2182,0.0
2182,0.0
2183,0.0
2183,0.0
2184,0.0
2184,0.0
2185,0.0
2185,0.0
2186,0.0
2186,0.0
2187,0.0
2187,0.0
2188,0.0
2188,0.0
2189,0.0
2189,0.0
2190,0.0
2190,0.0
2191,0.0
2191,0.0
2192,0.0
2192,0.0
2193,0.0
2193,0.0
2193,56.0
2194,0.0
2194,0.0
2195,0.0
2195,0.0
2196,0.0
2197,0.0
2198,0.0
2198,0.0
2199,0.0
2200,0.0
2200,0.0
2201,0.0
2201,0.0
2202,0.0
2203,0.0
2203,0.0
2204,0.0
2204,0.0
2205,0.0
2205,0.0
2206,0.0
2207,0.0
2208,0.0
2208,0.0
2214,0.0
2215,0.0
2216,0.0
2276,0.0
2277,0.0
2278,0.0
2279,0.0
2280,0.0
2758,0.0
2759,0.0
2762,0.0
2772,0.0
2773,0.0
2850,0.0
2851,0.0
2852,0.0
2853,0.0
2854,0.0
2856,0.0
2857,0.0
2878,11.0
2879,11.0
2880,11.0
2881,11.0
2882,11.0
2883,11.0
2884,11.0
2885,11.0
2886,11.0
2887,11.0
2888,11.0
2889,11.0
2890,11.0
2891,11.0
2892,11.0
2893,11.0
2894,11.0
2895,11.0
2896,11.0
2897,11.0
2898,11.0
2899,11.0
2900,11.0
2901,11.0
2902,11.0
2903,11.0
2904,11.0
2905,11.0
2906,11.0
2907,11.0
2908,11.0
2909,11.0
2910,11.0
2911,11.0
2912,11.0
2913,11.0
2914,11.0
2915,11.0
2916,11.0
2917,11.0
2918,11.0
2919,11.0
2920,11.0
2921,11.0
2922,11.0
2923,11.0
2924,11.0
2925,11.0
2926,11.0
2927,11.0
2928,11.0
2929,11.0
2930,11.0
2931,11.0
2932,11.0
2933,11.0
2934,11.0
2935,11.0
2936,11.0
2937,11.0
2938,11.0
2939,11.0
2940,11.0
2941,11.0
2942,11.0
2943,11.0
2944,11.0
2945,11.0
2946,11.0
2947,11.0
2948,11.0
2949,11.0
2950,11.0
2951,11.0
2952,11.0
2953,11.0
2954,11.0
2955,11.0
2956,11.0
2957,11.0
2958,11.0
2959,11.0
2960,11.0
2961,11.0
2962,11.0
2963,11.0
2964,11.0
2965,11.0
2966,11.0
2967,11.0
2968,11.0
2969,11.0
2970,11.0
2971,11.0
2972,11.0
2973,11.0
2974,11.0
2975,11.0
2976,11.0
2977,11.0
2978,11.0
2979,11.0
2980,11.0
2981,11.0
2982,11.0
2983,11.0
2984,11.0
2985,11.0
2986,11.0
2987,11.0
2988,11.0
2989,11.0
2990,11.0
2991,11.0
2992,11.0
2993,11.0
2994,11.0
2995,11.0
2996,11.0
2997,11.0
2998,11.0
2999,11.0
3000,11.0
3001,11.0
3002,11.0
3003,11.0
3004,11.0
3005,11.0
3006,11.0
3007,11.0
3008,11.0
3009,11.0
3010,11.0
3011,11.0
3012,11.0
3013,11.0
3014,11.0
3015,11.0
3016,11.0
3017,11.0
3018,11.0
3019,11.0
3020,11.0
3021,11.0
3022,11.0
3023,11.0
3024,11.0
3025,11.0
3026,11.0
3027,11.0
3028,11.0
3029,11.0
3030,11.0
3031,11.0
3032,11.0
3033,11.0
3034,11.0
3035,11.0
3036,11.0
3037,11.0
3038,11.0
3039,11.0
3040,11.0
3041,11.0
3042,11.0
3043,11.0
3044,11.0
3045,11.0
3046,11.0
3047,11.0
3048,11.0
3049,11.0
3050,11.0
3051,11.0
3052,11.0
3053,11.0
3054,11.0
3055,11.0
3056,11.0
3057,11.0
3058,11.0
3059,11.0
3060,11.0
3061,11.0
3062,11.0
3063,11.0
3064,11.0
3065,11.0
3066,11.0
3067,11.0
3068,11.0
3069,11.0
3070,11.0
3071,11.0
3072,11.0
3073,11.0
3074,11.0
3075,11.0
3076,11.0
3077,11.0
3078,11.0
3079,11.0
3080,11.0
3081,11.0
3082,11.0
3083,11.0
3084,11.0
3085,11.0
3086,11.0
3087,11.0
3088,11.0
3089,11.0
3090,11.0
3091,11.0
3092,11.0
3093,11.0
3094,11.0
3095,11.0
3096,11.0
3097,11.0
3098,11.0
3099,11.0
3100,11.0
3101,11.0
3102,11.0
3103,11.0
3104,11.0
3105,11.0
3106,11.0
3107,11.0
3108,11.0
3109,11.0
3110,11.0
3111,11.0
3112,11.0
3113,11.0
3114,11.0
3115,11.0
3116,11.0
3117,11.0
3118,11.0
3119,11.0
3120,11.0
3121,11.0
3122,11.0
3123,11.0
3124,11.0
3125,11.0
3126,11.0
3127,11.0
3128,11.0
3129,11.0
3130,11.0
3131,11.0
3132,11.0
3133,11.0
3134,11.0
3135,11.0
3136,11.0
3137,11.0
3138,11.0
3139,11.0
3140,11.0
3141,11.0
3142,11.0
3143,11.0
3144,11.0
