1,0.0
1,0.0
1,62.0
2,0.0
2,0.0
2,62.0
3,0.0
3,0.0
3,62.0
4,0.0
4,0.0
4,62.0
5,0.0
5,0.0
5,62.0
6,0.0
6,0.0
6,62.0
7,0.0
7,0.0
7,62.0
8,0.0
8,0.0
8,62.0
8,56.0
9,0.0
9,0.0
9,62.0
9,56.0
10,0.0
10,0.0
10,56.0
10,62.0
11,0.0
11,0.0
11,56.0
11,62.0
12,0.0
12,0.0
12,56.0
13,0.0
13,0.0
13,56.0
14,0.0
14,0.0
14,62.0
14,56.0
15,0.0
15,0.0
16,0.0
16,0.0
17,0.0
17,0.0
18,0.0
18,0.0
19,0.0
19,0.0
20,0.0
20,0.0
21,0.0
21,0.0
22,0.0
22,0.0
23,0.0
23,0.0
24,0.0
24,0.0
25,0.0
25,0.0
26,0.0
26,0.0
27,0.0
27,0.0
28,0.0
28,0.0
29,0.0
29,0.0
30,0.0
30,0.0
30,62.0
31,0.0
31,0.0
31,62.0
32,0.0
32,0.0
32,62.0
33,0.0
33,0.0
33,62.0
34,0.0
34,0.0
34,62.0
35,0.0
35,0.0
35,62.0
36,0.0
36,0.0
36,62.0
37,0.0
37,0.0
37,62.0
38,0.0
38,0.0
38,62.0
39,0.0
39,0.0
39,62.0
40,0.0
40,0.0
40,62.0
41,0.0
41,0.0
42,0.0
42,0.0
43,0.0
43,0.0
43,62.0
44,0.0
44,0.0
44,62.0
45,0.0
45,0.0
45,62.0
46,0.0
46,0.0
46,0.0
46,62.0
47,0.0
47,0.0
47,62.0
47,0.0
48,0.0
48,0.0
48,0.0
48,62.0
49,0.0
49,0.0
49,0.0
49,62.0
50,0.0
50,0.0
50,0.0
50,62.0
51,0.0
51,0.0
51,0.0
51,62.0
52,0.0
52,0.0
52,0.0
52,62.0
53,0.0
53,0.0
53,62.0
54,0.0
54,0.0
54,62.0
55,0.0
55,0.0
55,62.0
56,0.0
56,0.0
56,62.0
57,0.0
57,0.0
57,62.0
58,0.0
58,0.0
58,0.0
58,62.0
59,0.0
59,0.0
59,0.0
59,62.0
60,0.0
60,0.0
60,0.0
60,62.0
61,0.0
61,0.0
61,0.0
61,62.0
62,0.0
62,0.0
62,0.0
62,62.0
63,0.0
63,0.0
63,62.0
63,0.0
64,0.0
64,0.0
64,62.0
64,0.0
65,0.0
65,0.0
65,0.0
65,62.0
66,0.0
66,0.0
66,62.0
66,0.0
67,0.0
67,0.0
67,62.0
67,0.0
68,0.0
68,0.0
68,62.0
68,0.0
69,0.0
69,0.0
69,62.0
69,0.0
70,0.0
70,0.0
70,62.0
70,0.0
71,0.0
71,0.0
71,0.0
71,62.0
72,0.0
72,0.0
72,0.0
72,62.0
73,0.0
73,0.0
73,0.0
73,62.0
74,0.0
74,0.0
74,0.0
74,62.0
75,0.0
75,0.0
75,0.0
75,62.0
76,0.0
76,0.0
76,0.0
76,62.0
77,0.0
77,0.0
77,0.0
77,62.0
78,0.0
78,0.0
78,0.0
78,62.0
79,0.0
79,0.0
79,0.0
79,62.0
80,0.0
80,0.0
80,0.0
80,62.0
81,0.0
81,0.0
81,0.0
81,62.0
82,0.0
82,0.0
82,0.0
82,62.0
83,0.0
83,0.0
83,0.0
83,62.0
84,0.0
84,0.0
84,0.0
84,62.0
85,0.0
85,0.0
85,0.0
85,62.0
86,0.0
86,0.0
86,62.0
86,0.0
87,0.0
87,0.0
87,62.0
87,0.0
88,0.0
88,0.0
88,62.0
89,0.0
89,0.0
89,62.0
90,0.0
90,0.0
90,62.0
91,0.0
91,0.0
91,62.0
92,0.0
92,0.0
92,0.0
92,62.0
93,0.0
93,0.0
93,62.0
94,0.0
94,0.0
95,0.0
95,0.0
96,0.0
96,0.0
97,0.0
97,0.0
98,0.0
98,0.0
99,0.0
99,0.0
100,0.0
100,0.0
101,0.0
102,0.0
103,0.0
104,0.0
105,0.0
106,0.0
107,0.0
108,0.0
109,0.0
110,0.0
111,0.0
112,0.0
113,0.0
114,0.0
115,0.0
116,0.0
117,0.0
118,0.0
119,0.0
120,0.0
121,0.0
122,0.0
123,0.0
124,0.0
125,0.0
126,0.0
127,0.0
128,0.0
129,0.0
130,0.0
131,0.0
132,0.0
133,0.0
134,0.0
135,0.0
136,0.0
137,0.0
138,0.0
139,0.0
140,0.0
141,0.0
142,0.0
143,0.0
144,0.0
145,0.0
146,0.0
147,0.0
148,0.0
149,0.0
150,0.0
151,0.0
152,0.0
153,0.0
154,0.0
155,0.0
156,0.0
157,0.0
158,0.0
159,0.0
160,0.0
161,0.0
162,0.0
163,0.0
163,0.0
164,0.0
164,0.0
165,0.0
165,0.0
166,0.0
166,0.0
167,0.0
167,0.0
168,0.0
169,0.0
170,0.0
171,0.0
172,0.0
173,0.0
174,0.0
175,0.0
176,0.0
177,0.0
178,0.0
179,0.0
180,0.0
181,0.0
182,0.0
183,0.0
184,0.0
185,0.0
186,0.0
187,0.0
188,0.0
189,0.0
190,0.0
191,0.0
192,0.0
193,0.0
194,0.0
195,0.0
196,0.0
197,0.0
198,0.0
198,0.0
199,0.0
199,0.0
200,0.0
200,0.0
201,0.0
201,0.0
202,0.0
202,0.0
203,0.0
203,0.0
204,0.0
204,0.0
205,0.0
205,0.0
206,0.0
206,0.0
207,0.0
207,0.0
208,0.0
208,0.0
209,0.0
209,0.0
210,0.0
210,0.0
211,0.0
211,0.0
212,0.0
212,0.0
213,0.0
213,0.0
214,0.0
214,0.0
215,0.0
215,0.0
216,0.0
216,0.0
217,0.0
217,0.0
218,0.0
218,0.0
219,0.0
219,0.0
220,0.0
220,0.0
221,0.0
222,0.0
223,0.0
224,0.0
225,0.0
226,0.0
227,0.0
228,0.0
229,0.0
230,0.0
231,0.0
232,0.0
233,0.0
233,0.0
234,0.0
234,0.0
235,0.0
235,0.0
236,0.0
236,0.0
237,0.0
237,0.0
238,0.0
238,0.0
239,0.0
239,0.0
240,0.0
240,0.0
241,0.0
241,0.0
242,0.0
242,0.0
243,0.0
243,0.0
244,0.0
244,0.0
245,0.0
245,0.0
246,0.0
246,0.0
247,0.0
247,0.0
248,0.0
248,0.0
249,0.0
249,0.0
250,0.0
250,0.0
251,0.0
251,0.0
252,0.0
252,0.0
253,0.0
253,0.0
254,0.0
254,0.0
255,0.0
255,0.0
256,0.0
256,0.0
256,0.0
257,0.0
257,0.0
258,0.0
258,0.0
258,0.0
259,0.0
259,0.0
259,0.0
260,0.0
260,0.0
260,0.0
261,0.0
261,0.0
261,0.0
261,62.0
262,0.0
262,0.0
262,0.0
262,62.0
263,0.0
263,0.0
263,0.0
263,62.0
264,0.0
264,0.0
264,0.0
264,62.0
265,0.0
265,0.0
265,0.0
265,62.0
266,0.0
266,0.0
266,0.0
266,62.0
267,0.0
267,0.0
267,0.0
267,62.0
268,0.0
268,0.0
268,62.0
269,0.0
269,0.0
269,62.0
269,0.0
270,0.0
270,0.0
270,62.0
271,0.0
271,62.0
272,0.0
272,62.0
273,0.0
273,62.0
274,0.0
274,62.0
275,0.0
275,62.0
276,0.0
276,0.0
276,0.0
276,62.0
277,0.0
277,0.0
277,0.0
277,62.0
278,0.0
278,0.0
278,62.0
279,0.0
279,0.0
279,62.0
280,0.0
280,0.0
280,62.0
281,0.0
281,0.0
281,62.0
282,0.0
282,0.0
282,62.0
283,0.0
284,0.0
285,0.0
286,0.0
286,62.0
287,0.0
287,62.0
288,0.0
288,62.0
289,0.0
289,62.0
290,0.0
290,62.0
291,0.0
291,62.0
292,0.0
292,62.0
293,0.0
293,62.0
294,0.0
294,62.0
295,0.0
295,62.0
296,0.0
296,62.0
297,0.0
297,62.0
298,0.0
298,62.0
298,0.0
299,0.0
299,62.0
299,0.0
300,0.0
300,62.0
301,0.0
301,62.0
301,0.0
302,0.0
302,62.0
303,0.0
303,62.0
303,0.0
304,0.0
304,62.0
304,0.0
305,0.0
305,62.0
305,0.0
306,0.0
306,0.0
306,62.0
307,0.0
307,0.0
307,62.0
308,0.0
308,0.0
308,62.0
309,0.0
309,0.0
309,62.0
310,0.0
310,0.0
310,62.0
311,0.0
311,0.0
311,62.0
312,0.0
312,0.0
312,62.0
313,0.0
313,62.0
314,0.0
314,62.0
315,0.0
315,62.0
316,0.0
316,0.0
317,0.0
317,0.0
318,0.0
318,0.0
319,0.0
319,0.0
320,0.0
320,0.0
321,0.0
321,0.0
322,0.0
322,0.0
323,0.0
323,0.0
324,0.0
324,0.0
325,0.0
325,0.0
326,0.0
326,0.0
327,0.0
327,0.0
328,0.0
328,0.0
329,0.0
329,0.0
330,0.0
330,0.0
331,0.0
331,0.0
332,0.0
332,0.0
333,0.0
333,0.0
334,0.0
334,0.0
335,0.0
335,0.0
336,0.0
336,0.0
337,0.0
337,0.0
338,0.0
338,0.0
338,62.0
339,0.0
339,0.0
339,62.0
340,0.0
340,0.0
340,62.0
341,0.0
341,0.0
341,62.0
342,0.0
342,0.0
342,62.0
343,0.0
343,0.0
344,0.0
344,0.0
345,0.0
345,0.0
346,0.0
347,0.0
348,0.0
348,0.0
349,0.0
349,0.0
350,0.0
350,0.0
351,0.0
351,0.0
352,0.0
352,0.0
353,0.0
353,0.0
354,0.0
354,0.0
355,0.0
355,0.0
356,0.0
356,0.0
357,0.0
357,0.0
358,0.0
358,0.0
359,0.0
359,0.0
360,0.0
360,0.0
361,0.0
361,0.0
362,0.0
363,0.0
363,0.0
364,0.0
364,0.0
365,0.0
365,0.0
366,0.0
366,0.0
367,0.0
367,0.0
368,0.0
368,0.0
369,0.0
369,0.0
370,0.0
370,0.0
371,0.0
371,0.0
372,0.0
372,0.0
373,0.0
373,0.0
374,0.0
374,0.0
375,0.0
375,0.0
376,0.0
376,0.0
377,0.0
377,0.0
378,0.0
378,0.0
379,0.0
379,0.0
380,0.0
380,0.0
381,0.0
381,0.0
382,0.0
382,0.0
383,0.0
383,0.0
384,0.0
384,0.0
385,0.0
385,0.0
386,0.0
386,0.0
387,0.0
387,0.0
388,0.0
388,0.0
389,0.0
389,0.0
390,0.0
390,0.0
391,0.0
391,0.0
392,0.0
392,0.0
393,0.0
393,0.0
394,0.0
394,0.0
395,0.0
395,0.0
396,0.0
396,0.0
397,0.0
397,0.0
398,0.0
398,0.0
399,0.0
399,0.0
400,0.0
400,0.0
401,0.0
402,0.0
403,0.0
404,0.0
405,0.0
406,0.0
406,0.0
407,0.0
407,0.0
408,0.0
408,0.0
409,0.0
409,0.0
410,0.0
410,0.0
411,0.0
411,0.0
412,0.0
412,0.0
413,0.0
413,0.0
414,0.0
414,0.0
415,0.0
416,0.0
417,0.0
418,0.0
419,0.0
420,0.0
420,0.0
421,0.0
421,0.0
422,0.0
422,0.0
423,0.0
423,0.0
424,0.0
424,0.0
425,0.0
425,0.0
426,0.0
426,0.0
427,0.0
427,0.0
428,0.0
428,0.0
429,0.0
429,0.0
430,0.0
431,0.0
431,0.0
432,0.0
432,0.0
433,0.0
433,0.0
434,0.0
434,0.0
435,0.0
435,0.0
436,0.0
436,0.0
437,0.0
437,0.0
438,0.0
438,0.0
439,0.0
439,0.0
440,0.0
440,0.0
441,0.0
442,0.0
443,0.0
443,0.0
444,0.0
444,0.0
445,0.0
445,0.0
445,62.0
446,0.0
446,0.0
446,62.0
447,0.0
447,0.0
447,62.0
448,0.0
448,0.0
449,0.0
449,0.0
449,62.0
450,0.0
450,0.0
450,62.0
451,0.0
451,0.0
451,62.0
452,0.0
452,0.0
452,62.0
453,0.0
453,0.0
453,62.0
454,0.0
454,0.0
454,62.0
455,0.0
455,0.0
455,62.0
456,0.0
456,0.0
456,62.0
457,0.0
457,0.0
457,62.0
458,0.0
458,0.0
458,62.0
459,0.0
459,0.0
459,62.0
460,0.0
460,0.0
460,62.0
461,0.0
461,0.0
461,62.0
462,0.0
462,0.0
462,62.0
463,0.0
463,0.0
463,62.0
464,0.0
464,0.0
464,62.0
465,0.0
465,0.0
465,62.0
466,0.0
466,0.0
466,62.0
467,0.0
467,0.0
467,62.0
468,0.0
468,0.0
468,62.0
469,0.0
469,0.0
469,62.0
470,0.0
470,0.0
470,62.0
471,0.0
471,0.0
471,62.0
472,0.0
472,0.0
472,62.0
473,0.0
473,0.0
473,62.0
474,0.0
474,0.0
474,62.0
475,0.0
475,0.0
475,62.0
476,0.0
476,0.0
476,62.0
477,0.0
477,0.0
477,62.0
478,0.0
478,0.0
478,62.0
479,0.0
479,0.0
479,62.0
480,0.0
480,0.0
480,62.0
481,0.0
481,0.0
481,62.0
482,0.0
482,0.0
482,62.0
483,0.0
483,0.0
483,62.0
484,0.0
484,0.0
484,62.0
485,0.0
485,0.0
485,62.0
486,0.0
486,0.0
486,62.0
487,0.0
487,0.0
487,62.0
488,0.0
488,0.0
488,62.0
489,0.0
489,0.0
489,62.0
490,0.0
490,0.0
490,62.0
491,0.0
491,0.0
491,62.0
492,0.0
492,0.0
492,62.0
493,0.0
493,0.0
493,62.0
494,0.0
494,0.0
494,62.0
495,0.0
495,62.0
495,0.0
496,0.0
496,62.0
496,0.0
497,0.0
497,62.0
497,0.0
498,0.0
498,62.0
498,0.0
499,0.0
499,62.0
499,0.0
500,0.0
500,62.0
501,0.0
501,62.0
502,0.0
502,62.0
503,0.0
503,62.0
504,0.0
504,62.0
504,0.0
505,0.0
505,62.0
505,0.0
506,0.0
506,62.0
507,0.0
507,62.0
508,0.0
508,62.0
509,0.0
509,62.0
510,0.0
510,62.0
511,0.0
511,62.0
512,0.0
512,62.0
512,0.0
513,0.0
513,62.0
513,0.0
514,0.0
514,62.0
514,0.0
515,0.0
515,62.0
515,0.0
516,0.0
516,62.0
516,0.0
517,0.0
517,62.0
517,0.0
518,0.0
518,62.0
518,0.0
519,0.0
519,62.0
519,0.0
520,0.0
520,62.0
520,0.0
521,0.0
521,62.0
522,0.0
522,62.0
523,0.0
523,62.0
524,0.0
524,62.0
525,0.0
525,62.0
526,0.0
526,62.0
527,0.0
527,62.0
528,0.0
528,62.0
529,0.0
529,62.0
529,0.0
530,0.0
530,62.0
530,0.0
531,0.0
531,62.0
531,0.0
532,0.0
532,62.0
532,0.0
533,0.0
533,62.0
533,0.0
534,0.0
534,62.0
534,0.0
535,0.0
535,62.0
535,0.0
536,0.0
536,62.0
537,0.0
537,62.0
537,0.0
538,0.0
538,62.0
538,0.0
539,0.0
539,62.0
540,0.0
540,62.0
541,0.0
541,62.0
542,0.0
542,62.0
543,0.0
543,62.0
544,0.0
544,62.0
545,0.0
545,62.0
546,0.0
546,62.0
547,0.0
547,62.0
548,0.0
548,62.0
549,0.0
549,62.0
550,0.0
550,62.0
551,0.0
551,62.0
552,0.0
552,62.0
553,0.0
553,62.0
554,0.0
554,62.0
554,0.0
555,0.0
555,62.0
555,0.0
556,0.0
556,62.0
556,0.0
557,0.0
557,62.0
557,0.0
558,0.0
558,62.0
558,0.0
559,0.0
559,62.0
560,0.0
560,62.0
561,0.0
561,62.0
562,0.0
562,62.0
562,0.0
563,0.0
563,62.0
564,0.0
564,62.0
565,0.0
565,62.0
566,0.0
566,62.0
567,0.0
567,62.0
568,0.0
568,62.0
569,0.0
569,0.0
569,62.0
570,0.0
570,0.0
570,62.0
571,0.0
571,62.0
571,0.0
572,0.0
572,62.0
572,0.0
573,0.0
573,62.0
573,0.0
574,0.0
574,0.0
574,62.0
575,0.0
575,0.0
575,62.0
576,0.0
576,0.0
576,62.0
577,0.0
577,0.0
577,62.0
578,0.0
578,0.0
578,62.0
579,0.0
579,0.0
579,62.0
580,0.0
580,0.0
580,62.0
581,0.0
581,0.0
581,62.0
582,0.0
582,0.0
582,62.0
583,0.0
583,0.0
583,62.0
584,0.0
584,0.0
584,62.0
585,0.0
585,0.0
585,62.0
586,0.0
586,62.0
587,0.0
587,62.0
588,0.0
588,62.0
589,0.0
589,62.0
589,0.0
590,0.0
590,62.0
590,0.0
591,0.0
591,62.0
592,0.0
592,62.0
592,0.0
593,0.0
593,62.0
593,0.0
594,0.0
594,62.0
595,0.0
595,62.0
596,0.0
596,0.0
596,62.0
597,0.0
597,62.0
597,0.0
598,0.0
598,62.0
598,0.0
599,0.0
599,62.0
600,0.0
600,62.0
601,0.0
601,62.0
602,0.0
602,62.0
603,0.0
603,62.0
604,0.0
604,62.0
605,0.0
605,62.0
606,0.0
606,62.0
607,0.0
607,62.0
608,0.0
608,62.0
609,0.0
609,62.0
610,0.0
610,62.0
611,0.0
611,62.0
612,0.0
612,62.0
613,0.0
613,62.0
614,0.0
614,62.0
615,0.0
615,62.0
616,0.0
616,62.0
617,0.0
617,62.0
618,0.0
618,62.0
619,0.0
619,62.0
620,0.0
620,62.0
621,0.0
621,62.0
622,0.0
622,62.0
623,0.0
623,62.0
624,0.0
624,62.0
625,0.0
625,62.0
626,0.0
626,62.0
627,0.0
627,62.0
628,0.0
628,62.0
629,0.0
629,62.0
630,0.0
630,62.0
631,0.0
631,62.0
632,0.0
632,62.0
633,0.0
633,62.0
634,0.0
634,62.0
635,0.0
635,62.0
636,0.0
636,62.0
637,0.0
637,62.0
638,0.0
638,62.0
639,0.0
639,62.0
640,0.0
640,62.0
641,0.0
642,0.0
643,0.0
644,0.0
644,62.0
645,0.0
645,62.0
646,0.0
646,62.0
647,0.0
647,62.0
648,0.0
648,62.0
649,0.0
649,62.0
650,0.0
650,62.0
651,0.0
651,0.0
651,62.0
652,0.0
652,0.0
652,62.0
653,0.0
653,0.0
653,62.0
654,0.0
654,0.0
654,62.0
654,0.0
655,0.0
655,0.0
655,62.0
655,0.0
656,0.0
656,0.0
656,0.0
656,62.0
657,0.0
657,0.0
657,0.0
657,62.0
658,0.0
658,0.0
658,0.0
658,62.0
659,0.0
659,0.0
659,0.0
659,62.0
660,0.0
660,0.0
660,0.0
660,62.0
661,0.0
661,62.0
661,0.0
662,0.0
662,62.0
662,0.0
663,0.0
663,62.0
663,0.0
664,0.0
664,62.0
665,0.0
665,62.0
666,0.0
666,62.0
667,0.0
667,62.0
668,0.0
668,62.0
669,0.0
669,62.0
670,0.0
670,62.0
671,0.0
671,62.0
671,0.0
672,0.0
672,62.0
672,0.0
673,0.0
673,62.0
673,0.0
674,0.0
674,0.0
674,62.0
675,0.0
675,0.0
675,62.0
676,0.0
676,62.0
676,0.0
676,0.0
677,0.0
677,62.0
677,0.0
677,0.0
678,0.0
678,62.0
678,0.0
678,0.0
679,0.0
679,0.0
679,62.0
680,0.0
680,62.0
680,0.0
681,0.0
681,62.0
682,0.0
682,62.0
683,0.0
683,62.0
684,0.0
684,62.0
685,0.0
685,62.0
686,0.0
686,62.0
687,0.0
687,62.0
688,0.0
688,62.0
689,0.0
689,62.0
690,0.0
690,62.0
690,0.0
691,0.0
691,0.0
691,62.0
692,0.0
692,0.0
692,62.0
693,0.0
693,0.0
693,62.0
694,0.0
694,0.0
694,62.0
695,0.0
695,0.0
695,62.0
696,0.0
696,0.0
696,62.0
696,39.0
697,0.0
697,0.0
697,62.0
698,0.0
698,0.0
698,62.0
699,0.0
699,0.0
699,39.0
700,0.0
700,0.0
700,39.0
701,0.0
701,0.0
701,39.0
702,0.0
702,0.0
702,39.0
703,0.0
703,0.0
703,39.0
704,0.0
704,0.0
704,39.0
705,0.0
705,0.0
705,39.0
706,0.0
706,0.0
707,0.0
707,0.0
708,0.0
708,0.0
709,0.0
709,0.0
710,0.0
710,0.0
711,0.0
711,0.0
711,39.0
712,0.0
712,0.0
712,39.0
713,0.0
713,0.0
713,39.0
714,0.0
714,0.0
714,39.0
715,0.0
715,0.0
715,39.0
716,0.0
716,0.0
716,39.0
717,0.0
717,0.0
717,39.0
718,0.0
718,0.0
718,39.0
719,0.0
720,0.0
721,0.0
722,0.0
723,0.0
724,0.0
725,0.0
726,0.0
727,0.0
728,0.0
729,0.0
730,0.0
731,0.0
732,0.0
733,0.0
734,0.0
735,0.0
736,0.0
737,0.0
738,0.0
739,0.0
740,0.0
741,0.0
742,0.0
743,0.0
744,0.0
745,0.0
746,0.0
747,0.0
748,0.0
749,0.0
750,0.0
751,0.0
752,0.0
753,0.0
754,0.0
755,0.0
756,0.0
757,0.0
758,0.0
759,0.0
760,0.0
761,0.0
762,0.0
763,0.0
764,0.0
765,0.0
766,0.0
767,0.0
768,0.0
769,0.0
770,0.0
771,0.0
772,0.0
773,0.0
774,0.0
775,0.0
776,0.0
777,0.0
778,0.0
779,0.0
780,0.0
781,0.0
782,0.0
783,0.0
784,0.0
785,0.0
786,0.0
787,0.0
788,0.0
789,0.0
790,0.0
791,0.0
792,0.0
793,0.0
794,0.0
795,0.0
796,0.0
797,0.0
798,0.0
799,0.0
800,0.0
801,0.0
802,0.0
803,0.0
804,0.0
805,0.0
806,0.0
807,0.0
808,0.0
809,0.0
810,0.0
811,0.0
812,0.0
813,0.0
814,0.0
815,0.0
816,0.0
816,0.0
817,0.0
817,0.0
818,0.0
818,0.0
819,0.0
819,0.0
820,0.0
820,0.0
821,0.0
821,0.0
822,0.0
822,0.0
823,0.0
823,0.0
824,0.0
824,0.0
825,0.0
825,0.0
826,0.0
826,0.0
827,0.0
827,0.0
828,0.0
828,0.0
829,0.0
829,0.0
830,0.0
830,0.0
831,0.0
831,0.0
832,0.0
832,0.0
833,0.0
833,0.0
834,0.0
834,0.0
834,62.0
835,0.0
835,0.0
835,62.0
836,0.0
836,0.0
836,62.0
837,0.0
837,0.0
837,62.0
838,0.0
838,0.0
838,62.0
839,0.0
839,0.0
839,62.0
840,0.0
840,0.0
841,0.0
841,0.0
841,62.0
842,0.0
842,0.0
842,62.0
843,0.0
843,0.0
843,62.0
844,0.0
844,0.0
844,62.0
845,0.0
845,0.0
845,62.0
846,0.0
846,0.0
846,62.0
847,0.0
847,0.0
848,0.0
848,0.0
849,0.0
849,0.0
850,0.0
850,0.0
851,0.0
851,0.0
851,62.0
852,0.0
852,0.0
852,62.0
853,0.0
853,0.0
853,62.0
854,0.0
854,0.0
854,62.0
855,0.0
855,0.0
855,62.0
856,0.0
856,0.0
856,62.0
857,0.0
857,0.0
857,62.0
858,0.0
858,0.0
858,62.0
859,0.0
859,0.0
859,62.0
860,0.0
860,0.0
860,62.0
861,0.0
861,0.0
861,62.0
862,0.0
862,0.0
862,62.0
863,0.0
863,0.0
863,62.0
864,0.0
864,0.0
864,62.0
865,0.0
865,0.0
865,62.0
866,0.0
866,0.0
866,62.0
867,0.0
867,0.0
867,62.0
868,0.0
868,0.0
868,62.0
869,0.0
869,0.0
869,62.0
870,0.0
870,0.0
870,62.0
871,0.0
871,0.0
871,62.0
872,0.0
872,0.0
872,62.0
873,0.0
873,0.0
873,62.0
874,0.0
874,0.0
874,62.0
875,0.0
875,0.0
875,62.0
876,0.0
876,0.0
877,0.0
877,0.0
878,0.0
878,0.0
879,0.0
879,0.0
880,0.0
880,0.0
881,0.0
881,0.0
882,0.0
882,0.0
883,0.0
883,0.0
884,0.0
884,0.0
884,62.0
885,0.0
885,0.0
885,62.0
886,0.0
886,0.0
887,0.0
887,0.0
888,0.0
888,0.0
889,0.0
889,0.0
890,0.0
890,0.0
891,0.0
891,0.0
892,0.0
892,0.0
893,0.0
893,0.0
894,0.0
894,0.0
895,0.0
895,0.0
896,0.0
896,0.0
897,0.0
897,0.0
898,0.0
898,0.0
899,0.0
899,0.0
900,0.0
900,0.0
901,0.0
901,0.0
902,0.0
902,0.0
903,0.0
903,0.0
904,0.0
904,0.0
905,0.0
905,0.0
906,0.0
906,0.0
907,0.0
907,0.0
908,0.0
908,0.0
909,0.0
909,0.0
910,0.0
910,0.0
911,0.0
911,0.0
912,0.0
912,0.0
913,0.0
913,0.0
914,0.0
914,0.0
915,0.0
915,0.0
916,0.0
916,0.0
917,0.0
917,0.0
918,0.0
918,0.0
919,0.0
919,0.0
920,0.0
920,0.0
921,0.0
921,0.0
922,0.0
922,0.0
923,0.0
923,0.0
924,0.0
924,0.0
925,0.0
925,0.0
926,0.0
926,0.0
927,0.0
927,0.0
928,0.0
928,0.0
929,0.0
929,0.0
930,0.0
930,0.0
931,0.0
931,0.0
932,0.0
932,0.0
933,0.0
934,0.0
935,0.0
936,0.0
937,0.0
938,0.0
938,0.0
939,0.0
939,0.0
940,0.0
940,0.0
941,0.0
941,0.0
942,0.0
942,0.0
943,0.0
943,0.0
944,0.0
944,0.0
945,0.0
945,0.0
946,0.0
946,0.0
947,0.0
947,0.0
948,0.0
948,0.0
949,0.0
949,0.0
950,0.0
950,0.0
951,0.0
951,0.0
952,0.0
952,0.0
953,0.0
953,0.0
954,0.0
954,0.0
955,0.0
955,0.0
956,0.0
956,0.0
957,0.0
957,0.0
958,0.0
958,0.0
959,0.0
959,0.0
960,0.0
960,0.0
961,0.0
962,0.0
962,62.0
962,39.0
963,0.0
963,39.0
964,0.0
964,39.0
965,0.0
965,62.0
965,39.0
966,0.0
966,62.0
966,39.0
967,0.0
968,0.0
969,0.0
969,39.0
970,0.0
970,39.0
971,0.0
971,39.0
971,62.0
972,0.0
972,39.0
973,0.0
973,62.0
974,0.0
974,62.0
975,0.0
975,62.0
976,0.0
976,62.0
976,0.0
977,0.0
977,62.0
977,0.0
978,0.0
978,62.0
978,39.0
979,0.0
979,62.0
980,0.0
980,62.0
981,0.0
981,62.0
981,39.0
982,0.0
982,62.0
983,0.0
983,62.0
983,0.0
984,0.0
984,62.0
984,0.0
985,0.0
985,62.0
985,0.0
986,0.0
986,62.0
987,0.0
987,62.0
988,0.0
988,62.0
988,0.0
989,0.0
989,62.0
989,0.0
989,39.0
990,0.0
990,62.0
990,0.0
991,0.0
991,62.0
991,0.0
992,0.0
992,62.0
992,0.0
993,0.0
993,0.0
993,62.0
994,0.0
994,0.0
994,62.0
995,0.0
995,0.0
995,62.0
996,0.0
996,62.0
996,0.0
996,39.0
997,0.0
997,62.0
997,0.0
998,0.0
998,62.0
998,0.0
999,0.0
999,62.0
999,0.0
1000,0.0
1000,62.0
1000,0.0
1001,0.0
1001,62.0
1001,0.0
1002,0.0
1002,0.0
1002,62.0
1003,0.0
1003,0.0
1003,62.0
1004,0.0
1004,0.0
1004,62.0
1005,0.0
1005,0.0
1005,62.0
1006,0.0
1006,62.0
1006,0.0
1007,0.0
1007,62.0
1007,0.0
1008,0.0
1008,62.0
1008,39.0
1008,0.0
1009,0.0
1009,62.0
1009,0.0
1009,39.0
1010,0.0
1010,62.0
1010,0.0
1010,39.0
1011,0.0
1011,62.0
1011,0.0
1011,39.0
1012,0.0
1012,62.0
1012,0.0
1012,39.0
1013,0.0
1013,62.0
1014,0.0
1014,62.0
1014,39.0
1015,0.0
1015,62.0
1015,39.0
1016,0.0
1016,62.0
1016,0.0
1016,39.0
1017,0.0
1017,62.0
1017,0.0
1017,39.0
1018,0.0
1018,62.0
1018,0.0
1018,39.0
1019,0.0
1019,62.0
1019,0.0
1019,39.0
1020,0.0
1020,62.0
1020,0.0
1020,39.0
1021,0.0
1021,62.0
1021,39.0
1021,0.0
1022,0.0
1022,62.0
1022,39.0
1023,0.0
1023,62.0
1023,39.0
1023,0.0
1024,0.0
1024,62.0
1024,39.0
1025,0.0
1025,62.0
1025,0.0
1025,39.0
1026,0.0
1026,62.0
1026,0.0
1027,0.0
1027,62.0
1027,0.0
1028,0.0
1028,0.0
1028,62.0
1028,0.0
1029,0.0
1029,0.0
1029,62.0
1029,0.0
1030,0.0
1030,0.0
1030,62.0
1030,0.0
1031,0.0
1031,0.0
1031,62.0
1031,39.0
1032,0.0
1032,0.0
1032,62.0
1032,39.0
1033,0.0
1033,0.0
1033,62.0
1033,39.0
1034,0.0
1034,0.0
1034,62.0
1035,0.0
1035,0.0
1035,62.0
1036,0.0
1036,0.0
1036,62.0
1037,0.0
1037,0.0
1037,62.0
1038,0.0
1038,62.0
1039,0.0
1040,0.0
1041,0.0
1041,0.0
1042,0.0
1042,39.0
1043,0.0
1043,0.0
1044,0.0
1044,0.0
1045,0.0
1045,0.0
1046,0.0
1046,0.0
1047,0.0
1047,0.0
1048,0.0
1048,0.0
1049,0.0
1049,0.0
1050,0.0
1050,0.0
1051,0.0
1051,0.0
1052,0.0
1052,0.0
1053,0.0
1053,0.0
1053,39.0
1054,0.0
1054,0.0
1054,39.0
1055,0.0
1055,0.0
1055,39.0
1056,0.0
1056,0.0
1056,39.0
1057,0.0
1057,0.0
1057,39.0
1058,0.0
1058,0.0
1058,39.0
1058,62.0
1059,0.0
1059,0.0
1059,39.0
1059,62.0
1060,0.0
1060,0.0
1060,39.0
1060,62.0
1061,0.0
1061,39.0
1061,62.0
1062,0.0
1062,39.0
1062,62.0
1063,0.0
1064,0.0
1065,0.0
1066,0.0
1067,0.0
1067,39.0
1068,0.0
1068,39.0
1069,0.0
1069,39.0
1069,0.0
1070,0.0
1070,39.0
1071,0.0
1071,0.0
1071,39.0
1072,0.0
1072,0.0
1072,39.0
1073,0.0
1073,0.0
1073,39.0
1074,0.0
1074,0.0
1074,39.0
1075,0.0
1075,0.0
1075,39.0
1076,0.0
1077,0.0
1078,0.0
1079,0.0
1080,0.0
1081,0.0
1082,0.0
1083,0.0
1084,0.0
1085,0.0
1091,0.0
1091,39.0
1092,0.0
1092,39.0
1093,0.0
1093,39.0
1094,0.0
1094,39.0
1095,0.0
1095,39.0
1096,39.0
1097,39.0
1098,0.0
1098,39.0
1099,0.0
1099,39.0
1100,0.0
1100,39.0
1101,0.0
1102,0.0
1103,0.0
1103,39.0
1104,0.0
1104,39.0
1105,0.0
1105,39.0
1106,0.0
1106,0.0
1107,0.0
1107,0.0
1108,0.0
1108,62.0
1109,0.0
1109,62.0
1110,0.0
1110,62.0
1110,0.0
1111,0.0
1112,0.0
1113,0.0
1113,62.0
1114,0.0
1114,62.0
1115,0.0
1115,62.0
1116,62.0
1117,62.0
1128,39.0
1129,39.0
1130,39.0
1131,39.0
1132,0.0
1132,39.0
1133,0.0
1133,39.0
1134,0.0
1134,39.0
1135,0.0
1135,39.0
1136,0.0
1136,39.0
1137,0.0
1137,39.0
1138,0.0
1139,0.0
1140,0.0
1141,0.0
1142,0.0
1143,0.0
1143,62.0
1144,0.0
1145,0.0
1145,62.0
1146,62.0
1146,0.0
1147,0.0
1147,62.0
1148,0.0
1148,62.0
1149,0.0
1149,62.0
1150,0.0
1150,62.0
1151,62.0
1152,62.0
1153,62.0
1154,39.0
1155,39.0
1156,62.0
1156,39.0
1157,62.0
1157,39.0
1158,62.0
1158,39.0
1159,62.0
1159,39.0
1160,62.0
1160,39.0
1161,62.0
1161,39.0
1162,62.0
1162,39.0
1163,62.0
1163,39.0
1164,62.0
1164,39.0
1165,62.0
1165,39.0
1166,62.0
1166,39.0
1167,62.0
1167,39.0
1168,39.0
1169,39.0
1170,39.0
1170,62.0
1171,39.0
1171,62.0
1172,39.0
1172,62.0
1173,39.0
1173,62.0
1174,39.0
1175,39.0
1176,39.0
1177,39.0
1178,39.0
1179,39.0
1180,39.0
1181,39.0
1182,39.0
1183,39.0
1184,39.0
1185,39.0
1186,39.0
1187,39.0
1188,39.0
1189,39.0
1190,39.0
1191,39.0
1192,39.0
1193,39.0
1194,39.0
1195,39.0
1196,39.0
1197,39.0
1198,39.0
1199,39.0
1200,39.0
1201,39.0
1202,39.0
1203,39.0
1204,39.0
1205,39.0
1206,39.0
1207,39.0
1208,39.0
1209,39.0
1210,39.0
1211,39.0
1212,39.0
1213,39.0
1214,39.0
1215,39.0
1216,39.0
1217,39.0
1218,39.0
1219,39.0
1220,39.0
1221,39.0
1222,39.0
1228,39.0
1230,39.0
1231,39.0
1232,39.0
1233,39.0
1234,39.0
1235,39.0
1236,39.0
1237,39.0
1238,39.0
1239,39.0
1240,39.0
1241,39.0
1242,39.0
1243,39.0
1244,39.0
1245,39.0
1246,39.0
1247,39.0
1248,39.0
1249,39.0
1250,39.0
1251,39.0
1252,39.0
1253,39.0
1254,39.0
1255,39.0
1256,39.0
1257,39.0
1258,39.0
1259,39.0
1260,39.0
1261,39.0
1262,39.0
1263,39.0
1264,39.0
1265,39.0
1266,39.0
1267,39.0
1268,39.0
1269,39.0
1270,39.0
1271,39.0
1272,39.0
1273,39.0
1274,39.0
1275,39.0
1276,39.0
1277,39.0
1278,39.0
1279,39.0
1280,39.0
1281,39.0
1282,39.0
1283,39.0
1284,39.0
1285,39.0
1286,39.0
1287,39.0
1288,39.0
1289,39.0
1290,39.0
1291,39.0
1292,39.0
1293,39.0
1294,39.0
1295,39.0
1296,39.0
1297,39.0
1298,39.0
1299,39.0
1300,39.0
1301,39.0
1302,39.0
1303,39.0
1304,39.0
1305,39.0
1306,39.0
1307,39.0
1308,39.0
1309,39.0
1310,39.0
1311,39.0
1312,39.0
1313,39.0
1314,39.0
1315,39.0
1316,39.0
1317,39.0
1318,39.0
1319,39.0
1320,39.0
1321,39.0
1322,39.0
1323,39.0
1324,39.0
1325,39.0
1326,39.0
1327,39.0
1328,39.0
1329,39.0
1330,39.0
1331,39.0
1332,39.0
1333,39.0
1334,39.0
1335,39.0
1336,39.0
1337,39.0
1338,39.0
1339,39.0
1340,39.0
1341,39.0
1342,39.0
1343,39.0
1344,39.0
1345,39.0
1346,39.0
1347,39.0
1348,39.0
1349,39.0
1350,39.0
1351,39.0
1352,39.0
1356,0.0
1357,0.0
1358,0.0
1359,0.0
1360,0.0
1361,0.0
1362,0.0
1418,0.0
1419,0.0
1435,0.0
1436,0.0
1437,0.0
1438,0.0
1439,0.0
1440,0.0
1441,0.0
1442,0.0
1443,0.0
1444,0.0
1445,0.0
1446,0.0
1447,0.0
1448,0.0
1449,0.0
1450,0.0
1451,0.0
1452,0.0
1453,0.0
1454,0.0
1455,0.0
1456,0.0
1457,0.0
1458,0.0
1459,0.0
1460,0.0
1461,0.0
1462,0.0
1463,0.0
1464,0.0
1476,0.0
1477,0.0
1478,0.0
1479,0.0
1480,0.0
1481,0.0
1482,0.0
1490,0.0
1491,0.0
1492,0.0
1493,0.0
1494,0.0
1514,0.0
1515,0.0
1516,0.0
1519,0.0
1520,0.0
1521,0.0
1521,0.0
1522,0.0
1522,0.0
1523,0.0
1523,0.0
1524,0.0
1524,0.0
1525,0.0
1525,0.0
1526,0.0
1526,0.0
1527,0.0
1527,0.0
1528,0.0
1528,0.0
1529,0.0
1529,0.0
1530,0.0
1530,0.0
1531,0.0
1531,0.0
1532,0.0
1532,0.0
1533,0.0
1533,0.0
1534,0.0
1534,0.0
1535,0.0
1535,0.0
1536,0.0
1536,0.0
1536,0.0
1537,0.0
1537,0.0
1537,0.0
1538,0.0
1538,0.0
1538,0.0
1539,0.0
1539,0.0
1539,0.0
1540,0.0
1540,0.0
1540,0.0
1541,0.0
1541,0.0
1541,0.0
1542,0.0
1542,0.0
1542,0.0
1543,0.0
1543,0.0
1543,0.0
1544,0.0
1545,0.0
1546,0.0
1546,0.0
1547,0.0
1547,0.0
1548,0.0
1548,0.0
1548,0.0
1549,0.0
1549,0.0
1549,0.0
1550,0.0
1550,0.0
1550,0.0
1551,0.0
1551,0.0
1551,0.0
1552,0.0
1552,0.0
1552,0.0
1553,0.0
1553,0.0
1553,0.0
1554,0.0
1554,0.0
1554,0.0
1555,0.0
1555,0.0
1555,0.0
1556,0.0
1556,0.0
1556,0.0
1557,0.0
1557,0.0
1557,0.0
1558,0.0
1558,0.0
1558,0.0
1559,0.0
1559,0.0
1559,0.0
1560,0.0
1560,0.0
1560,0.0
1561,0.0
1561,0.0
1561,0.0
1562,0.0
1562,0.0
1562,0.0
1563,0.0
1563,0.0
1563,0.0
1564,0.0
1564,0.0
1565,0.0
1565,0.0
1566,0.0
1566,0.0
1567,0.0
1567,0.0
1568,0.0
1568,0.0
1569,0.0
1569,0.0
1569,0.0
1570,0.0
1570,0.0
1570,0.0
1571,0.0
1571,0.0
1572,0.0
1572,0.0
1573,0.0
1573,0.0
1574,0.0
1574,0.0
1575,0.0
1575,0.0
1576,0.0
1576,0.0
1577,0.0
1577,0.0
1578,0.0
1578,0.0
1579,0.0
1579,0.0
1580,0.0
1580,0.0
1581,0.0
1581,0.0
1582,0.0
1582,0.0
1583,0.0
1583,0.0
1584,0.0
1584,0.0
1585,0.0
1585,0.0
1586,0.0
1586,0.0
1587,0.0
1587,0.0
1588,0.0
1588,0.0
1589,0.0
1589,0.0
1590,0.0
1590,0.0
1591,0.0
1591,0.0
1592,0.0
1592,0.0
1593,0.0
1593,0.0
1594,0.0
1594,0.0
1595,0.0
1595,0.0
1596,0.0
1596,0.0
1597,0.0
1597,0.0
1598,0.0
1598,0.0
1599,0.0
1599,0.0
1600,0.0
1600,0.0
1601,0.0
1601,0.0
1602,0.0
1602,0.0
1603,0.0
1603,0.0
1604,0.0
1604,0.0
1605,0.0
1605,0.0
1606,0.0
1606,0.0
1607,0.0
1607,0.0
1608,0.0
1608,0.0
1609,0.0
1609,0.0
1610,0.0
1610,0.0
1611,0.0
1611,0.0
1612,0.0
1612,0.0
1613,0.0
1613,0.0
1614,0.0
1614,0.0
1615,0.0
1615,0.0
1616,0.0
1616,0.0
1617,0.0
1617,0.0
1618,0.0
1618,0.0
1619,0.0
1619,0.0
1620,0.0
1620,0.0
1621,0.0
1621,0.0
1622,0.0
1622,0.0
1623,0.0
1623,0.0
1624,0.0
1625,0.0
1626,0.0
1627,0.0
1628,0.0
1628,0.0
1629,0.0
1630,0.0
1631,0.0
1632,0.0
1633,0.0
1634,0.0
1635,0.0
1636,0.0
1636,0.0
1637,0.0
1638,0.0
1638,0.0
1639,0.0
1640,0.0
1641,0.0
1642,0.0
1643,0.0
1644,0.0
1645,0.0
1646,0.0
1647,0.0
1648,0.0
1649,0.0
1650,0.0
1651,0.0
1652,0.0
1653,0.0
1654,0.0
1655,0.0
1656,0.0
1657,0.0
1658,0.0
1659,0.0
1659,0.0
1660,0.0
1660,0.0
1661,0.0
1661,0.0
1662,0.0
1662,0.0
1663,0.0
1663,0.0
1664,0.0
1664,0.0
1665,0.0
1665,0.0
1666,0.0
1666,0.0
1667,0.0
1667,0.0
1668,0.0
1668,0.0
1669,0.0
1669,0.0
1670,0.0
1670,0.0
1671,0.0
1671,0.0
1672,0.0
1672,0.0
1673,0.0
1673,0.0
1674,0.0
1674,0.0
1675,0.0
1675,0.0
1676,0.0
1676,0.0
1677,0.0
1677,0.0
1678,0.0
1678,0.0
1679,0.0
1679,0.0
1680,0.0
1680,0.0
1681,0.0
1681,0.0
1682,0.0
1682,0.0
1683,0.0
1683,0.0
1684,0.0
1684,0.0
1685,0.0
1685,0.0
1686,0.0
1686,0.0
1687,0.0
1687,0.0
1688,0.0
1688,0.0
1689,0.0
1689,0.0
1690,0.0
1690,0.0
1691,0.0
1691,0.0
1692,0.0
1692,0.0
1693,0.0
1693,0.0
1694,0.0
1694,0.0
1695,0.0
1695,0.0
1696,0.0
1696,0.0
1697,0.0
1697,0.0
1698,0.0
1698,0.0
1699,0.0
1699,0.0
1700,0.0
1700,0.0
1701,0.0
1701,0.0
1702,0.0
1702,0.0
1703,0.0
1703,0.0
1704,0.0
1704,0.0
1705,0.0
1705,0.0
1706,0.0
1706,0.0
1707,0.0
1707,0.0
1708,0.0
1708,0.0
1709,0.0
1709,0.0
1710,0.0
1710,0.0
1711,0.0
1711,0.0
1712,0.0
1712,0.0
1713,0.0
1713,0.0
1714,0.0
1714,0.0
1715,0.0
1715,0.0
1716,0.0
1716,0.0
1717,0.0
1717,0.0
1718,0.0
1718,0.0
1719,0.0
1719,0.0
1720,0.0
1720,0.0
1721,0.0
1721,0.0
1722,0.0
1722,0.0
1723,0.0
1723,0.0
1724,0.0
1724,0.0
1725,0.0
1725,0.0
1726,0.0
1726,0.0
1727,0.0
1727,0.0
1728,0.0
1728,0.0
1729,0.0
1729,0.0
1730,0.0
1730,0.0
1731,0.0
1731,0.0
1732,0.0
1732,0.0
1733,0.0
1733,0.0
1734,0.0
1734,0.0
1735,0.0
1735,0.0
1736,0.0
1736,0.0
1737,0.0
1737,0.0
1738,0.0
1738,0.0
1739,0.0
1739,0.0
1740,0.0
1740,0.0
1741,0.0
1741,0.0
1742,0.0
1742,0.0
1743,0.0
1743,0.0
1744,0.0
1744,0.0
1745,0.0
1745,0.0
1746,0.0
1746,0.0
1747,0.0
1747,0.0
1748,0.0
1748,0.0
1749,0.0
1749,0.0
1750,0.0
1750,0.0
1751,0.0
1751,0.0
1752,0.0
1752,0.0
1753,0.0
1753,0.0
1754,0.0
1754,0.0
1755,0.0
1755,0.0
1756,0.0
1756,0.0
1757,0.0
1757,0.0
1758,0.0
1758,0.0
1759,0.0
1759,0.0
1760,0.0
1760,0.0
1761,0.0
1761,0.0
1762,0.0
1762,0.0
1763,0.0
1763,0.0
1764,0.0
1764,0.0
1765,0.0
1765,0.0
1766,0.0
1766,0.0
1767,0.0
1767,0.0
1768,0.0
1768,0.0
1769,0.0
1769,0.0
1770,0.0
1770,0.0
1771,0.0
1771,0.0
1772,0.0
1772,0.0
1773,0.0
1773,0.0
1774,0.0
1774,0.0
1775,0.0
1775,0.0
1776,0.0
1776,0.0
1777,0.0
1777,0.0
1778,0.0
1778,0.0
1779,0.0
1779,0.0
1780,0.0
1780,0.0
1781,0.0
1781,0.0
1782,0.0
1782,0.0
1783,0.0
1783,0.0
1784,0.0
1784,0.0
1785,0.0
1785,0.0
1786,0.0
1787,0.0
1788,0.0
1789,0.0
1789,0.0
1790,0.0
1790,0.0
1791,0.0
1792,0.0
1792,0.0
1793,0.0
1793,0.0
1794,0.0
1794,0.0
1795,0.0
1795,0.0
1796,0.0
1796,0.0
1797,0.0
1797,0.0
1798,0.0
1798,0.0
1799,0.0
1799,0.0
1800,0.0
1800,0.0
1801,0.0
1801,0.0
1802,0.0
1802,0.0
1803,0.0
1803,0.0
1804,0.0
1804,0.0
1805,0.0
1805,0.0
1806,0.0
1806,0.0
1807,0.0
1807,0.0
1808,0.0
1808,0.0
1809,0.0
1809,0.0
1810,0.0
1810,0.0
1811,0.0
1812,0.0
1813,0.0
1814,0.0
1815,0.0
1816,0.0
1817,0.0
1818,0.0
1819,0.0
1820,0.0
1821,0.0
1822,0.0
1823,0.0
1824,0.0
1824,0.0
1825,0.0
1825,0.0
1826,0.0
1826,0.0
1827,0.0
1827,0.0
1828,0.0
1828,0.0
1829,0.0
1829,0.0
1830,0.0
1830,0.0
1831,0.0
1831,0.0
1832,0.0
1832,0.0
1833,0.0
1833,0.0
1834,0.0
1834,0.0
1835,0.0
1835,0.0
1836,0.0
1836,0.0
1837,0.0
1837,0.0
1838,0.0
1838,0.0
1839,0.0
1839,0.0
1840,0.0
1840,0.0
1841,0.0
1841,0.0
1842,0.0
1842,0.0
1843,0.0
1843,0.0
1844,0.0
1844,0.0
1845,0.0
1845,0.0
1846,0.0
1847,0.0
1848,0.0
1910,62.0
1911,62.0
1912,62.0
1913,62.0
1914,62.0
1915,62.0
1916,62.0
1917,62.0
1918,62.0
1919,62.0
1920,62.0
1921,62.0
1922,62.0
1928,62.0
1929,62.0
1930,62.0
1931,62.0
1932,62.0
1933,62.0
1934,62.0
1935,62.0
1936,62.0
1937,62.0
1938,62.0
1939,62.0
1940,62.0
1941,62.0
1942,62.0
1943,62.0
1943,0.0
1944,62.0
1944,0.0
1945,62.0
1945,0.0
1946,62.0
1946,0.0
1947,62.0
1947,0.0
1948,0.0
1948,62.0
1949,0.0
1949,62.0
1950,0.0
1950,62.0
1951,0.0
1951,62.0
1952,0.0
1952,62.0
1953,62.0
1954,62.0
1955,62.0
1956,62.0
1957,62.0
1958,62.0
1959,62.0
1960,62.0
1961,62.0
1961,0.0
1962,62.0
1962,0.0
1963,0.0
1963,62.0
1964,62.0
1965,62.0
1966,62.0
1966,0.0
1967,62.0
1967,0.0
1968,62.0
1968,0.0
1969,62.0
1969,0.0
1970,62.0
1970,0.0
1971,62.0
1971,0.0
1972,62.0
1972,0.0
1973,62.0
1973,0.0
1974,62.0
1974,0.0
1975,62.0
1976,62.0
1977,62.0
1983,62.0
1984,62.0
1985,62.0
1986,62.0
1987,62.0
1988,62.0
1989,62.0
1990,62.0
1991,62.0
1992,62.0
1993,62.0
1994,62.0
1995,62.0
1996,62.0
1997,62.0
1998,62.0
1999,62.0
2000,62.0
2001,62.0
2002,62.0
2003,62.0
2004,62.0
2005,62.0
2008,62.0
2009,62.0
2010,62.0
2018,62.0
2019,62.0
2020,62.0
2021,62.0
2022,62.0
2023,62.0
2024,62.0
2025,62.0
2028,62.0
2029,62.0
2030,62.0
2033,62.0
2034,62.0
2035,62.0
2036,62.0
2037,62.0
2038,62.0
2039,62.0
2040,62.0
2041,62.0
2042,62.0
2043,62.0
2044,62.0
2045,62.0
2046,62.0
2047,62.0
2048,62.0
2049,62.0
2050,62.0
2051,62.0
2052,62.0
2053,62.0
2054,0.0
2054,62.0
2055,0.0
2055,62.0
2056,0.0
2056,62.0
2057,0.0
2057,62.0
2058,0.0
2058,62.0
2059,0.0
2059,62.0
2060,0.0
2060,62.0
2061,0.0
2061,62.0
2062,0.0
2062,62.0
2063,0.0
2063,62.0
2064,0.0
2064,62.0
2065,0.0
2065,62.0
2066,0.0
2066,62.0
2067,0.0
2067,62.0
2068,0.0
2068,62.0
2069,0.0
2069,62.0
2070,0.0
2070,62.0
2071,0.0
2071,62.0
2072,0.0
2072,62.0
2073,62.0
2074,62.0
2075,62.0
2076,62.0
2077,62.0
2078,62.0
2079,62.0
2080,62.0
2081,62.0
2082,62.0
2083,62.0
2084,62.0
2085,62.0
2086,62.0
2087,62.0
2088,62.0
2089,62.0
2090,62.0
2091,62.0
2092,62.0
2092,0.0
2093,0.0
2093,62.0
2094,0.0
2094,62.0
2095,0.0
2095,62.0
2096,0.0
2096,62.0
2097,0.0
2097,62.0
2098,0.0
2098,62.0
2099,0.0
2099,62.0
2100,0.0
2100,62.0
2101,0.0
2101,62.0
2102,0.0
2102,62.0
2103,0.0
2103,62.0
2104,0.0
2104,62.0
2105,0.0
2105,62.0
2106,0.0
2106,62.0
2107,0.0
2107,62.0
2108,0.0
2108,62.0
2109,0.0
2109,62.0
2110,0.0
2110,62.0
2111,0.0
2111,62.0
2112,0.0
2112,62.0
2113,0.0
2113,62.0
2114,0.0
2114,62.0
2115,0.0
2115,62.0
2116,0.0
2116,62.0
2117,0.0
2117,62.0
2118,0.0
2119,0.0
2120,0.0
2121,0.0
2121,62.0
2122,0.0
2122,62.0
2123,0.0
2123,62.0
2124,0.0
2124,62.0
2125,0.0
2125,62.0
2126,0.0
2127,0.0
2128,0.0
2128,62.0
2129,0.0
2129,62.0
2130,0.0
2130,62.0
2131,0.0
2131,62.0
2132,0.0
2132,62.0
2133,0.0
2134,0.0
2134,62.0
2135,0.0
2135,62.0
2136,0.0
2136,62.0
2137,0.0
2137,62.0
2138,0.0
2138,62.0
2139,0.0
2139,62.0
2140,0.0
2140,62.0
2141,0.0
2141,62.0
2142,0.0
2142,62.0
2143,0.0
2143,62.0
2144,0.0
2144,62.0
2145,0.0
2145,62.0
2146,0.0
2146,62.0
2147,0.0
2147,62.0
2148,0.0
2148,62.0
2149,0.0
2149,62.0
2150,0.0
2150,62.0
2151,0.0
2151,62.0
2152,0.0
2152,62.0
2153,0.0
2153,62.0
2154,0.0
2154,62.0
2155,0.0
2155,62.0
2156,0.0
2157,0.0
2161,0.0
2162,0.0
2163,0.0
2164,0.0
2165,0.0
2166,0.0
2167,0.0
2228,62.0
2229,62.0
2230,62.0
2231,62.0
2232,62.0
2233,62.0
2234,62.0
2235,62.0
2236,62.0
2237,62.0
2243,62.0
2244,62.0
2245,62.0
2246,62.0
2247,62.0
2248,62.0
2249,62.0
2250,62.0
2259,62.0
2260,62.0
2268,62.0
2269,62.0
2270,62.0
2271,62.0
2272,62.0
2273,62.0
2274,62.0
2275,62.0
2276,62.0
2277,62.0
2278,62.0
2279,62.0
2280,62.0
2281,62.0
2282,62.0
2283,62.0
2284,62.0
2285,62.0
2286,62.0
2287,62.0
2288,62.0
2289,62.0
2290,62.0
2291,62.0
2292,62.0
2293,62.0
2294,62.0
2295,62.0
2296,62.0
2297,62.0
2298,62.0
2299,62.0
2300,62.0
2301,62.0
2302,62.0
2303,62.0
2304,62.0
2305,62.0
2306,62.0
2307,62.0
2308,62.0
2309,62.0
2310,62.0
2311,62.0
2312,62.0
2313,62.0
2314,62.0
2315,62.0
2316,62.0
2317,62.0
2318,62.0
2319,62.0
2320,62.0
2321,62.0
2322,62.0
2323,62.0
2324,62.0
2325,62.0
2326,62.0
2327,62.0
2328,62.0
2329,62.0
2330,62.0
2331,62.0
2332,62.0
2333,62.0
2334,62.0
2335,62.0
2336,62.0
2337,62.0
2338,62.0
2339,62.0
2340,62.0
2341,62.0
2342,62.0
2343,62.0
2344,62.0
2345,62.0
2346,62.0
2347,62.0
2348,62.0
2349,62.0
2350,62.0
2351,62.0
2352,62.0
2353,62.0
2354,62.0
2355,62.0
2356,62.0
2357,62.0
2358,62.0
2359,62.0
2360,62.0
2361,62.0
2362,62.0
2363,62.0
2364,62.0
2365,62.0
2366,62.0
2367,62.0
2368,62.0
2369,62.0
2370,62.0
2371,62.0
2372,62.0
2373,62.0
2374,62.0
2375,62.0
2376,62.0
2377,62.0
2378,62.0
2379,62.0
2380,62.0
2381,62.0
2382,62.0
2383,62.0
2384,62.0
2385,62.0
2386,62.0
2387,62.0
2388,62.0
2389,62.0
2390,62.0
2391,62.0
2392,62.0
2393,62.0
2394,62.0
2395,62.0
2396,62.0
2397,62.0
2398,62.0
2399,62.0
2400,62.0
2401,62.0
2402,62.0
2403,62.0
2404,62.0
2405,62.0
2406,62.0
2407,62.0
2408,62.0
2409,62.0
2410,62.0
2411,62.0
2412,62.0
2413,62.0
2414,62.0
2415,62.0
2416,62.0
2417,62.0
2418,62.0
2419,62.0
2420,62.0
2421,62.0
2422,62.0
2423,62.0
2424,62.0
2425,62.0
2426,62.0
2427,62.0
2428,62.0
2429,62.0
2430,62.0
2431,62.0
2432,62.0
2433,62.0
2434,62.0
2435,62.0
2436,62.0
2437,62.0
2438,62.0
2439,62.0
2440,62.0
2441,62.0
2442,62.0
2443,62.0
2444,62.0
2445,62.0
2446,62.0
2447,62.0
2448,62.0
2449,62.0
2450,62.0
2451,62.0
2452,62.0
2453,62.0
2454,62.0
2455,62.0
2456,62.0
2457,62.0
2458,62.0
2459,62.0
2460,62.0
2461,62.0
2462,62.0
2463,62.0
2464,62.0
2465,62.0
2466,62.0
2467,62.0
2468,62.0
2469,62.0
2470,62.0
2471,62.0
2472,62.0
2473,62.0
2474,62.0
2475,62.0
2476,62.0
2477,62.0
2478,62.0
2479,62.0
2480,62.0
2481,62.0
2482,62.0
2483,62.0
2484,62.0
2485,62.0
2486,62.0
2487,62.0
2488,62.0
2489,62.0
2490,62.0
2491,62.0
2492,62.0
2493,62.0
2494,62.0
2495,62.0
2496,62.0
2497,62.0
2498,62.0
2499,62.0
2500,62.0
2501,62.0
2502,62.0
2503,62.0
2504,62.0
2505,62.0
2506,62.0
2507,62.0
2508,62.0
2509,62.0
2510,62.0
2511,62.0
2512,62.0
2513,62.0
2514,62.0
2515,62.0
2516,62.0
2517,62.0
2518,62.0
2519,62.0
2520,62.0
2521,62.0
2522,62.0
2523,62.0
2524,62.0
2525,62.0
2526,62.0
2527,62.0
2528,62.0
2529,62.0
2530,62.0
2531,62.0
2532,62.0
2533,62.0
2534,62.0
2535,62.0
2536,62.0
2537,62.0
2538,62.0
2539,62.0
2540,62.0
2541,62.0
2542,62.0
2543,62.0
2544,62.0
2545,62.0
2546,62.0
2547,62.0
2548,62.0
2549,62.0
2550,62.0
2551,62.0
2552,62.0
2553,62.0
2554,62.0
2555,62.0
2556,62.0
2557,62.0
2558,62.0
2559,62.0
2560,62.0
2561,62.0
2562,62.0
2563,62.0
2564,62.0
2565,62.0
2586,62.0
2587,62.0
2588,62.0
2589,62.0
2590,62.0
2591,62.0
2592,62.0
2593,62.0
2594,62.0
2595,62.0
2596,62.0
2597,62.0
2598,62.0
2599,62.0
2600,62.0
2601,62.0
2602,62.0
2603,62.0
2604,62.0
2605,62.0
2606,62.0
2607,62.0
2608,62.0
2609,62.0
2610,62.0
2611,62.0
2612,62.0
2613,62.0
2614,62.0
2615,62.0
2616,62.0
2617,62.0
2618,62.0
2619,62.0
2620,62.0
2621,62.0
2622,62.0
2623,62.0
2624,62.0
2625,62.0
2627,62.0
2628,62.0
2629,62.0
2630,62.0
2631,62.0
2632,62.0
2633,62.0
2634,62.0
2635,62.0
2636,62.0
2637,62.0
2638,62.0
2639,62.0
2640,62.0
2641,62.0
2642,62.0
2643,62.0
2644,62.0
2645,62.0
2646,62.0
2647,62.0
2648,62.0
2649,62.0
2650,62.0
2651,62.0
2652,62.0
2653,62.0
2654,62.0
2655,62.0
2656,62.0
2657,62.0
2658,62.0
2659,62.0
2660,62.0
2661,62.0
2662,62.0
2663,62.0
2664,62.0
2665,62.0
2666,62.0
2667,62.0
2668,62.0
2669,62.0
2670,62.0
2671,62.0
2672,62.0
2673,62.0
2674,62.0
2675,62.0
2676,62.0
2677,62.0
2678,62.0
2679,62.0
2680,62.0
2681,62.0
2682,62.0
2683,62.0
2684,62.0
2685,62.0
2686,62.0
2687,62.0
2688,62.0
2689,62.0
2690,62.0
2691,62.0
2692,62.0
2693,62.0
2694,62.0
2695,62.0
2696,62.0
2697,62.0
2698,62.0
2699,62.0
2700,62.0
2701,62.0
2702,62.0
2703,62.0
2704,62.0
2705,62.0
2706,62.0
2707,62.0
2708,62.0
2724,62.0
2725,62.0
2726,62.0
2727,62.0
2728,62.0
2729,62.0
2730,62.0
2731,62.0
2732,62.0
2733,62.0
2736,62.0
2737,62.0
2738,62.0
2739,62.0
2740,62.0
2746,62.0
2747,62.0
2751,62.0
2752,62.0
2753,62.0
2754,62.0
2755,62.0
2756,62.0
2757,62.0
2758,62.0
2759,62.0
2760,62.0
2761,62.0
2762,62.0
2763,62.0
2764,62.0
2765,62.0
2766,62.0
2767,62.0
2768,62.0
2769,62.0
2770,62.0
2771,62.0
2772,62.0
2773,62.0
2774,62.0
2775,62.0
2776,62.0
2777,62.0
2778,62.0
2779,62.0
2780,62.0
2781,62.0
2782,62.0
2783,62.0
2784,62.0
2785,62.0
2786,62.0
2787,62.0
2788,62.0
2789,62.0
2790,62.0
2791,62.0
2792,62.0
2793,62.0
2794,62.0
2795,62.0
2796,62.0
2797,62.0
2798,62.0
2799,62.0
2800,62.0
2801,62.0
2802,62.0
2803,62.0
2804,62.0
2805,62.0
2806,62.0
2807,62.0
2808,62.0
2809,62.0
2810,62.0
2825,62.0
2833,62.0
2834,62.0
2835,62.0
2836,62.0
2837,62.0
2838,62.0
2839,62.0
2840,62.0
2841,62.0
2842,62.0
2843,62.0
2844,62.0
2845,62.0
2846,62.0
2847,62.0
2848,62.0
2849,62.0
2850,62.0
2851,62.0
2852,62.0
2853,62.0
2854,62.0
2855,62.0
2856,62.0
2857,62.0
2858,62.0
2859,62.0
2860,62.0
2861,62.0
2862,62.0
2863,62.0
2864,62.0
2864,0.0
2865,62.0
2866,62.0
2867,62.0
2868,62.0
2869,62.0
2870,62.0
2871,62.0
2872,62.0
2873,62.0
2874,62.0
2875,62.0
2876,62.0
2877,62.0
2878,62.0
2879,62.0
2880,62.0
2881,62.0
2882,62.0
2883,62.0
2884,62.0
2885,62.0
2886,62.0
2887,62.0
2888,62.0
2893,62.0
2894,62.0
2895,62.0
2896,62.0
2897,62.0
2898,62.0
2899,62.0
2900,62.0
2901,62.0
2902,62.0
2903,62.0
2904,62.0
2905,62.0
2906,62.0
2907,62.0
2908,62.0
2909,62.0
2910,62.0
2911,62.0
2912,62.0
2913,62.0
2914,62.0
2915,62.0
2916,62.0
2917,62.0
2918,62.0
2919,62.0
2920,62.0
2921,62.0
2922,62.0
2923,62.0
2924,62.0
2925,62.0
2926,62.0
2927,62.0
2928,62.0
2929,62.0
2930,62.0
2931,62.0
2932,62.0
2933,62.0
2934,62.0
2935,62.0
2936,62.0
2937,62.0
2938,62.0
2939,62.0
2940,62.0
2941,62.0
2942,62.0
2943,62.0
2944,62.0
2945,62.0
2946,62.0
2947,62.0
2948,62.0
2949,62.0
2950,62.0
2951,62.0
2952,62.0
2953,62.0
2954,62.0
2955,62.0
2956,62.0
2957,62.0
2958,62.0
2959,62.0
2960,62.0
2961,62.0
2962,62.0
2963,62.0
2964,62.0
2965,62.0
2966,62.0
2967,62.0
2968,62.0
2969,62.0
2970,62.0
2971,62.0
2972,62.0
2973,62.0
2974,62.0
2975,62.0
2976,62.0
2977,62.0
2978,62.0
2979,62.0
2980,62.0
2981,62.0
2982,62.0
2983,62.0
2984,62.0
2985,62.0
2986,62.0
2987,62.0
2988,62.0
2989,62.0
2990,62.0
2991,62.0
2992,62.0
2993,62.0
2994,62.0
2995,62.0
2996,62.0
2997,62.0
2998,62.0
2999,62.0
3000,62.0
3001,62.0
3002,62.0
3003,62.0
3004,62.0
3005,62.0
3006,62.0
3007,62.0
3008,62.0
3009,62.0
3010,62.0
3011,62.0
3012,62.0
3013,62.0
3014,62.0
3015,62.0
3016,62.0
3017,62.0
3018,62.0
3019,62.0
3020,62.0
3021,62.0
3022,62.0
3023,62.0
3024,62.0
3025,62.0
3026,62.0
3027,62.0
3028,62.0
3029,62.0
3030,62.0
3031,62.0
3032,62.0
3033,62.0
3034,62.0
3035,62.0
3036,62.0
3037,62.0
3038,62.0
3039,62.0
3040,62.0
3041,62.0
3042,62.0
3043,62.0
3044,62.0
3045,62.0
3046,62.0
3047,62.0
3048,62.0
3049,62.0
3050,62.0
3051,62.0
3052,62.0
3053,62.0
3054,62.0
3055,62.0
3056,62.0
3057,62.0
3058,62.0
3059,62.0
3060,62.0
3061,62.0
3062,62.0
3063,62.0
3064,62.0
3065,62.0
3066,0.0
3066,62.0
3067,0.0
3067,62.0
3068,62.0
3068,0.0
3069,62.0
3069,0.0
3070,62.0
3070,0.0
3071,62.0
3072,62.0
3073,62.0
3074,62.0
3075,62.0
3076,62.0
3076,0.0
3077,62.0
3078,62.0
3078,0.0
3079,62.0
3079,0.0
3080,62.0
3080,0.0
3081,62.0
3082,62.0
3083,62.0
3084,62.0
3085,62.0
3086,62.0
3087,62.0
3088,62.0
3089,62.0
3090,62.0
3091,62.0
3092,62.0
3093,62.0
3094,62.0
3095,62.0
3096,62.0
3097,62.0
3097,0.0
3098,0.0
3098,62.0
3099,0.0
3099,62.0
3100,0.0
3100,62.0
3101,0.0
3101,62.0
3102,0.0
3102,62.0
3103,62.0
3104,62.0
3105,62.0
3106,62.0
3107,62.0
3108,62.0
3109,62.0
3110,62.0
3111,62.0
3112,62.0
3113,62.0
3114,62.0
3115,62.0
3116,62.0
3117,62.0
3118,62.0
3119,62.0
3120,62.0
3121,62.0
3122,62.0
3123,62.0
3124,62.0
3125,62.0
3138,0.0
3138,0.0
3139,0.0
3139,0.0
3140,0.0
3140,0.0
3141,0.0
3141,0.0
3142,0.0
3142,0.0
3143,0.0
3143,0.0
3144,0.0
3144,0.0
3145,0.0
3145,0.0
3146,0.0
3146,0.0
3147,0.0
3147,0.0
3148,0.0
3149,0.0
3150,0.0
3151,0.0
3152,0.0
3153,0.0
3154,0.0
3155,0.0
3156,0.0
3157,0.0
3158,0.0
3159,0.0
3160,0.0
3162,0.0
3178,0.0
3179,0.0
3180,0.0
3181,0.0
3182,0.0
3201,0.0
3202,0.0
3203,0.0
3204,0.0
3205,0.0
3871,0.0
3872,0.0
3873,0.0
3903,0.0
3904,0.0
3905,0.0
3906,0.0
3907,0.0
3908,0.0
3909,0.0
3910,0.0
3911,0.0
3912,0.0
3913,0.0
3914,0.0
3915,0.0
3916,0.0
3917,0.0
3918,0.0
3919,0.0
3920,0.0
3921,0.0
3922,0.0
3937,0.0
3943,0.0
3944,0.0
3945,0.0
3948,0.0
3949,0.0
3950,0.0
3953,0.0
3954,0.0
3956,0.0
3957,0.0
3961,0.0
3962,0.0
3963,0.0
3964,0.0
3965,0.0
3966,0.0
3967,0.0
4001,0.0
4002,0.0
4006,0.0
4007,0.0
4018,0.0
4019,0.0
4020,0.0
4021,0.0
4022,0.0
4023,0.0
4024,0.0
4025,0.0
4026,0.0
4027,0.0
4028,0.0
4029,0.0
4030,0.0
4031,0.0
4032,0.0
4033,0.0
4034,0.0
4035,0.0
4036,0.0
4037,0.0
4038,0.0
4039,0.0
4040,0.0
4041,0.0
4042,0.0
4043,0.0
4044,0.0
4045,0.0
4048,0.0
4049,0.0
4050,0.0
4051,0.0
4052,0.0
4053,0.0
4054,0.0
4055,0.0
4056,0.0
4057,0.0
4058,0.0
4059,0.0
4060,0.0
4061,0.0
4062,0.0
4063,0.0
4064,0.0
4065,0.0
4066,0.0
4067,0.0
4068,0.0
4069,0.0
4070,0.0
4081,0.0
4082,0.0
4083,0.0
4084,0.0
4085,0.0
4086,0.0
4087,0.0
4088,0.0
4089,0.0
4090,0.0
4091,0.0
4092,0.0
4093,0.0
4094,0.0
4095,0.0
4098,0.0
4099,0.0
4100,0.0
4484,3.0
4484,0.0
4485,3.0
4485,0.0
4485,8.0
4486,3.0
4486,8.0
4487,3.0
4487,8.0
4488,3.0
4488,8.0
4489,3.0
4489,8.0
4490,3.0
4490,8.0
4491,3.0
4491,0.0
4491,8.0
4492,3.0
4492,0.0
4492,8.0
4493,3.0
4493,0.0
4493,8.0
4494,3.0
4494,0.0
4494,8.0
4495,3.0
4495,0.0
4495,8.0
4496,0.0
4496,3.0
4496,8.0
4497,0.0
4497,3.0
4497,8.0
4498,0.0
4498,3.0
4498,8.0
4499,3.0
4499,0.0
4499,8.0
4499,0.0
4500,3.0
4500,0.0
4500,8.0
4500,0.0
4501,0.0
4501,3.0
4501,8.0
4502,0.0
4502,3.0
4502,8.0
4503,0.0
4503,3.0
4503,8.0
4504,3.0
4504,0.0
4504,8.0
4505,3.0
4505,0.0
4505,8.0
4506,3.0
4506,0.0
4506,8.0
4507,3.0
4507,8.0
4507,0.0
4508,3.0
4508,8.0
4508,0.0
4509,3.0
4509,8.0
4509,0.0
4510,3.0
4510,8.0
4510,0.0
4511,3.0
4511,8.0
4511,0.0
4512,8.0
4512,3.0
4512,0.0
4513,8.0
4513,3.0
4513,0.0
4514,8.0
4514,3.0
4514,0.0
4515,0.0
4515,8.0
4515,3.0
4516,0.0
4516,8.0
4516,3.0
4517,0.0
4517,8.0
4517,3.0
4518,0.0
4518,8.0
4518,3.0
4519,0.0
4519,8.0
4519,3.0
4520,0.0
4520,8.0
4520,3.0
4521,0.0
4521,8.0
4521,3.0
4522,0.0
4522,8.0
4522,3.0
4522,0.0
4523,0.0
4523,8.0
4523,3.0
4523,0.0
4524,0.0
4524,3.0
4524,8.0
4524,0.0
4525,1.0
4525,0.0
4525,8.0
4525,3.0
4525,0.0
4526,1.0
4526,0.0
4526,8.0
4526,3.0
4526,0.0
4527,0.0
4527,3.0
4527,8.0
4527,1.0
4527,0.0
4528,0.0
4528,3.0
4528,8.0
4528,1.0
4528,0.0
4529,0.0
4529,3.0
4529,8.0
4529,1.0
4529,0.0
4530,0.0
4530,1.0
4530,3.0
4530,8.0
4530,0.0
4531,0.0
4531,1.0
4531,3.0
4531,8.0
4531,0.0
4532,0.0
4532,0.0
4532,8.0
4532,3.0
4532,1.0
4533,0.0
4533,0.0
4533,8.0
4533,3.0
4533,1.0
4534,0.0
4534,0.0
4534,8.0
4534,3.0
4534,1.0
4535,0.0
4535,3.0
4535,8.0
4535,0.0
4535,1.0
4536,0.0
4536,3.0
4536,8.0
4536,0.0
4536,1.0
4537,0.0
4537,3.0
4537,8.0
4538,0.0
4538,3.0
4538,8.0
4539,0.0
4539,3.0
4539,8.0
4540,0.0
4540,3.0
4540,8.0
4540,1.0
4541,0.0
4541,3.0
4541,8.0
4541,1.0
4542,0.0
4542,3.0
4542,8.0
4543,0.0
4543,3.0
4543,8.0
4544,0.0
4544,8.0
4544,3.0
4545,0.0
4545,8.0
4545,3.0
4546,0.0
4546,8.0
4546,3.0
4547,0.0
4547,8.0
4547,3.0
4548,0.0
4548,8.0
4548,3.0
4549,0.0
4549,8.0
4549,3.0
4550,0.0
4550,8.0
4550,3.0
4551,0.0
4551,8.0
4551,3.0
4552,8.0
4552,0.0
4552,3.0
4553,8.0
4553,0.0
4553,3.0
4554,8.0
4554,0.0
4554,3.0
4555,8.0
4555,0.0
4555,3.0
4556,8.0
4556,0.0
4556,3.0
4557,8.0
4557,0.0
4557,3.0
4558,8.0
4558,0.0
4558,3.0
4559,8.0
4559,0.0
4559,3.0
4560,8.0
4560,0.0
4560,3.0
4561,8.0
4561,0.0
4561,3.0
4562,8.0
4562,0.0
4562,3.0
4563,8.0
4563,0.0
4563,3.0
4564,8.0
4564,0.0
4564,3.0
4565,8.0
4565,0.0
4565,3.0
4566,8.0
4566,0.0
4566,3.0
4567,8.0
4567,0.0
4567,3.0
4568,8.0
4568,0.0
4568,3.0
4569,8.0
4569,0.0
4569,3.0
4570,8.0
4570,0.0
4570,3.0
4571,8.0
4571,0.0
4571,3.0
4572,8.0
4572,0.0
4572,3.0
4573,8.0
4573,0.0
4573,3.0
4574,8.0
4574,0.0
4574,3.0
4575,8.0
4575,0.0
4575,3.0
4576,8.0
4576,0.0
4576,3.0
4577,8.0
4577,0.0
4577,3.0
4578,8.0
4578,0.0
4578,3.0
4579,8.0
4579,0.0
4579,3.0
4580,8.0
4580,0.0
4580,3.0
4581,8.0
4581,0.0
4581,3.0
4582,8.0
4582,0.0
4582,3.0
4583,8.0
4583,0.0
4583,3.0
4584,8.0
4584,0.0
4584,3.0
4585,8.0
4585,0.0
4585,3.0
4586,8.0
4586,0.0
4586,3.0
4587,8.0
4587,0.0
4587,3.0
4588,8.0
4588,0.0
4588,3.0
4589,8.0
4589,0.0
4589,3.0
4590,8.0
4590,0.0
4590,3.0
4591,8.0
4591,0.0
4591,3.0
4592,8.0
4592,0.0
4592,3.0
4593,8.0
4593,0.0
4593,3.0
4594,8.0
4594,0.0
4594,3.0
4595,8.0
4595,0.0
4595,3.0
4596,8.0
4596,0.0
4596,3.0
4597,0.0
4597,8.0
4597,3.0
4598,0.0
4598,8.0
4598,3.0
4599,0.0
4599,8.0
4599,3.0
4600,0.0
4600,8.0
4600,3.0
4601,0.0
4601,8.0
4601,3.0
4602,0.0
4602,8.0
4602,3.0
4603,0.0
4603,8.0
4603,3.0
4604,0.0
4604,8.0
4604,3.0
4605,0.0
4605,8.0
4605,3.0
4606,0.0
4606,8.0
4606,3.0
4607,0.0
4607,8.0
4607,3.0
4608,0.0
4608,8.0
4608,3.0
4609,0.0
4609,8.0
4609,3.0
4610,0.0
4610,8.0
4610,3.0
4611,0.0
4611,8.0
4611,3.0
4612,0.0
4612,8.0
4612,3.0
4613,0.0
4613,8.0
4613,3.0
4614,0.0
4614,8.0
4614,3.0
4615,0.0
4615,8.0
4615,3.0
4616,0.0
4616,8.0
4616,3.0
4617,0.0
4617,8.0
4617,3.0
4618,0.0
4618,8.0
4618,3.0
4619,0.0
4619,8.0
4619,3.0
4620,0.0
4620,8.0
4620,3.0
4621,0.0
4621,8.0
4621,3.0
4622,0.0
4622,3.0
4622,8.0
4623,0.0
4623,3.0
4623,8.0
4624,0.0
4624,3.0
4624,8.0
4625,0.0
4625,3.0
4625,8.0
4626,0.0
4626,8.0
4626,3.0
4627,0.0
4627,8.0
4627,3.0
4628,0.0
4628,8.0
4628,3.0
4629,0.0
4629,8.0
4629,3.0
4630,0.0
4630,8.0
4630,3.0
4631,0.0
4631,8.0
4631,3.0
4632,8.0
4632,3.0
4632,0.0
4633,8.0
4633,3.0
4633,0.0
4634,8.0
4634,3.0
4634,0.0
4635,0.0
4635,8.0
4635,3.0
4636,0.0
4636,8.0
4636,3.0
4637,0.0
4637,8.0
4637,3.0
4638,0.0
4638,8.0
4638,3.0
4639,0.0
4639,8.0
4639,3.0
4640,0.0
4640,8.0
4640,3.0
4641,0.0
4641,8.0
4641,3.0
4642,0.0
4642,8.0
4642,3.0
4643,0.0
4643,8.0
4643,3.0
4644,0.0
4644,8.0
4644,3.0
4645,0.0
4645,8.0
4645,3.0
4646,0.0
4646,3.0
4646,8.0
4647,0.0
4647,8.0
4647,3.0
4648,0.0
4648,8.0
4648,3.0
4649,0.0
4649,3.0
4649,8.0
4650,0.0
4650,3.0
4650,8.0
4651,0.0
4651,3.0
4651,8.0
4652,3.0
4652,8.0
4652,0.0
4653,3.0
4653,8.0
4653,0.0
4654,3.0
4654,8.0
4654,0.0
4655,3.0
4655,0.0
4655,8.0
4656,0.0
4656,3.0
4656,8.0
4657,0.0
4657,3.0
4657,8.0
4657,0.0
4658,0.0
4658,3.0
4658,8.0
4658,0.0
4659,0.0
4659,3.0
4659,8.0
4659,0.0
4660,0.0
4660,3.0
4660,0.0
4660,8.0
4661,0.0
4661,3.0
4661,0.0
4661,8.0
4662,0.0
4662,3.0
4662,8.0
4663,0.0
4663,3.0
4663,8.0
4664,0.0
4664,3.0
4664,8.0
4665,0.0
4665,3.0
4665,0.0
4665,8.0
4666,0.0
4666,3.0
4666,0.0
4666,8.0
4667,0.0
4667,0.0
4667,3.0
4667,8.0
4668,0.0
4668,0.0
4668,3.0
4668,8.0
4669,0.0
4669,0.0
4669,3.0
4669,8.0
4670,0.0
4670,3.0
4671,0.0
4671,3.0
4672,0.0
4672,3.0
4672,8.0
4673,0.0
4673,3.0
4673,8.0
4674,0.0
4674,3.0
4674,8.0
4675,0.0
4675,3.0
4675,8.0
4676,0.0
4676,3.0
4676,8.0
4677,0.0
4677,3.0
4677,8.0
4678,0.0
4678,3.0
4678,8.0
4679,0.0
4679,3.0
4679,8.0
4680,0.0
4680,8.0
4680,3.0
4681,0.0
4681,8.0
4681,3.0
4682,0.0
4682,8.0
4682,3.0
4683,0.0
4683,8.0
4683,3.0
4684,0.0
4684,8.0
4684,3.0
4685,0.0
4685,8.0
4685,3.0
4686,0.0
4686,8.0
4687,0.0
4687,8.0
4688,0.0
4688,8.0
4689,0.0
4689,8.0
4690,0.0
4690,8.0
4691,0.0
4691,8.0
4692,0.0
4692,8.0
4693,0.0
4693,8.0
4694,0.0
4694,8.0
4695,0.0
4695,8.0
4696,0.0
4696,8.0
4697,0.0
4697,8.0
4698,0.0
4698,8.0
4699,0.0
4699,8.0
4700,0.0
4700,8.0
4701,0.0
4701,8.0
4701,3.0
4702,0.0
4702,8.0
4703,0.0
4703,8.0
4704,0.0
4704,8.0
4705,0.0
4705,8.0
4706,0.0
4706,8.0
4707,0.0
4707,8.0
4708,0.0
4708,8.0
4709,0.0
4709,8.0
4710,0.0
4710,8.0
4711,0.0
4711,8.0
4712,0.0
4712,8.0
4713,0.0
4713,8.0
4714,0.0
4714,8.0
4715,8.0
4716,8.0
4717,0.0
4717,8.0
4718,0.0
4718,8.0
4719,0.0
4719,8.0
4720,0.0
4720,8.0
4721,0.0
4721,8.0
4722,0.0
4722,8.0
4723,0.0
4723,8.0
4724,0.0
4724,8.0
4725,0.0
4725,8.0
4726,0.0
4726,8.0
4727,0.0
4727,8.0
4728,0.0
4728,8.0
4729,0.0
4729,8.0
4730,0.0
4730,8.0
4731,0.0
4731,8.0
4732,0.0
4732,8.0
4733,0.0
4733,8.0
4734,0.0
4734,8.0
4735,8.0
4735,0.0
4736,8.0
4736,0.0
4737,8.0
4738,8.0
4739,8.0
4740,8.0
4741,8.0
4742,8.0
4743,8.0
4744,8.0
4745,0.0
4745,8.0
4746,0.0
4746,8.0
4747,0.0
4747,8.0
4748,0.0
4748,8.0
4749,0.0
4749,8.0
4750,8.0
4751,8.0
4752,8.0
4753,8.0
4754,8.0
4755,8.0
4755,0.0
4756,8.0
4756,0.0
4757,0.0
4757,8.0
4758,0.0
4758,8.0
4759,0.0
4759,8.0
4760,0.0
4761,0.0
4766,8.0
4767,8.0
4768,8.0
4769,8.0
4770,8.0
4771,8.0
4772,8.0
4772,0.0
4773,0.0
4773,8.0
4774,0.0
4774,8.0
4775,0.0
4775,8.0
4776,0.0
4776,8.0
4777,0.0
4777,8.0
4778,0.0
4778,8.0
4779,0.0
4779,8.0
4780,0.0
4780,8.0
4781,0.0
4781,8.0
4782,0.0
4782,8.0
4783,0.0
4783,8.0
4784,0.0
4784,8.0
4785,8.0
4786,8.0
4787,8.0
4788,8.0
4789,8.0
4790,8.0
4791,8.0
4795,8.0
4796,8.0
4797,8.0
4798,8.0
4799,8.0
4806,8.0
4807,8.0
4808,8.0
4809,8.0
4817,8.0
4818,8.0
4819,8.0
4820,8.0
4917,8.0
4918,8.0
4919,8.0
4920,8.0
4921,8.0
4924,8.0
4925,8.0
4926,8.0
4927,8.0
4928,8.0
4929,8.0
4930,8.0
4931,8.0
4932,8.0
4933,8.0
4934,8.0
4935,8.0
4935,0.0
4936,8.0
4936,0.0
4937,8.0
4937,0.0
4938,0.0
4938,8.0
4939,8.0
4939,0.0
4940,0.0
4940,8.0
4941,0.0
4941,8.0
4942,0.0
4942,8.0
4943,0.0
4943,8.0
4944,8.0
4945,8.0
4947,0.0
4947,8.0
4948,0.0
4948,8.0
4949,0.0
4949,3.0
4950,0.0
4951,8.0
4952,3.0
4953,3.0
4954,8.0
4955,8.0
4955,3.0
4956,8.0
4956,3.0
4957,8.0
4957,3.0
4958,8.0
4958,3.0
4959,8.0
4959,3.0
4960,8.0
4960,3.0
4961,8.0
4961,3.0
4962,8.0
4962,3.0
4963,8.0
4963,3.0
4964,8.0
4965,8.0
4965,3.0
4970,8.0
4971,8.0
4992,0.0
4993,0.0
4994,0.0
4995,0.0
4996,0.0
4997,0.0
4998,0.0
4999,0.0
5000,0.0
5001,0.0
5002,0.0
5003,0.0
5004,0.0
5004,0.0
5005,0.0
5005,0.0
5006,0.0
5006,0.0
5007,0.0
5007,0.0
5008,0.0
5008,0.0
5009,0.0
5009,0.0
5010,0.0
5010,0.0
5011,0.0
5011,0.0
5012,0.0
5012,0.0
5013,0.0
5013,0.0
5014,0.0
5014,0.0
5015,0.0
5015,0.0
5016,0.0
5016,0.0
5017,0.0
5017,0.0
5018,0.0
5018,0.0
5019,0.0
5019,0.0
5020,0.0
5020,0.0
5021,0.0
5021,0.0
5022,0.0
5022,0.0
5023,0.0
5023,0.0
5024,0.0
5024,0.0
5025,0.0
5025,0.0
5026,0.0
5026,0.0
5027,0.0
5027,0.0
5028,0.0
5028,0.0
5029,0.0
5029,0.0
5030,0.0
5030,0.0
5031,0.0
5031,0.0
5032,0.0
5032,0.0
5033,0.0
5033,0.0
5034,0.0
5034,0.0
5035,0.0
5035,0.0
5036,0.0
5036,0.0
5037,0.0
5037,0.0
5038,0.0
5038,0.0
5039,0.0
5039,0.0
5040,0.0
5040,0.0
5041,0.0
5041,0.0
5042,0.0
5042,0.0
5043,0.0
5043,0.0
5044,0.0
5044,0.0
5045,0.0
5045,0.0
5046,0.0
5046,0.0
5047,0.0
5048,0.0
5049,0.0
5050,0.0
5051,0.0
5052,0.0
5053,0.0
5054,0.0
5055,0.0
5056,0.0
5057,0.0
5057,0.0
5058,0.0
5058,0.0
5059,0.0
5060,0.0
5061,0.0
5062,0.0
5063,0.0
5064,0.0
5065,0.0
5066,0.0
5067,0.0
5068,0.0
5069,0.0
5070,0.0
5071,0.0
5072,0.0
5073,0.0
5073,8.0
5074,0.0
5075,0.0
5075,8.0
5076,0.0
5076,8.0
5077,0.0
5077,8.0
5078,0.0
5079,0.0
5079,8.0
5080,0.0
5080,8.0
5081,0.0
5081,8.0
5082,0.0
5083,0.0
5084,0.0
5085,0.0
5085,8.0
5086,0.0
5087,0.0
5088,0.0
5089,0.0
5090,0.0
5091,0.0
5092,0.0
5093,0.0
5094,0.0
5095,0.0
5096,0.0
5100,8.0
5102,3.0
5103,3.0
5104,3.0
5105,3.0
5106,3.0
5107,3.0
5108,3.0
5109,0.0
5109,3.0
5110,0.0
5110,3.0
5111,0.0
5111,3.0
5112,0.0
5112,3.0
5113,0.0
5113,3.0
5114,3.0
5115,3.0
5116,3.0
5117,3.0
5117,0.0
5117,0.0
5118,3.0
5118,0.0
5118,0.0
5119,0.0
5120,0.0
5121,0.0
5122,0.0
5122,3.0
5123,0.0
5123,3.0
5124,0.0
5124,3.0
5125,0.0
5125,3.0
5126,0.0
5126,3.0
5127,0.0
5127,3.0
5128,0.0
5128,3.0
5129,0.0
5129,3.0
5130,0.0
5130,3.0
5131,0.0
5131,3.0
5132,0.0
5132,3.0
5133,0.0
5133,3.0
5134,0.0
5134,3.0
5135,0.0
5135,3.0
5136,0.0
5136,3.0
5137,0.0
5137,3.0
5137,8.0
5138,0.0
5138,3.0
5138,8.0
5139,0.0
5139,3.0
5139,8.0
5140,0.0
5140,3.0
5140,8.0
5141,0.0
5141,3.0
5141,8.0
5142,0.0
5142,3.0
5143,0.0
5143,3.0
5144,0.0
5144,3.0
5144,8.0
5145,0.0
5145,3.0
5145,8.0
5146,0.0
5146,3.0
5146,8.0
5147,0.0
5147,3.0
5148,0.0
5148,3.0
5149,0.0
5149,3.0
5150,0.0
5150,3.0
5151,0.0
5151,3.0
5152,0.0
5152,3.0
5153,0.0
5153,3.0
5154,0.0
5154,3.0
5154,8.0
5155,0.0
5155,3.0
5155,8.0
5156,0.0
5156,3.0
5156,8.0
5157,0.0
5157,3.0
5157,8.0
5158,0.0
5158,3.0
5159,0.0
5159,3.0
5160,0.0
5160,3.0
5161,0.0
5161,3.0
5162,0.0
5162,3.0
5163,0.0
5163,3.0
5164,0.0
5164,3.0
5165,0.0
5165,3.0
5166,0.0
5166,3.0
5167,0.0
5167,3.0
5168,0.0
5168,3.0
5169,0.0
5169,3.0
5170,0.0
5170,3.0
5171,0.0
5171,3.0
5172,0.0
5172,0.0
5173,0.0
5173,0.0
5174,0.0
5175,0.0
5176,0.0
5177,0.0
5177,3.0
5178,0.0
5178,3.0
5179,0.0
5180,0.0
5180,3.0
5181,0.0
5182,0.0
5183,0.0
5183,3.0
5184,0.0
5184,3.0
5185,0.0
5185,3.0
5186,0.0
5186,3.0
5187,0.0
5187,3.0
5188,0.0
5188,3.0
5189,0.0
5190,0.0
5191,0.0
5192,0.0
5193,0.0
5194,0.0
5194,0.0
5195,0.0
5195,0.0
5196,0.0
5196,0.0
5197,0.0
5197,0.0
5198,0.0
5198,0.0
5199,0.0
5199,0.0
5200,0.0
5200,0.0
5201,0.0
5201,0.0
5202,0.0
5202,0.0
5203,0.0
5203,0.0
5204,0.0
5204,0.0
5205,0.0
5205,0.0
5206,0.0
5207,0.0
5208,0.0
5209,0.0
5210,0.0
5211,0.0
5212,0.0
5213,0.0
5214,0.0
5215,0.0
5216,0.0
5217,0.0
5218,0.0
5219,0.0
5220,0.0
5221,0.0
5222,0.0
5223,0.0
5224,0.0
5225,0.0
5226,0.0
5227,0.0
5228,0.0
5229,0.0
5230,0.0
5231,0.0
5232,0.0
5233,0.0
5234,0.0
5235,0.0
5236,0.0
5237,0.0
5238,0.0
5239,0.0
5240,0.0
5241,0.0
5242,0.0
5243,0.0
5244,0.0
5245,0.0
5246,0.0
5247,0.0
5248,0.0
5249,0.0
5250,0.0
5251,0.0
5252,0.0
5253,0.0
5254,0.0
5254,3.0
5255,0.0
5255,3.0
5256,0.0
5256,3.0
5257,0.0
5257,3.0
5258,0.0
5258,3.0
5259,0.0
5259,3.0
5260,0.0
5260,3.0
5261,0.0
5261,3.0
5262,0.0
5262,3.0
5263,0.0
5263,3.0
5264,0.0
5264,3.0
5265,0.0
5265,3.0
5266,0.0
5266,3.0
5267,0.0
5267,3.0
5268,0.0
5268,3.0
5269,0.0
5269,3.0
5270,0.0
5270,3.0
5271,0.0
5271,3.0
5272,0.0
5272,3.0
5273,0.0
5273,3.0
5274,0.0
5274,3.0
5275,0.0
5275,3.0
5276,0.0
5276,3.0
5277,0.0
5277,3.0
5278,0.0
5278,3.0
5279,0.0
5279,3.0
5280,0.0
5280,3.0
5281,0.0
5281,3.0
5282,0.0
5282,3.0
5283,0.0
5283,3.0
5284,0.0
5284,3.0
5285,0.0
5285,3.0
5286,0.0
5286,3.0
5287,0.0
5287,3.0
5288,0.0
5288,3.0
5289,0.0
5289,3.0
5290,0.0
5290,3.0
5291,0.0
5291,3.0
5292,0.0
5292,3.0
5293,0.0
5293,3.0
5294,0.0
5294,3.0
5295,0.0
5295,3.0
5296,0.0
5296,3.0
5297,0.0
5297,3.0
5298,0.0
5298,3.0
5299,0.0
5299,3.0
5300,0.0
5300,3.0
5301,0.0
5301,3.0
5302,0.0
5302,0.0
5302,3.0
5303,0.0
5303,0.0
5303,3.0
5304,0.0
5304,3.0
5305,0.0
5305,3.0
5306,0.0
5307,0.0
5307,0.0
5307,3.0
5308,0.0
5308,0.0
5308,3.0
5309,0.0
5309,3.0
5310,0.0
5310,3.0
5311,0.0
5311,3.0
5312,0.0
5312,0.0
5312,3.0
5313,0.0
5313,0.0
5313,3.0
5314,0.0
5314,0.0
5314,3.0
5315,0.0
5315,0.0
5315,3.0
5316,0.0
5316,0.0
5316,3.0
5317,0.0
5317,0.0
5317,3.0
5318,0.0
5318,0.0
5318,3.0
5319,0.0
5319,0.0
5319,3.0
5320,0.0
5320,0.0
5320,3.0
5321,0.0
5321,0.0
5321,3.0
5322,0.0
5322,0.0
5322,3.0
5323,0.0
5323,0.0
5323,3.0
5324,0.0
5324,0.0
5324,3.0
5325,0.0
5325,0.0
5325,3.0
5326,0.0
5326,0.0
5326,3.0
5327,0.0
5327,0.0
5327,3.0
5328,0.0
5328,0.0
5328,3.0
5329,0.0
5329,0.0
5330,0.0
5330,0.0
5331,0.0
5331,0.0
5332,0.0
5332,0.0
5333,0.0
5333,0.0
5334,0.0
5334,0.0
5334,3.0
5335,0.0
5335,0.0
5335,3.0
5336,0.0
5336,0.0
5336,3.0
5337,0.0
5337,0.0
5337,3.0
5338,0.0
5338,0.0
5338,3.0
5339,0.0
5339,0.0
5339,3.0
5340,0.0
5340,0.0
5340,3.0
5341,0.0
5341,0.0
5341,3.0
5342,0.0
5342,3.0
5342,0.0
5343,0.0
5343,3.0
5343,0.0
5344,0.0
5344,0.0
5344,3.0
5345,0.0
5345,0.0
5345,3.0
5346,0.0
5346,0.0
5346,3.0
5347,0.0
5347,0.0
5347,0.0
5347,3.0
5348,0.0
5348,0.0
5348,0.0
5348,3.0
5349,0.0
5349,0.0
5349,3.0
5349,0.0
5350,0.0
5350,0.0
5350,0.0
5350,3.0
5351,0.0
5351,0.0
5351,0.0
5351,3.0
5352,0.0
5352,0.0
5352,3.0
5353,0.0
5353,0.0
5353,3.0
5354,0.0
5354,0.0
5354,3.0
5354,0.0
5355,0.0
5355,0.0
5355,3.0
5355,0.0
5356,0.0
5356,0.0
5356,3.0
5356,0.0
5357,0.0
5357,0.0
5357,3.0
5358,0.0
5358,0.0
5358,3.0
5358,0.0
5359,0.0
5360,0.0
5361,0.0
5362,0.0
5363,0.0
5364,0.0
5365,0.0
5366,0.0
5366,0.0
5367,0.0
5367,0.0
5368,0.0
5368,0.0
5369,0.0
5369,0.0
5370,0.0
5370,0.0
5371,0.0
5371,0.0
5372,0.0
5372,0.0
5373,0.0
5373,0.0
5374,0.0
5375,0.0
5376,0.0
5377,0.0
5378,0.0
5379,0.0
5379,3.0
5380,0.0
5381,0.0
5381,3.0
5382,3.0
5382,0.0
5383,3.0
5383,0.0
5384,0.0
5384,3.0
5385,0.0
5385,3.0
5386,0.0
5386,3.0
5387,0.0
5387,3.0
5388,0.0
5388,3.0
5389,0.0
5389,0.0
5389,3.0
5390,0.0
5390,0.0
5390,3.0
5391,0.0
5392,0.0
5393,0.0
5396,0.0
5397,0.0
5398,0.0
5399,0.0
5399,3.0
5400,0.0
5400,3.0
5401,0.0
5401,3.0
5402,0.0
5402,3.0
5403,0.0
5403,3.0
5404,0.0
5404,3.0
5405,0.0
5405,3.0
5406,0.0
5406,3.0
5407,3.0
5407,0.0
5408,3.0
5409,0.0
5409,3.0
5410,0.0
5410,3.0
5411,3.0
5412,3.0
5413,3.0
5414,3.0
5415,3.0
5416,3.0
5417,3.0
5418,3.0
5419,3.0
5420,3.0
5421,3.0
5422,3.0
5423,3.0
5424,3.0
5425,3.0
5426,3.0
5427,3.0
5428,3.0
5429,3.0
5430,3.0
5431,3.0
5432,3.0
5433,3.0
5434,3.0
5435,3.0
5484,0.0
5486,0.0
5487,0.0
5488,0.0
5488,0.0
5504,0.0
5505,0.0
5506,0.0
5507,0.0
5508,0.0
5511,3.0
5518,0.0
5518,0.0
5519,0.0
5519,0.0
5520,0.0
5521,0.0
5522,0.0
5523,0.0
5524,0.0
5525,0.0
5525,8.0
5526,0.0
5526,8.0
5527,0.0
5527,8.0
5528,0.0
5528,8.0
5529,0.0
5529,8.0
5530,0.0
5530,0.0
5530,8.0
5531,0.0
5531,0.0
5531,8.0
5532,0.0
5532,0.0
5532,0.0
5532,8.0
5533,0.0
5533,0.0
5533,0.0
5533,8.0
5534,0.0
5534,0.0
5534,0.0
5534,8.0
5535,0.0
5535,0.0
5535,0.0
5535,8.0
5536,0.0
5536,0.0
5536,0.0
5536,8.0
5537,0.0
5537,0.0
5537,8.0
5537,0.0
5538,0.0
5538,0.0
5538,8.0
5539,0.0
5539,0.0
5539,8.0
5539,0.0
5540,0.0
5540,0.0
5540,8.0
5541,0.0
5541,0.0
5541,8.0
5542,0.0
5542,0.0
5542,0.0
5542,8.0
5543,0.0
5543,0.0
5543,8.0
5543,0.0
5544,0.0
5544,0.0
5544,8.0
5544,0.0
5545,0.0
5545,0.0
5545,0.0
5545,8.0
5546,0.0
5546,0.0
5546,0.0
5546,8.0
5547,0.0
5547,0.0
5547,8.0
5547,0.0
5548,0.0
5548,0.0
5548,0.0
5548,8.0
5549,0.0
5549,0.0
5549,0.0
5549,8.0
5550,0.0
5550,0.0
5551,0.0
5551,0.0
5551,8.0
5552,0.0
5552,0.0
5552,8.0
5553,0.0
5553,0.0
5553,8.0
5554,0.0
5554,0.0
5554,8.0
5555,0.0
5555,8.0
5556,0.0
5556,8.0
5557,0.0
5557,8.0
5558,0.0
5558,8.0
5559,0.0
5559,8.0
5560,0.0
5561,0.0
5562,0.0
5563,0.0
5564,0.0
5565,0.0
5565,8.0
5566,0.0
5566,8.0
5567,0.0
5568,0.0
5569,0.0
5570,0.0
5571,0.0
5572,0.0
5573,0.0
5574,0.0
5574,8.0
5575,0.0
5575,3.0
5576,0.0
5576,3.0
5577,0.0
5577,3.0
5578,0.0
5578,3.0
5579,0.0
5579,3.0
5580,0.0
5580,3.0
5581,0.0
5581,3.0
5582,0.0
5583,0.0
5584,0.0
5585,0.0
5585,8.0
5586,0.0
5586,8.0
5587,0.0
5587,8.0
5588,0.0
5588,8.0
5589,0.0
5589,8.0
5590,0.0
5590,8.0
5591,0.0
5591,8.0
5592,0.0
5592,8.0
5593,0.0
5593,8.0
5594,0.0
5594,8.0
5595,0.0
5596,0.0
5597,0.0
5597,3.0
5597,8.0
5598,0.0
5598,3.0
5598,8.0
5599,0.0
5599,3.0
5599,8.0
5600,0.0
5600,3.0
5601,0.0
5601,3.0
5602,0.0
5602,8.0
5602,3.0
5603,0.0
5603,8.0
5603,3.0
5604,0.0
5604,8.0
5604,3.0
5605,0.0
5605,3.0
5605,8.0
5606,0.0
5606,3.0
5606,8.0
5607,0.0
5607,8.0
5608,0.0
5608,8.0
5609,0.0
5609,3.0
5609,8.0
5610,0.0
5611,0.0
5611,8.0
5612,0.0
5613,0.0
5614,0.0
5615,0.0
5616,0.0
5617,0.0
5618,0.0
5619,0.0
5620,0.0
5621,0.0
5622,0.0
5623,0.0
5624,0.0
5625,0.0
5625,0.0
5625,3.0
5626,0.0
5626,0.0
5626,3.0
5627,0.0
5628,0.0
5629,0.0
5630,0.0
5631,0.0
5632,0.0
5632,3.0
5632,8.0
5633,0.0
5633,3.0
5634,0.0
5634,3.0
5634,8.0
5635,0.0
5636,0.0
5637,0.0
5637,8.0
5638,0.0
5638,8.0
5639,0.0
5639,8.0
5640,0.0
5640,8.0
5641,0.0
5642,0.0
5643,0.0
5644,0.0
5645,0.0
5645,0.0
5646,0.0
5646,0.0
5647,0.0
5647,0.0
5648,0.0
5648,0.0
5649,0.0
5649,0.0
5650,0.0
5650,0.0
5651,0.0
5651,0.0
5652,0.0
5653,0.0
5654,0.0
5655,0.0
5655,0.0
5656,0.0
5656,0.0
5657,0.0
5657,0.0
5658,0.0
5658,0.0
5659,0.0
5659,0.0
5660,0.0
5660,0.0
5661,0.0
5661,0.0
5662,0.0
5662,0.0
5663,0.0
5663,0.0
5664,0.0
5664,0.0
5665,0.0
5665,0.0
5666,0.0
5666,0.0
5667,0.0
5667,0.0
5667,8.0
5668,0.0
5668,0.0
5668,8.0
5669,0.0
5669,0.0
5669,8.0
5670,0.0
5670,0.0
5670,8.0
5671,0.0
5671,0.0
5671,8.0
5672,0.0
5672,0.0
5672,8.0
5673,0.0
5673,0.0
5673,8.0
5674,0.0
5674,0.0
5674,8.0
5675,0.0
5675,0.0
5676,0.0
5676,0.0
5677,0.0
5677,0.0
5678,0.0
5678,0.0
5679,0.0
5679,0.0
5680,0.0
5680,8.0
5680,0.0
5680,0.0
5681,0.0
5681,8.0
5681,0.0
5681,0.0
5682,0.0
5682,8.0
5682,0.0
5683,0.0
5683,8.0
5683,0.0
5684,0.0
5684,8.0
5684,0.0
5685,8.0
5685,0.0
5685,0.0
5685,0.0
5686,8.0
5686,3.0
5686,0.0
5686,0.0
5687,0.0
5687,8.0
5687,3.0
5687,0.0
5688,0.0
5688,8.0
5688,3.0
5688,0.0
5689,0.0
5689,8.0
5689,3.0
5689,0.0
5690,8.0
5690,0.0
5690,3.0
5690,0.0
5691,8.0
5691,0.0
5691,0.0
5691,3.0
5692,8.0
5692,3.0
5693,8.0
5693,0.0
5693,3.0
5694,0.0
5694,3.0
5694,8.0
5695,8.0
5695,3.0
5696,8.0
5696,3.0
5696,0.0
5697,8.0
5697,0.0
5697,3.0
5698,8.0
5698,0.0
5698,3.0
5699,8.0
5699,0.0
5699,3.0
5700,8.0
5700,3.0
5701,8.0
5701,3.0
5702,8.0
5702,3.0
5703,8.0
5703,3.0
5704,8.0
5704,3.0
5705,8.0
5705,3.0
5706,8.0
5706,3.0
5707,8.0
5707,3.0
5708,8.0
5708,3.0
5709,8.0
5709,3.0
5710,0.0
5710,3.0
5711,0.0
5711,3.0
5712,3.0
5713,3.0
5714,3.0
5715,3.0
5716,3.0
5717,8.0
5717,3.0
5718,8.0
5718,3.0
5719,8.0
5719,3.0
5720,0.0
5720,3.0
5721,0.0
5721,8.0
5721,3.0
5722,8.0
5723,8.0
5724,8.0
5725,0.0
5725,0.0
5726,0.0
5726,0.0
5727,0.0
5727,0.0
5727,8.0
5728,0.0
5728,0.0
5728,8.0
5729,0.0
5729,0.0
5729,8.0
5730,0.0
5731,0.0
5732,0.0
5732,0.0
5733,0.0
5733,0.0
5733,8.0
5734,0.0
5734,3.0
5735,0.0
5735,8.0
5736,0.0
5736,8.0
5736,3.0
5737,0.0
5737,3.0
5737,0.0
5738,0.0
5738,3.0
5738,0.0
5738,8.0
5739,0.0
5739,3.0
5739,0.0
5739,8.0
5740,0.0
5740,0.0
5740,8.0
5741,0.0
5741,0.0
5741,8.0
5742,0.0
5742,8.0
5742,0.0
5742,3.0
5743,0.0
5743,8.0
5743,0.0
5743,3.0
5744,0.0
5744,8.0
5744,0.0
5744,3.0
5745,0.0
5745,0.0
5745,8.0
5746,0.0
5746,0.0
5746,8.0
5747,0.0
5747,0.0
5747,8.0
5748,0.0
5748,0.0
5748,8.0
5749,0.0
5749,0.0
5749,8.0
5750,0.0
5750,0.0
5750,3.0
5750,8.0
5751,0.0
5751,0.0
5751,3.0
5751,8.0
5752,3.0
5752,0.0
5753,3.0
5753,8.0
5753,0.0
5754,3.0
5754,0.0
5755,0.0
5755,3.0
5756,0.0
5756,3.0
5757,0.0
5757,3.0
5757,8.0
5758,0.0
5758,3.0
5758,8.0
5759,0.0
5759,3.0
5759,8.0
5760,0.0
5760,3.0
5760,8.0
5761,0.0
5761,3.0
5761,8.0
5762,0.0
5762,3.0
5762,8.0
5763,0.0
5763,3.0
5763,8.0
5764,0.0
5764,3.0
5764,8.0
5765,0.0
5765,3.0
5766,0.0
5766,3.0
5767,3.0
5767,0.0
5768,3.0
5768,0.0
5769,3.0
5769,0.0
5770,3.0
5770,0.0
5771,3.0
5771,0.0
5772,0.0
5772,3.0
5772,8.0
5773,0.0
5773,3.0
5773,8.0
5774,0.0
5774,3.0
5774,8.0
5775,3.0
5775,8.0
5776,3.0
5776,8.0
5777,3.0
5778,3.0
5779,3.0
5780,8.0
5780,3.0
5781,8.0
5781,3.0
5782,8.0
5782,3.0
5783,8.0
5784,8.0
5785,8.0
5785,3.0
5786,8.0
5786,3.0
5787,8.0
5788,8.0
5788,3.0
5789,8.0
5789,3.0
5790,8.0
5790,3.0
5791,8.0
5791,3.0
5792,8.0
5792,3.0
5793,8.0
5793,3.0
5794,8.0
5794,3.0
5795,8.0
5795,3.0
5796,8.0
5796,3.0
5797,8.0
5797,3.0
5798,8.0
5798,3.0
5799,8.0
5799,3.0
5800,3.0
5800,8.0
5801,3.0
5801,8.0
5802,3.0
5802,8.0
5803,3.0
5803,8.0
5804,3.0
5804,8.0
5805,8.0
5806,8.0
5809,8.0
5810,8.0
5811,8.0
5812,8.0
5813,8.0
5814,8.0
5815,8.0
5816,8.0
5817,8.0
5818,8.0
5819,8.0
5820,8.0
5821,8.0
5822,8.0
5823,8.0
5824,8.0
5825,8.0
5826,8.0
5827,8.0
5828,8.0
5829,8.0
5830,8.0
5831,8.0
5832,8.0
5833,8.0
5834,8.0
5835,8.0
5836,8.0
5837,8.0
5838,8.0
5839,8.0
5840,8.0
5841,8.0
5842,8.0
5842,0.0
5843,8.0
5843,0.0
5844,8.0
5844,0.0
5845,8.0
5845,0.0
5845,3.0
5846,8.0
5846,0.0
5847,8.0
5847,3.0
5848,8.0
5848,3.0
5849,8.0
5849,3.0
5850,8.0
5850,3.0
5851,8.0
5851,3.0
5852,0.0
5852,8.0
5853,0.0
5853,8.0
5854,0.0
5854,8.0
5855,0.0
5855,8.0
5856,0.0
5856,8.0
5857,0.0
5857,8.0
5858,0.0
5858,8.0
5859,0.0
5859,8.0
5860,0.0
5860,8.0
5861,0.0
5861,8.0
5862,8.0
5862,0.0
5863,8.0
5863,0.0
5864,8.0
5864,0.0
5865,8.0
5865,0.0
5866,8.0
5866,0.0
5867,8.0
5868,8.0
5868,0.0
5869,8.0
5870,8.0
5871,8.0
5872,8.0
5873,8.0
5874,8.0
5875,8.0
5876,8.0
5877,8.0
5878,8.0
5879,8.0
5880,8.0
5881,8.0
5882,8.0
5883,8.0
5884,8.0
5885,8.0
5886,8.0
5887,8.0
5888,8.0
5889,8.0
5890,8.0
5891,8.0
5892,8.0
5893,8.0
5894,8.0
5895,8.0
5896,8.0
5897,8.0
5898,8.0
5899,8.0
5900,8.0
5901,8.0
5902,8.0
5903,8.0
5904,8.0
5905,8.0
5906,8.0
5907,8.0
5908,8.0
5909,8.0
5910,8.0
5911,8.0
5912,8.0
5913,8.0
5914,8.0
5915,8.0
5916,8.0
5917,8.0
5918,8.0
5919,8.0
5920,8.0
5921,8.0
5922,8.0
5923,8.0
5924,8.0
5925,8.0
5926,8.0
5927,8.0
5928,8.0
5929,8.0
5930,8.0
5931,8.0
5932,8.0
5933,8.0
5937,8.0
5939,8.0
5940,8.0
5941,8.0
5942,8.0
5943,8.0
5944,8.0
5945,8.0
5946,8.0
5947,8.0
5948,8.0
5949,8.0
5950,8.0
5951,8.0
5952,8.0
5953,8.0
5954,8.0
5955,8.0
5956,8.0
5957,8.0
5958,8.0
5959,8.0
5960,8.0
5961,8.0
5962,8.0
5963,8.0
5964,8.0
5965,8.0
5966,8.0
5967,8.0
5968,8.0
5969,8.0
5970,8.0
5971,8.0
5972,8.0
5973,8.0
5974,8.0
5975,8.0
5976,8.0
5977,8.0
5978,8.0
5983,8.0
5987,8.0
5990,8.0
5997,8.0
5998,8.0
5999,8.0
6000,8.0
6001,8.0
6002,8.0
6003,8.0
6004,8.0
6005,8.0
6006,8.0
6007,8.0
6008,8.0
6009,8.0
6010,8.0
6011,8.0
6012,0.0
6012,8.0
6013,0.0
6013,8.0
6014,0.0
6014,8.0
6014,3.0
6015,0.0
6015,8.0
6015,3.0
6016,0.0
6016,8.0
6016,3.0
6017,0.0
6017,8.0
6017,3.0
6018,0.0
6018,8.0
6018,3.0
6019,0.0
6019,8.0
6019,3.0
6020,0.0
6020,8.0
6020,3.0
6021,0.0
6021,8.0
6021,3.0
6022,0.0
6022,3.0
6023,0.0
6024,0.0
6024,0.0
6024,8.0
6025,0.0
6025,0.0
6025,8.0
6026,0.0
6026,0.0
6026,8.0
6032,0.0
6032,3.0
6033,0.0
6033,3.0
6034,0.0
6034,8.0
6035,0.0
6035,8.0
6036,0.0
6036,8.0
6037,8.0
6037,0.0
6038,8.0
6038,0.0
6039,8.0
6040,8.0
6041,8.0
6042,0.0
6042,8.0
6042,3.0
6043,0.0
6043,8.0
6043,3.0
6044,0.0
6044,0.0
6044,3.0
6045,0.0
6045,0.0
6045,3.0
6046,0.0
6046,0.0
6046,3.0
6047,8.0
6047,0.0
6048,8.0
6049,0.0
6050,0.0
6051,0.0
6052,0.0
6052,8.0
6052,0.0
6053,0.0
6053,8.0
6053,0.0
6054,0.0
6054,0.0
6055,0.0
6055,0.0
6056,0.0
6056,0.0
6057,0.0
6058,0.0
6059,0.0
6059,8.0
6060,0.0
6060,8.0
6061,0.0
6061,8.0
6062,0.0
6062,8.0
6063,0.0
6063,8.0
6064,0.0
6064,8.0
6065,0.0
6065,8.0
6066,0.0
6066,8.0
6067,0.0
6067,8.0
6068,0.0
6068,8.0
6069,0.0
6069,8.0
6070,0.0
6070,8.0
6071,0.0
6071,8.0
6074,8.0
6076,8.0
6077,8.0
6078,8.0
6082,0.0
6082,8.0
6083,0.0
6083,8.0
6084,0.0
6085,0.0
6086,0.0
6087,0.0
6088,0.0
6089,0.0
6090,0.0
6091,0.0
6092,0.0
6093,0.0
6094,0.0
6095,0.0
6096,0.0
6097,0.0
6098,0.0
6099,0.0
6100,0.0
6101,0.0
6102,0.0
6103,0.0
6104,0.0
6105,0.0
6106,0.0
6107,0.0
6108,0.0
6109,0.0
6110,0.0
6111,0.0
6112,0.0
6113,0.0
6114,0.0
6115,0.0
6116,0.0
6117,0.0
6118,0.0
6119,0.0
6119,8.0
6119,3.0
6120,0.0
6120,8.0
6120,3.0
6121,0.0
6121,8.0
6121,3.0
6122,0.0
6122,8.0
6122,3.0
6123,0.0
6123,8.0
6123,3.0
6124,8.0
6124,3.0
6125,8.0
6125,3.0
6126,8.0
6126,3.0
6127,3.0
6127,8.0
6128,3.0
6128,8.0
6129,0.0
6129,3.0
6130,0.0
6130,3.0
6131,0.0
6131,3.0
6132,3.0
6132,8.0
6133,3.0
6133,8.0
6134,3.0
6134,8.0
6135,8.0
6135,3.0
6136,8.0
6136,3.0
6137,3.0
6137,8.0
6138,3.0
6138,8.0
6139,3.0
6139,8.0
6140,3.0
6140,8.0
6141,3.0
6141,8.0
6142,3.0
6143,3.0
6144,3.0
6144,8.0
6145,3.0
6145,8.0
6146,3.0
6149,3.0
6150,3.0
6151,3.0
6157,3.0
6158,3.0
6159,3.0
6160,3.0
6161,3.0
6162,3.0
6163,3.0
6164,3.0
6165,3.0
6166,3.0
6167,3.0
6168,3.0
6169,3.0
6169,8.0
6170,3.0
6170,8.0
6171,3.0
6171,8.0
6172,8.0
6173,8.0
6174,8.0
6174,3.0
6175,8.0
6175,3.0
6176,8.0
6176,3.0
6177,3.0
6177,8.0
6178,3.0
6178,8.0
6179,0.0
6179,3.0
6179,8.0
6180,0.0
6180,3.0
6180,8.0
6181,0.0
6181,3.0
6181,8.0
6182,0.0
6182,8.0
6182,3.0
6183,0.0
6183,8.0
6183,3.0
6184,0.0
6184,3.0
6184,8.0
6185,0.0
6185,3.0
6185,8.0
6186,0.0
6186,3.0
6186,8.0
6187,0.0
6187,3.0
6188,0.0
6188,3.0
6189,3.0
6189,8.0
6190,3.0
6191,3.0
6191,8.0
6192,0.0
6192,3.0
6193,0.0
6193,3.0
6194,3.0
6194,8.0
6195,3.0
6195,8.0
6196,3.0
6197,3.0
6197,0.0
6197,8.0
6198,3.0
6198,0.0
6198,8.0
6199,0.0
6199,3.0
6199,8.0
6199,0.0
6200,0.0
6200,8.0
6200,3.0
6200,0.0
6201,0.0
6201,8.0
6201,3.0
6201,0.0
6202,0.0
6202,0.0
6202,8.0
6203,0.0
6203,0.0
6203,8.0
6205,0.0
6206,0.0
6207,0.0
6207,3.0
6208,0.0
6209,0.0
6209,3.0
6210,0.0
6210,3.0
6211,0.0
6211,3.0
6212,0.0
6212,3.0
6213,0.0
6214,0.0
6214,3.0
6215,0.0
6215,3.0
6216,0.0
6216,3.0
6217,0.0
6218,0.0
6219,0.0
6219,0.0
6220,0.0
6220,0.0
6221,0.0
6221,0.0
6222,0.0
6223,0.0
6224,0.0
6224,0.0
6224,8.0
6225,0.0
6225,0.0
6225,8.0
6226,0.0
6226,0.0
6226,8.0
6227,0.0
6227,0.0
6227,3.0
6228,0.0
6228,0.0
6228,3.0
6229,0.0
6229,0.0
6229,8.0
6229,3.0
6230,0.0
6230,0.0
6230,8.0
6230,3.0
6231,0.0
6231,0.0
6231,8.0
6231,3.0
6232,0.0
6232,8.0
6232,3.0
6233,0.0
6233,8.0
6233,3.0
6234,0.0
6234,8.0
6235,0.0
6235,8.0
6236,0.0
6236,8.0
6237,0.0
6237,8.0
6238,0.0
6238,8.0
6239,0.0
6239,8.0
6240,0.0
6240,8.0
6241,0.0
6241,8.0
6242,0.0
6242,8.0
6243,0.0
6243,8.0
6244,0.0
6245,0.0
6246,0.0
6252,0.0
6253,0.0
6254,0.0
6255,0.0
6256,0.0
6257,8.0
6257,0.0
6257,1.0
6258,8.0
6258,0.0
6258,1.0
6259,8.0
6259,0.0
6260,8.0
6260,0.0
6261,8.0
6261,0.0
6262,8.0
6263,8.0
6264,0.0
6264,8.0
6265,0.0
6265,8.0
6266,0.0
6266,8.0
6267,8.0
6267,0.0
6268,8.0
6269,8.0
6270,8.0
6271,8.0
6272,8.0
6273,8.0
6274,8.0
6275,8.0
6276,8.0
6277,8.0
6278,8.0
6280,8.0
6281,8.0
6282,8.0
6283,8.0
6284,8.0
6285,8.0
6286,8.0
6287,8.0
6288,8.0
6289,8.0
6290,8.0
6291,8.0
6292,8.0
6293,8.0
6294,8.0
6294,3.0
6295,8.0
6295,3.0
6296,8.0
6296,3.0
6297,8.0
6297,3.0
6298,8.0
6298,3.0
6299,8.0
6299,0.0
6299,3.0
6300,8.0
6300,0.0
6300,3.0
6301,8.0
6301,0.0
6301,3.0
6302,8.0
6302,0.0
6303,0.0
6303,8.0
6304,0.0
6304,8.0
6304,1.0
6305,0.0
6305,8.0
6305,1.0
6306,0.0
6306,8.0
6306,1.0
6307,0.0
6307,8.0
6307,1.0
6308,0.0
6308,8.0
6309,0.0
6309,8.0
6310,0.0
6310,8.0
6311,0.0
6311,8.0
6311,3.0
6312,0.0
6312,8.0
6312,3.0
6313,0.0
6313,8.0
6313,3.0
6314,0.0
6314,8.0
6315,0.0
6315,8.0
6316,0.0
6316,8.0
6317,0.0
6317,1.0
6317,8.0
6318,0.0
6318,8.0
6318,1.0
6319,0.0
6319,8.0
6320,0.0
6320,8.0
6321,0.0
6321,8.0
6324,0.0
6324,8.0
6325,8.0
6325,0.0
6326,8.0
6326,0.0
6327,0.0
6327,8.0
6328,8.0
6328,0.0
6332,3.0
6333,3.0
6334,8.0
6334,3.0
6335,8.0
6335,3.0
6336,8.0
6336,3.0
6337,8.0
6337,3.0
6338,8.0
6338,3.0
6339,8.0
6339,0.0
6339,3.0
6340,8.0
6340,0.0
6340,3.0
6341,8.0
6341,0.0
6341,3.0
6342,0.0
6342,8.0
6342,0.0
6342,3.0
6343,0.0
6343,8.0
6343,0.0
6344,0.0
6344,8.0
6345,0.0
6345,8.0
6346,0.0
6346,8.0
6347,0.0
6347,8.0
6348,0.0
6348,8.0
6349,0.0
6349,8.0
6350,0.0
6350,8.0
6351,0.0
6351,8.0
6352,0.0
6352,8.0
6353,0.0
6353,8.0
6354,0.0
6354,8.0
6355,0.0
6355,8.0
6356,0.0
6356,8.0
6357,0.0
6357,8.0
6358,0.0
6358,8.0
6359,0.0
6359,8.0
6359,0.0
6360,0.0
6360,0.0
6360,8.0
6361,0.0
6361,0.0
6361,8.0
6361,3.0
6362,0.0
6362,0.0
6362,8.0
6362,3.0
6363,0.0
6363,0.0
6363,8.0
6363,3.0
6364,0.0
6364,0.0
6364,8.0
6365,0.0
6365,0.0
6365,8.0
6366,0.0
6366,0.0
6366,8.0
6366,3.0
6367,0.0
6367,0.0
6367,3.0
6367,8.0
6368,0.0
6368,0.0
6368,3.0
6368,8.0
6369,0.0
6369,0.0
6369,3.0
6370,0.0
6370,0.0
6370,3.0
6370,8.0
6371,0.0
6371,0.0
6371,3.0
6372,0.0
6373,0.0
6374,0.0
6374,0.0
6375,0.0
6375,0.0
6376,0.0
6376,3.0
6377,0.0
6377,3.0
6378,0.0
6378,3.0
6379,0.0
6379,3.0
6380,0.0
6380,3.0
6381,0.0
6381,3.0
6382,0.0
6382,3.0
6383,0.0
6383,3.0
6384,0.0
6384,0.0
6385,0.0
6385,0.0
6386,0.0
6387,0.0
6388,0.0
6389,0.0
6390,0.0
6391,0.0
6391,3.0
6392,0.0
6392,3.0
6393,0.0
6393,3.0
6394,0.0
6394,0.0
6394,3.0
6395,0.0
6395,0.0
6395,3.0
6396,0.0
6396,3.0
6396,0.0
6397,0.0
6397,3.0
6397,0.0
6398,0.0
6398,3.0
6398,0.0
6399,0.0
6399,3.0
6399,0.0
6400,0.0
6400,3.0
6400,0.0
6401,0.0
6401,3.0
6401,8.0
6402,0.0
6402,3.0
6402,8.0
6403,0.0
6403,3.0
6403,8.0
6404,0.0
6404,3.0
6404,8.0
6405,0.0
6405,3.0
6405,8.0
6406,0.0
6406,3.0
6406,0.0
6407,0.0
6407,0.0
6407,3.0
6408,0.0
6408,0.0
6408,3.0
6409,0.0
6409,0.0
6409,3.0
6410,0.0
6410,0.0
6410,3.0
6411,0.0
6411,0.0
6411,3.0
6412,0.0
6412,0.0
6412,3.0
6413,0.0
6413,0.0
6413,3.0
6414,0.0
6414,0.0
6414,8.0
6414,3.0
6415,0.0
6415,0.0
6415,8.0
6416,0.0
6416,0.0
6416,8.0
6417,0.0
6417,0.0
6417,8.0
6418,0.0
6418,0.0
6418,8.0
6419,0.0
6419,0.0
6419,8.0
6420,0.0
6420,0.0
6420,8.0
6421,0.0
6421,0.0
6421,8.0
6422,0.0
6422,0.0
6422,8.0
6423,0.0
6423,0.0
6423,8.0
6424,0.0
6424,8.0
6425,0.0
6425,8.0
6426,8.0
6426,77.0
6426,0.0
6427,8.0
6427,0.0
6427,77.0
6428,8.0
6428,0.0
6428,77.0
6429,0.0
6429,8.0
6430,0.0
6430,8.0
6431,0.0
6431,8.0
6431,3.0
6432,0.0
6432,8.0
6432,3.0
6433,0.0
6433,8.0
6433,3.0
6434,0.0
6434,8.0
6434,3.0
6435,0.0
6435,8.0
6435,3.0
6436,0.0
6436,8.0
6436,3.0
6437,0.0
6437,8.0
6437,3.0
6438,0.0
6438,8.0
6438,3.0
6439,0.0
6440,0.0
6441,0.0
6442,0.0
6443,0.0
6444,0.0
6445,0.0
6446,0.0
6447,0.0
6448,0.0
6449,0.0
6450,0.0
6451,0.0
6451,8.0
6452,0.0
6452,8.0
6453,0.0
6453,8.0
6454,0.0
6454,8.0
6455,0.0
6455,8.0
6456,0.0
6457,0.0
6458,0.0
6459,0.0
6459,3.0
6460,0.0
6460,3.0
6461,0.0
6461,3.0
6462,0.0
6462,3.0
6463,0.0
6463,3.0
6464,0.0
6464,3.0
6464,8.0
6465,0.0
6465,3.0
6465,8.0
6466,0.0
6466,3.0
6467,0.0
6467,3.0
6468,0.0
6468,3.0
6469,0.0
6469,3.0
6470,3.0
6470,0.0
6471,3.0
6472,3.0
6473,3.0
6474,3.0
6475,3.0
6484,3.0
6485,3.0
6486,3.0
6487,3.0
6487,0.0
6487,8.0
6488,3.0
6488,0.0
6488,8.0
6489,3.0
6489,0.0
6490,0.0
6490,3.0
6491,0.0
6491,3.0
6492,0.0
6492,3.0
6493,0.0
6493,3.0
6494,0.0
6495,0.0
6496,0.0
6496,3.0
6497,0.0
6497,3.0
6498,3.0
6498,0.0
6499,0.0
6500,0.0
6502,0.0
6504,0.0
6505,0.0
6506,0.0
6507,0.0
6508,0.0
6509,0.0
6510,0.0
6511,0.0
6512,0.0
6513,0.0
6514,0.0
6515,0.0
6516,0.0
6517,0.0
6518,0.0
6519,0.0
6520,0.0
6521,0.0
6522,0.0
6523,0.0
6524,0.0
6525,0.0
6526,0.0
6527,0.0
6528,0.0
6528,3.0
6529,0.0
6529,3.0
6530,0.0
6531,0.0
6537,0.0
6538,0.0
6539,0.0
6540,0.0
6540,0.0
6541,0.0
6541,0.0
6542,0.0
6542,0.0
6543,0.0
6543,0.0
6544,0.0
6544,0.0
6545,0.0
6545,0.0
6546,0.0
6546,0.0
6547,0.0
6547,3.0
6548,0.0
6548,3.0
6549,0.0
6549,3.0
6550,0.0
6550,0.0
6551,0.0
6551,0.0
6552,0.0
6552,0.0
6552,3.0
6553,0.0
6553,0.0
6553,3.0
6554,0.0
6554,0.0
6554,3.0
6555,0.0
6555,0.0
6555,3.0
6556,0.0
6556,0.0
6556,3.0
6557,0.0
6557,0.0
6558,0.0
6558,0.0
6559,0.0
6559,0.0
6560,0.0
6560,0.0
6560,3.0
6561,0.0
6561,0.0
6561,3.0
6562,0.0
6562,0.0
6563,0.0
6563,0.0
6564,0.0
6564,0.0
6565,0.0
6565,0.0
6566,0.0
6566,0.0
6567,0.0
6567,3.0
6568,0.0
6568,8.0
6568,3.0
6569,0.0
6569,8.0
6569,3.0
6570,0.0
6570,8.0
6570,3.0
6571,0.0
6571,8.0
6571,3.0
6572,0.0
6572,8.0
6572,3.0
6573,0.0
6573,8.0
6573,3.0
6574,0.0
6574,8.0
6574,3.0
6575,0.0
6575,8.0
6575,3.0
6576,0.0
6576,8.0
6576,3.0
6577,0.0
6577,8.0
6577,3.0
6578,0.0
6578,8.0
6578,3.0
6579,0.0
6579,8.0
6579,3.0
6580,0.0
6580,8.0
6580,0.0
6580,3.0
6581,0.0
6581,8.0
6581,0.0
6581,3.0
6582,0.0
6582,8.0
6582,3.0
6583,0.0
6583,8.0
6583,3.0
6584,0.0
6584,8.0
6584,3.0
6585,0.0
6585,8.0
6585,3.0
6586,0.0
6586,8.0
6586,3.0
6587,0.0
6587,8.0
6587,0.0
6588,0.0
6588,8.0
6589,0.0
6589,8.0
6590,0.0
6590,8.0
6590,0.0
6591,0.0
6591,8.0
6591,0.0
6592,0.0
6592,0.0
6592,8.0
6593,0.0
6593,0.0
6593,8.0
6594,0.0
6594,0.0
6594,8.0
6595,0.0
6595,0.0
6595,8.0
6596,0.0
6596,0.0
6596,8.0
6597,0.0
6597,0.0
6597,8.0
6598,0.0
6598,0.0
6598,8.0
6599,0.0
6599,0.0
6599,8.0
6600,0.0
6600,0.0
6600,8.0
6601,0.0
6601,0.0
6601,8.0
6602,0.0
6602,0.0
6602,8.0
6603,0.0
6603,0.0
6603,8.0
6604,0.0
6604,0.0
6604,8.0
6605,0.0
6605,0.0
6605,8.0
6606,0.0
6606,0.0
6606,8.0
6607,0.0
6607,0.0
6608,0.0
6608,0.0
6608,8.0
6609,0.0
6609,0.0
6609,8.0
6610,0.0
6610,0.0
6611,0.0
6611,0.0
6612,0.0
6612,0.0
6613,0.0
6613,0.0
6613,8.0
6614,0.0
6614,0.0
6614,8.0
6615,0.0
6615,0.0
6615,8.0
6616,0.0
6616,0.0
6616,8.0
6617,0.0
6617,0.0
6617,8.0
6618,0.0
6618,0.0
6618,8.0
6619,0.0
6619,0.0
6619,8.0
6620,0.0
6620,0.0
6620,8.0
6621,0.0
6621,0.0
6621,8.0
6622,0.0
6622,0.0
6622,8.0
6623,0.0
6623,0.0
6623,8.0
6624,0.0
6624,0.0
6624,8.0
6625,0.0
6625,0.0
6625,8.0
6626,0.0
6626,0.0
6626,8.0
6627,0.0
6627,0.0
6627,8.0
6628,0.0
6628,0.0
6628,8.0
6629,0.0
6629,8.0
6629,0.0
6630,0.0
6630,8.0
6630,0.0
6631,0.0
6631,0.0
6631,8.0
6632,0.0
6632,0.0
6632,8.0
6633,0.0
6633,8.0
6633,0.0
6634,0.0
6634,0.0
6634,8.0
6635,0.0
6635,0.0
6635,8.0
6636,0.0
6636,0.0
6636,8.0
6637,0.0
6637,0.0
6637,8.0
6638,0.0
6638,0.0
6638,8.0
6639,0.0
6639,0.0
6639,8.0
6640,0.0
6640,0.0
6640,8.0
6641,0.0
6641,0.0
6641,8.0
6642,0.0
6642,0.0
6642,8.0
6643,0.0
6643,0.0
6643,8.0
6644,0.0
6644,0.0
6644,8.0
6645,0.0
6645,0.0
6645,0.0
6645,8.0
6646,0.0
6646,0.0
6646,0.0
6646,8.0
6647,0.0
6647,0.0
6647,0.0
6647,8.0
6648,0.0
6648,0.0
6648,0.0
6648,8.0
6649,0.0
6649,0.0
6649,0.0
6649,8.0
6650,0.0
6650,0.0
6650,0.0
6651,0.0
6651,0.0
6651,0.0
6652,0.0
6652,0.0
6652,0.0
6653,0.0
6653,0.0
6653,0.0
6654,0.0
6654,0.0
6654,0.0
6655,0.0
6655,0.0
6655,0.0
6656,0.0
6656,0.0
6656,0.0
6657,0.0
6657,0.0
6657,0.0
6658,0.0
6658,0.0
6658,0.0
6658,8.0
6659,0.0
6659,0.0
6659,0.0
6660,0.0
6660,0.0
6660,0.0
6660,8.0
6661,0.0
6661,0.0
6661,0.0
6661,8.0
6662,0.0
6662,0.0
6662,0.0
6662,8.0
6663,0.0
6663,0.0
6663,0.0
6663,8.0
6664,0.0
6664,0.0
6664,0.0
6664,8.0
6665,0.0
6665,0.0
6665,0.0
6665,8.0
6666,0.0
6666,0.0
6666,0.0
6666,8.0
6667,0.0
6667,0.0
6667,8.0
6667,0.0
6668,0.0
6668,0.0
6668,8.0
6668,0.0
6668,3.0
6669,0.0
6669,0.0
6669,8.0
6669,0.0
6670,0.0
6670,3.0
6670,8.0
6670,0.0
6671,0.0
6671,3.0
6671,0.0
6671,8.0
6672,0.0
6672,3.0
6672,8.0
6672,0.0
6672,0.0
6673,0.0
6673,3.0
6673,8.0
6673,0.0
6673,0.0
6673,0.0
6674,0.0
6674,3.0
6674,0.0
6674,8.0
6674,0.0
6675,3.0
6675,0.0
6675,0.0
6675,8.0
6675,0.0
6676,3.0
6676,0.0
6676,0.0
6676,8.0
6676,0.0
6676,0.0
6677,0.0
6677,0.0
6677,3.0
6677,8.0
6678,0.0
6678,0.0
6678,3.0
6678,8.0
6679,0.0
6679,0.0
6679,3.0
6679,8.0
6680,0.0
6680,0.0
6680,3.0
6680,0.0
6681,0.0
6681,0.0
6681,3.0
6681,0.0
6682,0.0
6682,3.0
6682,0.0
6682,8.0
6682,0.0
6683,0.0
6683,3.0
6683,0.0
6683,8.0
6683,0.0
6684,0.0
6684,3.0
6684,0.0
6684,8.0
6685,0.0
6685,3.0
6685,0.0
6686,0.0
6686,3.0
6686,0.0
6687,0.0
6687,3.0
6687,0.0
6688,0.0
6688,3.0
6688,0.0
6689,0.0
6689,3.0
6689,0.0
6690,0.0
6690,3.0
6690,0.0
6690,0.0
6691,3.0
6691,0.0
6691,0.0
6691,0.0
6692,0.0
6692,0.0
6692,3.0
6692,0.0
6693,0.0
6693,0.0
6693,3.0
6693,0.0
6694,0.0
6694,0.0
6694,3.0
6694,0.0
6695,0.0
6695,0.0
6695,3.0
6695,0.0
6696,0.0
6696,0.0
6696,3.0
6696,0.0
6697,0.0
6697,0.0
6697,3.0
6698,0.0
6698,0.0
6698,0.0
6698,3.0
6698,1.0
6699,0.0
6699,0.0
6699,0.0
6699,3.0
6699,1.0
6700,0.0
6700,0.0
6701,0.0
6701,0.0
6702,0.0
6702,0.0
6703,0.0
6703,0.0
6704,0.0
6704,0.0
6705,0.0
6705,0.0
6706,0.0
6706,0.0
6707,0.0
6707,0.0
6708,0.0
6708,0.0
6709,0.0
6709,0.0
6710,0.0
6710,0.0
6711,0.0
6711,0.0
6712,0.0
6712,0.0
6712,0.0
6713,0.0
6713,0.0
6713,0.0
6714,0.0
6714,0.0
6714,0.0
6715,0.0
6715,0.0
6715,0.0
6716,0.0
6716,0.0
6716,0.0
6717,0.0
6717,0.0
6717,0.0
6718,0.0
6718,0.0
6718,0.0
6719,0.0
6719,0.0
6719,0.0
6720,0.0
6720,0.0
6721,0.0
6721,0.0
6722,0.0
6722,0.0
6722,0.0
6723,0.0
6723,0.0
6723,0.0
6723,0.0
6724,0.0
6724,0.0
6724,0.0
6724,0.0
6725,0.0
6725,0.0
6725,0.0
6726,0.0
6726,0.0
6726,0.0
6727,0.0
6727,0.0
6727,0.0
6727,0.0
6728,0.0
6728,0.0
6728,0.0
6728,0.0
6729,0.0
6729,0.0
6729,0.0
6729,0.0
6730,0.0
6730,0.0
6730,0.0
6730,0.0
6731,0.0
6731,0.0
6731,0.0
6731,0.0
6732,0.0
6732,0.0
6732,0.0
6732,0.0
6733,0.0
6733,0.0
6733,0.0
6733,0.0
6734,0.0
6734,0.0
6734,0.0
6734,0.0
6735,0.0
6735,0.0
6735,3.0
6735,0.0
6736,0.0
6736,0.0
6736,3.0
6736,0.0
6737,0.0
6737,0.0
6737,3.0
6737,0.0
6738,0.0
6738,0.0
6738,3.0
6738,0.0
6739,0.0
6739,0.0
6739,3.0
6739,0.0
6740,0.0
6740,3.0
6740,0.0
6740,0.0
6741,0.0
6741,3.0
6741,0.0
6741,0.0
6742,0.0
6742,0.0
6742,3.0
6742,0.0
6742,0.0
6743,0.0
6743,0.0
6743,3.0
6743,0.0
6743,0.0
6744,0.0
6744,0.0
6744,0.0
6744,3.0
6744,0.0
6745,0.0
6745,0.0
6745,3.0
6745,0.0
6746,0.0
6746,0.0
6746,3.0
6746,0.0
6747,0.0
6747,0.0
6747,3.0
6747,0.0
6748,0.0
6748,0.0
6748,3.0
6748,0.0
6749,0.0
6749,0.0
6749,3.0
6749,0.0
6750,0.0
6750,0.0
6750,3.0
6750,0.0
6750,0.0
6751,0.0
6751,0.0
6751,3.0
6751,0.0
6751,0.0
6752,0.0
6752,0.0
6752,3.0
6753,0.0
6753,0.0
6753,3.0
6754,0.0
6754,0.0
6754,3.0
6755,0.0
6755,0.0
6755,3.0
6755,8.0
6756,0.0
6756,0.0
6756,3.0
6756,8.0
6757,0.0
6757,0.0
6757,3.0
6757,0.0
6757,8.0
6758,0.0
6758,0.0
6758,3.0
6758,8.0
6758,0.0
6759,0.0
6759,0.0
6759,3.0
6759,8.0
6759,0.0
6760,0.0
6760,3.0
6760,0.0
6760,8.0
6761,0.0
6761,3.0
6761,0.0
6761,8.0
6762,0.0
6762,3.0
6762,0.0
6762,8.0
6762,0.0
6763,0.0
6763,3.0
6763,0.0
6763,8.0
6764,0.0
6764,3.0
6764,0.0
6764,8.0
6764,0.0
6765,0.0
6765,3.0
6765,0.0
6765,8.0
6766,0.0
6766,3.0
6766,0.0
6766,8.0
6767,0.0
6767,3.0
6767,0.0
6767,0.0
6768,0.0
6768,0.0
6768,3.0
6769,0.0
6769,3.0
6769,0.0
6769,0.0
6770,3.0
6770,0.0
6770,0.0
6770,0.0
6770,0.0
6771,3.0
6771,0.0
6771,0.0
6771,0.0
6771,0.0
6772,3.0
6772,0.0
6772,0.0
6772,0.0
6772,0.0
6773,3.0
6773,0.0
6773,0.0
6773,0.0
6773,0.0
6774,3.0
6774,0.0
6774,0.0
6774,0.0
6774,0.0
6775,3.0
6775,0.0
6775,0.0
6775,0.0
6775,0.0
6776,3.0
6776,0.0
6776,0.0
6776,0.0
6776,0.0
6777,0.0
6777,3.0
6777,0.0
6777,0.0
6777,0.0
6778,0.0
6778,3.0
6778,0.0
6778,0.0
6778,0.0
6779,0.0
6779,3.0
6779,0.0
6779,0.0
6779,0.0
6780,0.0
6780,0.0
6780,3.0
6780,0.0
6780,0.0
6781,0.0
6781,0.0
6781,3.0
6781,0.0
6781,0.0
6782,3.0
6782,0.0
6782,0.0
6783,3.0
6783,0.0
6783,0.0
6783,0.0
6784,3.0
6784,0.0
6784,0.0
6784,0.0
6784,0.0
6785,0.0
6785,3.0
6785,0.0
6785,0.0
6785,0.0
6786,0.0
6786,3.0
6786,0.0
6786,0.0
6786,0.0
6787,0.0
6787,3.0
6787,0.0
6787,0.0
6788,0.0
6788,3.0
6788,0.0
6788,0.0
6789,0.0
6789,3.0
6789,0.0
6789,0.0
6790,3.0
6790,0.0
6790,0.0
6791,3.0
6791,0.0
6791,0.0
6792,3.0
6792,0.0
6792,0.0
6793,3.0
6793,0.0
6793,0.0
6794,3.0
6794,0.0
6794,0.0
6795,3.0
6795,0.0
6795,0.0
6796,3.0
6796,0.0
6796,0.0
6796,8.0
6797,0.0
6797,0.0
6797,3.0
6797,8.0
6798,0.0
6798,0.0
6798,3.0
6799,0.0
6799,0.0
6799,3.0
6800,0.0
6800,0.0
6800,3.0
6800,0.0
6801,0.0
6801,0.0
6801,3.0
6801,0.0
6802,0.0
6802,0.0
6802,3.0
6802,0.0
6803,0.0
6803,0.0
6803,3.0
6803,0.0
6804,0.0
6804,0.0
6804,3.0
6804,0.0
6805,0.0
6805,0.0
6805,0.0
6805,3.0
6806,0.0
6806,0.0
6806,0.0
6806,3.0
6807,0.0
6807,0.0
6807,0.0
6808,0.0
6808,0.0
6808,0.0
6809,0.0
6809,0.0
6809,0.0
6810,0.0
6810,0.0
6811,0.0
6811,0.0
6812,0.0
6812,0.0
6813,0.0
6813,0.0
6814,0.0
6814,0.0
6815,0.0
6815,0.0
6815,0.0
6816,0.0
6816,0.0
6816,0.0
6817,0.0
6817,0.0
6817,0.0
6818,0.0
6818,0.0
6818,0.0
6819,0.0
6819,0.0
6819,0.0
6820,0.0
6820,0.0
6820,0.0
6821,0.0
6821,0.0
6821,0.0
6822,0.0
6822,0.0
6822,0.0
6823,0.0
6823,0.0
6823,0.0
6824,0.0
6824,0.0
6824,0.0
6825,0.0
6825,0.0
6825,3.0
6826,0.0
6826,0.0
6826,3.0
6827,0.0
6827,0.0
6827,3.0
6827,0.0
6828,0.0
6828,0.0
6828,3.0
6828,0.0
6829,0.0
6829,0.0
6829,3.0
6829,0.0
6830,0.0
6830,0.0
6830,0.0
6830,3.0
6830,8.0
6831,0.0
6831,0.0
6831,0.0
6831,3.0
6831,8.0
6832,0.0
6832,0.0
6832,3.0
6833,0.0
6833,0.0
6833,3.0
6834,0.0
6834,0.0
6834,3.0
6835,0.0
6835,0.0
6835,3.0
6835,0.0
6835,8.0
6836,0.0
6836,0.0
6836,3.0
6836,0.0
6836,8.0
6837,0.0
6837,3.0
6837,8.0
6837,0.0
6838,0.0
6838,3.0
6838,8.0
6838,0.0
6839,0.0
6839,3.0
6839,8.0
6839,0.0
6840,0.0
6840,0.0
6840,0.0
6840,3.0
6840,8.0
6841,0.0
6841,0.0
6841,0.0
6841,3.0
6841,8.0
6842,0.0
6842,0.0
6842,0.0
6842,8.0
6842,3.0
6843,0.0
6843,0.0
6843,0.0
6843,8.0
6843,3.0
6844,0.0
6844,0.0
6844,0.0
6844,8.0
6844,3.0
6845,0.0
6845,0.0
6845,0.0
6845,8.0
6846,0.0
6846,0.0
6846,0.0
6846,8.0
6847,0.0
6847,0.0
6847,0.0
6848,0.0
6848,0.0
6848,0.0
6849,0.0
6849,0.0
6849,0.0
6850,0.0
6850,0.0
6850,0.0
6851,0.0
6851,0.0
6851,0.0
6852,0.0
6852,0.0
6852,0.0
6853,0.0
6853,0.0
6853,0.0
6854,0.0
6854,0.0
6854,0.0
6855,0.0
6855,0.0
6855,0.0
6856,0.0
6856,0.0
6856,0.0
6857,0.0
6857,0.0
6857,0.0
6858,0.0
6858,0.0
6858,0.0
6859,0.0
6859,0.0
6859,0.0
6860,0.0
6860,0.0
6860,0.0
6861,0.0
6861,0.0
6861,0.0
6862,0.0
6862,0.0
6862,0.0
6862,8.0
6863,0.0
6863,0.0
6863,0.0
6863,8.0
6864,0.0
6864,0.0
6864,0.0
6864,8.0
6865,0.0
6865,0.0
6865,0.0
6865,8.0
6866,0.0
6866,0.0
6866,0.0
6866,8.0
6867,0.0
6867,0.0
6867,0.0
6867,8.0
6868,0.0
6868,0.0
6868,0.0
6868,8.0
6869,0.0
6869,0.0
6869,0.0
6869,8.0
6870,0.0
6870,0.0
6870,0.0
6870,8.0
6871,0.0
6871,0.0
6871,0.0
6871,8.0
6872,0.0
6872,0.0
6872,0.0
6872,8.0
6873,0.0
6873,0.0
6873,0.0
6873,8.0
6874,0.0
6874,0.0
6874,0.0
6874,8.0
6875,0.0
6875,0.0
6875,0.0
6875,8.0
6876,0.0
6876,0.0
6876,0.0
6876,8.0
6877,0.0
6877,0.0
6877,0.0
6877,8.0
6878,0.0
6878,0.0
6878,0.0
6878,8.0
6879,0.0
6879,0.0
6879,0.0
6879,8.0
6880,0.0
6880,0.0
6880,0.0
6880,8.0
6881,0.0
6881,0.0
6881,0.0
6882,0.0
6882,0.0
6882,0.0
6882,0.0
6882,8.0
6883,0.0
6883,0.0
6883,0.0
6883,0.0
6883,8.0
6884,0.0
6884,0.0
6884,0.0
6885,0.0
6885,0.0
6885,0.0
6885,0.0
6886,0.0
6886,0.0
6886,0.0
6886,0.0
6887,0.0
6887,0.0
6887,0.0
6887,0.0
6888,0.0
6888,0.0
6888,0.0
6888,0.0
6889,0.0
6889,0.0
6889,0.0
6889,0.0
6890,0.0
6890,0.0
6890,0.0
6890,0.0
6891,0.0
6891,0.0
6891,0.0
6891,0.0
6892,0.0
6892,0.0
6892,0.0
6892,0.0
6893,0.0
6893,0.0
6893,0.0
6893,0.0
6894,0.0
6894,0.0
6894,0.0
6894,0.0
6895,0.0
6895,0.0
6895,0.0
6895,0.0
6896,0.0
6896,0.0
6896,0.0
6896,0.0
6897,0.0
6897,0.0
6897,0.0
6897,0.0
6898,0.0
6898,0.0
6898,0.0
6898,0.0
6899,0.0
6899,0.0
6899,0.0
6899,0.0
6900,0.0
6900,0.0
6900,0.0
6900,0.0
6901,0.0
6901,0.0
6901,0.0
6901,0.0
6902,0.0
6902,0.0
6902,0.0
6902,0.0
6903,0.0
6903,0.0
6903,0.0
6903,0.0
6904,0.0
6904,0.0
6904,0.0
6904,0.0
6905,0.0
6905,0.0
6905,0.0
6905,0.0
6906,0.0
6906,0.0
6906,0.0
6906,0.0
6907,0.0
6907,0.0
6907,0.0
6907,0.0
6908,0.0
6908,0.0
6908,0.0
6908,0.0
6909,0.0
6909,0.0
6909,0.0
6909,0.0
6910,0.0
6910,0.0
6910,0.0
6910,0.0
6911,0.0
6911,0.0
6911,0.0
6911,0.0
6912,0.0
6912,0.0
6912,0.0
6912,0.0
6912,0.0
6913,0.0
6913,0.0
6913,0.0
6913,0.0
6913,0.0
6914,0.0
6914,0.0
6914,0.0
6914,0.0
6915,0.0
6915,0.0
6915,0.0
6915,0.0
6916,0.0
6916,0.0
6916,0.0
6916,0.0
6917,0.0
6917,0.0
6917,0.0
6917,0.0
6918,0.0
6918,0.0
6918,0.0
6918,0.0
6919,0.0
6919,0.0
6919,0.0
6919,0.0
6920,0.0
6920,0.0
6920,0.0
6920,0.0
6921,0.0
6921,0.0
6921,0.0
6921,0.0
6922,0.0
6922,0.0
6922,0.0
6922,0.0
6923,0.0
6923,0.0
6923,0.0
6923,0.0
6924,0.0
6924,0.0
6924,0.0
6924,0.0
6924,0.0
6925,0.0
6925,0.0
6925,0.0
6925,0.0
6925,0.0
6926,0.0
6926,0.0
6926,0.0
6926,0.0
6926,0.0
6927,0.0
6927,0.0
6927,0.0
6927,0.0
6928,0.0
6928,0.0
6928,0.0
6929,0.0
6929,0.0
6929,0.0
6929,8.0
6929,0.0
6930,0.0
6930,0.0
6930,0.0
6930,8.0
6930,0.0
6931,0.0
6931,0.0
6931,0.0
6931,8.0
6931,0.0
6932,0.0
6932,0.0
6932,0.0
6932,8.0
6933,0.0
6933,0.0
6933,0.0
6933,8.0
6934,0.0
6934,0.0
6934,0.0
6934,0.0
6934,8.0
6935,0.0
6935,0.0
6935,0.0
6935,8.0
6935,0.0
6936,0.0
6936,0.0
6936,0.0
6936,8.0
6936,0.0
6936,0.0
6937,0.0
6937,0.0
6937,0.0
6937,0.0
6937,8.0
6938,0.0
6938,0.0
6938,0.0
6938,0.0
6938,8.0
6939,0.0
6939,0.0
6939,0.0
6939,8.0
6939,0.0
6940,0.0
6940,0.0
6940,0.0
6940,8.0
6940,0.0
6941,0.0
6941,0.0
6941,0.0
6941,8.0
6941,0.0
6942,0.0
6942,0.0
6942,0.0
6942,0.0
6942,8.0
6943,0.0
6943,0.0
6943,0.0
6943,0.0
6943,8.0
6944,0.0
6944,0.0
6944,0.0
6944,0.0
6944,8.0
6945,0.0
6945,0.0
6945,0.0
6945,0.0
6945,8.0
6946,0.0
6946,0.0
6946,0.0
6946,0.0
6946,8.0
6947,0.0
6947,0.0
6947,0.0
6947,0.0
6947,8.0
6947,0.0
6948,0.0
6948,0.0
6948,0.0
6948,8.0
6948,0.0
6948,0.0
6949,0.0
6949,0.0
6949,0.0
6949,8.0
6950,0.0
6950,0.0
6950,0.0
6950,8.0
6951,0.0
6951,0.0
6951,0.0
6951,8.0
6952,0.0
6952,0.0
6952,0.0
6952,8.0
6952,0.0
6953,0.0
6953,0.0
6953,0.0
6953,8.0
6953,0.0
6954,0.0
6954,0.0
6954,0.0
6954,0.0
6954,0.0
6954,8.0
6954,3.0
6955,0.0
6955,0.0
6955,0.0
6955,0.0
6955,0.0
6955,8.0
6955,3.0
6956,0.0
6956,0.0
6956,0.0
6956,0.0
6956,0.0
6956,8.0
6956,3.0
6957,0.0
6957,0.0
6957,0.0
6957,0.0
6957,0.0
6957,8.0
6957,3.0
6958,0.0
6958,0.0
6958,0.0
6958,0.0
6958,0.0
6958,8.0
6958,3.0
