1,0.0
1,0.0
1,0.0
1,58.0
1,62.0
1,0.0
2,0.0
2,0.0
2,0.0
2,58.0
2,62.0
2,0.0
3,0.0
3,0.0
3,0.0
3,58.0
3,62.0
3,0.0
4,0.0
4,0.0
4,0.0
4,58.0
4,62.0
4,0.0
5,0.0
5,0.0
5,0.0
5,58.0
5,62.0
5,0.0
6,0.0
6,0.0
6,0.0
6,58.0
6,62.0
6,0.0
7,0.0
7,0.0
7,0.0
7,58.0
7,62.0
7,0.0
8,0.0
8,0.0
8,0.0
8,0.0
8,58.0
8,62.0
9,0.0
9,0.0
9,0.0
9,0.0
9,58.0
9,62.0
10,0.0
10,0.0
10,0.0
10,0.0
10,58.0
10,62.0
11,0.0
11,0.0
11,0.0
11,0.0
11,62.0
11,58.0
12,0.0
12,0.0
12,0.0
12,0.0
12,62.0
12,58.0
13,0.0
13,0.0
13,0.0
13,0.0
13,62.0
13,58.0
14,0.0
14,0.0
14,0.0
14,0.0
14,58.0
14,62.0
15,0.0
15,0.0
15,0.0
15,0.0
15,62.0
15,58.0
16,0.0
16,0.0
16,0.0
16,0.0
16,58.0
16,62.0
17,0.0
17,0.0
17,0.0
17,58.0
17,62.0
17,0.0
18,0.0
18,0.0
18,0.0
18,62.0
18,58.0
18,0.0
19,0.0
19,0.0
19,0.0
19,62.0
19,58.0
20,0.0
20,0.0
20,62.0
20,58.0
21,0.0
21,0.0
21,58.0
21,62.0
21,0.0
22,0.0
22,0.0
22,58.0
22,62.0
22,0.0
23,0.0
23,0.0
23,0.0
23,58.0
23,62.0
23,0.0
24,0.0
24,0.0
24,0.0
24,58.0
24,62.0
24,0.0
25,0.0
25,0.0
25,0.0
25,58.0
25,62.0
25,0.0
26,0.0
26,0.0
26,0.0
26,0.0
26,58.0
26,62.0
27,0.0
27,0.0
27,0.0
27,58.0
27,0.0
27,62.0
28,0.0
28,0.0
28,0.0
28,58.0
28,0.0
28,62.0
29,0.0
29,0.0
29,0.0
29,58.0
30,0.0
30,0.0
30,0.0
30,58.0
30,62.0
31,0.0
31,0.0
31,0.0
31,58.0
31,62.0
32,0.0
32,0.0
32,58.0
32,0.0
33,0.0
33,0.0
33,58.0
33,0.0
33,62.0
34,0.0
34,0.0
34,58.0
34,0.0
34,62.0
35,0.0
35,0.0
35,0.0
35,58.0
36,0.0
36,0.0
36,0.0
36,58.0
37,0.0
37,0.0
37,0.0
37,58.0
37,62.0
38,0.0
38,58.0
38,0.0
39,0.0
39,0.0
39,58.0
40,0.0
40,0.0
40,58.0
41,0.0
41,58.0
41,0.0
41,62.0
42,0.0
42,58.0
42,62.0
42,0.0
43,0.0
43,58.0
43,0.0
43,62.0
44,0.0
44,0.0
44,0.0
44,62.0
44,58.0
45,0.0
45,0.0
45,0.0
45,62.0
45,58.0
46,0.0
46,0.0
46,0.0
46,62.0
46,58.0
47,0.0
47,0.0
47,0.0
47,0.0
47,62.0
47,58.0
48,0.0
48,0.0
48,0.0
48,62.0
48,58.0
48,0.0
49,0.0
49,0.0
49,0.0
49,62.0
49,58.0
49,0.0
50,0.0
50,0.0
50,0.0
50,62.0
50,58.0
50,0.0
51,0.0
51,0.0
51,0.0
51,0.0
51,58.0
51,62.0
52,0.0
52,0.0
52,0.0
52,0.0
52,58.0
52,62.0
53,0.0
53,0.0
53,0.0
53,0.0
53,58.0
53,62.0
54,0.0
54,0.0
54,0.0
54,0.0
54,62.0
54,58.0
55,0.0
55,0.0
55,0.0
55,0.0
55,62.0
55,58.0
56,0.0
56,0.0
56,0.0
56,62.0
56,58.0
57,0.0
57,0.0
57,0.0
57,62.0
57,58.0
58,0.0
58,0.0
58,0.0
58,62.0
58,58.0
59,0.0
59,0.0
59,62.0
59,0.0
59,58.0
60,0.0
60,0.0
60,0.0
60,62.0
60,58.0
61,0.0
61,0.0
61,0.0
61,62.0
61,58.0
62,0.0
62,0.0
62,0.0
62,62.0
62,58.0
63,0.0
63,0.0
63,0.0
63,62.0
63,58.0
64,0.0
64,0.0
64,0.0
64,62.0
64,58.0
65,0.0
65,0.0
65,62.0
65,58.0
66,0.0
66,0.0
66,62.0
66,58.0
66,0.0
67,0.0
67,0.0
67,62.0
67,58.0
67,0.0
68,0.0
68,0.0
68,0.0
68,62.0
68,58.0
69,0.0
69,0.0
69,0.0
69,62.0
69,58.0
70,0.0
70,0.0
70,0.0
70,62.0
70,58.0
71,0.0
71,0.0
71,0.0
71,62.0
71,58.0
72,0.0
72,0.0
72,0.0
72,58.0
72,62.0
73,0.0
73,0.0
73,0.0
73,62.0
73,58.0
74,0.0
74,0.0
74,0.0
74,62.0
74,58.0
75,0.0
75,0.0
75,62.0
75,0.0
75,58.0
76,0.0
76,0.0
76,0.0
76,62.0
76,58.0
77,0.0
77,0.0
77,62.0
77,56.0
77,58.0
78,0.0
78,0.0
78,62.0
78,56.0
78,58.0
79,0.0
79,0.0
79,62.0
79,56.0
79,58.0
80,0.0
80,62.0
80,0.0
80,56.0
80,58.0
81,0.0
81,0.0
81,62.0
81,56.0
81,58.0
82,0.0
82,0.0
82,56.0
82,62.0
82,58.0
83,0.0
83,62.0
83,58.0
84,0.0
84,62.0
84,58.0
84,0.0
85,0.0
85,62.0
85,58.0
85,0.0
85,0.0
86,0.0
86,0.0
86,62.0
86,0.0
86,58.0
87,0.0
87,0.0
87,0.0
87,62.0
87,58.0
88,0.0
88,0.0
88,0.0
88,62.0
88,58.0
89,0.0
89,0.0
89,0.0
89,58.0
89,62.0
90,0.0
90,0.0
90,0.0
90,58.0
90,62.0
91,0.0
91,0.0
91,0.0
91,58.0
91,62.0
92,0.0
92,0.0
92,58.0
92,62.0
93,0.0
93,0.0
93,58.0
93,62.0
94,0.0
94,0.0
94,58.0
94,62.0
94,0.0
95,0.0
95,0.0
95,0.0
95,58.0
95,62.0
96,0.0
96,0.0
96,0.0
96,58.0
96,62.0
97,0.0
97,0.0
97,0.0
97,58.0
97,62.0
98,0.0
98,0.0
98,0.0
98,58.0
99,0.0
99,0.0
99,0.0
99,58.0
99,62.0
100,0.0
100,0.0
100,0.0
100,58.0
101,0.0
101,0.0
101,0.0
101,58.0
102,0.0
102,0.0
102,0.0
102,58.0
103,0.0
103,0.0
103,0.0
103,58.0
104,0.0
104,0.0
104,58.0
104,0.0
105,0.0
105,0.0
105,58.0
105,0.0
105,62.0
106,0.0
106,0.0
106,0.0
106,58.0
106,62.0
107,58.0
107,0.0
107,0.0
108,58.0
108,0.0
108,0.0
109,58.0
109,0.0
109,0.0
110,0.0
110,58.0
111,0.0
111,58.0
112,0.0
112,58.0
113,0.0
113,0.0
113,58.0
114,0.0
114,0.0
114,58.0
115,0.0
115,58.0
115,0.0
115,62.0
116,0.0
116,0.0
116,0.0
116,58.0
116,62.0
117,0.0
117,0.0
117,0.0
117,58.0
118,0.0
118,0.0
118,0.0
118,58.0
119,0.0
119,0.0
119,0.0
119,58.0
120,0.0
120,0.0
120,0.0
120,58.0
121,0.0
121,0.0
121,0.0
121,58.0
122,0.0
122,0.0
122,58.0
122,0.0
123,0.0
123,0.0
123,58.0
123,0.0
124,0.0
124,0.0
124,58.0
124,0.0
125,0.0
125,0.0
125,58.0
125,62.0
126,0.0
126,0.0
126,58.0
126,62.0
126,0.0
127,0.0
127,0.0
127,58.0
127,62.0
128,0.0
128,0.0
128,58.0
128,62.0
129,0.0
129,0.0
129,58.0
129,62.0
130,0.0
130,0.0
130,58.0
130,62.0
131,0.0
131,0.0
131,58.0
131,62.0
132,0.0
132,0.0
132,58.0
132,62.0
133,0.0
133,0.0
133,58.0
133,62.0
134,0.0
134,0.0
134,58.0
134,62.0
134,62.0
135,0.0
135,0.0
135,62.0
135,58.0
135,62.0
136,0.0
136,0.0
136,62.0
136,58.0
137,0.0
137,0.0
137,62.0
137,58.0
138,0.0
138,0.0
138,62.0
138,58.0
139,0.0
139,0.0
139,62.0
139,58.0
140,0.0
140,0.0
140,62.0
140,58.0
140,56.0
141,0.0
141,0.0
141,62.0
141,58.0
141,56.0
142,0.0
142,0.0
142,62.0
142,58.0
143,0.0
143,0.0
143,62.0
143,58.0
143,56.0
143,0.0
144,0.0
144,0.0
144,62.0
144,58.0
144,56.0
145,0.0
145,0.0
145,62.0
145,58.0
145,56.0
146,0.0
146,0.0
146,62.0
146,58.0
147,0.0
147,0.0
147,62.0
147,58.0
148,0.0
148,0.0
148,62.0
148,58.0
149,0.0
149,62.0
149,0.0
149,58.0
150,0.0
150,62.0
150,0.0
150,58.0
151,0.0
151,0.0
151,62.0
151,58.0
152,0.0
152,62.0
152,0.0
152,0.0
152,58.0
153,0.0
153,62.0
153,0.0
153,0.0
153,58.0
154,0.0
154,62.0
154,0.0
154,0.0
154,58.0
155,0.0
155,0.0
155,0.0
155,62.0
155,58.0
156,0.0
156,0.0
156,62.0
156,0.0
156,58.0
157,0.0
157,0.0
157,62.0
157,0.0
157,58.0
158,0.0
158,0.0
158,62.0
158,58.0
158,0.0
159,0.0
159,0.0
159,62.0
159,58.0
159,0.0
160,0.0
160,0.0
160,62.0
160,58.0
160,0.0
161,56.0
161,0.0
161,0.0
161,58.0
161,62.0
161,0.0
162,56.0
162,0.0
162,0.0
162,62.0
162,58.0
162,0.0
163,56.0
163,0.0
163,0.0
163,0.0
163,58.0
163,62.0
164,56.0
164,0.0
164,0.0
164,58.0
164,62.0
165,56.0
165,0.0
165,0.0
165,58.0
165,62.0
166,56.0
166,0.0
166,0.0
166,58.0
166,62.0
167,56.0
167,0.0
167,0.0
167,58.0
167,0.0
168,56.0
168,0.0
168,0.0
168,58.0
168,0.0
169,56.0
169,0.0
169,0.0
169,0.0
169,58.0
170,56.0
170,0.0
170,0.0
170,58.0
170,0.0
171,56.0
171,0.0
171,0.0
171,58.0
171,62.0
172,56.0
172,0.0
172,0.0
172,58.0
172,62.0
173,56.0
173,0.0
173,0.0
173,58.0
173,62.0
174,56.0
174,0.0
174,0.0
174,58.0
174,0.0
175,56.0
175,0.0
175,0.0
175,58.0
175,0.0
176,56.0
176,0.0
176,0.0
176,58.0
176,62.0
177,56.0
177,0.0
177,0.0
177,58.0
178,56.0
178,0.0
178,0.0
178,58.0
179,56.0
179,0.0
179,0.0
179,0.0
179,58.0
179,56.0
180,56.0
180,0.0
180,0.0
180,0.0
180,58.0
180,56.0
181,56.0
181,0.0
181,0.0
181,0.0
181,58.0
181,56.0
182,56.0
182,0.0
182,0.0
182,0.0
182,58.0
183,56.0
183,0.0
183,0.0
183,0.0
183,58.0
184,56.0
184,0.0
184,0.0
184,0.0
184,58.0
185,0.0
185,56.0
185,0.0
185,0.0
185,58.0
186,0.0
186,56.0
186,0.0
186,0.0
186,58.0
187,0.0
187,56.0
187,0.0
187,0.0
187,58.0
188,56.0
188,0.0
188,0.0
188,0.0
188,58.0
189,56.0
189,0.0
189,0.0
189,0.0
189,58.0
190,56.0
190,0.0
190,0.0
190,0.0
190,58.0
191,56.0
191,0.0
191,0.0
191,58.0
191,0.0
192,56.0
192,0.0
192,0.0
192,0.0
192,58.0
193,56.0
193,0.0
193,0.0
193,0.0
193,58.0
193,0.0
194,56.0
194,0.0
194,0.0
194,0.0
194,58.0
194,0.0
194,62.0
195,56.0
195,0.0
195,0.0
195,0.0
195,58.0
195,0.0
195,62.0
196,56.0
196,0.0
196,0.0
196,0.0
196,58.0
196,0.0
196,62.0
197,0.0
197,0.0
197,56.0
197,0.0
197,58.0
197,0.0
197,62.0
198,0.0
198,0.0
198,56.0
198,0.0
198,0.0
198,58.0
198,62.0
199,0.0
199,0.0
199,56.0
199,0.0
199,0.0
199,58.0
200,0.0
200,0.0
200,56.0
200,0.0
200,58.0
200,0.0
200,62.0
201,0.0
201,0.0
201,56.0
201,0.0
201,58.0
201,0.0
201,62.0
202,0.0
202,0.0
202,56.0
202,0.0
202,58.0
202,0.0
202,62.0
203,0.0
203,0.0
203,56.0
203,0.0
203,0.0
203,58.0
204,0.0
204,0.0
204,56.0
204,0.0
204,0.0
204,58.0
205,0.0
205,0.0
205,56.0
205,0.0
205,0.0
205,58.0
205,62.0
206,0.0
206,56.0
206,0.0
206,0.0
206,58.0
206,0.0
206,62.0
207,0.0
207,56.0
207,0.0
207,0.0
207,58.0
207,62.0
207,0.0
208,0.0
208,0.0
208,56.0
208,0.0
208,58.0
208,62.0
209,56.0
209,0.0
209,0.0
209,0.0
209,58.0
209,62.0
210,56.0
210,0.0
210,0.0
210,0.0
210,58.0
210,62.0
211,0.0
211,56.0
211,0.0
211,0.0
211,58.0
211,62.0
212,0.0
212,56.0
212,0.0
212,0.0
212,62.0
212,58.0
213,0.0
213,56.0
213,0.0
213,0.0
213,58.0
213,62.0
214,0.0
214,56.0
214,0.0
214,0.0
214,58.0
214,62.0
215,0.0
215,56.0
215,0.0
215,0.0
215,58.0
215,62.0
216,0.0
216,56.0
216,0.0
216,0.0
216,58.0
216,62.0
217,0.0
217,56.0
217,0.0
217,0.0
217,58.0
217,62.0
218,0.0
218,0.0
218,56.0
218,0.0
218,58.0
218,62.0
219,0.0
219,0.0
219,56.0
219,0.0
219,58.0
219,62.0
220,0.0
220,0.0
220,56.0
220,62.0
220,0.0
220,58.0
221,0.0
221,0.0
221,56.0
221,62.0
221,58.0
221,0.0
222,0.0
222,0.0
222,56.0
222,62.0
222,58.0
222,0.0
223,0.0
223,0.0
223,56.0
223,58.0
223,62.0
223,0.0
224,56.0
224,0.0
224,0.0
224,0.0
224,62.0
224,58.0
224,0.0
225,56.0
225,0.0
225,0.0
225,0.0
225,62.0
225,58.0
226,0.0
226,0.0
226,56.0
226,0.0
226,62.0
226,58.0
227,56.0
227,0.0
227,0.0
227,0.0
227,58.0
227,62.0
227,0.0
228,56.0
228,0.0
228,0.0
228,58.0
228,0.0
228,62.0
229,56.0
229,0.0
229,0.0
229,0.0
229,58.0
229,62.0
229,0.0
230,56.0
230,0.0
230,0.0
230,0.0
230,58.0
230,62.0
230,0.0
231,56.0
231,0.0
231,0.0
231,0.0
231,58.0
231,62.0
232,56.0
232,0.0
232,0.0
232,0.0
232,58.0
232,62.0
233,56.0
233,0.0
233,0.0
233,0.0
233,58.0
233,62.0
234,0.0
234,56.0
234,0.0
234,0.0
234,58.0
235,0.0
235,56.0
235,0.0
235,0.0
235,58.0
236,56.0
236,0.0
236,0.0
236,0.0
236,58.0
236,0.0
237,56.0
237,0.0
237,0.0
237,0.0
237,58.0
237,0.0
238,56.0
238,0.0
238,0.0
238,0.0
238,58.0
238,0.0
239,56.0
239,0.0
239,0.0
239,0.0
239,58.0
239,62.0
240,0.0
240,56.0
240,0.0
240,0.0
240,58.0
240,62.0
240,0.0
241,56.0
241,0.0
241,0.0
241,0.0
241,58.0
241,62.0
241,0.0
242,56.0
242,0.0
242,0.0
242,0.0
242,58.0
242,62.0
242,0.0
243,56.0
243,0.0
243,0.0
243,0.0
243,62.0
243,58.0
243,0.0
244,56.0
244,0.0
244,0.0
244,62.0
244,58.0
244,0.0
244,0.0
245,56.0
245,0.0
245,62.0
245,0.0
245,58.0
245,0.0
245,0.0
246,56.0
246,0.0
246,62.0
246,0.0
246,58.0
246,0.0
246,0.0
247,56.0
247,0.0
247,0.0
247,58.0
247,62.0
247,0.0
247,0.0
248,0.0
248,56.0
248,0.0
248,0.0
248,58.0
248,62.0
248,0.0
249,0.0
249,56.0
249,0.0
249,0.0
249,58.0
249,62.0
249,0.0
250,0.0
250,56.0
250,0.0
250,0.0
250,58.0
250,62.0
250,0.0
251,0.0
251,56.0
251,0.0
251,58.0
251,62.0
251,0.0
251,0.0
252,0.0
252,56.0
252,0.0
252,62.0
252,58.0
252,0.0
252,0.0
253,0.0
253,56.0
253,0.0
253,58.0
253,62.0
253,0.0
254,0.0
254,56.0
254,0.0
254,58.0
254,62.0
254,0.0
255,0.0
255,56.0
255,0.0
255,58.0
255,62.0
255,0.0
256,0.0
256,56.0
256,0.0
256,58.0
256,62.0
256,0.0
257,0.0
257,56.0
257,0.0
257,0.0
257,62.0
257,58.0
258,0.0
258,56.0
258,0.0
258,0.0
258,62.0
258,58.0
259,0.0
259,56.0
259,0.0
259,0.0
259,62.0
259,58.0
260,0.0
260,0.0
260,56.0
260,0.0
260,58.0
260,62.0
261,0.0
261,0.0
261,56.0
261,0.0
261,58.0
261,62.0
262,0.0
262,0.0
262,56.0
262,0.0
262,58.0
262,62.0
262,0.0
263,0.0
263,56.0
263,0.0
263,0.0
263,58.0
263,62.0
263,0.0
264,0.0
264,56.0
264,0.0
264,0.0
264,58.0
264,62.0
264,0.0
265,0.0
265,56.0
265,0.0
265,0.0
265,58.0
265,62.0
265,0.0
266,56.0
266,0.0
266,0.0
266,0.0
266,0.0
266,0.0
266,58.0
266,62.0
267,56.0
267,0.0
267,0.0
267,0.0
267,58.0
267,0.0
267,62.0
267,0.0
268,56.0
268,0.0
268,0.0
268,0.0
268,0.0
268,58.0
268,0.0
268,62.0
269,56.0
269,0.0
269,0.0
269,0.0
269,0.0
269,62.0
269,58.0
270,56.0
270,0.0
270,0.0
270,0.0
270,0.0
270,62.0
270,58.0
271,0.0
271,56.0
271,0.0
271,0.0
271,62.0
271,0.0
271,58.0
272,56.0
272,0.0
272,0.0
272,0.0
272,62.0
272,58.0
273,56.0
273,0.0
273,0.0
273,0.0
273,62.0
273,58.0
273,56.0
274,56.0
274,0.0
274,0.0
274,62.0
274,58.0
274,0.0
274,56.0
275,56.0
275,0.0
275,0.0
275,62.0
275,58.0
275,0.0
276,56.0
276,0.0
276,0.0
276,62.0
276,58.0
276,0.0
277,56.0
277,0.0
277,0.0
277,62.0
277,58.0
277,0.0
278,56.0
278,0.0
278,62.0
278,58.0
278,0.0
279,56.0
279,58.0
279,62.0
279,0.0
279,0.0
279,0.0
280,56.0
280,0.0
280,62.0
280,58.0
280,0.0
281,56.0
281,0.0
281,62.0
281,0.0
281,58.0
281,0.0
281,56.0
282,56.0
282,0.0
282,62.0
282,0.0
282,58.0
282,56.0
282,0.0
283,56.0
283,0.0
283,0.0
283,62.0
283,58.0
283,56.0
283,0.0
284,56.0
284,0.0
284,0.0
284,62.0
284,0.0
284,58.0
284,0.0
285,56.0
285,0.0
285,62.0
285,0.0
285,0.0
285,58.0
285,0.0
286,56.0
286,0.0
286,62.0
286,0.0
286,0.0
286,58.0
286,0.0
287,56.0
287,0.0
287,62.0
287,58.0
287,0.0
287,0.0
287,0.0
288,56.0
288,0.0
288,0.0
288,62.0
288,58.0
288,0.0
288,0.0
289,56.0
289,62.0
289,0.0
289,58.0
289,0.0
289,0.0
289,0.0
290,56.0
290,62.0
290,0.0
290,58.0
290,0.0
291,56.0
291,0.0
291,62.0
291,0.0
291,58.0
292,56.0
292,0.0
292,0.0
292,62.0
292,58.0
293,56.0
293,0.0
293,0.0
293,62.0
293,58.0
294,56.0
294,0.0
294,0.0
294,62.0
294,58.0
295,56.0
295,0.0
295,0.0
295,62.0
295,58.0
296,56.0
296,0.0
296,0.0
296,58.0
296,62.0
297,56.0
297,0.0
297,0.0
297,58.0
297,62.0
297,0.0
298,56.0
298,0.0
298,58.0
298,62.0
298,0.0
298,0.0
299,56.0
299,0.0
299,0.0
299,62.0
299,58.0
300,56.0
300,0.0
300,0.0
300,62.0
300,58.0
301,56.0
301,0.0
301,0.0
301,58.0
301,62.0
302,56.0
302,0.0
302,0.0
302,62.0
302,58.0
303,56.0
303,0.0
303,0.0
303,62.0
303,58.0
304,56.0
304,0.0
304,0.0
304,58.0
304,62.0
305,56.0
305,0.0
305,0.0
305,58.0
305,62.0
306,56.0
306,0.0
306,0.0
306,58.0
306,62.0
307,56.0
307,0.0
307,0.0
307,58.0
307,62.0
308,56.0
308,0.0
308,0.0
308,58.0
308,62.0
309,56.0
309,0.0
309,0.0
309,58.0
309,62.0
310,56.0
310,0.0
310,0.0
310,58.0
310,62.0
311,56.0
311,0.0
311,0.0
311,58.0
311,62.0
312,56.0
312,0.0
312,0.0
312,58.0
312,62.0
313,56.0
313,0.0
313,0.0
313,58.0
313,62.0
314,56.0
314,0.0
314,0.0
314,58.0
314,62.0
315,56.0
315,0.0
315,0.0
315,62.0
315,58.0
316,56.0
316,0.0
316,0.0
316,58.0
316,62.0
317,56.0
317,0.0
317,0.0
317,58.0
317,62.0
318,56.0
318,0.0
318,0.0
318,62.0
318,58.0
319,56.0
319,0.0
319,0.0
319,62.0
319,58.0
320,56.0
320,0.0
320,0.0
320,58.0
320,62.0
321,56.0
321,0.0
321,58.0
321,62.0
321,0.0
322,56.0
322,0.0
322,58.0
322,62.0
322,0.0
323,56.0
323,0.0
323,58.0
323,62.0
323,0.0
324,56.0
324,0.0
324,58.0
324,62.0
324,0.0
325,56.0
325,0.0
325,58.0
325,62.0
325,0.0
326,56.0
326,0.0
326,0.0
326,58.0
326,62.0
327,56.0
327,0.0
327,58.0
327,0.0
327,62.0
328,56.0
328,0.0
328,58.0
328,0.0
328,62.0
329,56.0
329,0.0
329,0.0
329,58.0
329,62.0
330,56.0
330,0.0
330,58.0
330,0.0
330,62.0
331,56.0
331,0.0
331,58.0
331,0.0
331,62.0
332,56.0
332,0.0
332,0.0
332,58.0
332,62.0
333,56.0
333,0.0
333,0.0
333,58.0
334,56.0
334,0.0
334,0.0
334,58.0
335,56.0
335,0.0
335,0.0
335,58.0
335,62.0
336,56.0
336,0.0
336,0.0
336,58.0
336,62.0
337,56.0
337,0.0
337,0.0
337,58.0
337,62.0
338,56.0
338,0.0
338,0.0
338,58.0
338,62.0
339,56.0
339,0.0
339,0.0
339,58.0
339,62.0
340,56.0
340,0.0
340,0.0
340,58.0
340,62.0
341,56.0
341,0.0
341,0.0
341,58.0
341,62.0
342,56.0
342,0.0
342,0.0
342,58.0
342,62.0
343,56.0
343,0.0
343,0.0
343,58.0
343,62.0
344,56.0
344,0.0
344,0.0
344,58.0
344,62.0
345,56.0
345,0.0
345,0.0
345,58.0
345,62.0
346,56.0
346,0.0
346,0.0
346,58.0
346,62.0
347,56.0
347,0.0
347,0.0
347,58.0
347,62.0
347,0.0
348,56.0
348,0.0
348,0.0
348,58.0
348,62.0
348,0.0
349,56.0
349,0.0
349,0.0
349,58.0
349,62.0
350,56.0
350,0.0
350,0.0
350,58.0
350,62.0
351,56.0
351,0.0
351,0.0
351,58.0
351,62.0
352,56.0
352,0.0
352,0.0
352,58.0
352,62.0
353,56.0
353,0.0
353,0.0
353,58.0
353,0.0
353,62.0
354,56.0
354,0.0
354,0.0
354,58.0
354,0.0
354,62.0
355,56.0
355,0.0
355,0.0
355,58.0
355,62.0
355,0.0
356,56.0
356,0.0
356,0.0
356,58.0
356,62.0
357,56.0
357,0.0
357,0.0
357,58.0
357,62.0
357,0.0
358,56.0
358,0.0
358,0.0
358,58.0
358,62.0
359,56.0
359,0.0
359,0.0
359,58.0
359,62.0
360,56.0
360,0.0
360,0.0
360,58.0
360,0.0
360,62.0
361,56.0
361,0.0
361,0.0
361,58.0
361,62.0
362,56.0
362,0.0
362,58.0
362,0.0
362,0.0
362,62.0
363,56.0
363,0.0
363,0.0
363,58.0
364,56.0
364,0.0
364,0.0
364,58.0
364,62.0
365,56.0
365,0.0
365,0.0
365,58.0
366,56.0
366,0.0
366,0.0
366,58.0
366,62.0
367,56.0
367,0.0
367,0.0
367,58.0
367,62.0
368,56.0
368,0.0
368,0.0
368,58.0
368,62.0
369,56.0
369,0.0
369,0.0
369,58.0
369,62.0
370,56.0
370,0.0
370,0.0
370,58.0
371,56.0
371,0.0
371,0.0
371,58.0
372,56.0
372,0.0
372,0.0
372,58.0
373,56.0
373,0.0
373,0.0
373,58.0
373,62.0
374,56.0
374,0.0
374,0.0
374,58.0
374,0.0
375,56.0
375,0.0
375,0.0
375,58.0
375,0.0
376,56.0
376,0.0
376,58.0
376,0.0
376,0.0
376,62.0
377,56.0
377,0.0
377,0.0
377,58.0
377,0.0
377,62.0
378,0.0
378,56.0
378,0.0
378,58.0
378,0.0
378,62.0
379,56.0
379,0.0
379,0.0
379,58.0
379,62.0
379,0.0
380,56.0
380,0.0
380,0.0
380,58.0
380,62.0
381,56.0
381,0.0
381,0.0
381,58.0
381,62.0
381,0.0
382,0.0
382,56.0
382,0.0
382,58.0
382,62.0
382,0.0
383,0.0
383,56.0
383,0.0
383,58.0
383,62.0
383,0.0
384,56.0
384,0.0
384,0.0
384,58.0
384,62.0
384,0.0
385,56.0
385,0.0
385,0.0
385,58.0
385,0.0
385,62.0
386,56.0
386,0.0
386,0.0
386,0.0
386,58.0
386,62.0
387,56.0
387,0.0
387,0.0
387,0.0
387,58.0
387,62.0
388,56.0
388,0.0
388,0.0
388,0.0
388,58.0
388,62.0
389,56.0
389,0.0
389,0.0
389,0.0
389,58.0
390,56.0
390,0.0
390,0.0
390,58.0
390,0.0
391,56.0
391,0.0
391,0.0
391,58.0
391,0.0
392,56.0
392,0.0
392,0.0
392,58.0
392,0.0
393,56.0
393,0.0
393,0.0
393,58.0
393,0.0
394,56.0
394,0.0
394,0.0
394,58.0
394,0.0
395,56.0
395,0.0
395,0.0
395,0.0
395,58.0
396,56.0
396,0.0
396,0.0
396,0.0
396,58.0
397,56.0
397,0.0
397,0.0
397,0.0
397,58.0
398,56.0
398,0.0
398,0.0
398,0.0
398,58.0
398,62.0
399,56.0
399,0.0
399,0.0
399,0.0
399,58.0
400,56.0
400,0.0
400,0.0
400,58.0
400,62.0
401,56.0
401,0.0
401,0.0
401,58.0
401,62.0
402,56.0
402,0.0
402,0.0
402,58.0
402,62.0
403,56.0
403,0.0
403,0.0
403,62.0
403,58.0
404,56.0
404,0.0
404,0.0
404,58.0
404,62.0
405,56.0
405,0.0
405,0.0
405,58.0
405,62.0
406,56.0
406,0.0
406,0.0
406,0.0
406,62.0
406,58.0
407,56.0
407,0.0
407,0.0
407,0.0
407,58.0
407,62.0
408,56.0
408,0.0
408,0.0
408,58.0
408,0.0
408,62.0
409,56.0
409,0.0
409,0.0
409,0.0
409,58.0
409,62.0
410,56.0
410,0.0
410,0.0
410,0.0
410,58.0
410,62.0
411,56.0
411,0.0
411,0.0
411,0.0
411,58.0
411,62.0
412,56.0
412,0.0
412,0.0
412,0.0
412,58.0
412,62.0
413,56.0
413,0.0
413,0.0
413,58.0
413,62.0
414,56.0
414,0.0
414,0.0
414,58.0
414,62.0
415,56.0
415,0.0
415,0.0
415,0.0
415,58.0
415,62.0
416,56.0
416,0.0
416,0.0
416,0.0
416,58.0
416,62.0
417,56.0
417,0.0
417,0.0
417,0.0
417,58.0
417,62.0
418,56.0
418,0.0
418,0.0
418,0.0
418,58.0
418,62.0
419,56.0
419,0.0
419,0.0
419,0.0
419,58.0
419,62.0
420,56.0
420,0.0
420,0.0
420,0.0
420,58.0
420,62.0
421,56.0
421,0.0
421,0.0
421,0.0
421,58.0
422,56.0
422,0.0
422,0.0
422,0.0
422,58.0
422,62.0
423,56.0
423,0.0
423,0.0
423,0.0
423,58.0
423,62.0
424,56.0
424,0.0
424,0.0
424,58.0
424,0.0
424,62.0
425,56.0
425,0.0
425,0.0
425,58.0
425,62.0
426,56.0
426,0.0
426,0.0
426,58.0
426,62.0
427,0.0
427,56.0
427,0.0
427,58.0
427,62.0
428,56.0
428,0.0
428,0.0
428,58.0
428,0.0
428,62.0
429,56.0
429,0.0
429,0.0
429,58.0
429,0.0
429,62.0
430,0.0
430,56.0
430,0.0
430,58.0
430,0.0
431,56.0
431,0.0
431,0.0
431,58.0
431,0.0
432,56.0
432,0.0
432,0.0
432,58.0
432,0.0
433,56.0
433,0.0
433,0.0
433,58.0
433,62.0
433,0.0
434,56.0
434,0.0
434,0.0
434,58.0
434,0.0
434,62.0
435,56.0
435,0.0
435,0.0
435,58.0
435,0.0
436,56.0
436,0.0
436,0.0
436,58.0
437,56.0
437,0.0
437,0.0
437,58.0
437,0.0
438,56.0
438,0.0
438,0.0
438,58.0
438,0.0
439,56.0
439,0.0
439,0.0
439,58.0
439,0.0
439,62.0
440,56.0
440,0.0
440,0.0
440,58.0
440,0.0
441,56.0
441,0.0
441,0.0
441,58.0
441,0.0
442,56.0
442,0.0
442,0.0
442,58.0
442,0.0
443,56.0
443,0.0
443,0.0
443,58.0
443,0.0
444,56.0
444,0.0
444,0.0
444,58.0
444,0.0
445,56.0
445,0.0
445,0.0
445,58.0
445,0.0
446,56.0
446,0.0
446,0.0
446,58.0
446,0.0
447,56.0
447,0.0
447,0.0
447,58.0
447,62.0
447,0.0
448,56.0
448,0.0
448,0.0
448,58.0
448,62.0
448,0.0
449,56.0
449,0.0
449,0.0
449,58.0
449,62.0
450,56.0
450,0.0
450,0.0
450,58.0
450,62.0
450,0.0
451,56.0
451,0.0
451,0.0
451,58.0
451,62.0
451,0.0
452,56.0
452,0.0
452,0.0
452,58.0
452,62.0
452,0.0
453,56.0
453,0.0
453,0.0
453,58.0
453,62.0
453,0.0
454,56.0
454,0.0
454,58.0
454,0.0
454,62.0
454,0.0
455,56.0
455,0.0
455,0.0
455,58.0
455,62.0
455,0.0
456,56.0
456,0.0
456,0.0
456,58.0
456,62.0
456,0.0
457,56.0
457,0.0
457,58.0
457,62.0
457,0.0
457,0.0
458,56.0
458,0.0
458,0.0
458,58.0
458,62.0
459,56.0
459,0.0
459,0.0
459,58.0
459,62.0
460,56.0
460,0.0
460,0.0
460,62.0
460,58.0
461,56.0
461,0.0
461,0.0
461,58.0
461,62.0
462,56.0
462,0.0
462,0.0
462,58.0
462,62.0
463,56.0
463,0.0
463,0.0
463,58.0
463,62.0
464,56.0
464,0.0
464,0.0
464,62.0
464,58.0
465,56.0
465,0.0
465,0.0
465,58.0
465,62.0
466,56.0
466,0.0
466,58.0
466,0.0
466,62.0
467,56.0
467,0.0
467,0.0
467,62.0
467,58.0
468,56.0
468,0.0
468,0.0
468,62.0
468,58.0
469,56.0
469,0.0
469,58.0
469,62.0
469,0.0
469,0.0
470,56.0
470,0.0
470,58.0
470,0.0
470,62.0
471,56.0
471,0.0
471,0.0
471,58.0
471,62.0
472,56.0
472,0.0
472,0.0
472,58.0
472,62.0
473,56.0
473,0.0
473,0.0
473,58.0
473,62.0
474,56.0
474,0.0
474,0.0
474,62.0
474,58.0
475,56.0
475,0.0
475,0.0
475,62.0
475,58.0
476,56.0
476,0.0
476,0.0
476,62.0
476,58.0
477,56.0
477,0.0
477,0.0
477,58.0
477,62.0
478,56.0
478,0.0
478,0.0
478,62.0
478,58.0
479,56.0
479,0.0
479,0.0
479,62.0
479,58.0
480,56.0
480,0.0
480,0.0
480,62.0
480,58.0
481,0.0
481,56.0
481,0.0
481,63.0
481,58.0
482,0.0
482,56.0
482,0.0
482,58.0
482,63.0
483,56.0
483,0.0
483,0.0
483,58.0
483,63.0
484,0.0
484,56.0
484,0.0
484,58.0
484,62.0
485,0.0
485,0.0
485,56.0
485,58.0
485,63.0
485,62.0
486,0.0
486,56.0
486,0.0
486,58.0
486,62.0
486,63.0
487,0.0
487,0.0
487,56.0
487,0.0
487,58.0
487,62.0
488,0.0
488,0.0
488,56.0
488,0.0
488,58.0
488,62.0
489,0.0
489,56.0
489,0.0
489,58.0
489,0.0
489,62.0
490,0.0
490,0.0
490,56.0
490,58.0
490,62.0
491,0.0
491,56.0
491,0.0
491,58.0
491,62.0
492,0.0
492,0.0
492,56.0
492,62.0
492,58.0
493,0.0
493,0.0
493,56.0
493,62.0
493,58.0
494,0.0
494,0.0
494,56.0
494,62.0
494,58.0
495,0.0
495,56.0
495,0.0
495,62.0
495,58.0
496,0.0
496,56.0
496,62.0
496,58.0
496,0.0
497,0.0
497,56.0
497,0.0
497,62.0
497,58.0
497,0.0
498,0.0
498,56.0
498,0.0
498,62.0
498,58.0
498,0.0
499,0.0
499,0.0
499,56.0
499,58.0
499,62.0
499,0.0
499,0.0
500,0.0
500,0.0
500,56.0
500,58.0
500,62.0
500,0.0
501,0.0
501,0.0
501,0.0
501,62.0
501,56.0
501,58.0
502,0.0
502,0.0
502,0.0
502,62.0
502,56.0
502,58.0
503,0.0
503,0.0
503,0.0
503,58.0
503,62.0
504,0.0
504,0.0
504,0.0
504,58.0
505,0.0
505,0.0
505,0.0
505,58.0
506,0.0
506,0.0
506,0.0
506,58.0
506,62.0
507,0.0
507,0.0
507,0.0
507,58.0
507,62.0
508,0.0
508,0.0
508,0.0
508,58.0
509,0.0
509,0.0
509,0.0
509,58.0
509,62.0
509,0.0
510,0.0
510,0.0
510,0.0
510,62.0
510,58.0
511,0.0
511,0.0
511,62.0
511,58.0
511,0.0
511,0.0
512,0.0
512,0.0
512,0.0
512,62.0
512,58.0
513,0.0
513,0.0
513,0.0
513,62.0
513,58.0
514,0.0
514,0.0
514,0.0
514,62.0
514,58.0
515,0.0
515,0.0
515,0.0
515,62.0
515,58.0
516,0.0
516,0.0
516,0.0
516,58.0
516,62.0
517,0.0
517,0.0
517,58.0
517,0.0
517,62.0
518,0.0
518,0.0
518,0.0
518,58.0
518,62.0
519,0.0
519,0.0
519,58.0
519,0.0
519,62.0
520,0.0
520,0.0
520,58.0
520,62.0
520,0.0
521,0.0
521,0.0
521,58.0
521,62.0
522,0.0
522,0.0
522,58.0
522,62.0
522,56.0
523,0.0
523,58.0
523,0.0
523,62.0
524,0.0
524,0.0
524,58.0
524,62.0
525,0.0
525,0.0
525,58.0
525,62.0
526,0.0
526,0.0
526,58.0
526,62.0
527,0.0
527,0.0
527,58.0
527,62.0
528,0.0
528,58.0
528,62.0
529,0.0
529,58.0
529,0.0
530,0.0
530,62.0
530,0.0
530,58.0
531,0.0
531,62.0
531,58.0
531,0.0
532,0.0
532,0.0
532,58.0
532,62.0
533,0.0
533,62.0
533,58.0
534,0.0
534,62.0
534,58.0
535,0.0
535,62.0
535,58.0
536,0.0
536,62.0
536,58.0
537,0.0
537,62.0
537,58.0
538,0.0
538,62.0
538,58.0
539,0.0
539,62.0
539,58.0
540,0.0
540,62.0
540,58.0
540,0.0
541,0.0
541,62.0
541,58.0
542,0.0
542,62.0
542,58.0
543,0.0
543,58.0
544,0.0
544,58.0
544,0.0
545,0.0
545,58.0
545,0.0
546,0.0
546,58.0
546,0.0
547,0.0
547,58.0
547,0.0
548,0.0
548,0.0
548,62.0
548,58.0
549,0.0
549,0.0
549,62.0
549,58.0
550,0.0
550,0.0
550,62.0
550,58.0
551,0.0
551,0.0
551,62.0
551,58.0
551,56.0
552,0.0
552,0.0
552,62.0
552,58.0
553,0.0
553,0.0
553,62.0
553,58.0
554,0.0
554,0.0
554,58.0
554,62.0
555,0.0
555,0.0
555,62.0
555,58.0
556,0.0
556,0.0
556,58.0
556,62.0
557,0.0
557,0.0
557,58.0
557,62.0
558,0.0
558,0.0
558,58.0
558,56.0
558,62.0
559,0.0
559,0.0
559,58.0
559,56.0
559,62.0
560,0.0
560,0.0
560,58.0
561,0.0
561,0.0
561,58.0
562,0.0
562,0.0
562,58.0
562,62.0
563,0.0
563,0.0
563,58.0
564,0.0
564,0.0
564,58.0
565,0.0
565,0.0
565,58.0
566,0.0
566,0.0
566,58.0
567,0.0
567,0.0
567,58.0
568,0.0
568,0.0
568,58.0
569,0.0
569,0.0
569,58.0
569,62.0
570,0.0
570,0.0
571,0.0
571,0.0
571,58.0
572,0.0
572,0.0
573,0.0
573,0.0
573,58.0
574,0.0
574,0.0
574,58.0
574,56.0
574,62.0
575,0.0
575,0.0
575,58.0
575,62.0
575,56.0
576,0.0
576,0.0
576,58.0
576,62.0
577,0.0
577,0.0
577,58.0
577,56.0
577,62.0
578,0.0
578,58.0
579,0.0
579,0.0
579,58.0
580,0.0
580,0.0
580,58.0
581,0.0
581,0.0
581,56.0
581,58.0
582,0.0
582,0.0
582,56.0
582,58.0
583,0.0
583,0.0
583,56.0
583,58.0
584,0.0
584,56.0
584,0.0
584,58.0
585,0.0
585,56.0
585,0.0
585,58.0
586,0.0
586,0.0
586,56.0
586,58.0
586,62.0
587,0.0
587,0.0
587,58.0
588,0.0
588,0.0
588,58.0
589,0.0
589,0.0
589,62.0
589,58.0
590,0.0
590,0.0
590,58.0
591,0.0
591,0.0
591,62.0
591,58.0
592,0.0
592,0.0
592,58.0
593,0.0
593,0.0
593,58.0
594,0.0
594,0.0
594,58.0
594,62.0
595,0.0
595,0.0
595,58.0
595,62.0
596,0.0
596,58.0
596,0.0
597,0.0
597,58.0
598,0.0
598,58.0
598,0.0
599,0.0
599,58.0
600,0.0
600,58.0
601,0.0
601,58.0
602,0.0
602,58.0
602,56.0
603,0.0
603,58.0
603,56.0
604,0.0
604,56.0
604,58.0
605,0.0
605,58.0
605,56.0
606,0.0
606,58.0
607,0.0
607,58.0
607,62.0
608,0.0
608,58.0
608,62.0
608,0.0
609,0.0
609,0.0
609,58.0
609,62.0
610,0.0
610,58.0
610,62.0
611,0.0
611,58.0
611,62.0
612,0.0
612,58.0
612,62.0
612,0.0
613,0.0
613,58.0
613,0.0
613,62.0
614,0.0
614,0.0
614,58.0
614,62.0
615,0.0
615,0.0
615,58.0
616,0.0
616,0.0
616,58.0
617,0.0
617,0.0
617,58.0
618,0.0
618,0.0
618,58.0
619,0.0
619,0.0
619,58.0
620,0.0
620,0.0
620,58.0
621,0.0
621,0.0
621,58.0
622,0.0
622,0.0
622,58.0
623,0.0
623,0.0
623,58.0
624,0.0
624,0.0
624,58.0
625,0.0
625,0.0
625,58.0
625,62.0
626,0.0
626,0.0
626,58.0
626,62.0
627,0.0
627,0.0
627,58.0
627,62.0
628,0.0
628,0.0
628,58.0
628,62.0
629,0.0
629,0.0
629,58.0
629,62.0
630,0.0
630,58.0
630,0.0
630,62.0
631,0.0
631,58.0
631,0.0
631,62.0
632,0.0
632,58.0
632,62.0
633,0.0
633,58.0
633,62.0
634,0.0
634,58.0
634,62.0
635,0.0
635,58.0
635,62.0
636,0.0
636,58.0
636,62.0
637,0.0
637,58.0
637,62.0
638,0.0
638,58.0
638,62.0
639,0.0
639,58.0
639,62.0
640,0.0
640,58.0
640,62.0
641,0.0
641,58.0
641,62.0
642,0.0
642,0.0
642,58.0
642,62.0
643,0.0
643,58.0
643,56.0
643,0.0
643,62.0
644,0.0
644,56.0
644,58.0
644,0.0
644,63.0
644,62.0
645,0.0
645,0.0
645,58.0
645,63.0
645,56.0
646,0.0
646,56.0
646,58.0
646,0.0
646,63.0
647,0.0
647,56.0
647,58.0
647,63.0
647,62.0
648,0.0
648,58.0
648,56.0
648,63.0
648,62.0
649,0.0
649,56.0
649,58.0
649,0.0
649,62.0
649,63.0
650,0.0
650,0.0
650,56.0
650,58.0
650,63.0
651,0.0
651,0.0
651,58.0
651,56.0
651,62.0
652,0.0
652,0.0
652,56.0
652,58.0
652,62.0
652,63.0
653,0.0
653,0.0
653,56.0
653,58.0
653,62.0
654,0.0
654,0.0
654,56.0
654,58.0
654,62.0
655,0.0
655,0.0
655,58.0
655,56.0
655,62.0
655,63.0
656,0.0
656,0.0
656,56.0
656,58.0
656,62.0
656,63.0
657,0.0
657,0.0
657,56.0
657,58.0
657,62.0
658,0.0
658,0.0
658,56.0
658,58.0
658,62.0
659,0.0
659,0.0
659,56.0
659,58.0
660,0.0
660,0.0
660,56.0
660,58.0
660,62.0
661,0.0
661,0.0
661,56.0
661,58.0
661,62.0
662,0.0
662,0.0
662,58.0
662,62.0
663,0.0
663,0.0
663,58.0
663,56.0
664,0.0
664,0.0
664,58.0
664,62.0
665,0.0
665,0.0
665,58.0
665,62.0
666,0.0
666,0.0
666,58.0
666,62.0
667,0.0
667,0.0
667,58.0
667,62.0
668,0.0
668,0.0
668,58.0
668,62.0
669,0.0
669,0.0
669,58.0
669,62.0
670,0.0
670,0.0
670,62.0
670,58.0
671,0.0
671,0.0
671,58.0
671,62.0
672,0.0
672,0.0
672,62.0
672,58.0
673,0.0
673,0.0
673,58.0
673,62.0
674,0.0
674,0.0
674,58.0
674,62.0
675,0.0
675,0.0
675,58.0
676,0.0
676,0.0
676,58.0
677,0.0
677,0.0
677,58.0
678,0.0
678,0.0
678,58.0
679,0.0
679,0.0
679,58.0
680,0.0
680,0.0
680,58.0
681,0.0
681,0.0
681,58.0
682,0.0
682,0.0
682,58.0
683,0.0
683,0.0
683,58.0
683,62.0
684,0.0
684,0.0
684,58.0
684,62.0
685,0.0
685,0.0
685,58.0
685,62.0
686,0.0
686,0.0
686,58.0
687,0.0
687,0.0
687,58.0
687,56.0
688,0.0
688,0.0
688,58.0
689,0.0
689,0.0
689,58.0
690,0.0
690,0.0
690,58.0
691,0.0
691,0.0
691,58.0
692,0.0
692,0.0
692,58.0
693,0.0
693,0.0
693,58.0
694,0.0
694,0.0
694,58.0
695,0.0
695,0.0
695,58.0
696,0.0
696,0.0
696,58.0
697,0.0
697,0.0
697,58.0
698,0.0
698,0.0
698,58.0
699,0.0
699,0.0
699,58.0
700,0.0
700,0.0
700,58.0
701,0.0
701,0.0
701,58.0
702,0.0
702,0.0
702,58.0
703,0.0
703,0.0
703,58.0
704,0.0
704,0.0
704,58.0
705,0.0
705,0.0
705,58.0
706,0.0
706,0.0
706,58.0
707,0.0
707,0.0
707,58.0
708,0.0
708,0.0
708,58.0
709,0.0
709,0.0
709,58.0
710,0.0
710,0.0
710,58.0
711,0.0
711,0.0
711,58.0
711,56.0
712,0.0
712,0.0
712,58.0
712,56.0
713,0.0
713,0.0
713,58.0
714,0.0
714,0.0
714,58.0
715,0.0
715,0.0
715,58.0
716,0.0
716,0.0
716,58.0
717,0.0
717,0.0
717,58.0
717,56.0
718,0.0
718,0.0
718,58.0
718,56.0
719,0.0
719,0.0
719,58.0
719,56.0
720,0.0
720,0.0
720,58.0
720,56.0
721,0.0
721,0.0
721,58.0
722,0.0
722,0.0
722,58.0
723,0.0
723,0.0
723,58.0
724,0.0
724,0.0
724,58.0
725,0.0
725,0.0
725,58.0
726,0.0
726,0.0
726,58.0
727,0.0
727,0.0
727,58.0
728,0.0
728,0.0
728,58.0
729,0.0
729,0.0
729,58.0
730,0.0
730,0.0
730,58.0
731,0.0
731,0.0
731,58.0
732,0.0
732,0.0
732,58.0
733,0.0
733,0.0
733,58.0
734,0.0
734,0.0
734,58.0
735,0.0
735,0.0
735,58.0
736,0.0
736,0.0
736,58.0
737,0.0
737,58.0
737,0.0
737,56.0
738,0.0
738,0.0
738,58.0
738,56.0
739,0.0
739,0.0
739,58.0
739,56.0
740,0.0
740,0.0
740,58.0
741,0.0
741,0.0
741,58.0
742,0.0
742,0.0
742,58.0
743,0.0
743,58.0
743,0.0
744,0.0
744,58.0
744,0.0
745,0.0
745,58.0
745,0.0
746,0.0
746,58.0
746,0.0
747,0.0
747,58.0
747,0.0
748,0.0
748,58.0
748,0.0
748,56.0
749,0.0
749,58.0
749,0.0
749,56.0
750,58.0
750,0.0
750,0.0
751,0.0
751,58.0
751,56.0
751,0.0
752,0.0
752,58.0
752,56.0
752,0.0
753,0.0
753,58.0
753,56.0
753,0.0
754,0.0
754,58.0
754,56.0
754,0.0
755,0.0
755,58.0
755,56.0
755,0.0
756,0.0
756,58.0
756,56.0
756,0.0
757,0.0
757,58.0
757,56.0
757,0.0
758,0.0
758,58.0
758,56.0
758,0.0
759,0.0
759,58.0
759,56.0
759,0.0
760,0.0
760,58.0
760,56.0
760,0.0
761,0.0
761,58.0
761,56.0
761,0.0
762,0.0
762,58.0
762,56.0
762,0.0
763,0.0
763,58.0
763,56.0
763,0.0
764,0.0
764,58.0
764,56.0
764,0.0
765,0.0
765,58.0
765,56.0
765,0.0
766,0.0
766,58.0
766,56.0
766,0.0
767,0.0
767,56.0
767,58.0
767,0.0
768,0.0
768,56.0
768,58.0
768,0.0
769,0.0
769,58.0
769,0.0
769,56.0
770,0.0
770,0.0
770,58.0
770,56.0
771,0.0
771,0.0
771,58.0
771,56.0
772,0.0
772,0.0
772,58.0
772,56.0
773,0.0
773,0.0
773,58.0
773,56.0
774,0.0
774,0.0
774,58.0
774,56.0
775,0.0
775,0.0
775,58.0
775,56.0
776,0.0
776,0.0
776,56.0
776,58.0
777,0.0
777,0.0
777,56.0
777,58.0
777,62.0
778,0.0
778,0.0
778,58.0
778,56.0
778,62.0
779,0.0
779,0.0
779,58.0
779,56.0
779,62.0
780,0.0
780,0.0
780,58.0
780,56.0
781,0.0
781,0.0
781,58.0
781,56.0
782,0.0
782,0.0
782,58.0
782,56.0
783,0.0
783,0.0
783,58.0
783,56.0
784,0.0
784,0.0
784,58.0
784,56.0
785,0.0
785,0.0
785,58.0
785,56.0
786,0.0
786,0.0
786,56.0
786,58.0
787,0.0
787,0.0
787,58.0
787,56.0
788,0.0
788,0.0
788,58.0
788,56.0
788,62.0
789,0.0
789,0.0
789,58.0
789,62.0
789,56.0
790,0.0
790,0.0
790,58.0
790,62.0
790,56.0
791,0.0
791,0.0
791,58.0
791,56.0
791,62.0
792,0.0
792,0.0
792,58.0
792,56.0
792,62.0
793,0.0
793,0.0
793,58.0
793,62.0
794,0.0
794,0.0
794,58.0
794,62.0
795,0.0
795,0.0
795,58.0
795,62.0
796,0.0
796,0.0
796,58.0
796,62.0
797,0.0
797,0.0
797,58.0
798,0.0
798,0.0
798,58.0
799,0.0
799,0.0
799,58.0
799,56.0
800,0.0
800,0.0
800,58.0
800,56.0
801,0.0
801,0.0
801,58.0
801,56.0
802,0.0
802,0.0
802,58.0
802,62.0
803,0.0
803,0.0
803,58.0
803,56.0
804,0.0
804,0.0
804,58.0
804,62.0
804,56.0
805,0.0
805,0.0
805,58.0
805,62.0
805,56.0
806,0.0
806,0.0
806,58.0
806,56.0
806,62.0
807,0.0
807,58.0
807,0.0
807,62.0
807,56.0
808,0.0
808,58.0
808,0.0
808,62.0
809,0.0
809,58.0
809,0.0
809,62.0
810,0.0
810,58.0
810,62.0
810,0.0
811,0.0
811,58.0
811,0.0
811,62.0
812,0.0
812,62.0
812,58.0
812,0.0
813,0.0
813,0.0
813,58.0
813,62.0
814,0.0
814,58.0
814,62.0
814,0.0
815,0.0
815,58.0
815,0.0
815,62.0
816,0.0
816,58.0
816,62.0
816,0.0
817,0.0
817,58.0
817,62.0
818,58.0
818,0.0
818,0.0
818,62.0
819,58.0
819,0.0
819,62.0
819,0.0
820,58.0
820,0.0
820,0.0
820,62.0
821,58.0
821,0.0
821,0.0
821,62.0
822,58.0
822,0.0
822,62.0
822,0.0
823,0.0
823,58.0
823,0.0
823,62.0
824,0.0
824,58.0
824,0.0
825,58.0
825,0.0
825,0.0
826,58.0
826,0.0
826,0.0
826,56.0
827,58.0
827,0.0
827,0.0
827,56.0
828,58.0
828,0.0
828,0.0
828,56.0
829,58.0
829,0.0
829,0.0
829,56.0
830,58.0
830,0.0
830,0.0
830,56.0
831,58.0
831,0.0
831,0.0
831,62.0
831,56.0
832,58.0
832,0.0
832,0.0
832,56.0
832,62.0
833,58.0
833,0.0
833,0.0
833,56.0
833,62.0
834,58.0
834,0.0
834,0.0
834,56.0
834,62.0
835,58.0
835,0.0
836,58.0
836,0.0
836,56.0
836,0.0
837,58.0
837,0.0
837,0.0
838,58.0
838,0.0
838,0.0
839,58.0
839,0.0
839,0.0
839,56.0
840,58.0
840,0.0
840,56.0
841,58.0
841,0.0
841,56.0
842,58.0
842,56.0
842,0.0
842,0.0
843,0.0
843,58.0
843,56.0
843,0.0
844,0.0
844,58.0
844,56.0
844,0.0
845,0.0
845,58.0
845,56.0
845,0.0
846,0.0
846,58.0
846,56.0
846,0.0
847,0.0
847,58.0
847,0.0
847,56.0
848,0.0
848,0.0
848,58.0
848,56.0
849,0.0
849,58.0
849,0.0
849,56.0
849,63.0
850,0.0
850,0.0
850,56.0
850,58.0
850,63.0
851,0.0
851,0.0
851,56.0
851,58.0
851,63.0
851,62.0
852,0.0
852,0.0
852,56.0
852,58.0
852,63.0
852,62.0
853,0.0
853,0.0
853,56.0
853,58.0
853,63.0
854,0.0
854,0.0
854,56.0
854,58.0
854,63.0
855,0.0
855,56.0
855,0.0
855,58.0
855,62.0
856,0.0
856,0.0
856,58.0
856,56.0
856,63.0
856,62.0
857,0.0
857,0.0
857,58.0
857,63.0
857,56.0
858,0.0
858,0.0
858,58.0
858,56.0
858,63.0
859,0.0
859,58.0
859,0.0
859,56.0
860,0.0
860,58.0
860,0.0
860,56.0
861,0.0
861,58.0
861,0.0
861,56.0
862,0.0
862,58.0
863,0.0
863,58.0
864,58.0
864,0.0
865,0.0
865,0.0
865,58.0
866,0.0
866,58.0
866,0.0
867,0.0
867,58.0
867,0.0
868,0.0
868,58.0
868,0.0
868,63.0
869,58.0
869,0.0
869,0.0
869,63.0
870,0.0
870,58.0
870,0.0
870,63.0
871,0.0
871,58.0
871,0.0
871,56.0
871,63.0
872,0.0
872,58.0
872,0.0
872,63.0
872,56.0
873,0.0
873,58.0
873,0.0
873,56.0
873,63.0
873,56.0
874,0.0
874,58.0
875,0.0
875,58.0
876,0.0
876,58.0
877,0.0
877,58.0
878,0.0
878,58.0
879,0.0
879,58.0
880,0.0
880,58.0
880,56.0
880,63.0
881,0.0
881,58.0
881,56.0
882,0.0
882,58.0
882,63.0
882,56.0
883,0.0
883,58.0
883,56.0
883,63.0
884,0.0
884,58.0
884,63.0
884,56.0
885,0.0
885,58.0
885,63.0
885,56.0
886,0.0
886,58.0
886,56.0
887,0.0
887,58.0
887,56.0
888,0.0
888,58.0
888,56.0
889,0.0
889,58.0
889,56.0
890,0.0
890,58.0
891,0.0
891,56.0
891,58.0
892,0.0
892,58.0
892,56.0
893,0.0
893,58.0
893,56.0
894,0.0
894,58.0
894,56.0
895,0.0
895,56.0
895,58.0
896,0.0
896,56.0
896,58.0
897,0.0
897,56.0
897,58.0
898,0.0
898,56.0
898,58.0
899,0.0
899,56.0
899,58.0
900,0.0
900,56.0
900,58.0
901,0.0
901,56.0
901,58.0
902,0.0
902,58.0
902,56.0
903,0.0
903,58.0
903,56.0
904,0.0
904,58.0
904,56.0
904,63.0
905,0.0
905,58.0
905,56.0
906,0.0
906,58.0
906,56.0
907,0.0
907,58.0
907,56.0
908,0.0
908,58.0
908,56.0
909,0.0
909,58.0
909,56.0
910,0.0
910,58.0
910,56.0
911,0.0
911,58.0
911,56.0
912,0.0
912,58.0
912,56.0
913,0.0
913,58.0
914,0.0
914,58.0
915,0.0
915,58.0
916,0.0
916,58.0
917,0.0
917,58.0
918,0.0
918,58.0
919,0.0
919,58.0
920,0.0
920,58.0
921,0.0
921,58.0
922,0.0
922,58.0
923,0.0
923,58.0
924,0.0
924,58.0
925,0.0
925,58.0
926,0.0
926,58.0
927,0.0
927,58.0
928,0.0
928,58.0
929,0.0
929,58.0
930,0.0
930,58.0
931,0.0
931,58.0
932,0.0
932,58.0
933,0.0
933,58.0
934,0.0
934,58.0
935,0.0
935,58.0
936,0.0
936,58.0
936,0.0
937,0.0
937,58.0
938,0.0
938,58.0
939,0.0
939,58.0
940,0.0
940,58.0
941,0.0
941,58.0
942,0.0
942,58.0
943,0.0
943,58.0
944,0.0
944,58.0
945,0.0
945,58.0
946,0.0
946,58.0
947,0.0
947,58.0
948,0.0
948,58.0
949,0.0
949,58.0
950,0.0
950,58.0
951,0.0
951,58.0
952,0.0
952,58.0
953,0.0
953,58.0
954,0.0
954,58.0
955,0.0
955,58.0
956,0.0
956,58.0
957,0.0
957,58.0
958,0.0
958,58.0
959,0.0
959,58.0
960,0.0
960,58.0
961,0.0
961,58.0
962,0.0
962,58.0
963,0.0
963,58.0
964,0.0
964,58.0
965,0.0
965,58.0
966,0.0
966,58.0
967,0.0
967,58.0
968,0.0
968,58.0
969,0.0
969,58.0
970,0.0
970,58.0
971,0.0
971,58.0
972,0.0
972,58.0
973,0.0
973,58.0
974,0.0
974,58.0
975,0.0
975,58.0
976,0.0
976,58.0
977,0.0
977,58.0
978,0.0
978,58.0
979,0.0
979,58.0
980,0.0
980,58.0
981,0.0
981,58.0
982,0.0
982,58.0
983,0.0
983,58.0
984,0.0
984,58.0
985,58.0
985,0.0
986,58.0
986,0.0
987,58.0
987,0.0
988,58.0
988,0.0
989,58.0
990,58.0
990,0.0
990,0.0
991,58.0
991,0.0
992,58.0
992,0.0
993,0.0
993,58.0
994,58.0
994,0.0
995,58.0
995,0.0
996,58.0
996,0.0
997,58.0
997,0.0
998,0.0
998,58.0
999,0.0
999,58.0
1000,0.0
1000,58.0
1001,0.0
1001,58.0
1002,0.0
1002,58.0
1003,0.0
1003,58.0
1004,0.0
1004,58.0
1005,0.0
1005,58.0
1006,0.0
1006,58.0
1007,0.0
1007,58.0
1008,0.0
1008,58.0
1009,0.0
1009,58.0
1010,0.0
1010,58.0
1011,0.0
1011,58.0
1012,0.0
1012,58.0
1013,0.0
1013,58.0
1014,0.0
1014,58.0
1015,0.0
1015,58.0
1016,0.0
1016,58.0
1017,0.0
1017,58.0
1018,0.0
1018,58.0
1019,0.0
1019,58.0
1020,0.0
1020,58.0
1021,0.0
1021,58.0
1021,56.0
1022,0.0
1022,58.0
1022,56.0
1023,0.0
1023,56.0
1023,58.0
1024,0.0
1024,56.0
1024,58.0
1025,0.0
1025,56.0
1025,58.0
1026,0.0
1026,56.0
1026,58.0
1027,0.0
1027,58.0
1027,56.0
1028,0.0
1028,58.0
1029,0.0
1029,58.0
1030,0.0
1030,58.0
1031,0.0
1031,0.0
1031,58.0
1032,0.0
1032,0.0
1032,58.0
1033,0.0
1033,0.0
1033,58.0
1034,0.0
1034,0.0
1034,58.0
1035,0.0
1035,0.0
1035,58.0
1036,0.0
1036,0.0
1036,58.0
1037,0.0
1037,0.0
1037,58.0
1038,0.0
1038,0.0
1038,58.0
1039,0.0
1039,0.0
1039,58.0
1040,0.0
1040,0.0
1040,58.0
1041,0.0
1041,0.0
1041,58.0
1042,0.0
1042,0.0
1042,58.0
1043,0.0
1043,0.0
1043,58.0
1044,0.0
1044,0.0
1044,58.0
1045,0.0
1045,0.0
1045,58.0
1046,0.0
1046,0.0
1046,58.0
1047,0.0
1047,0.0
1047,58.0
1048,0.0
1048,0.0
1048,58.0
1049,0.0
1049,0.0
1049,58.0
1050,0.0
1050,58.0
1050,0.0
1051,0.0
1051,58.0
1051,0.0
1052,0.0
1052,58.0
1052,0.0
1053,0.0
1053,58.0
1054,0.0
1054,58.0
1054,0.0
1055,0.0
1055,58.0
1056,0.0
1056,0.0
1056,58.0
1057,0.0
1057,0.0
1057,58.0
1058,0.0
1058,0.0
1058,58.0
1059,0.0
1059,0.0
1059,56.0
1059,58.0
1060,0.0
1060,0.0
1060,56.0
1060,58.0
1061,0.0
1061,0.0
1061,56.0
1061,58.0
1062,0.0
1062,0.0
1062,58.0
1062,56.0
1063,0.0
1063,0.0
1063,58.0
1064,0.0
1064,0.0
1064,58.0
1065,0.0
1065,0.0
1065,56.0
1065,58.0
1066,0.0
1066,0.0
1066,56.0
1066,58.0
1067,0.0
1067,0.0
1067,56.0
1067,58.0
1068,0.0
1068,0.0
1068,58.0
1069,0.0
1069,0.0
1069,58.0
1070,0.0
1070,0.0
1070,58.0
1071,0.0
1071,0.0
1071,58.0
1072,0.0
1072,0.0
1073,0.0
1073,0.0
1074,0.0
1074,0.0
1074,58.0
1075,0.0
1075,0.0
1075,58.0
1076,0.0
1076,0.0
1076,58.0
1077,0.0
1077,0.0
1077,58.0
1078,0.0
1078,0.0
1078,58.0
1079,0.0
1079,0.0
1079,58.0
1080,0.0
1080,0.0
1080,56.0
1080,58.0
1081,0.0
1081,0.0
1081,58.0
1082,0.0
1082,0.0
1082,58.0
1082,56.0
1083,0.0
1083,0.0
1083,58.0
1084,0.0
1084,0.0
1084,58.0
1085,0.0
1085,0.0
1085,58.0
1086,0.0
1086,0.0
1086,58.0
1087,0.0
1087,0.0
1087,58.0
1088,0.0
1088,58.0
1088,0.0
1089,0.0
1089,0.0
1089,58.0
1089,56.0
1090,0.0
1090,0.0
1090,58.0
1091,0.0
1091,0.0
1091,58.0
1092,0.0
1092,0.0
1092,58.0
1093,0.0
1093,0.0
1093,58.0
1093,56.0
1094,0.0
1094,0.0
1094,58.0
1094,56.0
1095,0.0
1095,0.0
1095,58.0
1095,56.0
1096,0.0
1096,0.0
1096,58.0
1096,56.0
1097,0.0
1097,0.0
1097,58.0
1097,56.0
1098,0.0
1098,0.0
1098,58.0
1099,0.0
1099,0.0
1099,58.0
1100,0.0
1100,0.0
1100,58.0
1101,0.0
1101,0.0
1101,58.0
1101,56.0
1102,0.0
1102,0.0
1102,58.0
1103,0.0
1103,0.0
1103,58.0
1104,0.0
1104,0.0
1104,58.0
1105,0.0
1105,0.0
1105,58.0
1106,0.0
1106,0.0
1106,58.0
1107,0.0
1107,0.0
1107,58.0
1108,0.0
1108,0.0
1108,58.0
1109,0.0
1109,0.0
1109,58.0
1110,0.0
1110,0.0
1110,58.0
1111,0.0
1111,0.0
1111,58.0
1112,0.0
1112,0.0
1112,58.0
1113,0.0
1113,0.0
1113,58.0
1114,0.0
1114,0.0
1114,58.0
1115,0.0
1115,0.0
1115,58.0
1116,0.0
1116,0.0
1116,58.0
1117,0.0
1117,58.0
1117,0.0
1118,0.0
1118,58.0
1118,0.0
1119,0.0
1119,58.0
1120,0.0
1120,58.0
1121,0.0
1121,58.0
1122,58.0
1122,0.0
1122,0.0
1123,0.0
1123,58.0
1123,0.0
1124,0.0
1124,0.0
1124,58.0
1125,0.0
1125,58.0
1125,0.0
1126,0.0
1126,0.0
1126,58.0
1127,0.0
1127,0.0
1127,58.0
1128,0.0
1128,0.0
1128,58.0
1129,0.0
1129,0.0
1129,58.0
1130,0.0
1130,58.0
1130,0.0
1131,0.0
1131,58.0
1131,0.0
1132,0.0
1132,58.0
1132,0.0
1133,0.0
1133,58.0
1133,0.0
1134,0.0
1134,58.0
1135,58.0
1135,0.0
1135,0.0
1136,58.0
1136,0.0
1136,0.0
1137,58.0
1137,0.0
1137,0.0
1138,58.0
1138,0.0
1138,0.0
1139,0.0
1139,58.0
1139,0.0
1140,0.0
1140,58.0
1140,56.0
1141,0.0
1141,58.0
1141,56.0
1142,0.0
1142,58.0
1142,56.0
1143,0.0
1143,58.0
1143,56.0
1144,0.0
1144,58.0
1144,56.0
1145,0.0
1145,58.0
1145,56.0
1146,0.0
1146,58.0
1146,56.0
1147,0.0
1147,58.0
1147,56.0
1148,0.0
1148,56.0
1148,58.0
1149,0.0
1149,56.0
1149,58.0
1150,0.0
1150,58.0
1150,56.0
1151,56.0
1151,0.0
1151,58.0
1152,56.0
1152,0.0
1152,58.0
1153,56.0
1153,0.0
1153,58.0
1154,56.0
1154,58.0
1154,0.0
1155,56.0
1155,0.0
1155,58.0
1156,56.0
1156,0.0
1156,58.0
1157,56.0
1157,0.0
1157,58.0
1158,0.0
1158,56.0
1158,58.0
1159,0.0
1159,56.0
1159,58.0
1160,0.0
1160,56.0
1160,58.0
1161,0.0
1161,58.0
1161,56.0
1162,0.0
1162,56.0
1162,58.0
1163,0.0
1163,56.0
1163,58.0
1164,0.0
1164,56.0
1164,58.0
1165,56.0
1165,0.0
1165,58.0
1166,56.0
1166,58.0
1166,0.0
1167,56.0
1167,58.0
1167,0.0
1168,56.0
1168,0.0
1168,58.0
1169,56.0
1169,0.0
1169,58.0
1170,56.0
1170,0.0
1170,58.0
1171,56.0
1171,0.0
1171,58.0
1172,56.0
1172,0.0
1172,58.0
1173,56.0
1173,0.0
1173,58.0
1174,56.0
1174,0.0
1174,58.0
1175,0.0
1175,56.0
1175,58.0
1176,0.0
1176,58.0
1176,56.0
1177,0.0
1177,58.0
1177,56.0
1178,58.0
1178,0.0
1178,56.0
1179,0.0
1179,58.0
1179,0.0
1179,56.0
1180,0.0
1180,58.0
1180,56.0
1180,0.0
1181,0.0
1181,56.0
1181,58.0
1181,0.0
1182,0.0
1182,58.0
1182,0.0
1183,0.0
1183,58.0
1184,0.0
1184,0.0
1184,58.0
1185,0.0
1185,0.0
1185,58.0
1186,0.0
1186,0.0
1186,58.0
1187,0.0
1187,0.0
1187,58.0
1188,0.0
1188,0.0
1188,58.0
1189,0.0
1189,0.0
1189,58.0
1190,0.0
1190,0.0
1190,58.0
1191,0.0
1191,0.0
1191,58.0
1192,0.0
1192,0.0
1192,58.0
1193,0.0
1193,0.0
1193,58.0
1194,0.0
1194,0.0
1194,58.0
1195,0.0
1195,0.0
1195,58.0
1196,0.0
1196,0.0
1196,58.0
1197,0.0
1197,0.0
1197,58.0
1198,0.0
1198,0.0
1198,58.0
1199,0.0
1199,0.0
1199,58.0
1200,0.0
1200,0.0
1200,58.0
1201,0.0
1201,0.0
1201,58.0
1202,0.0
1202,0.0
1202,58.0
1203,0.0
1203,0.0
1203,58.0
1204,0.0
1204,0.0
1204,58.0
1205,0.0
1205,0.0
1205,58.0
1206,0.0
1206,0.0
1206,58.0
1207,0.0
1207,0.0
1207,58.0
1208,0.0
1208,0.0
1208,58.0
1209,0.0
1209,0.0
1209,58.0
1209,56.0
1210,0.0
1210,0.0
1210,58.0
1210,56.0
1211,0.0
1211,0.0
1211,58.0
1212,0.0
1212,0.0
1212,58.0
1213,0.0
1213,0.0
1213,58.0
1214,0.0
1214,0.0
1214,58.0
1215,0.0
1215,0.0
1215,58.0
1216,0.0
1216,0.0
1216,58.0
1217,0.0
1217,0.0
1217,58.0
1218,0.0
1218,58.0
1218,0.0
1219,0.0
1219,58.0
1219,0.0
1220,0.0
1220,58.0
1220,0.0
1220,56.0
1221,0.0
1221,58.0
1222,0.0
1222,58.0
1223,0.0
1223,58.0
1224,0.0
1224,58.0
1224,56.0
1225,0.0
1225,58.0
1225,56.0
1226,0.0
1226,58.0
1226,56.0
1227,0.0
1227,58.0
1228,0.0
1228,58.0
1229,0.0
1229,58.0
1230,0.0
1230,58.0
1231,0.0
1231,58.0
1232,0.0
1232,58.0
1233,0.0
1233,58.0
1234,0.0
1234,58.0
1235,0.0
1235,58.0
1236,0.0
1236,0.0
1236,58.0
1237,0.0
1237,0.0
1237,58.0
1238,0.0
1238,0.0
1238,58.0
1239,0.0
1239,58.0
1240,0.0
1240,58.0
1241,0.0
1241,58.0
1242,0.0
1242,58.0
1243,0.0
1243,58.0
1244,0.0
1244,58.0
1245,0.0
1245,58.0
1246,0.0
1246,58.0
1247,0.0
1247,58.0
1248,0.0
1248,58.0
1249,0.0
1249,58.0
1250,0.0
1250,58.0
1251,0.0
1251,58.0
1251,0.0
1252,0.0
1252,58.0
1252,0.0
1253,0.0
1253,58.0
1253,0.0
1254,0.0
1254,0.0
1254,58.0
1255,0.0
1255,0.0
1255,58.0
1256,0.0
1256,0.0
1256,58.0
1257,0.0
1257,0.0
1257,58.0
1258,0.0
1258,0.0
1258,58.0
1259,0.0
1259,0.0
1259,58.0
1260,0.0
1260,58.0
1261,0.0
1261,58.0
1261,0.0
1262,0.0
1262,58.0
1262,0.0
1263,0.0
1263,0.0
1263,58.0
1264,0.0
1264,0.0
1264,58.0
1265,0.0
1265,0.0
1265,58.0
1266,0.0
1266,0.0
1266,58.0
1267,0.0
1267,0.0
1267,58.0
1268,0.0
1268,0.0
1268,58.0
1269,0.0
1269,0.0
1269,58.0
1269,0.0
1270,0.0
1270,0.0
1270,0.0
1270,58.0
1271,0.0
1271,0.0
1271,0.0
1271,58.0
1272,0.0
1272,58.0
1273,0.0
1273,58.0
1274,0.0
1274,58.0
1275,0.0
1275,58.0
1276,0.0
1276,58.0
1277,0.0
1277,58.0
1278,0.0
1278,0.0
1278,58.0
1279,0.0
1279,0.0
1279,58.0
1280,0.0
1280,0.0
1280,58.0
1281,0.0
1281,0.0
1281,58.0
1281,27.0
1282,0.0
1282,0.0
1282,58.0
1283,0.0
1283,0.0
1283,58.0
1284,0.0
1284,0.0
1284,27.0
1284,58.0
1285,0.0
1285,0.0
1285,58.0
1285,27.0
1286,0.0
1286,0.0
1286,27.0
1286,58.0
1287,0.0
1287,0.0
1287,58.0
1288,0.0
1288,0.0
1288,58.0
1289,0.0
1289,0.0
1289,58.0
1290,0.0
1290,0.0
1290,58.0
1290,0.0
1291,0.0
1291,0.0
1291,58.0
1291,0.0
1292,0.0
1292,0.0
1292,58.0
1292,0.0
1293,0.0
1293,0.0
1293,58.0
1294,0.0
1294,0.0
1294,58.0
1295,0.0
1295,0.0
1295,58.0
1296,0.0
1296,0.0
1296,58.0
1297,0.0
1297,0.0
1297,58.0
1298,0.0
1298,0.0
1298,58.0
1299,0.0
1299,58.0
1299,56.0
1299,0.0
1300,0.0
1300,58.0
1300,56.0
1301,0.0
1301,58.0
1301,56.0
1301,0.0
1302,0.0
1302,0.0
1302,58.0
1302,56.0
1303,0.0
1303,0.0
1303,58.0
1303,56.0
1304,0.0
1304,0.0
1304,58.0
1304,56.0
1305,0.0
1305,0.0
1305,58.0
1305,56.0
1306,0.0
1306,0.0
1306,58.0
1306,56.0
1307,0.0
1307,0.0
1307,58.0
1307,56.0
1308,0.0
1308,0.0
1308,58.0
1308,56.0
1309,0.0
1309,0.0
1309,58.0
1310,0.0
1310,0.0
1310,58.0
1310,56.0
1311,0.0
1311,58.0
1311,0.0
1312,0.0
1312,58.0
1312,0.0
1313,0.0
1313,58.0
1313,0.0
1314,0.0
1314,58.0
1314,0.0
1315,0.0
1315,58.0
1315,0.0
1316,0.0
1316,58.0
1316,0.0
1317,0.0
1317,58.0
1317,0.0
1318,0.0
1318,58.0
1319,0.0
1319,58.0
1319,0.0
1320,0.0
1320,58.0
1320,0.0
1320,56.0
1321,0.0
1321,58.0
1321,0.0
1321,56.0
1322,0.0
1322,0.0
1322,58.0
1322,56.0
1323,0.0
1323,58.0
1323,0.0
1323,56.0
1324,0.0
1324,58.0
1324,0.0
1325,0.0
1325,58.0
1325,0.0
1325,62.0
1326,0.0
1326,58.0
1327,0.0
1327,58.0
1328,0.0
1328,58.0
1329,0.0
1329,58.0
1329,0.0
1330,0.0
1330,58.0
1330,0.0
1331,0.0
1331,58.0
1331,56.0
1331,0.0
1332,0.0
1332,0.0
1332,58.0
1332,62.0
1333,0.0
1333,0.0
1333,58.0
1333,0.0
1334,0.0
1334,0.0
1334,58.0
1334,0.0
1335,0.0
1335,0.0
1335,58.0
1336,0.0
1336,0.0
1336,58.0
1337,0.0
1337,0.0
1337,58.0
1338,0.0
1338,0.0
1338,58.0
1339,0.0
1339,0.0
1339,58.0
1340,0.0
1340,0.0
1340,58.0
1341,0.0
1341,0.0
1341,58.0
1342,0.0
1342,0.0
1342,58.0
1343,0.0
1343,0.0
1343,58.0
1344,0.0
1344,0.0
1344,58.0
1345,0.0
1345,0.0
1345,58.0
1346,0.0
1346,0.0
1346,58.0
1347,0.0
1347,0.0
1347,58.0
1348,0.0
1348,0.0
1348,0.0
1348,58.0
1349,0.0
1349,0.0
1349,0.0
1349,58.0
1350,0.0
1350,0.0
1350,0.0
1350,58.0
1351,0.0
1351,0.0
1351,0.0
1351,58.0
1352,0.0
1352,0.0
1352,0.0
1352,58.0
1353,0.0
1353,0.0
1353,0.0
1353,58.0
1354,0.0
1354,0.0
1354,0.0
1354,58.0
1355,0.0
1355,0.0
1355,0.0
1355,58.0
1356,0.0
1356,0.0
1356,0.0
1356,58.0
1357,0.0
1357,0.0
1357,0.0
1357,58.0
1358,0.0
1358,0.0
1358,0.0
1359,0.0
1359,0.0
1359,58.0
1360,0.0
1360,0.0
1360,58.0
1360,56.0
1361,58.0
1362,0.0
1362,58.0
1363,0.0
1363,58.0
1364,58.0
1364,0.0
1365,58.0
1365,0.0
1366,58.0
1367,0.0
1367,56.0
1367,58.0
1367,0.0
1368,0.0
1368,58.0
1368,56.0
1368,0.0
1369,0.0
1369,58.0
1369,56.0
1369,0.0
1370,0.0
1370,58.0
1370,0.0
1370,56.0
1371,0.0
1371,0.0
1371,58.0
1371,56.0
1372,0.0
1372,58.0
1372,0.0
1372,56.0
1373,0.0
1373,58.0
1374,0.0
1374,58.0
1375,0.0
1375,58.0
1376,0.0
1376,58.0
1377,0.0
1377,58.0
1378,0.0
1378,58.0
1379,0.0
1379,58.0
1379,0.0
1380,0.0
1380,58.0
1380,0.0
1381,0.0
1381,58.0
1381,0.0
1381,0.0
1382,0.0
1382,0.0
1382,58.0
1382,0.0
1383,0.0
1383,0.0
1383,58.0
1383,0.0
1384,0.0
1384,58.0
1384,0.0
1384,0.0
1385,0.0
1385,0.0
1385,58.0
1385,0.0
1386,0.0
1386,0.0
1386,58.0
1386,0.0
1386,63.0
1387,0.0
1387,0.0
1387,58.0
1387,0.0
1387,63.0
1388,0.0
1388,0.0
1388,58.0
1388,62.0
1388,63.0
1389,0.0
1389,0.0
1389,58.0
1389,62.0
1390,0.0
1390,58.0
1390,0.0
1390,62.0
1391,0.0
1391,58.0
1392,0.0
1392,58.0
1393,0.0
1393,58.0
1394,0.0
1394,58.0
1395,0.0
1395,58.0
1396,0.0
1396,58.0
1397,0.0
1397,58.0
1398,0.0
1398,58.0
1399,0.0
1399,58.0
1400,0.0
1400,58.0
1400,0.0
1400,62.0
1401,0.0
1401,58.0
1401,0.0
1401,62.0
1402,0.0
1402,58.0
1402,0.0
1402,62.0
1403,0.0
1403,58.0
1403,0.0
1403,62.0
1404,58.0
1404,0.0
1404,0.0
1404,62.0
1405,58.0
1405,0.0
1405,0.0
1405,62.0
1406,58.0
1406,0.0
1407,58.0
1407,0.0
1408,58.0
1408,0.0
1408,0.0
1409,0.0
1409,58.0
1409,62.0
1410,0.0
1410,58.0
1410,62.0
1410,0.0
1411,0.0
1411,58.0
1411,0.0
1411,62.0
1412,0.0
1412,0.0
1412,58.0
1413,0.0
1413,0.0
1413,58.0
1414,0.0
1414,0.0
1414,58.0
1415,58.0
1415,0.0
1416,58.0
1416,0.0
1417,58.0
1417,0.0
1418,58.0
1418,0.0
1419,58.0
1420,0.0
1420,0.0
1420,58.0
1421,58.0
1422,58.0
1423,58.0
1424,58.0
1425,58.0
1426,58.0
1427,58.0
1427,0.0
1428,58.0
1429,58.0
1429,0.0
1430,0.0
1430,0.0
1430,58.0
1431,0.0
1431,0.0
1431,58.0
1432,0.0
1432,58.0
1432,0.0
1433,58.0
1434,58.0
1435,58.0
1435,56.0
1436,0.0
1436,58.0
1437,0.0
1437,58.0
1438,0.0
1438,58.0
1439,0.0
1439,58.0
1440,0.0
1440,58.0
1441,0.0
1441,58.0
1442,58.0
1443,58.0
1444,58.0
1445,58.0
1446,58.0
1447,58.0
1448,58.0
1449,58.0
1450,58.0
1451,58.0
1452,58.0
1453,58.0
1454,58.0
1455,58.0
1456,58.0
1457,58.0
1458,58.0
1459,58.0
1460,58.0
1461,58.0
1462,58.0
1463,58.0
1464,58.0
1465,58.0
1466,58.0
1467,58.0
1468,58.0
1469,58.0
1470,58.0
1471,58.0
1472,0.0
1472,58.0
1473,0.0
1473,58.0
1474,0.0
1474,58.0
1475,0.0
1475,58.0
1476,0.0
1476,58.0
1477,0.0
1477,58.0
1478,0.0
1478,58.0
1479,0.0
1479,58.0
1479,62.0
1480,0.0
1480,58.0
1481,0.0
1481,58.0
1481,63.0
1482,0.0
1482,63.0
1482,58.0
1483,0.0
1483,58.0
1483,63.0
1484,0.0
1484,63.0
1484,58.0
1485,0.0
1485,63.0
1485,58.0
1486,0.0
1486,63.0
1486,58.0
1487,0.0
1487,58.0
1488,0.0
1488,58.0
1489,0.0
1489,58.0
1490,0.0
1490,58.0
1491,0.0
1491,58.0
1492,0.0
1492,58.0
1493,0.0
1493,58.0
1494,0.0
1494,58.0
1495,0.0
1495,58.0
1496,0.0
1496,62.0
1496,58.0
1497,0.0
1497,58.0
1497,62.0
1498,0.0
1498,58.0
1498,62.0
1499,0.0
1499,62.0
1499,58.0
1500,0.0
1500,62.0
1500,58.0
1501,0.0
1501,62.0
1501,58.0
1502,0.0
1502,63.0
1502,58.0
1502,62.0
1503,0.0
1503,63.0
1503,58.0
1503,62.0
1504,0.0
1504,63.0
1504,58.0
1504,62.0
1505,0.0
1505,63.0
1505,58.0
1505,62.0
1506,0.0
1506,63.0
1506,62.0
1506,58.0
1507,0.0
1507,63.0
1507,58.0
1507,62.0
1507,63.0
1508,0.0
1508,63.0
1508,58.0
1508,62.0
1508,63.0
1509,0.0
1509,62.0
1509,63.0
1509,58.0
1510,0.0
1510,62.0
1510,63.0
1510,58.0
1511,0.0
1511,62.0
1511,63.0
1511,58.0
1512,0.0
1512,62.0
1512,58.0
1513,0.0
1513,62.0
1513,58.0
1514,0.0
1514,62.0
1514,58.0
1515,0.0
1515,62.0
1515,58.0
1516,0.0
1516,58.0
1516,62.0
1517,0.0
1517,62.0
1517,58.0
1518,63.0
1518,56.0
1518,62.0
1518,58.0
1519,63.0
1519,62.0
1519,58.0
1519,56.0
1520,63.0
1520,62.0
1520,58.0
1520,56.0
1521,62.0
1521,58.0
1521,56.0
1521,63.0
1522,62.0
1522,58.0
1522,56.0
1522,63.0
1523,58.0
1523,62.0
1523,56.0
1523,63.0
1524,0.0
1524,58.0
1524,62.0
1524,63.0
1525,0.0
1525,58.0
1525,62.0
1525,63.0
1526,0.0
1526,58.0
1526,62.0
1526,63.0
1527,0.0
1527,58.0
1527,62.0
1528,0.0
1528,58.0
1528,62.0
1529,0.0
1529,58.0
1529,62.0
1530,62.0
1530,58.0
1531,62.0
1531,58.0
1532,62.0
1532,58.0
1533,62.0
1533,58.0
1534,62.0
1534,58.0
1535,62.0
1535,58.0
1536,58.0
1536,62.0
1537,58.0
1538,58.0
1539,58.0
1540,58.0
1541,58.0
1542,58.0
1543,58.0
1543,0.0
1544,58.0
1544,0.0
1545,58.0
1546,58.0
1547,58.0
1548,58.0
1549,58.0
1550,58.0
1551,58.0
1551,0.0
1552,58.0
1553,58.0
1554,58.0
1555,58.0
1556,58.0
1557,58.0
1558,58.0
1559,58.0
1560,58.0
1561,58.0
1562,58.0
1563,58.0
1564,62.0
1565,58.0
1566,58.0
1567,58.0
1569,0.0
1569,58.0
1570,0.0
1571,0.0
1572,58.0
1573,58.0
1574,58.0
1575,58.0
1576,58.0
1577,58.0
1578,58.0
1579,58.0
1580,58.0
1581,58.0
1582,58.0
1583,58.0
1584,58.0
1585,58.0
1586,58.0
1587,58.0
1588,58.0
1589,58.0
1590,58.0
1591,58.0
1592,58.0
1593,58.0
1594,58.0
1595,58.0
1596,58.0
1597,58.0
1598,58.0
1599,58.0
1600,58.0
1601,58.0
1602,58.0
1609,0.0
1610,0.0
1612,58.0
1614,58.0
1615,58.0
1616,58.0
1617,0.0
1617,63.0
1617,58.0
1618,0.0
1618,58.0
1619,0.0
1619,58.0
1620,0.0
1620,62.0
1620,58.0
1621,0.0
1621,58.0
1621,62.0
1622,0.0
1622,58.0
1622,62.0
1623,58.0
1623,0.0
1624,0.0
1624,58.0
1625,0.0
1625,58.0
1626,0.0
1626,58.0
1627,0.0
1627,58.0
1628,0.0
1628,58.0
1629,0.0
1629,58.0
1630,0.0
1630,58.0
1631,0.0
1631,58.0
1632,58.0
1633,58.0
1634,58.0
1635,58.0
1635,0.0
1636,58.0
1637,58.0
1638,58.0
1639,58.0
1640,58.0
1641,58.0
1642,58.0
1643,58.0
1644,58.0
1645,58.0
1646,58.0
1647,58.0
1648,58.0
1649,58.0
1650,58.0
1651,58.0
1652,58.0
1653,58.0
1654,58.0
1655,58.0
1656,58.0
1657,58.0
1658,58.0
1659,58.0
1660,58.0
1662,58.0
1663,58.0
1665,58.0
1666,58.0
1667,58.0
1668,58.0
1669,58.0
1670,58.0
1671,58.0
1672,58.0
1673,58.0
1674,58.0
1675,58.0
1676,58.0
1677,58.0
1678,58.0
1679,58.0
1680,58.0
1681,58.0
1682,58.0
1682,63.0
1683,58.0
1683,63.0
1684,58.0
1684,63.0
1685,58.0
1685,63.0
1686,58.0
1686,63.0
1687,58.0
1687,63.0
1688,0.0
1688,58.0
1689,0.0
1689,58.0
1689,62.0
1690,0.0
1690,58.0
1691,58.0
1692,58.0
1693,58.0
1694,58.0
1695,58.0
1696,58.0
1697,58.0
1698,58.0
1699,58.0
1700,58.0
1701,58.0
1702,58.0
1703,58.0
1704,58.0
1705,58.0
1706,58.0
1707,58.0
1708,58.0
1709,58.0
1709,0.0
1710,58.0
1711,58.0
1712,58.0
1713,58.0
1714,58.0
1715,0.0
1716,0.0
1716,0.0
1717,0.0
1717,0.0
1718,0.0
1718,58.0
1719,0.0
1719,62.0
1719,58.0
1720,0.0
1720,62.0
1720,58.0
1721,0.0
1721,62.0
1721,58.0
1722,0.0
1722,62.0
1722,58.0
1723,0.0
1723,62.0
1723,58.0
1724,0.0
1724,62.0
1724,58.0
1725,0.0
1725,62.0
1725,58.0
1726,0.0
1726,58.0
1727,0.0
1727,58.0
1728,0.0
1728,58.0
1728,62.0
1729,0.0
1729,58.0
1729,62.0
1730,62.0
1730,0.0
1730,58.0
1731,0.0
1731,62.0
1731,58.0
1732,62.0
1732,0.0
1732,58.0
1733,0.0
1733,58.0
1734,0.0
1734,62.0
1734,58.0
1735,0.0
1735,62.0
1735,58.0
1736,0.0
1736,58.0
1737,0.0
1737,58.0
1738,0.0
1738,58.0
1739,58.0
1739,0.0
1740,0.0
1740,58.0
1741,58.0
1742,0.0
1742,58.0
1743,0.0
1743,58.0
1744,0.0
1744,58.0
1745,0.0
1745,58.0
1746,0.0
1746,58.0
1747,0.0
1747,58.0
1748,0.0
1748,58.0
1749,0.0
1749,58.0
1750,0.0
1750,58.0
1751,0.0
1751,58.0
1752,0.0
1752,58.0
1753,0.0
1753,58.0
1754,58.0
1754,0.0
1755,58.0
1755,0.0
1756,58.0
1757,58.0
1758,58.0
1759,58.0
1760,58.0
1761,58.0
1762,58.0
1763,0.0
1763,58.0
1764,0.0
1764,58.0
1765,0.0
1765,58.0
1766,0.0
1766,58.0
1767,0.0
1767,58.0
1768,0.0
1768,58.0
1769,0.0
1769,58.0
1770,0.0
1770,58.0
1771,0.0
1771,58.0
1772,0.0
1772,58.0
1773,0.0
1773,58.0
1774,0.0
1774,58.0
1775,0.0
1775,58.0
1776,0.0
1776,58.0
1777,0.0
1777,58.0
1778,0.0
1779,0.0
1779,58.0
1780,0.0
1780,58.0
1781,0.0
1781,58.0
1782,0.0
1782,58.0
1783,0.0
1783,58.0
1784,0.0
1784,58.0
1785,0.0
1785,58.0
1786,0.0
1786,58.0
1787,0.0
1787,58.0
1788,0.0
1788,58.0
1789,0.0
1789,58.0
1790,0.0
1790,58.0
1791,0.0
1791,58.0
1792,0.0
1792,58.0
1793,0.0
1793,58.0
1794,58.0
1794,0.0
1795,0.0
1795,58.0
1796,58.0
1797,58.0
1798,58.0
1799,0.0
1799,58.0
1800,0.0
1800,58.0
1801,0.0
1801,58.0
1802,0.0
1802,58.0
1803,0.0
1803,58.0
1804,0.0
1804,58.0
1805,0.0
1805,58.0
1806,0.0
1806,58.0
1807,0.0
1807,58.0
1808,0.0
1808,58.0
1809,0.0
1809,58.0
1810,0.0
1810,58.0
1811,0.0
1811,58.0
1812,0.0
1812,58.0
1813,0.0
1813,58.0
1814,0.0
1814,58.0
1815,0.0
1815,58.0
1816,0.0
1816,58.0
1817,0.0
1817,58.0
1818,0.0
1818,58.0
1819,0.0
1819,58.0
1820,0.0
1820,58.0
1821,0.0
1821,58.0
1822,0.0
1822,58.0
1823,0.0
1823,58.0
1824,0.0
1824,58.0
1825,0.0
1825,58.0
1826,0.0
1826,58.0
1827,0.0
1827,58.0
1828,0.0
1828,58.0
1829,0.0
1829,58.0
1830,0.0
1830,58.0
1831,0.0
1831,58.0
1832,0.0
1832,58.0
1833,0.0
1833,58.0
1834,0.0
1834,58.0
1835,0.0
1835,58.0
1836,0.0
1836,58.0
1837,0.0
1837,58.0
1838,0.0
1838,58.0
1839,0.0
1839,58.0
1840,0.0
1840,58.0
1841,0.0
1841,58.0
1842,0.0
1842,58.0
1843,0.0
1843,58.0
1844,0.0
1844,58.0
1845,0.0
1845,58.0
1846,0.0
1846,58.0
1847,0.0
1847,58.0
1848,0.0
1848,58.0
1849,0.0
1849,58.0
1850,0.0
1850,58.0
1851,0.0
1851,58.0
1852,0.0
1852,58.0
1853,0.0
1853,58.0
1854,0.0
1854,58.0
1855,0.0
1855,58.0
1856,0.0
1856,58.0
1857,0.0
1857,58.0
1858,0.0
1858,58.0
1859,0.0
1860,0.0
1861,0.0
1862,0.0
1862,58.0
1863,0.0
1863,58.0
1864,0.0
1864,58.0
1865,0.0
1866,0.0
1866,56.0
1867,0.0
1867,56.0
1868,0.0
1869,0.0
1870,0.0
1871,0.0
1872,0.0
1873,0.0
1874,0.0
1875,0.0
1876,0.0
1877,0.0
1878,0.0
1879,0.0
1880,0.0
1881,0.0
1882,0.0
1883,0.0
1884,0.0
1885,0.0
1886,0.0
1887,0.0
1888,0.0
1888,62.0
1889,0.0
1889,62.0
1890,0.0
1890,62.0
1891,0.0
1891,62.0
1892,0.0
1892,62.0
1893,0.0
1893,62.0
1894,0.0
1894,62.0
1895,0.0
1895,62.0
1896,0.0
1896,62.0
1897,0.0
1897,62.0
1898,0.0
1898,62.0
1899,0.0
1899,62.0
1900,0.0
1900,62.0
1901,0.0
1902,0.0
1903,0.0
1907,0.0
1908,0.0
1908,58.0
1909,0.0
1910,0.0
1910,58.0
1911,0.0
1912,0.0
1912,58.0
1913,0.0
1914,0.0
1915,0.0
1916,0.0
1917,0.0
1918,0.0
1919,0.0
1920,0.0
1921,0.0
1922,0.0
1923,0.0
1924,0.0
1924,58.0
1925,0.0
1925,58.0
1926,0.0
1926,58.0
1927,0.0
1927,58.0
1928,0.0
1928,58.0
1929,0.0
1929,58.0
1930,0.0
1930,58.0
1931,0.0
1931,58.0
1932,0.0
1932,58.0
1933,0.0
1933,58.0
1934,0.0
1934,58.0
1935,0.0
1935,58.0
1936,0.0
1936,58.0
1937,0.0
1938,0.0
1939,0.0
1940,0.0
1941,0.0
1941,58.0
1942,0.0
1942,58.0
1943,0.0
1943,58.0
1944,0.0
1944,58.0
1945,0.0
1945,58.0
1946,0.0
1946,58.0
1947,0.0
1947,58.0
1948,0.0
1948,58.0
1949,0.0
1949,58.0
1950,0.0
1950,58.0
1951,0.0
1951,58.0
1952,0.0
1952,58.0
1953,0.0
1953,58.0
1954,0.0
1954,58.0
1955,0.0
1955,58.0
1956,0.0
1956,58.0
1957,0.0
1957,58.0
1958,0.0
1958,58.0
1959,0.0
1959,58.0
1960,0.0
1960,58.0
1961,0.0
1961,58.0
1962,0.0
1962,58.0
1963,0.0
1963,58.0
1964,0.0
1964,58.0
1965,0.0
1965,58.0
1966,0.0
1966,58.0
1967,0.0
1967,58.0
1968,0.0
1968,58.0
1969,0.0
1970,0.0
1971,0.0
1971,58.0
1972,0.0
1972,58.0
1973,58.0
1973,63.0
1974,58.0
1975,58.0
1976,58.0
1976,63.0
1977,63.0
1977,58.0
1978,63.0
1978,58.0
1979,63.0
1980,63.0
1981,63.0
1982,63.0
1982,58.0
1983,63.0
1984,63.0
1984,58.0
1985,63.0
1986,63.0
1987,63.0
1987,58.0
1988,63.0
1988,58.0
1989,63.0
1989,58.0
1990,63.0
1990,58.0
1991,63.0
1992,63.0
1993,58.0
1994,0.0
1994,63.0
1994,58.0
1995,0.0
1995,63.0
1995,58.0
1996,0.0
1996,63.0
1996,58.0
1997,63.0
1997,0.0
1997,58.0
1998,63.0
1998,0.0
1998,58.0
1999,63.0
1999,0.0
1999,58.0
2000,58.0
2000,63.0
2001,58.0
2002,58.0
2003,0.0
2003,58.0
2003,63.0
2004,0.0
2004,58.0
2004,63.0
2005,63.0
2005,58.0
2005,0.0
2006,63.0
2006,58.0
2006,0.0
2007,63.0
2007,0.0
2007,58.0
2008,58.0
2008,0.0
2009,58.0
2009,0.0
2010,58.0
2011,58.0
2011,0.0
2011,63.0
2012,58.0
2012,0.0
2012,63.0
2013,58.0
2013,0.0
2013,63.0
2014,0.0
2014,58.0
2014,63.0
2015,0.0
2015,58.0
2015,63.0
2016,0.0
2016,58.0
2016,63.0
2017,0.0
2017,58.0
2017,63.0
2018,0.0
2018,58.0
2018,63.0
2019,0.0
2019,58.0
2020,58.0
2020,0.0
2021,58.0
2021,0.0
2022,58.0
2023,0.0
2023,58.0
2024,0.0
2024,58.0
2025,0.0
2026,0.0
2027,0.0
2028,0.0
2029,0.0
2030,0.0
2031,0.0
2032,0.0
2032,58.0
2033,0.0
2033,58.0
2034,0.0
2034,58.0
2035,0.0
2035,58.0
2036,0.0
2036,58.0
2037,0.0
2037,58.0
2038,0.0
2039,0.0
2040,0.0
2041,0.0
2041,58.0
2042,0.0
2042,58.0
2043,0.0
2043,58.0
2044,0.0
2044,58.0
2045,0.0
2045,58.0
2046,0.0
2046,58.0
2047,0.0
2047,58.0
2048,0.0
2048,58.0
2049,0.0
2049,58.0
2050,0.0
2050,58.0
2051,0.0
2051,58.0
2052,0.0
2052,58.0
2053,0.0
2053,58.0
2054,0.0
2054,58.0
2055,0.0
2055,58.0
2056,0.0
2056,58.0
2057,0.0
2057,58.0
2058,0.0
2058,58.0
2059,0.0
2059,58.0
2060,0.0
2060,58.0
2060,63.0
2061,0.0
2061,58.0
2062,58.0
2062,63.0
2063,58.0
2063,62.0
2063,63.0
2064,58.0
2064,62.0
2065,0.0
2065,58.0
2066,0.0
2066,58.0
2067,0.0
2068,0.0
2068,58.0
2069,0.0
2069,58.0
2070,0.0
2070,58.0
2071,0.0
2071,58.0
2072,0.0
2072,58.0
2073,0.0
2073,58.0
2074,0.0
2074,58.0
2075,0.0
2075,58.0
2076,0.0
2076,58.0
2077,0.0
2077,58.0
2078,0.0
2078,58.0
2079,0.0
2079,58.0
2080,0.0
2080,58.0
2081,0.0
2081,58.0
2082,0.0
2082,58.0
2083,58.0
2084,58.0
2085,58.0
2086,0.0
2086,58.0
2087,58.0
2087,0.0
2088,58.0
2088,0.0
2089,58.0
2090,58.0
2091,58.0
2091,0.0
2092,58.0
2093,58.0
2094,58.0
2098,0.0
2098,58.0
2099,0.0
2099,58.0
2100,0.0
2100,58.0
2101,0.0
2101,58.0
2102,0.0
2102,58.0
2103,0.0
2103,58.0
2104,0.0
2104,58.0
2105,0.0
2105,58.0
2106,0.0
2106,58.0
2107,0.0
2107,58.0
2107,62.0
2108,0.0
2108,58.0
2109,0.0
2109,58.0
2110,0.0
2110,58.0
2111,0.0
2111,58.0
2112,0.0
2112,58.0
2113,0.0
2113,58.0
2114,0.0
2114,58.0
2115,0.0
2115,58.0
2116,0.0
2116,58.0
2117,0.0
2117,58.0
2118,0.0
2118,58.0
2119,0.0
2119,58.0
2120,0.0
2120,58.0
2121,0.0
2121,58.0
2122,58.0
2122,62.0
2123,58.0
2123,62.0
2124,58.0
2124,62.0
2125,58.0
2125,0.0
2126,58.0
2126,0.0
2127,58.0
2127,0.0
2128,0.0
2128,58.0
2129,0.0
2129,58.0
2129,62.0
2130,0.0
2130,62.0
2130,58.0
2131,0.0
2131,62.0
2132,0.0
2132,62.0
2133,0.0
2133,62.0
2133,58.0
2134,0.0
2134,62.0
2134,58.0
2135,0.0
2135,62.0
2135,58.0
2136,0.0
2136,62.0
2137,0.0
2137,62.0
2138,0.0
2138,62.0
2139,0.0
2139,62.0
2140,0.0
2140,62.0
2140,58.0
2141,0.0
2141,62.0
2142,0.0
2142,62.0
2142,58.0
2143,0.0
2144,0.0
2145,0.0
2146,0.0
2147,0.0
2147,58.0
2148,0.0
2148,58.0
2149,0.0
2149,58.0
2150,0.0
2150,58.0
2151,0.0
2151,58.0
2152,0.0
2152,58.0
2153,0.0
2153,58.0
2154,0.0
2154,58.0
2155,0.0
2155,58.0
2156,0.0
2156,58.0
2157,0.0
2157,58.0
2158,58.0
2159,58.0
2160,58.0
2160,0.0
2161,0.0
2161,58.0
2162,0.0
2162,58.0
2163,0.0
2163,58.0
2164,0.0
2164,58.0
2165,0.0
2165,58.0
2166,0.0
2166,58.0
2167,0.0
2167,58.0
2168,0.0
2168,58.0
2169,0.0
2169,58.0
2170,0.0
2170,58.0
2171,0.0
2171,58.0
2172,0.0
2172,58.0
2173,0.0
2173,58.0
2174,0.0
2174,58.0
2175,0.0
2175,58.0
2176,0.0
2177,0.0
2178,0.0
2179,0.0
2180,0.0
2180,63.0
2180,58.0
2181,0.0
2181,58.0
2182,0.0
2182,58.0
2183,0.0
2183,58.0
2184,0.0
2184,58.0
2184,63.0
2185,0.0
2185,58.0
2186,0.0
2186,58.0
2187,0.0
2187,58.0
2188,0.0
2188,58.0
2189,0.0
2189,58.0
2190,0.0
2190,58.0
2191,58.0
2192,58.0
2193,58.0
2194,58.0
2206,0.0
2206,58.0
2207,0.0
2208,0.0
2209,0.0
2210,0.0
2211,0.0
2212,0.0
2213,0.0
2214,0.0
2216,58.0
2217,58.0
2218,0.0
2218,58.0
2219,0.0
2219,58.0
2220,0.0
2220,58.0
2221,58.0
2222,58.0
2223,58.0
2224,58.0
2225,58.0
2226,58.0
2227,58.0
2228,58.0
2229,58.0
2230,58.0
2231,58.0
2232,58.0
2233,58.0
2234,58.0
2235,58.0
2236,58.0
2237,58.0
2238,58.0
2239,58.0
2240,58.0
2241,58.0
2242,58.0
2243,58.0
2244,58.0
2245,58.0
2246,58.0
2247,58.0
2248,58.0
2251,58.0
2252,58.0
2253,58.0
2254,58.0
2260,58.0
2261,58.0
2262,58.0
2263,58.0
2264,58.0
2265,58.0
2272,58.0
2273,58.0
2274,58.0
2275,58.0
2276,58.0
2277,58.0
2278,58.0
2279,58.0
2280,58.0
2281,58.0
2282,58.0
2283,58.0
2284,58.0
2285,58.0
2286,58.0
2287,58.0
2288,58.0
2289,58.0
2290,58.0
2291,58.0
2292,58.0
2293,58.0
2294,58.0
2295,58.0
2296,58.0
2297,58.0
2298,58.0
2299,58.0
2300,58.0
2301,58.0
2302,58.0
2303,58.0
2304,58.0
2305,58.0
2306,58.0
2307,58.0
2308,58.0
2309,58.0
2310,58.0
2311,58.0
2312,58.0
2313,58.0
2314,58.0
2315,58.0
2316,58.0
2317,58.0
2318,58.0
2319,58.0
2320,58.0
2321,58.0
2322,58.0
2323,58.0
2324,58.0
2325,58.0
2326,58.0
2327,58.0
2328,58.0
2329,58.0
2330,58.0
2331,58.0
2332,58.0
2333,58.0
2334,58.0
2335,58.0
2336,58.0
2337,58.0
2338,58.0
2339,58.0
2340,58.0
2341,58.0
2342,58.0
2343,58.0
2344,58.0
2345,58.0
2346,58.0
2347,58.0
2348,58.0
2349,58.0
2350,58.0
2351,58.0
2352,58.0
2353,58.0
2354,58.0
2355,58.0
2356,58.0
2357,58.0
2358,58.0
2359,58.0
2360,58.0
2361,58.0
2362,58.0
2363,58.0
2364,58.0
2365,58.0
2366,58.0
2367,58.0
2368,58.0
2369,58.0
2370,58.0
2371,58.0
2372,58.0
2373,58.0
2373,62.0
2374,62.0
2374,58.0
2375,62.0
2375,58.0
2376,62.0
2376,58.0
2377,62.0
2377,58.0
2378,62.0
2378,58.0
2379,62.0
2379,58.0
2380,62.0
2380,58.0
2381,62.0
2381,58.0
2382,58.0
2382,62.0
2383,58.0
2383,62.0
2384,58.0
2384,62.0
2385,62.0
2385,58.0
2386,62.0
2386,58.0
2387,62.0
2387,58.0
2388,62.0
2388,58.0
2389,62.0
2389,58.0
2390,62.0
2390,58.0
2391,62.0
2391,58.0
2392,62.0
2392,58.0
2393,62.0
2393,58.0
2394,62.0
2394,58.0
2395,62.0
2395,58.0
2396,62.0
2396,58.0
2397,62.0
2397,58.0
2398,62.0
2398,58.0
2399,62.0
2399,58.0
2400,58.0
2401,58.0
2402,58.0
2403,58.0
2404,58.0
2405,58.0
2406,58.0
2407,58.0
2408,58.0
2409,58.0
2410,58.0
2411,58.0
2412,58.0
2413,58.0
2414,58.0
2415,58.0
2416,58.0
2417,58.0
2418,58.0
2419,58.0
2420,58.0
2421,58.0
2422,58.0
2423,58.0
2424,0.0
2424,58.0
2424,62.0
2425,0.0
2425,62.0
2425,58.0
2426,0.0
2426,58.0
2426,62.0
2427,0.0
2427,62.0
2427,58.0
2428,0.0
2428,62.0
2428,58.0
2429,0.0
2429,58.0
2429,62.0
2430,0.0
2430,58.0
2430,62.0
2430,56.0
2431,0.0
2431,58.0
2431,62.0
2431,56.0
2432,0.0
2432,58.0
2432,62.0
2432,56.0
2433,0.0
2433,58.0
2433,62.0
2433,56.0
2434,0.0
2434,58.0
2434,62.0
2434,56.0
2435,0.0
2435,62.0
2435,58.0
2435,56.0
2436,62.0
2436,58.0
2436,0.0
2436,56.0
2437,62.0
2437,58.0
2437,0.0
2437,56.0
2438,62.0
2438,58.0
2438,0.0
2438,56.0
2439,62.0
2439,58.0
2440,58.0
2440,62.0
2440,0.0
2441,62.0
2441,58.0
2441,0.0
2442,0.0
2442,58.0
2442,62.0
2443,0.0
2443,58.0
2443,62.0
2444,0.0
2444,58.0
2444,62.0
2445,58.0
2445,62.0
2445,0.0
2446,58.0
2446,62.0
2446,0.0
2447,58.0
2447,62.0
2447,0.0
2448,0.0
2448,58.0
2448,62.0
2449,0.0
2449,58.0
2449,62.0
2450,0.0
2450,58.0
2450,62.0
2450,0.0
2451,58.0
2451,62.0
2452,58.0
2452,62.0
2453,58.0
2453,62.0
2453,56.0
2453,0.0
2454,58.0
2454,62.0
2454,56.0
2454,0.0
2454,0.0
2454,56.0
2455,58.0
2455,62.0
2455,56.0
2455,0.0
2455,56.0
2455,0.0
2456,62.0
2456,58.0
2456,56.0
2456,0.0
2456,0.0
2456,56.0
2457,0.0
2457,58.0
2457,62.0
2457,0.0
2457,56.0
2458,58.0
2458,0.0
2458,62.0
2458,0.0
2458,56.0
2459,0.0
2459,58.0
2459,0.0
2459,62.0
2459,56.0
2460,0.0
2460,58.0
2460,0.0
2460,62.0
2461,0.0
2461,58.0
2461,0.0
2461,62.0
2462,0.0
2462,58.0
2462,0.0
2462,62.0
2463,0.0
2463,58.0
2463,0.0
2463,62.0
2464,0.0
2464,0.0
2464,58.0
2464,62.0
2464,56.0
2465,0.0
2465,0.0
2465,58.0
2465,62.0
2465,56.0
2466,0.0
2466,58.0
2466,0.0
2466,62.0
2466,56.0
2466,56.0
2466,56.0
2467,0.0
2467,58.0
2467,62.0
2467,0.0
2467,56.0
2467,56.0
2468,0.0
2468,58.0
2468,62.0
2468,0.0
2469,0.0
2469,58.0
2469,62.0
2469,56.0
2469,56.0
2469,0.0
2470,0.0
2470,58.0
2470,62.0
2470,56.0
2470,56.0
2470,0.0
2471,0.0
2471,58.0
2471,62.0
2471,0.0
2471,56.0
2471,56.0
2472,58.0
2472,0.0
2472,62.0
2472,56.0
2473,58.0
2473,56.0
2473,62.0
2473,0.0
2474,58.0
2474,0.0
2474,56.0
2474,62.0
2475,58.0
2475,56.0
2475,62.0
2475,0.0
2476,58.0
2476,62.0
2476,56.0
2476,0.0
2476,56.0
2477,58.0
2477,62.0
2477,0.0
2477,56.0
2478,56.0
2478,58.0
2478,62.0
2478,56.0
2478,0.0
2479,56.0
2479,58.0
2479,62.0
2479,56.0
2480,56.0
2480,58.0
2480,62.0
2481,56.0
2481,58.0
2481,62.0
2481,56.0
2482,58.0
2482,56.0
2482,62.0
2482,56.0
2483,58.0
2483,56.0
2483,62.0
2483,56.0
2484,58.0
2484,62.0
2484,0.0
2485,58.0
2485,62.0
2485,0.0
2486,58.0
2486,62.0
2487,0.0
2487,58.0
2487,62.0
2488,58.0
2488,0.0
2488,62.0
2489,58.0
2489,0.0
2489,62.0
2490,0.0
2490,58.0
2490,62.0
2491,0.0
2491,58.0
2491,62.0
2492,0.0
2492,58.0
2492,62.0
2493,0.0
2493,58.0
2493,62.0
2494,58.0
2494,62.0
2494,0.0
2495,58.0
2495,62.0
2495,0.0
2496,58.0
2496,62.0
2496,0.0
2497,58.0
2497,62.0
2497,0.0
2498,58.0
2498,62.0
2498,0.0
2499,58.0
2499,62.0
2500,58.0
2500,62.0
2501,58.0
2501,62.0
2502,58.0
2502,62.0
2502,0.0
2503,58.0
2503,62.0
2503,0.0
2504,58.0
2504,62.0
2504,0.0
2505,0.0
2505,58.0
2505,62.0
2506,58.0
2506,62.0
2506,56.0
2507,58.0
2507,0.0
2507,62.0
2507,56.0
2508,58.0
2508,62.0
2508,0.0
2508,56.0
2509,0.0
2509,58.0
2509,62.0
2510,0.0
2510,58.0
2510,62.0
2511,0.0
2511,58.0
2511,62.0
2512,58.0
2512,62.0
2512,56.0
2513,58.0
2513,62.0
2513,0.0
2514,58.0
2514,62.0
2514,56.0
2515,58.0
2515,62.0
2515,56.0
2516,62.0
2516,58.0
2516,56.0
2517,58.0
2517,62.0
2517,56.0
2518,58.0
2518,62.0
2518,56.0
2518,56.0
2519,58.0
2519,62.0
2519,56.0
2519,56.0
2520,58.0
2520,62.0
2520,56.0
2520,56.0
2521,0.0
2521,62.0
2521,58.0
2521,56.0
2522,0.0
2522,62.0
2522,58.0
2522,56.0
2523,0.0
2523,62.0
2523,58.0
2523,56.0
2524,0.0
2524,62.0
2524,58.0
2524,56.0
2525,0.0
2525,62.0
2525,58.0
2525,56.0
2526,0.0
2526,62.0
2526,58.0
2527,58.0
2527,62.0
2527,0.0
2527,56.0
2528,58.0
2528,62.0
2528,0.0
2529,58.0
2529,62.0
2529,0.0
2529,56.0
2530,58.0
2530,56.0
2530,62.0
2530,0.0
2531,58.0
2531,56.0
2531,62.0
2531,0.0
2532,58.0
2532,62.0
2532,0.0
2532,56.0
2533,58.0
2533,62.0
2533,0.0
2534,58.0
2534,62.0
2534,0.0
2535,58.0
2535,62.0
2536,58.0
2536,62.0
2536,0.0
2537,58.0
2537,62.0
2537,0.0
2538,58.0
2538,62.0
2538,0.0
2539,58.0
2539,62.0
2540,58.0
2540,62.0
2541,58.0
2541,62.0
2542,58.0
2542,62.0
2543,58.0
2543,62.0
2544,58.0
2544,62.0
2545,58.0
2545,62.0
2545,0.0
2546,58.0
2546,62.0
2546,0.0
2547,58.0
2547,0.0
2547,62.0
2548,0.0
2548,58.0
2548,62.0
2549,0.0
2549,58.0
2549,62.0
2550,0.0
2550,58.0
2550,62.0
2551,0.0
2551,58.0
2551,62.0
2552,0.0
2552,58.0
2552,62.0
2553,0.0
2553,58.0
2553,62.0
2554,0.0
2554,58.0
2554,62.0
2555,0.0
2555,58.0
2555,62.0
2556,0.0
2556,58.0
2556,62.0
2557,0.0
2557,58.0
2557,62.0
2558,0.0
2558,58.0
2558,62.0
2559,0.0
2559,58.0
2559,62.0
2560,0.0
2560,58.0
2560,62.0
2561,0.0
2561,58.0
2561,62.0
2562,0.0
2562,58.0
2562,62.0
2563,0.0
2563,58.0
2563,62.0
2564,0.0
2564,58.0
2564,62.0
2565,0.0
2565,58.0
2565,62.0
2566,0.0
2566,58.0
2566,62.0
2567,0.0
2567,58.0
2567,62.0
2568,0.0
2568,58.0
2568,62.0
2569,0.0
2569,58.0
2569,62.0
2570,0.0
2570,58.0
2570,62.0
2571,0.0
2571,58.0
2571,62.0
2572,0.0
2572,58.0
2572,62.0
2573,0.0
2573,58.0
2573,62.0
2574,0.0
2574,58.0
2574,62.0
2575,58.0
2575,62.0
2576,58.0
2576,62.0
2576,0.0
2577,58.0
2577,62.0
2578,58.0
2578,62.0
2579,58.0
2579,62.0
2580,58.0
2580,62.0
2581,58.0
2581,62.0
2582,58.0
2582,62.0
2583,58.0
2583,62.0
2584,58.0
2584,62.0
2584,56.0
2585,62.0
2585,58.0
2586,62.0
2586,58.0
2587,56.0
2587,62.0
2587,58.0
2588,56.0
2588,62.0
2588,58.0
2589,56.0
2589,58.0
2589,62.0
2590,58.0
2590,56.0
2590,62.0
2591,58.0
2591,56.0
2591,62.0
2592,58.0
2592,56.0
2592,62.0
2593,58.0
2593,62.0
2594,58.0
2594,62.0
2595,58.0
2595,62.0
2596,58.0
2596,62.0
2597,58.0
2597,62.0
2598,58.0
2598,62.0
2599,58.0
2599,62.0
2600,58.0
2600,62.0
2601,58.0
2601,62.0
2602,58.0
2602,62.0
2603,58.0
2603,62.0
2604,58.0
2604,62.0
2605,58.0
2605,62.0
2606,58.0
2606,62.0
2607,58.0
2607,62.0
2608,58.0
2608,62.0
2609,58.0
2609,62.0
2610,58.0
2610,62.0
2611,58.0
2612,58.0
2612,62.0
2613,58.0
2614,58.0
2614,62.0
2615,58.0
2615,62.0
2616,58.0
2617,58.0
2618,58.0
2619,58.0
2620,58.0
2621,58.0
2622,58.0
2622,0.0
2623,58.0
2623,0.0
2624,0.0
2624,58.0
2625,0.0
2625,58.0
2626,0.0
2626,58.0
2627,0.0
2627,58.0
2628,0.0
2628,58.0
2629,58.0
2629,0.0
2630,58.0
2630,0.0
2631,58.0
2631,0.0
2632,58.0
2632,0.0
2633,0.0
2633,58.0
2634,0.0
2634,58.0
2634,62.0
2635,58.0
2635,0.0
2635,62.0
2636,58.0
2636,0.0
2636,62.0
2637,58.0
2637,0.0
2637,62.0
2638,58.0
2638,62.0
2638,0.0
2639,58.0
2639,0.0
2639,62.0
2640,58.0
2640,0.0
2640,62.0
2641,58.0
2641,62.0
2642,58.0
2643,58.0
2643,62.0
2644,58.0
2644,62.0
2645,58.0
2645,62.0
2646,62.0
2646,58.0
2647,62.0
2647,58.0
2648,62.0
2648,58.0
2649,62.0
2649,58.0
2650,62.0
2650,58.0
2651,62.0
2651,58.0
2652,62.0
2652,58.0
2653,62.0
2653,58.0
2654,62.0
2654,58.0
2655,62.0
2655,58.0
2656,62.0
2656,58.0
2657,62.0
2657,58.0
2658,62.0
2658,58.0
2659,62.0
2659,58.0
2659,56.0
2660,62.0
2660,58.0
2661,62.0
2661,58.0
2662,62.0
2662,58.0
2662,56.0
2663,62.0
2663,58.0
2663,56.0
2664,62.0
2664,58.0
2664,56.0
2665,58.0
2665,56.0
2665,62.0
2666,58.0
2666,62.0
2667,58.0
2667,62.0
2668,58.0
2668,62.0
2669,58.0
2669,62.0
2670,58.0
2671,58.0
2672,58.0
2673,58.0
2673,62.0
2674,58.0
2674,62.0
2675,58.0
2675,62.0
2676,58.0
2676,62.0
2676,62.0
2677,58.0
2677,62.0
2677,62.0
2678,58.0
2678,62.0
2678,62.0
2679,58.0
2679,62.0
2679,62.0
2680,62.0
2680,58.0
2681,62.0
2681,58.0
2682,62.0
2682,58.0
2682,62.0
2683,62.0
2683,58.0
2683,56.0
2684,62.0
2684,58.0
2684,56.0
2685,58.0
2685,62.0
2685,62.0
2686,58.0
2686,62.0
2686,62.0
2687,58.0
2687,62.0
2687,62.0
2688,58.0
2688,62.0
2688,62.0
2689,58.0
2689,62.0
2689,62.0
2690,58.0
2690,62.0
2691,58.0
2691,62.0
2692,62.0
2692,58.0
2693,58.0
2693,62.0
2694,58.0
2694,62.0
2695,58.0
2695,62.0
2696,58.0
2696,62.0
2697,58.0
2697,62.0
2698,58.0
2698,62.0
2699,58.0
2700,56.0
2700,58.0
2701,56.0
2701,58.0
2702,58.0
2702,56.0
2703,56.0
2703,58.0
2704,58.0
2704,56.0
2705,56.0
2705,58.0
2706,56.0
2706,0.0
2706,58.0
2707,56.0
2707,0.0
2707,58.0
2708,56.0
2708,0.0
2708,58.0
2709,56.0
2709,58.0
2710,56.0
2710,58.0
2710,0.0
2711,56.0
2711,58.0
2711,0.0
2712,56.0
2712,58.0
2713,56.0
2713,58.0
2713,0.0
2714,56.0
2714,58.0
2715,58.0
2715,56.0
2716,58.0
2716,56.0
2717,56.0
2717,58.0
2718,56.0
2718,58.0
2719,56.0
2719,58.0
2720,56.0
2720,58.0
2721,58.0
2721,56.0
2722,58.0
2722,56.0
2723,58.0
2723,56.0
2724,58.0
2724,56.0
2725,58.0
2725,0.0
2726,58.0
2727,58.0
2727,56.0
2728,58.0
2729,58.0
2730,58.0
2731,58.0
2732,58.0
2733,58.0
2734,58.0
2735,58.0
2735,62.0
2736,58.0
2737,58.0
2738,58.0
2739,58.0
2740,58.0
2741,58.0
