92,68.0
121,67.0
149,68.0
150,68.0
151,68.0
152,68.0
153,68.0
154,68.0
155,68.0
156,68.0
157,68.0
158,68.0
159,68.0
160,68.0
161,68.0
162,68.0
163,68.0
164,68.0
165,68.0
166,68.0
167,68.0
168,68.0
169,68.0
170,68.0
171,68.0
172,68.0
173,68.0
174,68.0
175,68.0
176,68.0
177,68.0
178,68.0
179,68.0
180,68.0
181,68.0
182,68.0
183,68.0
184,68.0
185,68.0
186,68.0
187,68.0
188,68.0
189,68.0
190,68.0
191,68.0
192,68.0
193,68.0
194,68.0
194,15.0
195,68.0
195,15.0
196,68.0
196,15.0
197,68.0
197,15.0
198,68.0
198,15.0
199,68.0
199,15.0
200,68.0
200,15.0
201,68.0
201,15.0
202,68.0
202,15.0
203,68.0
203,15.0
204,68.0
204,15.0
205,68.0
205,15.0
206,68.0
206,15.0
207,68.0
207,15.0
208,68.0
208,15.0
209,15.0
209,68.0
210,15.0
210,68.0
211,15.0
211,68.0
212,15.0
212,68.0
213,15.0
213,68.0
214,15.0
214,68.0
215,15.0
215,68.0
216,15.0
216,68.0
217,15.0
217,68.0
218,15.0
218,68.0
219,15.0
219,68.0
220,15.0
220,68.0
221,15.0
221,68.0
222,15.0
222,68.0
223,15.0
223,68.0
224,15.0
225,15.0
226,15.0
227,15.0
228,15.0
229,15.0
230,15.0
231,15.0
232,15.0
233,15.0
234,15.0
235,15.0
236,15.0
237,15.0
238,15.0
250,68.0
251,68.0
252,68.0
253,68.0
254,68.0
255,68.0
256,68.0
257,68.0
258,68.0
259,68.0
260,68.0
261,68.0
262,68.0
263,68.0
264,68.0
265,68.0
266,68.0
267,68.0
267,15.0
268,68.0
268,15.0
284,0.0
284,68.0
285,0.0
285,68.0
286,0.0
286,68.0
287,0.0
287,68.0
288,0.0
288,68.0
289,0.0
289,68.0
290,0.0
290,68.0
291,0.0
291,68.0
292,0.0
292,68.0
293,0.0
293,68.0
294,0.0
294,68.0
295,0.0
295,68.0
296,0.0
296,68.0
297,0.0
297,68.0
298,0.0
298,68.0
299,0.0
299,68.0
300,0.0
300,68.0
301,0.0
301,68.0
302,68.0
302,0.0
303,68.0
303,0.0
304,68.0
304,0.0
305,68.0
305,0.0
306,68.0
306,0.0
307,68.0
307,0.0
308,68.0
308,0.0
309,68.0
309,0.0
310,68.0
310,0.0
311,68.0
311,0.0
312,68.0
312,0.0
313,68.0
313,0.0
314,68.0
314,0.0
315,68.0
315,0.0
316,68.0
316,0.0
317,68.0
317,0.0
318,0.0
318,68.0
319,0.0
319,68.0
320,0.0
320,68.0
321,0.0
321,68.0
322,0.0
322,68.0
323,0.0
323,68.0
324,0.0
324,68.0
325,0.0
325,68.0
326,0.0
326,68.0
327,0.0
327,68.0
328,0.0
328,68.0
329,68.0
329,0.0
330,68.0
330,0.0
331,68.0
331,0.0
332,68.0
332,0.0
333,68.0
333,0.0
334,68.0
334,0.0
335,68.0
335,0.0
336,68.0
336,0.0
337,68.0
337,0.0
338,68.0
338,0.0
339,68.0
339,0.0
340,68.0
340,0.0
341,68.0
341,0.0
342,68.0
342,0.0
343,68.0
343,0.0
344,68.0
344,0.0
345,68.0
345,0.0
346,68.0
346,0.0
347,68.0
347,0.0
348,68.0
348,0.0
349,68.0
349,0.0
350,68.0
350,0.0
351,68.0
351,0.0
352,68.0
352,0.0
353,68.0
353,0.0
354,68.0
354,0.0
355,68.0
355,0.0
356,68.0
356,0.0
357,68.0
357,0.0
358,68.0
358,0.0
359,68.0
359,0.0
360,68.0
360,0.0
361,68.0
361,0.0
362,68.0
362,0.0
363,68.0
363,0.0
364,68.0
364,0.0
365,68.0
365,0.0
366,68.0
366,0.0
367,68.0
367,0.0
368,68.0
368,0.0
369,68.0
369,0.0
370,68.0
370,0.0
371,68.0
371,0.0
372,68.0
372,0.0
373,68.0
373,0.0
374,68.0
374,0.0
375,68.0
375,0.0
376,68.0
376,0.0
377,68.0
377,0.0
378,68.0
378,0.0
379,68.0
379,0.0
380,68.0
380,0.0
381,68.0
381,0.0
382,68.0
382,0.0
383,0.0
384,0.0
385,0.0
386,0.0
387,0.0
388,0.0
389,0.0
390,0.0
391,0.0
392,0.0
393,0.0
394,0.0
395,0.0
396,0.0
397,0.0
398,0.0
399,0.0
400,0.0
401,0.0
402,0.0
403,0.0
404,0.0
405,0.0
406,0.0
406,68.0
407,0.0
407,68.0
408,0.0
408,68.0
409,0.0
409,68.0
410,0.0
410,68.0
411,0.0
411,68.0
412,0.0
412,68.0
413,0.0
413,68.0
414,0.0
414,68.0
415,0.0
415,68.0
416,0.0
416,68.0
417,0.0
417,68.0
418,0.0
418,68.0
419,0.0
419,68.0
420,0.0
420,68.0
421,0.0
421,68.0
422,0.0
422,68.0
423,0.0
423,68.0
424,0.0
424,68.0
425,0.0
425,68.0
426,0.0
426,68.0
427,0.0
427,68.0
428,0.0
428,68.0
429,0.0
429,68.0
430,0.0
430,68.0
431,0.0
431,68.0
432,0.0
432,68.0
433,0.0
433,68.0
434,0.0
435,0.0
436,0.0
437,0.0
438,0.0
439,0.0
440,0.0
441,0.0
442,0.0
443,0.0
444,0.0
445,0.0
446,0.0
447,0.0
448,0.0
449,0.0
450,0.0
451,0.0
452,0.0
453,0.0
454,0.0
455,0.0
456,0.0
457,0.0
458,0.0
459,0.0
460,0.0
461,0.0
462,0.0
463,0.0
464,0.0
465,0.0
466,0.0
467,0.0
468,0.0
469,0.0
470,0.0
471,0.0
472,0.0
473,0.0
474,0.0
475,0.0
476,0.0
477,0.0
478,0.0
494,0.0
495,0.0
496,0.0
497,0.0
498,0.0
499,0.0
500,0.0
501,0.0
502,0.0
503,0.0
504,0.0
505,0.0
506,0.0
507,0.0
508,0.0
509,0.0
510,0.0
511,0.0
512,0.0
513,0.0
514,0.0
515,0.0
516,0.0
517,0.0
518,0.0
519,0.0
520,0.0
521,0.0
522,0.0
523,0.0
524,0.0
525,0.0
526,0.0
527,0.0
528,0.0
529,0.0
530,0.0
531,0.0
532,0.0
533,0.0
534,0.0
535,0.0
536,0.0
537,0.0
538,0.0
539,0.0
540,0.0
541,0.0
542,0.0
543,0.0
544,0.0
545,0.0
546,0.0
547,0.0
548,0.0
549,0.0
550,0.0
551,0.0
552,0.0
553,0.0
554,0.0
555,0.0
556,0.0
557,0.0
558,0.0
559,0.0
560,0.0
561,0.0
562,0.0
563,0.0
564,0.0
565,0.0
566,0.0
567,0.0
568,0.0
569,0.0
570,0.0
571,0.0
572,0.0
573,0.0
574,0.0
575,0.0
576,0.0
577,0.0
578,0.0
579,0.0
580,0.0
581,0.0
582,0.0
583,0.0
584,15.0
584,16.0
585,15.0
586,15.0
586,16.0
587,15.0
587,16.0
588,15.0
588,16.0
589,15.0
589,16.0
590,15.0
590,16.0
591,15.0
591,16.0
592,15.0
592,16.0
593,15.0
593,16.0
594,15.0
594,16.0
595,15.0
595,16.0
596,15.0
596,16.0
597,15.0
597,16.0
598,15.0
598,16.0
614,0.0
615,0.0
616,0.0
617,0.0
618,0.0
619,0.0
620,0.0
621,0.0
622,0.0
623,0.0
624,0.0
625,0.0
626,0.0
627,0.0
628,0.0
629,0.0
630,0.0
631,0.0
632,0.0
633,0.0
634,0.0
635,0.0
636,0.0
637,0.0
638,0.0
639,0.0
640,0.0
641,0.0
642,0.0
643,0.0
644,0.0
645,0.0
646,0.0
647,0.0
648,0.0
649,0.0
650,0.0
651,0.0
652,0.0
653,0.0
654,0.0
655,0.0
656,0.0
657,0.0
658,0.0
659,0.0
660,0.0
661,0.0
662,0.0
663,0.0
664,0.0
665,0.0
666,0.0
667,0.0
668,0.0
669,0.0
670,0.0
671,0.0
672,0.0
673,0.0
674,0.0
675,0.0
676,0.0
677,0.0
678,0.0
679,0.0
680,0.0
681,0.0
682,0.0
683,0.0
684,0.0
685,0.0
686,0.0
687,0.0
688,0.0
692,68.0
693,68.0
694,68.0
695,68.0
696,68.0
697,68.0
698,68.0
699,68.0
700,68.0
701,68.0
702,68.0
703,68.0
704,0.0
704,68.0
705,0.0
705,68.0
706,0.0
706,68.0
707,0.0
707,68.0
708,0.0
708,68.0
709,0.0
709,68.0
710,0.0
710,68.0
711,0.0
711,68.0
712,0.0
712,68.0
713,0.0
713,68.0
714,0.0
714,68.0
715,0.0
715,68.0
716,0.0
716,68.0
717,0.0
717,68.0
718,0.0
718,68.0
719,16.0
719,68.0
720,16.0
721,16.0
722,16.0
723,16.0
724,16.0
725,16.0
726,16.0
727,16.0
728,16.0
729,16.0
730,16.0
731,16.0
732,16.0
733,16.0
749,0.0
750,0.0
751,0.0
752,0.0
753,0.0
753,68.0
754,0.0
754,68.0
755,0.0
755,68.0
756,0.0
756,68.0
757,0.0
757,68.0
758,0.0
758,68.0
759,0.0
759,68.0
760,0.0
760,68.0
761,0.0
761,68.0
762,0.0
762,68.0
763,0.0
763,68.0
764,0.0
764,68.0
765,0.0
766,0.0
767,0.0
768,0.0
769,0.0
770,0.0
771,0.0
772,0.0
773,0.0
774,0.0
775,0.0
776,0.0
777,0.0
778,0.0
779,0.0
780,0.0
781,0.0
782,0.0
783,0.0
784,0.0
785,0.0
786,0.0
787,0.0
788,0.0
789,0.0
790,0.0
791,0.0
792,0.0
793,0.0
794,0.0
847,68.0
848,68.0
849,68.0
850,68.0
851,68.0
852,68.0
853,68.0
854,16.0
855,16.0
856,16.0
857,16.0
858,16.0
859,16.0
860,16.0
861,16.0
862,16.0
863,16.0
864,16.0
865,16.0
866,16.0
867,16.0
868,16.0
899,0.0
900,0.0
901,0.0
902,0.0
903,0.0
904,0.0
905,0.0
906,0.0
907,0.0
908,0.0
909,0.0
910,0.0
911,0.0
912,0.0
913,0.0
914,0.0
915,0.0
916,0.0
917,0.0
918,0.0
919,0.0
920,0.0
921,0.0
922,0.0
923,0.0
924,0.0
925,0.0
926,0.0
927,0.0
928,0.0
959,0.0
960,0.0
961,0.0
962,0.0
963,0.0
964,0.0
965,0.0
966,0.0
967,0.0
968,0.0
969,0.0
970,0.0
971,0.0
972,0.0
973,0.0
974,15.0
975,15.0
976,15.0
977,15.0
978,15.0
979,15.0
980,15.0
981,15.0
982,15.0
983,15.0
984,15.0
985,15.0
986,15.0
987,15.0
988,15.0
1004,16.0
1005,16.0
1006,16.0
1007,16.0
1008,16.0
1009,16.0
1010,16.0
1011,16.0
1012,16.0
1013,16.0
1014,16.0
1015,16.0
1016,16.0
1017,16.0
1018,16.0
1019,16.0
1019,2.0
1020,16.0
1020,2.0
1021,16.0
1021,2.0
1022,16.0
1022,2.0
1023,16.0
1023,2.0
1024,16.0
1024,2.0
1025,16.0
1025,2.0
1026,16.0
1026,2.0
1027,16.0
1027,2.0
1027,0.0
1028,16.0
1028,2.0
1028,0.0
1029,16.0
1029,2.0
1029,0.0
1030,16.0
1030,2.0
1030,0.0
1031,16.0
1031,2.0
1031,0.0
1032,16.0
1032,2.0
1032,0.0
1033,16.0
1033,2.0
1033,0.0
1049,68.0
1050,68.0
1051,68.0
1052,68.0
1053,68.0
1054,68.0
1055,68.0
1056,68.0
1057,68.0
1058,68.0
1059,68.0
1060,68.0
1061,68.0
1062,68.0
1063,68.0
1109,68.0
1110,68.0
1111,68.0
1112,68.0
1113,68.0
1114,68.0
1115,68.0
1116,68.0
1117,68.0
1118,68.0
1119,68.0
1120,68.0
1121,68.0
1122,68.0
1123,68.0
1125,68.0
