1,0.0
1,0.0
2,0.0
2,0.0
3,0.0
3,0.0
4,0.0
4,0.0
5,0.0
5,0.0
6,0.0
6,0.0
7,0.0
7,0.0
8,0.0
8,0.0
9,0.0
9,0.0
10,0.0
11,0.0
11,0.0
12,0.0
12,0.0
13,0.0
13,0.0
14,0.0
15,0.0
16,0.0
16,0.0
17,0.0
17,0.0
18,0.0
18,0.0
19,0.0
19,0.0
20,0.0
20,0.0
21,0.0
22,0.0
23,0.0
23,0.0
24,0.0
25,0.0
32,2.0
33,2.0
40,2.0
40,0.0
41,7.0
42,7.0
43,7.0
44,7.0
44,0.0
45,7.0
45,0.0
46,7.0
46,0.0
47,7.0
47,0.0
47,2.0
48,7.0
48,0.0
48,2.0
49,7.0
49,0.0
49,2.0
50,0.0
50,7.0
51,0.0
51,7.0
52,7.0
52,0.0
53,0.0
53,7.0
53,2.0
54,0.0
54,2.0
54,7.0
55,0.0
55,2.0
55,7.0
56,2.0
56,0.0
57,2.0
57,0.0
57,0.0
58,2.0
58,0.0
58,0.0
59,2.0
59,0.0
59,0.0
60,2.0
60,0.0
60,0.0
61,2.0
61,0.0
61,0.0
62,2.0
62,0.0
62,0.0
63,2.0
63,0.0
64,2.0
64,0.0
65,2.0
65,0.0
65,2.0
66,0.0
66,7.0
66,2.0
67,0.0
67,7.0
67,2.0
68,7.0
68,0.0
69,7.0
69,0.0
70,7.0
71,7.0
72,7.0
73,7.0
74,0.0
74,2.0
74,7.0
75,0.0
75,7.0
76,0.0
76,2.0
76,7.0
77,0.0
77,7.0
78,0.0
78,2.0
79,0.0
79,2.0
80,0.0
80,2.0
81,2.0
81,0.0
82,2.0
82,0.0
83,2.0
83,0.0
84,2.0
84,0.0
85,2.0
85,0.0
86,2.0
86,0.0
86,2.0
87,2.0
87,0.0
88,2.0
88,0.0
89,2.0
89,0.0
90,2.0
90,0.0
91,2.0
91,0.0
92,2.0
92,0.0
93,2.0
93,0.0
94,2.0
94,0.0
95,2.0
95,0.0
96,2.0
96,0.0
97,2.0
97,0.0
98,2.0
98,0.0
99,2.0
99,0.0
100,2.0
100,0.0
101,2.0
101,0.0
102,2.0
102,0.0
103,2.0
103,0.0
104,2.0
104,0.0
104,0.0
105,2.0
105,0.0
105,0.0
106,2.0
106,0.0
106,0.0
107,2.0
107,0.0
107,0.0
108,2.0
108,0.0
109,2.0
109,0.0
110,2.0
110,0.0
111,2.0
111,0.0
112,2.0
112,0.0
113,2.0
113,0.0
114,2.0
114,0.0
115,2.0
115,0.0
116,2.0
116,0.0
116,2.0
117,2.0
117,0.0
117,2.0
118,2.0
118,0.0
118,2.0
119,2.0
119,0.0
119,2.0
119,2.0
119,2.0
120,2.0
120,0.0
120,2.0
120,2.0
120,2.0
121,2.0
121,0.0
121,2.0
121,2.0
121,2.0
122,2.0
122,2.0
122,2.0
122,0.0
123,2.0
123,2.0
123,2.0
124,2.0
124,2.0
124,2.0
125,2.0
125,2.0
125,2.0
126,2.0
126,2.0
126,2.0
126,2.0
127,2.0
127,2.0
127,2.0
127,2.0
128,2.0
128,2.0
128,0.0
129,2.0
129,0.0
129,2.0
130,2.0
130,2.0
130,0.0
131,2.0
131,2.0
131,0.0
131,0.0
132,2.0
132,2.0
132,0.0
133,2.0
133,2.0
133,0.0
134,2.0
134,2.0
134,0.0
135,2.0
135,2.0
135,0.0
136,2.0
136,2.0
136,0.0
137,2.0
137,2.0
137,0.0
137,2.0
138,2.0
138,2.0
138,0.0
138,0.0
139,2.0
139,2.0
139,0.0
140,2.0
140,0.0
140,2.0
140,0.0
141,2.0
141,0.0
141,0.0
142,2.0
142,0.0
142,0.0
143,2.0
143,0.0
143,0.0
144,2.0
144,2.0
144,0.0
145,2.0
145,2.0
146,2.0
146,0.0
146,2.0
147,2.0
147,0.0
147,2.0
148,2.0
148,2.0
148,0.0
149,2.0
149,2.0
149,0.0
149,0.0
150,2.0
150,2.0
150,0.0
150,9.0
150,0.0
150,0.0
151,2.0
151,2.0
151,0.0
151,9.0
151,0.0
151,0.0
152,2.0
152,0.0
152,0.0
153,0.0
153,2.0
153,0.0
154,2.0
154,0.0
154,0.0
155,2.0
155,0.0
155,0.0
156,2.0
156,0.0
156,0.0
157,2.0
157,0.0
157,0.0
158,2.0
158,0.0
158,0.0
159,0.0
159,2.0
159,0.0
160,0.0
160,2.0
160,0.0
161,0.0
161,2.0
161,0.0
162,2.0
162,0.0
162,0.0
163,2.0
163,0.0
163,0.0
164,2.0
164,0.0
165,2.0
165,0.0
165,0.0
166,2.0
166,0.0
166,0.0
167,2.0
167,0.0
168,2.0
168,0.0
169,2.0
169,0.0
170,2.0
171,2.0
172,2.0
173,2.0
174,2.0
174,0.0
175,2.0
175,0.0
176,2.0
177,2.0
177,0.0
178,2.0
178,0.0
179,2.0
179,0.0
180,2.0
180,0.0
181,2.0
181,0.0
182,2.0
182,0.0
183,2.0
183,0.0
184,2.0
184,0.0
185,2.0
185,0.0
186,2.0
186,0.0
186,0.0
187,2.0
187,0.0
187,0.0
188,2.0
188,0.0
188,0.0
189,2.0
189,0.0
190,2.0
190,0.0
191,2.0
191,0.0
192,2.0
192,0.0
193,2.0
193,0.0
194,2.0
194,0.0
195,2.0
195,0.0
196,2.0
196,0.0
197,2.0
197,0.0
198,2.0
198,0.0
199,2.0
199,0.0
200,2.0
200,0.0
201,2.0
201,0.0
202,2.0
202,0.0
203,2.0
203,0.0
204,2.0
204,0.0
205,2.0
205,0.0
206,2.0
206,0.0
207,2.0
207,0.0
207,0.0
208,2.0
208,0.0
208,0.0
209,2.0
209,0.0
209,0.0
210,2.0
210,0.0
210,0.0
211,2.0
211,0.0
211,0.0
212,2.0
212,0.0
212,0.0
213,2.0
213,0.0
214,2.0
214,0.0
215,2.0
215,0.0
216,2.0
216,0.0
217,2.0
217,0.0
218,2.0
218,0.0
219,2.0
220,2.0
221,2.0
222,2.0
223,2.0
224,2.0
225,2.0
226,2.0
227,2.0
227,0.0
228,2.0
229,2.0
230,2.0
231,2.0
232,2.0
233,2.0
234,2.0
235,2.0
236,2.0
237,2.0
238,2.0
239,2.0
240,2.0
241,2.0
242,2.0
243,2.0
244,2.0
245,2.0
246,2.0
247,2.0
248,2.0
249,2.0
250,2.0
251,2.0
252,2.0
253,2.0
254,2.0
255,2.0
255,0.0
256,2.0
256,0.0
257,2.0
257,0.0
258,2.0
258,0.0
259,2.0
259,0.0
260,2.0
261,2.0
262,2.0
262,0.0
263,2.0
264,2.0
265,2.0
266,2.0
266,2.0
267,2.0
268,2.0
269,2.0
269,0.0
270,2.0
271,2.0
272,2.0
273,2.0
274,2.0
275,2.0
276,2.0
277,2.0
278,2.0
279,2.0
280,2.0
281,2.0
282,2.0
283,2.0
284,2.0
285,2.0
286,2.0
287,2.0
288,2.0
289,2.0
290,2.0
291,2.0
291,0.0
292,2.0
292,0.0
293,2.0
293,0.0
294,2.0
294,0.0
294,2.0
295,2.0
295,0.0
296,2.0
296,0.0
297,2.0
297,0.0
298,2.0
298,0.0
299,2.0
299,0.0
300,2.0
300,0.0
301,2.0
301,0.0
302,2.0
302,0.0
303,2.0
303,0.0
304,2.0
304,0.0
305,2.0
305,0.0
306,2.0
306,0.0
307,2.0
307,0.0
308,2.0
308,0.0
309,2.0
309,0.0
310,2.0
310,0.0
311,2.0
311,0.0
312,2.0
312,0.0
313,2.0
313,0.0
314,2.0
315,2.0
316,2.0
317,2.0
317,0.0
318,2.0
318,0.0
319,2.0
319,0.0
320,2.0
320,0.0
321,2.0
321,0.0
322,2.0
322,0.0
323,2.0
323,0.0
324,2.0
324,0.0
325,2.0
325,0.0
326,2.0
326,0.0
327,2.0
327,0.0
328,2.0
328,0.0
329,2.0
329,0.0
330,2.0
330,0.0
331,2.0
331,0.0
332,2.0
332,0.0
333,2.0
333,0.0
334,2.0
334,0.0
335,2.0
335,0.0
336,2.0
336,0.0
337,2.0
337,0.0
338,2.0
338,0.0
339,2.0
339,0.0
340,2.0
340,0.0
341,2.0
341,0.0
342,2.0
342,0.0
343,2.0
343,0.0
344,2.0
344,0.0
345,2.0
345,0.0
346,2.0
346,0.0
347,2.0
347,0.0
348,2.0
348,0.0
349,2.0
349,0.0
350,2.0
350,0.0
351,2.0
351,0.0
352,2.0
352,0.0
353,2.0
353,0.0
354,2.0
355,2.0
356,2.0
357,2.0
358,2.0
359,2.0
360,2.0
361,2.0
362,2.0
363,2.0
363,0.0
363,9.0
364,2.0
364,0.0
365,2.0
365,0.0
366,2.0
366,0.0
367,2.0
367,0.0
368,2.0
368,0.0
369,2.0
369,0.0
370,2.0
370,0.0
371,2.0
371,0.0
372,2.0
372,0.0
372,9.0
373,2.0
373,0.0
373,9.0
374,2.0
374,0.0
374,9.0
375,2.0
376,2.0
377,2.0
378,2.0
379,2.0
380,2.0
381,2.0
382,2.0
382,0.0
383,2.0
384,2.0
385,2.0
386,2.0
387,2.0
388,2.0
389,2.0
390,2.0
391,2.0
392,2.0
393,2.0
394,2.0
395,2.0
396,2.0
397,2.0
398,2.0
399,2.0
400,2.0
401,2.0
402,2.0
403,2.0
404,2.0
405,2.0
406,2.0
407,2.0
408,2.0
409,2.0
410,2.0
411,2.0
412,2.0
413,2.0
414,2.0
415,2.0
416,2.0
417,2.0
418,2.0
419,2.0
420,2.0
420,0.0
421,2.0
421,0.0
422,2.0
423,2.0
424,2.0
424,0.0
425,2.0
425,0.0
426,2.0
426,0.0
427,2.0
427,0.0
428,2.0
428,0.0
429,2.0
429,0.0
430,2.0
430,0.0
431,2.0
431,0.0
432,2.0
432,0.0
433,2.0
433,0.0
434,2.0
434,0.0
435,2.0
435,0.0
436,2.0
437,2.0
438,2.0
438,2.0
439,2.0
439,2.0
440,2.0
440,2.0
440,0.0
441,2.0
441,2.0
441,0.0
441,0.0
442,2.0
442,0.0
442,2.0
443,2.0
443,0.0
443,2.0
444,2.0
444,0.0
444,2.0
445,2.0
445,0.0
445,2.0
446,2.0
446,0.0
446,2.0
447,2.0
447,2.0
447,0.0
448,2.0
448,2.0
448,0.0
449,2.0
449,2.0
449,0.0
450,2.0
450,2.0
450,0.0
451,2.0
451,2.0
451,0.0
452,2.0
452,2.0
452,0.0
453,2.0
453,2.0
453,0.0
453,0.0
454,2.0
454,2.0
454,0.0
455,2.0
455,2.0
455,0.0
456,2.0
456,2.0
456,0.0
457,2.0
457,2.0
457,0.0
458,2.0
458,2.0
458,2.0
458,0.0
459,2.0
459,2.0
459,2.0
459,0.0
459,0.0
459,0.0
459,0.0
460,2.0
460,2.0
460,2.0
460,0.0
460,0.0
461,2.0
461,2.0
461,2.0
461,0.0
462,2.0
462,2.0
462,2.0
462,0.0
463,2.0
463,2.0
463,2.0
463,0.0
464,2.0
464,2.0
464,2.0
464,0.0
465,2.0
465,2.0
465,2.0
465,0.0
466,2.0
466,0.0
466,2.0
466,0.0
467,2.0
467,2.0
467,2.0
467,0.0
467,0.0
468,2.0
468,2.0
468,2.0
468,0.0
468,0.0
469,2.0
469,2.0
469,2.0
469,0.0
469,0.0
470,2.0
470,2.0
470,2.0
470,0.0
471,2.0
471,2.0
471,2.0
471,0.0
472,2.0
472,2.0
472,2.0
472,0.0
472,0.0
473,2.0
473,2.0
473,2.0
473,0.0
473,0.0
474,2.0
474,2.0
474,2.0
474,0.0
474,0.0
475,2.0
475,2.0
475,2.0
475,0.0
475,0.0
476,2.0
476,2.0
476,2.0
476,0.0
476,0.0
477,2.0
477,2.0
477,0.0
477,2.0
478,2.0
478,2.0
478,2.0
478,0.0
479,2.0
479,2.0
479,2.0
480,2.0
480,2.0
480,2.0
480,2.0
481,2.0
481,2.0
481,2.0
481,2.0
482,2.0
482,2.0
482,2.0
482,2.0
483,2.0
483,2.0
483,2.0
483,2.0
483,0.0
484,2.0
484,2.0
484,2.0
484,0.0
484,2.0
485,2.0
485,2.0
485,0.0
485,2.0
485,2.0
486,2.0
486,2.0
486,2.0
486,0.0
486,2.0
487,2.0
487,2.0
487,2.0
487,0.0
487,2.0
488,2.0
488,2.0
488,2.0
488,0.0
488,2.0
488,0.0
489,2.0
489,2.0
489,2.0
489,0.0
490,2.0
490,2.0
490,2.0
490,0.0
491,2.0
491,2.0
491,0.0
491,2.0
491,7.0
492,2.0
492,2.0
492,2.0
492,0.0
492,7.0
493,2.0
493,2.0
493,2.0
493,0.0
493,7.0
494,2.0
494,2.0
494,0.0
494,2.0
494,7.0
495,2.0
495,2.0
495,7.0
495,0.0
495,2.0
496,2.0
496,2.0
496,2.0
496,0.0
496,2.0
496,7.0
496,0.0
497,2.0
497,2.0
497,7.0
497,2.0
497,2.0
497,0.0
498,2.0
498,2.0
498,2.0
498,7.0
498,0.0
498,0.0
499,2.0
499,2.0
499,2.0
499,7.0
499,0.0
499,0.0
500,2.0
500,2.0
500,7.0
500,2.0
500,0.0
501,2.0
501,2.0
501,7.0
501,2.0
501,0.0
501,0.0
502,2.0
502,2.0
502,7.0
502,2.0
502,0.0
502,0.0
503,2.0
503,2.0
503,2.0
503,7.0
503,0.0
503,0.0
504,2.0
504,2.0
504,2.0
504,7.0
504,0.0
504,0.0
505,2.0
505,2.0
505,2.0
505,7.0
505,0.0
505,0.0
506,2.0
506,2.0
506,2.0
506,7.0
506,0.0
506,0.0
507,2.0
507,2.0
507,2.0
507,7.0
507,0.0
507,0.0
508,2.0
508,2.0
508,2.0
508,7.0
508,0.0
509,2.0
509,7.0
509,2.0
509,2.0
509,0.0
510,2.0
510,2.0
510,7.0
510,2.0
510,0.0
511,2.0
511,2.0
511,7.0
511,2.0
511,0.0
512,2.0
512,2.0
512,7.0
512,2.0
512,0.0
513,2.0
513,2.0
513,7.0
513,2.0
513,0.0
513,0.0
514,2.0
514,2.0
514,2.0
514,7.0
514,0.0
515,2.0
515,2.0
515,7.0
515,2.0
515,0.0
516,2.0
516,2.0
516,2.0
516,7.0
516,0.0
517,2.0
517,2.0
517,2.0
517,7.0
517,0.0
518,2.0
518,2.0
518,2.0
518,7.0
518,0.0
518,0.0
519,2.0
519,2.0
519,2.0
519,7.0
519,0.0
519,2.0
519,0.0
520,2.0
520,2.0
520,2.0
520,2.0
520,0.0
520,0.0
520,0.0
521,2.0
521,2.0
521,2.0
521,7.0
521,0.0
521,0.0
521,0.0
521,2.0
522,2.0
522,2.0
522,2.0
522,7.0
522,2.0
522,0.0
522,0.0
523,2.0
523,2.0
523,2.0
523,7.0
523,0.0
523,0.0
523,2.0
524,2.0
524,2.0
524,2.0
524,2.0
524,0.0
524,0.0
524,7.0
525,2.0
525,2.0
525,2.0
525,7.0
525,0.0
525,0.0
525,2.0
526,2.0
526,2.0
526,2.0
526,7.0
526,0.0
527,2.0
527,2.0
527,2.0
527,7.0
527,0.0
527,0.0
528,2.0
528,2.0
528,2.0
528,7.0
528,0.0
529,2.0
529,2.0
529,2.0
529,7.0
529,0.0
530,2.0
530,2.0
530,2.0
530,7.0
530,0.0
530,0.0
531,2.0
531,2.0
531,2.0
531,0.0
531,7.0
531,0.0
532,2.0
532,2.0
532,2.0
532,0.0
532,7.0
532,0.0
533,2.0
533,2.0
533,2.0
533,7.0
533,0.0
533,2.0
533,0.0
534,2.0
534,2.0
534,2.0
534,0.0
534,7.0
534,2.0
534,0.0
535,2.0
535,2.0
535,2.0
535,0.0
535,7.0
535,2.0
535,0.0
536,2.0
536,2.0
536,2.0
536,7.0
536,0.0
536,2.0
536,0.0
537,2.0
537,2.0
537,2.0
537,2.0
537,0.0
537,7.0
537,0.0
537,2.0
538,2.0
538,2.0
538,2.0
538,2.0
538,0.0
538,0.0
538,2.0
539,2.0
539,2.0
539,2.0
539,2.0
539,2.0
539,0.0
539,0.0
540,2.0
540,2.0
540,2.0
540,2.0
540,2.0
540,0.0
540,0.0
541,2.0
541,2.0
541,2.0
541,2.0
541,2.0
541,0.0
541,0.0
542,2.0
542,2.0
542,2.0
542,2.0
542,2.0
542,0.0
542,0.0
543,2.0
543,2.0
543,2.0
543,2.0
543,2.0
543,0.0
543,0.0
544,2.0
544,2.0
544,2.0
544,2.0
544,2.0
544,0.0
544,0.0
545,2.0
545,2.0
545,2.0
545,2.0
545,2.0
545,2.0
545,0.0
545,0.0
546,2.0
546,2.0
546,2.0
546,2.0
546,2.0
546,0.0
546,0.0
546,2.0
547,2.0
547,2.0
547,2.0
547,2.0
547,2.0
547,0.0
547,0.0
547,2.0
548,2.0
548,2.0
548,2.0
548,2.0
548,2.0
548,0.0
548,0.0
549,2.0
549,2.0
549,2.0
549,2.0
549,2.0
549,0.0
549,0.0
549,7.0
550,2.0
550,2.0
550,2.0
550,2.0
550,2.0
550,7.0
550,0.0
551,2.0
551,2.0
551,2.0
551,2.0
551,2.0
551,7.0
551,0.0
552,2.0
552,2.0
552,2.0
552,2.0
552,2.0
552,0.0
552,25.0
552,7.0
553,2.0
553,2.0
553,2.0
553,2.0
553,2.0
553,0.0
553,25.0
553,7.0
554,2.0
554,2.0
554,2.0
554,2.0
554,2.0
554,0.0
554,7.0
555,2.0
555,2.0
555,2.0
555,2.0
555,2.0
555,0.0
555,7.0
556,2.0
556,2.0
556,2.0
556,2.0
556,5.0
556,2.0
556,0.0
556,7.0
557,2.0
557,2.0
557,2.0
557,5.0
557,2.0
557,2.0
557,0.0
558,2.0
558,2.0
558,2.0
558,5.0
558,2.0
558,2.0
558,0.0
558,7.0
559,2.0
559,2.0
559,2.0
559,5.0
559,2.0
559,2.0
559,0.0
559,7.0
560,2.0
560,5.0
560,2.0
560,2.0
560,2.0
560,2.0
560,0.0
561,5.0
561,2.0
561,2.0
561,2.0
561,2.0
561,2.0
562,5.0
562,2.0
562,2.0
562,2.0
562,2.0
562,2.0
562,7.0
563,5.0
563,2.0
563,2.0
563,2.0
563,2.0
564,5.0
564,2.0
564,2.0
564,2.0
564,2.0
565,5.0
565,2.0
565,2.0
565,2.0
565,2.0
566,5.0
566,2.0
566,2.0
566,2.0
566,2.0
567,5.0
567,2.0
567,2.0
567,2.0
567,2.0
567,7.0
568,5.0
568,2.0
568,2.0
568,2.0
568,7.0
569,5.0
569,2.0
569,2.0
569,2.0
569,7.0
569,2.0
570,5.0
570,2.0
570,2.0
570,2.0
570,2.0
570,7.0
571,5.0
571,2.0
571,2.0
571,2.0
571,2.0
571,7.0
572,5.0
572,2.0
572,2.0
572,2.0
572,7.0
573,5.0
573,2.0
573,2.0
573,2.0
573,7.0
574,5.0
574,2.0
574,2.0
574,2.0
574,7.0
575,5.0
575,2.0
575,2.0
575,2.0
575,7.0
575,0.0
576,5.0
576,2.0
576,2.0
576,2.0
576,7.0
576,0.0
576,2.0
576,2.0
577,5.0
577,2.0
577,2.0
577,2.0
577,7.0
577,0.0
577,2.0
577,2.0
578,5.0
578,2.0
578,2.0
578,2.0
578,7.0
578,2.0
578,2.0
578,0.0
579,5.0
579,2.0
579,2.0
579,2.0
579,7.0
579,2.0
579,0.0
580,5.0
580,2.0
580,2.0
580,2.0
580,7.0
580,2.0
580,0.0
581,5.0
581,2.0
581,2.0
581,2.0
581,7.0
581,2.0
581,0.0
581,2.0
581,2.0
582,5.0
582,2.0
582,2.0
582,7.0
582,2.0
582,0.0
582,2.0
582,2.0
583,5.0
583,2.0
583,2.0
583,7.0
583,2.0
583,0.0
583,2.0
583,2.0
584,5.0
584,2.0
584,2.0
584,7.0
584,2.0
584,0.0
584,2.0
584,2.0
584,2.0
585,5.0
585,2.0
585,2.0
585,2.0
585,2.0
585,2.0
585,0.0
585,2.0
586,5.0
586,2.0
586,2.0
586,7.0
586,2.0
586,2.0
586,0.0
586,2.0
586,2.0
587,5.0
587,2.0
587,2.0
587,0.0
587,7.0
587,2.0
587,2.0
587,2.0
588,5.0
588,2.0
588,2.0
588,7.0
588,0.0
588,2.0
588,2.0
588,2.0
589,5.0
589,2.0
589,2.0
589,7.0
589,0.0
589,2.0
589,2.0
589,2.0
590,5.0
590,2.0
590,2.0
590,7.0
590,0.0
590,2.0
590,2.0
590,2.0
591,5.0
591,2.0
591,2.0
591,7.0
591,2.0
591,0.0
591,2.0
592,5.0
592,2.0
592,2.0
592,2.0
592,2.0
592,0.0
592,2.0
593,5.0
593,2.0
593,2.0
593,7.0
593,2.0
593,0.0
593,7.0
594,5.0
594,2.0
594,2.0
594,7.0
594,2.0
594,2.0
594,2.0
594,0.0
595,5.0
595,2.0
595,2.0
595,7.0
595,2.0
595,2.0
595,2.0
595,0.0
596,5.0
596,2.0
596,2.0
596,7.0
596,2.0
596,2.0
597,5.0
597,2.0
597,2.0
597,7.0
597,2.0
597,2.0
598,5.0
598,2.0
598,2.0
598,7.0
598,7.0
599,5.0
599,2.0
599,2.0
599,7.0
599,2.0
599,7.0
600,5.0
600,2.0
600,2.0
600,2.0
600,7.0
600,2.0
600,7.0
601,5.0
601,2.0
601,2.0
601,2.0
601,7.0
601,2.0
601,7.0
602,5.0
602,2.0
602,2.0
602,7.0
602,7.0
603,5.0
603,2.0
603,2.0
603,7.0
603,7.0
604,5.0
604,2.0
604,2.0
604,7.0
604,2.0
605,5.0
605,2.0
605,7.0
605,7.0
605,2.0
605,2.0
606,5.0
606,7.0
606,7.0
606,2.0
606,2.0
606,2.0
606,2.0
607,5.0
607,7.0
607,2.0
607,7.0
607,2.0
607,2.0
608,5.0
608,7.0
608,2.0
608,2.0
608,7.0
608,2.0
609,5.0
609,2.0
609,2.0
609,7.0
609,2.0
609,2.0
609,7.0
610,5.0
610,2.0
610,2.0
610,7.0
610,7.0
610,2.0
610,2.0
611,5.0
611,2.0
611,7.0
611,2.0
611,7.0
611,2.0
612,5.0
612,2.0
612,2.0
612,2.0
612,7.0
612,5.0
613,5.0
613,2.0
613,2.0
613,2.0
613,7.0
613,5.0
614,5.0
614,2.0
614,2.0
614,7.0
614,7.0
615,5.0
615,2.0
615,2.0
615,2.0
615,7.0
615,5.0
616,5.0
616,2.0
616,2.0
616,7.0
616,5.0
617,5.0
617,2.0
617,2.0
617,7.0
617,5.0
618,5.0
618,2.0
618,2.0
618,2.0
618,7.0
618,5.0
619,5.0
619,2.0
619,2.0
619,2.0
619,7.0
619,5.0
620,5.0
620,2.0
620,2.0
620,2.0
620,5.0
620,7.0
621,5.0
621,2.0
621,2.0
621,2.0
621,7.0
621,5.0
622,5.0
622,2.0
622,2.0
622,2.0
622,7.0
622,5.0
623,5.0
623,2.0
623,2.0
623,2.0
623,5.0
623,7.0
623,2.0
624,5.0
624,2.0
624,2.0
624,2.0
624,2.0
624,5.0
624,7.0
625,5.0
625,2.0
625,2.0
625,2.0
625,2.0
625,5.0
625,7.0
626,5.0
626,2.0
626,2.0
626,2.0
626,2.0
626,7.0
626,5.0
627,5.0
627,2.0
627,2.0
627,2.0
627,2.0
627,7.0
628,5.0
628,2.0
628,2.0
628,2.0
628,2.0
629,2.0
629,5.0
629,2.0
629,2.0
629,2.0
630,2.0
630,5.0
630,2.0
630,2.0
630,2.0
631,2.0
631,5.0
631,2.0
631,2.0
631,2.0
632,2.0
632,5.0
632,2.0
632,2.0
632,2.0
633,2.0
633,5.0
633,2.0
633,2.0
633,2.0
634,2.0
634,5.0
634,2.0
634,2.0
634,2.0
635,2.0
635,2.0
635,5.0
635,2.0
635,2.0
636,2.0
636,2.0
636,2.0
636,5.0
636,2.0
637,2.0
637,2.0
637,2.0
637,5.0
637,2.0
638,2.0
638,2.0
638,5.0
638,2.0
638,2.0
639,2.0
639,2.0
639,2.0
639,5.0
639,2.0
640,2.0
640,2.0
640,2.0
640,5.0
641,2.0
641,5.0
641,2.0
641,2.0
642,2.0
642,5.0
642,2.0
642,2.0
643,2.0
643,5.0
643,2.0
643,2.0
644,2.0
644,2.0
644,5.0
644,2.0
645,2.0
645,2.0
645,5.0
645,2.0
646,2.0
646,2.0
646,5.0
646,2.0
647,2.0
647,2.0
647,5.0
647,2.0
648,2.0
648,2.0
648,5.0
648,2.0
648,0.0
649,2.0
649,2.0
649,5.0
649,2.0
649,0.0
650,2.0
650,5.0
650,2.0
650,2.0
650,0.0
651,2.0
651,2.0
651,5.0
651,2.0
651,0.0
652,2.0
652,2.0
652,5.0
652,2.0
652,0.0
653,2.0
653,5.0
653,2.0
653,2.0
653,0.0
654,2.0
654,5.0
654,2.0
654,2.0
654,0.0
655,2.0
655,5.0
655,2.0
655,2.0
655,0.0
656,2.0
656,5.0
656,2.0
656,2.0
656,0.0
657,2.0
657,5.0
657,2.0
657,2.0
657,0.0
658,2.0
658,5.0
658,2.0
658,2.0
658,0.0
659,2.0
659,5.0
659,2.0
659,2.0
659,0.0
660,2.0
660,5.0
660,2.0
660,2.0
661,2.0
661,5.0
661,2.0
661,2.0
662,2.0
662,2.0
662,5.0
662,2.0
663,2.0
663,2.0
663,5.0
663,2.0
664,2.0
664,2.0
664,5.0
664,2.0
665,2.0
665,5.0
665,2.0
665,2.0
666,2.0
666,5.0
666,2.0
666,2.0
667,2.0
667,5.0
667,2.0
667,2.0
668,5.0
668,2.0
668,2.0
668,2.0
668,0.0
669,2.0
669,5.0
669,2.0
669,2.0
670,2.0
670,2.0
670,2.0
670,5.0
671,2.0
671,2.0
671,5.0
672,2.0
672,2.0
672,2.0
672,2.0
672,5.0
673,2.0
673,2.0
673,2.0
673,2.0
673,5.0
674,2.0
674,2.0
674,5.0
674,2.0
675,2.0
675,2.0
675,5.0
675,2.0
675,0.0
676,2.0
676,2.0
676,2.0
676,5.0
676,2.0
677,2.0
677,2.0
677,5.0
677,0.0
678,2.0
678,2.0
678,0.0
678,2.0
678,5.0
679,2.0
679,2.0
679,0.0
679,2.0
679,5.0
680,2.0
680,2.0
680,0.0
680,2.0
681,2.0
681,2.0
681,2.0
681,0.0
681,7.0
682,2.0
682,2.0
682,2.0
682,0.0
683,2.0
683,2.0
683,2.0
683,0.0
683,7.0
684,2.0
684,2.0
684,2.0
684,0.0
684,5.0
685,2.0
685,2.0
685,2.0
685,0.0
685,5.0
686,2.0
686,2.0
686,2.0
686,0.0
687,2.0
687,2.0
687,2.0
687,0.0
688,2.0
688,2.0
688,2.0
688,5.0
688,0.0
689,2.0
689,2.0
689,2.0
689,0.0
689,5.0
690,2.0
690,2.0
690,2.0
690,0.0
690,5.0
691,2.0
691,2.0
691,2.0
691,0.0
691,5.0
692,2.0
692,2.0
692,0.0
692,5.0
692,2.0
692,7.0
693,2.0
693,2.0
693,5.0
693,2.0
693,7.0
694,2.0
694,2.0
694,2.0
695,2.0
695,5.0
696,2.0
696,0.0
696,5.0
697,2.0
697,0.0
697,5.0
698,2.0
698,5.0
698,0.0
699,2.0
699,0.0
700,2.0
700,5.0
700,0.0
701,2.0
701,0.0
702,2.0
702,0.0
703,2.0
703,0.0
704,2.0
704,0.0
705,2.0
705,0.0
706,2.0
706,2.0
706,0.0
707,2.0
707,2.0
707,0.0
708,2.0
708,2.0
708,0.0
708,0.0
709,2.0
709,2.0
709,0.0
709,0.0
710,2.0
710,2.0
710,0.0
710,0.0
710,2.0
711,2.0
711,2.0
711,0.0
711,0.0
711,0.0
712,2.0
712,2.0
712,0.0
712,0.0
712,0.0
713,2.0
713,2.0
713,0.0
714,2.0
714,2.0
714,0.0
714,0.0
715,2.0
715,2.0
715,0.0
715,0.0
716,2.0
716,2.0
716,0.0
716,0.0
717,2.0
717,2.0
717,0.0
717,0.0
718,2.0
718,2.0
718,0.0
719,2.0
719,2.0
719,0.0
720,2.0
720,2.0
720,0.0
721,2.0
721,2.0
721,0.0
722,2.0
722,2.0
722,0.0
722,2.0
723,2.0
723,2.0
723,0.0
723,2.0
724,2.0
724,2.0
724,0.0
724,2.0
724,2.0
725,2.0
725,2.0
725,0.0
725,2.0
725,0.0
726,2.0
726,2.0
726,0.0
726,0.0
726,2.0
727,2.0
727,2.0
727,0.0
727,0.0
727,2.0
728,2.0
728,2.0
728,2.0
729,2.0
729,2.0
729,0.0
730,2.0
730,2.0
730,0.0
731,2.0
731,2.0
732,2.0
732,2.0
733,2.0
733,2.0
734,2.0
734,2.0
735,2.0
735,2.0
736,2.0
736,2.0
737,2.0
737,2.0
738,2.0
738,2.0
739,2.0
739,2.0
740,2.0
740,2.0
741,2.0
741,2.0
742,2.0
742,2.0
743,2.0
743,2.0
744,2.0
744,2.0
745,2.0
745,2.0
746,2.0
746,2.0
747,2.0
747,2.0
748,2.0
748,2.0
749,2.0
749,2.0
750,2.0
750,2.0
751,2.0
751,2.0
752,2.0
752,2.0
752,0.0
753,2.0
753,2.0
753,2.0
754,2.0
754,2.0
754,2.0
754,0.0
755,2.0
755,0.0
755,0.0
755,2.0
755,2.0
756,2.0
756,2.0
756,0.0
756,0.0
756,2.0
757,2.0
757,2.0
757,0.0
757,0.0
757,2.0
758,2.0
758,0.0
758,2.0
758,0.0
759,2.0
759,0.0
759,2.0
760,2.0
760,2.0
760,0.0
761,2.0
761,2.0
761,0.0
762,2.0
762,2.0
762,0.0
763,2.0
763,2.0
763,0.0
764,2.0
764,2.0
764,0.0
765,2.0
765,2.0
765,0.0
765,0.0
766,2.0
766,0.0
766,2.0
766,0.0
767,2.0
767,0.0
768,2.0
768,0.0
769,2.0
769,0.0
770,2.0
770,0.0
771,2.0
771,0.0
772,2.0
772,0.0
773,2.0
773,0.0
774,2.0
774,0.0
775,2.0
775,0.0
776,2.0
776,0.0
777,2.0
777,0.0
778,2.0
778,0.0
779,2.0
780,2.0
781,2.0
782,2.0
782,2.0
783,2.0
783,2.0
783,0.0
784,2.0
784,2.0
784,0.0
785,2.0
785,2.0
786,2.0
786,2.0
786,0.0
787,2.0
787,2.0
787,0.0
788,2.0
788,2.0
788,0.0
789,2.0
789,2.0
789,0.0
790,2.0
790,2.0
790,0.0
790,0.0
