1,56.0
1,56.0
1,60.0
1,2.0
1,56.0
2,56.0
2,56.0
2,60.0
2,2.0
2,56.0
3,56.0
3,56.0
3,2.0
3,60.0
3,2.0
3,2.0
4,56.0
4,56.0
4,2.0
4,2.0
4,60.0
5,56.0
5,56.0
5,2.0
5,2.0
5,60.0
6,56.0
6,56.0
6,2.0
6,60.0
6,2.0
7,56.0
7,56.0
7,2.0
7,2.0
7,60.0
8,56.0
8,56.0
8,60.0
8,2.0
8,2.0
9,56.0
9,56.0
9,60.0
9,2.0
9,2.0
10,56.0
10,56.0
10,60.0
10,2.0
10,2.0
11,56.0
11,56.0
11,2.0
11,60.0
11,2.0
12,56.0
12,56.0
12,2.0
12,2.0
12,60.0
13,56.0
13,56.0
13,2.0
13,60.0
13,2.0
14,56.0
14,56.0
14,2.0
14,2.0
14,60.0
15,56.0
15,56.0
15,2.0
15,60.0
15,2.0
16,56.0
16,56.0
16,2.0
16,60.0
16,2.0
17,56.0
17,56.0
17,2.0
17,60.0
17,2.0
18,56.0
18,56.0
18,2.0
18,60.0
18,2.0
19,56.0
19,56.0
19,2.0
19,60.0
19,2.0
20,56.0
20,56.0
20,2.0
20,60.0
20,2.0
21,56.0
21,56.0
21,60.0
21,2.0
21,2.0
22,56.0
22,56.0
22,60.0
22,2.0
22,2.0
22,2.0
23,56.0
23,56.0
23,60.0
23,2.0
23,2.0
23,2.0
24,56.0
24,56.0
24,60.0
24,2.0
24,2.0
25,56.0
25,56.0
25,60.0
25,2.0
25,2.0
26,56.0
26,56.0
26,60.0
26,2.0
26,2.0
27,56.0
27,56.0
27,60.0
27,2.0
27,2.0
28,56.0
28,56.0
28,60.0
28,2.0
28,2.0
29,56.0
29,56.0
29,60.0
29,2.0
29,2.0
30,56.0
30,56.0
30,60.0
30,2.0
30,2.0
30,0.0
31,56.0
31,56.0
31,60.0
31,2.0
31,2.0
32,56.0
32,56.0
32,60.0
32,2.0
32,2.0
33,56.0
33,56.0
33,60.0
33,2.0
33,2.0
34,56.0
34,56.0
34,2.0
34,60.0
34,2.0
35,56.0
35,56.0
35,2.0
35,60.0
35,2.0
36,56.0
36,56.0
36,60.0
36,2.0
36,2.0
37,56.0
37,56.0
37,60.0
37,2.0
37,2.0
38,56.0
38,56.0
38,2.0
38,60.0
38,2.0
39,56.0
39,56.0
39,60.0
39,2.0
39,2.0
40,56.0
40,56.0
40,60.0
40,2.0
40,2.0
41,56.0
41,56.0
41,60.0
41,2.0
41,2.0
41,0.0
42,56.0
42,56.0
42,60.0
42,2.0
42,2.0
42,0.0
43,56.0
43,56.0
43,60.0
43,2.0
43,2.0
44,56.0
44,56.0
44,60.0
44,2.0
44,2.0
45,56.0
45,56.0
45,60.0
45,2.0
45,2.0
45,0.0
46,56.0
46,56.0
46,2.0
46,60.0
46,2.0
47,56.0
47,56.0
47,60.0
47,2.0
47,2.0
48,56.0
48,56.0
48,2.0
48,60.0
48,2.0
49,56.0
49,2.0
49,56.0
49,60.0
49,2.0
50,56.0
50,56.0
50,2.0
50,60.0
50,2.0
51,56.0
51,56.0
51,60.0
51,2.0
51,2.0
52,56.0
52,56.0
52,60.0
52,2.0
52,2.0
53,56.0
53,56.0
53,60.0
53,2.0
53,2.0
54,56.0
54,56.0
54,60.0
54,2.0
54,2.0
55,56.0
55,56.0
55,60.0
55,2.0
55,2.0
56,56.0
56,56.0
56,60.0
56,2.0
57,56.0
57,56.0
57,60.0
57,2.0
57,2.0
57,56.0
58,56.0
58,56.0
58,2.0
58,60.0
58,2.0
59,56.0
59,56.0
59,2.0
59,60.0
59,2.0
60,56.0
60,2.0
60,56.0
60,60.0
60,2.0
61,56.0
61,56.0
61,2.0
61,60.0
61,2.0
61,0.0
62,56.0
62,56.0
62,2.0
62,60.0
62,2.0
62,0.0
63,56.0
63,56.0
63,2.0
63,60.0
63,0.0
63,2.0
63,56.0
64,56.0
64,56.0
64,60.0
64,2.0
64,0.0
64,2.0
65,56.0
65,56.0
65,60.0
65,2.0
65,0.0
65,2.0
66,56.0
66,56.0
66,60.0
66,2.0
66,2.0
67,56.0
67,56.0
67,60.0
67,2.0
67,2.0
68,56.0
68,56.0
68,60.0
68,2.0
68,2.0
69,56.0
69,56.0
69,2.0
69,60.0
69,2.0
69,0.0
70,56.0
70,56.0
70,2.0
70,60.0
70,0.0
70,2.0
71,56.0
71,56.0
71,2.0
71,60.0
71,0.0
71,2.0
72,56.0
72,56.0
72,2.0
72,60.0
72,0.0
72,2.0
73,56.0
73,2.0
73,56.0
73,60.0
73,0.0
73,2.0
74,56.0
74,56.0
74,2.0
74,0.0
74,60.0
74,2.0
74,56.0
75,56.0
75,0.0
75,56.0
75,60.0
75,2.0
75,2.0
75,56.0
76,56.0
76,0.0
76,56.0
76,60.0
76,2.0
76,2.0
76,56.0
76,56.0
77,56.0
77,0.0
77,56.0
77,60.0
77,2.0
77,2.0
77,56.0
77,56.0
78,56.0
78,0.0
78,56.0
78,60.0
78,2.0
78,2.0
78,56.0
79,56.0
79,0.0
79,56.0
79,60.0
79,2.0
79,2.0
79,56.0
80,56.0
80,56.0
80,0.0
80,60.0
80,2.0
80,2.0
80,56.0
81,56.0
81,56.0
81,0.0
81,2.0
81,60.0
81,2.0
82,56.0
82,56.0
82,0.0
82,60.0
82,2.0
82,2.0
83,56.0
83,56.0
83,0.0
83,60.0
83,2.0
83,2.0
84,56.0
84,56.0
84,0.0
84,60.0
84,2.0
84,2.0
85,56.0
85,56.0
85,0.0
85,60.0
85,2.0
85,2.0
86,56.0
86,56.0
86,0.0
86,60.0
86,2.0
86,56.0
87,56.0
87,56.0
87,0.0
87,60.0
87,2.0
88,56.0
88,56.0
88,0.0
88,60.0
88,2.0
88,2.0
89,56.0
89,56.0
89,0.0
89,60.0
89,2.0
89,2.0
90,56.0
90,56.0
90,0.0
90,60.0
90,2.0
90,2.0
91,56.0
91,56.0
91,0.0
91,60.0
91,2.0
91,2.0
91,56.0
92,56.0
92,56.0
92,60.0
92,0.0
92,2.0
92,56.0
93,56.0
93,56.0
93,60.0
93,0.0
93,2.0
93,56.0
94,56.0
94,56.0
94,60.0
94,0.0
94,2.0
94,2.0
94,56.0
95,56.0
95,56.0
95,60.0
95,0.0
95,2.0
95,2.0
95,56.0
96,56.0
96,56.0
96,60.0
96,0.0
96,2.0
96,56.0
97,56.0
97,56.0
97,60.0
97,2.0
97,0.0
97,56.0
98,56.0
98,56.0
98,0.0
98,60.0
98,2.0
98,56.0
98,2.0
99,56.0
99,56.0
99,0.0
99,60.0
99,2.0
99,56.0
99,2.0
100,56.0
100,56.0
100,2.0
100,60.0
100,0.0
100,56.0
100,2.0
101,56.0
101,56.0
101,2.0
101,60.0
101,0.0
101,56.0
101,2.0
102,56.0
102,56.0
102,2.0
102,60.0
102,0.0
102,2.0
102,56.0
103,56.0
103,56.0
103,2.0
103,0.0
103,60.0
103,2.0
103,56.0
104,56.0
104,56.0
104,2.0
104,0.0
104,60.0
104,2.0
104,56.0
105,56.0
105,56.0
105,2.0
105,60.0
105,0.0
105,2.0
105,56.0
106,56.0
106,2.0
106,56.0
106,60.0
106,0.0
106,56.0
106,2.0
107,2.0
107,56.0
107,56.0
107,0.0
107,60.0
107,56.0
107,2.0
108,2.0
108,56.0
108,56.0
108,0.0
108,60.0
108,56.0
108,2.0
109,2.0
109,56.0
109,56.0
109,60.0
109,0.0
109,56.0
109,0.0
109,2.0
110,2.0
110,56.0
110,56.0
110,60.0
110,0.0
110,2.0
110,56.0
110,0.0
111,56.0
111,56.0
111,2.0
111,0.0
111,60.0
111,56.0
111,2.0
111,0.0
112,56.0
112,56.0
112,2.0
112,60.0
112,0.0
112,56.0
112,2.0
112,0.0
113,56.0
113,56.0
113,2.0
113,60.0
113,0.0
113,56.0
113,2.0
114,56.0
114,56.0
114,2.0
114,60.0
114,0.0
114,56.0
115,56.0
115,56.0
115,2.0
115,60.0
115,2.0
115,56.0
116,56.0
116,56.0
116,2.0
116,60.0
116,56.0
117,56.0
117,56.0
117,60.0
117,2.0
117,56.0
118,56.0
118,56.0
118,60.0
118,2.0
118,2.0
118,0.0
118,56.0
119,56.0
119,56.0
119,2.0
119,60.0
119,2.0
119,56.0
119,0.0
120,56.0
120,56.0
120,60.0
120,2.0
120,2.0
120,56.0
120,0.0
121,56.0
121,56.0
121,60.0
121,2.0
121,2.0
121,56.0
122,56.0
122,56.0
122,60.0
122,2.0
122,2.0
122,56.0
123,56.0
123,56.0
123,60.0
123,2.0
123,0.0
123,2.0
123,56.0
124,56.0
124,56.0
124,60.0
124,2.0
124,0.0
124,2.0
124,56.0
125,56.0
125,56.0
125,60.0
125,2.0
125,0.0
125,2.0
125,56.0
126,56.0
126,56.0
126,60.0
126,2.0
126,2.0
126,0.0
126,56.0
127,56.0
127,56.0
127,60.0
127,2.0
127,0.0
127,2.0
127,56.0
128,56.0
128,56.0
128,60.0
128,0.0
128,2.0
128,2.0
129,56.0
129,56.0
129,60.0
129,2.0
129,0.0
129,2.0
130,56.0
130,56.0
130,60.0
130,2.0
130,0.0
130,2.0
130,56.0
131,56.0
131,56.0
131,2.0
131,60.0
131,2.0
131,0.0
131,56.0
132,56.0
132,56.0
132,60.0
132,0.0
132,2.0
132,2.0
132,56.0
133,56.0
133,56.0
133,0.0
133,60.0
133,2.0
133,2.0
133,56.0
134,56.0
134,56.0
134,0.0
134,60.0
134,2.0
134,2.0
134,56.0
134,56.0
135,56.0
135,56.0
135,0.0
135,60.0
135,2.0
135,2.0
135,56.0
135,56.0
136,56.0
136,56.0
136,0.0
136,60.0
136,2.0
136,2.0
136,56.0
136,56.0
137,56.0
137,56.0
137,0.0
137,60.0
137,2.0
137,2.0
137,56.0
137,56.0
138,56.0
138,0.0
138,56.0
138,60.0
138,2.0
138,2.0
138,56.0
138,56.0
139,56.0
139,56.0
139,60.0
139,2.0
139,2.0
139,0.0
139,56.0
139,56.0
140,56.0
140,56.0
140,60.0
140,2.0
140,2.0
140,0.0
140,56.0
140,56.0
141,56.0
141,56.0
141,2.0
141,60.0
141,2.0
141,0.0
141,56.0
141,56.0
142,56.0
142,56.0
142,2.0
142,2.0
142,60.0
142,0.0
142,56.0
142,56.0
143,56.0
143,56.0
143,2.0
143,2.0
143,60.0
143,0.0
143,56.0
143,56.0
144,56.0
144,56.0
144,2.0
144,2.0
144,60.0
144,0.0
144,56.0
144,56.0
145,56.0
145,56.0
145,0.0
145,2.0
145,2.0
145,60.0
145,56.0
145,56.0
145,56.0
146,0.0
146,56.0
146,2.0
146,56.0
146,2.0
146,60.0
146,56.0
146,56.0
147,0.0
147,56.0
147,2.0
147,56.0
147,60.0
147,2.0
147,56.0
147,56.0
148,0.0
148,56.0
148,56.0
148,2.0
148,60.0
148,2.0
148,56.0
148,56.0
149,0.0
149,56.0
149,56.0
149,2.0
149,60.0
149,2.0
149,56.0
149,56.0
150,0.0
150,56.0
150,56.0
150,2.0
150,60.0
150,2.0
150,56.0
150,56.0
151,0.0
151,56.0
151,56.0
151,2.0
151,60.0
151,2.0
151,56.0
151,56.0
152,0.0
152,56.0
152,56.0
152,2.0
152,60.0
152,2.0
152,56.0
152,56.0
153,0.0
153,56.0
153,2.0
153,56.0
153,60.0
153,2.0
153,56.0
153,56.0
154,0.0
154,56.0
154,56.0
154,2.0
154,60.0
154,2.0
154,56.0
154,56.0
155,0.0
155,56.0
155,56.0
155,2.0
155,60.0
155,2.0
155,56.0
155,56.0
156,0.0
156,56.0
156,2.0
156,56.0
156,60.0
156,2.0
156,56.0
156,56.0
157,0.0
157,56.0
157,56.0
157,2.0
157,60.0
157,2.0
157,56.0
157,56.0
158,0.0
158,56.0
158,56.0
158,2.0
158,60.0
158,2.0
158,56.0
158,56.0
159,0.0
159,56.0
159,56.0
159,2.0
159,60.0
159,2.0
159,56.0
159,56.0
160,0.0
160,56.0
160,56.0
160,2.0
160,60.0
160,2.0
160,56.0
160,56.0
161,0.0
161,56.0
161,56.0
161,2.0
161,60.0
161,2.0
161,56.0
161,56.0
162,0.0
162,56.0
162,56.0
162,2.0
162,60.0
162,2.0
162,56.0
162,56.0
163,0.0
163,56.0
163,56.0
163,2.0
163,60.0
163,2.0
163,56.0
163,56.0
164,0.0
164,56.0
164,56.0
164,2.0
164,60.0
164,2.0
164,56.0
164,56.0
164,56.0
165,0.0
165,56.0
165,56.0
165,2.0
165,60.0
165,2.0
165,56.0
165,56.0
166,0.0
166,56.0
166,56.0
166,2.0
166,60.0
166,2.0
166,56.0
166,56.0
166,56.0
167,0.0
167,56.0
167,56.0
167,2.0
167,60.0
167,2.0
167,56.0
167,56.0
167,56.0
168,0.0
168,56.0
168,56.0
168,2.0
168,60.0
168,2.0
168,56.0
168,56.0
169,56.0
169,0.0
169,56.0
169,2.0
169,60.0
169,56.0
169,2.0
169,56.0
170,0.0
170,56.0
170,56.0
170,2.0
170,60.0
170,56.0
170,2.0
170,56.0
171,0.0
171,56.0
171,56.0
171,2.0
171,60.0
171,2.0
171,56.0
171,56.0
172,0.0
172,56.0
172,56.0
172,2.0
172,60.0
172,2.0
172,56.0
172,56.0
173,0.0
173,56.0
173,56.0
173,2.0
173,60.0
173,2.0
173,56.0
173,56.0
174,0.0
174,56.0
174,56.0
174,2.0
174,60.0
174,2.0
174,56.0
175,0.0
175,56.0
175,56.0
175,60.0
175,2.0
175,2.0
175,56.0
176,0.0
176,56.0
176,56.0
176,2.0
176,60.0
176,56.0
176,2.0
177,0.0
177,56.0
177,56.0
177,2.0
177,60.0
177,56.0
177,2.0
178,0.0
178,56.0
178,56.0
178,2.0
178,60.0
178,56.0
178,2.0
179,0.0
179,56.0
179,56.0
179,2.0
179,60.0
179,56.0
179,2.0
180,0.0
180,56.0
180,56.0
180,2.0
180,60.0
180,56.0
180,2.0
181,0.0
181,56.0
181,56.0
181,2.0
181,60.0
181,56.0
181,2.0
182,0.0
182,56.0
182,56.0
182,2.0
182,60.0
182,2.0
182,56.0
183,0.0
183,56.0
183,56.0
183,2.0
183,60.0
183,2.0
183,56.0
184,0.0
184,56.0
184,56.0
184,2.0
184,60.0
184,56.0
184,2.0
185,0.0
185,56.0
185,56.0
185,60.0
185,2.0
185,2.0
185,56.0
186,0.0
186,56.0
186,56.0
186,2.0
186,60.0
186,2.0
186,56.0
187,0.0
187,56.0
187,56.0
187,2.0
187,60.0
187,2.0
187,56.0
188,0.0
188,56.0
188,56.0
188,2.0
188,60.0
188,2.0
188,56.0
188,56.0
189,56.0
189,0.0
189,56.0
189,2.0
189,2.0
189,60.0
189,56.0
189,56.0
190,0.0
190,56.0
190,56.0
190,2.0
190,2.0
190,60.0
190,56.0
191,0.0
191,56.0
191,56.0
191,2.0
191,2.0
191,60.0
191,56.0
192,0.0
192,56.0
192,56.0
192,2.0
192,60.0
192,2.0
192,56.0
193,56.0
193,0.0
193,56.0
193,2.0
193,2.0
193,60.0
193,56.0
194,0.0
194,56.0
194,56.0
194,2.0
194,2.0
194,60.0
194,56.0
194,56.0
195,56.0
195,0.0
195,56.0
195,2.0
195,2.0
195,60.0
195,56.0
195,56.0
196,0.0
196,56.0
196,56.0
196,2.0
196,2.0
196,60.0
196,56.0
196,56.0
197,0.0
197,56.0
197,56.0
197,2.0
197,2.0
197,60.0
197,56.0
197,56.0
198,56.0
198,0.0
198,56.0
198,2.0
198,2.0
198,60.0
198,56.0
198,56.0
199,56.0
199,56.0
199,2.0
199,0.0
199,2.0
199,60.0
199,56.0
199,56.0
200,56.0
200,56.0
200,0.0
200,2.0
200,2.0
200,60.0
200,56.0
200,56.0
201,0.0
201,56.0
201,56.0
201,2.0
201,2.0
201,60.0
201,56.0
201,56.0
202,0.0
202,56.0
202,2.0
202,56.0
202,2.0
202,60.0
202,56.0
203,0.0
203,56.0
203,2.0
203,56.0
203,2.0
203,60.0
203,56.0
204,56.0
204,2.0
204,2.0
204,56.0
204,0.0
204,60.0
204,56.0
205,56.0
205,2.0
205,0.0
205,2.0
205,56.0
205,60.0
205,56.0
206,56.0
206,2.0
206,0.0
206,2.0
206,60.0
206,56.0
206,56.0
207,56.0
207,2.0
207,2.0
207,0.0
207,60.0
207,56.0
207,56.0
208,0.0
208,2.0
208,56.0
208,2.0
208,60.0
208,56.0
208,56.0
209,0.0
209,2.0
209,56.0
209,2.0
209,60.0
209,56.0
209,56.0
210,0.0
210,2.0
210,56.0
210,2.0
210,60.0
210,56.0
210,56.0
211,2.0
211,0.0
211,2.0
211,56.0
211,60.0
211,56.0
211,56.0
212,2.0
212,0.0
212,2.0
212,56.0
212,60.0
212,56.0
212,56.0
213,2.0
213,2.0
213,56.0
213,0.0
213,60.0
213,56.0
213,56.0
214,2.0
214,0.0
214,2.0
214,56.0
214,60.0
214,56.0
215,2.0
215,0.0
215,2.0
215,56.0
215,60.0
215,56.0
216,2.0
216,0.0
216,2.0
216,56.0
216,60.0
216,56.0
217,2.0
217,0.0
217,60.0
217,56.0
217,2.0
217,56.0
218,0.0
218,2.0
218,56.0
218,2.0
218,60.0
219,0.0
219,2.0
219,56.0
219,2.0
219,60.0
219,56.0
219,56.0
220,0.0
220,56.0
220,2.0
220,60.0
220,2.0
220,56.0
221,0.0
221,56.0
221,2.0
221,60.0
221,2.0
221,56.0
222,0.0
222,56.0
222,2.0
222,2.0
222,60.0
222,56.0
223,0.0
223,56.0
223,2.0
223,2.0
223,60.0
223,56.0
224,0.0
224,56.0
224,2.0
224,2.0
224,60.0
224,56.0
225,0.0
225,56.0
225,2.0
225,2.0
225,60.0
225,56.0
226,0.0
226,2.0
226,56.0
226,2.0
226,60.0
226,56.0
227,0.0
227,2.0
227,56.0
227,2.0
227,60.0
227,56.0
228,0.0
228,2.0
228,56.0
228,2.0
228,60.0
229,0.0
229,2.0
229,56.0
229,2.0
229,60.0
230,0.0
230,2.0
230,56.0
230,2.0
230,60.0
230,56.0
231,0.0
231,2.0
231,56.0
231,2.0
231,60.0
231,56.0
232,0.0
232,2.0
232,56.0
232,2.0
232,60.0
232,56.0
233,0.0
233,2.0
233,56.0
233,2.0
233,60.0
233,56.0
234,0.0
234,2.0
234,56.0
234,2.0
234,60.0
234,56.0
235,0.0
235,2.0
235,56.0
235,2.0
235,60.0
235,56.0
236,0.0
236,2.0
236,56.0
236,2.0
236,60.0
236,56.0
237,0.0
237,2.0
237,56.0
237,2.0
237,56.0
238,0.0
238,2.0
238,56.0
238,2.0
238,56.0
238,60.0
239,0.0
239,2.0
239,56.0
239,2.0
239,56.0
239,60.0
240,0.0
240,56.0
240,2.0
240,2.0
240,56.0
240,60.0
241,0.0
241,56.0
241,2.0
241,2.0
241,56.0
242,0.0
242,56.0
242,2.0
242,2.0
242,56.0
242,60.0
243,0.0
243,56.0
243,2.0
243,2.0
243,56.0
244,0.0
244,56.0
244,2.0
244,2.0
244,56.0
245,0.0
245,2.0
245,56.0
245,2.0
245,56.0
246,0.0
246,2.0
246,56.0
246,2.0
246,56.0
247,0.0
247,2.0
247,56.0
247,2.0
247,56.0
248,0.0
248,56.0
248,2.0
248,2.0
248,56.0
249,0.0
249,56.0
249,2.0
249,2.0
249,56.0
250,0.0
250,2.0
250,56.0
250,2.0
251,0.0
251,2.0
251,56.0
251,2.0
252,2.0
252,0.0
252,56.0
252,2.0
253,0.0
253,2.0
253,56.0
253,2.0
254,0.0
254,56.0
254,2.0
254,2.0
255,0.0
255,56.0
255,2.0
255,2.0
256,0.0
256,56.0
256,2.0
256,2.0
257,0.0
257,56.0
257,2.0
257,2.0
258,0.0
258,56.0
258,2.0
258,2.0
258,56.0
259,0.0
259,56.0
259,2.0
259,2.0
259,56.0
260,0.0
260,56.0
260,2.0
260,2.0
260,56.0
260,56.0
261,0.0
261,56.0
261,2.0
261,2.0
261,56.0
261,56.0
261,60.0
262,0.0
262,56.0
262,2.0
262,2.0
262,56.0
262,56.0
263,0.0
263,56.0
263,2.0
263,2.0
263,56.0
263,56.0
264,0.0
264,56.0
264,2.0
264,2.0
264,56.0
264,56.0
264,60.0
265,0.0
265,56.0
265,2.0
265,56.0
265,2.0
265,60.0
265,56.0
266,0.0
266,56.0
266,2.0
266,56.0
266,2.0
266,60.0
266,56.0
267,0.0
267,56.0
267,2.0
267,56.0
267,2.0
267,56.0
267,60.0
268,0.0
268,56.0
268,56.0
268,2.0
268,2.0
268,60.0
268,56.0
268,25.0
269,0.0
269,56.0
269,56.0
269,2.0
269,2.0
269,60.0
269,56.0
269,25.0
270,0.0
270,56.0
270,56.0
270,2.0
270,2.0
270,60.0
270,56.0
271,0.0
271,56.0
271,56.0
271,2.0
271,2.0
271,60.0
271,56.0
272,0.0
272,56.0
272,56.0
272,2.0
272,2.0
272,60.0
272,56.0
272,25.0
273,0.0
273,56.0
273,2.0
273,56.0
273,2.0
273,60.0
273,25.0
273,56.0
274,0.0
274,56.0
274,2.0
274,56.0
274,2.0
274,60.0
274,56.0
275,0.0
275,56.0
275,2.0
275,56.0
275,2.0
275,60.0
275,56.0
276,0.0
276,56.0
276,56.0
276,2.0
276,2.0
276,60.0
276,56.0
277,0.0
277,56.0
277,56.0
277,2.0
277,2.0
277,60.0
277,56.0
278,0.0
278,56.0
278,56.0
278,2.0
278,2.0
278,60.0
278,56.0
279,0.0
279,56.0
279,56.0
279,2.0
279,2.0
279,60.0
279,56.0
280,0.0
280,56.0
280,56.0
280,2.0
280,2.0
280,60.0
280,56.0
281,0.0
281,56.0
281,56.0
281,2.0
281,2.0
281,60.0
281,56.0
282,0.0
282,56.0
282,56.0
282,2.0
282,2.0
282,60.0
282,56.0
283,0.0
283,56.0
283,56.0
283,2.0
283,2.0
283,60.0
283,56.0
284,0.0
284,56.0
284,56.0
284,2.0
284,2.0
284,60.0
284,56.0
285,0.0
285,56.0
285,56.0
285,2.0
285,2.0
285,60.0
285,56.0
286,0.0
286,56.0
286,2.0
286,56.0
286,2.0
286,60.0
286,56.0
287,0.0
287,56.0
287,2.0
287,56.0
287,2.0
287,60.0
287,56.0
288,0.0
288,56.0
288,2.0
288,56.0
288,2.0
288,60.0
288,56.0
289,0.0
289,56.0
289,56.0
289,2.0
289,2.0
289,60.0
289,56.0
290,0.0
290,56.0
290,56.0
290,2.0
290,2.0
290,60.0
290,56.0
291,0.0
291,56.0
291,2.0
291,56.0
291,2.0
291,60.0
291,56.0
292,0.0
292,56.0
292,2.0
292,56.0
292,2.0
292,60.0
292,56.0
293,0.0
293,56.0
293,2.0
293,56.0
293,2.0
293,60.0
293,56.0
294,0.0
294,56.0
294,56.0
294,2.0
294,2.0
294,60.0
294,56.0
295,0.0
295,56.0
295,2.0
295,56.0
295,2.0
295,60.0
295,56.0
296,0.0
296,2.0
296,56.0
296,56.0
296,2.0
296,60.0
296,56.0
297,0.0
297,56.0
297,2.0
297,56.0
297,2.0
297,60.0
297,56.0
298,0.0
298,56.0
298,2.0
298,56.0
298,2.0
298,60.0
298,56.0
299,0.0
299,56.0
299,2.0
299,56.0
299,2.0
299,60.0
299,56.0
300,0.0
300,56.0
300,56.0
300,2.0
300,2.0
300,60.0
300,56.0
301,0.0
301,2.0
301,56.0
301,2.0
301,56.0
301,60.0
301,56.0
302,0.0
302,2.0
302,56.0
302,2.0
302,56.0
302,60.0
302,56.0
303,0.0
303,56.0
303,56.0
303,2.0
303,2.0
303,60.0
303,56.0
304,0.0
304,56.0
304,56.0
304,2.0
304,2.0
304,60.0
304,56.0
305,0.0
305,56.0
305,2.0
305,56.0
305,2.0
305,60.0
305,56.0
306,0.0
306,56.0
306,2.0
306,56.0
306,2.0
306,60.0
306,56.0
307,0.0
307,56.0
307,2.0
307,56.0
307,2.0
307,60.0
307,56.0
308,0.0
308,56.0
308,2.0
308,56.0
308,2.0
308,60.0
308,56.0
309,0.0
309,56.0
309,2.0
309,56.0
309,2.0
309,60.0
309,56.0
310,0.0
310,56.0
310,2.0
310,56.0
310,2.0
310,60.0
310,56.0
311,0.0
311,56.0
311,2.0
311,56.0
311,2.0
311,60.0
311,56.0
312,0.0
312,56.0
312,2.0
312,56.0
312,2.0
312,60.0
312,56.0
313,0.0
313,56.0
313,2.0
313,56.0
313,2.0
313,60.0
313,56.0
314,0.0
314,56.0
314,56.0
314,2.0
314,2.0
314,60.0
315,0.0
315,56.0
315,2.0
315,56.0
315,2.0
315,60.0
315,56.0
316,0.0
316,56.0
316,2.0
316,56.0
316,2.0
316,60.0
316,56.0
317,0.0
317,56.0
317,2.0
317,56.0
317,2.0
317,60.0
317,56.0
318,0.0
318,56.0
318,56.0
318,2.0
318,2.0
318,60.0
318,56.0
319,0.0
319,56.0
319,56.0
319,2.0
319,2.0
319,60.0
319,56.0
320,0.0
320,56.0
320,56.0
320,2.0
320,2.0
320,60.0
320,56.0
321,0.0
321,56.0
321,2.0
321,56.0
321,2.0
321,60.0
322,0.0
322,56.0
322,2.0
322,56.0
322,2.0
322,60.0
323,0.0
323,56.0
323,2.0
323,56.0
323,2.0
323,60.0
324,0.0
324,56.0
324,2.0
324,56.0
324,2.0
324,60.0
325,0.0
325,56.0
325,2.0
325,56.0
325,2.0
325,60.0
326,0.0
326,56.0
326,2.0
326,56.0
326,2.0
326,60.0
327,0.0
327,56.0
327,2.0
327,56.0
327,2.0
327,60.0
328,0.0
328,56.0
328,2.0
328,56.0
328,2.0
328,60.0
329,0.0
329,56.0
329,2.0
329,56.0
329,2.0
329,60.0
330,0.0
330,56.0
330,56.0
330,2.0
330,2.0
330,60.0
331,0.0
331,56.0
331,56.0
331,2.0
331,2.0
331,60.0
332,0.0
332,56.0
332,56.0
332,2.0
332,2.0
332,60.0
333,0.0
333,56.0
333,2.0
333,56.0
333,2.0
333,60.0
334,0.0
334,56.0
334,2.0
334,56.0
334,2.0
334,60.0
335,0.0
335,56.0
335,2.0
335,56.0
335,2.0
335,60.0
336,0.0
336,56.0
336,2.0
336,56.0
336,2.0
336,60.0
337,0.0
337,56.0
337,2.0
337,56.0
337,2.0
337,60.0
338,0.0
338,56.0
338,2.0
338,56.0
338,2.0
338,60.0
339,0.0
339,56.0
339,2.0
339,56.0
339,2.0
339,60.0
340,0.0
340,56.0
340,2.0
340,56.0
340,2.0
340,60.0
341,0.0
341,56.0
341,2.0
341,56.0
341,2.0
341,60.0
342,0.0
342,56.0
342,2.0
342,56.0
342,2.0
342,60.0
343,0.0
343,56.0
343,2.0
343,56.0
343,2.0
343,60.0
344,0.0
344,56.0
344,2.0
344,56.0
344,2.0
344,60.0
345,0.0
345,56.0
345,2.0
345,56.0
345,2.0
345,60.0
346,0.0
346,56.0
346,2.0
346,56.0
346,2.0
346,60.0
347,0.0
347,2.0
347,56.0
347,56.0
347,2.0
347,60.0
348,0.0
348,2.0
348,56.0
348,56.0
348,2.0
348,60.0
349,0.0
349,2.0
349,56.0
349,56.0
349,2.0
349,60.0
350,0.0
350,2.0
350,56.0
350,56.0
350,2.0
350,60.0
351,0.0
351,2.0
351,56.0
351,56.0
351,2.0
351,60.0
351,56.0
352,2.0
352,0.0
352,56.0
352,56.0
352,60.0
352,2.0
352,56.0
353,2.0
353,0.0
353,56.0
353,56.0
353,60.0
353,2.0
353,56.0
354,0.0
354,2.0
354,56.0
354,56.0
354,2.0
354,60.0
354,56.0
355,0.0
355,2.0
355,56.0
355,56.0
355,2.0
355,60.0
355,56.0
356,0.0
356,2.0
356,56.0
356,56.0
356,2.0
356,60.0
356,56.0
357,0.0
357,2.0
357,56.0
357,56.0
357,2.0
357,60.0
358,0.0
358,2.0
358,56.0
358,56.0
358,2.0
358,60.0
358,56.0
359,0.0
359,2.0
359,56.0
359,56.0
359,2.0
359,60.0
359,56.0
360,0.0
360,2.0
360,56.0
360,56.0
360,2.0
360,60.0
361,0.0
361,2.0
361,56.0
361,56.0
361,2.0
361,60.0
362,2.0
362,0.0
362,56.0
362,56.0
362,2.0
362,60.0
363,0.0
363,2.0
363,56.0
363,56.0
363,2.0
363,60.0
363,56.0
364,0.0
364,2.0
364,56.0
364,56.0
364,2.0
364,60.0
364,56.0
365,0.0
365,2.0
365,56.0
365,56.0
365,2.0
365,60.0
365,56.0
366,0.0
366,2.0
366,56.0
366,56.0
366,2.0
366,60.0
367,0.0
367,2.0
367,56.0
367,56.0
367,2.0
367,60.0
368,0.0
368,2.0
368,56.0
368,56.0
368,2.0
368,60.0
369,0.0
369,2.0
369,56.0
369,56.0
369,2.0
369,60.0
370,0.0
370,2.0
370,56.0
370,56.0
370,2.0
370,60.0
371,0.0
371,2.0
371,56.0
371,56.0
371,2.0
371,60.0
372,0.0
372,2.0
372,56.0
372,56.0
372,2.0
372,60.0
373,0.0
373,2.0
373,56.0
373,56.0
373,2.0
373,60.0
374,2.0
374,0.0
374,56.0
374,56.0
374,2.0
374,60.0
375,0.0
375,2.0
375,56.0
375,56.0
375,2.0
375,60.0
376,0.0
376,2.0
376,56.0
376,56.0
376,2.0
376,60.0
377,0.0
377,2.0
377,56.0
377,56.0
377,2.0
377,60.0
378,0.0
378,2.0
378,56.0
378,56.0
378,2.0
378,60.0
379,2.0
379,0.0
379,56.0
379,56.0
379,2.0
379,60.0
380,0.0
380,2.0
380,56.0
380,56.0
380,2.0
380,60.0
381,0.0
381,2.0
381,56.0
381,56.0
381,2.0
381,60.0
382,0.0
382,2.0
382,56.0
382,56.0
382,2.0
382,60.0
383,0.0
383,2.0
383,56.0
383,56.0
383,2.0
383,60.0
384,0.0
384,2.0
384,56.0
384,56.0
384,60.0
384,2.0
385,0.0
385,2.0
385,56.0
385,56.0
385,60.0
385,2.0
386,0.0
386,2.0
386,56.0
386,56.0
386,60.0
386,2.0
387,2.0
387,56.0
387,0.0
387,56.0
387,60.0
387,2.0
388,0.0
388,2.0
388,56.0
388,56.0
388,60.0
388,2.0
389,0.0
389,2.0
389,56.0
389,56.0
389,60.0
389,2.0
390,0.0
390,2.0
390,56.0
390,56.0
390,60.0
390,2.0
391,0.0
391,2.0
391,56.0
391,56.0
391,2.0
391,60.0
392,0.0
392,2.0
392,56.0
392,56.0
392,2.0
392,60.0
393,0.0
393,2.0
393,56.0
393,56.0
393,2.0
393,60.0
394,0.0
394,2.0
394,56.0
394,56.0
394,2.0
394,60.0
395,0.0
395,2.0
395,56.0
395,56.0
395,2.0
395,60.0
396,0.0
396,2.0
396,56.0
396,56.0
396,2.0
396,60.0
397,0.0
397,2.0
397,56.0
397,2.0
397,56.0
397,60.0
398,2.0
398,0.0
398,56.0
398,56.0
398,2.0
398,60.0
399,0.0
399,2.0
399,56.0
399,56.0
399,2.0
399,60.0
400,2.0
400,56.0
400,0.0
400,56.0
400,2.0
401,2.0
401,56.0
401,56.0
401,0.0
401,2.0
402,2.0
402,0.0
402,56.0
402,56.0
402,2.0
402,60.0
403,0.0
403,2.0
403,56.0
403,56.0
403,2.0
403,60.0
404,2.0
404,56.0
404,0.0
404,56.0
404,2.0
404,60.0
405,2.0
405,56.0
405,0.0
405,56.0
405,2.0
405,60.0
406,0.0
406,2.0
406,56.0
406,2.0
406,56.0
406,60.0
407,0.0
407,2.0
407,56.0
407,2.0
407,56.0
407,60.0
408,0.0
408,2.0
408,56.0
408,2.0
408,56.0
408,60.0
409,0.0
409,2.0
409,2.0
409,56.0
410,0.0
410,2.0
410,2.0
410,56.0
411,0.0
411,2.0
411,2.0
411,56.0
411,0.0
412,0.0
412,2.0
412,2.0
412,56.0
412,0.0
413,0.0
413,2.0
413,2.0
413,56.0
413,0.0
414,0.0
414,2.0
414,2.0
414,56.0
415,0.0
415,2.0
415,2.0
415,56.0
416,0.0
416,2.0
416,2.0
416,56.0
417,0.0
417,2.0
417,56.0
417,2.0
417,60.0
418,0.0
418,2.0
418,2.0
418,56.0
418,60.0
419,0.0
419,2.0
419,2.0
419,56.0
420,0.0
420,2.0
420,2.0
420,56.0
420,60.0
421,0.0
421,2.0
421,2.0
421,56.0
421,60.0
422,56.0
422,2.0
422,2.0
422,60.0
422,0.0
423,2.0
423,56.0
423,2.0
423,60.0
423,56.0
424,2.0
424,56.0
424,2.0
424,60.0
424,56.0
425,2.0
425,56.0
425,2.0
425,60.0
425,56.0
425,0.0
426,56.0
426,2.0
426,2.0
426,60.0
426,56.0
426,0.0
427,56.0
427,2.0
427,2.0
427,60.0
427,56.0
427,0.0
428,56.0
428,2.0
428,2.0
428,60.0
428,56.0
428,0.0
429,56.0
429,2.0
429,2.0
429,60.0
429,56.0
429,0.0
430,56.0
430,2.0
430,2.0
430,60.0
430,56.0
431,56.0
431,2.0
431,2.0
431,60.0
431,56.0
431,0.0
432,56.0
432,2.0
432,2.0
432,60.0
432,56.0
432,0.0
433,56.0
433,2.0
433,2.0
433,60.0
433,56.0
433,0.0
434,56.0
434,2.0
434,2.0
434,60.0
434,56.0
434,0.0
435,56.0
435,2.0
435,2.0
435,60.0
435,56.0
435,0.0
436,56.0
436,2.0
436,2.0
436,60.0
436,56.0
436,0.0
437,56.0
437,2.0
437,2.0
437,60.0
437,56.0
437,0.0
438,56.0
438,2.0
438,2.0
438,60.0
438,56.0
438,0.0
439,56.0
439,2.0
439,2.0
439,60.0
439,56.0
439,0.0
440,56.0
440,2.0
440,2.0
440,60.0
440,56.0
440,0.0
441,56.0
441,2.0
441,2.0
441,60.0
441,56.0
441,0.0
442,56.0
442,2.0
442,2.0
442,60.0
442,56.0
442,0.0
443,56.0
443,2.0
443,2.0
443,60.0
443,56.0
443,0.0
444,56.0
444,2.0
444,2.0
444,60.0
444,56.0
444,0.0
445,56.0
445,2.0
445,2.0
445,60.0
445,56.0
445,0.0
446,56.0
446,2.0
446,2.0
446,60.0
446,56.0
446,0.0
447,56.0
447,2.0
447,2.0
447,60.0
447,56.0
447,0.0
448,56.0
448,2.0
448,2.0
448,60.0
448,56.0
448,0.0
449,56.0
449,2.0
449,2.0
449,60.0
449,56.0
449,0.0
450,56.0
450,2.0
450,2.0
450,60.0
450,56.0
450,0.0
451,56.0
451,2.0
451,2.0
451,60.0
451,56.0
451,0.0
452,0.0
452,2.0
452,2.0
452,56.0
452,60.0
453,2.0
453,56.0
453,60.0
453,2.0
453,56.0
454,56.0
454,2.0
454,60.0
454,56.0
454,2.0
455,56.0
455,2.0
455,60.0
455,56.0
455,2.0
456,56.0
456,2.0
456,56.0
456,2.0
456,60.0
456,0.0
457,0.0
457,56.0
457,56.0
457,2.0
457,2.0
457,60.0
458,56.0
458,56.0
458,2.0
458,60.0
458,2.0
458,0.0
458,56.0
459,56.0
459,56.0
459,2.0
459,60.0
459,0.0
459,2.0
460,0.0
460,56.0
460,56.0
460,2.0
460,60.0
460,2.0
460,56.0
461,0.0
461,56.0
461,56.0
461,2.0
461,60.0
461,2.0
461,56.0
462,0.0
462,56.0
462,56.0
462,2.0
462,60.0
462,2.0
462,56.0
462,56.0
463,0.0
463,56.0
463,56.0
463,2.0
463,60.0
463,2.0
463,56.0
463,56.0
464,0.0
464,56.0
464,56.0
464,2.0
464,60.0
464,2.0
464,56.0
465,0.0
465,56.0
465,56.0
465,2.0
465,60.0
465,2.0
465,56.0
466,0.0
466,56.0
466,56.0
466,2.0
466,60.0
466,2.0
466,56.0
467,0.0
467,56.0
467,56.0
467,2.0
467,60.0
467,2.0
467,56.0
468,0.0
468,56.0
468,56.0
468,2.0
468,60.0
468,2.0
469,0.0
469,56.0
469,56.0
469,2.0
469,60.0
469,2.0
470,56.0
470,56.0
470,0.0
470,2.0
470,60.0
470,2.0
471,0.0
471,56.0
471,56.0
471,2.0
471,60.0
471,2.0
472,56.0
472,56.0
472,0.0
472,2.0
472,60.0
472,2.0
473,56.0
473,0.0
473,56.0
473,2.0
473,60.0
473,2.0
474,56.0
474,56.0
474,0.0
474,2.0
474,60.0
474,2.0
475,56.0
475,56.0
475,2.0
475,60.0
475,0.0
475,2.0
476,56.0
476,56.0
476,2.0
476,60.0
476,0.0
476,2.0
477,56.0
477,56.0
477,2.0
477,60.0
477,0.0
477,2.0
478,56.0
478,56.0
478,2.0
478,0.0
478,60.0
478,2.0
479,56.0
479,56.0
479,2.0
479,0.0
479,60.0
479,2.0
480,56.0
480,56.0
480,2.0
480,60.0
480,2.0
480,0.0
480,56.0
481,56.0
481,56.0
481,2.0
481,60.0
481,0.0
481,56.0
481,2.0
482,56.0
482,2.0
482,56.0
482,60.0
482,2.0
482,0.0
483,56.0
483,56.0
483,2.0
483,60.0
483,56.0
483,0.0
484,56.0
484,56.0
484,2.0
484,60.0
484,0.0
484,56.0
485,56.0
485,56.0
485,2.0
485,60.0
485,0.0
485,56.0
486,56.0
486,56.0
486,2.0
486,60.0
486,56.0
487,56.0
487,56.0
487,2.0
487,60.0
487,56.0
488,56.0
488,2.0
488,56.0
488,60.0
488,56.0
489,56.0
489,56.0
489,2.0
489,60.0
489,56.0
489,2.0
490,56.0
490,2.0
490,56.0
490,60.0
490,56.0
490,2.0
491,56.0
491,2.0
491,56.0
491,60.0
491,56.0
491,2.0
492,56.0
492,2.0
492,56.0
492,60.0
492,2.0
492,56.0
493,56.0
493,2.0
493,56.0
493,60.0
493,2.0
493,56.0
494,56.0
494,2.0
494,56.0
494,2.0
494,60.0
494,56.0
495,2.0
495,56.0
495,56.0
495,2.0
495,60.0
495,56.0
495,2.0
496,56.0
496,2.0
496,56.0
496,2.0
496,60.0
496,56.0
497,56.0
497,56.0
497,2.0
497,2.0
497,60.0
497,56.0
498,56.0
498,2.0
498,56.0
498,60.0
498,2.0
498,56.0
499,56.0
499,56.0
499,2.0
499,2.0
499,60.0
499,56.0
499,2.0
500,2.0
500,56.0
500,56.0
500,60.0
500,2.0
500,56.0
501,2.0
501,56.0
501,56.0
501,2.0
501,60.0
501,56.0
502,2.0
502,56.0
502,56.0
502,2.0
502,60.0
502,56.0
503,2.0
503,2.0
503,56.0
503,56.0
503,60.0
503,56.0
504,2.0
504,2.0
504,56.0
504,56.0
504,60.0
504,56.0
505,56.0
505,56.0
505,2.0
505,2.0
505,60.0
505,56.0
506,56.0
506,56.0
506,2.0
506,2.0
506,60.0
506,56.0
507,56.0
507,2.0
507,56.0
507,2.0
507,60.0
507,56.0
508,2.0
508,56.0
508,56.0
508,2.0
508,60.0
508,56.0
509,2.0
509,56.0
509,56.0
509,2.0
509,60.0
509,56.0
510,2.0
510,56.0
510,56.0
510,2.0
510,60.0
510,56.0
511,2.0
511,56.0
511,56.0
511,2.0
511,60.0
511,56.0
512,56.0
512,2.0
512,56.0
512,60.0
512,2.0
512,56.0
513,56.0
513,56.0
513,2.0
513,60.0
513,2.0
513,56.0
513,2.0
514,56.0
514,2.0
514,56.0
514,60.0
514,2.0
514,56.0
515,2.0
515,56.0
515,56.0
515,2.0
515,60.0
515,56.0
516,56.0
516,2.0
516,56.0
516,60.0
516,2.0
516,56.0
516,2.0
517,56.0
517,2.0
517,56.0
517,2.0
517,60.0
517,56.0
518,2.0
518,56.0
518,56.0
518,2.0
518,60.0
518,56.0
518,56.0
519,56.0
519,2.0
519,56.0
519,60.0
519,2.0
519,56.0
519,56.0
520,56.0
520,2.0
520,56.0
520,2.0
520,60.0
520,56.0
520,56.0
521,56.0
521,2.0
521,56.0
521,60.0
521,2.0
521,56.0
521,56.0
522,56.0
522,2.0
522,56.0
522,2.0
522,60.0
522,56.0
522,56.0
523,56.0
523,2.0
523,56.0
523,2.0
523,60.0
523,56.0
523,56.0
524,56.0
524,2.0
524,56.0
524,2.0
524,60.0
524,56.0
524,56.0
525,56.0
525,2.0
525,56.0
525,60.0
525,2.0
525,56.0
525,56.0
526,56.0
526,2.0
526,56.0
526,60.0
526,2.0
526,56.0
526,56.0
527,56.0
527,2.0
527,56.0
527,60.0
527,2.0
527,56.0
527,56.0
528,56.0
528,2.0
528,56.0
528,60.0
528,2.0
528,56.0
528,56.0
529,56.0
529,56.0
529,2.0
529,60.0
529,2.0
529,56.0
529,56.0
530,56.0
530,56.0
530,2.0
530,60.0
530,2.0
530,56.0
531,56.0
531,56.0
531,2.0
531,60.0
531,2.0
531,56.0
531,56.0
532,56.0
532,56.0
532,2.0
532,60.0
532,2.0
532,56.0
532,56.0
533,56.0
533,56.0
533,2.0
533,60.0
533,2.0
533,56.0
534,56.0
534,56.0
534,2.0
534,2.0
534,60.0
534,56.0
534,56.0
535,56.0
535,56.0
535,2.0
535,2.0
535,60.0
535,56.0
535,56.0
536,56.0
536,2.0
536,56.0
536,2.0
536,60.0
536,56.0
537,56.0
537,56.0
537,2.0
537,2.0
537,60.0
537,56.0
538,56.0
538,2.0
538,56.0
538,2.0
538,60.0
538,56.0
539,56.0
539,2.0
539,56.0
539,2.0
539,60.0
539,56.0
540,56.0
540,2.0
540,56.0
540,2.0
540,60.0
540,56.0
541,56.0
541,2.0
541,56.0
541,2.0
541,60.0
541,56.0
541,56.0
542,2.0
542,56.0
542,2.0
542,56.0
542,60.0
542,56.0
543,56.0
543,56.0
543,2.0
543,2.0
543,60.0
544,56.0
544,56.0
544,2.0
544,2.0
544,60.0
545,56.0
545,56.0
545,2.0
545,2.0
545,60.0
545,56.0
546,56.0
546,56.0
546,2.0
546,2.0
546,60.0
547,56.0
547,56.0
547,2.0
547,2.0
547,60.0
547,56.0
548,56.0
548,56.0
548,2.0
548,2.0
548,60.0
548,56.0
549,56.0
549,56.0
549,2.0
549,2.0
549,60.0
549,56.0
550,56.0
550,56.0
550,2.0
550,2.0
550,60.0
550,56.0
550,56.0
551,56.0
551,56.0
551,2.0
551,2.0
551,60.0
551,56.0
552,56.0
552,56.0
552,2.0
552,2.0
552,60.0
552,56.0
553,2.0
553,56.0
553,56.0
553,2.0
553,60.0
553,56.0
554,56.0
554,56.0
554,2.0
554,2.0
554,60.0
554,56.0
555,56.0
555,56.0
555,2.0
555,2.0
555,60.0
555,56.0
556,56.0
556,56.0
556,2.0
556,2.0
556,60.0
556,56.0
557,2.0
557,56.0
557,56.0
557,2.0
557,60.0
557,56.0
558,2.0
558,56.0
558,56.0
558,2.0
558,60.0
558,56.0
559,2.0
559,56.0
559,56.0
559,2.0
559,60.0
559,56.0
560,2.0
560,56.0
560,56.0
560,2.0
560,60.0
560,56.0
561,56.0
561,56.0
561,2.0
561,2.0
561,60.0
561,56.0
562,56.0
562,2.0
562,2.0
562,56.0
562,60.0
562,56.0
563,2.0
563,56.0
563,56.0
563,2.0
563,60.0
563,56.0
564,2.0
564,56.0
564,2.0
564,56.0
564,60.0
564,56.0
565,56.0
565,2.0
565,2.0
565,56.0
565,60.0
565,56.0
566,2.0
566,56.0
566,2.0
566,56.0
566,60.0
566,56.0
567,56.0
567,2.0
567,2.0
567,56.0
567,60.0
567,56.0
568,2.0
568,2.0
568,56.0
568,56.0
568,60.0
568,56.0
569,2.0
569,2.0
569,56.0
569,56.0
569,60.0
569,56.0
570,2.0
570,2.0
570,56.0
570,56.0
570,60.0
570,56.0
571,56.0
571,2.0
571,2.0
571,56.0
571,60.0
571,56.0
572,2.0
572,56.0
572,56.0
572,2.0
572,60.0
572,56.0
573,2.0
573,2.0
573,56.0
573,56.0
573,60.0
573,56.0
574,56.0
574,56.0
574,2.0
574,2.0
574,60.0
575,56.0
575,56.0
575,2.0
575,2.0
575,60.0
576,56.0
576,56.0
576,60.0
576,2.0
576,2.0
577,56.0
577,56.0
577,60.0
577,2.0
577,2.0
578,56.0
578,56.0
578,60.0
578,2.0
578,2.0
579,56.0
579,56.0
579,2.0
579,60.0
579,2.0
580,56.0
580,56.0
580,2.0
580,60.0
580,2.0
581,56.0
581,56.0
581,2.0
581,60.0
581,2.0
581,56.0
582,56.0
582,56.0
582,2.0
582,60.0
582,2.0
583,56.0
583,56.0
583,2.0
583,60.0
583,2.0
583,56.0
584,56.0
584,2.0
584,56.0
584,60.0
584,2.0
584,56.0
585,56.0
585,56.0
585,2.0
585,60.0
585,2.0
585,56.0
586,56.0
586,56.0
586,2.0
586,60.0
586,2.0
586,56.0
587,56.0
587,56.0
587,2.0
587,60.0
587,2.0
587,56.0
588,56.0
588,56.0
588,2.0
588,60.0
588,2.0
589,56.0
589,56.0
589,60.0
589,2.0
589,2.0
589,56.0
590,56.0
590,56.0
590,2.0
590,60.0
590,2.0
591,56.0
591,56.0
591,60.0
591,2.0
591,2.0
592,56.0
592,56.0
592,60.0
592,2.0
592,2.0
593,56.0
593,56.0
593,60.0
593,2.0
593,2.0
594,56.0
594,56.0
594,60.0
594,2.0
594,2.0
595,56.0
595,56.0
595,60.0
595,2.0
595,2.0
596,56.0
596,56.0
596,60.0
596,2.0
596,2.0
597,56.0
597,56.0
597,60.0
597,2.0
597,2.0
598,56.0
598,56.0
598,60.0
598,2.0
598,2.0
599,56.0
599,56.0
599,60.0
599,2.0
599,2.0
600,56.0
600,56.0
600,60.0
600,2.0
600,2.0
601,56.0
601,56.0
601,60.0
601,2.0
601,2.0
602,56.0
602,56.0
602,60.0
602,2.0
602,2.0
602,2.0
603,56.0
603,56.0
603,60.0
603,2.0
604,56.0
604,56.0
604,60.0
604,56.0
604,2.0
605,56.0
605,56.0
605,60.0
605,2.0
605,56.0
606,56.0
606,56.0
606,60.0
606,2.0
607,56.0
607,56.0
607,60.0
607,2.0
607,2.0
608,56.0
608,56.0
608,60.0
608,2.0
608,2.0
609,56.0
609,56.0
609,60.0
609,2.0
609,2.0
610,56.0
610,56.0
610,60.0
610,2.0
610,2.0
611,56.0
611,56.0
611,60.0
611,2.0
611,2.0
612,56.0
612,56.0
612,60.0
612,2.0
612,2.0
613,56.0
613,56.0
613,60.0
613,2.0
613,2.0
