1,56.0
1,58.0
1,57.0
1,0.0
2,56.0
2,58.0
2,57.0
2,0.0
3,56.0
3,58.0
3,57.0
3,0.0
4,56.0
4,58.0
4,57.0
4,0.0
5,56.0
5,58.0
5,57.0
5,0.0
6,56.0
6,58.0
6,57.0
6,0.0
7,56.0
7,58.0
7,57.0
7,0.0
8,56.0
8,58.0
8,57.0
8,0.0
9,56.0
9,58.0
9,57.0
10,56.0
10,58.0
10,57.0
11,56.0
11,58.0
11,57.0
12,56.0
12,58.0
12,57.0
13,56.0
13,58.0
13,57.0
14,56.0
14,58.0
14,57.0
15,56.0
15,58.0
15,57.0
16,56.0
16,58.0
16,57.0
17,56.0
17,58.0
17,57.0
18,56.0
18,58.0
18,57.0
19,56.0
19,58.0
19,57.0
20,56.0
20,58.0
20,57.0
21,56.0
21,58.0
21,57.0
21,0.0
22,56.0
22,58.0
22,57.0
22,0.0
23,56.0
23,58.0
23,57.0
23,0.0
24,56.0
24,58.0
24,57.0
24,0.0
24,72.0
25,56.0
25,58.0
25,57.0
25,0.0
25,72.0
26,56.0
26,58.0
26,57.0
26,0.0
27,56.0
27,58.0
27,57.0
27,0.0
28,56.0
28,58.0
28,57.0
29,56.0
29,58.0
29,57.0
29,0.0
30,56.0
30,58.0
30,57.0
31,56.0
31,58.0
31,57.0
32,56.0
32,58.0
32,57.0
32,72.0
33,56.0
33,58.0
33,57.0
33,72.0
34,56.0
34,58.0
34,57.0
34,72.0
35,56.0
35,58.0
35,57.0
35,72.0
36,56.0
36,58.0
36,57.0
37,56.0
37,58.0
37,57.0
37,72.0
38,56.0
38,58.0
38,57.0
39,56.0
39,58.0
39,57.0
40,56.0
40,58.0
40,57.0
40,0.0
41,56.0
41,58.0
41,57.0
41,0.0
42,56.0
42,58.0
42,0.0
42,57.0
43,56.0
43,58.0
43,57.0
43,0.0
44,56.0
44,58.0
44,57.0
44,0.0
45,56.0
45,58.0
45,57.0
45,0.0
46,56.0
46,58.0
46,57.0
46,0.0
46,72.0
47,56.0
47,58.0
47,57.0
47,0.0
48,56.0
48,58.0
48,57.0
48,0.0
48,72.0
49,56.0
49,58.0
49,57.0
49,0.0
49,72.0
50,56.0
50,58.0
50,57.0
50,0.0
50,72.0
51,56.0
51,58.0
51,57.0
51,0.0
51,72.0
52,56.0
52,58.0
52,57.0
52,0.0
53,56.0
53,58.0
53,57.0
53,0.0
54,56.0
54,58.0
54,57.0
54,0.0
54,72.0
55,56.0
55,58.0
55,57.0
55,0.0
56,56.0
56,58.0
56,0.0
56,57.0
56,72.0
57,56.0
57,58.0
57,57.0
57,0.0
57,72.0
58,56.0
58,58.0
58,57.0
58,0.0
58,72.0
59,56.0
59,58.0
59,57.0
59,0.0
59,72.0
60,56.0
60,58.0
60,57.0
60,0.0
60,72.0
61,56.0
61,58.0
61,57.0
61,0.0
62,56.0
62,58.0
62,57.0
62,0.0
63,56.0
63,58.0
63,57.0
63,0.0
64,56.0
64,58.0
64,57.0
64,0.0
65,56.0
65,58.0
65,57.0
65,0.0
66,56.0
66,58.0
66,57.0
66,0.0
67,56.0
67,58.0
67,57.0
67,0.0
68,56.0
68,58.0
68,57.0
68,0.0
69,56.0
69,58.0
69,57.0
69,0.0
70,56.0
70,58.0
70,57.0
70,0.0
71,56.0
71,58.0
71,57.0
72,56.0
72,58.0
72,57.0
72,0.0
73,56.0
73,58.0
73,57.0
73,0.0
74,56.0
74,58.0
74,57.0
74,72.0
75,56.0
75,58.0
75,57.0
75,72.0
76,56.0
76,58.0
76,57.0
76,72.0
76,0.0
77,56.0
77,58.0
77,57.0
77,72.0
77,58.0
78,56.0
78,58.0
78,57.0
78,72.0
79,56.0
79,58.0
79,57.0
79,72.0
80,56.0
80,58.0
80,57.0
80,72.0
80,58.0
81,56.0
81,58.0
81,57.0
81,72.0
81,0.0
82,56.0
82,58.0
82,57.0
82,0.0
82,72.0
83,56.0
83,58.0
83,57.0
83,0.0
83,72.0
84,56.0
84,58.0
84,57.0
84,0.0
84,72.0
85,56.0
85,58.0
85,57.0
85,0.0
85,72.0
86,56.0
86,58.0
86,57.0
86,0.0
86,72.0
87,56.0
87,58.0
87,57.0
87,0.0
87,72.0
88,56.0
88,58.0
88,57.0
88,0.0
88,72.0
89,56.0
89,58.0
89,57.0
89,0.0
89,72.0
90,56.0
90,58.0
90,57.0
91,56.0
91,57.0
91,58.0
91,0.0
92,56.0
92,58.0
92,57.0
92,0.0
93,56.0
93,58.0
93,57.0
93,0.0
94,56.0
94,58.0
94,57.0
94,0.0
94,72.0
95,56.0
95,58.0
95,57.0
95,0.0
95,72.0
96,56.0
96,58.0
96,57.0
96,0.0
96,72.0
97,56.0
97,58.0
97,57.0
97,0.0
97,72.0
98,56.0
98,58.0
98,57.0
98,0.0
98,72.0
99,56.0
99,58.0
99,57.0
99,0.0
99,72.0
100,56.0
100,58.0
100,57.0
100,0.0
100,72.0
101,56.0
101,58.0
101,57.0
101,0.0
101,72.0
101,58.0
102,56.0
102,58.0
102,57.0
102,0.0
102,72.0
103,56.0
103,58.0
103,57.0
103,72.0
104,56.0
104,58.0
104,57.0
104,72.0
105,56.0
105,58.0
105,57.0
106,56.0
106,58.0
106,57.0
107,56.0
107,58.0
107,57.0
108,56.0
108,58.0
108,57.0
109,56.0
109,58.0
109,57.0
110,56.0
110,58.0
110,57.0
110,72.0
111,56.0
111,58.0
111,57.0
112,56.0
112,58.0
112,57.0
113,56.0
113,58.0
113,57.0
114,56.0
114,57.0
114,58.0
115,56.0
115,57.0
115,58.0
116,56.0
116,57.0
116,58.0
117,56.0
117,57.0
117,58.0
118,56.0
118,57.0
118,58.0
119,56.0
119,57.0
119,58.0
120,56.0
120,57.0
120,58.0
121,56.0
121,57.0
121,58.0
122,56.0
122,58.0
122,57.0
123,56.0
123,58.0
123,57.0
124,56.0
124,58.0
124,57.0
124,72.0
125,56.0
125,57.0
125,58.0
125,72.0
126,56.0
126,0.0
126,57.0
126,58.0
126,72.0
127,0.0
127,56.0
127,57.0
127,58.0
128,0.0
128,56.0
128,57.0
128,58.0
129,0.0
129,56.0
129,57.0
129,58.0
130,0.0
130,56.0
130,58.0
130,57.0
131,0.0
131,56.0
131,57.0
131,58.0
131,72.0
132,0.0
132,56.0
132,57.0
132,58.0
132,72.0
133,0.0
133,56.0
133,57.0
133,58.0
133,72.0
134,0.0
134,56.0
134,57.0
134,58.0
134,72.0
135,0.0
135,56.0
135,57.0
135,58.0
135,72.0
136,0.0
136,56.0
136,57.0
136,58.0
136,72.0
137,56.0
137,0.0
137,57.0
137,58.0
137,72.0
138,56.0
138,0.0
138,57.0
138,58.0
138,72.0
139,56.0
139,0.0
139,57.0
139,58.0
139,72.0
140,56.0
140,0.0
140,57.0
140,58.0
140,72.0
141,56.0
141,0.0
141,57.0
141,58.0
141,72.0
142,56.0
142,0.0
142,57.0
142,58.0
142,72.0
143,0.0
143,56.0
143,57.0
143,58.0
143,72.0
144,0.0
144,56.0
144,57.0
144,72.0
144,58.0
145,0.0
145,56.0
145,57.0
145,72.0
145,58.0
146,0.0
146,56.0
146,57.0
146,72.0
146,58.0
147,0.0
147,56.0
147,57.0
147,72.0
147,58.0
148,0.0
148,56.0
148,57.0
148,72.0
148,58.0
148,58.0
149,0.0
149,56.0
149,57.0
149,72.0
149,58.0
149,58.0
150,0.0
150,56.0
150,57.0
150,72.0
150,58.0
150,58.0
151,56.0
151,0.0
151,57.0
151,72.0
151,58.0
152,0.0
152,56.0
152,57.0
152,72.0
152,58.0
153,56.0
153,0.0
153,57.0
153,72.0
153,58.0
153,58.0
154,0.0
154,56.0
154,57.0
154,72.0
154,58.0
155,0.0
155,56.0
155,57.0
155,72.0
155,58.0
156,0.0
156,56.0
156,57.0
156,72.0
156,58.0
157,0.0
157,56.0
157,57.0
157,72.0
157,58.0
158,0.0
158,56.0
158,57.0
158,72.0
158,58.0
159,0.0
159,56.0
159,57.0
159,58.0
159,72.0
160,0.0
160,56.0
160,57.0
160,58.0
161,0.0
161,56.0
161,57.0
162,0.0
162,56.0
162,57.0
163,0.0
163,56.0
163,57.0
164,0.0
164,56.0
164,57.0
165,0.0
165,56.0
165,57.0
166,0.0
166,56.0
166,57.0
167,0.0
167,56.0
167,57.0
168,0.0
168,56.0
168,57.0
169,0.0
169,56.0
169,57.0
170,0.0
170,56.0
170,57.0
171,0.0
171,56.0
171,57.0
172,0.0
172,56.0
172,57.0
173,0.0
173,56.0
173,57.0
174,0.0
174,56.0
174,57.0
175,0.0
175,56.0
175,57.0
176,0.0
176,56.0
176,57.0
177,0.0
177,56.0
177,57.0
177,58.0
178,0.0
178,56.0
178,57.0
178,58.0
179,0.0
179,56.0
179,57.0
180,0.0
180,56.0
180,57.0
180,58.0
181,0.0
181,56.0
181,57.0
181,58.0
182,0.0
182,56.0
182,57.0
183,0.0
183,56.0
183,57.0
183,58.0
184,0.0
184,56.0
184,57.0
185,0.0
185,56.0
185,57.0
186,0.0
186,56.0
186,57.0
186,58.0
187,0.0
187,56.0
187,57.0
187,58.0
188,0.0
188,56.0
188,57.0
188,58.0
189,0.0
189,56.0
189,57.0
190,0.0
190,56.0
190,57.0
190,58.0
191,0.0
191,56.0
191,57.0
191,58.0
192,0.0
192,56.0
192,57.0
192,58.0
193,0.0
193,56.0
193,57.0
193,58.0
194,0.0
194,56.0
194,57.0
194,58.0
195,0.0
195,56.0
195,57.0
195,58.0
196,0.0
196,56.0
196,57.0
196,58.0
197,0.0
197,56.0
197,57.0
197,58.0
198,0.0
198,56.0
198,57.0
199,56.0
199,0.0
199,57.0
200,56.0
200,0.0
200,57.0
201,56.0
201,0.0
201,57.0
202,0.0
202,56.0
202,57.0
202,58.0
203,0.0
203,56.0
203,57.0
203,58.0
204,0.0
204,56.0
204,57.0
204,58.0
205,0.0
205,56.0
205,57.0
205,58.0
206,0.0
206,56.0
206,57.0
206,58.0
207,0.0
207,56.0
207,57.0
208,0.0
208,56.0
208,57.0
209,0.0
209,56.0
209,57.0
210,0.0
210,56.0
210,57.0
210,58.0
211,0.0
211,56.0
211,57.0
212,0.0
212,56.0
212,57.0
212,58.0
213,0.0
213,56.0
213,57.0
213,58.0
214,0.0
214,56.0
214,57.0
214,58.0
215,0.0
215,56.0
215,57.0
215,58.0
216,0.0
216,56.0
216,57.0
216,58.0
217,0.0
217,56.0
217,57.0
217,58.0
218,0.0
218,56.0
218,57.0
219,0.0
219,56.0
219,57.0
220,0.0
220,56.0
220,57.0
221,0.0
221,56.0
221,57.0
222,0.0
222,56.0
222,57.0
223,0.0
223,56.0
223,57.0
224,0.0
224,56.0
224,57.0
225,0.0
225,56.0
225,57.0
225,58.0
226,0.0
226,56.0
226,57.0
226,58.0
227,0.0
227,56.0
227,57.0
227,58.0
228,0.0
228,56.0
228,57.0
228,58.0
229,0.0
229,56.0
229,57.0
229,58.0
230,0.0
230,56.0
230,57.0
230,58.0
231,0.0
231,56.0
231,57.0
232,0.0
232,56.0
232,57.0
233,0.0
233,56.0
233,57.0
233,58.0
234,0.0
234,56.0
234,57.0
234,58.0
235,0.0
235,56.0
235,57.0
235,58.0
236,0.0
236,56.0
236,57.0
236,58.0
237,0.0
237,56.0
237,57.0
237,58.0
238,0.0
238,56.0
238,57.0
238,58.0
239,0.0
239,56.0
239,57.0
239,58.0
239,72.0
240,0.0
240,56.0
240,57.0
240,58.0
240,72.0
241,0.0
241,56.0
241,57.0
242,0.0
242,56.0
242,57.0
242,58.0
243,0.0
243,56.0
243,57.0
243,58.0
244,0.0
244,56.0
244,57.0
244,58.0
245,0.0
245,56.0
245,57.0
246,0.0
246,56.0
246,57.0
247,0.0
247,56.0
247,57.0
248,56.0
248,0.0
248,57.0
249,0.0
249,56.0
249,57.0
250,0.0
250,56.0
250,57.0
251,0.0
251,56.0
251,57.0
252,0.0
252,56.0
252,57.0
253,56.0
253,0.0
253,57.0
254,56.0
254,0.0
254,57.0
255,56.0
255,0.0
255,57.0
256,56.0
256,0.0
256,57.0
257,56.0
257,0.0
257,57.0
258,56.0
258,0.0
258,57.0
259,56.0
259,0.0
259,57.0
259,58.0
260,56.0
260,0.0
260,57.0
260,58.0
261,56.0
261,0.0
261,57.0
262,56.0
262,0.0
262,57.0
263,56.0
263,0.0
263,57.0
264,56.0
264,0.0
264,57.0
265,56.0
265,0.0
265,57.0
266,0.0
266,56.0
266,57.0
267,0.0
267,56.0
267,57.0
268,0.0
268,56.0
268,57.0
269,0.0
269,56.0
269,57.0
270,0.0
270,56.0
270,57.0
271,0.0
271,56.0
271,57.0
272,0.0
272,56.0
272,57.0
273,0.0
273,56.0
273,57.0
274,0.0
274,56.0
274,57.0
275,0.0
275,56.0
275,57.0
276,0.0
276,56.0
276,57.0
276,58.0
277,0.0
277,56.0
277,57.0
277,58.0
278,0.0
278,56.0
278,57.0
278,58.0
279,56.0
279,0.0
279,57.0
279,0.0
279,58.0
280,56.0
280,0.0
280,57.0
280,0.0
280,58.0
281,56.0
281,0.0
281,0.0
281,57.0
281,58.0
282,0.0
282,56.0
282,0.0
282,57.0
283,56.0
283,0.0
283,0.0
283,57.0
284,0.0
284,56.0
284,57.0
284,0.0
285,0.0
285,56.0
285,57.0
285,0.0
286,0.0
286,56.0
286,57.0
286,0.0
287,0.0
287,56.0
287,57.0
288,0.0
288,56.0
288,57.0
288,0.0
288,58.0
289,0.0
289,56.0
289,57.0
289,0.0
289,58.0
290,0.0
290,56.0
290,57.0
290,58.0
291,0.0
291,56.0
291,0.0
291,57.0
291,58.0
292,0.0
292,56.0
292,0.0
292,57.0
292,58.0
293,0.0
293,56.0
293,0.0
293,57.0
294,0.0
294,56.0
294,0.0
294,57.0
295,0.0
295,56.0
295,0.0
295,57.0
296,0.0
296,56.0
296,0.0
296,57.0
297,0.0
297,56.0
297,0.0
297,57.0
298,0.0
298,56.0
298,0.0
298,57.0
299,0.0
299,56.0
299,57.0
299,0.0
300,0.0
300,56.0
300,0.0
300,57.0
301,0.0
301,56.0
301,57.0
301,0.0
302,0.0
302,56.0
302,57.0
302,0.0
303,0.0
303,56.0
303,57.0
303,0.0
304,0.0
304,56.0
304,57.0
304,0.0
305,0.0
305,56.0
305,57.0
305,0.0
306,0.0
306,56.0
306,57.0
306,0.0
307,0.0
307,56.0
307,57.0
307,0.0
308,0.0
308,56.0
308,57.0
308,0.0
309,0.0
309,56.0
309,57.0
309,0.0
310,56.0
310,0.0
310,57.0
310,0.0
311,56.0
311,0.0
311,57.0
311,0.0
312,56.0
312,0.0
312,57.0
312,0.0
313,56.0
313,0.0
313,57.0
313,0.0
314,56.0
314,0.0
314,57.0
315,56.0
315,0.0
315,57.0
316,56.0
316,0.0
316,57.0
317,0.0
317,56.0
317,57.0
318,56.0
318,0.0
318,57.0
319,56.0
319,0.0
319,57.0
320,56.0
320,0.0
320,57.0
321,56.0
321,0.0
321,57.0
322,56.0
322,0.0
322,57.0
323,56.0
323,0.0
323,57.0
324,0.0
324,56.0
324,57.0
324,72.0
325,56.0
325,0.0
325,57.0
326,56.0
326,0.0
326,57.0
327,56.0
327,0.0
327,57.0
328,56.0
328,0.0
328,57.0
328,58.0
329,56.0
329,0.0
329,57.0
329,58.0
330,56.0
330,0.0
330,57.0
331,56.0
331,0.0
331,57.0
332,56.0
332,0.0
332,57.0
332,58.0
333,56.0
333,0.0
333,57.0
334,56.0
334,0.0
334,57.0
335,0.0
335,56.0
335,57.0
336,0.0
336,56.0
336,57.0
337,0.0
337,56.0
337,57.0
337,58.0
338,0.0
338,56.0
338,57.0
339,0.0
339,56.0
339,57.0
340,56.0
340,0.0
340,57.0
340,58.0
341,0.0
341,56.0
341,57.0
342,0.0
342,56.0
342,57.0
343,0.0
343,56.0
343,57.0
344,0.0
344,56.0
344,57.0
345,0.0
345,56.0
345,57.0
346,0.0
346,56.0
346,57.0
347,0.0
347,56.0
347,57.0
348,0.0
348,56.0
348,57.0
349,0.0
349,56.0
349,57.0
350,0.0
350,56.0
350,57.0
351,0.0
351,56.0
351,57.0
352,0.0
352,56.0
352,57.0
353,0.0
353,56.0
353,57.0
354,0.0
354,56.0
354,57.0
355,0.0
355,56.0
355,57.0
356,0.0
356,56.0
356,57.0
357,0.0
357,56.0
357,57.0
358,0.0
358,56.0
358,57.0
359,0.0
359,56.0
359,57.0
360,0.0
360,56.0
360,57.0
361,0.0
361,56.0
361,57.0
362,0.0
362,56.0
362,57.0
363,0.0
363,56.0
363,57.0
364,0.0
364,56.0
364,57.0
365,0.0
365,56.0
365,57.0
366,0.0
366,56.0
366,57.0
367,0.0
367,56.0
367,57.0
368,56.0
368,0.0
368,57.0
369,56.0
369,0.0
369,57.0
370,56.0
370,0.0
370,57.0
371,0.0
371,56.0
371,57.0
371,58.0
372,0.0
372,56.0
372,57.0
372,58.0
373,0.0
373,56.0
373,57.0
374,0.0
374,56.0
374,57.0
375,0.0
375,56.0
375,57.0
376,56.0
376,0.0
376,57.0
377,0.0
377,56.0
377,57.0
378,56.0
378,0.0
378,57.0
379,0.0
379,56.0
379,57.0
380,0.0
380,56.0
380,57.0
381,0.0
381,56.0
381,57.0
382,0.0
382,56.0
382,57.0
383,0.0
383,56.0
383,57.0
384,0.0
384,56.0
384,57.0
385,0.0
385,56.0
385,57.0
386,56.0
386,0.0
386,57.0
387,56.0
387,0.0
387,57.0
388,56.0
388,0.0
388,57.0
389,0.0
389,56.0
389,57.0
390,0.0
390,56.0
390,57.0
391,0.0
391,56.0
391,57.0
392,0.0
392,56.0
392,57.0
393,0.0
393,56.0
393,57.0
394,0.0
394,56.0
394,57.0
395,0.0
395,56.0
395,57.0
396,0.0
396,56.0
396,57.0
397,0.0
397,56.0
397,57.0
398,0.0
398,56.0
398,57.0
399,0.0
399,56.0
399,57.0
400,0.0
400,56.0
400,57.0
401,0.0
401,56.0
401,57.0
402,0.0
402,56.0
402,57.0
403,0.0
403,56.0
403,57.0
404,0.0
404,56.0
404,57.0
405,0.0
405,56.0
405,57.0
406,0.0
406,56.0
406,57.0
407,0.0
407,56.0
407,57.0
408,0.0
408,56.0
408,57.0
409,0.0
409,56.0
409,57.0
410,0.0
410,56.0
410,57.0
411,0.0
411,56.0
411,57.0
412,0.0
412,56.0
412,57.0
413,0.0
413,56.0
413,57.0
414,0.0
414,56.0
414,57.0
415,0.0
415,56.0
415,57.0
416,0.0
416,56.0
416,57.0
417,0.0
417,56.0
417,57.0
418,0.0
418,56.0
418,57.0
419,0.0
419,56.0
419,57.0
420,0.0
420,56.0
420,57.0
421,0.0
421,56.0
421,57.0
422,0.0
422,56.0
422,57.0
422,58.0
423,0.0
423,56.0
423,57.0
423,58.0
424,0.0
424,56.0
424,57.0
424,72.0
424,58.0
425,0.0
425,56.0
425,57.0
425,58.0
425,72.0
426,0.0
426,56.0
426,57.0
426,0.0
426,72.0
427,0.0
427,56.0
427,57.0
427,0.0
428,0.0
428,56.0
428,57.0
428,0.0
428,58.0
429,0.0
429,56.0
429,57.0
429,58.0
430,0.0
430,56.0
430,57.0
431,0.0
431,56.0
431,57.0
432,0.0
432,56.0
432,57.0
433,0.0
433,56.0
433,57.0
433,0.0
433,58.0
434,0.0
434,56.0
434,0.0
434,57.0
434,58.0
435,0.0
435,56.0
435,57.0
435,0.0
436,0.0
436,56.0
436,57.0
436,0.0
437,0.0
437,56.0
437,57.0
438,0.0
438,56.0
438,57.0
439,0.0
439,56.0
439,57.0
440,0.0
440,56.0
440,57.0
440,58.0
441,0.0
441,56.0
441,57.0
442,0.0
442,56.0
442,57.0
442,58.0
443,0.0
443,56.0
443,57.0
443,58.0
444,0.0
444,56.0
444,57.0
444,58.0
445,0.0
445,56.0
445,57.0
446,0.0
446,56.0
446,57.0
447,0.0
447,56.0
447,57.0
448,0.0
448,56.0
448,57.0
449,0.0
449,56.0
449,57.0
449,58.0
450,0.0
450,56.0
450,57.0
450,58.0
451,0.0
451,56.0
451,57.0
451,58.0
452,0.0
452,56.0
452,57.0
452,58.0
453,0.0
453,56.0
453,57.0
453,58.0
454,0.0
454,56.0
454,57.0
454,58.0
455,0.0
455,56.0
455,57.0
455,58.0
456,0.0
456,56.0
456,57.0
456,58.0
457,0.0
457,56.0
457,57.0
457,58.0
458,0.0
458,56.0
458,57.0
458,58.0
458,72.0
459,0.0
459,56.0
459,57.0
459,58.0
460,0.0
460,56.0
460,57.0
460,72.0
460,58.0
461,0.0
461,56.0
461,57.0
461,72.0
461,58.0
462,0.0
462,56.0
462,57.0
462,72.0
463,0.0
463,56.0
463,57.0
463,72.0
464,0.0
464,56.0
464,57.0
464,72.0
465,0.0
465,56.0
465,57.0
465,72.0
466,0.0
466,56.0
466,57.0
467,0.0
467,56.0
467,57.0
468,0.0
468,56.0
468,57.0
469,0.0
469,56.0
469,57.0
470,0.0
470,56.0
470,57.0
471,0.0
471,56.0
471,57.0
472,0.0
472,56.0
472,57.0
473,0.0
473,56.0
473,57.0
474,0.0
474,56.0
474,57.0
475,0.0
475,56.0
475,57.0
476,0.0
476,56.0
476,57.0
476,58.0
477,0.0
477,56.0
477,57.0
477,58.0
478,0.0
478,56.0
478,57.0
478,58.0
479,0.0
479,56.0
479,57.0
479,58.0
480,0.0
480,56.0
480,57.0
480,58.0
481,0.0
481,56.0
481,57.0
481,58.0
482,0.0
482,56.0
482,57.0
482,58.0
483,0.0
483,56.0
483,57.0
484,0.0
484,56.0
484,57.0
485,0.0
485,56.0
485,57.0
485,58.0
486,0.0
486,56.0
486,57.0
487,0.0
487,56.0
487,57.0
487,58.0
488,0.0
488,56.0
488,57.0
488,58.0
489,0.0
489,56.0
489,57.0
489,58.0
490,0.0
490,56.0
490,57.0
490,58.0
491,0.0
491,56.0
491,57.0
491,58.0
492,0.0
492,56.0
492,57.0
492,58.0
493,0.0
493,56.0
493,57.0
493,58.0
494,0.0
494,56.0
494,57.0
495,0.0
495,56.0
495,57.0
496,0.0
496,56.0
496,57.0
496,58.0
497,0.0
497,56.0
497,57.0
498,0.0
498,56.0
498,57.0
498,58.0
499,0.0
499,56.0
499,57.0
499,58.0
500,0.0
500,56.0
500,57.0
500,58.0
501,0.0
501,56.0
501,57.0
501,58.0
502,0.0
502,56.0
502,57.0
502,58.0
503,0.0
503,56.0
503,57.0
503,58.0
504,0.0
504,56.0
504,57.0
504,58.0
505,0.0
505,56.0
505,57.0
506,0.0
506,56.0
506,57.0
507,0.0
507,56.0
507,57.0
508,0.0
508,56.0
508,57.0
509,0.0
509,56.0
509,57.0
510,0.0
510,56.0
510,57.0
511,0.0
511,56.0
511,57.0
512,0.0
512,56.0
512,57.0
513,0.0
513,56.0
513,57.0
514,0.0
514,56.0
514,57.0
515,0.0
515,56.0
515,57.0
516,0.0
516,56.0
516,57.0
517,0.0
517,56.0
517,57.0
518,0.0
518,56.0
518,57.0
519,0.0
519,56.0
519,57.0
520,0.0
520,56.0
520,57.0
521,0.0
521,56.0
521,57.0
522,0.0
522,56.0
522,57.0
523,0.0
523,56.0
523,57.0
524,0.0
524,56.0
524,57.0
525,0.0
525,56.0
525,57.0
525,58.0
526,0.0
526,56.0
526,57.0
526,58.0
527,0.0
527,56.0
527,57.0
528,0.0
528,56.0
528,57.0
529,0.0
529,56.0
529,57.0
530,0.0
530,56.0
530,57.0
531,0.0
531,56.0
531,57.0
532,56.0
532,0.0
532,57.0
533,0.0
533,56.0
533,57.0
534,0.0
534,56.0
534,57.0
535,56.0
535,0.0
535,57.0
536,56.0
536,0.0
536,57.0
537,56.0
537,0.0
537,57.0
538,56.0
538,0.0
538,57.0
539,56.0
539,0.0
539,57.0
540,56.0
540,0.0
540,57.0
541,56.0
541,0.0
541,57.0
542,56.0
542,0.0
542,57.0
543,56.0
543,0.0
543,57.0
544,56.0
544,0.0
544,57.0
545,56.0
545,0.0
545,57.0
546,56.0
546,0.0
546,57.0
547,56.0
547,0.0
547,57.0
548,56.0
548,0.0
548,57.0
549,56.0
549,0.0
549,57.0
550,56.0
550,0.0
550,57.0
551,56.0
551,0.0
551,57.0
552,56.0
552,0.0
552,57.0
553,56.0
553,0.0
553,57.0
554,56.0
554,0.0
554,57.0
555,56.0
555,0.0
555,57.0
556,56.0
556,0.0
556,57.0
557,56.0
557,0.0
557,57.0
558,56.0
558,0.0
558,57.0
559,56.0
559,0.0
559,57.0
560,56.0
560,0.0
560,57.0
561,56.0
561,0.0
561,57.0
561,58.0
562,56.0
562,0.0
562,57.0
562,58.0
563,56.0
563,0.0
563,57.0
563,58.0
564,56.0
564,0.0
564,57.0
564,58.0
565,56.0
565,0.0
565,57.0
565,58.0
566,56.0
566,0.0
566,57.0
566,58.0
567,56.0
567,0.0
567,57.0
567,58.0
568,56.0
568,0.0
568,57.0
568,58.0
569,56.0
569,0.0
569,57.0
569,58.0
570,56.0
570,0.0
570,57.0
570,58.0
571,56.0
571,0.0
571,57.0
571,58.0
572,56.0
572,0.0
572,57.0
572,58.0
573,56.0
573,0.0
573,57.0
573,58.0
574,56.0
574,0.0
574,57.0
574,58.0
575,56.0
575,0.0
575,57.0
575,58.0
576,56.0
576,0.0
576,57.0
577,56.0
577,0.0
577,57.0
577,58.0
578,56.0
578,0.0
578,57.0
578,58.0
579,56.0
579,0.0
579,57.0
579,58.0
580,56.0
580,0.0
580,57.0
580,58.0
581,56.0
581,0.0
581,57.0
581,58.0
582,56.0
582,0.0
582,57.0
582,58.0
583,56.0
583,0.0
583,57.0
584,56.0
584,0.0
584,57.0
584,58.0
585,56.0
585,0.0
585,57.0
585,58.0
586,56.0
586,0.0
586,57.0
587,56.0
587,0.0
587,57.0
587,58.0
588,56.0
588,0.0
588,57.0
589,56.0
589,0.0
589,57.0
589,58.0
590,56.0
590,0.0
590,57.0
590,58.0
591,56.0
591,0.0
591,57.0
591,58.0
592,56.0
592,0.0
592,57.0
592,58.0
593,56.0
593,0.0
593,57.0
593,58.0
594,56.0
594,0.0
594,57.0
594,58.0
595,56.0
595,0.0
595,57.0
595,58.0
596,56.0
596,0.0
596,57.0
596,58.0
597,56.0
597,0.0
597,57.0
597,58.0
598,56.0
598,0.0
598,57.0
598,58.0
599,0.0
599,56.0
599,57.0
599,58.0
600,0.0
600,56.0
600,57.0
600,58.0
601,56.0
601,0.0
601,57.0
601,58.0
602,56.0
602,0.0
602,57.0
602,58.0
603,56.0
603,0.0
603,57.0
603,58.0
604,0.0
604,56.0
604,57.0
604,58.0
605,0.0
605,56.0
605,57.0
605,58.0
606,56.0
606,0.0
606,57.0
606,58.0
607,0.0
607,56.0
607,57.0
607,58.0
608,0.0
608,56.0
608,57.0
608,58.0
609,0.0
609,56.0
609,57.0
609,58.0
610,0.0
610,56.0
610,57.0
610,58.0
611,0.0
611,56.0
611,57.0
611,58.0
612,0.0
612,56.0
612,57.0
612,58.0
613,0.0
613,56.0
613,57.0
614,0.0
614,56.0
614,57.0
615,56.0
615,0.0
615,57.0
616,56.0
616,0.0
616,57.0
616,72.0
617,0.0
617,56.0
617,57.0
618,0.0
618,56.0
618,57.0
619,0.0
619,56.0
619,57.0
620,0.0
620,56.0
620,57.0
621,0.0
621,56.0
621,57.0
622,0.0
622,56.0
622,57.0
623,0.0
623,56.0
623,57.0
624,0.0
624,56.0
624,57.0
625,0.0
625,56.0
625,57.0
626,0.0
626,56.0
626,57.0
626,58.0
627,0.0
627,56.0
627,57.0
627,58.0
628,0.0
628,56.0
628,57.0
628,58.0
629,0.0
629,56.0
629,57.0
629,58.0
630,0.0
630,56.0
630,57.0
631,0.0
631,56.0
631,57.0
632,0.0
632,56.0
632,57.0
633,0.0
633,56.0
633,57.0
633,72.0
633,58.0
634,0.0
634,56.0
634,57.0
634,58.0
635,0.0
635,56.0
635,57.0
635,58.0
636,0.0
636,56.0
636,57.0
636,58.0
637,0.0
637,56.0
637,57.0
637,58.0
638,0.0
638,56.0
638,57.0
638,58.0
638,72.0
639,0.0
639,56.0
639,57.0
639,58.0
639,72.0
640,0.0
640,56.0
640,57.0
640,58.0
640,72.0
641,0.0
641,56.0
641,57.0
641,58.0
642,0.0
642,56.0
642,57.0
642,58.0
643,0.0
643,56.0
643,57.0
644,0.0
644,56.0
644,57.0
645,0.0
645,56.0
645,57.0
646,0.0
646,56.0
646,57.0
646,39.0
647,0.0
647,56.0
647,57.0
647,72.0
648,0.0
648,56.0
648,57.0
648,72.0
649,0.0
649,56.0
649,57.0
650,0.0
650,56.0
650,57.0
651,0.0
651,56.0
651,57.0
652,0.0
652,56.0
652,57.0
653,0.0
653,56.0
653,57.0
654,0.0
654,56.0
654,57.0
655,0.0
655,56.0
655,57.0
656,0.0
656,56.0
656,57.0
657,0.0
657,56.0
657,57.0
658,0.0
658,56.0
658,57.0
659,0.0
659,56.0
659,57.0
660,0.0
660,56.0
660,57.0
661,0.0
661,56.0
661,57.0
662,0.0
662,56.0
662,57.0
662,72.0
663,0.0
663,56.0
663,57.0
663,72.0
664,0.0
664,56.0
664,57.0
665,0.0
665,56.0
665,57.0
666,0.0
666,56.0
666,57.0
667,0.0
667,56.0
667,57.0
668,0.0
668,56.0
668,57.0
669,0.0
669,56.0
669,57.0
670,0.0
670,56.0
670,57.0
671,0.0
671,56.0
671,57.0
672,0.0
672,56.0
672,57.0
672,72.0
673,0.0
673,56.0
673,57.0
673,72.0
674,0.0
674,56.0
674,57.0
674,72.0
675,0.0
675,56.0
675,57.0
675,72.0
676,0.0
676,56.0
676,57.0
677,0.0
677,56.0
677,57.0
678,0.0
678,56.0
678,57.0
679,0.0
679,56.0
679,57.0
680,0.0
680,56.0
680,57.0
681,0.0
681,56.0
681,57.0
682,0.0
682,56.0
682,57.0
682,58.0
683,0.0
683,56.0
683,57.0
684,0.0
684,56.0
684,57.0
685,0.0
685,56.0
685,57.0
686,0.0
686,56.0
686,57.0
687,0.0
687,56.0
687,57.0
688,0.0
688,56.0
688,57.0
688,72.0
689,0.0
689,56.0
689,57.0
689,72.0
690,56.0
690,0.0
690,57.0
690,72.0
691,56.0
691,0.0
691,57.0
692,56.0
692,0.0
692,57.0
693,56.0
693,0.0
693,57.0
694,56.0
694,0.0
694,57.0
695,0.0
695,56.0
695,57.0
696,56.0
696,0.0
696,57.0
697,56.0
697,0.0
697,57.0
698,0.0
698,56.0
698,57.0
699,0.0
699,56.0
699,57.0
699,58.0
700,0.0
700,56.0
700,57.0
700,58.0
701,0.0
701,56.0
701,57.0
701,58.0
702,0.0
702,56.0
702,57.0
703,0.0
703,56.0
703,57.0
704,0.0
704,56.0
704,57.0
705,0.0
705,56.0
705,57.0
706,0.0
706,56.0
706,57.0
706,58.0
707,0.0
707,56.0
707,57.0
707,58.0
708,0.0
708,56.0
708,57.0
708,58.0
709,0.0
709,56.0
709,57.0
709,58.0
710,0.0
710,56.0
710,57.0
710,58.0
711,0.0
711,56.0
711,57.0
711,58.0
712,0.0
712,56.0
712,57.0
712,58.0
713,0.0
713,56.0
713,57.0
713,58.0
714,0.0
714,56.0
714,57.0
714,58.0
715,0.0
715,56.0
715,57.0
715,58.0
716,0.0
716,56.0
716,57.0
716,58.0
717,0.0
717,56.0
717,57.0
717,58.0
718,0.0
718,56.0
718,57.0
719,0.0
719,56.0
719,57.0
719,58.0
720,0.0
720,56.0
720,57.0
721,0.0
721,56.0
721,57.0
721,58.0
722,0.0
722,56.0
722,57.0
722,58.0
723,0.0
723,56.0
723,57.0
723,58.0
724,0.0
724,56.0
724,57.0
724,58.0
725,0.0
725,56.0
725,57.0
725,58.0
726,0.0
726,56.0
726,57.0
727,0.0
727,56.0
727,57.0
727,58.0
728,0.0
728,56.0
728,57.0
728,58.0
729,0.0
729,56.0
729,57.0
730,0.0
730,56.0
730,57.0
731,0.0
731,56.0
731,57.0
731,58.0
732,0.0
732,56.0
732,57.0
733,0.0
733,56.0
733,57.0
734,0.0
734,56.0
734,57.0
735,0.0
735,56.0
735,57.0
736,0.0
736,56.0
736,57.0
737,0.0
737,56.0
737,57.0
737,58.0
738,0.0
738,56.0
738,57.0
739,0.0
739,56.0
739,57.0
740,0.0
740,56.0
740,57.0
740,58.0
741,56.0
741,0.0
741,57.0
741,58.0
742,56.0
742,0.0
742,57.0
742,58.0
743,56.0
743,0.0
743,57.0
743,58.0
744,56.0
744,0.0
744,57.0
745,56.0
745,0.0
745,57.0
746,56.0
746,0.0
746,57.0
747,0.0
747,56.0
747,57.0
748,0.0
748,56.0
748,57.0
749,56.0
749,0.0
749,57.0
750,56.0
750,0.0
750,57.0
751,56.0
751,0.0
751,57.0
752,56.0
752,0.0
752,57.0
753,56.0
753,0.0
753,57.0
754,56.0
754,0.0
754,57.0
755,0.0
755,56.0
755,57.0
756,0.0
756,56.0
756,57.0
757,0.0
757,56.0
757,57.0
758,0.0
758,56.0
758,57.0
759,0.0
759,56.0
759,57.0
760,0.0
760,56.0
760,57.0
761,0.0
761,56.0
761,57.0
762,0.0
762,56.0
762,57.0
763,0.0
763,56.0
763,57.0
764,0.0
764,56.0
764,57.0
765,56.0
765,0.0
765,57.0
766,56.0
766,0.0
766,57.0
766,72.0
767,56.0
767,0.0
767,57.0
767,72.0
768,56.0
768,0.0
768,57.0
768,72.0
769,56.0
769,0.0
769,57.0
769,72.0
770,0.0
770,56.0
770,57.0
770,72.0
771,0.0
771,56.0
771,57.0
771,72.0
772,56.0
772,0.0
772,57.0
773,0.0
773,56.0
773,57.0
774,56.0
774,0.0
774,57.0
775,0.0
775,56.0
775,57.0
776,0.0
776,56.0
776,57.0
777,0.0
777,56.0
777,57.0
778,0.0
778,56.0
778,57.0
779,0.0
779,56.0
779,57.0
780,0.0
780,56.0
780,57.0
781,0.0
781,56.0
781,57.0
782,0.0
782,56.0
782,57.0
783,0.0
783,56.0
783,57.0
784,0.0
784,56.0
784,57.0
785,0.0
785,56.0
785,57.0
786,0.0
786,56.0
786,57.0
787,0.0
787,56.0
787,57.0
788,0.0
788,56.0
788,57.0
789,0.0
789,56.0
789,57.0
790,0.0
790,56.0
790,57.0
791,0.0
791,56.0
791,57.0
792,0.0
792,56.0
792,57.0
793,0.0
793,56.0
793,57.0
794,0.0
794,56.0
794,57.0
795,0.0
795,56.0
795,57.0
796,0.0
796,56.0
796,57.0
797,0.0
797,56.0
797,57.0
798,0.0
798,56.0
798,57.0
798,58.0
799,0.0
799,56.0
799,57.0
799,58.0
800,0.0
800,56.0
800,57.0
801,0.0
801,56.0
801,57.0
801,58.0
802,0.0
802,56.0
802,57.0
803,0.0
803,56.0
803,57.0
804,0.0
804,56.0
804,57.0
804,58.0
805,0.0
805,56.0
805,57.0
805,58.0
806,0.0
806,56.0
806,57.0
806,58.0
807,0.0
807,56.0
807,57.0
807,58.0
808,0.0
808,56.0
808,57.0
808,58.0
809,0.0
809,56.0
809,57.0
809,58.0
810,0.0
810,56.0
810,57.0
811,0.0
811,56.0
811,57.0
812,0.0
812,56.0
812,57.0
813,0.0
813,56.0
813,57.0
813,58.0
814,0.0
814,56.0
814,57.0
814,58.0
815,0.0
815,56.0
815,57.0
816,0.0
816,56.0
816,57.0
817,0.0
817,56.0
817,57.0
818,0.0
818,56.0
818,57.0
819,0.0
819,56.0
819,57.0
820,0.0
820,56.0
820,57.0
821,0.0
821,56.0
821,57.0
822,0.0
822,56.0
822,57.0
823,0.0
823,56.0
823,57.0
824,0.0
824,56.0
824,57.0
825,0.0
825,56.0
825,57.0
826,0.0
826,56.0
826,57.0
827,0.0
827,56.0
827,57.0
828,0.0
828,56.0
828,57.0
829,0.0
829,56.0
829,57.0
830,0.0
830,56.0
830,57.0
831,0.0
831,56.0
831,57.0
832,0.0
832,56.0
832,57.0
833,0.0
833,56.0
833,57.0
834,0.0
834,56.0
834,57.0
834,72.0
835,0.0
835,56.0
835,57.0
835,72.0
836,0.0
836,56.0
836,57.0
836,72.0
836,58.0
837,0.0
837,56.0
837,57.0
837,72.0
837,58.0
838,0.0
838,56.0
838,57.0
838,72.0
838,58.0
839,0.0
839,56.0
839,57.0
840,0.0
840,56.0
840,57.0
840,58.0
841,0.0
841,56.0
841,57.0
842,0.0
842,56.0
842,57.0
843,0.0
843,56.0
843,57.0
844,0.0
844,56.0
844,57.0
844,0.0
845,0.0
845,56.0
845,57.0
845,0.0
846,0.0
846,56.0
846,57.0
846,0.0
847,0.0
847,56.0
847,57.0
847,0.0
848,0.0
848,56.0
848,57.0
848,0.0
849,0.0
849,56.0
849,57.0
849,0.0
850,56.0
850,0.0
850,0.0
850,57.0
851,56.0
851,0.0
851,0.0
851,57.0
852,56.0
852,0.0
852,0.0
852,57.0
853,56.0
853,0.0
853,0.0
853,57.0
854,56.0
854,0.0
854,0.0
854,57.0
855,56.0
855,0.0
855,0.0
855,57.0
856,56.0
856,0.0
856,0.0
856,57.0
856,58.0
857,56.0
857,0.0
857,0.0
857,57.0
858,56.0
858,0.0
858,0.0
858,57.0
859,56.0
859,0.0
859,0.0
859,57.0
860,56.0
860,0.0
860,0.0
860,57.0
860,72.0
861,56.0
861,0.0
861,0.0
861,57.0
861,58.0
862,56.0
862,0.0
862,0.0
862,57.0
862,58.0
863,56.0
863,0.0
863,0.0
863,57.0
863,58.0
864,56.0
864,0.0
864,0.0
864,57.0
864,72.0
865,56.0
865,0.0
865,0.0
865,57.0
866,0.0
866,56.0
866,0.0
866,57.0
867,0.0
867,56.0
867,57.0
867,0.0
868,0.0
868,56.0
868,57.0
868,0.0
869,0.0
869,56.0
869,57.0
869,0.0
869,58.0
870,0.0
870,56.0
870,57.0
870,0.0
871,0.0
871,56.0
871,57.0
871,0.0
872,56.0
872,0.0
872,57.0
873,0.0
873,56.0
873,57.0
874,0.0
874,56.0
874,57.0
874,0.0
875,0.0
875,56.0
875,57.0
875,0.0
876,0.0
876,56.0
876,57.0
876,0.0
877,56.0
877,0.0
877,57.0
878,56.0
878,0.0
878,57.0
879,56.0
879,0.0
879,57.0
880,0.0
880,56.0
880,57.0
881,0.0
881,56.0
881,57.0
882,0.0
882,56.0
882,57.0
883,56.0
883,0.0
883,57.0
883,58.0
884,56.0
884,0.0
884,57.0
884,58.0
885,56.0
885,0.0
885,57.0
885,58.0
886,56.0
886,0.0
886,57.0
887,0.0
887,56.0
887,57.0
888,56.0
888,0.0
888,57.0
889,0.0
889,56.0
889,57.0
890,0.0
890,56.0
890,57.0
891,56.0
891,0.0
891,57.0
892,0.0
892,56.0
892,57.0
893,0.0
893,56.0
893,57.0
894,0.0
894,56.0
894,57.0
895,0.0
895,56.0
895,57.0
896,0.0
896,56.0
896,57.0
897,0.0
897,56.0
897,57.0
898,0.0
898,56.0
898,57.0
899,56.0
899,0.0
899,57.0
900,56.0
900,0.0
900,57.0
901,56.0
901,0.0
901,57.0
902,56.0
902,0.0
902,57.0
903,56.0
903,0.0
903,57.0
904,56.0
904,0.0
904,57.0
905,56.0
905,0.0
905,57.0
906,56.0
906,0.0
906,57.0
906,58.0
907,56.0
907,0.0
907,57.0
908,56.0
908,0.0
908,57.0
908,58.0
909,56.0
909,0.0
909,57.0
909,58.0
910,56.0
910,0.0
910,57.0
910,58.0
911,56.0
911,0.0
911,57.0
911,58.0
912,56.0
912,0.0
912,57.0
912,58.0
913,56.0
913,0.0
913,57.0
913,58.0
914,56.0
914,0.0
914,57.0
914,58.0
915,56.0
915,0.0
915,57.0
915,58.0
916,56.0
916,0.0
916,57.0
916,58.0
917,56.0
917,0.0
917,57.0
917,58.0
918,56.0
918,0.0
918,57.0
918,58.0
919,56.0
919,0.0
919,57.0
919,58.0
920,56.0
920,0.0
920,57.0
920,58.0
921,0.0
921,56.0
921,57.0
921,58.0
922,0.0
922,56.0
922,57.0
922,58.0
923,0.0
923,56.0
923,57.0
923,58.0
924,0.0
924,56.0
924,57.0
924,58.0
925,56.0
925,0.0
925,57.0
925,58.0
926,0.0
926,56.0
926,57.0
926,58.0
927,0.0
927,56.0
927,57.0
927,58.0
928,56.0
928,0.0
928,57.0
928,58.0
929,56.0
929,0.0
929,57.0
929,58.0
