1,0.0
1,2.0
1,2.0
1,7.0
2,0.0
2,2.0
2,7.0
3,0.0
3,2.0
3,7.0
3,2.0
4,7.0
4,0.0
4,2.0
4,2.0
5,7.0
5,0.0
5,2.0
5,2.0
6,7.0
6,0.0
6,2.0
6,2.0
7,7.0
7,0.0
7,2.0
7,2.0
8,7.0
8,0.0
8,2.0
8,2.0
9,7.0
9,0.0
9,2.0
10,7.0
10,0.0
10,2.0
10,2.0
11,7.0
11,0.0
11,2.0
11,2.0
12,0.0
12,7.0
12,2.0
12,2.0
13,7.0
13,0.0
13,2.0
14,7.0
14,0.0
14,2.0
15,7.0
15,0.0
15,2.0
15,0.0
16,7.0
16,2.0
16,0.0
16,0.0
16,2.0
17,7.0
17,2.0
17,0.0
17,0.0
18,7.0
18,2.0
18,0.0
18,2.0
19,7.0
19,2.0
19,0.0
19,2.0
19,0.0
20,7.0
20,2.0
20,0.0
20,0.0
21,7.0
21,2.0
21,0.0
22,7.0
22,2.0
22,0.0
22,2.0
23,7.0
23,2.0
23,0.0
24,7.0
24,2.0
24,0.0
24,2.0
25,7.0
25,2.0
25,0.0
25,2.0
26,7.0
26,2.0
26,0.0
26,2.0
26,0.0
27,7.0
27,2.0
27,0.0
27,2.0
28,7.0
28,0.0
28,2.0
28,2.0
29,7.0
29,0.0
29,2.0
29,2.0
30,7.0
30,0.0
30,2.0
30,2.0
31,7.0
31,0.0
31,2.0
31,2.0
32,7.0
32,2.0
32,0.0
32,2.0
33,7.0
33,2.0
33,0.0
33,2.0
34,7.0
34,2.0
34,0.0
34,2.0
35,7.0
35,2.0
35,0.0
35,2.0
36,7.0
36,2.0
36,0.0
36,2.0
37,7.0
37,2.0
37,0.0
37,2.0
38,7.0
38,2.0
38,0.0
38,2.0
39,7.0
39,2.0
39,0.0
39,2.0
40,2.0
40,7.0
40,0.0
40,2.0
41,2.0
41,7.0
41,0.0
41,2.0
42,7.0
42,2.0
42,0.0
42,2.0
43,7.0
43,2.0
43,0.0
43,2.0
44,7.0
44,0.0
44,2.0
44,2.0
45,7.0
45,2.0
45,0.0
45,2.0
46,7.0
46,2.0
46,0.0
46,2.0
47,7.0
47,0.0
47,2.0
47,2.0
48,7.0
48,2.0
48,0.0
48,2.0
49,7.0
49,0.0
49,2.0
49,2.0
50,7.0
50,0.0
50,2.0
50,2.0
51,7.0
51,0.0
51,2.0
51,2.0
52,7.0
52,0.0
52,2.0
52,2.0
53,7.0
53,0.0
53,2.0
53,2.0
54,7.0
54,2.0
54,0.0
54,2.0
55,7.0
55,0.0
55,2.0
55,2.0
56,7.0
56,0.0
56,2.0
56,2.0
57,7.0
57,0.0
57,2.0
57,2.0
58,7.0
58,0.0
58,2.0
58,2.0
59,7.0
59,0.0
59,2.0
59,2.0
60,7.0
60,0.0
60,2.0
60,2.0
61,7.0
61,2.0
61,0.0
61,2.0
62,7.0
62,2.0
62,2.0
62,0.0
63,7.0
63,2.0
63,2.0
64,7.0
64,2.0
64,2.0
65,7.0
65,2.0
65,2.0
66,7.0
66,2.0
66,2.0
66,0.0
67,7.0
67,2.0
67,2.0
67,0.0
68,7.0
68,0.0
68,2.0
68,2.0
69,7.0
69,0.0
69,2.0
69,2.0
70,7.0
70,0.0
70,2.0
70,2.0
71,7.0
71,0.0
71,2.0
71,2.0
72,7.0
72,0.0
72,2.0
72,2.0
73,7.0
73,0.0
73,2.0
73,2.0
74,7.0
74,0.0
74,2.0
74,2.0
75,7.0
75,0.0
75,2.0
75,2.0
76,7.0
76,2.0
76,0.0
76,2.0
77,7.0
77,2.0
77,0.0
77,2.0
78,7.0
78,2.0
78,0.0
78,2.0
79,7.0
79,2.0
79,0.0
79,2.0
80,7.0
80,2.0
80,0.0
80,2.0
81,7.0
81,2.0
81,0.0
81,2.0
82,7.0
82,2.0
82,0.0
82,2.0
83,7.0
83,2.0
83,0.0
83,2.0
84,7.0
84,0.0
84,2.0
84,2.0
85,2.0
85,7.0
85,2.0
85,0.0
85,0.0
86,7.0
86,2.0
86,0.0
86,2.0
86,0.0
87,7.0
87,2.0
87,0.0
87,2.0
87,0.0
88,2.0
88,7.0
88,0.0
88,2.0
88,0.0
89,2.0
89,7.0
89,0.0
89,2.0
89,0.0
90,7.0
90,2.0
90,0.0
90,0.0
90,2.0
91,7.0
91,2.0
91,0.0
91,0.0
92,7.0
92,2.0
92,0.0
92,0.0
92,2.0
93,7.0
93,2.0
93,0.0
93,0.0
94,7.0
94,2.0
94,0.0
94,0.0
95,7.0
95,2.0
95,0.0
95,0.0
96,7.0
96,2.0
96,0.0
96,0.0
97,7.0
97,2.0
97,0.0
97,0.0
98,7.0
98,2.0
98,0.0
98,0.0
99,7.0
99,2.0
99,0.0
99,0.0
100,7.0
100,0.0
100,2.0
100,0.0
101,7.0
101,0.0
101,2.0
101,0.0
102,7.0
102,2.0
102,0.0
102,0.0
103,7.0
103,0.0
103,2.0
103,0.0
104,7.0
104,2.0
104,0.0
104,0.0
105,7.0
105,2.0
105,0.0
105,2.0
106,7.0
106,2.0
106,0.0
106,0.0
107,7.0
107,2.0
107,0.0
107,0.0
108,7.0
108,2.0
108,0.0
108,0.0
109,7.0
109,2.0
109,0.0
109,0.0
110,7.0
110,2.0
110,0.0
110,0.0
111,7.0
111,0.0
111,2.0
111,0.0
112,7.0
112,0.0
112,2.0
113,7.0
113,0.0
113,2.0
114,7.0
114,2.0
114,0.0
114,0.0
115,2.0
115,7.0
115,0.0
115,0.0
115,2.0
116,2.0
116,7.0
116,0.0
116,0.0
116,0.0
116,2.0
117,2.0
117,7.0
117,0.0
117,0.0
117,0.0
118,2.0
118,7.0
118,0.0
118,0.0
118,0.0
119,2.0
119,7.0
119,0.0
119,0.0
119,0.0
120,2.0
120,7.0
120,0.0
120,0.0
120,0.0
121,2.0
121,7.0
121,0.0
121,0.0
121,0.0
122,2.0
122,7.0
122,0.0
122,0.0
122,0.0
123,2.0
123,7.0
123,0.0
123,0.0
123,0.0
124,2.0
124,7.0
124,0.0
124,0.0
125,2.0
125,7.0
125,0.0
125,0.0
126,2.0
126,7.0
126,0.0
127,2.0
127,7.0
127,0.0
128,2.0
128,7.0
128,0.0
129,2.0
129,7.0
129,0.0
129,0.0
130,2.0
130,7.0
130,0.0
130,0.0
130,0.0
131,7.0
131,2.0
131,0.0
131,0.0
131,0.0
132,2.0
132,7.0
132,0.0
132,0.0
132,0.0
133,7.0
133,2.0
133,0.0
133,2.0
134,2.0
134,7.0
134,2.0
134,0.0
134,0.0
135,7.0
135,0.0
135,2.0
135,2.0
136,7.0
136,0.0
136,2.0
136,2.0
137,7.0
137,0.0
137,2.0
138,7.0
138,2.0
138,0.0
139,7.0
139,0.0
139,2.0
139,0.0
140,7.0
140,2.0
140,0.0
140,0.0
140,0.0
141,7.0
141,2.0
141,0.0
141,0.0
141,0.0
142,7.0
142,0.0
142,0.0
142,3.0
143,7.0
143,0.0
143,0.0
143,3.0
144,0.0
144,7.0
144,0.0
144,1.0
144,2.0
144,2.0
145,7.0
145,0.0
145,0.0
145,2.0
145,2.0
146,7.0
146,0.0
146,2.0
146,0.0
146,2.0
147,7.0
147,0.0
147,0.0
147,2.0
148,7.0
148,0.0
148,2.0
148,0.0
149,7.0
149,0.0
149,2.0
149,0.0
150,7.0
150,0.0
150,2.0
150,2.0
150,0.0
151,7.0
151,0.0
151,2.0
151,0.0
151,2.0
151,2.0
152,7.0
152,2.0
152,0.0
152,0.0
152,0.0
152,2.0
153,0.0
153,2.0
153,7.0
153,0.0
153,0.0
153,2.0
154,2.0
154,7.0
154,0.0
154,0.0
154,0.0
154,2.0
155,2.0
155,7.0
155,0.0
155,0.0
155,0.0
155,2.0
156,2.0
156,7.0
156,0.0
156,0.0
156,0.0
156,2.0
157,2.0
157,7.0
157,0.0
157,0.0
157,0.0
157,2.0
158,7.0
158,2.0
158,0.0
158,0.0
159,2.0
159,7.0
159,0.0
159,0.0
160,2.0
160,7.0
160,0.0
160,0.0
161,2.0
161,7.0
161,0.0
161,0.0
162,2.0
162,7.0
162,0.0
162,0.0
163,7.0
163,2.0
163,0.0
163,0.0
164,0.0
164,7.0
164,2.0
164,0.0
165,0.0
165,2.0
165,7.0
165,0.0
166,0.0
166,2.0
166,7.0
166,0.0
167,0.0
167,2.0
167,7.0
167,0.0
168,0.0
168,7.0
168,2.0
168,0.0
168,0.0
169,0.0
169,0.0
169,7.0
169,2.0
169,0.0
170,0.0
170,0.0
170,7.0
170,2.0
170,0.0
171,0.0
171,0.0
171,7.0
171,2.0
171,0.0
172,0.0
172,0.0
172,7.0
172,2.0
172,0.0
173,0.0
173,0.0
173,7.0
173,2.0
173,0.0
174,0.0
174,0.0
174,7.0
174,2.0
174,0.0
174,2.0
175,0.0
175,0.0
175,7.0
175,2.0
175,2.0
175,0.0
176,0.0
176,0.0
176,2.0
176,7.0
176,2.0
177,2.0
177,0.0
177,0.0
177,7.0
177,2.0
177,0.0
178,2.0
178,7.0
178,0.0
178,0.0
178,2.0
178,0.0
179,2.0
179,7.0
179,0.0
179,0.0
179,2.0
179,0.0
180,2.0
180,0.0
180,7.0
180,0.0
180,2.0
180,0.0
181,2.0
181,7.0
181,0.0
181,2.0
182,2.0
182,7.0
182,0.0
182,0.0
183,2.0
183,7.0
183,0.0
184,2.0
184,7.0
184,0.0
184,2.0
185,2.0
185,7.0
185,0.0
186,2.0
186,0.0
186,7.0
187,2.0
187,0.0
187,7.0
188,2.0
188,0.0
188,7.0
188,0.0
189,2.0
189,0.0
189,7.0
189,0.0
190,2.0
190,0.0
190,7.0
190,0.0
191,2.0
191,0.0
191,7.0
191,0.0
192,2.0
192,0.0
192,7.0
192,0.0
193,2.0
193,7.0
193,0.0
193,0.0
194,2.0
194,0.0
194,0.0
194,7.0
194,0.0
195,2.0
195,0.0
195,7.0
195,0.0
195,0.0
195,1.0
196,2.0
196,0.0
196,0.0
196,7.0
196,0.0
197,2.0
197,0.0
197,0.0
197,7.0
197,0.0
198,2.0
198,7.0
198,0.0
198,0.0
198,0.0
199,2.0
199,7.0
199,0.0
199,0.0
199,0.0
200,2.0
200,0.0
200,7.0
200,0.0
200,0.0
200,0.0
201,2.0
201,7.0
201,0.0
201,0.0
202,2.0
202,7.0
202,0.0
202,0.0
203,2.0
203,7.0
203,0.0
203,0.0
203,0.0
204,2.0
204,7.0
204,0.0
204,0.0
204,0.0
204,0.0
205,2.0
205,7.0
205,0.0
205,0.0
205,0.0
205,0.0
206,2.0
206,7.0
206,0.0
206,0.0
206,0.0
206,0.0
207,2.0
207,7.0
207,0.0
207,0.0
207,0.0
207,0.0
208,2.0
208,7.0
208,0.0
208,0.0
209,2.0
209,7.0
209,0.0
209,0.0
210,2.0
210,7.0
210,0.0
210,0.0
211,7.0
211,2.0
211,0.0
211,0.0
211,0.0
211,0.0
212,7.0
212,2.0
212,0.0
212,0.0
212,0.0
212,0.0
213,2.0
213,7.0
213,0.0
213,0.0
213,0.0
213,0.0
213,1.0
214,2.0
214,7.0
214,0.0
214,0.0
214,0.0
214,0.0
215,2.0
215,7.0
215,0.0
215,0.0
215,0.0
215,0.0
216,2.0
216,7.0
216,0.0
216,0.0
216,0.0
216,0.0
216,1.0
216,1.0
217,7.0
217,2.0
217,0.0
217,0.0
217,1.0
217,0.0
218,7.0
218,2.0
218,0.0
218,0.0
218,0.0
218,0.0
219,7.0
219,2.0
219,0.0
219,0.0
219,0.0
219,0.0
220,7.0
220,2.0
220,0.0
220,0.0
220,1.0
220,0.0
221,7.0
221,2.0
221,0.0
221,0.0
221,1.0
221,0.0
222,7.0
222,2.0
222,0.0
222,0.0
222,0.0
223,7.0
223,2.0
223,0.0
223,0.0
223,0.0
223,1.0
223,0.0
224,7.0
224,2.0
224,0.0
224,0.0
224,0.0
224,1.0
224,0.0
225,7.0
225,2.0
225,0.0
225,0.0
225,0.0
225,0.0
226,7.0
226,2.0
226,0.0
226,0.0
226,0.0
227,7.0
227,2.0
227,0.0
227,0.0
227,0.0
228,7.0
228,2.0
228,0.0
228,0.0
228,0.0
228,0.0
229,2.0
229,7.0
229,0.0
229,0.0
229,0.0
230,7.0
230,2.0
230,0.0
230,0.0
230,0.0
230,0.0
231,7.0
231,2.0
231,0.0
231,0.0
231,0.0
231,0.0
231,0.0
231,0.0
232,7.0
232,0.0
232,2.0
232,0.0
232,0.0
232,0.0
232,0.0
232,0.0
232,0.0
233,7.0
233,0.0
233,2.0
233,0.0
233,0.0
233,0.0
233,0.0
233,0.0
233,0.0
234,7.0
234,0.0
234,2.0
234,0.0
234,0.0
234,0.0
234,0.0
234,0.0
234,0.0
235,7.0
235,0.0
235,0.0
235,0.0
235,2.0
235,0.0
235,0.0
236,7.0
236,0.0
236,0.0
236,0.0
236,2.0
236,0.0
236,0.0
237,0.0
237,7.0
237,0.0
237,0.0
237,2.0
237,0.0
237,0.0
237,0.0
238,0.0
238,7.0
238,0.0
238,0.0
238,2.0
238,0.0
238,0.0
238,0.0
239,0.0
239,7.0
239,0.0
239,0.0
239,2.0
239,0.0
239,0.0
239,0.0
240,0.0
240,7.0
240,2.0
240,0.0
240,0.0
240,0.0
240,0.0
241,7.0
241,2.0
241,0.0
241,0.0
241,0.0
241,0.0
241,0.0
241,2.0
242,2.0
242,7.0
242,0.0
242,0.0
243,2.0
243,7.0
243,0.0
243,0.0
244,7.0
244,2.0
244,0.0
244,0.0
244,0.0
244,2.0
245,7.0
245,2.0
245,0.0
245,0.0
245,0.0
245,2.0
246,2.0
246,7.0
246,0.0
246,0.0
246,0.0
247,2.0
247,7.0
247,2.0
247,0.0
247,0.0
247,0.0
248,7.0
248,0.0
248,2.0
248,2.0
248,0.0
248,0.0
249,7.0
249,0.0
249,2.0
249,0.0
249,2.0
249,0.0
249,1.0
250,7.0
250,0.0
250,2.0
250,0.0
250,1.0
250,0.0
250,0.0
250,0.0
251,7.0
251,0.0
251,2.0
251,1.0
251,0.0
251,0.0
251,0.0
251,0.0
252,0.0
252,7.0
252,0.0
252,2.0
252,0.0
252,0.0
252,1.0
252,0.0
253,0.0
253,7.0
253,2.0
253,0.0
253,0.0
253,0.0
253,1.0
253,0.0
254,0.0
254,7.0
254,0.0
254,2.0
254,0.0
254,1.0
254,0.0
255,0.0
255,7.0
255,2.0
255,0.0
255,1.0
255,0.0
255,0.0
255,2.0
255,0.0
256,0.0
256,7.0
256,0.0
256,2.0
256,0.0
256,0.0
257,0.0
257,7.0
257,0.0
257,2.0
257,0.0
257,0.0
258,0.0
258,7.0
258,0.0
258,2.0
258,0.0
258,0.0
258,0.0
259,0.0
259,7.0
259,0.0
259,0.0
260,0.0
260,7.0
260,0.0
260,0.0
260,0.0
260,0.0
261,0.0
261,0.0
261,7.0
261,0.0
261,0.0
261,0.0
261,2.0
261,2.0
262,0.0
262,0.0
262,7.0
262,0.0
262,0.0
262,2.0
262,0.0
262,2.0
263,0.0
263,0.0
263,7.0
263,0.0
263,0.0
263,2.0
263,0.0
263,2.0
264,0.0
264,7.0
264,0.0
264,0.0
264,2.0
264,2.0
265,0.0
265,7.0
265,0.0
265,2.0
265,0.0
265,2.0
265,0.0
266,0.0
266,2.0
266,7.0
266,0.0
266,0.0
266,0.0
266,0.0
266,2.0
267,0.0
267,2.0
267,7.0
267,0.0
267,0.0
267,0.0
267,2.0
267,0.0
268,0.0
268,2.0
268,7.0
268,0.0
268,0.0
268,0.0
268,0.0
269,0.0
269,2.0
269,7.0
269,0.0
269,0.0
269,0.0
269,0.0
270,0.0
270,0.0
270,0.0
270,7.0
270,2.0
270,0.0
270,0.0
270,0.0
271,0.0
271,0.0
271,7.0
271,0.0
271,0.0
271,0.0
271,2.0
272,0.0
272,0.0
272,7.0
272,0.0
272,0.0
272,0.0
272,2.0
273,0.0
273,0.0
273,2.0
273,7.0
273,0.0
273,0.0
273,0.0
274,0.0
274,0.0
274,2.0
274,7.0
274,0.0
274,0.0
274,0.0
274,0.0
274,0.0
275,0.0
275,0.0
275,2.0
275,7.0
275,0.0
275,0.0
275,0.0
275,0.0
275,0.0
276,0.0
276,0.0
276,2.0
276,0.0
276,0.0
276,7.0
276,0.0
276,0.0
276,2.0
276,0.0
277,0.0
277,0.0
277,2.0
277,0.0
277,0.0
277,7.0
277,0.0
277,0.0
277,2.0
278,0.0
278,0.0
278,2.0
278,0.0
278,7.0
278,0.0
278,0.0
278,0.0
279,0.0
279,0.0
279,2.0
279,0.0
279,7.0
279,0.0
279,0.0
279,0.0
280,0.0
280,0.0
280,2.0
280,0.0
280,0.0
280,7.0
280,0.0
280,0.0
280,2.0
280,0.0
281,0.0
281,0.0
281,2.0
281,0.0
281,0.0
281,7.0
281,0.0
281,0.0
281,2.0
281,0.0
282,0.0
282,0.0
282,2.0
282,0.0
282,7.0
282,0.0
282,0.0
282,0.0
282,2.0
282,0.0
283,0.0
283,0.0
283,2.0
283,0.0
283,0.0
283,7.0
283,0.0
283,0.0
283,2.0
284,0.0
284,0.0
284,0.0
284,2.0
284,7.0
284,0.0
284,0.0
284,2.0
285,0.0
285,0.0
285,2.0
285,0.0
285,7.0
285,0.0
285,0.0
285,0.0
286,0.0
286,0.0
286,2.0
286,0.0
286,0.0
286,0.0
286,7.0
286,0.0
286,2.0
287,0.0
287,0.0
287,2.0
287,0.0
287,0.0
287,0.0
287,7.0
287,0.0
287,2.0
288,0.0
288,0.0
288,2.0
288,0.0
288,0.0
288,7.0
288,0.0
288,0.0
288,2.0
289,0.0
289,0.0
289,2.0
289,0.0
289,0.0
289,0.0
289,7.0
289,0.0
289,2.0
290,0.0
290,0.0
290,2.0
290,0.0
290,0.0
290,7.0
290,0.0
290,2.0
291,0.0
291,0.0
291,2.0
291,0.0
291,7.0
291,0.0
291,0.0
292,0.0
292,0.0
292,2.0
292,7.0
292,0.0
292,0.0
292,0.0
293,0.0
293,0.0
293,2.0
293,7.0
293,0.0
293,0.0
293,0.0
294,0.0
294,0.0
294,0.0
294,2.0
294,7.0
294,0.0
294,0.0
294,2.0
295,0.0
295,0.0
295,0.0
295,7.0
295,0.0
295,2.0
295,0.0
295,0.0
296,0.0
296,0.0
296,0.0
296,7.0
296,0.0
296,2.0
296,0.0
296,0.0
297,0.0
297,0.0
297,0.0
297,2.0
297,7.0
297,0.0
297,0.0
297,0.0
298,0.0
298,0.0
298,0.0
298,2.0
298,7.0
298,0.0
298,0.0
298,0.0
299,0.0
299,0.0
299,0.0
299,2.0
299,7.0
299,0.0
299,0.0
299,0.0
300,0.0
300,0.0
300,2.0
300,7.0
300,0.0
300,0.0
300,0.0
300,0.0
301,0.0
301,0.0
301,0.0
301,2.0
301,7.0
301,0.0
301,0.0
301,0.0
301,2.0
302,0.0
302,0.0
302,2.0
302,0.0
302,7.0
302,0.0
302,0.0
302,2.0
302,0.0
303,0.0
303,0.0
303,0.0
303,2.0
303,0.0
303,7.0
303,2.0
303,0.0
304,0.0
304,0.0
304,0.0
304,0.0
304,7.0
304,2.0
304,0.0
304,2.0
305,0.0
305,0.0
305,0.0
305,0.0
305,2.0
305,7.0
305,0.0
305,2.0
306,0.0
306,0.0
306,0.0
306,0.0
306,7.0
306,2.0
306,0.0
306,2.0
307,0.0
307,0.0
307,0.0
307,0.0
307,7.0
307,0.0
307,2.0
308,0.0
308,0.0
308,0.0
308,0.0
308,7.0
308,0.0
308,2.0
309,0.0
309,0.0
309,0.0
309,0.0
309,7.0
309,0.0
309,2.0
310,0.0
310,0.0
310,0.0
310,0.0
310,0.0
310,7.0
310,2.0
311,0.0
311,0.0
311,0.0
311,0.0
311,0.0
311,7.0
311,2.0
312,0.0
312,0.0
312,0.0
312,7.0
312,0.0
312,0.0
313,0.0
313,0.0
313,0.0
313,7.0
313,0.0
313,0.0
313,2.0
314,0.0
314,0.0
314,0.0
314,7.0
314,0.0
314,0.0
314,0.0
315,0.0
315,0.0
315,7.0
315,0.0
315,0.0
315,0.0
316,0.0
316,0.0
316,7.0
316,0.0
316,0.0
317,0.0
317,0.0
317,7.0
317,0.0
317,0.0
318,0.0
318,0.0
318,7.0
318,0.0
318,0.0
318,0.0
318,0.0
319,0.0
319,0.0
319,7.0
319,0.0
319,0.0
319,0.0
320,0.0
320,0.0
320,7.0
320,0.0
320,0.0
320,0.0
320,0.0
321,0.0
321,0.0
321,7.0
321,0.0
321,0.0
321,0.0
321,0.0
322,0.0
322,7.0
322,0.0
322,0.0
322,0.0
322,0.0
322,0.0
323,0.0
323,7.0
323,0.0
323,0.0
323,0.0
323,0.0
323,0.0
324,0.0
324,0.0
324,7.0
324,0.0
324,0.0
324,0.0
324,0.0
324,0.0
325,0.0
325,0.0
325,0.0
325,7.0
325,0.0
325,0.0
325,0.0
325,0.0
326,0.0
326,0.0
326,7.0
326,0.0
326,0.0
326,0.0
326,0.0
326,0.0
327,0.0
327,0.0
327,7.0
327,0.0
327,0.0
327,0.0
327,0.0
327,0.0
328,0.0
328,7.0
328,0.0
328,0.0
328,0.0
328,0.0
328,0.0
329,0.0
329,7.0
329,0.0
329,0.0
329,0.0
329,0.0
329,0.0
330,0.0
330,7.0
330,0.0
330,0.0
330,0.0
330,0.0
330,0.0
331,0.0
331,0.0
331,0.0
331,0.0
331,7.0
331,0.0
331,0.0
332,0.0
332,0.0
332,0.0
332,0.0
332,7.0
332,0.0
332,0.0
332,0.0
333,0.0
333,0.0
333,7.0
333,0.0
333,0.0
333,0.0
334,0.0
334,0.0
334,7.0
334,0.0
334,0.0
334,0.0
335,0.0
335,7.0
335,0.0
335,0.0
335,0.0
335,0.0
336,0.0
336,0.0
336,0.0
336,7.0
336,0.0
336,0.0
337,0.0
337,7.0
337,0.0
337,0.0
337,0.0
337,0.0
337,0.0
338,0.0
338,0.0
338,7.0
338,0.0
338,0.0
338,0.0
338,0.0
339,0.0
339,7.0
339,0.0
339,0.0
339,0.0
339,0.0
339,0.0
340,0.0
340,7.0
340,0.0
340,0.0
340,0.0
340,0.0
340,0.0
341,0.0
341,7.0
341,0.0
341,0.0
341,0.0
341,0.0
341,0.0
342,0.0
342,7.0
342,0.0
342,0.0
342,0.0
342,0.0
342,0.0
343,0.0
343,7.0
343,0.0
343,0.0
343,0.0
343,0.0
343,0.0
343,0.0
343,2.0
343,0.0
343,2.0
344,0.0
344,0.0
344,0.0
344,0.0
344,7.0
344,0.0
344,0.0
344,2.0
344,0.0
344,2.0
344,0.0
345,0.0
345,0.0
345,7.0
345,0.0
345,0.0
345,0.0
345,0.0
345,2.0
345,0.0
346,0.0
346,7.0
346,0.0
346,0.0
346,0.0
346,0.0
346,2.0
346,0.0
346,0.0
347,0.0
347,7.0
347,0.0
347,0.0
347,0.0
347,0.0
347,2.0
347,0.0
347,0.0
348,0.0
348,0.0
348,0.0
348,0.0
348,7.0
348,0.0
348,2.0
348,2.0
348,0.0
349,0.0
349,0.0
349,0.0
349,7.0
349,0.0
349,0.0
349,0.0
349,2.0
350,0.0
350,0.0
350,0.0
350,0.0
350,7.0
350,0.0
350,0.0
350,0.0
350,2.0
351,0.0
351,0.0
351,0.0
351,7.0
351,0.0
351,0.0
351,0.0
351,2.0
351,0.0
351,2.0
352,0.0
352,0.0
352,0.0
352,7.0
352,0.0
352,0.0
352,2.0
352,0.0
352,0.0
352,2.0
353,0.0
353,0.0
353,0.0
353,7.0
353,0.0
353,0.0
353,2.0
353,0.0
353,0.0
353,2.0
354,0.0
354,0.0
354,7.0
354,0.0
354,2.0
354,0.0
354,0.0
354,0.0
354,0.0
354,2.0
355,0.0
355,0.0
355,7.0
355,0.0
355,2.0
355,2.0
355,0.0
355,0.0
356,0.0
356,0.0
356,7.0
356,2.0
356,2.0
356,0.0
356,0.0
356,0.0
357,7.0
357,0.0
357,0.0
357,0.0
357,2.0
357,0.0
358,7.0
358,0.0
358,2.0
358,0.0
358,0.0
359,7.0
359,0.0
359,2.0
359,0.0
359,0.0
360,7.0
360,0.0
360,0.0
360,0.0
360,2.0
361,7.0
361,0.0
361,0.0
361,0.0
361,2.0
361,0.0
362,7.0
362,0.0
362,0.0
362,0.0
362,0.0
362,2.0
363,0.0
363,7.0
363,0.0
363,0.0
363,0.0
363,2.0
364,7.0
364,0.0
364,0.0
364,0.0
364,2.0
364,0.0
365,7.0
365,0.0
365,0.0
365,0.0
365,2.0
365,0.0
366,7.0
366,0.0
366,0.0
366,0.0
366,2.0
366,0.0
367,7.0
367,0.0
367,0.0
367,0.0
367,0.0
367,2.0
367,0.0
367,0.0
368,7.0
368,0.0
368,0.0
368,0.0
368,2.0
368,0.0
369,7.0
369,0.0
369,0.0
369,0.0
369,2.0
370,7.0
370,0.0
370,2.0
370,0.0
370,0.0
371,7.0
371,0.0
371,2.0
371,0.0
371,0.0
372,7.0
372,2.0
372,0.0
372,0.0
372,0.0
372,2.0
373,7.0
373,0.0
373,2.0
373,0.0
373,0.0
374,7.0
374,0.0
374,2.0
374,0.0
374,0.0
374,0.0
375,7.0
375,0.0
375,2.0
376,7.0
376,0.0
376,0.0
376,0.0
376,2.0
376,0.0
376,0.0
377,7.0
377,0.0
377,0.0
377,0.0
377,2.0
377,0.0
377,0.0
378,7.0
378,0.0
378,0.0
378,2.0
378,0.0
378,0.0
378,0.0
379,7.0
379,0.0
379,0.0
379,2.0
379,0.0
379,0.0
380,7.0
380,0.0
380,0.0
380,2.0
380,0.0
381,7.0
381,0.0
381,2.0
381,0.0
381,0.0
381,0.0
382,7.0
382,0.0
382,0.0
382,0.0
382,2.0
383,7.0
383,0.0
383,0.0
383,0.0
383,2.0
384,7.0
384,0.0
384,0.0
384,0.0
384,2.0
384,0.0
384,0.0
385,7.0
385,0.0
385,2.0
385,0.0
385,0.0
385,0.0
386,7.0
386,2.0
386,0.0
386,0.0
386,0.0
386,0.0
386,0.0
387,7.0
387,0.0
387,2.0
387,0.0
387,0.0
387,0.0
388,7.0
388,0.0
388,0.0
388,2.0
388,0.0
388,0.0
389,7.0
389,0.0
389,2.0
389,0.0
389,0.0
389,0.0
390,7.0
390,0.0
390,0.0
390,2.0
390,0.0
391,7.0
391,0.0
391,0.0
391,2.0
391,0.0
392,7.0
392,0.0
392,0.0
392,2.0
392,0.0
393,7.0
393,0.0
393,0.0
393,2.0
393,0.0
393,0.0
394,7.0
394,0.0
394,0.0
394,2.0
394,0.0
394,0.0
395,7.0
395,0.0
395,0.0
395,2.0
395,0.0
395,0.0
396,7.0
396,0.0
396,0.0
396,2.0
396,0.0
396,0.0
396,0.0
397,7.0
397,0.0
397,0.0
397,2.0
397,0.0
397,0.0
397,0.0
398,7.0
398,0.0
398,0.0
398,2.0
398,0.0
398,0.0
399,7.0
399,0.0
399,0.0
399,2.0
399,0.0
399,0.0
399,0.0
400,7.0
400,0.0
400,0.0
400,2.0
400,0.0
400,0.0
401,7.0
401,0.0
401,0.0
401,2.0
401,0.0
401,0.0
402,7.0
402,0.0
402,0.0
402,0.0
402,2.0
402,0.0
403,7.0
403,0.0
403,0.0
403,0.0
403,0.0
403,2.0
404,7.0
404,0.0
404,0.0
404,0.0
404,0.0
404,2.0
405,7.0
405,0.0
405,0.0
405,0.0
405,2.0
405,0.0
406,7.0
406,0.0
406,0.0
406,2.0
406,0.0
406,0.0
407,7.0
407,0.0
407,0.0
407,2.0
407,0.0
407,0.0
408,7.0
408,0.0
408,0.0
408,2.0
408,0.0
409,7.0
409,0.0
409,0.0
409,2.0
409,0.0
410,7.0
410,0.0
410,0.0
410,2.0
410,0.0
410,0.0
410,0.0
411,7.0
411,0.0
411,0.0
411,0.0
411,2.0
411,0.0
411,0.0
412,7.0
412,0.0
412,0.0
412,2.0
412,0.0
412,0.0
412,0.0
413,7.0
413,0.0
413,0.0
413,2.0
413,0.0
413,0.0
413,0.0
414,7.0
414,0.0
414,0.0
414,0.0
414,0.0
414,2.0
415,7.0
415,0.0
415,0.0
415,0.0
415,2.0
416,7.0
416,0.0
416,0.0
416,0.0
416,0.0
416,2.0
416,0.0
417,7.0
417,0.0
417,0.0
417,2.0
417,0.0
417,0.0
417,0.0
418,7.0
418,0.0
418,2.0
418,0.0
418,0.0
419,7.0
419,0.0
419,2.0
419,0.0
419,0.0
420,7.0
420,0.0
420,0.0
420,2.0
420,0.0
421,7.0
421,0.0
421,0.0
421,2.0
421,0.0
421,0.0
421,0.0
421,0.0
422,7.0
422,0.0
422,0.0
422,2.0
422,0.0
422,0.0
423,7.0
423,0.0
423,0.0
423,0.0
423,2.0
424,7.0
424,0.0
424,0.0
424,0.0
424,2.0
424,0.0
424,0.0
425,7.0
425,0.0
425,0.0
425,0.0
425,2.0
425,0.0
425,0.0
426,7.0
426,0.0
426,0.0
426,0.0
426,0.0
426,2.0
426,0.0
427,7.0
427,0.0
427,0.0
427,0.0
427,2.0
427,0.0
427,0.0
428,7.0
428,0.0
428,0.0
428,2.0
428,0.0
428,0.0
428,0.0
429,7.0
429,0.0
429,0.0
429,0.0
429,0.0
429,2.0
429,0.0
430,7.0
430,0.0
430,0.0
430,0.0
430,0.0
430,2.0
430,0.0
430,0.0
431,7.0
431,0.0
431,0.0
431,0.0
431,0.0
431,2.0
431,0.0
431,0.0
432,7.0
432,0.0
432,0.0
432,0.0
432,2.0
432,0.0
432,0.0
433,7.0
433,0.0
433,0.0
433,0.0
433,2.0
433,0.0
434,7.0
434,0.0
434,0.0
434,0.0
434,2.0
435,7.0
435,0.0
435,0.0
435,0.0
435,2.0
436,7.0
436,0.0
436,0.0
436,0.0
436,2.0
437,7.0
437,0.0
437,0.0
437,0.0
437,2.0
438,7.0
438,0.0
438,0.0
438,0.0
438,2.0
438,0.0
439,7.0
439,0.0
439,0.0
439,0.0
439,0.0
439,0.0
439,2.0
440,7.0
440,0.0
440,0.0
440,0.0
440,0.0
440,2.0
440,0.0
441,7.0
441,0.0
441,0.0
441,0.0
441,0.0
441,2.0
441,0.0
442,7.0
442,0.0
442,0.0
442,0.0
442,0.0
442,2.0
443,7.0
443,0.0
443,0.0
443,0.0
443,0.0
443,2.0
444,7.0
444,0.0
444,0.0
444,0.0
444,0.0
444,2.0
445,7.0
445,0.0
445,0.0
445,0.0
445,0.0
445,2.0
446,7.0
446,0.0
446,0.0
446,0.0
446,0.0
446,2.0
447,7.0
447,0.0
447,0.0
447,0.0
447,2.0
447,0.0
447,0.0
447,0.0
448,7.0
448,0.0
448,0.0
448,0.0
448,0.0
448,2.0
449,7.0
449,0.0
449,0.0
449,0.0
449,0.0
449,2.0
450,7.0
450,0.0
450,0.0
450,0.0
450,0.0
450,2.0
451,7.0
451,0.0
451,0.0
451,0.0
451,0.0
451,2.0
452,7.0
452,0.0
452,0.0
452,0.0
452,2.0
452,0.0
452,0.0
453,7.0
453,0.0
453,0.0
453,0.0
453,2.0
454,7.0
454,0.0
454,0.0
454,2.0
454,0.0
455,7.0
455,0.0
455,0.0
455,2.0
455,0.0
456,7.0
456,0.0
456,0.0
456,2.0
457,7.0
457,0.0
457,0.0
457,2.0
457,0.0
457,0.0
457,0.0
458,7.0
458,0.0
458,0.0
458,2.0
458,0.0
458,0.0
458,0.0
459,7.0
459,0.0
459,0.0
459,0.0
459,2.0
459,0.0
460,7.0
460,0.0
460,0.0
460,0.0
460,2.0
461,7.0
461,0.0
461,0.0
461,0.0
461,2.0
462,7.0
462,0.0
462,0.0
462,0.0
462,0.0
462,2.0
463,7.0
463,0.0
463,0.0
463,2.0
463,0.0
463,0.0
464,7.0
464,0.0
464,0.0
464,2.0
464,0.0
464,0.0
464,0.0
465,0.0
465,7.0
465,0.0
465,2.0
465,0.0
465,0.0
465,0.0
466,0.0
466,7.0
466,0.0
466,2.0
466,0.0
466,0.0
467,0.0
467,7.0
467,0.0
467,2.0
467,0.0
467,0.0
468,7.0
468,0.0
468,0.0
468,0.0
468,2.0
468,0.0
469,0.0
469,7.0
469,0.0
469,0.0
469,2.0
469,0.0
470,0.0
470,7.0
470,0.0
470,0.0
470,0.0
470,2.0
471,7.0
471,0.0
471,0.0
471,2.0
471,0.0
472,7.0
472,0.0
472,0.0
472,0.0
472,0.0
472,0.0
472,2.0
473,7.0
473,0.0
473,0.0
473,0.0
473,0.0
473,0.0
473,2.0
474,7.0
474,0.0
474,0.0
474,0.0
474,2.0
474,0.0
474,0.0
475,7.0
475,0.0
475,0.0
475,0.0
475,2.0
476,7.0
476,0.0
476,0.0
476,0.0
476,2.0
477,7.0
477,0.0
477,2.0
477,0.0
478,7.0
478,0.0
478,2.0
478,0.0
479,7.0
479,0.0
479,2.0
479,0.0
480,7.0
480,0.0
480,0.0
480,2.0
480,0.0
481,0.0
481,7.0
481,0.0
481,0.0
481,2.0
482,0.0
482,7.0
482,0.0
482,0.0
482,0.0
482,0.0
483,0.0
483,7.0
483,0.0
483,0.0
483,0.0
484,0.0
484,7.0
484,0.0
484,0.0
485,0.0
485,7.0
485,0.0
485,0.0
486,0.0
486,7.0
486,0.0
486,0.0
486,0.0
487,0.0
487,7.0
487,0.0
487,0.0
487,2.0
488,7.0
488,0.0
488,2.0
488,0.0
488,0.0
489,7.0
489,0.0
489,0.0
489,0.0
489,2.0
490,7.0
490,0.0
490,0.0
490,0.0
490,2.0
491,7.0
491,0.0
491,0.0
491,0.0
491,2.0
492,7.0
492,0.0
492,0.0
492,0.0
492,2.0
493,7.0
493,0.0
493,0.0
493,2.0
493,0.0
494,7.0
494,0.0
494,0.0
494,0.0
494,2.0
495,7.0
495,0.0
495,0.0
495,0.0
495,2.0
496,7.0
496,0.0
496,0.0
497,7.0
497,0.0
497,0.0
498,7.0
498,0.0
498,0.0
499,7.0
499,0.0
499,2.0
499,0.0
499,0.0
500,7.0
500,0.0
500,0.0
500,2.0
500,0.0
501,7.0
501,0.0
501,0.0
502,7.0
502,0.0
502,0.0
502,0.0
502,0.0
503,7.0
503,0.0
503,0.0
503,0.0
503,0.0
504,7.0
504,0.0
504,0.0
504,0.0
504,0.0
505,7.0
505,0.0
505,0.0
505,0.0
505,2.0
505,0.0
506,7.0
506,0.0
506,0.0
506,2.0
506,0.0
506,0.0
507,7.0
507,0.0
507,0.0
507,2.0
507,0.0
507,0.0
507,0.0
508,7.0
508,0.0
508,0.0
508,2.0
508,0.0
508,0.0
508,0.0
509,7.0
509,0.0
509,0.0
509,2.0
509,0.0
509,0.0
509,0.0
510,7.0
510,0.0
510,0.0
510,0.0
510,2.0
510,0.0
510,0.0
511,7.0
511,0.0
511,0.0
511,2.0
511,0.0
511,0.0
512,7.0
512,0.0
512,0.0
512,0.0
512,2.0
513,7.0
513,0.0
513,2.0
513,0.0
513,0.0
514,7.0
514,0.0
514,2.0
514,0.0
515,7.0
515,0.0
515,2.0
515,0.0
516,7.0
516,0.0
516,2.0
516,0.0
517,7.0
517,0.0
517,2.0
517,0.0
517,0.0
517,0.0
518,7.0
518,0.0
518,2.0
519,7.0
519,0.0
519,2.0
519,0.0
520,7.0
520,0.0
520,0.0
520,2.0
520,0.0
520,0.0
520,0.0
521,7.0
521,0.0
521,0.0
521,2.0
521,0.0
521,0.0
521,0.0
522,7.0
522,0.0
522,0.0
522,2.0
522,0.0
522,0.0
523,0.0
523,7.0
523,0.0
523,0.0
523,2.0
523,0.0
524,7.0
524,0.0
524,0.0
524,2.0
524,0.0
525,7.0
525,0.0
525,0.0
525,2.0
526,7.0
526,0.0
526,0.0
526,2.0
526,0.0
527,7.0
527,0.0
527,0.0
527,2.0
527,0.0
528,7.0
528,0.0
528,0.0
528,2.0
528,0.0
529,0.0
529,7.0
529,2.0
529,0.0
529,0.0
529,0.0
530,0.0
530,7.0
530,0.0
530,2.0
531,7.0
531,0.0
531,2.0
531,0.0
532,7.0
532,0.0
532,2.0
532,0.0
533,7.0
533,0.0
533,2.0
533,0.0
534,7.0
534,0.0
534,0.0
534,2.0
535,7.0
535,2.0
535,0.0
535,0.0
536,7.0
536,0.0
536,2.0
536,0.0
537,7.0
537,2.0
537,0.0
538,7.0
538,2.0
538,0.0
538,0.0
538,0.0
539,7.0
539,2.0
539,0.0
539,0.0
539,0.0
540,7.0
540,0.0
540,0.0
540,2.0
541,0.0
541,7.0
541,0.0
541,2.0
541,0.0
542,7.0
542,0.0
542,0.0
542,2.0
542,0.0
543,7.0
543,0.0
543,0.0
543,2.0
543,0.0
544,7.0
544,0.0
544,0.0
544,2.0
544,0.0
545,7.0
545,0.0
545,0.0
545,2.0
545,0.0
546,7.0
546,0.0
546,0.0
546,2.0
546,0.0
546,0.0
547,7.0
547,0.0
547,0.0
547,2.0
547,0.0
547,0.0
548,7.0
548,0.0
548,0.0
548,2.0
548,0.0
548,0.0
548,0.0
549,7.0
549,0.0
549,0.0
549,2.0
549,0.0
549,0.0
549,0.0
549,0.0
550,7.0
550,0.0
550,0.0
550,2.0
550,0.0
550,0.0
550,0.0
550,0.0
551,7.0
551,0.0
551,0.0
551,2.0
551,0.0
551,0.0
551,0.0
551,0.0
552,7.0
552,0.0
552,0.0
552,0.0
552,2.0
552,0.0
552,0.0
552,0.0
553,7.0
553,0.0
553,0.0
553,0.0
553,2.0
553,0.0
553,0.0
553,0.0
554,7.0
554,0.0
554,0.0
554,0.0
554,2.0
554,0.0
554,0.0
555,7.0
555,0.0
555,0.0
555,0.0
555,0.0
555,2.0
555,0.0
556,7.0
556,0.0
556,0.0
556,0.0
556,0.0
556,0.0
556,2.0
557,7.0
557,0.0
557,0.0
557,0.0
557,0.0
557,0.0
557,2.0
558,7.0
558,0.0
558,0.0
558,2.0
558,0.0
558,0.0
559,7.0
559,0.0
559,2.0
559,0.0
559,0.0
559,0.0
559,0.0
559,0.0
560,7.0
560,0.0
560,0.0
560,0.0
560,2.0
560,0.0
560,0.0
560,0.0
561,7.0
561,0.0
561,0.0
561,2.0
561,0.0
561,0.0
561,0.0
562,7.0
562,0.0
562,2.0
562,0.0
562,0.0
562,0.0
562,0.0
563,7.0
563,0.0
563,0.0
563,2.0
563,0.0
563,0.0
563,0.0
564,7.0
564,0.0
564,2.0
564,0.0
564,0.0
564,0.0
565,7.0
565,0.0
565,0.0
565,2.0
565,0.0
565,0.0
565,0.0
566,7.0
566,0.0
566,2.0
566,0.0
566,0.0
566,0.0
567,7.0
567,0.0
567,2.0
567,0.0
567,0.0
567,0.0
568,7.0
568,0.0
568,2.0
568,0.0
568,0.0
568,0.0
568,0.0
569,7.0
569,0.0
569,2.0
569,0.0
569,0.0
569,0.0
569,0.0
570,7.0
570,2.0
570,0.0
570,0.0
570,0.0
571,7.0
571,0.0
571,0.0
571,2.0
571,0.0
571,0.0
572,7.0
572,2.0
572,0.0
572,0.0
572,0.0
572,0.0
572,0.0
573,7.0
573,0.0
573,0.0
573,0.0
573,2.0
573,0.0
574,7.0
574,0.0
574,2.0
574,0.0
574,0.0
575,7.0
575,0.0
575,2.0
575,0.0
575,0.0
576,7.0
576,0.0
576,0.0
576,2.0
576,0.0
577,7.0
577,0.0
577,0.0
577,2.0
577,0.0
578,7.0
578,2.0
578,0.0
578,0.0
579,7.0
579,0.0
579,2.0
579,0.0
579,0.0
580,7.0
580,2.0
580,0.0
580,0.0
580,0.0
581,7.0
581,2.0
581,0.0
581,0.0
581,0.0
582,7.0
582,2.0
582,0.0
583,7.0
583,2.0
583,0.0
583,0.0
584,7.0
584,2.0
584,0.0
584,0.0
585,7.0
585,0.0
585,2.0
585,0.0
586,7.0
586,2.0
586,0.0
586,2.0
587,7.0
587,2.0
587,0.0
587,2.0
588,7.0
588,2.0
588,0.0
589,7.0
589,2.0
589,0.0
590,7.0
590,2.0
591,7.0
591,2.0
591,0.0
592,7.0
592,0.0
592,2.0
592,0.0
593,7.0
593,0.0
593,2.0
593,0.0
594,7.0
594,0.0
594,2.0
594,0.0
595,7.0
595,0.0
595,0.0
595,2.0
596,7.0
596,0.0
596,2.0
596,0.0
597,7.0
597,0.0
597,2.0
597,0.0
598,7.0
598,0.0
598,2.0
598,0.0
598,0.0
599,7.0
599,0.0
599,2.0
599,0.0
600,7.0
600,0.0
600,2.0
600,0.0
600,0.0
600,0.0
601,7.0
601,0.0
601,2.0
601,0.0
601,0.0
601,0.0
602,7.0
602,0.0
602,0.0
602,2.0
602,0.0
602,0.0
603,7.0
603,0.0
603,0.0
603,0.0
603,2.0
603,0.0
604,7.0
604,0.0
604,0.0
604,2.0
604,0.0
604,0.0
605,7.0
605,0.0
605,0.0
605,2.0
605,0.0
605,0.0
606,7.0
606,0.0
606,2.0
606,0.0
606,0.0
606,0.0
607,7.0
607,0.0
607,0.0
607,0.0
607,2.0
607,0.0
608,7.0
608,0.0
608,0.0
608,0.0
608,2.0
609,7.0
609,0.0
609,2.0
610,7.0
610,2.0
610,0.0
611,7.0
611,2.0
611,0.0
612,7.0
612,0.0
612,2.0
613,7.0
613,0.0
613,2.0
613,0.0
614,7.0
614,0.0
614,0.0
614,0.0
614,2.0
614,0.0
615,7.0
615,0.0
615,0.0
615,2.0
615,0.0
615,0.0
616,7.0
616,0.0
616,0.0
616,2.0
616,0.0
616,0.0
617,7.0
617,0.0
617,0.0
617,2.0
617,0.0
617,0.0
618,7.0
618,0.0
618,0.0
618,2.0
618,0.0
619,7.0
619,0.0
619,0.0
619,2.0
619,0.0
620,7.0
620,0.0
620,0.0
620,2.0
620,0.0
621,7.0
621,0.0
621,0.0
621,2.0
622,7.0
622,0.0
622,0.0
622,2.0
622,0.0
623,7.0
623,0.0
623,0.0
623,2.0
623,0.0
624,7.0
624,0.0
624,0.0
624,2.0
624,0.0
625,7.0
625,0.0
625,0.0
625,2.0
625,0.0
626,7.0
626,0.0
626,2.0
626,0.0
626,0.0
626,0.0
627,7.0
627,0.0
627,0.0
627,2.0
627,0.0
627,0.0
628,7.0
628,0.0
628,0.0
628,2.0
629,7.0
629,0.0
629,0.0
629,2.0
630,7.0
630,0.0
630,0.0
630,0.0
630,2.0
631,7.0
631,0.0
631,0.0
631,2.0
631,0.0
632,7.0
632,0.0
632,0.0
632,2.0
632,0.0
633,7.0
633,0.0
633,0.0
633,2.0
634,7.0
634,0.0
634,0.0
634,2.0
634,0.0
635,7.0
635,0.0
635,0.0
635,2.0
635,0.0
636,7.0
636,0.0
636,0.0
636,0.0
636,2.0
637,7.0
637,0.0
637,0.0
637,0.0
637,2.0
638,7.0
638,0.0
638,0.0
638,0.0
638,2.0
639,7.0
639,0.0
639,0.0
639,0.0
639,2.0
639,0.0
640,7.0
640,0.0
640,0.0
640,0.0
640,2.0
641,7.0
641,0.0
641,0.0
641,0.0
641,2.0
642,7.0
642,0.0
642,2.0
642,0.0
643,7.0
643,0.0
643,0.0
643,2.0
644,7.0
644,0.0
644,2.0
645,7.0
645,0.0
645,2.0
645,0.0
646,7.0
646,0.0
646,0.0
646,2.0
647,7.0
647,0.0
647,0.0
647,2.0
648,7.0
648,0.0
648,2.0
648,0.0
649,7.0
649,0.0
649,2.0
649,0.0
650,7.0
650,0.0
650,0.0
650,2.0
651,7.0
651,0.0
651,0.0
651,2.0
651,0.0
652,7.0
652,0.0
652,0.0
652,2.0
652,0.0
653,7.0
653,0.0
653,0.0
653,2.0
653,0.0
654,7.0
654,0.0
654,0.0
654,2.0
654,0.0
655,7.0
655,0.0
655,0.0
655,2.0
655,0.0
656,7.0
656,0.0
656,0.0
656,2.0
656,0.0
657,7.0
657,0.0
657,0.0
657,2.0
657,0.0
658,7.0
658,0.0
658,0.0
658,2.0
658,0.0
659,7.0
659,0.0
659,0.0
659,2.0
659,0.0
660,7.0
660,0.0
660,0.0
660,2.0
660,0.0
660,0.0
661,7.0
661,0.0
661,0.0
661,0.0
661,2.0
662,7.0
662,0.0
662,0.0
662,2.0
662,0.0
663,7.0
663,0.0
663,0.0
663,2.0
663,0.0
664,7.0
664,0.0
664,0.0
664,2.0
665,7.0
665,0.0
665,0.0
665,2.0
666,7.0
666,0.0
666,0.0
666,2.0
666,0.0
667,7.0
667,0.0
667,2.0
667,0.0
668,7.0
668,0.0
668,0.0
668,2.0
668,0.0
669,7.0
669,0.0
669,2.0
669,0.0
670,7.0
670,0.0
670,2.0
671,7.0
671,0.0
671,2.0
672,7.0
672,0.0
672,2.0
673,7.0
673,0.0
673,2.0
674,7.0
674,2.0
675,7.0
675,0.0
676,7.0
676,0.0
677,7.0
677,0.0
678,7.0
678,0.0
679,7.0
679,0.0
679,0.0
680,7.0
680,0.0
680,0.0
680,0.0
681,7.0
681,0.0
681,0.0
681,0.0
682,7.0
682,0.0
682,0.0
682,0.0
683,7.0
683,0.0
683,0.0
683,0.0
684,7.0
684,0.0
684,0.0
685,7.0
685,0.0
685,2.0
685,0.0
685,2.0
686,7.0
686,0.0
686,2.0
686,0.0
687,7.0
687,0.0
687,0.0
687,2.0
687,0.0
688,7.0
688,0.0
688,2.0
688,0.0
688,0.0
689,7.0
689,0.0
689,2.0
689,0.0
689,0.0
690,7.0
690,0.0
690,0.0
690,2.0
691,7.0
691,0.0
691,0.0
691,2.0
691,2.0
692,7.0
692,2.0
692,2.0
692,0.0
692,0.0
693,7.0
693,2.0
693,0.0
693,2.0
694,0.0
694,7.0
694,2.0
694,0.0
695,0.0
695,7.0
695,2.0
695,0.0
696,7.0
696,0.0
696,2.0
696,2.0
697,7.0
697,0.0
697,2.0
698,0.0
698,7.0
698,2.0
699,7.0
699,2.0
699,0.0
700,7.0
700,2.0
701,7.0
701,2.0
702,7.0
702,0.0
702,2.0
702,0.0
702,0.0
703,7.0
703,0.0
703,0.0
703,2.0
703,2.0
703,0.0
704,7.0
704,0.0
704,0.0
704,2.0
704,0.0
704,2.0
705,7.0
705,0.0
705,0.0
705,2.0
705,0.0
706,7.0
706,0.0
706,0.0
706,2.0
706,0.0
707,7.0
707,0.0
707,0.0
707,2.0
707,0.0
708,7.0
708,0.0
708,0.0
708,2.0
708,0.0
709,7.0
709,0.0
709,0.0
709,2.0
709,0.0
710,7.0
710,0.0
710,2.0
710,0.0
710,0.0
711,7.0
711,2.0
711,0.0
711,0.0
711,0.0
712,7.0
712,2.0
712,0.0
712,0.0
713,7.0
713,2.0
713,0.0
713,0.0
714,7.0
714,2.0
714,0.0
714,0.0
715,7.0
715,2.0
715,0.0
715,0.0
716,7.0
716,0.0
716,2.0
716,0.0
716,0.0
717,7.0
717,2.0
717,0.0
717,0.0
718,7.0
718,0.0
718,2.0
718,0.0
719,7.0
719,0.0
719,2.0
719,0.0
720,7.0
720,0.0
720,2.0
720,0.0
721,7.0
721,0.0
721,2.0
722,7.0
722,0.0
722,2.0
722,0.0
723,7.0
723,0.0
723,0.0
723,2.0
724,7.0
724,0.0
724,2.0
724,0.0
725,7.0
725,0.0
725,2.0
725,0.0
726,7.0
726,0.0
726,2.0
726,0.0
727,7.0
727,0.0
727,2.0
728,7.0
728,2.0
728,0.0
728,0.0
728,0.0
729,7.0
729,2.0
729,0.0
729,0.0
729,0.0
730,7.0
730,2.0
730,2.0
731,7.0
731,2.0
731,2.0
732,7.0
732,2.0
733,7.0
733,2.0
733,2.0
733,0.0
734,7.0
734,2.0
735,7.0
735,2.0
736,7.0
736,2.0
737,7.0
737,2.0
738,7.0
738,2.0
738,2.0
739,7.0
739,2.0
740,7.0
740,2.0
740,0.0
741,7.0
741,2.0
742,7.0
742,2.0
742,2.0
742,2.0
743,7.0
743,2.0
743,2.0
743,2.0
744,7.0
744,2.0
744,2.0
744,2.0
745,7.0
745,2.0
745,2.0
745,0.0
746,7.0
746,2.0
746,2.0
746,0.0
746,0.0
747,7.0
747,2.0
747,2.0
747,2.0
748,7.0
748,2.0
748,2.0
748,2.0
749,7.0
749,2.0
749,2.0
749,2.0
750,7.0
750,2.0
750,2.0
751,7.0
751,2.0
751,2.0
752,7.0
752,2.0
752,2.0
752,2.0
753,7.0
753,2.0
753,2.0
753,2.0
754,7.0
754,2.0
755,7.0
755,2.0
756,7.0
756,2.0
756,2.0
757,7.0
757,2.0
757,2.0
758,7.0
758,2.0
758,2.0
759,7.0
759,2.0
759,2.0
760,7.0
760,2.0
760,2.0
760,0.0
761,7.0
761,2.0
761,2.0
761,0.0
762,7.0
762,2.0
762,0.0
762,2.0
763,7.0
763,2.0
763,2.0
763,0.0
764,7.0
764,2.0
764,2.0
765,7.0
765,2.0
765,0.0
765,2.0
766,7.0
766,2.0
767,7.0
767,2.0
768,7.0
768,2.0
768,0.0
769,7.0
769,2.0
769,0.0
770,7.0
770,2.0
771,7.0
771,2.0
771,0.0
772,7.0
772,0.0
772,2.0
773,7.0
773,0.0
773,2.0
774,7.0
774,0.0
774,2.0
775,7.0
775,0.0
775,2.0
776,7.0
776,0.0
776,2.0
777,7.0
777,0.0
777,2.0
777,2.0
778,7.0
778,2.0
778,0.0
778,2.0
779,7.0
779,2.0
779,0.0
779,2.0
780,7.0
780,2.0
780,0.0
781,7.0
781,2.0
781,0.0
781,0.0
782,7.0
782,2.0
782,0.0
782,0.0
783,7.0
783,2.0
783,0.0
783,0.0
783,2.0
784,7.0
784,2.0
784,0.0
784,0.0
785,7.0
785,2.0
785,0.0
785,0.0
785,2.0
786,7.0
786,2.0
786,0.0
786,2.0
786,0.0
787,7.0
787,2.0
787,0.0
787,0.0
787,2.0
788,7.0
788,2.0
788,0.0
788,2.0
789,7.0
789,2.0
789,0.0
789,0.0
789,2.0
790,7.0
790,2.0
790,0.0
790,2.0
790,0.0
791,7.0
791,2.0
791,0.0
791,2.0
791,0.0
792,7.0
792,2.0
792,0.0
792,2.0
792,0.0
793,7.0
793,2.0
793,0.0
793,2.0
793,0.0
794,7.0
794,0.0
794,2.0
794,2.0
795,7.0
795,0.0
795,2.0
795,2.0
796,7.0
796,2.0
796,0.0
796,2.0
797,7.0
797,2.0
797,0.0
797,2.0
798,7.0
798,0.0
798,2.0
798,2.0
799,0.0
799,7.0
799,2.0
799,2.0
800,7.0
800,0.0
800,2.0
800,2.0
801,7.0
801,2.0
801,0.0
801,2.0
801,3.0
802,7.0
802,2.0
802,0.0
802,2.0
803,7.0
803,2.0
803,0.0
803,2.0
804,7.0
804,2.0
804,0.0
804,2.0
805,7.0
805,0.0
805,2.0
805,2.0
805,0.0
806,7.0
806,0.0
806,2.0
806,2.0
806,2.0
806,0.0
807,7.0
807,2.0
807,0.0
807,2.0
807,0.0
807,2.0
808,7.0
808,2.0
808,0.0
808,2.0
808,0.0
808,2.0
809,7.0
809,2.0
809,0.0
809,2.0
809,0.0
809,2.0
810,7.0
810,2.0
810,0.0
810,2.0
810,2.0
811,7.0
811,2.0
811,2.0
811,0.0
811,2.0
812,7.0
812,2.0
812,2.0
812,0.0
812,2.0
813,7.0
813,2.0
813,2.0
813,0.0
813,2.0
814,7.0
814,2.0
814,0.0
814,2.0
814,2.0
815,7.0
815,2.0
815,0.0
815,2.0
815,2.0
816,7.0
816,0.0
816,2.0
816,2.0
816,2.0
817,7.0
817,0.0
817,2.0
817,2.0
817,0.0
818,7.0
818,0.0
818,2.0
818,2.0
818,2.0
819,7.0
819,2.0
819,0.0
819,2.0
820,7.0
820,0.0
820,2.0
820,2.0
821,7.0
821,0.0
821,2.0
821,2.0
822,7.0
822,0.0
822,2.0
822,2.0
822,2.0
823,7.0
823,0.0
823,2.0
823,2.0
824,7.0
824,2.0
824,2.0
824,0.0
824,2.0
824,2.0
825,7.0
825,2.0
825,2.0
825,2.0
826,7.0
826,2.0
826,0.0
826,2.0
826,2.0
827,7.0
827,2.0
827,0.0
827,2.0
827,2.0
828,7.0
828,2.0
828,0.0
828,2.0
829,7.0
829,2.0
829,2.0
829,2.0
830,7.0
830,2.0
830,2.0
831,7.0
831,2.0
831,2.0
832,7.0
832,2.0
832,2.0
833,7.0
833,2.0
833,2.0
834,7.0
834,2.0
834,2.0
834,0.0
835,7.0
835,2.0
835,2.0
836,7.0
836,2.0
836,2.0
836,2.0
837,7.0
837,2.0
837,2.0
837,2.0
838,7.0
838,2.0
838,2.0
838,2.0
839,7.0
839,2.0
839,2.0
839,2.0
840,7.0
840,2.0
840,2.0
840,2.0
841,7.0
841,2.0
841,0.0
841,2.0
841,2.0
842,7.0
842,2.0
842,0.0
842,2.0
842,2.0
843,7.0
843,2.0
843,0.0
843,2.0
843,2.0
844,7.0
844,2.0
844,2.0
844,2.0
844,0.0
845,7.0
845,2.0
845,2.0
845,2.0
845,0.0
846,7.0
846,2.0
846,0.0
846,2.0
846,2.0
847,7.0
847,2.0
847,0.0
847,2.0
847,2.0
848,7.0
848,0.0
848,2.0
848,2.0
848,2.0
849,7.0
849,2.0
849,0.0
849,2.0
849,2.0
850,7.0
850,2.0
850,2.0
850,0.0
850,2.0
851,7.0
851,2.0
851,2.0
851,0.0
851,2.0
852,7.0
852,2.0
852,2.0
852,2.0
852,0.0
853,7.0
853,0.0
853,2.0
853,2.0
853,2.0
854,7.0
854,0.0
854,2.0
854,2.0
854,2.0
855,7.0
855,0.0
855,2.0
855,2.0
856,7.0
856,0.0
856,2.0
856,2.0
857,7.0
857,0.0
857,2.0
857,2.0
858,7.0
858,0.0
858,2.0
858,2.0
859,7.0
859,0.0
859,2.0
860,7.0
860,0.0
860,2.0
860,2.0
860,2.0
861,7.0
861,0.0
861,2.0
861,2.0
861,2.0
862,7.0
862,2.0
862,0.0
862,2.0
862,2.0
863,7.0
863,2.0
863,0.0
863,2.0
863,2.0
864,7.0
864,2.0
864,0.0
864,2.0
864,2.0
865,7.0
865,2.0
865,2.0
865,2.0
866,7.0
866,2.0
866,2.0
866,2.0
866,0.0
867,7.0
867,2.0
867,2.0
867,0.0
868,7.0
868,0.0
868,2.0
868,2.0
868,2.0
869,7.0
869,0.0
869,2.0
869,2.0
869,2.0
870,7.0
870,2.0
870,2.0
870,2.0
870,0.0
871,7.0
871,2.0
871,2.0
871,0.0
871,2.0
872,7.0
872,2.0
872,2.0
873,7.0
873,2.0
873,2.0
874,7.0
874,2.0
874,2.0
874,0.0
875,7.0
875,2.0
875,2.0
875,0.0
876,7.0
876,2.0
876,2.0
876,0.0
877,7.0
877,2.0
877,2.0
878,7.0
878,2.0
878,2.0
878,0.0
879,7.0
879,2.0
879,2.0
879,0.0
880,7.0
880,2.0
880,2.0
880,0.0
881,7.0
881,2.0
881,2.0
881,0.0
882,7.0
882,2.0
882,0.0
882,2.0
882,0.0
883,7.0
883,2.0
883,0.0
883,2.0
884,7.0
884,0.0
884,2.0
884,2.0
885,7.0
885,0.0
885,2.0
885,2.0
886,7.0
886,0.0
886,2.0
886,2.0
887,7.0
887,0.0
887,2.0
887,2.0
888,7.0
888,0.0
888,2.0
888,2.0
889,7.0
889,2.0
889,2.0
889,0.0
889,0.0
890,7.0
890,2.0
890,2.0
890,0.0
890,0.0
891,7.0
891,2.0
891,2.0
891,0.0
892,7.0
892,2.0
892,2.0
892,0.0
893,7.0
893,2.0
893,2.0
893,0.0
894,7.0
894,0.0
894,0.0
894,2.0
894,2.0
895,7.0
895,0.0
895,2.0
895,0.0
895,2.0
896,7.0
896,2.0
896,2.0
896,0.0
897,7.0
897,2.0
897,2.0
898,7.0
898,2.0
898,2.0
898,0.0
899,7.0
899,2.0
899,2.0
899,0.0
900,7.0
900,2.0
900,2.0
900,0.0
901,7.0
901,2.0
901,2.0
901,0.0
902,7.0
902,2.0
902,2.0
903,7.0
903,2.0
904,7.0
904,2.0
905,7.0
905,2.0
906,7.0
906,2.0
906,2.0
907,7.0
907,2.0
907,2.0
908,7.0
908,2.0
908,0.0
909,7.0
909,2.0
909,0.0
910,7.0
910,3.0
910,2.0
910,0.0
910,0.0
910,2.0
911,7.0
911,3.0
911,2.0
911,0.0
911,0.0
912,7.0
912,2.0
912,0.0
912,3.0
912,0.0
913,7.0
913,3.0
913,2.0
913,0.0
913,0.0
913,2.0
914,7.0
914,3.0
914,2.0
914,0.0
914,0.0
914,2.0
915,7.0
915,2.0
915,0.0
915,3.0
915,2.0
916,7.0
916,3.0
916,0.0
916,2.0
917,7.0
917,3.0
917,0.0
917,2.0
918,7.0
918,2.0
918,0.0
