1,56.0
1,56.0
1,62.0
2,56.0
2,56.0
2,62.0
3,56.0
3,56.0
3,62.0
4,56.0
4,56.0
4,62.0
5,56.0
5,56.0
5,62.0
6,56.0
6,56.0
6,62.0
7,56.0
7,56.0
7,62.0
8,56.0
8,56.0
8,62.0
9,56.0
9,56.0
9,62.0
10,56.0
10,56.0
10,62.0
11,56.0
11,56.0
11,62.0
12,56.0
12,56.0
12,62.0
13,56.0
13,56.0
13,62.0
14,56.0
14,56.0
14,62.0
15,56.0
15,56.0
15,62.0
16,56.0
16,56.0
16,62.0
17,56.0
17,56.0
17,62.0
18,56.0
18,56.0
18,62.0
19,56.0
19,56.0
19,62.0
20,56.0
20,56.0
20,62.0
21,56.0
21,56.0
21,62.0
22,56.0
22,56.0
22,62.0
23,56.0
23,56.0
23,62.0
24,56.0
24,56.0
24,62.0
25,56.0
25,56.0
25,62.0
26,56.0
26,56.0
26,62.0
27,56.0
27,56.0
27,62.0
28,56.0
28,56.0
28,62.0
29,56.0
29,56.0
29,62.0
30,56.0
30,56.0
30,62.0
31,56.0
31,56.0
31,62.0
32,56.0
32,56.0
32,62.0
33,56.0
33,56.0
33,62.0
34,56.0
34,56.0
34,62.0
35,56.0
35,56.0
35,62.0
36,56.0
36,56.0
36,62.0
37,56.0
37,56.0
37,62.0
38,56.0
38,56.0
38,62.0
39,56.0
39,56.0
39,62.0
40,56.0
40,56.0
40,62.0
41,56.0
41,56.0
41,62.0
42,56.0
42,56.0
42,62.0
43,56.0
43,56.0
43,62.0
44,56.0
44,56.0
44,62.0
45,56.0
45,56.0
45,62.0
46,56.0
46,56.0
46,62.0
47,56.0
47,56.0
47,62.0
48,56.0
48,56.0
48,62.0
49,56.0
49,56.0
49,62.0
50,56.0
50,56.0
50,62.0
51,56.0
51,56.0
51,62.0
52,56.0
52,56.0
52,62.0
53,56.0
53,56.0
53,62.0
54,56.0
54,56.0
54,62.0
55,56.0
55,56.0
55,62.0
56,56.0
56,56.0
56,62.0
57,56.0
57,56.0
57,62.0
58,56.0
58,56.0
58,62.0
59,56.0
59,56.0
59,62.0
60,56.0
60,56.0
60,62.0
61,56.0
61,56.0
61,62.0
62,56.0
62,56.0
62,62.0
63,56.0
63,56.0
63,62.0
64,56.0
64,56.0
64,62.0
65,56.0
65,56.0
65,62.0
66,56.0
66,56.0
66,62.0
67,56.0
67,56.0
67,62.0
68,56.0
68,56.0
68,62.0
69,56.0
69,56.0
69,62.0
70,56.0
70,56.0
70,62.0
71,56.0
71,56.0
71,62.0
72,56.0
72,56.0
72,62.0
73,56.0
73,56.0
73,62.0
74,56.0
74,56.0
74,62.0
75,56.0
75,56.0
75,62.0
76,56.0
76,56.0
76,62.0
77,56.0
77,56.0
77,62.0
78,56.0
78,56.0
78,62.0
79,56.0
79,56.0
79,62.0
80,56.0
80,56.0
80,62.0
81,56.0
81,56.0
81,62.0
82,56.0
82,56.0
82,62.0
83,56.0
83,56.0
83,62.0
84,56.0
84,56.0
84,62.0
85,56.0
85,56.0
85,62.0
86,56.0
86,56.0
86,62.0
87,56.0
87,56.0
87,62.0
88,56.0
88,56.0
88,62.0
89,56.0
89,56.0
89,62.0
90,56.0
90,56.0
90,62.0
91,56.0
91,56.0
91,62.0
92,56.0
92,56.0
92,62.0
93,56.0
93,56.0
93,62.0
94,56.0
94,56.0
94,62.0
95,56.0
95,56.0
95,62.0
96,56.0
96,56.0
96,62.0
97,56.0
97,56.0
97,62.0
98,56.0
98,56.0
98,62.0
99,56.0
99,56.0
99,62.0
100,56.0
100,56.0
100,62.0
101,56.0
101,56.0
101,62.0
102,56.0
102,56.0
102,62.0
103,56.0
103,56.0
103,62.0
104,56.0
104,56.0
104,62.0
105,56.0
105,56.0
105,62.0
106,56.0
106,56.0
106,62.0
107,56.0
107,56.0
107,62.0
108,56.0
108,56.0
108,62.0
109,56.0
109,56.0
109,62.0
110,56.0
110,56.0
110,62.0
111,56.0
111,56.0
111,62.0
112,56.0
112,56.0
112,62.0
113,56.0
113,56.0
113,62.0
114,56.0
114,56.0
114,62.0
115,56.0
115,56.0
115,62.0
116,56.0
116,56.0
116,62.0
117,56.0
117,56.0
117,62.0
118,56.0
118,56.0
118,62.0
119,56.0
119,56.0
119,62.0
120,56.0
120,56.0
120,62.0
121,56.0
121,56.0
121,62.0
122,56.0
122,56.0
122,62.0
123,56.0
123,56.0
123,62.0
124,56.0
124,56.0
124,62.0
125,56.0
125,56.0
125,62.0
126,56.0
126,56.0
126,62.0
127,56.0
127,56.0
127,62.0
128,56.0
128,56.0
128,62.0
129,56.0
129,56.0
130,56.0
130,56.0
131,56.0
131,56.0
132,56.0
132,56.0
133,56.0
133,56.0
134,56.0
134,56.0
135,56.0
135,56.0
136,56.0
136,56.0
137,56.0
137,56.0
138,56.0
138,56.0
139,56.0
139,56.0
140,56.0
140,56.0
141,56.0
141,56.0
142,56.0
142,56.0
143,56.0
143,56.0
144,56.0
144,56.0
145,56.0
145,56.0
146,56.0
146,56.0
147,56.0
147,56.0
148,56.0
148,56.0
149,56.0
149,56.0
150,56.0
150,56.0
151,56.0
151,56.0
152,56.0
152,56.0
153,56.0
153,56.0
154,56.0
154,56.0
155,56.0
155,56.0
156,56.0
156,56.0
157,56.0
157,56.0
158,56.0
158,56.0
159,56.0
159,56.0
160,56.0
160,56.0
161,56.0
161,56.0
162,56.0
162,56.0
163,56.0
163,56.0
164,56.0
164,56.0
165,56.0
165,56.0
166,56.0
166,56.0
167,56.0
167,56.0
168,56.0
168,56.0
169,56.0
169,56.0
170,56.0
170,56.0
171,56.0
171,56.0
171,62.0
172,56.0
172,56.0
172,62.0
173,56.0
173,56.0
173,62.0
174,56.0
174,56.0
174,62.0
175,56.0
175,56.0
175,62.0
176,56.0
176,56.0
176,62.0
177,56.0
177,56.0
177,62.0
178,56.0
178,56.0
178,62.0
179,56.0
179,56.0
179,62.0
180,56.0
180,56.0
180,62.0
181,56.0
181,56.0
181,62.0
182,56.0
182,56.0
182,62.0
183,56.0
183,56.0
183,62.0
184,56.0
184,56.0
184,0.0
184,62.0
185,56.0
185,56.0
185,0.0
185,62.0
186,56.0
186,56.0
186,62.0
186,0.0
187,56.0
187,56.0
187,0.0
187,62.0
188,56.0
188,56.0
188,62.0
188,0.0
189,56.0
189,56.0
189,62.0
190,56.0
190,56.0
190,62.0
191,56.0
191,56.0
191,62.0
192,56.0
192,56.0
192,0.0
192,62.0
193,56.0
193,56.0
193,0.0
193,62.0
194,56.0
194,56.0
194,0.0
194,56.0
194,62.0
195,56.0
195,56.0
195,0.0
195,56.0
195,62.0
196,56.0
196,56.0
196,0.0
196,56.0
196,62.0
197,56.0
197,56.0
197,0.0
197,56.0
197,62.0
198,56.0
198,56.0
198,0.0
198,56.0
198,62.0
199,56.0
199,56.0
199,0.0
199,56.0
200,56.0
200,56.0
200,0.0
200,56.0
201,56.0
201,0.0
201,56.0
201,56.0
201,62.0
202,0.0
202,56.0
202,56.0
202,56.0
202,62.0
203,0.0
203,56.0
203,56.0
203,56.0
203,62.0
204,56.0
204,56.0
204,0.0
204,62.0
205,56.0
205,56.0
205,0.0
205,62.0
206,56.0
206,56.0
206,62.0
207,56.0
207,56.0
207,62.0
207,56.0
208,56.0
208,0.0
208,56.0
208,56.0
208,62.0
209,56.0
209,0.0
209,56.0
209,56.0
209,62.0
210,56.0
210,0.0
210,56.0
210,62.0
211,56.0
211,56.0
211,56.0
211,62.0
212,56.0
212,56.0
212,0.0
212,62.0
212,56.0
213,56.0
213,56.0
213,0.0
213,62.0
214,56.0
214,56.0
215,56.0
215,56.0
215,62.0
216,56.0
216,0.0
216,62.0
217,0.0
217,56.0
217,62.0
218,56.0
218,62.0
219,62.0
220,62.0
221,62.0
222,62.0
223,62.0
224,56.0
224,62.0
225,0.0
225,62.0
226,0.0
226,62.0
227,0.0
227,62.0
228,0.0
228,62.0
229,0.0
229,62.0
230,0.0
230,62.0
230,56.0
231,0.0
231,62.0
232,0.0
232,62.0
232,56.0
233,0.0
233,62.0
233,56.0
234,0.0
234,62.0
234,56.0
235,0.0
235,56.0
235,62.0
236,0.0
236,62.0
236,56.0
237,56.0
237,62.0
238,62.0
239,62.0
240,62.0
241,62.0
241,56.0
242,62.0
242,56.0
243,56.0
243,62.0
244,56.0
244,62.0
245,56.0
245,62.0
246,56.0
246,62.0
247,56.0
247,0.0
247,62.0
248,0.0
248,56.0
248,62.0
249,0.0
249,62.0
249,56.0
250,56.0
250,62.0
250,0.0
251,56.0
251,0.0
251,62.0
252,56.0
252,62.0
253,56.0
253,62.0
254,0.0
254,62.0
254,56.0
255,56.0
255,62.0
255,0.0
256,56.0
256,62.0
256,0.0
256,56.0
257,56.0
257,62.0
257,0.0
258,56.0
258,0.0
258,62.0
258,56.0
259,0.0
259,56.0
259,62.0
260,56.0
260,0.0
260,62.0
261,56.0
261,0.0
261,62.0
261,56.0
262,56.0
262,56.0
262,0.0
262,62.0
263,56.0
263,56.0
263,0.0
263,62.0
264,56.0
264,56.0
264,0.0
264,62.0
265,56.0
265,0.0
265,56.0
265,62.0
266,56.0
266,0.0
266,56.0
266,62.0
267,56.0
267,56.0
267,0.0
267,62.0
268,56.0
268,0.0
268,56.0
268,62.0
269,56.0
269,0.0
269,56.0
269,62.0
270,56.0
270,0.0
270,56.0
270,62.0
271,56.0
271,0.0
271,56.0
271,62.0
272,56.0
272,0.0
272,56.0
272,62.0
273,56.0
273,0.0
273,56.0
273,62.0
274,56.0
274,0.0
274,56.0
274,62.0
275,56.0
275,0.0
275,56.0
275,62.0
276,56.0
276,0.0
276,56.0
276,62.0
277,56.0
277,0.0
277,56.0
277,62.0
278,56.0
278,0.0
278,56.0
278,62.0
279,56.0
279,0.0
279,56.0
279,62.0
280,56.0
280,56.0
280,0.0
280,62.0
281,56.0
281,56.0
281,0.0
281,62.0
282,56.0
282,56.0
282,0.0
282,62.0
283,56.0
283,56.0
283,0.0
283,62.0
284,56.0
284,56.0
284,0.0
284,62.0
285,56.0
285,56.0
285,0.0
285,62.0
286,56.0
286,56.0
286,0.0
286,62.0
287,56.0
287,56.0
287,0.0
287,62.0
288,56.0
288,56.0
288,0.0
288,62.0
289,56.0
289,56.0
289,0.0
289,62.0
290,56.0
290,0.0
290,56.0
290,62.0
291,56.0
291,56.0
291,0.0
291,62.0
292,56.0
292,56.0
292,0.0
292,62.0
293,56.0
293,56.0
293,0.0
293,62.0
294,56.0
294,0.0
294,56.0
294,62.0
295,56.0
295,0.0
295,56.0
295,62.0
296,56.0
296,0.0
296,56.0
296,62.0
297,0.0
297,56.0
297,56.0
297,62.0
298,56.0
298,0.0
298,56.0
298,62.0
299,56.0
299,0.0
299,56.0
299,62.0
300,0.0
300,56.0
300,56.0
300,62.0
301,56.0
301,0.0
301,56.0
301,62.0
302,56.0
302,56.0
302,0.0
302,62.0
303,0.0
303,56.0
303,56.0
303,62.0
304,0.0
304,56.0
304,56.0
304,62.0
305,0.0
305,56.0
305,56.0
305,62.0
306,0.0
306,56.0
306,56.0
306,62.0
307,0.0
307,56.0
307,56.0
307,62.0
308,56.0
308,0.0
308,56.0
308,62.0
309,0.0
309,56.0
309,56.0
309,62.0
310,0.0
310,56.0
310,56.0
310,62.0
311,0.0
311,56.0
311,56.0
311,62.0
312,56.0
312,0.0
312,56.0
312,62.0
313,0.0
313,56.0
313,56.0
313,62.0
314,0.0
314,56.0
314,56.0
314,62.0
315,0.0
315,56.0
315,56.0
315,62.0
316,56.0
316,0.0
316,56.0
316,62.0
317,56.0
317,0.0
317,56.0
317,62.0
318,56.0
318,56.0
318,0.0
318,62.0
319,56.0
319,56.0
319,0.0
319,62.0
320,56.0
320,0.0
320,56.0
320,62.0
321,56.0
321,56.0
321,0.0
321,62.0
322,56.0
322,56.0
322,0.0
322,62.0
323,56.0
323,56.0
323,0.0
323,62.0
324,56.0
324,56.0
324,0.0
324,62.0
325,56.0
325,56.0
325,0.0
325,62.0
326,56.0
326,56.0
326,0.0
326,62.0
327,56.0
327,0.0
327,56.0
327,62.0
328,0.0
328,56.0
328,56.0
328,62.0
329,0.0
329,56.0
329,56.0
329,62.0
330,0.0
330,56.0
330,56.0
330,62.0
331,56.0
331,0.0
331,56.0
331,62.0
332,56.0
332,0.0
332,56.0
332,62.0
333,56.0
333,0.0
333,56.0
333,62.0
334,0.0
334,56.0
334,56.0
334,62.0
335,0.0
335,56.0
335,56.0
335,62.0
336,0.0
336,56.0
336,56.0
336,62.0
337,0.0
337,56.0
337,56.0
337,62.0
338,56.0
338,0.0
338,56.0
338,62.0
339,0.0
339,56.0
339,56.0
339,62.0
340,0.0
340,56.0
340,56.0
340,62.0
341,56.0
341,0.0
341,56.0
341,62.0
342,0.0
342,56.0
342,56.0
342,62.0
343,0.0
343,56.0
343,56.0
343,62.0
344,0.0
344,56.0
344,56.0
344,62.0
345,0.0
345,56.0
345,56.0
345,62.0
346,0.0
346,56.0
346,56.0
346,62.0
347,0.0
347,56.0
347,56.0
347,62.0
348,0.0
348,56.0
348,56.0
348,62.0
349,56.0
349,0.0
349,56.0
349,62.0
350,56.0
350,0.0
350,56.0
350,62.0
351,56.0
351,0.0
351,56.0
351,62.0
352,56.0
352,0.0
352,56.0
352,62.0
353,56.0
353,0.0
353,56.0
353,62.0
354,56.0
354,0.0
354,56.0
354,62.0
355,56.0
355,0.0
355,56.0
355,62.0
356,56.0
356,56.0
356,0.0
356,62.0
357,56.0
357,0.0
357,56.0
357,62.0
358,56.0
358,0.0
358,56.0
358,62.0
359,56.0
359,0.0
359,56.0
359,62.0
360,56.0
360,56.0
360,0.0
360,62.0
361,56.0
361,56.0
361,0.0
361,62.0
362,56.0
362,56.0
362,0.0
362,62.0
363,56.0
363,56.0
363,0.0
363,62.0
364,56.0
364,56.0
364,0.0
364,62.0
365,56.0
365,56.0
365,0.0
365,62.0
366,56.0
366,0.0
366,56.0
366,62.0
367,0.0
367,56.0
367,56.0
367,62.0
368,56.0
368,0.0
368,56.0
368,62.0
369,0.0
369,56.0
369,56.0
369,62.0
370,0.0
370,56.0
370,56.0
370,62.0
371,0.0
371,56.0
371,56.0
371,62.0
372,0.0
372,56.0
372,56.0
372,62.0
373,0.0
373,56.0
373,56.0
373,62.0
374,0.0
374,56.0
374,56.0
374,62.0
375,0.0
375,56.0
375,56.0
375,62.0
376,0.0
376,56.0
376,56.0
376,62.0
377,0.0
377,56.0
377,56.0
377,62.0
378,0.0
378,56.0
378,56.0
378,62.0
379,0.0
379,56.0
379,62.0
379,56.0
380,0.0
380,56.0
380,62.0
381,0.0
381,56.0
381,62.0
382,0.0
382,56.0
382,62.0
383,0.0
383,56.0
383,62.0
384,0.0
384,56.0
384,62.0
385,0.0
385,56.0
385,62.0
386,0.0
386,56.0
386,62.0
387,0.0
387,56.0
387,62.0
388,0.0
388,56.0
388,62.0
389,0.0
389,56.0
389,62.0
390,0.0
390,56.0
390,62.0
391,0.0
391,56.0
391,62.0
392,0.0
392,56.0
392,62.0
393,0.0
393,56.0
393,62.0
394,0.0
394,56.0
394,62.0
395,0.0
395,56.0
395,62.0
396,0.0
396,62.0
396,56.0
397,0.0
397,62.0
397,56.0
398,0.0
398,62.0
398,56.0
399,0.0
399,62.0
399,56.0
400,0.0
400,62.0
400,56.0
401,0.0
401,56.0
401,62.0
402,0.0
402,62.0
403,0.0
403,62.0
404,0.0
404,62.0
405,0.0
405,62.0
406,0.0
406,62.0
407,0.0
407,62.0
408,0.0
408,62.0
409,0.0
409,62.0
409,56.0
410,0.0
410,62.0
411,0.0
411,62.0
412,0.0
412,62.0
413,0.0
413,62.0
414,0.0
414,62.0
415,0.0
415,62.0
416,0.0
416,62.0
417,0.0
417,62.0
418,0.0
418,62.0
419,0.0
419,62.0
420,0.0
420,62.0
421,0.0
421,62.0
422,0.0
422,62.0
423,0.0
423,62.0
424,0.0
424,62.0
425,0.0
425,62.0
426,0.0
426,62.0
427,0.0
427,62.0
428,0.0
428,62.0
429,0.0
429,62.0
430,0.0
430,62.0
431,0.0
431,62.0
432,0.0
432,62.0
433,0.0
433,62.0
434,0.0
434,62.0
435,0.0
435,62.0
436,0.0
436,62.0
437,0.0
437,62.0
438,0.0
438,62.0
439,0.0
439,62.0
440,0.0
440,62.0
441,0.0
441,62.0
442,0.0
442,62.0
443,0.0
443,62.0
444,0.0
444,62.0
445,0.0
445,62.0
446,0.0
447,0.0
447,62.0
448,0.0
448,56.0
448,62.0
449,0.0
449,56.0
449,62.0
450,0.0
450,56.0
450,62.0
451,0.0
451,56.0
451,62.0
452,0.0
452,56.0
452,62.0
453,0.0
453,62.0
454,0.0
454,56.0
454,62.0
455,0.0
455,56.0
455,62.0
456,0.0
456,56.0
456,62.0
457,0.0
457,56.0
458,0.0
458,56.0
458,62.0
459,0.0
459,56.0
460,0.0
460,56.0
460,62.0
461,0.0
461,56.0
462,56.0
462,62.0
462,0.0
463,56.0
463,0.0
463,62.0
464,56.0
464,0.0
464,62.0
465,56.0
465,62.0
465,0.0
465,16.0
466,56.0
466,62.0
466,16.0
467,56.0
467,62.0
467,16.0
468,56.0
468,16.0
468,62.0
469,56.0
469,62.0
469,16.0
470,56.0
470,62.0
471,56.0
471,62.0
471,77.0
472,56.0
472,62.0
472,0.0
473,56.0
473,62.0
473,0.0
474,56.0
474,0.0
474,62.0
475,56.0
475,62.0
476,56.0
476,62.0
477,56.0
477,62.0
478,56.0
478,62.0
478,16.0
479,56.0
479,62.0
479,16.0
480,56.0
480,16.0
480,62.0
481,56.0
481,62.0
481,56.0
482,56.0
482,62.0
482,16.0
483,56.0
483,0.0
483,62.0
484,56.0
484,0.0
484,62.0
485,56.0
485,0.0
485,62.0
486,56.0
486,62.0
486,0.0
486,56.0
487,56.0
487,62.0
487,0.0
488,56.0
488,62.0
488,0.0
488,16.0
489,56.0
489,62.0
490,56.0
490,62.0
491,56.0
491,62.0
492,56.0
492,62.0
493,56.0
493,62.0
494,56.0
494,62.0
495,56.0
495,62.0
496,56.0
496,62.0
496,16.0
497,56.0
497,62.0
497,16.0
498,56.0
498,62.0
498,16.0
499,56.0
499,62.0
500,56.0
500,62.0
501,56.0
501,62.0
502,56.0
502,62.0
503,56.0
503,62.0
504,56.0
504,62.0
505,56.0
505,62.0
506,56.0
506,62.0
507,56.0
507,62.0
507,77.0
508,56.0
508,77.0
508,62.0
509,56.0
509,77.0
509,62.0
510,62.0
510,77.0
510,56.0
511,62.0
511,56.0
512,62.0
513,62.0
514,62.0
515,62.0
516,62.0
517,62.0
518,62.0
519,62.0
520,62.0
521,62.0
522,62.0
523,62.0
524,62.0
525,62.0
526,62.0
527,62.0
528,62.0
529,62.0
530,62.0
531,62.0
532,62.0
533,62.0
534,62.0
535,62.0
536,62.0
537,62.0
538,62.0
539,62.0
540,62.0
541,62.0
542,62.0
543,62.0
544,62.0
545,62.0
546,62.0
547,62.0
548,62.0
549,62.0
550,16.0
550,62.0
551,16.0
551,62.0
552,62.0
552,16.0
553,62.0
553,16.0
554,62.0
554,56.0
555,62.0
555,56.0
556,62.0
557,62.0
558,62.0
558,56.0
559,62.0
559,56.0
560,62.0
560,56.0
561,62.0
561,56.0
562,62.0
562,56.0
563,62.0
563,56.0
564,62.0
564,56.0
565,62.0
565,56.0
566,62.0
566,56.0
567,62.0
567,56.0
568,62.0
568,56.0
569,62.0
569,56.0
570,62.0
570,56.0
571,62.0
571,56.0
572,56.0
572,62.0
573,56.0
573,62.0
574,56.0
574,62.0
575,56.0
575,62.0
576,56.0
576,62.0
577,56.0
577,62.0
578,56.0
578,62.0
579,56.0
579,62.0
580,56.0
580,62.0
581,56.0
581,62.0
582,56.0
582,62.0
583,56.0
583,62.0
584,56.0
584,62.0
585,56.0
585,62.0
586,56.0
586,62.0
587,56.0
587,62.0
588,56.0
588,62.0
589,56.0
589,62.0
590,56.0
590,62.0
591,56.0
591,62.0
592,56.0
592,62.0
593,56.0
593,62.0
594,56.0
594,62.0
595,56.0
595,62.0
596,56.0
596,62.0
597,56.0
597,62.0
598,56.0
598,62.0
598,0.0
599,56.0
599,62.0
599,0.0
600,56.0
600,0.0
600,62.0
601,56.0
601,62.0
