1,7.0
2,7.0
3,7.0
4,7.0
5,7.0
6,7.0
7,7.0
8,7.0
9,7.0
10,7.0
11,7.0
12,7.0
13,7.0
14,7.0
15,7.0
16,7.0
17,7.0
18,7.0
19,7.0
20,7.0
21,7.0
22,7.0
23,7.0
24,7.0
25,7.0
26,7.0
27,7.0
28,7.0
29,7.0
30,7.0
31,7.0
32,7.0
33,7.0
34,7.0
35,7.0
36,7.0
37,7.0
38,7.0
39,7.0
40,7.0
41,7.0
42,7.0
43,7.0
44,7.0
45,7.0
46,7.0
47,7.0
48,7.0
49,7.0
50,7.0
51,7.0
52,7.0
53,7.0
54,7.0
55,7.0
56,7.0
57,7.0
58,7.0
59,7.0
60,7.0
61,7.0
62,7.0
63,7.0
64,7.0
65,7.0
65,0.0
66,7.0
66,0.0
67,7.0
67,0.0
68,7.0
68,0.0
69,7.0
69,0.0
70,7.0
71,7.0
72,7.0
73,7.0
74,7.0
75,7.0
76,7.0
77,7.0
78,7.0
79,7.0
80,7.0
81,7.0
82,7.0
83,7.0
84,7.0
85,7.0
86,7.0
87,7.0
88,7.0
89,7.0
90,7.0
91,7.0
92,7.0
93,7.0
94,7.0
95,7.0
96,7.0
97,7.0
98,7.0
99,7.0
100,7.0
101,7.0
102,7.0
103,7.0
104,7.0
105,7.0
106,7.0
107,7.0
108,7.0
109,7.0
110,7.0
111,7.0
112,7.0
113,7.0
114,7.0
115,7.0
116,7.0
117,7.0
118,7.0
119,7.0
120,7.0
125,67.0
125,7.0
126,67.0
126,7.0
127,7.0
127,67.0
128,7.0
128,67.0
129,7.0
129,67.0
130,0.0
130,7.0
131,0.0
131,7.0
132,0.0
132,7.0
133,0.0
133,7.0
134,0.0
134,7.0
135,7.0
136,7.0
137,7.0
138,7.0
139,7.0
140,7.0
141,7.0
142,7.0
143,7.0
144,7.0
145,7.0
146,7.0
147,7.0
148,7.0
149,7.0
150,0.0
150,7.0
151,0.0
151,7.0
152,0.0
152,7.0
153,0.0
153,7.0
154,0.0
154,7.0
155,0.0
155,7.0
156,0.0
156,7.0
157,0.0
157,7.0
158,0.0
158,7.0
159,0.0
159,7.0
160,0.0
160,7.0
161,0.0
161,7.0
162,0.0
162,7.0
163,0.0
163,7.0
164,0.0
164,7.0
165,0.0
165,7.0
166,0.0
166,7.0
167,0.0
167,7.0
168,0.0
168,7.0
169,0.0
169,7.0
170,0.0
171,0.0
172,0.0
173,0.0
174,0.0
175,0.0
176,0.0
177,0.0
178,0.0
179,0.0
180,0.0
180,7.0
181,0.0
181,7.0
182,0.0
182,7.0
183,0.0
183,7.0
184,0.0
184,7.0
185,0.0
185,7.0
186,0.0
186,7.0
187,0.0
187,7.0
188,0.0
188,7.0
189,0.0
189,7.0
190,0.0
190,7.0
191,0.0
191,7.0
192,0.0
192,7.0
193,0.0
193,7.0
194,0.0
194,7.0
195,0.0
195,7.0
196,0.0
196,7.0
197,0.0
197,7.0
198,0.0
198,7.0
199,0.0
199,7.0
200,0.0
200,7.0
201,0.0
201,7.0
202,0.0
202,7.0
203,0.0
203,7.0
204,0.0
204,7.0
205,0.0
205,7.0
206,0.0
206,7.0
207,0.0
207,7.0
208,0.0
208,7.0
209,0.0
209,7.0
210,0.0
210,7.0
211,0.0
211,7.0
212,0.0
212,7.0
213,0.0
213,7.0
214,0.0
214,7.0
215,0.0
215,7.0
216,0.0
216,7.0
217,0.0
217,7.0
218,0.0
218,7.0
219,0.0
219,7.0
220,0.0
220,7.0
221,0.0
221,7.0
222,0.0
222,7.0
223,0.0
223,7.0
224,0.0
224,7.0
225,0.0
226,0.0
227,0.0
228,0.0
229,0.0
230,0.0
230,7.0
231,0.0
231,7.0
232,0.0
232,7.0
233,0.0
233,7.0
234,0.0
234,7.0
235,0.0
235,7.0
236,0.0
236,7.0
237,0.0
237,7.0
238,0.0
238,7.0
239,0.0
239,7.0
240,0.0
241,0.0
242,0.0
243,0.0
244,0.0
245,0.0
245,7.0
246,0.0
246,7.0
247,0.0
247,7.0
248,0.0
248,7.0
249,0.0
249,7.0
250,0.0
250,7.0
251,0.0
251,7.0
252,0.0
252,7.0
253,0.0
253,7.0
254,0.0
254,7.0
255,0.0
255,7.0
256,0.0
256,7.0
257,0.0
257,7.0
258,0.0
258,7.0
259,0.0
259,7.0
260,0.0
260,28.0
260,7.0
261,0.0
261,28.0
261,7.0
262,0.0
262,28.0
262,7.0
263,0.0
263,28.0
263,7.0
264,0.0
264,28.0
264,7.0
265,0.0
265,28.0
265,7.0
266,0.0
266,28.0
267,0.0
267,28.0
268,0.0
268,28.0
269,0.0
269,28.0
270,0.0
270,7.0
271,0.0
271,7.0
272,0.0
272,7.0
273,0.0
273,7.0
274,0.0
274,7.0
275,0.0
275,67.0
276,0.0
276,67.0
277,0.0
277,67.0
278,0.0
278,67.0
279,0.0
279,67.0
280,0.0
280,7.0
281,0.0
281,7.0
282,0.0
282,7.0
283,0.0
283,7.0
284,0.0
284,7.0
285,0.0
285,7.0
285,0.0
286,0.0
286,7.0
286,0.0
287,0.0
287,7.0
287,0.0
288,0.0
288,7.0
288,0.0
289,0.0
289,7.0
289,0.0
300,0.0
301,0.0
302,0.0
303,0.0
304,0.0
305,0.0
305,7.0
306,0.0
306,7.0
307,0.0
307,7.0
308,0.0
308,7.0
309,0.0
309,7.0
310,0.0
310,0.0
310,7.0
311,0.0
311,0.0
311,7.0
312,0.0
312,0.0
312,7.0
313,0.0
313,0.0
313,7.0
314,0.0
314,0.0
314,7.0
315,0.0
315,7.0
316,0.0
316,7.0
317,0.0
317,7.0
318,0.0
318,7.0
319,0.0
319,7.0
320,7.0
320,0.0
321,7.0
321,0.0
322,7.0
322,0.0
323,7.0
323,0.0
324,7.0
324,0.0
325,7.0
325,0.0
326,7.0
326,0.0
327,7.0
327,0.0
328,7.0
328,0.0
329,7.0
329,0.0
330,0.0
330,0.0
330,28.0
331,0.0
331,0.0
331,28.0
332,0.0
332,0.0
332,28.0
333,0.0
333,0.0
333,28.0
334,0.0
334,0.0
334,28.0
335,0.0
335,28.0
335,0.0
336,0.0
336,28.0
336,0.0
337,0.0
337,28.0
337,0.0
338,0.0
338,28.0
338,0.0
339,0.0
339,28.0
339,0.0
340,28.0
340,67.0
341,28.0
342,28.0
343,28.0
344,28.0
345,15.0
346,15.0
347,15.0
348,15.0
349,15.0
350,0.0
351,0.0
352,0.0
353,0.0
354,0.0
355,0.0
356,0.0
357,0.0
358,0.0
359,0.0
360,0.0
360,0.0
360,67.0
361,0.0
361,0.0
361,67.0
362,0.0
362,0.0
362,67.0
363,0.0
363,0.0
363,67.0
364,0.0
364,0.0
364,67.0
365,0.0
365,0.0
365,0.0
366,0.0
366,0.0
366,0.0
367,0.0
367,0.0
367,0.0
368,0.0
368,0.0
368,0.0
369,0.0
369,0.0
369,0.0
370,0.0
370,0.0
370,67.0
371,0.0
371,0.0
371,67.0
372,0.0
372,0.0
372,67.0
373,0.0
373,0.0
373,67.0
374,0.0
374,0.0
374,67.0
375,0.0
375,0.0
376,0.0
376,0.0
377,0.0
377,0.0
378,0.0
378,0.0
379,0.0
379,0.0
380,0.0
380,0.0
381,0.0
381,0.0
382,0.0
382,0.0
383,0.0
383,0.0
384,0.0
384,0.0
385,0.0
385,0.0
386,0.0
386,0.0
387,0.0
387,0.0
388,0.0
388,0.0
389,0.0
389,0.0
390,0.0
390,28.0
390,67.0
390,0.0
391,0.0
391,28.0
391,0.0
391,67.0
392,0.0
392,28.0
392,0.0
392,67.0
393,0.0
393,28.0
393,0.0
393,67.0
394,0.0
394,28.0
394,0.0
394,67.0
405,0.0
405,0.0
406,0.0
406,0.0
407,0.0
407,0.0
408,0.0
408,0.0
409,0.0
409,0.0
410,0.0
410,7.0
411,0.0
411,7.0
412,0.0
412,7.0
413,0.0
413,7.0
414,0.0
414,7.0
415,0.0
415,7.0
416,0.0
416,7.0
417,0.0
417,7.0
418,0.0
418,7.0
419,0.0
419,7.0
420,7.0
421,7.0
422,7.0
423,7.0
424,7.0
425,0.0
425,28.0
426,0.0
426,28.0
427,0.0
427,28.0
428,0.0
428,28.0
429,0.0
429,28.0
435,0.0
436,0.0
437,0.0
438,0.0
439,0.0
440,7.0
441,7.0
442,7.0
443,7.0
444,7.0
445,7.0
446,7.0
447,7.0
448,7.0
449,7.0
450,7.0
451,7.0
452,7.0
453,7.0
454,7.0
455,7.0
456,7.0
457,7.0
458,7.0
459,7.0
460,0.0
460,28.0
461,0.0
461,28.0
462,0.0
462,28.0
463,0.0
463,28.0
464,0.0
464,28.0
465,0.0
465,0.0
465,28.0
466,0.0
466,0.0
466,28.0
467,0.0
467,0.0
467,28.0
468,0.0
468,0.0
468,28.0
469,0.0
469,0.0
469,28.0
470,0.0
470,28.0
471,0.0
471,28.0
472,0.0
472,28.0
473,0.0
473,28.0
474,0.0
474,28.0
475,0.0
475,28.0
476,0.0
476,28.0
477,0.0
477,28.0
478,0.0
478,28.0
479,0.0
479,28.0
480,28.0
480,0.0
481,28.0
481,0.0
482,28.0
482,0.0
483,28.0
483,0.0
484,28.0
484,0.0
485,28.0
485,0.0
486,28.0
486,0.0
487,28.0
487,0.0
488,28.0
488,0.0
489,28.0
489,0.0
490,0.0
490,28.0
491,0.0
491,28.0
492,0.0
492,28.0
493,0.0
493,28.0
494,0.0
494,28.0
495,0.0
495,72.0
496,0.0
496,72.0
497,0.0
497,72.0
498,0.0
498,72.0
499,0.0
499,72.0
500,0.0
501,0.0
502,0.0
503,0.0
504,0.0
505,0.0
506,0.0
507,0.0
508,0.0
509,0.0
510,0.0
510,7.0
511,0.0
511,7.0
512,0.0
512,7.0
513,0.0
513,7.0
514,0.0
514,7.0
515,0.0
516,0.0
517,0.0
518,0.0
519,0.0
520,0.0
520,28.0
521,0.0
521,28.0
522,0.0
522,28.0
523,0.0
523,28.0
524,0.0
524,28.0
525,0.0
525,28.0
525,0.0
526,0.0
526,28.0
526,0.0
527,0.0
527,28.0
527,0.0
528,0.0
528,28.0
528,0.0
529,0.0
529,28.0
529,0.0
530,0.0
530,67.0
530,28.0
531,0.0
531,28.0
531,67.0
532,0.0
532,67.0
532,28.0
533,0.0
533,67.0
533,28.0
534,0.0
534,67.0
534,28.0
535,0.0
535,67.0
535,28.0
536,0.0
536,67.0
536,28.0
537,0.0
537,67.0
537,28.0
538,0.0
538,67.0
538,28.0
539,0.0
539,67.0
539,28.0
540,0.0
541,0.0
542,0.0
543,0.0
544,0.0
545,0.0
545,28.0
546,0.0
546,28.0
547,0.0
547,28.0
548,0.0
548,28.0
549,0.0
549,28.0
550,0.0
550,28.0
551,0.0
551,28.0
552,0.0
552,28.0
553,0.0
553,28.0
554,0.0
554,28.0
555,0.0
555,28.0
556,0.0
556,28.0
557,0.0
557,28.0
558,0.0
558,28.0
559,0.0
559,28.0
560,0.0
560,7.0
561,0.0
561,7.0
562,0.0
562,7.0
563,0.0
563,7.0
564,0.0
564,7.0
565,0.0
565,7.0
566,0.0
566,7.0
567,0.0
567,7.0
568,0.0
568,7.0
569,0.0
569,7.0
570,0.0
571,0.0
572,0.0
573,0.0
574,0.0
575,0.0
576,0.0
577,0.0
578,0.0
579,0.0
580,0.0
581,0.0
582,0.0
583,0.0
584,0.0
585,7.0
586,7.0
587,7.0
588,7.0
589,7.0
590,7.0
591,7.0
592,7.0
593,7.0
594,7.0
595,7.0
596,7.0
597,7.0
598,7.0
599,7.0
600,0.0
601,0.0
602,0.0
603,0.0
604,0.0
605,0.0
606,0.0
607,0.0
608,0.0
609,0.0
610,0.0
611,0.0
612,0.0
613,0.0
614,0.0
615,0.0
616,0.0
617,0.0
618,0.0
619,0.0
620,0.0
621,0.0
622,0.0
623,0.0
624,0.0
625,0.0
626,0.0
627,0.0
628,0.0
629,0.0
630,0.0
631,0.0
632,0.0
633,0.0
634,0.0
635,0.0
636,0.0
637,0.0
638,0.0
639,0.0
650,7.0
650,0.0
651,7.0
651,0.0
652,7.0
652,0.0
653,7.0
653,0.0
654,7.0
654,0.0
655,7.0
655,0.0
656,7.0
656,0.0
657,7.0
657,0.0
658,7.0
658,0.0
659,7.0
659,0.0
660,7.0
661,7.0
662,7.0
663,7.0
664,7.0
665,7.0
666,7.0
667,7.0
668,7.0
669,7.0
670,0.0
670,7.0
671,0.0
671,7.0
672,0.0
672,7.0
673,0.0
673,7.0
674,0.0
674,7.0
695,0.0
695,7.0
696,0.0
696,7.0
697,0.0
697,7.0
698,0.0
698,7.0
699,0.0
699,7.0
700,0.0
701,0.0
702,0.0
703,0.0
704,0.0
705,0.0
706,0.0
707,0.0
708,0.0
709,0.0
710,0.0
710,7.0
711,0.0
711,7.0
712,0.0
712,7.0
713,0.0
713,7.0
714,0.0
714,7.0
715,0.0
715,7.0
716,0.0
716,7.0
717,0.0
717,7.0
718,0.0
718,7.0
719,0.0
719,7.0
720,0.0
721,0.0
722,0.0
723,0.0
724,0.0
725,0.0
726,0.0
727,0.0
728,0.0
729,0.0
730,0.0
731,0.0
732,0.0
733,0.0
734,0.0
735,0.0
735,7.0
735,28.0
736,0.0
736,7.0
736,28.0
737,0.0
737,7.0
737,28.0
738,0.0
738,7.0
738,28.0
739,0.0
739,7.0
739,28.0
740,0.0
740,7.0
741,0.0
741,7.0
742,0.0
742,7.0
743,0.0
743,7.0
744,0.0
744,7.0
745,0.0
745,7.0
746,0.0
746,7.0
747,0.0
747,7.0
748,0.0
748,7.0
749,0.0
749,7.0
750,0.0
751,0.0
752,0.0
753,0.0
754,0.0
770,0.0
770,0.0
771,0.0
771,0.0
772,0.0
772,0.0
773,0.0
773,0.0
774,0.0
774,0.0
775,0.0
775,0.0
776,0.0
776,0.0
777,0.0
777,0.0
778,0.0
778,0.0
779,0.0
779,0.0
780,0.0
780,0.0
780,7.0
781,0.0
781,0.0
781,7.0
782,0.0
782,0.0
782,7.0
783,0.0
783,0.0
783,7.0
784,0.0
784,0.0
784,7.0
785,0.0
785,0.0
786,0.0
786,0.0
787,0.0
787,0.0
788,0.0
788,0.0
789,0.0
789,0.0
800,7.0
801,7.0
802,7.0
803,7.0
804,7.0
805,7.0
806,7.0
807,7.0
808,7.0
809,7.0
810,7.0
811,7.0
812,7.0
813,7.0
814,7.0
820,7.0
821,7.0
822,7.0
823,7.0
824,7.0
825,7.0
826,7.0
827,7.0
828,7.0
829,7.0
830,7.0
831,7.0
832,7.0
833,7.0
834,7.0
835,7.0
836,7.0
837,7.0
838,7.0
839,7.0
840,0.0
841,0.0
842,0.0
843,0.0
844,0.0
855,0.0
856,0.0
857,0.0
858,0.0
859,0.0
860,0.0
861,0.0
862,0.0
863,0.0
864,0.0
865,0.0
866,0.0
867,0.0
868,0.0
869,0.0
880,0.0
881,0.0
882,0.0
883,0.0
884,0.0
885,67.0
886,67.0
887,67.0
888,67.0
889,67.0
890,0.0
890,67.0
891,0.0
891,67.0
892,0.0
892,67.0
893,0.0
893,67.0
894,0.0
894,67.0
895,0.0
895,67.0
896,0.0
896,67.0
897,0.0
897,67.0
898,0.0
898,67.0
899,0.0
899,67.0
900,0.0
901,0.0
902,0.0
903,0.0
904,0.0
905,0.0
906,0.0
907,0.0
908,0.0
909,0.0
910,0.0
911,0.0
912,0.0
913,0.0
914,0.0
915,0.0
916,0.0
917,0.0
918,0.0
919,0.0
920,0.0
920,72.0
921,0.0
921,72.0
922,0.0
922,72.0
923,0.0
923,72.0
924,0.0
924,72.0
925,0.0
925,72.0
926,0.0
926,72.0
927,0.0
927,72.0
928,0.0
928,72.0
929,0.0
929,72.0
930,0.0
931,0.0
932,0.0
933,0.0
934,0.0
935,0.0
936,0.0
937,0.0
938,0.0
939,0.0
940,0.0
941,0.0
942,0.0
943,0.0
944,0.0
945,0.0
946,0.0
947,0.0
948,0.0
949,0.0
950,0.0
951,0.0
952,0.0
953,0.0
954,0.0
955,0.0
956,0.0
957,0.0
958,0.0
959,0.0
960,0.0
961,0.0
962,0.0
963,0.0
964,0.0
965,0.0
966,0.0
967,0.0
968,0.0
969,0.0
970,0.0
971,0.0
972,0.0
973,0.0
974,0.0
975,0.0
976,0.0
977,0.0
978,0.0
979,0.0
980,0.0
981,0.0
982,0.0
983,0.0
984,0.0
985,0.0
986,0.0
987,0.0
988,0.0
989,0.0
990,0.0
991,0.0
992,0.0
993,0.0
994,0.0
995,0.0
996,0.0
997,0.0
998,0.0
999,0.0
1000,0.0
1001,0.0
1002,0.0
1003,0.0
1004,0.0
1005,0.0
1006,0.0
1007,0.0
1008,0.0
1009,0.0
1010,0.0
1011,0.0
1012,0.0
1013,0.0
1014,0.0
1015,0.0
1016,0.0
1017,0.0
1018,0.0
1019,0.0
1020,0.0
1021,0.0
1022,0.0
1023,0.0
1024,0.0
1025,0.0
1026,0.0
1027,0.0
1028,0.0
1029,0.0
1030,0.0
1031,0.0
1032,0.0
1033,0.0
1034,0.0
1035,0.0
1036,0.0
1037,0.0
1038,0.0
1039,0.0
1040,0.0
1041,0.0
1042,0.0
1043,0.0
1044,0.0
1045,0.0
1046,0.0
1047,0.0
1048,0.0
1049,0.0
1050,0.0
1051,0.0
1052,0.0
1053,0.0
1054,0.0
1055,0.0
1056,0.0
1057,0.0
1058,0.0
1059,0.0
1060,0.0
1061,0.0
1062,0.0
1063,0.0
1064,0.0
1065,0.0
1066,0.0
1067,0.0
1068,0.0
1069,0.0
1070,0.0
1071,0.0
1072,0.0
1073,0.0
1074,0.0
1075,0.0
1076,0.0
1077,0.0
1078,0.0
1079,0.0
1080,0.0
1081,0.0
1082,0.0
1083,0.0
1084,0.0
1085,0.0
1086,0.0
1087,0.0
1088,0.0
1089,0.0
1090,0.0
1091,0.0
1092,0.0
1093,0.0
1094,0.0
1095,0.0
1096,0.0
1097,0.0
1098,0.0
1099,0.0
1100,16.0
1100,0.0
1100,7.0
1101,16.0
1101,0.0
1101,7.0
1102,16.0
1102,0.0
1102,7.0
1103,16.0
1103,0.0
1103,7.0
1104,16.0
1104,0.0
1104,7.0
1105,16.0
1105,0.0
1105,7.0
1106,16.0
1106,0.0
1106,7.0
1107,16.0
1107,0.0
1107,7.0
1108,16.0
1108,0.0
1108,7.0
1109,16.0
1109,0.0
1109,7.0
1110,0.0
1111,0.0
1112,0.0
1113,0.0
1114,0.0
1115,0.0
1116,0.0
1117,0.0
1118,0.0
1119,0.0
1120,0.0
1121,0.0
1122,0.0
1123,0.0
1124,0.0
1125,0.0
1126,0.0
1127,0.0
1128,0.0
1129,0.0
1130,0.0
1131,0.0
1132,0.0
1133,0.0
1134,0.0
1135,0.0
1136,0.0
1137,0.0
1138,0.0
1139,0.0
1140,0.0
1141,0.0
1142,0.0
1143,0.0
1144,0.0
1145,0.0
1145,7.0
1146,0.0
1146,7.0
1147,0.0
1147,7.0
1148,0.0
1148,7.0
1149,0.0
1149,7.0
1150,0.0
1151,0.0
1151,7.0
1152,0.0
1152,7.0
1153,0.0
1153,7.0
1154,0.0
1154,7.0
1155,16.0
1156,16.0
1157,16.0
1158,16.0
1159,16.0
1160,16.0
1161,16.0
1162,16.0
1163,16.0
1164,16.0
1165,16.0
1166,16.0
1167,16.0
1168,16.0
1169,16.0
1170,16.0
1171,16.0
1172,16.0
1173,16.0
1174,16.0
1175,16.0
1176,16.0
1177,16.0
1178,16.0
1179,16.0
1180,0.0
1181,0.0
1182,0.0
1183,0.0
1184,0.0
1185,0.0
1190,0.0
1190,7.0
1191,0.0
1191,7.0
1192,0.0
1192,7.0
1193,0.0
1193,7.0
1194,0.0
1194,7.0
1195,0.0
1195,7.0
1196,0.0
1196,7.0
1197,0.0
1197,7.0
1198,0.0
1198,7.0
1199,0.0
1199,7.0
1200,7.0
1201,7.0
1202,7.0
1203,7.0
1204,7.0
1205,7.0
1206,7.0
1207,7.0
1208,7.0
1209,7.0
1210,7.0
1211,7.0
1212,7.0
1213,7.0
1214,7.0
1215,7.0
1216,7.0
1217,7.0
1218,7.0
1219,7.0
1220,7.0
1221,7.0
1222,7.0
1223,7.0
1224,7.0
1225,7.0
1226,7.0
1227,7.0
1228,7.0
1229,7.0
1230,7.0
1231,7.0
1232,7.0
1233,7.0
1234,7.0
1235,7.0
1236,7.0
1237,7.0
1238,7.0
1239,7.0
1240,7.0
1241,7.0
1242,7.0
1243,7.0
1244,7.0
1245,7.0
1246,7.0
1247,7.0
1248,7.0
1249,7.0
1250,7.0
1251,7.0
1252,7.0
1253,7.0
1254,7.0
1255,7.0
1256,7.0
1257,7.0
1258,7.0
1259,7.0
1260,7.0
1261,7.0
1262,7.0
1263,7.0
1264,7.0
1265,7.0
1266,7.0
1267,7.0
1268,7.0
1269,7.0
