2,0.0
3,0.0
4,0.0
5,0.0
6,0.0
7,0.0
8,0.0
9,0.0
10,0.0
11,0.0
12,0.0
13,0.0
14,0.0
15,0.0
16,0.0
17,0.0
18,0.0
19,0.0
20,0.0
21,0.0
22,0.0
23,0.0
24,0.0
25,0.0
26,0.0
27,0.0
28,0.0
29,0.0
30,0.0
31,0.0
32,0.0
33,0.0
34,0.0
35,0.0
36,0.0
37,0.0
38,0.0
39,0.0
40,0.0
41,0.0
42,0.0
43,0.0
44,0.0
45,0.0
46,0.0
47,0.0
48,0.0
49,0.0
50,0.0
51,0.0
52,0.0
53,0.0
54,0.0
55,0.0
56,0.0
57,0.0
58,0.0
59,0.0
60,0.0
61,0.0
62,0.0
63,0.0
64,0.0
65,0.0
66,0.0
67,0.0
68,0.0
69,0.0
70,0.0
71,0.0
72,0.0
73,0.0
74,0.0
75,0.0
76,0.0
77,0.0
78,0.0
79,0.0
80,0.0
81,0.0
82,0.0
83,0.0
84,0.0
85,0.0
86,0.0
87,0.0
88,0.0
89,0.0
90,0.0
91,0.0
92,0.0
93,0.0
94,0.0
95,0.0
96,0.0
97,0.0
98,0.0
99,0.0
100,0.0
101,0.0
102,0.0
103,0.0
104,0.0
105,0.0
106,0.0
107,0.0
108,0.0
109,0.0
110,0.0
111,0.0
112,0.0
116,0.0
117,0.0
118,0.0
119,0.0
120,0.0
121,0.0
122,0.0
123,0.0
124,0.0
125,0.0
126,0.0
127,0.0
128,0.0
129,0.0
130,0.0
131,0.0
140,0.0
141,0.0
142,0.0
143,0.0
144,0.0
145,0.0
146,0.0
147,0.0
148,0.0
149,0.0
150,0.0
151,0.0
152,0.0
153,0.0
154,0.0
155,0.0
156,0.0
157,0.0
158,0.0
159,0.0
160,0.0
161,0.0
162,0.0
163,0.0
164,0.0
165,0.0
166,0.0
167,0.0
168,0.0
169,0.0
170,0.0
171,0.0
172,0.0
173,0.0
174,0.0
175,0.0
176,0.0
177,0.0
178,0.0
179,0.0
180,0.0
181,0.0
182,0.0
183,0.0
184,0.0
185,0.0
186,0.0
187,0.0
188,0.0
189,0.0
190,0.0
191,0.0
192,0.0
193,0.0
194,0.0
195,0.0
196,0.0
197,0.0
198,0.0
199,0.0
200,0.0
201,0.0
202,0.0
203,0.0
204,0.0
205,0.0
206,0.0
207,0.0
208,0.0
209,0.0
210,0.0
211,0.0
212,0.0
213,0.0
214,0.0
215,0.0
216,0.0
217,0.0
218,0.0
219,0.0
220,0.0
221,0.0
222,0.0
223,0.0
224,0.0
225,0.0
226,0.0
227,0.0
228,0.0
229,0.0
230,0.0
231,0.0
232,0.0
233,0.0
234,0.0
235,0.0
236,0.0
237,0.0
238,0.0
239,0.0
240,0.0
241,0.0
242,0.0
243,0.0
244,0.0
245,0.0
246,0.0
247,0.0
248,0.0
249,0.0
250,0.0
251,0.0
252,0.0
253,0.0
254,0.0
255,0.0
256,0.0
257,0.0
258,0.0
259,0.0
260,0.0
261,0.0
262,0.0
263,0.0
264,0.0
265,0.0
266,0.0
267,0.0
268,0.0
269,0.0
270,0.0
272,0.0
275,0.0
276,0.0
277,0.0
282,0.0
283,0.0
284,0.0
285,0.0
286,0.0
287,0.0
288,0.0
289,0.0
290,0.0
291,0.0
292,0.0
294,0.0
295,0.0
306,0.0
345,0.0
346,0.0
347,0.0
348,0.0
349,0.0
350,0.0
351,0.0
352,0.0
353,0.0
354,0.0
355,0.0
356,0.0
357,0.0
358,0.0
359,0.0
360,0.0
361,0.0
362,0.0
363,0.0
364,0.0
365,0.0
366,0.0
367,0.0
368,0.0
369,0.0
370,0.0
371,0.0
372,0.0
373,0.0
374,0.0
375,0.0
376,0.0
377,0.0
378,0.0
379,0.0
383,0.0
384,0.0
385,0.0
386,0.0
387,0.0
388,0.0
389,0.0
390,0.0
391,0.0
392,0.0
393,0.0
394,0.0
395,0.0
396,0.0
397,0.0
398,0.0
399,0.0
400,0.0
401,0.0
402,0.0
403,0.0
404,0.0
406,0.0
407,0.0
408,0.0
409,0.0
410,0.0
411,0.0
412,0.0
413,0.0
414,0.0
415,0.0
416,0.0
417,0.0
418,0.0
419,0.0
420,0.0
421,0.0
422,0.0
423,0.0
424,0.0
425,0.0
426,0.0
427,0.0
428,0.0
429,0.0
430,0.0
431,0.0
432,0.0
433,0.0
434,0.0
435,0.0
436,0.0
437,0.0
441,0.0
442,0.0
443,0.0
444,0.0
445,0.0
446,0.0
447,0.0
448,0.0
449,0.0
450,0.0
451,0.0
452,0.0
453,0.0
454,0.0
455,0.0
456,0.0
457,0.0
458,0.0
459,0.0
460,0.0
461,0.0
462,0.0
463,0.0
464,0.0
465,0.0
466,0.0
467,0.0
468,0.0
469,0.0
470,0.0
471,0.0
472,0.0
473,0.0
474,0.0
475,0.0
476,0.0
477,0.0
478,0.0
479,0.0
480,0.0
481,0.0
482,0.0
483,0.0
484,0.0
485,0.0
486,0.0
487,0.0
488,0.0
489,0.0
490,0.0
491,0.0
492,0.0
493,0.0
494,0.0
495,0.0
496,0.0
497,0.0
498,0.0
499,0.0
500,0.0
501,0.0
502,0.0
503,0.0
504,0.0
505,0.0
506,0.0
507,0.0
508,0.0
509,0.0
510,0.0
511,0.0
512,0.0
513,0.0
514,0.0
515,0.0
516,0.0
517,0.0
518,0.0
519,0.0
520,0.0
521,0.0
522,0.0
523,0.0
524,0.0
525,0.0
526,0.0
527,0.0
528,0.0
529,0.0
530,0.0
531,0.0
532,0.0
533,0.0
534,0.0
535,0.0
536,0.0
537,0.0
538,0.0
538,59.0
539,0.0
539,59.0
540,0.0
540,59.0
541,0.0
541,59.0
542,0.0
542,59.0
543,0.0
543,59.0
544,0.0
544,59.0
545,0.0
545,59.0
546,0.0
546,59.0
547,0.0
547,59.0
548,0.0
549,0.0
550,0.0
551,0.0
552,0.0
553,0.0
554,0.0
554,59.0
555,0.0
555,59.0
556,0.0
557,0.0
558,0.0
559,0.0
559,59.0
560,0.0
561,0.0
562,0.0
563,0.0
563,59.0
564,0.0
565,0.0
567,0.0
568,0.0
599,0.0
600,0.0
614,0.0
615,0.0
616,0.0
617,0.0
618,0.0
619,0.0
620,0.0
621,0.0
622,0.0
623,0.0
624,0.0
625,0.0
626,0.0
627,0.0
628,0.0
629,0.0
630,0.0
631,0.0
632,0.0
633,0.0
634,0.0
635,0.0
636,0.0
637,0.0
638,0.0
639,0.0
640,0.0
641,0.0
642,0.0
642,59.0
643,0.0
643,59.0
644,0.0
645,0.0
646,0.0
647,0.0
648,0.0
649,0.0
650,0.0
651,0.0
652,0.0
653,0.0
654,0.0
655,0.0
656,0.0
657,0.0
658,0.0
659,0.0
660,0.0
661,0.0
662,0.0
663,0.0
664,0.0
664,59.0
665,0.0
666,0.0
667,0.0
668,0.0
669,0.0
670,0.0
671,0.0
672,0.0
673,0.0
674,0.0
675,0.0
676,0.0
677,0.0
678,0.0
679,0.0
680,0.0
681,0.0
682,0.0
683,0.0
684,0.0
685,0.0
686,0.0
687,0.0
688,0.0
689,0.0
690,0.0
691,0.0
692,0.0
693,0.0
694,0.0
694,59.0
695,0.0
696,0.0
697,0.0
698,0.0
699,0.0
700,0.0
701,0.0
702,0.0
703,0.0
704,0.0
791,59.0
792,59.0
793,59.0
809,59.0
810,59.0
811,59.0
839,0.0
840,0.0
841,0.0
842,0.0
844,0.0
845,0.0
846,0.0
847,0.0
851,0.0
852,0.0
853,0.0
854,0.0
855,0.0
856,0.0
857,0.0
858,0.0
859,0.0
860,0.0
861,0.0
862,0.0
863,0.0
864,0.0
865,0.0
905,0.0
906,0.0
907,0.0
908,0.0
909,0.0
910,0.0
911,0.0
912,0.0
913,0.0
914,0.0
915,0.0
916,0.0
917,0.0
918,0.0
919,0.0
920,0.0
921,0.0
922,0.0
923,0.0
924,0.0
925,0.0
926,0.0
927,0.0
928,0.0
929,0.0
930,0.0
931,0.0
932,0.0
933,0.0
934,0.0
935,0.0
936,0.0
937,0.0
938,0.0
939,0.0
940,0.0
941,0.0
942,0.0
943,0.0
944,0.0
945,0.0
946,0.0
947,0.0
948,0.0
949,0.0
950,0.0
951,0.0
952,0.0
953,0.0
954,0.0
955,0.0
956,0.0
957,0.0
958,0.0
959,0.0
960,0.0
961,0.0
962,0.0
963,0.0
970,0.0
971,0.0
972,0.0
973,0.0
974,0.0
975,0.0
976,0.0
977,0.0
1003,0.0
1004,0.0
1005,0.0
1006,0.0
1007,0.0
1008,0.0
1009,0.0
1010,0.0
1011,0.0
1012,0.0
1013,0.0
1014,0.0
1015,0.0
1016,0.0
1017,0.0
1018,0.0
1019,0.0
1020,0.0
1021,0.0
1022,0.0
1023,0.0
1024,0.0
1025,0.0
1026,0.0
1027,0.0
1028,0.0
1029,0.0
1030,0.0
1031,0.0
1032,0.0
1033,0.0
1034,0.0
1035,0.0
1036,0.0
1037,0.0
1038,0.0
1038,0.0
1039,0.0
1039,0.0
1040,0.0
1040,0.0
1041,0.0
1041,0.0
1042,0.0
1043,0.0
1044,0.0
1045,0.0
1046,0.0
1047,0.0
1048,0.0
1049,0.0
1050,0.0
1051,0.0
1052,0.0
1053,0.0
1057,0.0
1058,0.0
1059,0.0
1060,0.0
1060,0.0
1061,0.0
1061,0.0
1062,0.0
1062,0.0
1066,0.0
1067,0.0
1068,0.0
1069,0.0
1069,0.0
1070,0.0
1070,0.0
1071,0.0
1071,0.0
1072,0.0
1073,0.0
1074,0.0
1075,0.0
1076,0.0
1077,0.0
1096,13.0
1097,13.0
1111,0.0
1276,0.0
1277,0.0
1278,0.0
1285,0.0
1288,0.0
1288,13.0
1289,0.0
1289,13.0
1290,0.0
1290,13.0
1291,0.0
1292,0.0
1293,0.0
1294,0.0
1295,0.0
1296,0.0
1297,0.0
1298,0.0
1299,0.0
1300,0.0
1301,0.0
1302,0.0
1303,0.0
1304,0.0
1305,0.0
1306,0.0
1307,0.0
1308,0.0
1373,0.0
1374,0.0
1423,13.0
1424,13.0
1425,13.0
1429,0.0
1430,0.0
1431,0.0
1453,0.0
1454,0.0
1455,0.0
1456,0.0
1457,0.0
1458,0.0
1464,0.0
1470,0.0
1471,0.0
1472,0.0
1473,0.0
1474,0.0
1475,0.0
1476,0.0
1477,0.0
1478,0.0
1479,0.0
1480,0.0
1481,0.0
1482,0.0
1483,0.0
1484,0.0
1485,0.0
1495,0.0
1496,0.0
1497,0.0
1516,0.0
1517,0.0
1518,0.0
1519,0.0
1520,0.0
1521,0.0
1522,0.0
1523,0.0
1524,0.0
1525,0.0
1526,0.0
1527,0.0
1528,0.0
1529,0.0
1530,0.0
1534,0.0
1537,0.0
1538,0.0
1539,0.0
1540,0.0
1541,0.0
1542,0.0
1552,0.0
1553,0.0
1554,0.0
1555,0.0
1556,0.0
1557,0.0
1558,14.0
1559,14.0
1560,14.0
1570,13.0
1571,13.0
1572,13.0
1573,0.0
1573,13.0
1574,0.0
1574,13.0
1575,0.0
1575,13.0
1576,0.0
1576,13.0
1577,0.0
1577,13.0
1578,0.0
1578,13.0
1579,0.0
1579,13.0
1580,0.0
1580,13.0
1581,0.0
1581,13.0
1582,0.0
1583,0.0
1584,0.0
1585,0.0
1585,13.0
1586,0.0
1587,0.0
1587,13.0
1588,0.0
1589,0.0
1590,0.0
1591,13.0
1592,13.0
1595,13.0
1596,13.0
1600,0.0
1601,0.0
1602,0.0
1603,24.0
1615,0.0
1616,0.0
1617,0.0
1618,0.0
1619,0.0
1620,0.0
1621,0.0
1622,0.0
1623,0.0
1624,0.0
1625,0.0
1626,0.0
1627,0.0
1628,0.0
1629,0.0
1630,0.0
1631,0.0
1632,0.0
1633,0.0
1634,0.0
1635,0.0
1636,0.0
1637,0.0
1638,0.0
1639,0.0
1640,0.0
1641,0.0
1642,0.0
1643,0.0
1644,0.0
1660,0.0
1663,0.0
1664,0.0
1665,0.0
1666,0.0
1667,0.0
1668,0.0
1672,0.0
1673,0.0
1674,0.0
1675,0.0
1676,0.0
1677,0.0
1678,0.0
1679,0.0
1680,0.0
1681,0.0
1682,0.0
1683,0.0
1684,0.0
1685,0.0
1686,0.0
1687,0.0
1801,0.0
1803,0.0
1804,0.0
1805,0.0
1806,0.0
1807,0.0
1808,0.0
1809,0.0
1810,0.0
1811,0.0
1812,0.0
1813,0.0
1814,0.0
1815,0.0
1816,0.0
1816,59.0
1817,0.0
1818,0.0
1819,0.0
1820,0.0
1821,0.0
1821,13.0
1822,0.0
1822,13.0
1823,0.0
1823,13.0
1824,13.0
1825,13.0
1826,13.0
1828,13.0
1829,13.0
1839,13.0
1840,13.0
1841,13.0
1845,13.0
1846,13.0
1847,13.0
1848,13.0
1849,13.0
1850,13.0
1851,13.0
1852,13.0
1853,13.0
1854,13.0
1866,13.0
1867,13.0
1868,13.0
1870,13.0
1871,13.0
1873,13.0
1881,13.0
1882,13.0
1883,13.0
1884,13.0
1885,13.0
1886,13.0
1887,13.0
1888,13.0
1889,13.0
1890,13.0
1891,13.0
1892,13.0
1902,13.0
1903,13.0
1904,13.0
1907,13.0
1908,13.0
1909,13.0
1910,13.0
1911,13.0
1912,13.0
1913,13.0
1914,13.0
1915,13.0
1916,13.0
1917,13.0
1918,13.0
1919,13.0
1920,13.0
1921,13.0
1922,13.0
1923,13.0
1924,13.0
1925,13.0
1926,13.0
1927,13.0
1928,13.0
1929,13.0
1930,13.0
1931,13.0
1932,13.0
1933,13.0
1934,13.0
1935,13.0
1936,13.0
1937,13.0
1938,13.0
1939,13.0
1940,13.0
1941,13.0
1942,13.0
1943,13.0
1944,13.0
1945,13.0
1946,13.0
1947,13.0
1948,13.0
1949,13.0
1950,13.0
1951,13.0
1952,13.0
1953,13.0
1954,13.0
1955,13.0
1956,13.0
1957,13.0
1958,13.0
1959,13.0
1960,13.0
1961,13.0
1962,13.0
1963,13.0
1964,13.0
1965,13.0
1966,13.0
1967,13.0
1968,13.0
1969,13.0
1970,13.0
1971,13.0
1972,13.0
1973,13.0
1974,13.0
1975,13.0
1976,13.0
1977,13.0
1978,13.0
1979,13.0
1980,13.0
1981,13.0
1982,13.0
1983,13.0
1984,13.0
1985,13.0
1986,13.0
1987,13.0
1988,13.0
1989,13.0
1990,13.0
1991,13.0
1992,13.0
1993,13.0
1994,13.0
1995,13.0
1996,13.0
1997,13.0
1998,13.0
1999,13.0
2000,13.0
2001,13.0
2002,13.0
2003,13.0
2004,13.0
2005,13.0
2006,13.0
2007,13.0
2008,13.0
2009,13.0
2010,13.0
2011,13.0
2012,13.0
2013,13.0
2014,13.0
2015,13.0
2016,13.0
2017,13.0
2018,13.0
2019,13.0
2020,13.0
2021,13.0
2022,13.0
2023,13.0
2024,13.0
2025,13.0
2026,13.0
2027,13.0
2028,13.0
2029,13.0
2030,13.0
2031,13.0
2032,13.0
2033,13.0
2034,13.0
2035,13.0
2036,13.0
2037,13.0
2038,13.0
2039,13.0
2040,13.0
2041,13.0
2042,13.0
2043,13.0
2044,13.0
2045,13.0
2046,13.0
2047,13.0
2048,13.0
2049,13.0
2050,13.0
2051,13.0
2052,13.0
2053,13.0
2054,13.0
2055,13.0
2056,13.0
2057,13.0
2058,13.0
2059,13.0
2060,13.0
2061,13.0
2062,13.0
2063,13.0
2064,13.0
2065,13.0
2066,13.0
2067,13.0
2068,13.0
2069,13.0
2070,13.0
2071,13.0
2072,13.0
2073,13.0
2074,13.0
2075,13.0
2076,13.0
2077,13.0
2078,13.0
2079,13.0
2080,13.0
2081,13.0
2082,13.0
2083,13.0
2084,13.0
2085,13.0
2086,13.0
2087,13.0
2088,13.0
2089,13.0
2090,13.0
2091,13.0
2092,13.0
2093,13.0
2094,13.0
2095,13.0
2096,13.0
2097,13.0
2098,13.0
2099,13.0
2100,13.0
2101,13.0
2102,13.0
2103,13.0
2104,13.0
2105,13.0
2106,13.0
2107,13.0
2108,13.0
2109,13.0
2110,13.0
2111,13.0
2112,13.0
2113,13.0
2114,13.0
2115,13.0
2116,13.0
2117,13.0
2118,13.0
2119,13.0
2120,13.0
2121,13.0
2122,13.0
2123,13.0
2124,13.0
2125,13.0
2126,13.0
2127,13.0
2128,13.0
2129,13.0
2130,13.0
2131,13.0
2132,13.0
2133,13.0
2134,13.0
2135,13.0
2136,13.0
2137,13.0
2138,13.0
2139,13.0
2140,13.0
2141,13.0
2142,13.0
2143,13.0
2144,13.0
2145,13.0
2146,13.0
2147,13.0
2148,13.0
2149,13.0
2150,13.0
2151,13.0
2152,13.0
2153,13.0
2154,13.0
2155,13.0
2156,13.0
2160,13.0
2161,13.0
2162,13.0
2163,13.0
2164,13.0
2165,13.0
2166,13.0
2167,13.0
2168,13.0
2169,13.0
2170,13.0
2171,13.0
2172,13.0
2173,13.0
2174,13.0
2176,13.0
2177,13.0
2181,13.0
2182,13.0
2183,13.0
2184,13.0
2184,0.0
2185,13.0
2185,0.0
2186,13.0
2186,0.0
2187,13.0
2188,13.0
2189,13.0
2190,13.0
2191,13.0
2192,13.0
2193,13.0
2194,13.0
2195,13.0
2196,13.0
2197,13.0
2198,13.0
2199,13.0
2200,13.0
2201,13.0
2202,13.0
2203,13.0
2204,13.0
2205,13.0
2206,13.0
2207,13.0
2208,13.0
2209,13.0
2210,13.0
2211,13.0
2212,13.0
2213,13.0
2214,13.0
2215,13.0
2216,13.0
2217,13.0
2218,13.0
2219,13.0
2220,13.0
2221,13.0
2222,13.0
2223,13.0
2224,13.0
2225,13.0
2226,13.0
2227,13.0
2228,13.0
2229,13.0
2230,13.0
2231,13.0
2232,13.0
2233,13.0
2234,13.0
2235,13.0
2236,13.0
2237,13.0
2238,13.0
2239,13.0
2240,13.0
2241,13.0
2242,13.0
2243,13.0
2271,13.0
2272,13.0
2273,13.0
2274,13.0
2292,13.0
2293,13.0
2294,13.0
2295,13.0
2296,13.0
2297,13.0
2298,13.0
2299,13.0
2300,13.0
2301,13.0
2302,13.0
2303,13.0
2304,13.0
2305,13.0
2306,13.0
2307,13.0
2308,13.0
2309,13.0
2310,13.0
2311,13.0
2312,13.0
2313,13.0
2314,13.0
2315,13.0
2317,13.0
2318,13.0
2409,13.0
2410,13.0
2411,13.0
2412,13.0
2413,13.0
2414,13.0
2416,13.0
2417,13.0
2423,13.0
2427,13.0
2428,13.0
2429,13.0
2430,13.0
2431,13.0
2432,13.0
2434,13.0
2435,13.0
2437,59.0
2438,59.0
2439,59.0
2439,13.0
2440,59.0
2440,13.0
2441,59.0
2442,13.0
2443,13.0
2444,13.0
2445,13.0
2446,13.0
2447,13.0
2448,13.0
2449,13.0
2450,13.0
2451,13.0
2451,59.0
2452,13.0
2452,59.0
2453,13.0
2453,59.0
2454,13.0
2455,13.0
2455,59.0
2456,13.0
2456,59.0
2457,13.0
2458,13.0
2459,13.0
2460,13.0
2461,13.0
2462,13.0
2463,13.0
2466,13.0
2467,13.0
2468,13.0
2469,13.0
2470,13.0
2471,13.0
2472,13.0
2472,59.0
2473,13.0
2473,59.0
2474,13.0
2474,59.0
2475,13.0
2476,13.0
2477,13.0
2478,13.0
2479,13.0
2480,13.0
2481,13.0
2482,13.0
2483,13.0
2484,13.0
2485,13.0
2486,13.0
2487,13.0
2488,13.0
2489,13.0
2490,13.0
2491,13.0
2492,13.0
2493,13.0
2494,13.0
2495,13.0
2496,13.0
2497,13.0
2498,13.0
2499,13.0
2500,13.0
2501,13.0
2502,13.0
2503,13.0
2504,13.0
2540,0.0
2541,0.0
2542,0.0
2543,0.0
2544,0.0
2545,0.0
2546,0.0
2547,13.0
2556,59.0
2557,59.0
2558,59.0
2566,13.0
2567,13.0
2568,13.0
2569,13.0
2570,13.0
2571,13.0
2572,13.0
2573,13.0
2574,13.0
2575,13.0
2576,13.0
2625,13.0
2626,13.0
2627,13.0
2628,13.0
2629,13.0
2630,13.0
2631,13.0
2632,13.0
2633,13.0
2634,13.0
2635,13.0
2636,13.0
2637,13.0
2638,13.0
2639,13.0
2640,13.0
2641,13.0
2642,13.0
2643,13.0
2644,13.0
2645,13.0
2646,13.0
2647,13.0
2648,13.0
2695,13.0
2696,13.0
2697,13.0
2698,13.0
2853,13.0
2854,13.0
2854,59.0
2855,13.0
2855,59.0
2856,13.0
2856,59.0
2857,13.0
2857,59.0
2858,13.0
2858,59.0
2859,13.0
2859,59.0
2860,13.0
2860,59.0
2861,13.0
2861,59.0
2862,13.0
2862,59.0
2863,13.0
2863,59.0
2864,13.0
2864,59.0
2865,13.0
2865,59.0
2866,13.0
2866,59.0
2867,13.0
2867,59.0
2868,13.0
2868,59.0
2869,13.0
2869,59.0
2870,13.0
2870,59.0
2871,13.0
2871,59.0
2872,13.0
2872,59.0
2873,13.0
2873,59.0
2874,13.0
2874,59.0
2875,13.0
2875,59.0
2876,13.0
2876,59.0
2877,13.0
2877,59.0
2878,13.0
2878,59.0
2879,13.0
2879,59.0
2880,13.0
2880,59.0
2881,13.0
2881,59.0
2882,13.0
2882,59.0
2883,13.0
2883,59.0
2884,13.0
2884,59.0
2885,13.0
2885,59.0
2886,13.0
2886,59.0
2887,13.0
2887,59.0
2888,13.0
2888,59.0
2889,13.0
2889,59.0
2890,13.0
2890,59.0
2891,13.0
2891,59.0
2892,13.0
2892,59.0
2893,13.0
2893,59.0
2894,13.0
2894,59.0
2895,13.0
2895,59.0
2896,13.0
2896,59.0
2897,13.0
2897,59.0
2898,13.0
2898,59.0
2899,13.0
2899,59.0
2900,13.0
2900,59.0
2901,13.0
2901,59.0
2902,13.0
2902,59.0
2903,13.0
2903,59.0
2904,13.0
2904,59.0
2905,13.0
2905,59.0
2906,13.0
2906,59.0
2907,13.0
2907,59.0
2908,13.0
2908,59.0
2909,13.0
2909,59.0
2910,13.0
2910,59.0
2911,13.0
2911,59.0
2912,13.0
2912,59.0
2913,13.0
2913,59.0
2914,13.0
2914,59.0
2915,13.0
2915,59.0
2916,13.0
2916,59.0
2917,13.0
2917,59.0
2918,13.0
2918,59.0
2919,13.0
2919,59.0
2920,13.0
2920,59.0
2921,13.0
2921,59.0
2922,13.0
2922,59.0
2923,13.0
2923,59.0
2924,13.0
2924,59.0
2925,13.0
2925,59.0
2934,13.0
2935,13.0
2936,13.0
2937,13.0
2938,13.0
2949,59.0
2950,59.0
2951,59.0
2952,13.0
2952,59.0
2953,13.0
2953,59.0
2954,13.0
2957,59.0
2959,59.0
2960,59.0
2961,13.0
2962,13.0
2962,59.0
2963,13.0
2963,59.0
2970,13.0
2972,13.0
2973,13.0
2974,13.0
2975,13.0
2982,13.0
2983,13.0
2984,13.0
2994,59.0
2995,59.0
2996,59.0
3000,59.0
3006,59.0
3007,59.0
3008,59.0
3024,13.0
3025,13.0
3026,13.0
3030,13.0
3031,13.0
3032,13.0
3033,13.0
3034,13.0
3035,13.0
3037,0.0
3038,0.0
3047,59.0
3048,0.0
3049,0.0
3050,0.0
3051,0.0
3052,0.0
3053,0.0
3054,0.0
3055,0.0
3056,0.0
3102,0.0
3103,0.0
3104,0.0
3117,0.0
3118,0.0
3119,0.0
3120,0.0
3121,0.0
3122,0.0
3123,0.0
3124,0.0
3125,0.0
3126,0.0
3127,0.0
3132,0.0
3133,0.0
3134,0.0
3135,0.0
3136,0.0
3137,0.0
3138,13.0
3139,13.0
3140,13.0
3141,0.0
3142,0.0
3143,0.0
3144,0.0
3145,0.0
3146,0.0
3147,0.0
3148,0.0
3149,0.0
3150,0.0
3153,0.0
3154,0.0
3155,0.0
3156,0.0
3157,0.0
3157,13.0
3158,0.0
3158,13.0
3159,0.0
3159,13.0
3160,0.0
3160,13.0
3161,0.0
3161,13.0
3162,0.0
3162,13.0
3163,0.0
3163,13.0
3164,0.0
3164,13.0
3165,0.0
3166,0.0
3167,0.0
3168,0.0
3169,0.0
3170,0.0
3171,0.0
3172,0.0
3173,0.0
3174,0.0
3175,0.0
3176,0.0
3186,59.0
3187,59.0
3188,59.0
3189,59.0
3190,59.0
3191,59.0
3192,59.0
3193,59.0
3194,59.0
3195,13.0
3195,59.0
3196,13.0
3196,59.0
3197,13.0
3197,59.0
3198,59.0
3198,13.0
3199,59.0
3199,13.0
3200,59.0
3201,59.0
3201,13.0
3202,59.0
3202,13.0
3203,13.0
3203,59.0
3207,13.0
3208,13.0
3209,13.0
3213,59.0
3214,59.0
3215,59.0
3223,13.0
3224,13.0
3225,13.0
3227,13.0
3237,59.0
3238,59.0
3239,59.0
3240,59.0
3241,59.0
3242,59.0
3258,0.0
3259,0.0
3260,0.0
3264,0.0
3265,0.0
3266,0.0
3267,0.0
3268,0.0
3269,0.0
3270,0.0
3271,0.0
3272,0.0
3273,0.0
3274,0.0
3275,0.0
3276,0.0
3277,0.0
3278,0.0
3279,0.0
3280,0.0
3281,0.0
3282,0.0
3283,0.0
3284,0.0
3285,0.0
3286,0.0
3287,0.0
3288,0.0
3289,0.0
3290,0.0
3291,0.0
3292,0.0
3293,0.0
3294,0.0
3295,0.0
3296,0.0
3297,0.0
3298,0.0
3299,0.0
3300,0.0
3301,0.0
3301,13.0
3302,0.0
3303,0.0
3304,0.0
3305,0.0
3308,0.0
3312,0.0
3313,0.0
3314,0.0
3315,0.0
3316,0.0
3317,0.0
3318,0.0
3319,0.0
3320,0.0
3321,0.0
3322,0.0
3323,0.0
3324,0.0
3325,0.0
3326,0.0
3327,0.0
3328,0.0
3329,0.0
3330,0.0
3331,0.0
3332,0.0
3333,0.0
3334,0.0
3335,0.0
3336,0.0
3337,0.0
3338,0.0
3339,0.0
3340,0.0
3341,0.0
3342,0.0
3343,0.0
3344,0.0
3345,0.0
3346,0.0
3347,0.0
3348,0.0
3349,0.0
3350,0.0
3351,0.0
3352,0.0
3353,0.0
3354,0.0
3355,0.0
3356,0.0
3357,0.0
3358,0.0
3359,0.0
3450,0.0
3451,0.0
3452,0.0
3453,0.0
3454,0.0
3455,0.0
3456,0.0
3457,0.0
3458,0.0
3471,0.0
3472,0.0
3473,0.0
3474,0.0
3475,0.0
3476,0.0
3477,0.0
3478,0.0
3479,0.0
3480,0.0
3481,0.0
3482,0.0
3483,0.0
3484,0.0
3485,0.0
3486,0.0
3487,0.0
3488,0.0
3489,0.0
3490,0.0
3491,0.0
3492,0.0
3493,0.0
3494,0.0
3495,0.0
3496,0.0
3497,0.0
3504,0.0
3505,0.0
3506,0.0
3507,0.0
3508,0.0
3509,0.0
3510,0.0
3511,0.0
3512,0.0
3513,13.0
3514,13.0
3515,13.0
3516,0.0
3516,13.0
3517,0.0
3517,13.0
3518,0.0
3518,13.0
3519,0.0
3519,13.0
3520,0.0
3521,0.0
3522,0.0
3523,0.0
3524,0.0
3528,13.0
3529,13.0
3530,13.0
3531,13.0
3532,13.0
3533,13.0
3543,13.0
3543,0.0
3544,13.0
3545,13.0
3547,0.0
3548,0.0
3549,0.0
3550,0.0
3551,0.0
3552,0.0
3553,0.0
3554,0.0
3555,0.0
3556,0.0
3557,0.0
3558,0.0
3559,0.0
3560,0.0
3561,0.0
3562,0.0
3563,0.0
3567,0.0
3568,0.0
3569,0.0
3570,0.0
3571,0.0
3572,0.0
3573,0.0
3574,0.0
3575,0.0
3576,0.0
3577,0.0
3578,0.0
3579,0.0
3580,0.0
3581,0.0
3582,0.0
3583,0.0
3584,0.0
3585,0.0
3586,0.0
3587,0.0
3588,0.0
3589,0.0
3590,0.0
3591,0.0
3592,0.0
3593,0.0
3594,0.0
3595,0.0
3596,0.0
3597,0.0
3598,0.0
3599,0.0
3600,0.0
3601,0.0
3602,0.0
3603,0.0
3604,0.0
3605,0.0
3606,0.0
3607,0.0
3608,0.0
3609,0.0
3610,0.0
3611,0.0
3612,0.0
3613,0.0
3614,0.0
3615,0.0
3616,0.0
3617,0.0
3617,0.0
3618,0.0
3618,0.0
3619,0.0
3619,0.0
3620,0.0
3620,0.0
3621,0.0
3622,0.0
3623,0.0
3624,0.0
3625,0.0
3626,0.0
3627,0.0
3628,0.0
3629,0.0
3630,0.0
3631,0.0
3632,0.0
3633,0.0
3634,0.0
3635,0.0
3636,0.0
3637,0.0
3638,0.0
3639,0.0
3640,0.0
3641,0.0
3642,0.0
3643,0.0
3644,0.0
3645,0.0
3646,0.0
3647,0.0
3648,0.0
3649,0.0
3650,0.0
3651,0.0
3652,0.0
3653,0.0
3654,0.0
3655,0.0
3656,0.0
3657,0.0
3658,0.0
3659,0.0
3660,0.0
3661,0.0
3662,0.0
3663,0.0
3664,0.0
3665,0.0
3665,0.0
3666,0.0
3666,0.0
3667,0.0
3667,0.0
3668,0.0
3668,0.0
3669,0.0
3670,0.0
3671,0.0
3672,0.0
3673,0.0
3674,0.0
3675,0.0
3676,0.0
3677,0.0
3678,0.0
3679,0.0
3680,0.0
3681,0.0
3682,0.0
3683,0.0
3684,0.0
3685,0.0
3686,0.0
3687,0.0
3688,0.0
3689,0.0
3690,0.0
3691,0.0
3692,0.0
3693,0.0
3694,0.0
3695,0.0
3695,13.0
3696,0.0
3696,13.0
3697,0.0
3697,13.0
3698,0.0
3698,13.0
3699,0.0
3700,0.0
3701,0.0
3702,0.0
3703,0.0
3704,0.0
3705,0.0
3705,13.0
3706,0.0
3706,13.0
3707,0.0
3708,0.0
3708,13.0
3709,0.0
3709,13.0
3710,0.0
3710,13.0
3711,0.0
3711,13.0
3712,0.0
3712,13.0
3713,0.0
3714,0.0
3715,0.0
3716,0.0
3717,0.0
3718,0.0
3719,0.0
3720,0.0
3721,0.0
3722,0.0
3723,0.0
3724,0.0
3747,0.0
3748,0.0
3765,0.0
3766,0.0
3767,0.0
3768,0.0
3769,0.0
3770,0.0
3783,0.0
3784,0.0
3786,0.0
3787,0.0
3788,0.0
3789,0.0
3789,0.0
3790,0.0
3790,0.0
3791,0.0
3792,0.0
3793,0.0
3794,0.0
3795,0.0
3796,0.0
3801,0.0
3802,0.0
3803,0.0
3804,0.0
3805,0.0
3806,0.0
3807,0.0
3808,0.0
3809,0.0
3810,0.0
3811,0.0
3812,0.0
3813,0.0
3814,0.0
3815,0.0
3816,0.0
3817,0.0
3818,0.0
3819,0.0
3820,0.0
3821,0.0
3822,0.0
3823,0.0
3824,0.0
3825,0.0
3826,0.0
3827,0.0
3828,0.0
3829,0.0
3830,0.0
3831,0.0
3832,0.0
3833,0.0
3834,0.0
3835,0.0
3836,0.0
3839,0.0
3840,0.0
3841,0.0
3842,0.0
3843,0.0
3844,0.0
3845,0.0
3846,0.0
3847,0.0
3848,0.0
3849,0.0
3849,0.0
3850,0.0
3850,0.0
3851,0.0
3852,0.0
3853,0.0
3854,0.0
3855,0.0
3856,0.0
3857,0.0
3858,0.0
3859,0.0
3860,0.0
3861,0.0
3861,0.0
3862,0.0
3862,0.0
3863,0.0
3863,0.0
3864,0.0
3864,0.0
3865,0.0
3865,0.0
3866,0.0
3866,0.0
3876,13.0
3877,13.0
3878,13.0
3881,0.0
3882,0.0
3883,0.0
3884,0.0
3885,0.0
3886,0.0
3887,0.0
3888,0.0
3889,0.0
3890,0.0
3891,0.0
3892,0.0
3893,0.0
3893,0.0
3894,0.0
3894,0.0
3895,0.0
3896,0.0
3897,0.0
3898,0.0
3906,0.0
3907,0.0
3908,0.0
3909,0.0
3910,0.0
3915,0.0
3916,0.0
3917,0.0
3918,0.0
3919,0.0
3920,0.0
3941,13.0
3942,13.0
3943,13.0
3944,13.0
3945,13.0
3946,13.0
3947,0.0
3947,13.0
3948,13.0
3948,0.0
3949,13.0
3949,0.0
3950,13.0
3950,0.0
3951,0.0
3952,0.0
3953,0.0
3954,0.0
3955,0.0
3956,0.0
3957,0.0
3957,0.0
3958,0.0
3958,0.0
3959,0.0
3959,0.0
3959,13.0
3959,0.0
3960,0.0
3960,0.0
3961,0.0
3961,0.0
3962,0.0
3962,0.0
3963,0.0
3963,0.0
3964,0.0
3964,0.0
3965,0.0
3965,0.0
3966,0.0
3966,0.0
3967,0.0
3967,0.0
3968,0.0
3968,0.0
3989,13.0
3990,13.0
3991,13.0
3992,13.0
3993,0.0
3994,0.0
4018,13.0
4038,13.0
4039,13.0
4040,13.0
4041,13.0
4042,13.0
4077,0.0
4078,0.0
4083,0.0
4084,0.0
4085,0.0
4086,0.0
4087,0.0
4088,0.0
4089,0.0
4090,0.0
4091,0.0
4092,0.0
4093,0.0
4094,0.0
4095,0.0
4096,0.0
4097,0.0
4098,0.0
4099,0.0
4100,0.0
4101,0.0
4102,0.0
4103,0.0
4103,13.0
4104,0.0
4104,13.0
4105,0.0
4105,13.0
4106,0.0
4106,13.0
4113,0.0
4114,0.0
4157,0.0
4162,0.0
4167,0.0
4168,0.0
4173,0.0
4174,0.0
4181,0.0
4182,0.0
4183,0.0
4184,0.0
4185,0.0
4186,0.0
4187,0.0
4200,0.0
4241,0.0
4242,0.0
4243,0.0
4244,0.0
4293,0.0
4294,0.0
4295,0.0
4296,0.0
4297,0.0
4298,0.0
4299,0.0
4300,0.0
4301,0.0
4302,0.0
4303,0.0
4304,0.0
4305,0.0
4306,0.0
4311,0.0
4312,0.0
4313,0.0
4314,0.0
4315,0.0
4316,0.0
4317,0.0
4318,0.0
4329,0.0
4330,0.0
4331,0.0
4332,0.0
4333,0.0
4334,0.0
4335,0.0
4336,0.0
4337,0.0
4338,0.0
4339,0.0
4340,0.0
4341,0.0
4342,0.0
4347,0.0
4348,0.0
4371,0.0
4372,0.0
4373,0.0
4374,0.0
4375,0.0
4376,0.0
4383,0.0
4384,0.0
4389,0.0
4390,0.0
4391,0.0
4392,0.0
4393,0.0
4418,0.0
4419,0.0
4420,0.0
4421,0.0
4422,0.0
4423,0.0
4424,0.0
4425,0.0
4426,0.0
4427,0.0
4428,0.0
4429,0.0
4430,0.0
4431,0.0
4432,0.0
4433,0.0
4434,0.0
4435,0.0
4436,0.0
4437,0.0
4438,0.0
4439,0.0
4440,0.0
4441,0.0
4451,0.0
4452,0.0
4453,0.0
4466,0.0
4467,0.0
4468,0.0
4469,0.0
4470,0.0
4471,0.0
4472,0.0
4473,0.0
4474,0.0
4475,0.0
4476,0.0
4477,0.0
4478,0.0
4479,0.0
4480,0.0
4481,0.0
4482,0.0
4483,0.0
4484,0.0
4485,0.0
4487,0.0
4488,0.0
4489,0.0
4493,0.0
4494,0.0
4495,0.0
4496,0.0
4497,0.0
4498,0.0
4606,0.0
4610,0.0
4611,0.0
4612,0.0
4613,0.0
4614,0.0
4615,0.0
4616,0.0
4617,0.0
4618,0.0
4619,0.0
4620,0.0
4621,0.0
4622,0.0
4623,0.0
4624,0.0
4625,0.0
4626,0.0
4627,0.0
4631,0.0
4632,0.0
4633,0.0
4634,0.0
4635,0.0
4636,0.0
4651,0.0
4655,0.0
4658,0.0
4659,0.0
4660,0.0
4661,0.0
4662,0.0
4663,0.0
4664,0.0
4665,0.0
4666,0.0
4667,0.0
4668,0.0
4669,0.0
4670,0.0
4671,0.0
4672,0.0
4673,0.0
4674,0.0
4675,0.0
4676,0.0
4676,0.0
4677,0.0
4677,0.0
4678,0.0
4678,0.0
4691,0.0
4692,0.0
4693,0.0
4694,0.0
4695,0.0
4695,0.0
4696,0.0
4697,0.0
4698,0.0
4699,0.0
4700,0.0
4701,0.0
4702,0.0
4703,0.0
4704,0.0
4705,0.0
4706,0.0
4707,0.0
4708,0.0
4709,0.0
4710,0.0
4711,0.0
4712,0.0
4713,0.0
4714,0.0
4715,0.0
4716,0.0
4717,0.0
4718,0.0
4719,0.0
4720,0.0
4721,0.0
4722,0.0
4723,0.0
4724,0.0
4725,0.0
4726,0.0
4727,0.0
4728,0.0
4729,0.0
4730,0.0
4731,0.0
4732,0.0
4733,0.0
4734,0.0
4735,0.0
4736,0.0
4737,0.0
4738,0.0
4739,0.0
4740,0.0
4741,0.0
4748,0.0
4749,0.0
4750,0.0
4751,0.0
4752,0.0
4753,0.0
4754,0.0
4755,0.0
4756,0.0
4757,0.0
4758,0.0
4759,0.0
4760,0.0
4761,0.0
4762,0.0
4763,0.0
4764,0.0
4765,0.0
4766,0.0
4767,0.0
4768,0.0
4769,0.0
4770,0.0
4771,0.0
4772,0.0
4773,0.0
4774,0.0
4775,0.0
4776,0.0
4777,0.0
4778,0.0
4779,0.0
4780,0.0
4784,13.0
4788,13.0
4789,13.0
4790,13.0
4791,13.0
4792,13.0
4793,13.0
4794,13.0
4795,13.0
4832,13.0
4860,0.0
4861,0.0
4862,0.0
4863,0.0
4864,0.0
4865,0.0
4868,0.0
4869,0.0
4870,0.0
4871,0.0
4872,0.0
4873,0.0
4874,0.0
4875,0.0
4876,0.0
4877,0.0
4878,0.0
4879,0.0
4880,0.0
4881,0.0
4882,0.0
4883,0.0
4884,0.0
4885,0.0
4886,0.0
4887,0.0
4888,0.0
4889,0.0
4890,0.0
4891,0.0
4892,0.0
4893,0.0
4894,0.0
4895,0.0
4898,0.0
4899,0.0
4900,0.0
4901,0.0
4902,0.0
4903,0.0
4904,0.0
4905,0.0
4906,0.0
4907,0.0
4908,0.0
4909,0.0
4910,0.0
4911,0.0
4912,0.0
4913,0.0
4914,0.0
4915,0.0
4916,0.0
4917,0.0
4918,0.0
4919,0.0
4944,0.0
4945,0.0
4946,0.0
4947,0.0
4948,0.0
4949,0.0
4950,0.0
4964,0.0
4965,0.0
4966,0.0
4967,0.0
4970,0.0
4971,0.0
4971,0.0
4972,0.0
4973,0.0
4974,0.0
4975,0.0
4976,0.0
4976,0.0
4976,0.0
4977,0.0
4977,0.0
4977,0.0
4978,0.0
4978,0.0
4978,0.0
4979,0.0
4979,0.0
4979,0.0
4980,0.0
4980,0.0
4981,0.0
4981,0.0
4982,0.0
4982,0.0
4983,0.0
4983,0.0
4984,0.0
4984,0.0
4985,0.0
4985,0.0
4986,0.0
4987,0.0
4988,0.0
4989,0.0
4990,0.0
4991,0.0
4992,0.0
4993,0.0
4994,0.0
4994,0.0
4995,0.0
4995,0.0
4996,0.0
4996,0.0
4997,0.0
4997,0.0
4998,0.0
4998,0.0
4999,0.0
4999,0.0
5000,0.0
5001,0.0
5002,0.0
5003,0.0
5004,0.0
5005,0.0
5006,0.0
5007,0.0
5008,0.0
5009,0.0
5010,0.0
5011,0.0
5012,0.0
5013,0.0
5014,0.0
5015,0.0
5016,0.0
5016,0.0
5017,0.0
5017,0.0
5017,0.0
5018,0.0
5019,0.0
5020,0.0
5021,0.0
5022,0.0
5023,0.0
5024,0.0
5025,0.0
5026,0.0
5027,0.0
5028,0.0
5028,0.0
5029,0.0
5029,0.0
5030,0.0
5030,0.0
5031,0.0
5031,0.0
5032,0.0
5032,0.0
5033,0.0
5033,0.0
5034,0.0
5034,0.0
5035,0.0
5035,0.0
5036,0.0
5036,0.0
5037,0.0
5037,0.0
5038,0.0
5038,0.0
5039,0.0
5039,0.0
5040,0.0
5040,0.0
5041,0.0
5041,0.0
5042,0.0
5043,0.0
5043,0.0
5044,0.0
5045,0.0
5046,0.0
5046,0.0
5047,0.0
5047,0.0
5048,0.0
5048,0.0
5049,0.0
5049,0.0
5050,0.0
5050,0.0
5051,0.0
5051,0.0
5052,0.0
5053,0.0
5054,0.0
5055,0.0
5056,0.0
5057,0.0
5058,0.0
5058,0.0
5059,0.0
5060,0.0
5061,0.0
5062,0.0
5063,0.0
5064,0.0
5065,0.0
5066,0.0
5067,0.0
5068,0.0
5069,0.0
5069,0.0
5070,0.0
5070,0.0
5071,0.0
5071,0.0
5072,0.0
5072,0.0
5073,0.0
5073,0.0
5074,0.0
5074,0.0
5075,0.0
5075,0.0
5075,13.0
5076,0.0
5076,0.0
5076,13.0
5077,0.0
5077,0.0
5077,13.0
5078,0.0
5078,0.0
5078,13.0
5079,0.0
5079,0.0
5079,13.0
5080,0.0
5080,0.0
5080,13.0
5081,0.0
5081,0.0
5081,13.0
5082,0.0
5082,0.0
5082,13.0
5083,0.0
5083,0.0
5083,13.0
5084,0.0
5084,0.0
5084,13.0
5085,0.0
5085,0.0
5085,13.0
5086,0.0
5086,0.0
5086,13.0
5087,0.0
5087,13.0
5088,0.0
5088,0.0
5088,13.0
5089,0.0
5089,0.0
5089,13.0
5090,0.0
5090,13.0
5091,0.0
5091,13.0
5092,0.0
5092,13.0
5102,13.0
5103,13.0
5104,13.0
5105,13.0
5106,13.0
5107,13.0
5108,13.0
5109,13.0
5110,13.0
5111,0.0
5111,13.0
5112,0.0
5112,13.0
5113,0.0
5113,13.0
5114,13.0
5114,0.0
5115,13.0
5115,0.0
5116,13.0
5118,13.0
5119,13.0
5120,0.0
5121,0.0
5122,0.0
5123,0.0
5124,0.0
5125,0.0
5126,0.0
5127,0.0
5128,0.0
5129,0.0
5130,0.0
5131,0.0
5132,0.0
5133,0.0
5134,0.0
5135,0.0
5136,0.0
5137,0.0
5138,0.0
5139,0.0
5140,0.0
5141,0.0
5142,0.0
5143,0.0
5144,0.0
5144,13.0
5145,0.0
5145,13.0
5146,0.0
5146,13.0
5147,0.0
5147,13.0
5148,0.0
5148,13.0
5149,0.0
5149,13.0
5150,0.0
5150,13.0
5151,0.0
5151,13.0
5152,0.0
5152,13.0
5153,0.0
5153,13.0
5154,0.0
5154,13.0
5155,0.0
5155,13.0
5156,13.0
5157,13.0
5158,13.0
5162,0.0
5163,0.0
5164,0.0
5164,13.0
5165,0.0
5166,0.0
5167,0.0
5168,0.0
5169,0.0
5170,0.0
5171,0.0
5171,0.0
5172,0.0
5173,0.0
5174,0.0
5175,0.0
5176,0.0
5177,0.0
5178,0.0
5179,0.0
5180,0.0
5180,13.0
5181,0.0
5181,13.0
5182,0.0
5182,13.0
5183,0.0
5184,0.0
5184,13.0
5185,0.0
5185,13.0
5186,0.0
5186,13.0
5187,0.0
5187,13.0
5188,0.0
5188,13.0
5189,0.0
5190,0.0
5191,0.0
5192,0.0
5193,0.0
5194,0.0
5199,13.0
5199,0.0
5200,0.0
5200,13.0
5204,13.0
5206,13.0
5219,0.0
5220,0.0
5226,0.0
5227,0.0
5228,0.0
5228,0.0
5229,0.0
5230,0.0
5230,0.0
5231,0.0
5232,0.0
5233,0.0
5234,0.0
5235,0.0
5236,0.0
5237,0.0
5238,0.0
5239,0.0
5240,0.0
5241,0.0
5242,0.0
5243,0.0
5244,0.0
5245,0.0
5246,0.0
5248,0.0
5249,0.0
5250,0.0
5258,0.0
5259,0.0
5260,0.0
5270,13.0
5271,13.0
5272,13.0
5273,13.0
5274,13.0
5275,13.0
5286,13.0
5287,13.0
5291,13.0
5292,13.0
5293,13.0
5294,13.0
5295,13.0
5296,13.0
5300,13.0
5318,0.0
5319,0.0
5320,0.0
5322,13.0
5405,0.0
5406,0.0
5407,0.0
5408,0.0
5409,0.0
5410,0.0
5411,0.0
5412,0.0
5413,0.0
5414,0.0
5415,0.0
5416,0.0
5417,0.0
5418,0.0
5419,0.0
5423,0.0
5424,0.0
5425,0.0
5426,0.0
5427,0.0
5428,0.0
5450,0.0
5451,0.0
5452,0.0
5648,0.0
5649,0.0
5650,0.0
5651,0.0
5652,0.0
5653,0.0
5676,14.0
5750,0.0
5751,0.0
5752,0.0
5768,0.0
5769,0.0
5770,0.0
5774,0.0
5775,0.0
5776,0.0
5777,0.0
5778,0.0
5779,0.0
5780,0.0
5781,0.0
5782,0.0
5784,0.0
5795,0.0
5795,13.0
5796,0.0
5796,13.0
5797,0.0
5797,13.0
5798,0.0
5799,0.0
5800,0.0
5801,0.0
5801,13.0
5802,0.0
5802,13.0
5803,0.0
5803,13.0
5804,0.0
5804,13.0
5805,0.0
5805,13.0
5806,0.0
5882,13.0
5883,13.0
5884,13.0
5885,13.0
5886,13.0
5887,13.0
5888,13.0
5894,13.0
5895,13.0
5896,13.0
5897,13.0
5899,13.0
5906,13.0
5907,13.0
5908,13.0
5909,0.0
5910,0.0
5914,0.0
5918,0.0
5919,0.0
5920,0.0
5921,0.0
5922,0.0
5923,0.0
5924,0.0
5925,0.0
5926,0.0
5927,0.0
5928,0.0
5929,0.0
5930,0.0
5931,0.0
5932,0.0
5933,0.0
5934,0.0
5935,0.0
5936,0.0
5937,0.0
5938,0.0
5939,0.0
5942,0.0
5943,0.0
5944,0.0
5945,22.0
5946,22.0
5947,22.0
5948,0.0
5949,0.0
5950,0.0
5951,0.0
5952,0.0
5953,0.0
5954,0.0
5955,0.0
5956,0.0
5957,0.0
5958,0.0
5959,0.0
5960,0.0
5961,0.0
5962,0.0
5963,0.0
5964,0.0
5965,0.0
5966,0.0
5967,0.0
5968,0.0
5969,0.0
5970,0.0
5971,0.0
5972,0.0
5981,0.0
5982,0.0
5983,0.0
5984,0.0
5985,0.0
5986,0.0
6120,0.0
6146,0.0
6147,0.0
6148,0.0
6149,0.0
6150,0.0
6151,0.0
6152,0.0
6153,0.0
6154,0.0
6155,0.0
6156,0.0
6157,0.0
6164,0.0
6165,0.0
6166,0.0
6170,0.0
6171,0.0
6172,0.0
6173,0.0
6174,0.0
6175,0.0
6179,0.0
6179,0.0
6180,0.0
6180,0.0
6181,0.0
6182,0.0
6183,0.0
6184,0.0
6185,0.0
6185,0.0
6186,0.0
6186,0.0
6187,0.0
6187,0.0
6188,0.0
6188,0.0
6189,0.0
6189,0.0
6190,0.0
6190,0.0
6191,0.0
6191,0.0
6192,0.0
6192,0.0
6193,0.0
6193,0.0
6194,0.0
6194,0.0
6195,0.0
6195,0.0
6196,0.0
6196,0.0
6197,0.0
6198,0.0
6199,0.0
6200,0.0
6201,0.0
6201,0.0
6202,0.0
6202,0.0
6203,0.0
6204,0.0
6205,0.0
6206,0.0
6207,0.0
6208,0.0
6212,0.0
6213,0.0
6214,0.0
6215,0.0
6216,0.0
6217,0.0
6218,0.0
6219,0.0
6220,0.0
6224,0.0
6225,0.0
6226,0.0
6227,0.0
6227,0.0
6228,0.0
6228,0.0
6229,0.0
6229,0.0
6230,0.0
6230,0.0
6231,0.0
6231,0.0
6232,0.0
6232,0.0
6233,0.0
6233,0.0
6234,0.0
6234,0.0
6235,0.0
6235,0.0
6236,0.0
6236,0.0
6237,0.0
6237,0.0
6238,0.0
6238,0.0
6239,0.0
6240,0.0
6241,0.0
6242,0.0
6243,0.0
6244,0.0
6248,0.0
6249,0.0
6250,0.0
6278,0.0
6279,0.0
6280,0.0
6284,0.0
6285,0.0
6286,0.0
6296,0.0
6297,0.0
6298,0.0
6299,0.0
6300,0.0
6302,0.0
6303,0.0
6304,0.0
6305,0.0
6306,0.0
6307,0.0
6308,0.0
6309,0.0
6496,0.0
6497,0.0
6498,0.0
6499,0.0
6500,0.0
6501,0.0
6514,13.0
6515,13.0
6516,13.0
6517,13.0
6518,13.0
6519,13.0
6520,0.0
6523,0.0
6524,0.0
6525,0.0
6526,0.0
6527,0.0
6528,0.0
6529,0.0
6530,0.0
6531,0.0
6532,0.0
6533,0.0
6534,0.0
6535,0.0
6536,0.0
6537,0.0
6538,0.0
6539,0.0
6540,0.0
6541,0.0
6542,0.0
6543,0.0
6550,0.0
6551,0.0
6552,0.0
6553,0.0
6554,0.0
6555,0.0
6619,56.0
6620,56.0
6621,56.0
6966,56.0
7126,0.0
7127,0.0
7128,0.0
7129,0.0
7130,0.0
7131,0.0
7132,0.0
7133,0.0
7134,0.0
7135,0.0
7136,0.0
7137,0.0
7138,0.0
7139,0.0
7143,0.0
7144,0.0
7145,0.0
7146,0.0
7147,0.0
7148,0.0
7149,0.0
7150,0.0
7151,0.0
7152,0.0
7153,0.0
7154,0.0
7155,0.0
7156,0.0
7157,0.0
7158,0.0
7159,0.0
7160,0.0
7161,0.0
7162,0.0
7163,0.0
7164,0.0
7165,0.0
7166,0.0
7167,0.0
7168,0.0
7169,0.0
7170,0.0
7171,0.0
7172,0.0
7173,0.0
7174,0.0
7175,0.0
7176,0.0
7177,0.0
7178,0.0
7179,0.0
7180,0.0
7181,0.0
7182,0.0
7183,0.0
7184,0.0
7185,0.0
7186,0.0
7187,0.0
7188,13.0
7189,13.0
7189,0.0
7190,13.0
7191,13.0
7194,13.0
7195,13.0
7196,13.0
7197,13.0
7198,13.0
7200,13.0
7206,13.0
7207,13.0
7208,13.0
7209,13.0
7210,13.0
7211,13.0
7218,13.0
7219,13.0
7220,13.0
7221,13.0
7222,13.0
7223,13.0
7224,13.0
7225,13.0
7226,13.0
7227,13.0
7228,13.0
7229,13.0
7230,13.0
7231,13.0
7232,13.0
7233,13.0
7234,13.0
7235,13.0
7236,13.0
7237,13.0
7238,13.0
7239,13.0
7241,13.0
7242,13.0
7243,13.0
7244,13.0
7245,13.0
7246,13.0
7247,13.0
7251,13.0
7252,13.0
7253,13.0
7257,13.0
7258,13.0
7259,13.0
7260,13.0
7261,13.0
7264,13.0
7265,13.0
7266,13.0
7267,13.0
7268,13.0
7269,13.0
7270,13.0
7271,13.0
7275,13.0
7276,13.0
7277,13.0
7278,13.0
7279,13.0
7280,13.0
7281,13.0
7282,13.0
7283,13.0
7294,13.0
7302,13.0
7303,13.0
7304,13.0
7320,13.0
7321,13.0
7322,13.0
7350,13.0
7353,13.0
7359,13.0
7360,13.0
7375,0.0
7376,0.0
7386,0.0
7387,0.0
7388,0.0
7389,0.0
7390,0.0
7391,0.0
7395,0.0
7396,0.0
7397,0.0
7398,0.0
7399,0.0
7400,0.0
7401,0.0
7402,0.0
7403,0.0
7404,0.0
7405,0.0
7406,0.0
7425,13.0
7746,0.0
7747,0.0
7748,0.0
7809,13.0
7810,13.0
7811,13.0
7813,13.0
7814,13.0
7815,13.0
7816,13.0
7818,13.0
7819,13.0
7820,13.0
7827,13.0
7828,13.0
7829,13.0
7830,13.0
7831,13.0
7832,13.0
7833,13.0
7834,13.0
7835,13.0
7836,13.0
7837,13.0
7838,13.0
7842,13.0
7843,13.0
7844,13.0
7845,13.0
7846,13.0
7847,13.0
7848,13.0
7849,13.0
7850,13.0
7851,13.0
7852,13.0
7853,13.0
7854,13.0
7855,13.0
7856,13.0
7857,13.0
7858,13.0
7859,13.0
7860,13.0
7861,13.0
7862,13.0
7863,0.0
7863,13.0
7864,0.0
7864,13.0
7865,13.0
7865,0.0
7866,13.0
7866,0.0
7867,13.0
7867,0.0
7868,13.0
7868,0.0
7869,0.0
7869,13.0
7869,0.0
7870,13.0
7870,0.0
7870,0.0
7871,0.0
7871,13.0
7871,0.0
7872,0.0
7872,13.0
7872,0.0
7873,0.0
7873,13.0
7873,0.0
7874,0.0
7874,13.0
7874,0.0
7875,0.0
7875,0.0
7875,13.0
7876,0.0
7876,0.0
7876,13.0
7877,0.0
7877,0.0
7877,13.0
7878,0.0
7878,0.0
7878,13.0
7879,0.0
7879,0.0
7879,13.0
7880,0.0
7880,0.0
7880,13.0
7881,0.0
7881,0.0
7881,13.0
7882,0.0
7882,0.0
7882,13.0
7883,0.0
7883,13.0
7884,0.0
7884,13.0
7885,0.0
7885,13.0
7886,0.0
7886,13.0
7887,0.0
7887,13.0
7888,0.0
7888,13.0
7889,13.0
7890,13.0
7891,13.0
7892,13.0
7893,13.0
7894,13.0
7895,13.0
7896,13.0
7897,13.0
7898,13.0
7899,13.0
7899,0.0
7900,13.0
7900,0.0
7901,13.0
7902,13.0
7903,13.0
7904,13.0
7905,13.0
7906,13.0
7907,13.0
7908,13.0
7909,13.0
7910,13.0
7911,13.0
7912,13.0
7913,13.0
7914,13.0
7915,13.0
7916,13.0
7917,13.0
7918,13.0
7919,13.0
7920,13.0
7921,13.0
7922,13.0
7923,13.0
7924,13.0
7925,13.0
7926,13.0
7927,13.0
7928,13.0
7929,13.0
7930,13.0
7931,13.0
7932,13.0
7933,13.0
7934,13.0
7935,13.0
7936,13.0
7937,13.0
7938,13.0
7939,13.0
7940,13.0
7941,13.0
7942,13.0
7943,13.0
7944,13.0
7945,13.0
7946,13.0
7947,13.0
7948,13.0
7953,13.0
7954,13.0
7955,13.0
7956,13.0
7957,13.0
7958,13.0
7959,13.0
7960,13.0
7961,13.0
7962,13.0
7963,13.0
7964,13.0
7965,13.0
7966,13.0
7967,13.0
7968,13.0
7969,13.0
7970,13.0
7971,13.0
7972,13.0
7973,13.0
7974,13.0
7975,13.0
7976,13.0
7977,13.0
7978,13.0
7979,13.0
7980,13.0
7981,13.0
7981,0.0
7982,13.0
7982,0.0
7983,13.0
7983,0.0
7984,13.0
7984,0.0
7985,13.0
7986,13.0
7987,13.0
7988,13.0
7989,13.0
7990,13.0
7991,13.0
7992,13.0
7993,13.0
7994,13.0
7995,13.0
7996,13.0
7997,13.0
7998,13.0
7999,13.0
8000,13.0
8001,13.0
8002,13.0
8003,13.0
8004,13.0
8005,13.0
8006,13.0
8007,13.0
8008,13.0
8009,13.0
8010,13.0
8011,13.0
8012,13.0
8015,13.0
8016,13.0
8017,13.0
8018,13.0
8019,13.0
8020,13.0
8021,13.0
8022,13.0
8023,13.0
8024,13.0
8025,13.0
8033,13.0
8034,13.0
8035,13.0
8036,13.0
8037,13.0
8038,13.0
8039,13.0
8075,13.0
8076,13.0
8077,13.0
8078,13.0
8079,13.0
8080,13.0
8081,13.0
8082,13.0
8083,13.0
8084,13.0
8085,13.0
8086,13.0
8087,13.0
8088,13.0
8089,13.0
8090,13.0
8091,13.0
8092,13.0
8094,0.0
8095,0.0
8096,0.0
8097,0.0
8098,0.0
8099,0.0
8099,13.0
8100,13.0
8101,13.0
8102,13.0
8103,13.0
8104,13.0
8105,13.0
8106,13.0
8107,13.0
8108,13.0
8109,0.0
8109,13.0
8110,0.0
8110,13.0
8111,13.0
8112,13.0
8115,13.0
8116,13.0
8117,13.0
8118,13.0
8119,13.0
8120,13.0
8121,13.0
8122,13.0
8123,13.0
8124,13.0
8125,13.0
8126,13.0
8127,13.0
8128,13.0
8129,13.0
8130,13.0
8131,13.0
8132,13.0
8165,13.0
8166,13.0
8167,13.0
8168,13.0
8399,13.0
8400,13.0
8486,0.0
8487,0.0
8487,13.0
8488,0.0
8488,13.0
8495,13.0
8496,13.0
8497,13.0
8498,13.0
8499,13.0
8500,13.0
8501,13.0
8502,13.0
8503,13.0
8504,13.0
8505,13.0
8506,13.0
8507,13.0
8508,13.0
8509,13.0
8510,13.0
8511,13.0
8512,13.0
8513,13.0
8514,13.0
8515,13.0
8519,13.0
8520,13.0
8521,13.0
8522,13.0
8523,13.0
8524,13.0
8525,13.0
8526,13.0
8527,13.0
8528,13.0
8529,13.0
8530,13.0
8531,13.0
8532,13.0
8533,13.0
8534,13.0
8535,13.0
8536,13.0
8537,13.0
8537,0.0
8538,0.0
8538,13.0
8539,13.0
8539,0.0
8540,0.0
8540,13.0
8541,0.0
8541,13.0
8542,0.0
8542,13.0
8543,13.0
8544,13.0
8545,13.0
8545,0.0
8547,0.0
8548,0.0
8549,0.0
8550,0.0
8551,0.0
8552,0.0
8553,0.0
8554,0.0
8561,13.0
8563,13.0
8592,13.0
8639,0.0
8640,0.0
8641,0.0
8645,0.0
8646,0.0
8647,0.0
8648,0.0
8649,0.0
8650,0.0
8675,0.0
8676,0.0
8677,0.0
8682,0.0
8683,0.0
8686,0.0
8690,0.0
8691,0.0
8692,0.0
8696,0.0
8703,0.0
8704,0.0
8705,0.0
8706,0.0
8707,0.0
8720,0.0
8721,0.0
8722,0.0
8722,13.0
8723,0.0
8724,0.0
8725,0.0
8732,0.0
8733,0.0
8734,0.0
8735,0.0
8736,0.0
8737,0.0
8756,0.0
8768,0.0
8769,0.0
8770,0.0
8771,0.0
8772,0.0
8773,0.0
8774,0.0
8774,0.0
8775,0.0
8775,0.0
8776,0.0
8776,0.0
8777,0.0
8777,0.0
8778,0.0
8778,0.0
8779,0.0
8779,0.0
8780,0.0
8780,0.0
8781,0.0
8781,0.0
8782,0.0
8782,0.0
8783,0.0
8783,0.0
8784,0.0
8784,0.0
8785,0.0
8785,0.0
8786,0.0
8786,0.0
8787,0.0
8787,0.0
8788,0.0
8788,0.0
8789,0.0
8789,0.0
8790,0.0
8790,0.0
8791,0.0
8791,0.0
8792,0.0
8792,0.0
8793,0.0
8793,0.0
8794,0.0
8794,0.0
8795,0.0
8795,0.0
8796,0.0
8796,0.0
8797,0.0
8797,0.0
8798,0.0
8798,13.0
8799,0.0
8799,13.0
8800,0.0
8800,13.0
8801,0.0
8802,0.0
8803,0.0
8804,0.0
8804,0.0
8805,0.0
8805,0.0
8806,0.0
8806,0.0
8807,0.0
8807,0.0
8808,0.0
8808,0.0
8809,0.0
8809,0.0
8810,0.0
8811,0.0
8811,0.0
8812,0.0
8812,0.0
8813,0.0
8814,0.0
8815,0.0
8816,0.0
8817,0.0
8818,0.0
8819,0.0
8820,0.0
8821,0.0
8822,0.0
8823,0.0
8824,0.0
8825,0.0
8826,0.0
8827,0.0
8828,13.0
8829,13.0
8830,13.0
8836,0.0
8837,0.0
8838,0.0
8839,0.0
8840,0.0
8841,0.0
8842,0.0
8843,0.0
8844,0.0
8845,0.0
8846,0.0
8847,0.0
8848,0.0
8851,0.0
8855,0.0
8856,0.0
8857,0.0
8858,0.0
8859,0.0
8860,0.0
8861,0.0
8862,0.0
8863,0.0
8864,0.0
8865,0.0
8866,0.0
8867,0.0
8868,0.0
8869,0.0
8870,0.0
8871,0.0
8872,0.0
8873,13.0
8874,13.0
8875,13.0
8891,13.0
8892,13.0
8893,13.0
8894,0.0
8895,0.0
8896,0.0
8906,0.0
8909,0.0
8910,0.0
8911,0.0
9023,0.0
9024,0.0
9025,0.0
9026,0.0
9027,0.0
9028,0.0
9029,0.0
9030,0.0
9031,0.0
9035,13.0
9036,13.0
9037,13.0
9038,0.0
9039,0.0
9040,0.0
9041,0.0
9042,0.0
9043,0.0
9044,0.0
9044,0.0
9045,0.0
9045,0.0
9046,0.0
9046,0.0
9047,0.0
9047,0.0
9048,0.0
9048,0.0
9049,0.0
9049,0.0
9050,0.0
9051,0.0
9052,0.0
9053,0.0
9054,0.0
9055,0.0
9056,0.0
9057,0.0
9058,0.0
9059,0.0
9059,0.0
9060,0.0
9060,0.0
9061,0.0
9061,0.0
9062,0.0
9063,0.0
9064,0.0
9071,0.0
9072,0.0
9073,0.0
9077,0.0
9078,0.0
9079,0.0
9080,0.0
9081,0.0
9082,0.0
9083,0.0
9084,0.0
9085,0.0
9086,0.0
9086,0.0
9087,0.0
9088,0.0
9089,0.0
9089,0.0
9090,0.0
9090,0.0
9091,0.0
9091,0.0
9092,0.0
9092,0.0
9093,0.0
9093,0.0
9094,0.0
9094,0.0
9095,0.0
9096,0.0
9097,0.0
9098,0.0
9098,0.0
9099,0.0
9099,0.0
9100,0.0
9100,0.0
9101,0.0
9101,0.0
9102,0.0
9102,0.0
9103,0.0
9103,0.0
9104,0.0
9105,0.0
9105,0.0
9106,0.0
9106,0.0
9107,0.0
9108,0.0
9109,0.0
9173,0.0
9174,0.0
9175,0.0
9176,0.0
9177,0.0
9178,0.0
9196,0.0
9206,0.0
9207,0.0
9208,0.0
9209,0.0
9210,0.0
9211,0.0
9213,0.0
9215,0.0
9216,0.0
9217,0.0
9221,0.0
9222,0.0
9223,0.0
9224,0.0
9225,0.0
9226,0.0
9227,0.0
9229,0.0
9230,0.0
9231,0.0
9235,0.0
9236,0.0
9237,0.0
9238,0.0
9238,0.0
9239,0.0
9239,0.0
9240,0.0
9240,0.0
9241,0.0
9242,0.0
9243,0.0
9244,0.0
9245,0.0
9246,0.0
9262,0.0
9263,0.0
9264,0.0
9268,0.0
9269,0.0
9270,0.0
9271,0.0
9272,0.0
9273,0.0
9274,0.0
9275,0.0
9276,0.0
9277,0.0
9278,0.0
9279,0.0
9280,0.0
9281,0.0
9282,0.0
9283,0.0
9284,0.0
9285,0.0
9286,0.0
9287,0.0
9288,0.0
9289,0.0
9290,0.0
9291,0.0
9292,0.0
9293,0.0
9294,0.0
9295,0.0
9296,0.0
9297,0.0
9298,0.0
9299,0.0
9300,0.0
9301,0.0
9302,0.0
9303,0.0
9304,0.0
9305,0.0
9306,0.0
9307,0.0
9308,0.0
9309,0.0
9310,0.0
9311,0.0
9312,0.0
9313,0.0
9314,0.0
9315,0.0
9316,0.0
9317,0.0
9318,0.0
9319,0.0
9320,0.0
9321,0.0
9322,0.0
9323,0.0
9324,0.0
9325,0.0
9326,0.0
9327,0.0
9328,0.0
9329,0.0
9330,0.0
9333,0.0
9346,0.0
9347,0.0
9348,0.0
9349,0.0
9352,0.0
9353,0.0
9354,0.0
9356,0.0
9361,0.0
9362,0.0
9363,0.0
9364,0.0
9367,0.0
9368,0.0
9369,0.0
9370,0.0
9371,0.0
9372,0.0
9373,0.0
9373,0.0
9374,0.0
9375,0.0
9376,0.0
9377,0.0
9378,0.0
9379,0.0
9380,0.0
9381,0.0
9382,0.0
9383,0.0
9384,0.0
9385,0.0
9386,0.0
9387,0.0
9388,0.0
9388,0.0
9389,0.0
9389,0.0
9390,0.0
9390,0.0
9391,0.0
9391,0.0
9392,0.0
9392,0.0
9393,0.0
9394,0.0
9395,0.0
9396,0.0
9397,0.0
9397,0.0
9398,0.0
9398,0.0
9399,0.0
9399,0.0
9400,0.0
9400,0.0
9401,0.0
9401,0.0
9402,0.0
9402,0.0
9403,0.0
9403,0.0
9404,0.0
9404,0.0
9405,0.0
9405,0.0
9406,0.0
9406,0.0
9407,0.0
9407,0.0
9408,0.0
9408,0.0
9409,0.0
9409,0.0
9410,0.0
9410,0.0
9411,0.0
9411,0.0
9412,0.0
9412,0.0
9413,0.0
9413,0.0
9414,0.0
9414,0.0
9415,0.0
9416,0.0
9417,0.0
9418,0.0
9419,0.0
9420,0.0
9421,0.0
9422,0.0
9423,0.0
9424,0.0
9425,0.0
9426,0.0
9451,0.0
9452,0.0
9453,0.0
9455,0.0
9460,0.0
9461,0.0
9462,0.0
9476,0.0
9477,0.0
9478,0.0
9481,0.0
9482,0.0
9483,0.0
9506,0.0
9507,0.0
9508,0.0
9509,0.0
9509,56.0
9510,0.0
9510,56.0
9511,0.0
9512,0.0
9513,0.0
9518,56.0
9519,56.0
9562,0.0
9563,0.0
9564,0.0
9592,0.0
9594,0.0
9595,0.0
9596,0.0
9597,0.0
9598,0.0
9599,0.0
9652,0.0
9653,0.0
9654,0.0
9655,0.0
9656,0.0
9657,0.0
9658,0.0
9659,0.0
9663,0.0
9665,0.0
9666,0.0
9667,0.0
9668,0.0
9669,0.0
9669,0.0
9670,0.0
9670,0.0
9671,0.0
9671,0.0
9672,0.0
9673,0.0
9674,0.0
9674,0.0
9675,0.0
9676,0.0
9677,0.0
9690,0.0
9691,0.0
9692,0.0
9705,0.0
9705,0.0
9706,0.0
9707,0.0
9708,0.0
9709,0.0
9710,0.0
9711,0.0
9712,0.0
9712,0.0
9713,0.0
9713,0.0
9714,0.0
9714,0.0
9715,0.0
9715,0.0
9716,0.0
9716,0.0
9717,0.0
9718,0.0
9719,0.0
9720,0.0
9720,0.0
9721,0.0
9721,0.0
9722,0.0
9722,0.0
9723,0.0
9723,0.0
9724,0.0
9724,0.0
9725,0.0
9725,0.0
9726,0.0
9726,0.0
9727,0.0
9727,0.0
9728,0.0
9728,0.0
9729,0.0
9730,0.0
9731,0.0
9732,0.0
9733,0.0
9734,0.0
9735,0.0
9736,0.0
9737,0.0
9744,0.0
9745,0.0
9746,0.0
9750,0.0
9751,0.0
9752,0.0
9753,0.0
9753,0.0
9754,0.0
9754,0.0
9755,0.0
9755,0.0
9756,0.0
9757,0.0
9758,0.0
9759,0.0
9759,0.0
9760,0.0
9760,0.0
9761,0.0
9761,0.0
9762,0.0
9762,0.0
9763,0.0
9764,0.0
9765,0.0
9766,0.0
9767,0.0
9768,0.0
9769,0.0
9770,0.0
9771,0.0
9772,0.0
9773,0.0
9774,0.0
9775,0.0
9776,0.0
9777,0.0
9778,0.0
9779,0.0
9780,0.0
9781,0.0
9782,0.0
9783,0.0
9783,4.0
9784,0.0
9785,0.0
9786,0.0
9787,0.0
9788,0.0
9789,0.0
9790,0.0
9791,0.0
9792,0.0
9793,0.0
9794,0.0
9795,0.0
9795,4.0
9796,0.0
9796,4.0
9797,0.0
9797,4.0
9798,0.0
9799,0.0
9800,0.0
9801,0.0
9802,0.0
9803,0.0
9804,0.0
9805,0.0
9806,0.0
9807,0.0
9808,0.0
9808,0.0
9809,0.0
9809,0.0
9810,0.0
9811,0.0
9812,0.0
9818,0.0
9819,0.0
9819,0.0
9820,0.0
9821,0.0
9825,0.0
9826,0.0
9827,0.0
9828,0.0
9829,0.0
9830,0.0
9831,0.0
9832,0.0
9832,0.0
9833,0.0
9834,0.0
9835,0.0
9836,0.0
9837,0.0
9838,0.0
9839,0.0
9843,0.0
9844,0.0
9845,0.0
9846,0.0
9847,0.0
9848,0.0
9849,0.0
9850,0.0
9851,0.0
9852,0.0
9853,0.0
9854,0.0
9855,0.0
9856,0.0
9857,0.0
9858,0.0
9859,0.0
9860,0.0
9861,0.0
9862,0.0
9863,0.0
9866,0.0
9870,0.0
9871,0.0
9872,0.0
9873,0.0
9873,0.0
9874,0.0
9874,0.0
9875,0.0
9875,0.0
9876,0.0
9876,0.0
9877,0.0
9877,0.0
9878,0.0
9878,0.0
9879,0.0
9879,0.0
9879,0.0
9880,0.0
9880,0.0
9880,0.0
9881,0.0
9881,0.0
9881,0.0
9882,0.0
9882,0.0
9882,0.0
9883,0.0
9883,0.0
9883,0.0
9884,0.0
9884,0.0
9884,0.0
9885,0.0
9886,0.0
9886,0.0
9887,0.0
9887,0.0
9888,0.0
9889,0.0
9890,0.0
9893,13.0
9897,13.0
9898,13.0
9898,0.0
9899,13.0
9900,13.0
9901,0.0
9901,0.0
9902,0.0
9902,0.0
9903,0.0
9904,0.0
9905,0.0
9906,0.0
9907,0.0
9908,0.0
9909,0.0
9909,0.0
9910,0.0
9910,0.0
9911,0.0
9911,0.0
9912,0.0
9912,0.0
9913,0.0
9913,0.0
9914,0.0
9914,0.0
9915,0.0
9915,0.0
9916,0.0
9916,0.0
9917,0.0
9917,0.0
9918,0.0
9918,0.0
9918,56.0
9919,0.0
9919,0.0
9919,56.0
9920,0.0
9920,0.0
9920,56.0
9921,0.0
9921,0.0
9922,0.0
9922,0.0
9923,0.0
9923,0.0
9924,0.0
9925,0.0
9926,0.0
9926,0.0
9927,0.0
9928,0.0
9928,0.0
9929,0.0
9929,0.0
9930,0.0
9930,0.0
9931,0.0
9932,0.0
9933,0.0
9934,0.0
9935,0.0
9936,0.0
9937,0.0
9938,0.0
9939,0.0
9940,0.0
9941,0.0
9942,0.0
9943,0.0
9944,0.0
9945,0.0
9946,0.0
9947,0.0
9948,0.0
9948,0.0
9949,0.0
9949,0.0
9950,0.0
9950,0.0
9954,0.0
9955,0.0
9956,0.0
9957,0.0
9958,0.0
9959,0.0
9960,0.0
9961,0.0
9962,0.0
9963,0.0
9964,0.0
9965,0.0
9966,0.0
9967,0.0
9968,0.0
9969,0.0
9970,0.0
9971,0.0
9972,0.0
9973,0.0
9974,0.0
9975,0.0
9976,0.0
9977,0.0
9978,0.0
9979,0.0
9980,0.0
9981,0.0
9982,0.0
9983,0.0
9984,0.0
9985,0.0
9986,0.0
9987,0.0
9988,0.0
9989,0.0
9990,0.0
9991,0.0
9992,0.0
9993,0.0
9994,0.0
9995,0.0
9996,0.0
9997,0.0
9998,0.0
9999,0.0
10000,0.0
10001,0.0
10002,0.0
10002,0.0
10003,0.0
10003,0.0
10004,0.0
10004,0.0
10005,0.0
10005,0.0
10006,0.0
10006,0.0
10007,0.0
10007,0.0
10008,0.0
10008,0.0
10009,0.0
10009,0.0
10010,0.0
10010,0.0
10011,0.0
10011,0.0
10012,0.0
10012,0.0
10013,0.0
10013,0.0
10014,0.0
10014,0.0
10015,0.0
10015,0.0
10016,0.0
10016,0.0
10017,0.0
10018,0.0
10019,0.0
10020,0.0
10021,0.0
10022,0.0
10023,0.0
10024,0.0
10025,0.0
10026,0.0
10027,0.0
10028,0.0
10029,0.0
10030,0.0
10031,0.0
10035,0.0
10036,0.0
10037,0.0
10038,0.0
10039,0.0
10040,0.0
10041,0.0
10042,0.0
10043,0.0
10044,0.0
10044,0.0
10045,0.0
10045,0.0
10046,0.0
10046,0.0
10047,0.0
10047,0.0
10048,0.0
10048,0.0
10049,0.0
10049,0.0
10050,0.0
10050,0.0
10051,0.0
10051,0.0
10052,0.0
10052,0.0
10053,0.0
10053,0.0
10054,0.0
10054,0.0
10055,0.0
10055,0.0
10056,0.0
10056,0.0
10057,0.0
10057,0.0
10058,0.0
10058,0.0
10059,0.0
10059,0.0
10060,0.0
10060,0.0
10061,0.0
10061,0.0
10062,0.0
10062,0.0
10063,0.0
10063,0.0
10064,0.0
10064,0.0
10065,0.0
10065,0.0
10066,0.0
10066,0.0
10067,0.0
10067,0.0
10068,0.0
10069,0.0
10070,0.0
10071,0.0
10072,0.0
10073,0.0
10074,0.0
10074,0.0
10075,0.0
10075,0.0
10076,0.0
10076,0.0
10077,0.0
10077,0.0
10078,0.0
10078,0.0
10079,0.0
10079,0.0
10080,0.0
10081,0.0
10082,0.0
10083,0.0
10083,0.0
10084,0.0
10084,0.0
10085,0.0
10085,0.0
10086,0.0
10086,0.0
10087,0.0
10087,0.0
10088,0.0
10088,0.0
10089,0.0
10089,0.0
10090,0.0
10090,0.0
10091,0.0
10091,0.0
10092,0.0
10092,0.0
10093,0.0
10093,0.0
10094,0.0
10094,0.0
10095,0.0
10095,0.0
10096,0.0
10096,0.0
10097,0.0
10097,0.0
10098,0.0
10098,0.0
10099,0.0
10099,0.0
10100,0.0
10100,0.0
10101,0.0
10101,0.0
10102,0.0
10102,0.0
10103,0.0
10103,0.0
10104,0.0
10105,0.0
10106,0.0
10106,0.0
10107,0.0
10108,0.0
10109,0.0
10110,0.0
10110,0.0
10111,0.0
10111,0.0
10112,0.0
10112,0.0
10113,0.0
10113,0.0
10114,0.0
10114,0.0
10115,0.0
10115,0.0
10116,0.0
10116,0.0
10117,0.0
10117,0.0
10118,0.0
10118,0.0
10119,0.0
10119,0.0
10120,0.0
10120,0.0
10121,0.0
10121,0.0
10122,0.0
10122,0.0
10123,0.0
10123,0.0
10124,0.0
10124,0.0
10125,0.0
10125,0.0
10126,0.0
10126,0.0
10127,0.0
10127,0.0
10128,0.0
10128,0.0
10129,0.0
10129,0.0
10130,0.0
10130,0.0
10131,0.0
10131,0.0
10132,0.0
10132,0.0
10133,0.0
10133,0.0
10134,0.0
10134,0.0
10135,0.0
10135,0.0
10136,0.0
10136,0.0
10137,0.0
10137,0.0
10138,0.0
10138,0.0
10139,0.0
10139,0.0
10140,0.0
10140,0.0
10141,0.0
10141,0.0
10142,0.0
10142,0.0
10143,0.0
10144,0.0
10145,0.0
10146,0.0
10147,0.0
10148,0.0
10149,0.0
10150,0.0
10151,0.0
10152,0.0
10153,0.0
10154,0.0
10155,0.0
10156,0.0
10157,0.0
10159,0.0
10160,0.0
10161,0.0
10162,0.0
10163,0.0
10164,0.0
10165,0.0
10166,0.0
10167,0.0
10167,0.0
10168,0.0
10168,0.0
10169,0.0
10169,0.0
10170,0.0
10170,0.0
10171,0.0
10172,0.0
10173,0.0
10173,0.0
10174,0.0
10174,0.0
10175,0.0
10175,0.0
10176,0.0
10176,0.0
10177,0.0
10177,0.0
10178,0.0
10178,0.0
10179,0.0
10180,0.0
10181,0.0
10182,0.0
10183,0.0
10184,0.0
10185,0.0
10185,0.0
10186,0.0
10186,0.0
10187,0.0
10187,0.0
10188,0.0
10189,0.0
10190,0.0
10191,0.0
10191,0.0
10192,0.0
10192,0.0
10193,0.0
10193,0.0
10194,0.0
10195,0.0
10196,0.0
10197,0.0
10198,0.0
10199,0.0
10200,0.0
10200,0.0
10201,0.0
10201,0.0
10202,0.0
10202,0.0
10203,0.0
10204,0.0
10205,0.0
10209,0.0
10210,0.0
10211,0.0
10212,0.0
10213,0.0
10214,0.0
10215,0.0
10215,0.0
10216,0.0
10216,0.0
10217,0.0
10217,0.0
10219,0.0
10220,0.0
10242,0.0
10243,0.0
10244,0.0
10247,0.0
10248,0.0
10248,0.0
10249,0.0
10249,0.0
10250,0.0
10250,0.0
10251,0.0
10251,0.0
10252,0.0
10252,0.0
10253,0.0
10253,0.0
10254,0.0
10254,0.0
10255,0.0
10255,0.0
10256,0.0
10256,0.0
10257,0.0
10257,0.0
10258,0.0
10258,0.0
10259,0.0
10259,0.0
10260,0.0
10260,0.0
10261,0.0
10261,0.0
10262,0.0
10262,0.0
10263,0.0
10263,0.0
10264,0.0
10264,0.0
10265,0.0
10265,0.0
10266,0.0
10266,0.0
10267,0.0
10267,0.0
10268,0.0
10268,0.0
10269,0.0
10269,0.0
10270,0.0
10270,0.0
10271,0.0
10271,0.0
10272,0.0
10272,0.0
10273,0.0
10273,0.0
10274,0.0
10275,0.0
10275,0.0
10276,0.0
10276,0.0
10277,0.0
10277,0.0
10278,0.0
10278,0.0
10279,0.0
10280,0.0
10281,0.0
10282,0.0
10283,0.0
10284,0.0
10284,0.0
10285,0.0
10285,0.0
10286,0.0
10286,0.0
10287,0.0
10288,0.0
10289,0.0
10290,0.0
10292,0.0
10293,0.0
10294,0.0
10295,0.0
10296,0.0
10299,0.0
10300,0.0
10301,0.0
10302,0.0
10303,0.0
10304,0.0
10305,0.0
10306,0.0
10307,0.0
10308,0.0
10309,0.0
10310,0.0
10311,0.0
10312,0.0
10313,0.0
10314,0.0
10315,0.0
10316,0.0
10317,0.0
10318,0.0
10319,0.0
10320,0.0
10321,0.0
10321,0.0
10322,0.0
10322,0.0
10323,0.0
10323,0.0
10324,0.0
10324,0.0
10325,0.0
10325,0.0
10326,0.0
10326,0.0
10327,0.0
10327,0.0
10328,0.0
10328,0.0
10329,0.0
10329,0.0
10330,0.0
10330,0.0
10331,0.0
10331,0.0
10332,0.0
10332,0.0
10333,0.0
10333,0.0
10334,0.0
10334,0.0
10335,0.0
10335,0.0
10336,0.0
10336,0.0
10337,0.0
10337,0.0
10338,0.0
10338,0.0
10339,0.0
10339,0.0
10340,0.0
10340,0.0
10341,0.0
10341,0.0
10342,0.0
10342,0.0
10343,0.0
10343,0.0
10344,0.0
10344,0.0
10345,0.0
10345,0.0
10346,0.0
10346,0.0
10347,0.0
10347,0.0
10348,0.0
10348,0.0
10349,0.0
10349,0.0
10350,0.0
10351,0.0
10352,0.0
10353,0.0
10353,0.0
10354,0.0
10354,0.0
10355,0.0
10355,0.0
10356,0.0
10356,0.0
10357,0.0
10358,0.0
10359,0.0
10360,0.0
10361,0.0
10364,0.0
10371,0.0
10372,0.0
10373,0.0
10377,0.0
10378,0.0
10379,0.0
10380,0.0
10381,0.0
10382,0.0
10383,0.0
10383,0.0
10384,0.0
10384,0.0
10385,0.0
10385,0.0
10386,0.0
10387,0.0
10388,0.0
10393,0.0
10398,0.0
10399,0.0
10400,0.0
10401,0.0
10404,0.0
10405,0.0
10406,0.0
10407,0.0
10410,0.0
10411,0.0
10412,0.0
10419,0.0
10420,0.0
10421,0.0
10422,0.0
10422,0.0
10425,0.0
10425,0.0
10426,0.0
10426,0.0
10427,0.0
10428,0.0
10428,0.0
10428,0.0
10429,0.0
10429,0.0
10429,0.0
10430,0.0
10430,0.0
10430,0.0
10431,0.0
10431,0.0
10432,0.0
10432,0.0
10433,0.0
10433,0.0
10434,0.0
10435,0.0
10436,0.0
10437,0.0
10437,0.0
10438,0.0
10438,0.0
10439,0.0
10439,0.0
10440,0.0
10440,0.0
10441,0.0
10442,0.0
10443,0.0
10444,0.0
10445,0.0
10446,0.0
10447,0.0
10448,0.0
10449,0.0
10450,0.0
10451,0.0
10452,0.0
10453,0.0
10454,0.0
10455,0.0
10456,0.0
10457,0.0
10470,0.0
10471,0.0
10472,0.0
10473,0.0
10474,0.0
10475,0.0
10482,0.0
10484,0.0
10485,0.0
10488,0.0
10489,0.0
10490,0.0
10491,0.0
10492,0.0
10493,0.0
10494,0.0
10495,0.0
10496,0.0
10497,0.0
10498,0.0
10499,0.0
10501,0.0
10502,0.0
10506,0.0
10508,0.0
10523,0.0
10527,0.0
10528,0.0
10529,0.0
10550,13.0
10551,13.0
10552,13.0
10553,13.0
10554,13.0
10555,13.0
10560,13.0
10561,13.0
10572,0.0
10573,13.0
10574,59.0
10575,59.0
10576,59.0
10577,59.0
10587,0.0
10588,0.0
10589,0.0
10611,0.0
10612,0.0
10612,13.0
10613,0.0
10613,13.0
10626,0.0
10627,0.0
10627,0.0
10628,0.0
10628,0.0
10632,0.0
10633,0.0
10634,0.0
10636,0.0
10637,0.0
10638,59.0
10639,59.0
10640,59.0
10641,0.0
10642,0.0
10643,0.0
10644,0.0
10645,0.0
10646,0.0
10647,0.0
10648,0.0
10649,0.0
10650,0.0
10651,0.0
10652,0.0
10654,0.0
10655,0.0
10659,0.0
10660,0.0
10661,0.0
10663,0.0
10664,0.0
10665,0.0
10666,0.0
10667,0.0
10674,0.0
10675,0.0
10676,0.0
10677,0.0
10677,0.0
10678,0.0
10678,0.0
10679,0.0
10679,0.0
10680,0.0
10680,0.0
10681,0.0
10681,0.0
10682,0.0
10682,0.0
10683,0.0
10683,13.0
10684,0.0
10685,0.0
10686,0.0
10687,0.0
10688,0.0
10689,0.0
10690,0.0
10691,0.0
10692,0.0
10693,0.0
10694,0.0
10695,0.0
10696,0.0
10697,0.0
10698,0.0
10699,0.0
10700,0.0
10701,0.0
10702,0.0
10703,0.0
10704,0.0
10705,0.0
10706,0.0
10707,0.0
10708,0.0
10709,0.0
10716,0.0
10717,0.0
10718,0.0
10719,0.0
10722,0.0
10723,0.0
10725,0.0
10725,0.0
10725,0.0
10726,0.0
10726,0.0
10726,0.0
10727,0.0
10727,0.0
10727,0.0
10728,0.0
10729,0.0
10730,0.0
10731,0.0
10731,0.0
10732,0.0
10732,0.0
10733,0.0
10733,0.0
10738,0.0
10739,0.0
10740,0.0
10741,0.0
10742,0.0
10743,0.0
10743,0.0
10744,0.0
10744,0.0
10745,0.0
10745,0.0
10746,0.0
10746,0.0
10747,0.0
10747,0.0
10748,0.0
10748,0.0
10749,0.0
10749,0.0
10750,0.0
10751,0.0
10751,0.0
10752,0.0
10753,0.0
10754,0.0
10755,0.0
10756,0.0
10757,0.0
10773,0.0
10774,0.0
10775,0.0
10782,0.0
10783,0.0
10784,0.0
10785,0.0
10786,0.0
10787,0.0
10788,0.0
10789,0.0
10790,0.0
10791,0.0
10792,0.0
10793,0.0
10795,0.0
10796,0.0
10797,0.0
10798,0.0
10799,0.0
10801,0.0
10801,13.0
10802,0.0
10802,13.0
10815,0.0
10816,0.0
10817,0.0
10821,0.0
10822,0.0
10823,0.0
10824,0.0
10826,0.0
10827,0.0
10828,0.0
10829,0.0
10830,0.0
10831,0.0
10832,0.0
10833,0.0
10834,0.0
10835,0.0
10836,0.0
10837,0.0
10838,0.0
10839,0.0
10840,0.0
10841,0.0
10842,0.0
10843,0.0
10844,0.0
10845,0.0
10846,0.0
10847,0.0
10848,0.0
10849,0.0
10850,0.0
10854,0.0
10855,0.0
10856,0.0
10884,0.0
10885,0.0
10886,0.0
10978,13.0
10979,13.0
11100,0.0
11101,0.0
11102,0.0
11102,56.0
11103,0.0
11103,56.0
11104,0.0
11104,56.0
11105,0.0
11105,56.0
11106,56.0
11107,56.0
11108,0.0
11108,56.0
11109,0.0
11109,56.0
11110,0.0
11110,56.0
11111,0.0
11111,56.0
11112,56.0
11112,0.0
11113,56.0
11113,0.0
11114,0.0
11114,56.0
11115,0.0
11116,0.0
11117,0.0
11118,0.0
11119,0.0
11120,0.0
11121,0.0
11122,0.0
11123,0.0
11124,0.0
11125,0.0
11126,0.0
11127,0.0
11128,0.0
11129,0.0
11130,0.0
11131,0.0
11132,0.0
11133,0.0
11134,0.0
11135,0.0
11136,0.0
11137,0.0
11138,0.0
11139,0.0
11140,0.0
11141,0.0
11142,0.0
11143,0.0
11144,0.0
11145,0.0
11146,0.0
11147,0.0
11148,0.0
11149,0.0
11150,0.0
11151,0.0
11152,0.0
11153,0.0
11154,0.0
11155,0.0
11156,0.0
11157,0.0
11158,0.0
11159,0.0
11160,0.0
11161,0.0
11162,0.0
11163,0.0
11164,0.0
11165,0.0
11166,0.0
11167,0.0
11168,0.0
11169,0.0
11170,0.0
11171,0.0
11172,0.0
11173,0.0
11174,0.0
11175,0.0
11176,0.0
11177,0.0
11178,0.0
11179,0.0
11180,0.0
11181,0.0
11182,0.0
11183,0.0
11184,0.0
11184,0.0
11185,0.0
11185,0.0
11186,0.0
11186,0.0
11187,0.0
11187,0.0
11188,0.0
11188,0.0
11189,0.0
11189,0.0
11190,0.0
11191,0.0
11192,0.0
11193,0.0
11194,0.0
11195,0.0
11196,0.0
11196,0.0
11197,0.0
11197,0.0
11198,0.0
11198,0.0
11199,0.0
11199,0.0
11200,0.0
11200,0.0
11201,0.0
11201,0.0
11202,0.0
11202,0.0
11203,0.0
11203,0.0
11204,0.0
11204,0.0
11205,0.0
11205,0.0
11206,0.0
11206,0.0
11207,0.0
11207,0.0
11208,0.0
11208,0.0
11209,0.0
11209,0.0
11210,0.0
11210,0.0
11210,13.0
11211,0.0
11211,0.0
11212,0.0
11212,0.0
11212,13.0
11213,0.0
11213,0.0
11213,13.0
11214,0.0
11214,0.0
11215,0.0
11215,0.0
11216,0.0
11216,0.0
11217,0.0
11217,0.0
11218,0.0
11218,0.0
11219,0.0
11219,0.0
11220,0.0
11220,0.0
11221,0.0
11221,0.0
11222,0.0
11222,0.0
11223,0.0
11223,0.0
11224,0.0
11224,0.0
11225,0.0
11225,0.0
11226,0.0
11226,0.0
11227,0.0
11227,0.0
11228,0.0
11228,0.0
11229,0.0
11229,0.0
11230,0.0
11230,0.0
11231,0.0
11231,0.0
11232,0.0
11232,0.0
11233,0.0
11233,0.0
11234,0.0
11234,0.0
11235,0.0
11235,0.0
11236,0.0
11236,0.0
11237,0.0
11237,0.0
11238,0.0
11238,0.0
11239,0.0
11239,0.0
11240,0.0
11240,0.0
11241,0.0
11242,0.0
11243,0.0
11244,0.0
11245,0.0
11246,0.0
11246,0.0
11247,0.0
11247,0.0
11248,0.0
11248,0.0
11249,0.0
11249,0.0
11250,0.0
11250,0.0
11251,0.0
11251,0.0
11252,0.0
11252,0.0
11253,0.0
11254,0.0
11254,0.0
11255,0.0
11255,0.0
11256,0.0
11256,0.0
11257,0.0
11257,0.0
11258,0.0
11259,0.0
11260,0.0
11261,0.0
11262,0.0
11262,0.0
11263,0.0
11264,0.0
11264,0.0
11265,0.0
11265,0.0
11266,0.0
11266,0.0
11267,0.0
11267,0.0
11268,0.0
11268,0.0
11269,0.0
11269,0.0
11270,0.0
11270,0.0
11271,0.0
11271,0.0
11272,0.0
11272,0.0
11273,0.0
11273,0.0
11274,0.0
11274,0.0
11275,0.0
11275,0.0
11276,0.0
11276,0.0
11277,0.0
11277,0.0
11278,0.0
11278,0.0
11279,0.0
11279,0.0
11280,0.0
11281,0.0
11282,0.0
11282,0.0
11283,0.0
11283,0.0
11284,0.0
11284,0.0
11285,0.0
11285,0.0
11286,0.0
11287,0.0
11288,0.0
11289,0.0
11289,0.0
11290,0.0
11291,0.0
11292,0.0
11293,0.0
11294,0.0
11294,0.0
11295,0.0
11295,0.0
11296,0.0
11296,0.0
11297,0.0
11297,0.0
11298,0.0
11299,0.0
11300,0.0
11301,0.0
11302,0.0
11303,0.0
11304,0.0
11305,0.0
11306,0.0
11307,0.0
11308,0.0
11309,0.0
11310,0.0
11310,0.0
11311,0.0
11311,0.0
11312,0.0
11313,0.0
11314,0.0
11315,0.0
11316,0.0
11316,0.0
11317,0.0
11317,0.0
11318,0.0
11319,0.0
11320,0.0
11321,0.0
11322,0.0
11323,0.0
11324,0.0
11325,0.0
11326,0.0
11327,0.0
11328,0.0
11329,0.0
11330,0.0
11331,0.0
11332,0.0
11333,0.0
11334,0.0
11335,0.0
11336,0.0
11337,0.0
11338,0.0
11339,0.0
11340,0.0
11340,56.0
11341,0.0
11341,56.0
11342,0.0
11343,0.0
11344,0.0
11345,0.0
11346,0.0
11347,0.0
11348,0.0
11349,0.0
11350,0.0
11351,0.0
11352,0.0
11353,0.0
11358,0.0
11359,0.0
11361,0.0
11362,0.0
11363,0.0
11364,0.0
11365,0.0
11366,0.0
11367,0.0
11368,0.0
11369,0.0
11370,0.0
11371,0.0
11372,0.0
11372,0.0
11373,0.0
11373,0.0
11374,0.0
11375,0.0
11376,0.0
11377,0.0
11378,0.0
11379,0.0
11380,0.0
11381,0.0
11382,0.0
11383,0.0
11384,0.0
11385,0.0
11386,0.0
11387,0.0
11388,0.0
11389,0.0
11390,0.0
11391,0.0
11392,0.0
11393,0.0
11394,0.0
11395,0.0
11396,0.0
11397,0.0
11398,0.0
11399,0.0
11400,0.0
11401,0.0
11402,0.0
11403,0.0
11404,0.0
11405,0.0
11406,0.0
11407,0.0
11408,0.0
11408,0.0
11409,0.0
11410,0.0
11411,0.0
11412,0.0
11412,0.0
11413,0.0
11413,0.0
11414,0.0
11415,0.0
11416,0.0
11417,0.0
11418,0.0
11419,0.0
11420,0.0
11420,0.0
11421,0.0
11421,0.0
11422,0.0
11422,0.0
11423,0.0
11423,0.0
11424,0.0
11424,0.0
11425,0.0
11425,0.0
11426,0.0
11427,0.0
11428,0.0
11429,0.0
11430,0.0
11431,0.0
11432,0.0
11433,0.0
11434,0.0
11435,0.0
11436,0.0
11437,0.0
11438,0.0
11439,0.0
11440,0.0
11441,0.0
11442,0.0
11443,0.0
11444,0.0
11445,0.0
11446,0.0
11447,0.0
11448,0.0
11449,0.0
11450,0.0
11451,0.0
11452,0.0
11453,0.0
11454,0.0
11455,0.0
11456,0.0
11457,0.0
11458,0.0
11459,0.0
11460,0.0
11461,0.0
11462,0.0
11463,0.0
11464,0.0
11465,0.0
11466,0.0
11467,0.0
11468,0.0
11469,0.0
11470,0.0
11471,0.0
11472,0.0
11473,0.0
11474,0.0
11475,0.0
11476,0.0
11477,0.0
11478,0.0
11484,0.0
11484,0.0
11485,0.0
11485,0.0
11486,0.0
11487,0.0
11488,0.0
11489,0.0
11490,0.0
11491,0.0
11496,0.0
11497,0.0
11498,0.0
11499,0.0
11500,0.0
11501,0.0
11502,0.0
11503,0.0
11504,0.0
11505,0.0
11506,0.0
11508,0.0
11513,0.0
11514,0.0
11515,0.0
11525,0.0
11526,0.0
11527,0.0
11528,0.0
11529,0.0
11530,0.0
11534,0.0
11535,0.0
11536,0.0
11576,0.0
11577,0.0
11578,0.0
11579,0.0
11580,0.0
11581,0.0
11582,0.0
11583,0.0
11584,0.0
11588,0.0
11589,0.0
11590,0.0
11597,0.0
11598,0.0
11599,0.0
11603,0.0
11604,0.0
11605,0.0
11609,0.0
11610,0.0
11611,0.0
11612,0.0
11613,0.0
11614,0.0
11615,0.0
11616,0.0
11617,0.0
11618,0.0
11619,0.0
11620,0.0
11621,0.0
11622,0.0
11623,0.0
11624,0.0
11625,0.0
11626,0.0
11627,0.0
11628,0.0
11629,0.0
11630,0.0
11631,0.0
11632,0.0
11633,0.0
11634,0.0
11635,0.0
11636,0.0
11637,0.0
11638,0.0
11639,0.0
11640,0.0
11641,0.0
11642,0.0
11643,0.0
11644,0.0
11645,0.0
11646,0.0
11647,0.0
11648,0.0
11649,0.0
11650,0.0
11651,0.0
11652,0.0
11653,0.0
11654,0.0
11655,0.0
11656,0.0
11657,0.0
11658,0.0
11659,0.0
11660,0.0
11661,0.0
11662,0.0
11663,0.0
11664,0.0
11665,0.0
11666,0.0
11667,0.0
11668,0.0
11669,0.0
11670,0.0
11671,0.0
11672,0.0
11673,0.0
11674,0.0
11675,0.0
11676,0.0
11677,0.0
11678,0.0
11679,0.0
11680,0.0
11681,0.0
11682,0.0
11683,0.0
11684,0.0
11685,0.0
11686,0.0
11687,0.0
11688,0.0
11689,0.0
11690,0.0
11691,0.0
11692,0.0
11693,0.0
11694,0.0
11695,0.0
11696,0.0
11697,0.0
11698,0.0
11699,0.0
11700,0.0
11701,0.0
11702,0.0
11703,0.0
11704,0.0
11705,0.0
11706,0.0
11707,0.0
11708,0.0
11709,0.0
11710,0.0
11711,0.0
11712,0.0
11713,0.0
11714,0.0
11715,0.0
11716,0.0
11717,0.0
11718,0.0
11719,0.0
11720,0.0
11721,0.0
11722,0.0
11723,0.0
11724,0.0
11725,0.0
11726,0.0
11727,0.0
11728,0.0
11729,0.0
11730,0.0
11731,0.0
11732,0.0
11733,0.0
11734,0.0
11735,0.0
11736,0.0
11737,0.0
11738,0.0
11739,0.0
11740,0.0
11744,0.0
11745,0.0
11746,0.0
11747,0.0
11748,0.0
11749,0.0
11750,0.0
11751,0.0
11752,0.0
11753,0.0
11754,0.0
11755,0.0
11756,13.0
11757,13.0
11758,13.0
11769,0.0
11770,0.0
11771,0.0
11772,0.0
11773,0.0
11774,0.0
11774,0.0
11775,0.0
11777,0.0
11778,0.0
11779,0.0
11780,0.0
11781,0.0
11782,0.0
11783,0.0
11784,0.0
11785,0.0
11786,0.0
11787,0.0
11788,0.0
11789,0.0
11790,0.0
11791,0.0
11792,0.0
11793,0.0
11794,0.0
11795,0.0
11796,0.0
11796,13.0
11797,0.0
11797,13.0
11798,0.0
11799,0.0
11800,0.0
11801,0.0
11802,0.0
11803,0.0
11804,0.0
11805,0.0
11806,0.0
11807,0.0
11808,0.0
11809,0.0
11810,0.0
11811,0.0
11812,0.0
11813,0.0
11814,0.0
11815,0.0
11816,0.0
11817,0.0
11818,0.0
11819,0.0
11820,0.0
11821,0.0
11822,0.0
11823,0.0
11824,0.0
11825,0.0
11826,0.0
11827,0.0
11828,0.0
11829,0.0
11830,0.0
11831,0.0
11832,0.0
11833,0.0
11834,0.0
11835,0.0
11836,0.0
11837,0.0
11838,0.0
11839,0.0
11840,0.0
11841,0.0
11842,0.0
11843,0.0
11844,0.0
11845,0.0
11846,0.0
11847,0.0
11848,0.0
11849,0.0
11850,0.0
11851,0.0
11852,0.0
11853,0.0
11854,0.0
11855,0.0
11856,0.0
11857,0.0
11858,0.0
11859,0.0
11860,0.0
11861,0.0
11862,0.0
11863,0.0
11864,0.0
11865,0.0
11866,0.0
11867,0.0
11868,0.0
11869,0.0
11870,0.0
11871,0.0
11872,0.0
11873,0.0
11874,0.0
11875,0.0
11876,0.0
11877,0.0
11878,0.0
11879,0.0
11880,0.0
11881,0.0
11882,0.0
11882,0.0
11883,0.0
11883,0.0
11884,0.0
11884,0.0
11885,0.0
11886,0.0
11887,0.0
11888,0.0
11889,0.0
11890,0.0
11891,0.0
11892,0.0
11893,0.0
11894,0.0
11895,0.0
11896,0.0
11898,0.0
11899,0.0
11924,13.0
11925,13.0
11993,0.0
11994,0.0
11995,0.0
11996,0.0
11997,0.0
11998,0.0
12003,0.0
12004,0.0
12008,0.0
12009,0.0
12010,0.0
12011,0.0
12012,0.0
12013,0.0
12014,0.0
12015,0.0
12016,0.0
12017,0.0
12018,0.0
12019,0.0
12020,0.0
12021,0.0
12022,0.0
12023,0.0
12024,0.0
12025,0.0
12026,0.0
12027,0.0
12028,0.0
12029,0.0
12030,0.0
12031,0.0
12032,0.0
12033,0.0
12034,0.0
12035,0.0
12036,0.0
12037,0.0
12038,0.0
12039,0.0
12040,0.0
12041,0.0
12042,0.0
12043,0.0
12044,0.0
12045,0.0
12046,0.0
12047,0.0
12048,0.0
12049,0.0
12050,0.0
12056,0.0
12058,0.0
12059,0.0
12060,0.0
12062,0.0
12063,0.0
12064,0.0
12065,0.0
12066,0.0
12067,0.0
12239,13.0
12240,13.0
12242,0.0
12242,13.0
12243,0.0
12243,13.0
12244,0.0
12244,13.0
12245,0.0
12247,0.0
12248,0.0
12249,0.0
12250,0.0
12251,0.0
12252,0.0
12253,0.0
12254,0.0
12255,0.0
12256,0.0
12263,0.0
12263,0.0
12264,0.0
12264,0.0
12265,0.0
12265,0.0
12266,0.0
12266,13.0
12267,0.0
12267,13.0
12268,0.0
12268,13.0
12272,13.0
12284,0.0
12285,0.0
12286,0.0
12287,0.0
12288,0.0
12289,0.0
12290,0.0
12291,0.0
12292,0.0
12293,0.0
12293,0.0
12294,0.0
12294,0.0
12295,0.0
12295,0.0
12296,0.0
12296,0.0
12297,0.0
12297,0.0
12298,0.0
12298,0.0
12299,0.0
12299,0.0
12300,0.0
12300,0.0
12301,0.0
12302,0.0
12303,0.0
12304,0.0
12305,0.0
12305,0.0
12306,0.0
12306,0.0
12307,0.0
12307,0.0
12308,0.0
12309,0.0
12310,0.0
12320,0.0
12321,0.0
12322,0.0
12323,0.0
12324,0.0
12325,0.0
12326,0.0
12327,0.0
12328,0.0
12329,0.0
12330,0.0
12331,0.0
12332,0.0
12333,0.0
12334,0.0
12335,0.0
12336,0.0
12337,0.0
12338,0.0
12338,13.0
12339,0.0
12339,13.0
12340,0.0
12340,13.0
12341,13.0
12341,0.0
12342,13.0
12342,0.0
12343,13.0
12343,0.0
12345,0.0
12346,0.0
12365,13.0
12366,13.0
12367,13.0
12368,13.0
12369,13.0
12370,13.0
12374,0.0
12375,0.0
12376,0.0
12377,0.0
12378,0.0
12379,0.0
12380,0.0
12380,13.0
12381,13.0
12381,0.0
12382,0.0
12382,13.0
12386,13.0
12387,13.0
12388,13.0
12389,13.0
12390,13.0
12391,13.0
12413,13.0
12414,13.0
12415,13.0
12425,13.0
12426,13.0
12427,13.0
12431,13.0
12440,13.0
12441,13.0
12442,13.0
12444,13.0
12445,13.0
12446,13.0
12447,13.0
12448,13.0
12448,0.0
12449,13.0
12450,13.0
12451,13.0
12452,13.0
12453,13.0
12454,13.0
12455,13.0
12456,13.0
12461,13.0
12462,13.0
12463,13.0
12464,13.0
12465,13.0
12466,13.0
12467,13.0
12468,13.0
12469,13.0
12470,13.0
12471,13.0
12472,13.0
12473,13.0
12474,13.0
12475,13.0
12476,13.0
12477,13.0
12478,13.0
12479,0.0
12479,13.0
12480,0.0
12481,0.0
12482,0.0
12482,0.0
12482,13.0
12483,0.0
12483,0.0
12483,13.0
12484,0.0
12484,0.0
12484,13.0
12485,0.0
12485,13.0
12486,0.0
12486,13.0
12487,0.0
12487,13.0
12488,13.0
12489,13.0
12490,13.0
12491,0.0
12492,0.0
12493,0.0
12497,0.0
12498,0.0
12499,0.0
12500,0.0
12501,0.0
12502,0.0
12503,0.0
12504,0.0
12505,0.0
12506,0.0
12506,0.0
12507,0.0
12507,0.0
12508,0.0
12508,0.0
12509,0.0
12509,0.0
12510,0.0
12510,0.0
12511,0.0
12511,0.0
12512,0.0
12512,0.0
12513,0.0
12513,0.0
12514,0.0
12514,0.0
12515,0.0
12515,0.0
12516,0.0
12516,0.0
12517,0.0
12517,0.0
12518,0.0
12518,0.0
12519,0.0
12519,0.0
12520,0.0
12520,0.0
12521,0.0
12521,0.0
12522,0.0
12522,0.0
12523,0.0
12523,0.0
12524,0.0
12524,0.0
12525,0.0
12525,0.0
12526,0.0
12526,0.0
12527,0.0
12527,0.0
12528,0.0
12528,0.0
12529,0.0
12529,0.0
12530,0.0
12530,0.0
12531,0.0
12531,0.0
12532,0.0
12532,0.0
12533,0.0
12533,0.0
12534,0.0
12534,0.0
12535,0.0
12535,0.0
12536,0.0
12536,0.0
12537,0.0
12537,0.0
12538,0.0
12538,0.0
12539,0.0
12539,0.0
12540,0.0
12540,0.0
12541,0.0
12541,0.0
12542,0.0
12542,0.0
12543,0.0
12543,0.0
12544,0.0
12544,0.0
12545,0.0
12545,0.0
12546,0.0
12546,0.0
12547,0.0
12547,0.0
12548,0.0
12548,0.0
12549,0.0
12549,0.0
12550,0.0
12550,0.0
12551,0.0
12551,0.0
12552,0.0
12552,0.0
12553,0.0
12553,0.0
12554,0.0
12554,0.0
12555,0.0
12555,0.0
12556,0.0
12556,0.0
12557,0.0
12557,0.0
12558,0.0
12558,0.0
12559,0.0
12559,0.0
12560,0.0
12560,0.0
12561,0.0
12561,0.0
12562,0.0
12562,0.0
12563,0.0
12563,0.0
12564,0.0
12564,0.0
12565,0.0
12565,0.0
12566,0.0
12566,0.0
12567,0.0
12567,0.0
12568,0.0
12568,0.0
12569,0.0
12569,0.0
12570,0.0
12570,0.0
12571,0.0
12571,0.0
12572,0.0
12572,0.0
12573,0.0
12573,0.0
12574,0.0
12574,0.0
12575,0.0
12575,0.0
12576,0.0
12576,0.0
12577,0.0
12578,0.0
12578,13.0
12579,0.0
12579,13.0
12579,0.0
12580,0.0
12580,13.0
12580,0.0
12581,0.0
12582,0.0
12583,0.0
12584,0.0
12584,0.0
12585,0.0
12585,0.0
12586,0.0
12586,0.0
12587,0.0
12587,0.0
12588,0.0
12588,0.0
12589,0.0
12589,0.0
12590,0.0
12590,0.0
12591,0.0
12591,0.0
12592,0.0
12592,0.0
12593,0.0
12593,0.0
12594,0.0
12594,0.0
12595,0.0
12595,0.0
12596,0.0
12597,0.0
12598,0.0
12599,0.0
12600,0.0
12601,0.0
12602,0.0
12602,0.0
12603,0.0
12603,0.0
12604,0.0
12604,0.0
12605,0.0
12605,0.0
12606,0.0
12606,0.0
12607,0.0
12607,0.0
12608,0.0
12608,0.0
12609,0.0
12609,0.0
12610,0.0
12610,0.0
12611,0.0
12611,0.0
12612,0.0
12612,0.0
12613,0.0
12613,0.0
12614,0.0
12614,0.0
12615,0.0
12615,0.0
12616,0.0
12616,0.0
12617,0.0
12617,0.0
12618,0.0
12618,0.0
12619,0.0
12619,0.0
12620,0.0
12620,0.0
12621,0.0
12621,0.0
12622,0.0
12622,0.0
12623,0.0
12623,0.0
12624,0.0
12624,0.0
12625,0.0
12625,0.0
12626,0.0
12626,0.0
12627,0.0
12627,0.0
12628,0.0
12628,0.0
12629,0.0
12629,0.0
12630,0.0
12630,0.0
12631,0.0
12631,0.0
12632,0.0
12632,0.0
12633,0.0
12633,0.0
12634,0.0
12634,0.0
12635,0.0
12635,0.0
12636,0.0
12636,0.0
12637,0.0
12637,0.0
12638,0.0
12638,0.0
12639,0.0
12639,0.0
12640,0.0
12640,0.0
12641,0.0
12641,0.0
12642,0.0
12642,0.0
12643,0.0
12643,0.0
12644,0.0
12644,0.0
12645,0.0
12645,0.0
12646,0.0
12646,0.0
12647,0.0
12647,0.0
12648,0.0
12648,0.0
12649,0.0
12649,0.0
12650,0.0
12650,0.0
12651,0.0
12651,0.0
12652,0.0
12652,0.0
12653,0.0
12653,0.0
12654,0.0
12654,0.0
12655,0.0
12655,0.0
12656,0.0
12656,0.0
12657,0.0
12657,0.0
12658,0.0
12658,0.0
12659,0.0
12659,0.0
12660,0.0
12660,0.0
12661,0.0
12661,0.0
12662,0.0
12662,0.0
12663,0.0
12663,0.0
12664,0.0
12664,0.0
12665,0.0
12665,0.0
12666,0.0
12666,0.0
12667,0.0
12667,0.0
12668,0.0
12668,0.0
12668,13.0
12669,0.0
12669,0.0
12669,13.0
12670,0.0
12670,0.0
12671,0.0
12671,0.0
12672,0.0
12672,0.0
12673,0.0
12674,0.0
12675,0.0
12676,0.0
12677,0.0
12678,0.0
12679,0.0
12680,0.0
12681,0.0
12682,0.0
12683,0.0
12684,0.0
12685,0.0
12686,0.0
12687,0.0
12688,0.0
12689,0.0
12690,0.0
12691,0.0
12692,0.0
12693,0.0
12693,0.0
12694,0.0
12694,0.0
12695,0.0
12695,0.0
12696,0.0
12696,0.0
12697,0.0
12698,0.0
12699,0.0
12700,0.0
12701,0.0
12702,0.0
12703,0.0
12703,0.0
12704,0.0
12704,0.0
12705,0.0
12705,0.0
12706,0.0
12706,0.0
12707,0.0
12707,0.0
12708,0.0
12708,0.0
12709,0.0
12709,0.0
12710,0.0
12710,0.0
12711,0.0
12711,0.0
12712,0.0
12712,0.0
12713,0.0
12713,0.0
12714,0.0
12714,0.0
12715,0.0
12715,0.0
12716,0.0
12716,0.0
12717,0.0
12717,0.0
12718,0.0
12718,0.0
12719,0.0
12719,0.0
12720,0.0
12720,0.0
12721,0.0
12721,0.0
12722,0.0
12722,0.0
12723,0.0
12723,0.0
12724,0.0
12725,0.0
12726,0.0
12727,0.0
12728,0.0
12729,0.0
12742,0.0
12743,0.0
12744,0.0
12748,0.0
12749,0.0
12750,0.0
12751,0.0
12752,0.0
12753,0.0
12754,0.0
12755,0.0
12756,0.0
12757,0.0
12758,0.0
12759,0.0
12760,0.0
12761,0.0
12762,0.0
12763,0.0
12764,0.0
12765,0.0
12766,0.0
12767,0.0
12768,0.0
12769,0.0
12770,0.0
12771,0.0
12772,0.0
12773,0.0
12774,0.0
12775,0.0
12776,0.0
12777,0.0
12778,0.0
12779,0.0
12780,0.0
12781,0.0
12782,0.0
12783,0.0
12784,0.0
12785,0.0
12786,0.0
12787,0.0
12788,0.0
12789,0.0
12790,0.0
12791,0.0
12792,0.0
12793,0.0
12793,0.0
12794,0.0
12794,0.0
12795,0.0
12795,0.0
12796,0.0
12797,0.0
12798,0.0
12799,0.0
12800,0.0
12801,0.0
12802,0.0
12803,0.0
12804,0.0
12805,0.0
12806,0.0
12807,0.0
12808,0.0
12809,0.0
12810,0.0
12811,0.0
12811,0.0
12812,0.0
12812,0.0
12813,0.0
12813,0.0
12814,0.0
12814,0.0
12815,0.0
12815,0.0
12816,0.0
12816,0.0
12817,0.0
12817,0.0
12818,0.0
12818,0.0
12819,0.0
12819,0.0
12820,0.0
12820,0.0
12821,0.0
12821,0.0
12822,0.0
12822,0.0
12823,0.0
12823,0.0
12824,0.0
12824,0.0
12825,0.0
12825,0.0
12826,0.0
12826,0.0
12827,0.0
12827,0.0
12828,0.0
12828,0.0
12829,0.0
12830,0.0
12831,0.0
12832,0.0
12833,0.0
12834,0.0
12835,0.0
12836,0.0
12837,0.0
12838,0.0
12838,0.0
12839,0.0
12839,0.0
12840,0.0
12840,0.0
12841,0.0
12841,0.0
12841,0.0
12842,0.0
12842,0.0
12842,0.0
12843,0.0
12843,0.0
12843,0.0
12844,0.0
12844,0.0
12845,0.0
12846,0.0
12846,0.0
12847,0.0
12848,0.0
12849,0.0
12851,0.0
12852,0.0
12853,16.0
12854,16.0
12855,16.0
12856,0.0
12857,0.0
12858,0.0
12865,0.0
12866,0.0
12867,0.0
12868,0.0
12869,0.0
12870,0.0
12871,0.0
12872,0.0
12873,0.0
12874,0.0
12875,0.0
12876,0.0
12877,0.0
12878,0.0
12879,0.0
12880,0.0
12881,0.0
12882,0.0
12883,0.0
12884,0.0
12885,0.0
12886,0.0
12887,0.0
12888,0.0
12889,0.0
12891,0.0
12892,0.0
12893,0.0
12893,0.0
12894,0.0
12894,0.0
12895,0.0
12896,0.0
12897,0.0
12898,0.0
12898,0.0
12899,0.0
12899,0.0
12900,0.0
12900,0.0
12901,0.0
12902,0.0
12903,0.0
12904,0.0
12905,0.0
12906,0.0
12907,0.0
12907,0.0
12908,0.0
12908,0.0
12909,0.0
12909,0.0
12910,0.0
12910,0.0
12911,0.0
12911,0.0
12912,0.0
12912,0.0
12913,0.0
12914,0.0
12915,0.0
12916,0.0
12917,0.0
12918,0.0
12919,0.0
12920,0.0
12921,0.0
12922,0.0
12923,0.0
12924,0.0
12925,0.0
12926,0.0
12927,0.0
12928,0.0
12929,0.0
12930,0.0
12931,0.0
12932,0.0
12933,0.0
12934,0.0
12935,0.0
12936,0.0
12937,0.0
12938,0.0
12939,0.0
12940,0.0
12940,0.0
12941,0.0
12941,0.0
12942,0.0
12942,0.0
12943,0.0
12944,0.0
12945,0.0
12946,0.0
12947,0.0
12948,0.0
12949,0.0
12949,0.0
12950,0.0
12950,0.0
12951,0.0
12951,0.0
12952,0.0
12953,0.0
12954,0.0
12955,0.0
12955,0.0
12956,0.0
12956,0.0
12957,0.0
12958,0.0
12959,0.0
12960,0.0
12961,0.0
12962,0.0
12963,0.0
12964,0.0
12965,0.0
12966,0.0
12967,0.0
12968,0.0
12969,0.0
12973,0.0
12974,0.0
12975,0.0
12976,0.0
12977,0.0
12978,0.0
12979,0.0
12980,0.0
12981,0.0
12982,0.0
12983,0.0
12984,0.0
12991,0.0
12992,0.0
12993,0.0
12997,0.0
12998,0.0
12999,0.0
13000,0.0
13001,0.0
13002,0.0
13003,0.0
13004,0.0
13005,0.0
13006,0.0
13007,0.0
13008,0.0
13009,0.0
13010,0.0
13011,0.0
13012,0.0
13012,0.0
13013,0.0
13013,0.0
13014,0.0
13014,0.0
13015,0.0
13016,0.0
13017,0.0
13018,0.0
13019,0.0
13020,0.0
13021,0.0
13022,0.0
13023,0.0
13024,0.0
13025,0.0
13026,0.0
13027,0.0
13028,0.0
13029,0.0
13030,0.0
13031,0.0
13032,0.0
13033,0.0
13034,0.0
13035,0.0
13036,0.0
13037,0.0
13038,0.0
13039,0.0
13040,0.0
13041,0.0
13042,0.0
13043,0.0
13044,0.0
13045,0.0
13046,0.0
13047,0.0
13048,0.0
13049,0.0
13050,0.0
13051,0.0
13052,0.0
13053,0.0
13054,0.0
13055,0.0
13056,0.0
13057,0.0
13058,0.0
13059,0.0
13060,0.0
13061,0.0
13062,0.0
13063,0.0
13064,0.0
13065,0.0
13066,0.0
13067,0.0
13068,0.0
13069,0.0
13070,0.0
13071,0.0
13072,0.0
13073,0.0
13074,0.0
13075,0.0
13076,0.0
13077,0.0
13078,0.0
13079,0.0
13080,0.0
13081,0.0
13082,0.0
13083,0.0
13084,0.0
13085,0.0
13086,0.0
13087,0.0
13088,0.0
13089,0.0
13090,0.0
13091,0.0
13092,0.0
13093,0.0
13094,0.0
13095,0.0
13096,0.0
13097,0.0
13098,0.0
13099,0.0
13100,0.0
13101,0.0
13102,0.0
13103,0.0
13104,0.0
13105,0.0
13106,0.0
13107,0.0
13108,0.0
13109,0.0
13110,0.0
13111,0.0
13112,0.0
13113,0.0
13114,0.0
13114,13.0
13115,0.0
13115,13.0
13116,0.0
13116,13.0
13117,0.0
13117,13.0
13118,13.0
13118,0.0
13119,13.0
13119,0.0
13123,0.0
13124,0.0
13125,0.0
13126,0.0
13127,0.0
13128,0.0
13129,0.0
13130,0.0
13131,0.0
13132,0.0
13133,0.0
13134,0.0
13135,0.0
13136,0.0
13137,0.0
13138,0.0
13138,0.0
13139,0.0
13139,0.0
13140,0.0
13141,0.0
13142,0.0
13143,0.0
13144,0.0
13145,0.0
13146,0.0
13147,0.0
13148,0.0
13149,0.0
13150,0.0
13151,0.0
13152,0.0
13153,0.0
13153,13.0
13154,13.0
13154,0.0
13155,13.0
13155,0.0
13156,0.0
13156,13.0
13157,0.0
13157,13.0
13158,0.0
13158,13.0
13159,0.0
13159,13.0
13160,0.0
13160,13.0
13161,0.0
13161,13.0
13162,0.0
13163,0.0
13164,0.0
13165,0.0
13166,0.0
13167,0.0
13168,0.0
13169,0.0
13170,0.0
13171,0.0
13172,0.0
13173,0.0
13174,0.0
13175,0.0
13176,0.0
13177,0.0
13178,0.0
13179,0.0
13180,0.0
13181,0.0
13182,0.0
13183,0.0
13184,0.0
13185,0.0
13186,0.0
13187,0.0
13188,0.0
13189,0.0
13190,0.0
13191,0.0
13192,0.0
13193,0.0
13194,0.0
13195,0.0
13196,0.0
13197,0.0
13198,0.0
13199,0.0
13200,0.0
13201,0.0
13202,0.0
13203,0.0
13204,0.0
13205,0.0
13206,0.0
13207,0.0
13208,0.0
13209,0.0
13210,0.0
13211,0.0
13212,0.0
13213,0.0
13214,0.0
13217,0.0
13218,0.0
13219,0.0
13220,0.0
13221,0.0
13222,0.0
13223,0.0
13227,0.0
13228,0.0
13229,0.0
13230,13.0
13231,13.0
13232,13.0
13236,0.0
13236,13.0
13237,13.0
13237,0.0
13238,13.0
13238,0.0
13239,13.0
13240,13.0
13241,13.0
13245,13.0
13257,13.0
13258,13.0
13259,13.0
13260,13.0
13261,13.0
13262,13.0
13266,13.0
13267,13.0
13268,13.0
13269,13.0
13272,13.0
13273,13.0
13274,13.0
13275,13.0
13276,13.0
13277,13.0
13278,13.0
13279,13.0
13280,13.0
13281,13.0
13282,13.0
13283,13.0
13284,13.0
13285,13.0
13286,13.0
13287,13.0
13290,13.0
13291,13.0
13292,13.0
13294,13.0
13295,13.0
13296,13.0
13297,13.0
13298,13.0
13299,13.0
13300,13.0
13301,13.0
13302,13.0
13305,13.0
13306,13.0
13307,13.0
13308,13.0
13309,13.0
13310,13.0
13311,13.0
13312,13.0
13313,13.0
13314,13.0
13315,13.0
13316,13.0
13317,13.0
13318,13.0
13319,13.0
13320,13.0
13321,13.0
13322,13.0
13323,13.0
13324,13.0
13325,13.0
13326,13.0
13327,13.0
13328,13.0
13329,13.0
13330,13.0
13331,13.0
13332,13.0
13333,13.0
13334,13.0
13335,13.0
13336,13.0
13337,13.0
13338,13.0
13339,13.0
13340,13.0
13341,13.0
13342,13.0
13343,13.0
13344,13.0
13345,13.0
13346,13.0
13347,13.0
13348,13.0
13349,13.0
13350,13.0
13353,13.0
13354,13.0
13355,13.0
13356,13.0
13357,13.0
13358,13.0
13359,13.0
13360,13.0
13361,13.0
13362,13.0
13363,13.0
13364,13.0
13365,13.0
13366,13.0
13367,13.0
13368,13.0
13369,13.0
13370,13.0
13371,13.0
13372,13.0
13373,13.0
13374,13.0
13375,13.0
13376,13.0
13377,13.0
13378,13.0
13379,13.0
13380,13.0
13381,13.0
13382,13.0
13383,13.0
13384,13.0
13385,13.0
13389,0.0
13390,0.0
13391,0.0
13404,0.0
13405,0.0
13406,0.0
13407,0.0
13408,0.0
13409,0.0
13410,0.0
13410,13.0
13411,0.0
13411,13.0
13412,0.0
13412,13.0
13419,0.0
13420,0.0
13421,0.0
13422,0.0
13423,0.0
13424,0.0
13425,0.0
13426,0.0
13427,0.0
13428,0.0
13429,0.0
13430,0.0
13431,0.0
13431,0.0
13432,0.0
13432,0.0
13433,0.0
13433,0.0
13434,0.0
13434,0.0
13435,0.0
13435,0.0
13436,0.0
13436,0.0
13437,0.0
13438,0.0
13439,0.0
13449,0.0
13450,0.0
13451,0.0
13452,0.0
13453,0.0
13454,0.0
13455,0.0
13456,0.0
13457,0.0
13458,0.0
13459,0.0
13460,0.0
13461,0.0
13462,0.0
13463,0.0
13464,0.0
13465,0.0
13466,0.0
13467,0.0
13468,0.0
13469,0.0
13470,0.0
13471,0.0
13472,0.0
13473,0.0
13474,0.0
13475,0.0
13476,0.0
13477,0.0
13478,0.0
13479,0.0
13480,0.0
13481,0.0
13482,0.0
13483,0.0
13484,0.0
13484,56.0
13485,0.0
13486,0.0
13487,0.0
13500,0.0
13500,13.0
13501,0.0
13501,13.0
13502,0.0
13503,0.0
13503,13.0
13504,0.0
13504,13.0
13505,0.0
13505,13.0
13506,0.0
13506,13.0
13507,0.0
13507,13.0
13508,0.0
13508,13.0
13512,0.0
13513,0.0
13514,0.0
13515,0.0
13515,13.0
13516,0.0
13516,13.0
13517,0.0
13517,13.0
13518,0.0
13519,0.0
13520,0.0
13521,0.0
13522,0.0
13523,0.0
13524,13.0
13525,13.0
13526,13.0
13533,13.0
13534,13.0
13535,13.0
13615,13.0
13616,13.0
13624,13.0
13625,13.0
13641,13.0
13971,13.0
13972,13.0
13973,13.0
14010,13.0
14011,13.0
14012,13.0
14016,13.0
14017,13.0
14018,13.0
14019,13.0
14020,13.0
14021,13.0
14022,13.0
14023,13.0
14024,13.0
14025,13.0
14026,13.0
14027,13.0
14043,13.0
14044,13.0
14045,13.0
14046,13.0
14047,13.0
14048,13.0
14049,13.0
14050,13.0
14051,13.0
14079,13.0
14080,13.0
14081,13.0
14082,13.0
14083,13.0
14084,13.0
14085,13.0
14086,13.0
14087,13.0
14088,13.0
14089,13.0
14090,13.0
14091,13.0
14094,13.0
14095,13.0
14096,13.0
14103,13.0
14109,0.0
14110,0.0
14111,0.0
14112,0.0
14113,0.0
14114,0.0
14115,0.0
14116,0.0
14117,0.0
14127,0.0
14128,0.0
14129,0.0
14151,0.0
14152,0.0
14153,0.0
14154,0.0
14155,0.0
14156,0.0
14158,0.0
14159,0.0
14172,0.0
14173,0.0
14174,0.0
14175,0.0
14176,0.0
14177,0.0
14178,0.0
14179,0.0
14180,0.0
14181,0.0
14182,0.0
14183,0.0
14184,0.0
14185,0.0
14186,0.0
14187,0.0
14188,0.0
14189,0.0
14190,0.0
14191,0.0
14192,0.0
14193,0.0
14193,13.0
14194,0.0
14195,0.0
14196,0.0
14196,13.0
14203,13.0
14204,13.0
14208,13.0
14209,13.0
14210,13.0
14211,13.0
14217,0.0
14218,0.0
14219,0.0
14220,0.0
14221,13.0
14222,13.0
14238,13.0
14241,13.0
14244,13.0
14245,13.0
14246,13.0
14247,13.0
14248,13.0
14249,13.0
14301,56.0
14302,56.0
14303,56.0
14304,56.0
14305,56.0
14306,56.0
14317,56.0
14318,56.0
14321,56.0
14406,13.0
14407,13.0
14410,13.0
14436,0.0
14437,0.0
14442,0.0
14443,0.0
14444,0.0
14445,0.0
14446,0.0
14447,0.0
14448,0.0
14449,0.0
14450,0.0
14451,0.0
14452,0.0
14453,0.0
14454,0.0
14455,0.0
14456,0.0
14457,0.0
14458,0.0
14459,0.0
14460,0.0
14461,0.0
14462,0.0
14463,0.0
14464,0.0
14465,0.0
14466,0.0
14467,0.0
14468,0.0
14469,0.0
14470,0.0
14471,0.0
14472,0.0
14473,0.0
14474,0.0
14475,0.0
14476,0.0
14476,56.0
14477,0.0
14478,0.0
14479,0.0
14480,0.0
14481,0.0
14482,0.0
14483,0.0
14484,0.0
14485,0.0
14486,0.0
14487,0.0
14488,0.0
14489,0.0
14490,0.0
14491,0.0
14492,0.0
14493,0.0
14494,0.0
14495,0.0
14498,0.0
14499,0.0
14500,0.0
14501,0.0
14502,0.0
14503,0.0
14504,0.0
14505,0.0
14506,0.0
14507,0.0
14508,0.0
14509,0.0
14510,0.0
14510,0.0
14511,0.0
14512,0.0
14513,0.0
14514,0.0
14514,0.0
14515,0.0
14515,0.0
14516,20.0
14516,0.0
14517,20.0
14517,0.0
14518,20.0
14518,0.0
14519,20.0
14519,0.0
14520,0.0
14520,20.0
14521,0.0
14521,20.0
14522,20.0
14522,0.0
14523,20.0
14523,0.0
14524,20.0
14524,0.0
14525,20.0
14525,0.0
14526,0.0
14526,21.0
14526,20.0
14527,0.0
14527,21.0
14527,20.0
14528,20.0
14529,20.0
14530,20.0
14531,20.0
14532,0.0
14533,0.0
14534,0.0
14535,0.0
14536,0.0
14537,0.0
14538,0.0
14538,0.0
14539,0.0
14539,0.0
14540,0.0
14540,0.0
14541,0.0
14541,0.0
14542,0.0
14542,0.0
14543,0.0
14543,0.0
14544,0.0
14544,0.0
14545,0.0
14545,0.0
14546,0.0
14546,16.0
14546,0.0
14547,0.0
14547,16.0
14547,0.0
14548,0.0
14548,16.0
14548,0.0
14549,0.0
14549,16.0
14549,0.0
14550,0.0
14550,0.0
14550,39.0
14551,0.0
14551,0.0
14552,0.0
14552,0.0
14553,0.0
14553,0.0
14554,0.0
14554,0.0
14555,0.0
14555,0.0
14556,0.0
14557,0.0
14558,0.0
14558,0.0
14559,0.0
14559,0.0
14560,0.0
14560,0.0
14561,0.0
14561,0.0
14562,0.0
14562,0.0
14563,0.0
14563,0.0
14564,0.0
14564,0.0
14565,0.0
14565,0.0
14566,0.0
14566,0.0
14567,0.0
14567,0.0
14568,0.0
14568,0.0
14569,0.0
14569,0.0
14570,0.0
14570,0.0
14571,0.0
14571,0.0
14572,0.0
14572,0.0
14573,0.0
14573,0.0
14574,0.0
14574,0.0
14575,0.0
14575,0.0
14576,0.0
14577,0.0
14578,0.0
14579,0.0
14580,0.0
14581,0.0
14582,0.0
14583,0.0
14584,0.0
14585,0.0
14586,0.0
14587,0.0
14588,0.0
14589,0.0
14590,0.0
14591,0.0
14592,0.0
14592,0.0
14593,0.0
14594,0.0
14594,0.0
14595,0.0
14595,0.0
14596,0.0
14596,0.0
14597,0.0
14597,0.0
14598,0.0
14598,0.0
14599,0.0
14599,0.0
14600,0.0
14600,0.0
14601,0.0
14601,0.0
14602,0.0
14602,0.0
14603,0.0
14603,0.0
14604,0.0
14604,0.0
14605,0.0
14605,0.0
14606,0.0
14606,0.0
14607,0.0
14607,0.0
14608,0.0
14608,0.0
14609,0.0
14609,0.0
14610,0.0
14610,0.0
14611,0.0
14611,0.0
14612,0.0
14612,0.0
14613,0.0
14613,0.0
14614,0.0
14614,0.0
14615,0.0
14615,0.0
14616,0.0
14616,0.0
14617,0.0
14617,0.0
14618,0.0
14618,0.0
14619,0.0
14619,0.0
14620,0.0
14620,0.0
14621,0.0
14621,0.0
14622,0.0
14622,0.0
14623,0.0
14623,0.0
14624,0.0
14624,0.0
14625,0.0
14625,0.0
14626,0.0
14627,0.0
14628,0.0
14628,0.0
14629,0.0
14629,0.0
14630,0.0
14631,0.0
14632,0.0
14633,0.0
14634,0.0
14635,0.0
14636,0.0
14636,0.0
14637,0.0
14637,0.0
14638,0.0
14638,0.0
14639,0.0
14639,0.0
14640,0.0
14640,0.0
14641,0.0
14641,0.0
14642,0.0
14642,0.0
14643,0.0
14643,0.0
14644,0.0
14644,0.0
14645,0.0
14645,0.0
14646,0.0
14646,0.0
14647,0.0
14647,0.0
14648,0.0
14648,0.0
14649,0.0
14649,0.0
14650,0.0
14650,0.0
14651,0.0
14651,0.0
14652,0.0
14653,0.0
14654,0.0
14654,0.0
14655,0.0
14655,0.0
14656,0.0
14656,0.0
14657,0.0
14657,0.0
14658,0.0
14658,0.0
14659,0.0
14659,0.0
14660,0.0
14660,0.0
14661,0.0
14661,0.0
14662,0.0
14662,0.0
14663,0.0
14663,0.0
14664,0.0
14664,0.0
14665,0.0
14665,0.0
14666,0.0
14666,0.0
14667,0.0
14667,0.0
14668,0.0
14668,0.0
14669,0.0
14669,0.0
14670,0.0
14670,0.0
14671,0.0
14671,0.0
14672,0.0
14672,0.0
14673,0.0
14673,0.0
14674,0.0
14674,0.0
14675,0.0
14675,0.0
14676,0.0
14676,0.0
14677,0.0
14677,0.0
14678,0.0
14678,0.0
14679,0.0
14679,0.0
14680,0.0
14680,0.0
14681,0.0
14681,0.0
14682,0.0
14682,0.0
14683,0.0
14683,0.0
14684,0.0
14684,0.0
14685,0.0
14685,0.0
14686,0.0
14686,0.0
14687,0.0
14687,0.0
14688,0.0
14688,0.0
14689,0.0
14689,0.0
14690,0.0
14690,0.0
14691,0.0
14691,0.0
14692,0.0
14692,0.0
14693,0.0
14693,0.0
14694,0.0
14694,0.0
14695,0.0
14695,0.0
14696,0.0
14696,0.0
14697,0.0
14697,0.0
14698,0.0
14698,0.0
14699,0.0
14699,0.0
14700,0.0
14700,0.0
14701,0.0
14701,0.0
14702,0.0
14702,0.0
14703,0.0
14703,0.0
14704,0.0
14704,0.0
14705,0.0
14705,0.0
14706,0.0
14706,0.0
14707,0.0
14707,0.0
14708,0.0
14708,0.0
14709,0.0
14709,0.0
14710,0.0
14710,0.0
14711,0.0
14711,0.0
14712,0.0
14712,0.0
14713,0.0
14713,0.0
14714,0.0
14715,0.0
14716,0.0
14717,0.0
14718,0.0
14719,0.0
14720,0.0
14720,0.0
14721,0.0
14721,0.0
14722,0.0
14722,0.0
14723,0.0
14723,0.0
14724,0.0
14725,0.0
14726,0.0
14727,0.0
14727,0.0
14728,0.0
14728,0.0
14729,0.0
14729,0.0
14730,0.0
14730,0.0
14731,0.0
14731,0.0
14732,0.0
14732,0.0
14733,0.0
14734,0.0
14735,0.0
14736,0.0
14736,0.0
14737,0.0
14737,0.0
14738,0.0
14738,0.0
14739,0.0
14739,0.0
14740,0.0
14740,0.0
14741,0.0
14741,0.0
14742,0.0
14743,0.0
14744,0.0
14745,0.0
14746,0.0
14747,0.0
14748,0.0
14749,0.0
14749,0.0
14750,0.0
14751,0.0
14752,0.0
14753,0.0
14754,0.0
14755,0.0
14756,0.0
14756,0.0
14757,0.0
14757,0.0
14758,0.0
14758,0.0
14759,0.0
14759,0.0
14760,0.0
14760,0.0
14761,0.0
14761,0.0
14762,0.0
14762,0.0
14763,0.0
14763,0.0
14764,0.0
14764,0.0
14765,0.0
14765,0.0
14766,0.0
14766,0.0
14767,0.0
14767,0.0
14768,0.0
14768,0.0
14769,0.0
14769,0.0
14770,0.0
14770,0.0
14771,0.0
14771,0.0
14772,0.0
14772,0.0
14773,0.0
14773,0.0
14774,0.0
14774,0.0
14775,0.0
14776,0.0
14776,0.0
14777,0.0
14778,0.0
14778,0.0
14779,0.0
14779,0.0
14780,0.0
14780,0.0
14781,0.0
14781,0.0
14782,0.0
14782,0.0
14783,0.0
14783,0.0
14784,0.0
14784,0.0
14784,0.0
14785,0.0
14785,0.0
14785,0.0
14786,0.0
14786,0.0
14786,0.0
14787,0.0
14787,0.0
14787,0.0
14787,56.0
14788,0.0
14788,0.0
14788,0.0
14788,56.0
14789,0.0
14789,0.0
14789,0.0
14789,56.0
14790,0.0
14790,0.0
14790,0.0
14791,0.0
14791,0.0
14791,0.0
14792,0.0
14792,0.0
14793,0.0
14793,0.0
14794,0.0
14794,0.0
14795,0.0
14795,0.0
14796,0.0
14796,0.0
14796,13.0
14796,56.0
14797,0.0
14797,0.0
14797,13.0
14797,56.0
14798,0.0
14798,0.0
14799,0.0
14799,0.0
14799,0.0
14800,0.0
14800,0.0
14800,0.0
14801,0.0
14801,0.0
14801,0.0
14802,0.0
14802,0.0
14802,0.0
14803,0.0
14803,0.0
14803,0.0
14804,0.0
14804,0.0
14805,0.0
14805,0.0
14806,0.0
14806,0.0
14807,0.0
14807,0.0
14808,0.0
14808,0.0
14809,0.0
14809,0.0
14810,0.0
14810,0.0
14811,0.0
14811,0.0
14812,0.0
14812,0.0
14813,0.0
14813,0.0
14814,0.0
14814,0.0
14814,56.0
14815,0.0
14815,0.0
14816,0.0
14816,0.0
14816,56.0
14817,0.0
14817,0.0
14817,56.0
14818,0.0
14818,0.0
14818,56.0
14819,0.0
14819,0.0
14819,56.0
14820,0.0
14821,0.0
14822,0.0
14823,0.0
14824,0.0
14825,0.0
14826,0.0
14827,0.0
14828,0.0
14828,13.0
14829,0.0
14829,13.0
14829,0.0
14830,0.0
14830,13.0
14830,0.0
14831,0.0
14831,13.0
14831,0.0
14832,0.0
14832,13.0
14833,0.0
14833,13.0
14834,0.0
14834,13.0
14835,0.0
14838,0.0
14838,13.0
14839,0.0
14839,13.0
14840,0.0
14840,13.0
14840,0.0
14841,0.0
14841,0.0
14841,13.0
14842,0.0
14842,0.0
14842,13.0
14843,0.0
14843,0.0
14843,13.0
14844,0.0
14844,0.0
14844,13.0
14845,0.0
14845,0.0
14845,13.0
14846,0.0
14846,0.0
14846,13.0
14847,0.0
14847,0.0
14847,13.0
14848,0.0
14848,0.0
14848,13.0
14849,0.0
14849,0.0
14849,13.0
14850,0.0
14850,0.0
14851,0.0
14851,0.0
14851,13.0
14852,0.0
14852,13.0
14853,13.0
14853,0.0
14854,13.0
14854,0.0
14855,13.0
14855,0.0
14856,13.0
14857,13.0
14858,13.0
14859,13.0
14860,13.0
14861,13.0
14862,0.0
14862,13.0
14863,0.0
14863,13.0
14864,13.0
14865,13.0
14866,13.0
14867,13.0
14868,13.0
14868,0.0
14869,13.0
14869,0.0
14870,0.0
14870,13.0
14871,0.0
14872,0.0
14873,0.0
14874,0.0
14875,0.0
14876,0.0
14876,13.0
14877,0.0
14877,13.0
14878,0.0
14878,13.0
14879,0.0
14879,13.0
14880,0.0
14880,13.0
14881,0.0
14882,0.0
14882,0.0
14882,56.0
14883,0.0
14883,0.0
14884,0.0
14884,0.0
14885,0.0
14885,0.0
14886,0.0
14886,0.0
14886,13.0
14887,0.0
14887,0.0
14887,0.0
14888,0.0
14888,13.0
14888,0.0
14889,0.0
14889,0.0
14889,13.0
14890,0.0
14890,13.0
14890,0.0
14891,0.0
14891,13.0
14891,0.0
14892,0.0
14892,13.0
14893,0.0
14893,13.0
14894,0.0
14894,13.0
14894,0.0
14894,56.0
14895,0.0
14895,13.0
14895,0.0
14895,56.0
14896,0.0
14896,13.0
14896,0.0
14896,56.0
14897,0.0
14897,13.0
14897,0.0
14897,56.0
14898,0.0
14898,13.0
14898,0.0
14899,0.0
14899,13.0
14899,0.0
14900,0.0
14900,13.0
14901,0.0
14901,13.0
14902,0.0
14902,13.0
14903,0.0
14903,13.0
14904,0.0
14904,13.0
14905,0.0
14905,13.0
14906,0.0
14910,0.0
14910,0.0
14911,0.0
14911,0.0
14911,13.0
14912,0.0
14913,0.0
14914,0.0
14915,0.0
14916,0.0
14917,0.0
14917,0.0
14918,0.0
14918,0.0
14919,0.0
14919,0.0
14920,0.0
14920,0.0
14921,0.0
14922,0.0
14923,0.0
14930,13.0
14931,13.0
14932,13.0
14933,13.0
14934,13.0
14935,13.0
14937,13.0
14938,13.0
14941,0.0
14942,0.0
14942,13.0
14943,0.0
14943,13.0
14944,0.0
14944,13.0
14945,0.0
14945,13.0
14946,0.0
14946,13.0
14947,0.0
14947,13.0
14948,0.0
14949,0.0
14949,0.0
14950,0.0
14952,0.0
14953,0.0
14954,0.0
14955,0.0
14956,0.0
14957,0.0
14958,0.0
14959,0.0
14960,0.0
14961,0.0
14962,0.0
14963,0.0
14964,0.0
14965,0.0
14966,0.0
14966,13.0
14967,0.0
14967,13.0
14968,0.0
14968,13.0
14969,0.0
14970,0.0
14971,0.0
14971,13.0
14972,0.0
14972,13.0
14972,0.0
14973,0.0
14973,0.0
14973,13.0
14974,0.0
14974,0.0
14974,13.0
14975,0.0
14975,13.0
14975,0.0
14976,0.0
14976,0.0
14976,13.0
14977,0.0
14977,0.0
14977,13.0
14978,0.0
14978,0.0
14978,13.0
14979,0.0
14979,0.0
14979,13.0
14980,0.0
14980,0.0
14980,13.0
14981,0.0
14982,0.0
14983,0.0
14988,13.0
14990,13.0
14990,0.0
14991,13.0
14992,13.0
14993,13.0
14993,0.0
14994,13.0
14994,0.0
14995,0.0
14995,13.0
14996,0.0
14996,13.0
14997,0.0
14997,13.0
14998,0.0
14998,13.0
14999,13.0
14999,0.0
15000,0.0
15000,13.0
15001,0.0
15002,0.0
15003,0.0
15004,0.0
15005,0.0
15005,13.0
15006,0.0
15006,13.0
15007,0.0
15007,13.0
15008,0.0
15008,13.0
15009,0.0
15009,13.0
15010,0.0
15010,13.0
15011,0.0
15011,13.0
15012,0.0
15012,13.0
15013,0.0
15013,13.0
15014,0.0
15014,13.0
15015,0.0
15015,13.0
15016,0.0
15016,13.0
15017,0.0
15017,13.0
15018,0.0
15018,13.0
15019,0.0
15019,13.0
15020,0.0
15020,13.0
15021,0.0
15021,13.0
15022,0.0
15022,13.0
15023,0.0
15023,13.0
15024,0.0
15024,13.0
15025,0.0
15025,13.0
15026,0.0
15027,0.0
15028,0.0
15029,0.0
15030,0.0
15031,0.0
15032,0.0
15032,13.0
15033,0.0
15033,13.0
15034,0.0
15034,13.0
15035,0.0
15036,0.0
15037,0.0
15038,0.0
15038,0.0
15038,56.0
15038,13.0
15039,0.0
15039,0.0
15039,56.0
15040,0.0
15040,0.0
15040,56.0
15041,0.0
15041,56.0
15041,13.0
15041,0.0
15042,0.0
15042,0.0
15042,13.0
15043,0.0
15043,13.0
15043,0.0
15044,0.0
15044,0.0
15044,0.0
15045,0.0
15045,0.0
15045,0.0
15046,0.0
15046,0.0
15046,0.0
15047,0.0
15047,56.0
15048,0.0
15048,56.0
15049,0.0
15049,56.0
15050,0.0
15050,56.0
15051,0.0
15051,56.0
15052,0.0
15052,56.0
15053,0.0
15054,0.0
15054,56.0
15055,0.0
15055,56.0
15056,0.0
15057,0.0
15058,0.0
15059,0.0
15059,56.0
15060,0.0
15060,56.0
15061,0.0
15061,56.0
15062,13.0
15062,56.0
15063,56.0
15065,0.0
15066,0.0
15067,0.0
15068,56.0
15071,56.0
15072,56.0
15073,56.0
15074,56.0
15075,56.0
15076,56.0
15077,0.0
15078,0.0
15078,56.0
15079,0.0
15079,56.0
15080,0.0
15080,56.0
15081,0.0
15081,56.0
15082,0.0
15082,56.0
15089,56.0
15090,56.0
15092,56.0
15093,56.0
15094,56.0
15101,0.0
15102,0.0
15103,0.0
15104,0.0
15105,0.0
15106,0.0
15107,0.0
15108,0.0
15108,56.0
15109,0.0
15111,56.0
15112,56.0
15123,0.0
15125,0.0
15126,0.0
15127,0.0
15128,0.0
15129,0.0
15130,0.0
15131,0.0
15132,0.0
15133,0.0
15134,13.0
15134,0.0
15135,0.0
15135,13.0
15136,13.0
15137,0.0
15138,0.0
15139,0.0
15140,0.0
15151,16.0
15153,0.0
15155,0.0
15156,0.0
15157,0.0
15158,0.0
15159,0.0
15160,0.0
15161,0.0
15162,0.0
15163,0.0
15164,0.0
15165,0.0
15166,0.0
15167,0.0
15168,0.0
15169,0.0
15170,0.0
15171,0.0
15172,0.0
15173,0.0
15174,0.0
15175,0.0
15176,0.0
15179,0.0
15180,0.0
15181,0.0
15182,16.0
15183,16.0
15184,16.0
15188,0.0
15189,0.0
15190,0.0
15191,0.0
15192,0.0
15192,0.0
15193,0.0
15193,0.0
15194,0.0
15195,0.0
15196,0.0
15197,0.0
15198,0.0
15199,0.0
15200,0.0
15201,0.0
15202,0.0
15203,0.0
15204,0.0
15205,0.0
15206,0.0
15207,0.0
15208,0.0
15209,0.0
15210,0.0
15211,0.0
15212,0.0
15213,0.0
15214,0.0
15215,0.0
15215,0.0
15216,0.0
15216,0.0
15217,0.0
15217,0.0
15218,0.0
15218,0.0
15219,0.0
15219,0.0
15220,0.0
15220,0.0
15221,0.0
15221,0.0
15222,0.0
15222,0.0
15223,0.0
15223,0.0
15224,0.0
15224,0.0
15225,0.0
15225,0.0
15226,0.0
15226,0.0
15227,0.0
15228,0.0
15229,0.0
15230,0.0
15230,0.0
15231,0.0
15231,0.0
15232,0.0
15232,0.0
15233,0.0
15234,0.0
15235,0.0
15236,0.0
15237,0.0
15238,0.0
15239,0.0
15239,0.0
15240,0.0
15240,0.0
15241,0.0
15241,0.0
15242,0.0
15242,0.0
15243,0.0
15243,0.0
15244,0.0
15244,0.0
15244,13.0
15245,0.0
15245,0.0
15245,13.0
15246,0.0
15246,0.0
15247,0.0
15247,0.0
15248,0.0
15249,0.0
15250,0.0
15251,16.0
15253,16.0
15254,16.0
15255,16.0
15256,0.0
15257,0.0
15258,0.0
15258,13.0
15259,0.0
15259,13.0
15260,0.0
15261,0.0
15262,0.0
15263,0.0
15269,0.0
15270,0.0
15271,0.0
15272,0.0
15273,0.0
15274,0.0
15275,0.0
15275,0.0
15276,0.0
15276,0.0
15277,0.0
15277,0.0
15278,0.0
15278,13.0
15279,13.0
15279,0.0
15280,13.0
15280,0.0
15281,0.0
15281,13.0
15282,0.0
15282,13.0
15283,0.0
15284,0.0
15284,0.0
15285,0.0
15285,0.0
15286,0.0
15286,0.0
15287,0.0
15287,13.0
15288,0.0
15289,0.0
15290,0.0
15291,0.0
15292,0.0
15293,13.0
15294,13.0
15294,0.0
15295,13.0
15295,0.0
15300,0.0
15308,0.0
15309,0.0
15310,0.0
15311,0.0
15312,0.0
15313,0.0
15314,0.0
15315,0.0
15316,0.0
15317,0.0
15318,0.0
15319,0.0
15320,0.0
15321,0.0
15322,0.0
15323,0.0
15324,0.0
15325,0.0
15326,0.0
15327,0.0
15328,0.0
15329,0.0
15329,0.0
15330,0.0
15331,0.0
15332,0.0
15332,0.0
15333,0.0
15333,0.0
15334,0.0
15334,0.0
15335,0.0
15336,0.0
15336,0.0
15337,0.0
15337,0.0
15338,0.0
15338,0.0
15339,0.0
15339,0.0
15339,13.0
15340,0.0
15340,0.0
15340,13.0
15341,0.0
15342,0.0
15343,0.0
15349,0.0
15376,0.0
15377,0.0
15378,0.0
15379,0.0
15380,0.0
15381,0.0
15382,0.0
15383,0.0
15384,0.0
15385,0.0
15386,0.0
15387,0.0
15388,0.0
15389,0.0
15390,0.0
15391,0.0
15392,0.0
15393,0.0
15393,13.0
15394,0.0
15395,0.0
15396,0.0
15397,0.0
15398,0.0
15399,0.0
15399,13.0
15400,0.0
15401,0.0
15402,0.0
15403,0.0
15404,0.0
15405,0.0
15406,0.0
15407,0.0
15408,0.0
15409,0.0
15410,0.0
15411,0.0
15412,0.0
15413,0.0
15414,0.0
15415,0.0
15416,0.0
15417,0.0
15418,0.0
15419,0.0
15420,0.0
15421,0.0
15422,0.0
15423,0.0
15423,13.0
15424,0.0
15425,0.0
15425,13.0
15426,0.0
15426,13.0
15427,0.0
15427,13.0
15428,0.0
15428,13.0
15429,0.0
15429,13.0
15430,0.0
15430,13.0
15431,0.0
15432,0.0
15433,0.0
15434,0.0
15435,0.0
15436,0.0
15437,0.0
15438,0.0
15439,0.0
15440,0.0
15441,0.0
15442,0.0
15443,0.0
15443,13.0
15444,0.0
15444,13.0
15445,0.0
15445,13.0
15446,0.0
15446,13.0
15447,0.0
15447,13.0
15448,0.0
15448,13.0
15449,0.0
15450,0.0
15451,0.0
15452,0.0
15453,0.0
15454,0.0
15455,0.0
15456,0.0
15457,0.0
15458,0.0
15459,0.0
15460,0.0
15461,0.0
15462,0.0
15463,0.0
15464,0.0
15464,13.0
15465,0.0
15465,13.0
15466,0.0
15467,0.0
15467,13.0
15468,0.0
15468,13.0
15469,0.0
15469,13.0
15470,0.0
15470,13.0
15471,0.0
15471,13.0
15472,0.0
15472,13.0
15473,0.0
15473,13.0
15474,0.0
15474,13.0
15475,0.0
15475,13.0
15476,0.0
15476,13.0
15477,0.0
15477,13.0
15478,0.0
15478,13.0
15479,0.0
15479,13.0
15480,0.0
15480,13.0
15481,0.0
15482,0.0
15483,0.0
15483,13.0
15484,0.0
15484,13.0
15485,0.0
15485,13.0
15486,0.0
15486,13.0
15487,0.0
15487,13.0
15488,0.0
15489,0.0
15490,0.0
15491,0.0
15491,13.0
15492,0.0
15492,13.0
15493,0.0
15493,13.0
15494,0.0
15494,13.0
15495,0.0
15495,13.0
15496,0.0
15496,13.0
15497,0.0
15497,13.0
15498,0.0
15498,13.0
15499,0.0
15499,13.0
15500,0.0
15500,13.0
15501,0.0
15501,13.0
15502,0.0
15502,13.0
15503,0.0
15504,0.0
15504,13.0
15505,0.0
15505,13.0
15506,0.0
15507,0.0
15507,13.0
15508,0.0
15508,13.0
15509,0.0
15509,13.0
15510,0.0
15510,13.0
15511,0.0
15511,13.0
15512,0.0
15512,13.0
15513,0.0
15514,0.0
15515,0.0
15515,13.0
15516,0.0
15517,0.0
15518,0.0
15519,0.0
15520,0.0
15521,0.0
15522,0.0
15523,0.0
15524,0.0
15525,0.0
15526,0.0
15527,0.0
15528,0.0
15529,0.0
15530,0.0
15531,0.0
15532,0.0
15533,0.0
15534,0.0
15534,13.0
15535,0.0
15535,13.0
15536,0.0
15537,0.0
15538,0.0
15539,0.0
15540,0.0
15541,0.0
15542,0.0
15543,0.0
15544,0.0
15545,0.0
15546,0.0
15547,0.0
15548,0.0
15549,0.0
15550,0.0
15551,0.0
15552,0.0
15552,56.0
15553,0.0
15554,0.0
15555,0.0
15556,0.0
15557,0.0
15558,0.0
15559,0.0
15560,0.0
15561,0.0
15562,0.0
15563,0.0
15564,0.0
15565,0.0
15566,0.0
15567,0.0
15568,0.0
15569,56.0
15570,56.0
15571,56.0
15573,56.0
15575,56.0
15576,56.0
15577,56.0
15614,56.0
15615,56.0
15616,56.0
15617,13.0
15619,13.0
15641,13.0
15642,13.0
15643,13.0
15649,0.0
15650,0.0
15651,0.0
15652,0.0
15653,0.0
15654,0.0
15655,0.0
15656,0.0
15657,0.0
15658,0.0
15659,0.0
15659,13.0
15660,0.0
15661,0.0
15662,0.0
15662,13.0
15663,0.0
15663,13.0
15664,0.0
15664,13.0
15665,13.0
15666,13.0
15667,13.0
15668,13.0
15669,13.0
15670,13.0
15671,13.0
15672,13.0
15673,13.0
15680,13.0
15681,13.0
15682,13.0
15683,13.0
15684,13.0
15685,13.0
15686,13.0
15687,13.0
15688,13.0
15689,13.0
15690,13.0
15691,13.0
15692,13.0
15693,13.0
15694,13.0
15695,13.0
15696,13.0
15697,13.0
15698,13.0
15699,13.0
15700,13.0
15701,13.0
15702,13.0
15703,13.0
15704,13.0
15705,13.0
15706,13.0
15707,13.0
15708,13.0
15709,13.0
15710,13.0
15710,56.0
15711,13.0
15711,56.0
15712,13.0
15712,56.0
15713,13.0
15714,13.0
15715,13.0
15716,13.0
15717,13.0
15718,13.0
15719,13.0
15720,13.0
15721,13.0
15722,13.0
15723,13.0
15724,13.0
15725,13.0
15726,13.0
15727,13.0
15728,13.0
15729,13.0
15730,13.0
15731,13.0
15732,13.0
15733,13.0
15734,13.0
15735,13.0
15736,13.0
15737,13.0
15738,13.0
15739,13.0
15743,13.0
15744,13.0
15745,13.0
15748,13.0
15749,0.0
15750,0.0
15750,13.0
15751,0.0
15752,0.0
15753,0.0
15754,0.0
15755,0.0
15756,0.0
15757,0.0
15758,0.0
15759,0.0
15760,0.0
15761,0.0
15762,0.0
15763,0.0
15764,0.0
15765,0.0
15766,0.0
15767,0.0
15768,0.0
15769,0.0
15770,0.0
15771,0.0
15772,0.0
15773,0.0
15773,13.0
15774,0.0
15774,13.0
15775,0.0
15775,13.0
15776,0.0
15777,0.0
15778,0.0
15779,0.0
15780,0.0
15781,0.0
15782,0.0
15782,0.0
15783,0.0
15783,0.0
15784,0.0
15785,0.0
15785,0.0
15786,0.0
15786,0.0
15787,0.0
15787,0.0
15788,0.0
15788,0.0
15789,0.0
15789,0.0
15790,0.0
15790,0.0
15791,0.0
15792,0.0
15793,0.0
15794,0.0
15794,0.0
15795,0.0
15795,0.0
15796,0.0
15796,0.0
15797,0.0
15797,0.0
15798,0.0
15798,0.0
15799,0.0
15799,0.0
15800,0.0
15800,0.0
15801,0.0
15801,0.0
15802,0.0
15802,0.0
15803,0.0
15804,0.0
15805,0.0
15806,0.0
15807,0.0
15808,0.0
15809,0.0
15809,0.0
15810,0.0
15810,0.0
15811,0.0
15811,0.0
15812,0.0
15813,0.0
15814,0.0
15815,0.0
15816,0.0
15817,0.0
15818,0.0
15819,0.0
15820,0.0
15821,0.0
15822,0.0
15823,0.0
15824,0.0
15825,0.0
15826,0.0
15826,0.0
15827,0.0
15828,0.0
15829,0.0
15830,0.0
15831,0.0
15832,0.0
15833,0.0
15833,0.0
15834,0.0
15834,0.0
15835,0.0
15836,0.0
15837,0.0
15838,0.0
15845,13.0
15846,13.0
15847,13.0
15848,13.0
15879,13.0
15881,13.0
15882,13.0
15883,13.0
15884,13.0
15885,13.0
15886,13.0
15887,13.0
15888,13.0
15889,13.0
15890,13.0
15891,13.0
15892,13.0
15893,13.0
15894,13.0
15895,13.0
15896,13.0
15897,13.0
15898,13.0
15899,13.0
15900,13.0
15901,13.0
15902,13.0
15903,13.0
15904,13.0
15905,13.0
15906,13.0
15907,13.0
15909,13.0
15910,13.0
15911,13.0
15912,13.0
15913,13.0
15916,13.0
15917,13.0
15918,13.0
15919,13.0
16058,13.0
16059,13.0
16059,13.0
16060,13.0
16060,13.0
16061,13.0
16061,13.0
16062,13.0
16062,13.0
16063,13.0
16063,13.0
16064,13.0
16064,13.0
16065,13.0
16065,13.0
16066,13.0
16066,13.0
16067,13.0
16067,13.0
16068,13.0
16068,13.0
16069,13.0
16069,13.0
16070,13.0
16071,13.0
16072,13.0
16073,13.0
16074,13.0
16075,13.0
16076,13.0
16077,13.0
16078,13.0
16079,13.0
16080,13.0
16081,13.0
16082,13.0
16083,13.0
16084,13.0
16085,13.0
16086,13.0
16087,13.0
16088,13.0
16089,13.0
16090,13.0
16091,13.0
16092,13.0
16093,13.0
16094,13.0
16095,13.0
16096,13.0
16097,13.0
16098,13.0
16099,13.0
16100,13.0
16101,13.0
16102,13.0
16103,13.0
16104,13.0
16105,13.0
16106,13.0
16107,13.0
16108,13.0
16109,13.0
16110,13.0
16111,13.0
16112,13.0
16113,13.0
16114,13.0
16115,13.0
16116,13.0
16117,13.0
16118,13.0
16119,13.0
16120,13.0
16121,13.0
16122,13.0
16123,13.0
16124,13.0
16125,13.0
16126,13.0
16127,13.0
16128,13.0
16129,13.0
16130,13.0
16131,13.0
16132,13.0
16133,13.0
16134,13.0
16135,13.0
16136,13.0
16137,13.0
16138,13.0
16139,13.0
16140,13.0
16141,13.0
16142,13.0
16143,13.0
16144,13.0
16145,13.0
16146,13.0
16147,13.0
16148,13.0
16149,13.0
16150,13.0
16151,13.0
16152,13.0
16153,13.0
16154,13.0
16155,13.0
16156,13.0
16157,13.0
16158,13.0
16159,13.0
16160,13.0
16161,13.0
16162,13.0
16163,13.0
16164,13.0
16165,13.0
16166,13.0
16167,13.0
16168,13.0
16169,13.0
16170,13.0
16171,13.0
16172,13.0
16173,13.0
16174,13.0
16175,13.0
16176,13.0
16177,13.0
