1,0.0
2,0.0
3,0.0
4,0.0
5,0.0
6,0.0
7,0.0
8,0.0
9,0.0
10,0.0
11,0.0
12,0.0
20,0.0
21,0.0
22,0.0
23,0.0
24,0.0
25,0.0
26,0.0
27,0.0
28,0.0
35,0.0
36,0.0
37,0.0
38,0.0
39,0.0
40,0.0
41,0.0
42,0.0
43,0.0
44,0.0
45,0.0
46,0.0
47,0.0
48,0.0
49,0.0
50,0.0
51,0.0
52,0.0
53,0.0
54,0.0
86,0.0
87,0.0
100,0.0
101,0.0
102,0.0
103,0.0
104,0.0
108,0.0
109,0.0
110,0.0
111,0.0
112,0.0
113,0.0
114,0.0
115,0.0
116,0.0
117,0.0
118,0.0
119,0.0
123,0.0
124,0.0
125,0.0
126,0.0
127,0.0
128,0.0
129,0.0
130,0.0
131,0.0
132,0.0
133,0.0
134,0.0
135,0.0
136,0.0
137,0.0
138,0.0
139,0.0
140,0.0
141,0.0
142,0.0
143,0.0
144,0.0
145,0.0
146,0.0
147,0.0
150,0.0
151,0.0
152,0.0
153,0.0
154,0.0
155,0.0
156,0.0
157,0.0
158,0.0
159,0.0
160,0.0
161,0.0
162,0.0
163,0.0
164,0.0
165,0.0
166,0.0
167,0.0
168,0.0
169,0.0
170,0.0
171,0.0
172,0.0
173,0.0
174,0.0
175,0.0
176,0.0
177,0.0
178,0.0
179,0.0
180,0.0
181,0.0
182,0.0
183,0.0
184,0.0
185,0.0
186,0.0
187,0.0
188,0.0
189,0.0
190,0.0
191,0.0
192,0.0
193,0.0
194,0.0
195,0.0
196,0.0
197,0.0
200,0.0
201,0.0
202,0.0
203,0.0
204,0.0
205,0.0
206,0.0
207,0.0
208,0.0
209,0.0
210,0.0
211,0.0
212,0.0
213,0.0
214,0.0
215,0.0
216,0.0
217,0.0
218,0.0
219,0.0
220,0.0
221,0.0
222,0.0
223,0.0
224,0.0
225,0.0
226,0.0
227,0.0
228,0.0
229,0.0
230,0.0
231,0.0
232,0.0
233,0.0
234,0.0
235,0.0
236,0.0
237,0.0
238,0.0
239,0.0
240,0.0
241,0.0
242,0.0
243,0.0
244,0.0
245,0.0
246,0.0
247,0.0
248,0.0
249,0.0
250,0.0
251,0.0
252,0.0
253,0.0
254,0.0
255,0.0
256,0.0
257,0.0
258,0.0
259,0.0
260,0.0
261,0.0
262,0.0
263,0.0
264,0.0
265,0.0
266,0.0
267,0.0
268,0.0
269,0.0
270,0.0
271,0.0
272,0.0
273,0.0
274,0.0
275,0.0
276,0.0
277,0.0
278,0.0
279,0.0
280,0.0
281,0.0
282,0.0
283,0.0
284,0.0
285,0.0
286,0.0
287,0.0
288,0.0
289,0.0
290,0.0
291,0.0
292,0.0
293,0.0
294,0.0
295,0.0
296,0.0
297,0.0
298,0.0
299,0.0
300,0.0
301,0.0
302,0.0
303,0.0
304,0.0
305,0.0
306,0.0
307,0.0
308,0.0
309,0.0
310,0.0
311,0.0
312,0.0
313,0.0
314,0.0
315,0.0
316,0.0
317,0.0
318,0.0
319,0.0
320,0.0
321,0.0
322,0.0
323,0.0
324,0.0
325,0.0
326,0.0
327,0.0
328,0.0
329,0.0
330,0.0
331,0.0
332,0.0
333,0.0
334,0.0
335,0.0
336,0.0
337,0.0
338,0.0
339,0.0
340,0.0
341,0.0
342,0.0
343,0.0
344,0.0
345,0.0
346,0.0
347,0.0
348,0.0
349,0.0
350,0.0
351,0.0
352,0.0
353,0.0
354,0.0
355,0.0
356,0.0
357,0.0
358,0.0
359,0.0
360,0.0
361,0.0
362,0.0
363,0.0
364,0.0
365,0.0
366,0.0
367,0.0
368,0.0
369,0.0
370,0.0
371,0.0
372,0.0
373,0.0
374,0.0
375,0.0
376,0.0
377,0.0
448,0.0
449,0.0
455,0.0
456,0.0
457,0.0
458,0.0
459,0.0
460,0.0
461,0.0
462,0.0
463,0.0
464,0.0
465,0.0
468,0.0
469,0.0
470,0.0
471,0.0
472,0.0
521,0.0
528,0.0
529,0.0
533,0.0
534,0.0
535,0.0
536,0.0
537,0.0
538,0.0
539,0.0
540,0.0
541,0.0
542,0.0
543,0.0
544,0.0
545,0.0
546,0.0
547,0.0
548,0.0
549,0.0
550,0.0
551,0.0
552,0.0
553,0.0
554,0.0
585,0.0
586,0.0
587,0.0
588,0.0
589,0.0
945,0.0
1668,0.0
1669,0.0
1670,0.0
1671,0.0
1672,0.0
1765,0.0
1766,0.0
1767,0.0
1768,0.0
1769,0.0
1773,0.0
1774,0.0
2468,0.0
2469,0.0
2470,0.0
2471,0.0
2472,0.0
2873,56.0
2874,56.0
2875,0.0
2875,56.0
2876,0.0
2876,56.0
2877,0.0
2877,56.0
2878,0.0
2878,56.0
2879,0.0
2879,56.0
2880,0.0
2881,0.0
2882,0.0
2883,0.0
2884,0.0
2885,0.0
2886,0.0
2887,0.0
2918,0.0
2919,0.0
3113,0.0
3114,0.0
3115,0.0
3116,0.0
3117,0.0
3118,0.0
3119,0.0
3120,0.0
3121,0.0
3122,0.0
3123,0.0
3124,0.0
3125,0.0
3126,0.0
3127,0.0
3128,0.0
3129,0.0
3130,0.0
3131,0.0
3132,0.0
3133,0.0
3134,0.0
3135,0.0
3136,0.0
3137,0.0
3138,0.0
3139,0.0
3140,0.0
3141,0.0
3142,0.0
3143,0.0
3144,0.0
3145,0.0
3146,0.0
3147,0.0
3148,0.0
3149,0.0
3150,0.0
3151,0.0
3152,0.0
3153,0.0
3154,0.0
3155,0.0
3156,0.0
3157,0.0
3158,0.0
3159,0.0
3160,0.0
3161,0.0
3162,0.0
3163,0.0
3164,0.0
3165,0.0
3166,0.0
3167,0.0
3168,0.0
3169,0.0
3170,0.0
3171,0.0
3172,0.0
3173,0.0
3174,0.0
3175,0.0
3176,0.0
3177,0.0
3178,0.0
3179,0.0
3180,0.0
3181,0.0
3182,0.0
3183,0.0
3184,0.0
3185,0.0
3186,0.0
3187,0.0
3188,0.0
3189,0.0
3190,0.0
3191,0.0
3192,0.0
3193,0.0
3194,0.0
3198,0.0
3480,0.0
3481,0.0
3482,0.0
3483,0.0
3484,0.0
3590,0.0
3591,0.0
3592,0.0
4044,0.0
4045,0.0
4046,0.0
4047,0.0
4048,0.0
4049,0.0
4073,0.0
4074,0.0
4075,0.0
4076,0.0
4077,0.0
4078,0.0
4079,0.0
4080,0.0
4081,0.0
4082,0.0
4105,0.0
4105,31.0
4106,0.0
4106,31.0
4107,0.0
4107,31.0
4108,0.0
4108,31.0
4109,0.0
4109,31.0
4260,0.0
4261,0.0
4262,0.0
4300,0.0
4301,0.0
4302,0.0
4305,0.0
4306,0.0
4307,0.0
4308,0.0
4309,0.0
5053,0.0
5054,0.0
5055,0.0
5056,0.0
5057,0.0
5058,0.0
5059,0.0
5065,0.0
5066,0.0
5067,0.0
5068,0.0
5069,0.0
5070,0.0
5071,0.0
5072,0.0
5073,0.0
5074,0.0
5080,0.0
5081,0.0
5082,0.0
5083,0.0
5084,0.0
5085,0.0
5085,36.0
5085,0.0
5086,0.0
5086,36.0
5086,0.0
5087,0.0
5087,36.0
5087,0.0
5088,0.0
5089,0.0
5113,0.0
5114,0.0
5276,0.0
5277,0.0
5278,0.0
5279,0.0
5280,0.0
5281,0.0
5282,0.0
5295,0.0
5296,0.0
5297,0.0
5298,0.0
5299,0.0
5510,0.0
5511,0.0
5512,0.0
5710,0.0
5711,0.0
5712,0.0
5715,0.0
5716,0.0
5717,0.0
5723,0.0
5724,0.0
5725,0.0
5726,0.0
5727,0.0
5728,0.0
5729,0.0
5773,0.0
5774,0.0
5775,0.0
5776,0.0
5777,0.0
5778,0.0
5779,0.0
5780,0.0
5781,0.0
5782,0.0
5858,0.0
5859,0.0
5863,0.0
5864,0.0
6100,0.0
6101,0.0
6102,0.0
6103,0.0
6104,0.0
6105,0.0
6106,0.0
6107,0.0
6163,0.0
6164,0.0
6165,0.0
6166,0.0
6167,0.0
6168,0.0
6169,0.0
6170,0.0
6171,0.0
6172,0.0
6243,0.0
6244,0.0
6245,0.0
6246,0.0
6247,0.0
6248,0.0
6249,0.0
6250,0.0
6251,0.0
6252,0.0
6311,0.0
6312,0.0
6320,0.0
6321,0.0
6322,0.0
6330,0.0
6331,0.0
6332,0.0
6333,0.0
6334,0.0
6335,0.0
6336,0.0
6337,0.0
6470,0.0
6471,0.0
6472,0.0
6473,0.0
6474,0.0
6475,0.0
6476,0.0
6477,0.0
6478,0.0
6479,0.0
6563,0.0
6564,0.0
6570,0.0
6571,0.0
6572,0.0
6590,0.0
6591,0.0
6592,0.0
6593,0.0
6594,0.0
6595,0.0
6596,0.0
6597,0.0
6598,0.0
6599,0.0
