1,0.0
2,0.0
3,0.0
4,0.0
5,0.0
6,0.0
7,0.0
8,0.0
9,0.0
10,0.0
11,0.0
12,0.0
13,0.0
14,0.0
15,0.0
16,0.0
17,0.0
18,0.0
19,0.0
20,0.0
21,0.0
22,0.0
23,0.0
24,0.0
25,0.0
26,0.0
27,0.0
28,0.0
29,0.0
30,0.0
31,0.0
32,0.0
33,0.0
34,0.0
35,0.0
36,0.0
37,0.0
38,0.0
39,0.0
40,0.0
41,0.0
42,0.0
43,0.0
44,0.0
45,0.0
46,0.0
47,0.0
48,0.0
49,0.0
50,0.0
51,0.0
52,0.0
53,0.0
54,0.0
55,0.0
56,0.0
57,0.0
58,0.0
59,0.0
60,0.0
61,0.0
62,0.0
63,0.0
64,0.0
65,0.0
66,0.0
67,0.0
68,0.0
69,0.0
70,0.0
71,0.0
72,0.0
73,0.0
74,0.0
74,2.0
75,0.0
75,2.0
76,0.0
76,2.0
77,0.0
77,2.0
78,0.0
79,0.0
80,0.0
80,2.0
81,0.0
82,0.0
83,0.0
84,0.0
84,2.0
85,0.0
85,2.0
86,0.0
87,0.0
88,0.0
89,0.0
90,0.0
91,0.0
92,0.0
93,0.0
94,0.0
95,0.0
96,0.0
96,2.0
97,0.0
97,2.0
98,0.0
99,0.0
100,0.0
100,2.0
101,0.0
101,2.0
102,0.0
103,0.0
104,0.0
105,0.0
106,0.0
107,0.0
108,0.0
108,2.0
109,0.0
109,2.0
110,0.0
111,0.0
112,0.0
112,2.0
113,0.0
113,2.0
114,0.0
114,2.0
115,0.0
115,2.0
116,0.0
117,0.0
118,0.0
119,0.0
120,0.0
121,0.0
122,0.0
123,0.0
124,0.0
124,2.0
125,0.0
125,2.0
126,0.0
127,0.0
128,0.0
128,2.0
129,0.0
129,2.0
130,0.0
130,2.0
131,0.0
131,2.0
132,0.0
132,2.0
133,0.0
133,2.0
134,0.0
134,2.0
135,0.0
135,2.0
136,0.0
136,2.0
137,0.0
137,2.0
138,0.0
139,0.0
140,0.0
141,0.0
142,0.0
143,0.0
144,0.0
145,0.0
148,0.0
149,0.0
152,0.0
153,0.0
154,0.0
155,0.0
156,0.0
157,0.0
158,0.0
159,0.0
160,0.0
161,0.0
162,0.0
163,0.0
164,0.0
165,0.0
166,0.0
167,0.0
170,0.0
171,0.0
172,0.0
173,0.0
174,0.0
175,0.0
176,0.0
177,0.0
180,24.0
181,24.0
182,24.0
182,0.0
183,24.0
183,0.0
184,24.0
185,24.0
186,24.0
188,24.0
189,24.0
190,24.0
191,24.0
192,0.0
193,0.0
194,0.0
195,0.0
196,0.0
197,0.0
198,0.0
199,0.0
200,0.0
201,0.0
202,0.0
203,0.0
204,0.0
205,0.0
206,0.0
207,0.0
208,0.0
209,0.0
210,0.0
211,0.0
212,0.0
213,0.0
214,0.0
215,0.0
216,0.0
217,0.0
218,0.0
219,0.0
220,0.0
221,0.0
222,0.0
223,0.0
224,0.0
225,0.0
226,0.0
227,0.0
228,0.0
229,0.0
230,0.0
231,0.0
232,0.0
233,0.0
234,0.0
235,0.0
236,0.0
237,0.0
238,0.0
239,0.0
240,0.0
240,2.0
241,0.0
241,2.0
242,0.0
242,2.0
243,0.0
243,2.0
244,0.0
244,2.0
245,0.0
245,2.0
246,0.0
246,2.0
247,0.0
247,2.0
248,0.0
248,2.0
249,0.0
249,2.0
250,0.0
250,2.0
251,0.0
251,2.0
252,0.0
252,2.0
253,0.0
253,2.0
254,0.0
254,2.0
255,0.0
255,2.0
256,0.0
256,2.0
257,0.0
257,2.0
258,0.0
259,0.0
260,0.0
261,0.0
262,0.0
263,0.0
264,0.0
264,2.0
265,0.0
265,2.0
266,0.0
266,2.0
267,0.0
267,2.0
268,0.0
269,0.0
270,0.0
271,0.0
272,0.0
273,0.0
274,0.0
275,0.0
276,0.0
277,0.0
278,0.0
279,0.0
280,0.0
281,0.0
282,0.0
283,0.0
284,0.0
285,0.0
286,0.0
287,0.0
288,0.0
289,0.0
290,0.0
291,0.0
292,0.0
293,0.0
294,0.0
294,2.0
295,0.0
295,2.0
296,0.0
296,2.0
297,0.0
297,2.0
298,0.0
298,2.0
299,0.0
299,2.0
300,0.0
301,0.0
302,0.0
303,0.0
304,0.0
305,0.0
306,0.0
307,0.0
308,0.0
309,0.0
310,0.0
311,0.0
312,0.0
313,0.0
314,0.0
315,0.0
316,0.0
317,0.0
318,0.0
318,2.0
319,0.0
319,2.0
320,0.0
321,0.0
322,0.0
323,0.0
324,0.0
325,0.0
326,0.0
327,0.0
328,0.0
328,24.0
329,0.0
329,24.0
330,0.0
331,0.0
332,0.0
333,0.0
334,0.0
335,0.0
336,0.0
336,67.0
337,0.0
337,67.0
338,0.0
338,24.0
339,0.0
339,24.0
340,24.0
340,0.0
341,24.0
341,0.0
342,0.0
343,0.0
354,0.0
354,2.0
355,0.0
355,2.0
356,0.0
356,2.0
357,0.0
357,2.0
358,0.0
359,0.0
360,0.0
360,2.0
361,0.0
361,2.0
362,2.0
363,2.0
364,2.0
365,2.0
366,2.0
367,2.0
368,2.0
369,2.0
374,2.0
375,2.0
390,2.0
391,2.0
420,2.0
421,2.0
422,2.0
423,2.0
426,2.0
427,2.0
428,2.0
429,2.0
430,2.0
431,2.0
432,2.0
433,2.0
434,2.0
435,2.0
436,2.0
437,2.0
438,2.0
439,2.0
440,2.0
441,2.0
442,2.0
443,2.0
444,2.0
445,2.0
446,2.0
447,2.0
448,2.0
449,2.0
478,2.0
479,2.0
481,2.0
494,2.0
495,2.0
496,2.0
497,2.0
504,2.0
505,2.0
506,2.0
507,2.0
530,2.0
531,2.0
532,2.0
533,2.0
534,2.0
535,2.0
540,2.0
541,2.0
544,2.0
545,2.0
546,2.0
547,2.0
548,2.0
549,2.0
550,2.0
551,2.0
552,2.0
553,2.0
554,2.0
555,2.0
556,2.0
557,2.0
558,2.0
559,2.0
560,2.0
561,2.0
572,2.0
573,2.0
574,2.0
575,2.0
582,2.0
583,2.0
584,2.0
585,2.0
586,2.0
587,2.0
588,2.0
589,2.0
592,2.0
593,2.0
594,2.0
595,2.0
605,2.0
614,2.0
615,2.0
616,2.0
617,2.0
632,2.0
660,2.0
661,2.0
662,2.0
663,2.0
666,2.0
667,2.0
698,2.0
702,2.0
703,2.0
750,2.0
756,2.0
757,2.0
758,2.0
759,2.0
760,2.0
780,2.0
781,2.0
782,2.0
783,2.0
784,2.0
785,2.0
790,2.0
791,2.0
792,2.0
793,2.0
798,2.0
799,2.0
810,2.0
811,2.0
812,2.0
841,2.0
864,2.0
865,2.0
940,2.0
941,2.0
942,2.0
943,2.0
986,2.0
988,2.0
989,2.0
1012,2.0
1013,2.0
1114,2.0
1115,2.0
1116,2.0
1117,2.0
1122,2.0
1126,2.0
1127,2.0
1128,2.0
1129,2.0
1132,2.0
1133,2.0
1145,2.0
1154,2.0
1155,2.0
1156,2.0
1157,2.0
1158,2.0
1159,2.0
1160,2.0
1161,2.0
1162,2.0
1163,2.0
1164,2.0
1165,2.0
1166,2.0
1167,2.0
1168,2.0
1169,2.0
1254,2.0
1255,2.0
1256,2.0
1257,2.0
1258,2.0
1259,2.0
