122,2.0
126,2.0
127,2.0
128,2.0
129,2.0
130,2.0
131,2.0
136,2.0
137,2.0
214,7.0
215,7.0
216,7.0
217,7.0
218,7.0
219,7.0
220,7.0
221,7.0
222,2.0
222,7.0
223,2.0
223,7.0
224,7.0
225,7.0
226,7.0
227,7.0
228,7.0
229,7.0
290,2.0
291,2.0
292,2.0
293,2.0
294,2.0
295,2.0
296,2.0
298,2.0
299,2.0
300,2.0
301,2.0
302,2.0
303,2.0
416,2.0
417,2.0
422,2.0
428,2.0
429,2.0
430,2.0
480,2.0
481,2.0
482,2.0
483,2.0
486,2.0
487,2.0
491,2.0
492,2.0
493,2.0
494,2.0
495,2.0
496,2.0
521,7.0
522,2.0
522,2.0
523,2.0
523,2.0
524,2.0
538,2.0
543,2.0
545,2.0
546,2.0
547,2.0
549,2.0
551,2.0
582,2.0
588,2.0
589,2.0
590,2.0
591,2.0
592,2.0
593,2.0
594,2.0
605,2.0
606,2.0
607,2.0
609,2.0
611,2.0
612,2.0
613,2.0
614,2.0
615,2.0
616,2.0
628,2.0
638,2.0
639,2.0
640,2.0
641,2.0
641,2.0
642,2.0
642,2.0
643,2.0
643,2.0
644,2.0
645,2.0
645,2.0
646,2.0
647,2.0
648,2.0
649,2.0
651,16.0
652,2.0
653,2.0
662,2.0
663,2.0
664,2.0
665,2.0
666,2.0
666,2.0
667,2.0
667,2.0
668,2.0
668,2.0
669,2.0
669,2.0
670,2.0
671,2.0
671,2.0
672,2.0
672,2.0
673,2.0
673,2.0
674,2.0
674,2.0
675,2.0
675,2.0
676,2.0
676,2.0
677,2.0
677,2.0
678,2.0
678,2.0
679,2.0
679,2.0
680,2.0
680,2.0
682,2.0
682,2.0
684,2.0
684,2.0
685,2.0
685,2.0
686,2.0
686,2.0
687,2.0
687,2.0
688,2.0
688,2.0
689,2.0
689,2.0
690,2.0
690,2.0
691,2.0
691,2.0
692,2.0
692,2.0
693,2.0
693,2.0
694,2.0
694,2.0
695,2.0
695,2.0
696,2.0
696,2.0
697,2.0
697,2.0
698,2.0
699,2.0
699,2.0
700,2.0
700,2.0
701,2.0
701,2.0
702,2.0
702,2.0
703,2.0
703,2.0
704,2.0
704,2.0
705,2.0
705,2.0
706,2.0
706,2.0
707,2.0
707,2.0
708,2.0
708,2.0
708,2.0
709,2.0
709,2.0
709,2.0
710,2.0
710,2.0
710,2.0
711,2.0
711,2.0
712,2.0
712,2.0
713,2.0
713,2.0
714,2.0
714,2.0
715,2.0
715,2.0
716,2.0
716,2.0
717,2.0
718,2.0
719,2.0
719,2.0
720,2.0
720,2.0
721,2.0
721,2.0
722,2.0
722,2.0
723,2.0
723,2.0
724,2.0
724,2.0
725,2.0
725,2.0
725,2.0
726,2.0
726,2.0
726,2.0
727,2.0
727,2.0
727,2.0
728,2.0
728,2.0
728,2.0
729,2.0
729,2.0
730,2.0
730,2.0
730,2.0
731,2.0
731,2.0
731,2.0
732,2.0
732,2.0
732,2.0
733,2.0
733,2.0
733,2.0
734,2.0
734,2.0
735,2.0
735,2.0
736,2.0
736,2.0
737,2.0
737,2.0
737,2.0
738,2.0
738,2.0
738,2.0
738,2.0
739,2.0
739,2.0
739,2.0
739,2.0
740,2.0
740,2.0
740,2.0
741,2.0
741,2.0
741,2.0
742,2.0
742,2.0
742,2.0
743,2.0
743,2.0
743,2.0
744,2.0
744,2.0
744,2.0
745,2.0
745,2.0
745,2.0
746,2.0
746,2.0
747,2.0
747,2.0
748,2.0
748,2.0
749,2.0
749,2.0
749,2.0
750,2.0
750,2.0
750,2.0
751,2.0
751,2.0
751,2.0
752,2.0
752,2.0
753,2.0
753,2.0
754,2.0
754,2.0
755,2.0
755,2.0
756,2.0
756,2.0
756,2.0
757,2.0
757,2.0
757,2.0
758,2.0
758,2.0
758,2.0
759,2.0
759,2.0
759,2.0
760,2.0
760,2.0
760,2.0
760,2.0
761,2.0
761,2.0
761,2.0
761,2.0
762,2.0
762,2.0
762,2.0
762,2.0
763,2.0
763,2.0
763,2.0
763,2.0
764,2.0
764,2.0
764,2.0
765,2.0
765,2.0
765,2.0
765,2.0
766,2.0
766,2.0
766,2.0
766,2.0
767,2.0
767,2.0
768,2.0
768,2.0
768,2.0
769,2.0
769,2.0
769,2.0
770,2.0
778,2.0
779,2.0
780,2.0
781,2.0
782,2.0
782,2.0
782,2.0
783,2.0
783,2.0
784,2.0
784,2.0
784,2.0
785,2.0
785,2.0
785,2.0
786,2.0
786,2.0
786,2.0
787,2.0
787,2.0
787,2.0
788,2.0
788,2.0
788,2.0
789,2.0
789,2.0
789,2.0
790,2.0
790,2.0
790,2.0
791,2.0
791,2.0
791,2.0
792,2.0
792,2.0
792,2.0
793,2.0
793,2.0
793,2.0
794,2.0
794,2.0
794,2.0
795,2.0
795,2.0
796,2.0
796,2.0
797,2.0
797,2.0
798,2.0
798,2.0
798,2.0
799,2.0
799,2.0
800,2.0
800,2.0
800,2.0
801,2.0
801,2.0
802,2.0
802,2.0
803,2.0
803,2.0
804,2.0
804,2.0
804,2.0
805,2.0
805,2.0
805,2.0
806,2.0
806,2.0
806,2.0
807,2.0
807,2.0
808,2.0
808,2.0
809,2.0
809,2.0
810,2.0
810,2.0
811,2.0
811,2.0
812,2.0
812,2.0
813,2.0
813,2.0
814,2.0
814,2.0
815,2.0
815,2.0
815,2.0
816,2.0
816,2.0
817,2.0
817,2.0
818,2.0
818,2.0
819,2.0
819,2.0
820,2.0
820,2.0
821,2.0
821,2.0
822,2.0
822,2.0
823,2.0
823,2.0
824,2.0
824,2.0
825,2.0
825,2.0
826,2.0
826,2.0
827,2.0
827,2.0
828,2.0
828,2.0
828,2.0
829,2.0
829,2.0
829,2.0
830,2.0
830,2.0
831,2.0
831,2.0
832,2.0
832,2.0
832,2.0
833,2.0
833,2.0
833,2.0
834,2.0
834,2.0
834,2.0
834,2.0
835,2.0
835,2.0
835,2.0
835,2.0
836,2.0
836,2.0
836,2.0
837,2.0
837,2.0
838,2.0
838,2.0
838,2.0
839,2.0
839,2.0
839,2.0
839,2.0
840,2.0
840,2.0
841,2.0
841,2.0
842,2.0
842,2.0
842,2.0
843,2.0
843,2.0
843,2.0
844,2.0
844,2.0
844,2.0
845,2.0
845,2.0
846,2.0
846,2.0
847,2.0
847,2.0
848,2.0
848,2.0
849,2.0
849,2.0
849,2.0
850,2.0
850,2.0
850,2.0
851,2.0
851,2.0
851,2.0
852,2.0
852,2.0
852,2.0
853,2.0
853,2.0
853,2.0
854,2.0
854,2.0
854,2.0
855,2.0
855,2.0
856,2.0
856,2.0
857,2.0
857,2.0
857,2.0
858,2.0
859,2.0
860,2.0
860,2.0
861,2.0
861,2.0
862,2.0
862,2.0
863,2.0
863,2.0
864,2.0
864,2.0
865,2.0
865,2.0
867,2.0
868,2.0
869,2.0
870,2.0
871,2.0
872,2.0
873,2.0
873,2.0
873,2.0
874,2.0
874,2.0
874,2.0
875,2.0
875,2.0
876,2.0
876,2.0
877,2.0
877,2.0
878,2.0
878,2.0
879,2.0
879,2.0
879,2.0
880,2.0
880,2.0
880,2.0
880,2.0
881,2.0
881,2.0
881,2.0
881,2.0
882,2.0
882,2.0
882,2.0
883,2.0
883,2.0
883,2.0
884,2.0
884,2.0
884,2.0
884,2.0
885,2.0
885,2.0
885,2.0
886,2.0
886,2.0
886,2.0
887,2.0
887,2.0
887,2.0
888,2.0
888,2.0
888,2.0
889,2.0
889,2.0
889,2.0
890,2.0
890,2.0
890,2.0
891,2.0
891,2.0
891,2.0
892,2.0
892,2.0
892,2.0
892,2.0
892,2.0
893,2.0
893,2.0
893,2.0
893,2.0
894,2.0
894,2.0
894,2.0
894,2.0
895,2.0
895,2.0
895,2.0
895,2.0
896,2.0
896,2.0
896,2.0
896,2.0
897,2.0
897,2.0
897,2.0
897,2.0
898,2.0
898,2.0
898,2.0
898,2.0
899,2.0
899,2.0
899,2.0
899,2.0
900,2.0
900,2.0
900,2.0
900,2.0
901,2.0
901,2.0
901,2.0
901,2.0
902,2.0
902,2.0
902,2.0
903,2.0
903,2.0
903,2.0
904,2.0
904,2.0
904,2.0
905,2.0
905,2.0
905,2.0
906,2.0
906,2.0
906,2.0
907,2.0
907,2.0
907,2.0
908,2.0
908,2.0
908,2.0
909,2.0
909,2.0
909,2.0
910,2.0
910,2.0
910,2.0
911,2.0
911,2.0
911,2.0
912,2.0
912,2.0
913,2.0
913,2.0
914,2.0
914,2.0
916,2.0
916,2.0
917,2.0
917,2.0
918,2.0
919,2.0
920,2.0
920,2.0
921,2.0
921,2.0
922,2.0
923,2.0
923,2.0
924,2.0
924,2.0
925,2.0
925,2.0
926,2.0
926,2.0
927,2.0
927,2.0
927,2.0
928,2.0
928,2.0
928,2.0
929,2.0
929,2.0
929,2.0
930,2.0
930,2.0
931,2.0
931,2.0
932,2.0
932,2.0
933,2.0
933,2.0
934,2.0
934,2.0
934,2.0
935,2.0
935,2.0
936,2.0
936,2.0
937,2.0
937,2.0
938,2.0
938,2.0
939,2.0
939,2.0
939,2.0
940,2.0
940,2.0
941,2.0
941,2.0
942,2.0
942,2.0
943,2.0
943,2.0
944,2.0
944,2.0
945,2.0
945,2.0
946,2.0
946,2.0
947,2.0
947,2.0
947,2.0
948,2.0
948,2.0
949,2.0
949,2.0
950,2.0
950,2.0
951,2.0
951,2.0
952,2.0
952,2.0
953,2.0
953,2.0
954,2.0
954,2.0
955,2.0
955,2.0
956,2.0
956,2.0
957,2.0
957,2.0
958,2.0
958,2.0
959,2.0
959,2.0
960,2.0
960,2.0
961,2.0
961,2.0
962,2.0
962,2.0
963,2.0
963,2.0
964,2.0
964,2.0
965,2.0
965,2.0
966,2.0
966,2.0
967,2.0
967,2.0
968,2.0
968,2.0
969,2.0
969,2.0
970,2.0
970,2.0
971,2.0
971,2.0
972,2.0
972,2.0
973,2.0
973,2.0
974,2.0
974,2.0
975,2.0
975,2.0
976,2.0
976,2.0
977,2.0
977,2.0
978,2.0
978,2.0
979,2.0
979,2.0
980,2.0
980,2.0
981,2.0
981,2.0
981,2.0
982,2.0
982,2.0
982,2.0
983,2.0
983,2.0
983,2.0
984,2.0
984,2.0
984,2.0
985,2.0
985,2.0
985,2.0
986,2.0
986,2.0
986,2.0
987,2.0
987,2.0
987,2.0
988,2.0
988,2.0
988,2.0
988,2.0
989,2.0
989,2.0
989,2.0
990,2.0
990,2.0
990,2.0
990,2.0
991,2.0
991,2.0
991,2.0
991,2.0
991,2.0
992,2.0
992,2.0
992,2.0
992,2.0
992,2.0
993,2.0
993,2.0
993,2.0
993,2.0
994,2.0
994,2.0
994,2.0
994,2.0
995,2.0
995,2.0
995,2.0
995,2.0
996,2.0
996,2.0
996,2.0
996,2.0
997,2.0
997,2.0
997,2.0
997,2.0
998,2.0
998,2.0
998,2.0
998,7.0
998,2.0
999,2.0
999,2.0
999,2.0
999,2.0
999,7.0
1000,2.0
1000,2.0
1000,2.0
1000,2.0
1001,2.0
1001,2.0
1001,2.0
1001,2.0
1002,2.0
1002,2.0
1002,2.0
1002,2.0
1003,2.0
1003,2.0
1003,2.0
1003,2.0
1004,2.0
1004,2.0
1004,2.0
1004,2.0
1005,2.0
1005,2.0
1005,2.0
1005,2.0
1006,2.0
1006,2.0
1006,2.0
1006,2.0
1007,2.0
1007,2.0
1007,2.0
1007,2.0
1008,2.0
1008,2.0
1008,2.0
1008,2.0
1009,2.0
1009,2.0
1009,2.0
1009,2.0
1010,2.0
1010,2.0
1010,2.0
1010,2.0
1011,2.0
1011,2.0
1011,2.0
1011,2.0
1012,2.0
1012,2.0
1012,2.0
1012,2.0
1013,2.0
1013,2.0
1013,2.0
1013,2.0
1013,2.0
1014,2.0
1014,2.0
1014,2.0
1014,2.0
1015,2.0
1015,2.0
1015,2.0
1015,2.0
1016,2.0
1016,2.0
1016,2.0
1016,2.0
1017,2.0
1017,2.0
1017,2.0
1017,2.0
1017,2.0
1018,2.0
1018,2.0
1018,2.0
1018,2.0
1018,2.0
1019,2.0
1019,2.0
1019,2.0
1019,2.0
1019,2.0
1020,2.0
1020,2.0
1020,2.0
1021,2.0
1021,2.0
1021,2.0
1022,2.0
1022,2.0
1022,2.0
1022,2.0
1022,2.0
1023,2.0
1023,2.0
1023,2.0
1023,2.0
1024,2.0
1024,2.0
1024,2.0
1024,2.0
1025,2.0
1025,2.0
1025,2.0
1025,2.0
1026,2.0
1026,2.0
1026,2.0
1026,2.0
1027,2.0
1027,2.0
1027,2.0
1027,2.0
1028,2.0
1028,2.0
1029,2.0
1029,2.0
1030,2.0
1031,2.0
1031,2.0
1031,2.0
1032,2.0
1032,2.0
1032,2.0
1033,2.0
1033,2.0
1033,2.0
1034,2.0
1034,2.0
1034,2.0
1035,2.0
1035,2.0
1035,2.0
1036,2.0
1036,2.0
1037,2.0
1037,2.0
1038,2.0
1038,2.0
1039,2.0
1039,2.0
1040,2.0
1040,2.0
1041,2.0
1041,2.0
1042,2.0
1042,2.0
1043,2.0
1043,2.0
1044,2.0
1044,2.0
1045,2.0
1045,2.0
1046,2.0
1046,2.0
1047,2.0
1047,2.0
1048,2.0
1048,2.0
1049,2.0
1049,2.0
1050,2.0
1050,2.0
1051,2.0
1051,2.0
1052,2.0
1052,2.0
1052,2.0
1053,2.0
1053,2.0
1053,2.0
1054,2.0
1054,2.0
1055,2.0
1055,2.0
1056,2.0
1056,2.0
1057,2.0
1057,2.0
1058,2.0
1058,2.0
1059,2.0
1059,2.0
1060,2.0
1060,2.0
1061,2.0
1061,2.0
1062,2.0
1062,2.0
1062,2.0
1063,2.0
1063,2.0
1063,2.0
1064,2.0
1064,2.0
1065,2.0
1065,2.0
1066,2.0
1066,2.0
1067,2.0
1067,2.0
1068,2.0
1068,2.0
1069,2.0
1069,2.0
1070,2.0
1070,2.0
1071,2.0
1072,2.0
1072,2.0
1072,2.0
1073,2.0
1073,2.0
1073,2.0
1074,2.0
1074,2.0
1074,2.0
1075,2.0
1075,2.0
1075,2.0
1076,2.0
1076,2.0
1076,2.0
1077,2.0
1077,2.0
1078,2.0
1078,2.0
1079,2.0
1079,2.0
1080,2.0
1080,2.0
1081,2.0
1081,2.0
1082,2.0
1082,2.0
1083,2.0
1083,2.0
1084,2.0
1084,2.0
1084,2.0
1085,2.0
1085,2.0
1086,2.0
1086,2.0
1086,2.0
1087,2.0
1087,2.0
1087,2.0
1088,2.0
1088,2.0
1089,2.0
1089,2.0
1090,2.0
1091,2.0
1091,2.0
1092,2.0
1092,2.0
1093,2.0
1093,2.0
1094,2.0
1094,2.0
1095,2.0
1095,2.0
1096,2.0
1096,2.0
1097,2.0
1097,2.0
1098,2.0
1098,2.0
1099,2.0
1099,2.0
1100,2.0
1101,2.0
1102,2.0
1103,2.0
1104,2.0
1105,2.0
1106,2.0
1107,2.0
1108,2.0
1109,2.0
1110,2.0
1111,2.0
1112,2.0
1113,2.0
1114,2.0
1115,2.0
1116,2.0
1117,2.0
1118,2.0
1119,2.0
1120,2.0
1121,2.0
1122,2.0
1123,2.0
1124,2.0
1125,2.0
1126,2.0
1127,2.0
1128,2.0
1128,2.0
1129,2.0
1129,2.0
1130,2.0
1130,2.0
1131,2.0
1131,2.0
1132,2.0
1133,2.0
1133,2.0
1134,2.0
1134,2.0
1135,2.0
1135,2.0
1136,2.0
1136,2.0
1137,2.0
1137,2.0
1138,2.0
1138,2.0
1139,2.0
1139,2.0
1140,2.0
1140,2.0
1141,2.0
1141,2.0
1142,2.0
1142,2.0
1143,2.0
1143,2.0
1144,2.0
1144,2.0
1145,2.0
1145,2.0
1146,2.0
1146,2.0
1147,2.0
1147,2.0
1148,2.0
1148,2.0
1149,2.0
1149,2.0
1150,2.0
1150,2.0
1151,2.0
1151,2.0
1152,2.0
1152,2.0
1153,2.0
1153,2.0
1154,2.0
1155,2.0
1156,2.0
1157,2.0
1157,2.0
1158,2.0
1158,2.0
1159,2.0
1159,2.0
1160,2.0
1160,2.0
1161,2.0
1161,2.0
1162,2.0
1162,2.0
1163,2.0
1163,2.0
1164,2.0
1165,2.0
1166,2.0
1167,2.0
1167,2.0
1167,2.0
1168,2.0
1168,2.0
1169,2.0
1169,2.0
1170,2.0
1170,2.0
