1,2.0
1,2.0
1,2.0
1,2.0
2,2.0
2,2.0
2,2.0
2,2.0
3,2.0
3,2.0
3,2.0
3,2.0
4,2.0
4,2.0
4,2.0
4,2.0
5,2.0
5,2.0
5,2.0
5,2.0
6,2.0
6,2.0
6,2.0
6,2.0
7,2.0
7,2.0
7,2.0
7,2.0
8,2.0
8,2.0
8,2.0
8,2.0
9,2.0
9,2.0
9,2.0
9,2.0
10,2.0
10,2.0
10,2.0
10,2.0
11,2.0
11,2.0
11,2.0
11,2.0
12,2.0
12,2.0
12,2.0
13,2.0
13,2.0
13,2.0
14,2.0
14,2.0
14,2.0
15,2.0
15,2.0
15,2.0
16,2.0
16,2.0
16,2.0
17,2.0
17,2.0
17,2.0
18,2.0
18,2.0
18,2.0
19,2.0
19,2.0
19,2.0
20,2.0
20,2.0
20,2.0
21,2.0
21,2.0
21,2.0
22,2.0
22,2.0
22,2.0
23,2.0
23,2.0
23,2.0
24,2.0
24,2.0
24,2.0
25,2.0
25,2.0
25,2.0
26,2.0
26,2.0
26,2.0
27,2.0
27,2.0
27,2.0
28,2.0
28,2.0
28,2.0
29,2.0
29,2.0
29,2.0
30,2.0
30,2.0
30,2.0
31,2.0
31,2.0
31,2.0
32,2.0
32,2.0
32,2.0
33,2.0
33,2.0
33,2.0
34,2.0
34,2.0
34,2.0
35,2.0
35,2.0
35,2.0
36,2.0
36,2.0
36,2.0
37,2.0
37,2.0
37,2.0
38,2.0
38,2.0
38,2.0
39,2.0
39,2.0
39,2.0
40,2.0
40,2.0
40,2.0
41,2.0
41,2.0
41,2.0
42,2.0
42,2.0
42,2.0
43,2.0
43,2.0
43,2.0
44,2.0
44,2.0
44,2.0
45,2.0
45,2.0
45,2.0
46,2.0
46,2.0
46,2.0
47,2.0
47,2.0
47,2.0
48,2.0
48,2.0
48,2.0
49,2.0
49,2.0
49,2.0
50,2.0
50,2.0
50,2.0
51,2.0
51,2.0
51,2.0
52,2.0
52,2.0
52,2.0
53,2.0
53,2.0
53,2.0
54,2.0
54,2.0
54,2.0
55,2.0
55,2.0
55,2.0
56,2.0
56,2.0
56,2.0
57,2.0
57,2.0
57,2.0
58,2.0
58,2.0
58,2.0
59,2.0
59,2.0
59,2.0
60,2.0
60,2.0
60,2.0
61,2.0
61,2.0
61,2.0
62,2.0
62,2.0
62,2.0
63,2.0
63,2.0
63,2.0
64,2.0
64,2.0
64,2.0
65,2.0
65,2.0
65,2.0
66,2.0
66,2.0
66,2.0
67,2.0
67,2.0
67,2.0
68,2.0
68,2.0
68,2.0
69,2.0
69,2.0
69,2.0
70,2.0
70,2.0
70,2.0
71,2.0
71,2.0
71,2.0
72,2.0
72,2.0
72,2.0
73,2.0
73,2.0
73,2.0
74,2.0
74,2.0
74,2.0
75,2.0
75,2.0
75,2.0
76,2.0
76,2.0
76,2.0
76,2.0
77,2.0
77,2.0
77,2.0
78,2.0
78,2.0
78,2.0
78,2.0
79,2.0
79,2.0
79,2.0
80,2.0
80,2.0
80,2.0
81,2.0
81,2.0
81,2.0
82,2.0
82,2.0
82,2.0
83,2.0
83,2.0
83,2.0
83,2.0
84,2.0
84,2.0
84,2.0
84,2.0
85,2.0
85,2.0
85,2.0
85,2.0
85,2.0
86,2.0
86,2.0
86,2.0
86,2.0
86,2.0
87,2.0
87,2.0
87,2.0
87,2.0
87,2.0
88,2.0
88,2.0
88,2.0
88,2.0
88,2.0
89,2.0
89,2.0
89,2.0
89,7.0
89,2.0
89,2.0
90,2.0
90,2.0
90,2.0
90,7.0
90,2.0
90,2.0
91,2.0
91,2.0
91,2.0
91,2.0
91,2.0
92,2.0
92,2.0
92,2.0
92,2.0
92,2.0
93,2.0
93,2.0
93,2.0
93,2.0
93,2.0
94,2.0
94,2.0
94,2.0
94,7.0
94,2.0
95,2.0
95,2.0
95,2.0
95,2.0
95,7.0
95,2.0
96,2.0
96,2.0
96,2.0
96,2.0
96,7.0
96,2.0
97,2.0
97,2.0
97,2.0
97,7.0
97,2.0
97,2.0
98,2.0
98,2.0
98,2.0
98,7.0
98,2.0
99,2.0
99,2.0
99,2.0
99,7.0
99,2.0
100,2.0
100,2.0
100,2.0
100,2.0
100,7.0
100,2.0
101,2.0
101,2.0
101,2.0
101,7.0
101,2.0
101,2.0
102,2.0
102,2.0
102,2.0
102,7.0
102,2.0
102,2.0
103,2.0
103,2.0
103,2.0
103,7.0
103,7.0
104,2.0
104,2.0
104,2.0
104,7.0
104,7.0
104,2.0
105,2.0
105,2.0
105,2.0
105,7.0
105,7.0
105,2.0
106,2.0
106,2.0
106,2.0
106,7.0
106,7.0
106,2.0
107,2.0
107,2.0
107,2.0
107,7.0
107,2.0
107,2.0
108,2.0
108,2.0
108,2.0
108,7.0
108,2.0
108,2.0
109,2.0
109,2.0
109,2.0
109,2.0
109,7.0
109,2.0
110,2.0
110,2.0
110,2.0
110,2.0
110,7.0
110,2.0
111,2.0
111,2.0
111,2.0
111,2.0
111,7.0
111,2.0
112,2.0
112,2.0
112,2.0
112,7.0
112,2.0
112,2.0
113,2.0
113,2.0
113,2.0
113,7.0
113,2.0
114,2.0
114,2.0
114,2.0
114,7.0
114,2.0
115,2.0
115,2.0
115,2.0
115,7.0
116,2.0
116,2.0
116,2.0
116,7.0
117,2.0
117,2.0
117,2.0
117,7.0
118,2.0
118,2.0
118,2.0
118,7.0
119,2.0
119,2.0
119,7.0
119,2.0
120,2.0
120,2.0
120,7.0
120,2.0
121,2.0
121,2.0
121,7.0
122,7.0
122,2.0
122,2.0
123,7.0
123,2.0
123,2.0
124,7.0
124,2.0
124,2.0
125,7.0
125,2.0
125,2.0
126,7.0
126,2.0
126,2.0
127,7.0
127,2.0
127,2.0
128,7.0
128,2.0
128,2.0
129,7.0
129,2.0
129,2.0
130,2.0
130,2.0
130,7.0
131,2.0
131,2.0
131,7.0
132,2.0
132,2.0
132,7.0
133,2.0
133,2.0
133,7.0
134,2.0
134,2.0
134,7.0
135,2.0
135,2.0
135,7.0
136,2.0
136,2.0
136,7.0
137,2.0
137,2.0
137,7.0
138,2.0
138,2.0
138,7.0
139,2.0
139,2.0
139,7.0
140,2.0
140,2.0
140,5.0
140,7.0
141,2.0
141,2.0
141,5.0
141,7.0
142,2.0
142,2.0
142,7.0
143,2.0
143,2.0
143,7.0
144,2.0
144,2.0
144,7.0
145,2.0
145,2.0
145,7.0
146,2.0
146,2.0
146,7.0
147,2.0
147,2.0
147,7.0
148,2.0
148,2.0
148,7.0
149,2.0
149,2.0
149,7.0
150,2.0
150,2.0
150,7.0
151,2.0
151,2.0
151,7.0
151,2.0
152,2.0
152,2.0
152,7.0
152,2.0
152,2.0
153,2.0
153,2.0
153,7.0
153,2.0
153,2.0
154,2.0
154,2.0
154,7.0
154,2.0
155,2.0
155,2.0
155,7.0
155,2.0
156,2.0
156,2.0
156,7.0
156,2.0
157,2.0
157,2.0
157,7.0
157,2.0
158,2.0
158,2.0
158,2.0
158,7.0
159,2.0
159,2.0
159,2.0
159,7.0
160,2.0
160,2.0
160,7.0
160,2.0
161,2.0
161,2.0
161,7.0
161,2.0
162,2.0
162,2.0
162,7.0
162,2.0
163,2.0
163,2.0
163,7.0
163,2.0
164,2.0
164,2.0
164,2.0
164,7.0
164,2.0
165,2.0
165,2.0
165,2.0
165,2.0
165,7.0
166,2.0
166,2.0
166,2.0
166,2.0
167,2.0
167,2.0
167,2.0
167,2.0
168,2.0
168,2.0
168,2.0
168,2.0
169,2.0
169,2.0
169,7.0
169,2.0
170,2.0
170,2.0
170,7.0
170,2.0
171,2.0
171,2.0
171,7.0
171,2.0
172,2.0
172,2.0
172,7.0
172,2.0
173,2.0
173,2.0
173,7.0
173,2.0
174,2.0
174,2.0
174,7.0
174,2.0
175,2.0
175,2.0
175,7.0
175,2.0
175,2.0
176,2.0
176,2.0
176,2.0
176,7.0
176,2.0
177,2.0
177,2.0
177,2.0
177,7.0
177,2.0
178,2.0
178,2.0
178,7.0
178,2.0
179,2.0
179,2.0
179,2.0
179,2.0
179,7.0
180,2.0
180,2.0
180,2.0
180,2.0
180,7.0
181,2.0
181,2.0
181,2.0
181,2.0
181,7.0
182,2.0
182,2.0
182,2.0
182,7.0
182,2.0
183,2.0
183,2.0
183,2.0
183,7.0
183,2.0
184,2.0
184,2.0
184,2.0
184,7.0
184,2.0
185,2.0
185,7.0
185,2.0
185,2.0
186,2.0
186,7.0
186,2.0
186,2.0
187,2.0
187,2.0
187,7.0
187,2.0
188,2.0
188,2.0
188,7.0
188,2.0
189,2.0
189,2.0
189,7.0
189,2.0
190,2.0
190,7.0
190,2.0
190,2.0
191,2.0
191,7.0
191,2.0
191,2.0
192,2.0
192,7.0
192,2.0
192,2.0
193,2.0
193,2.0
193,7.0
193,2.0
194,2.0
194,2.0
194,2.0
194,7.0
195,2.0
195,2.0
195,2.0
195,7.0
196,2.0
196,2.0
196,2.0
197,2.0
197,2.0
197,2.0
198,2.0
198,2.0
198,2.0
199,2.0
199,2.0
199,2.0
200,2.0
200,2.0
200,2.0
201,2.0
201,2.0
201,2.0
202,2.0
202,2.0
202,2.0
202,7.0
203,2.0
203,2.0
203,7.0
203,2.0
204,2.0
204,2.0
204,7.0
204,2.0
205,2.0
205,2.0
205,2.0
206,2.0
206,2.0
206,2.0
207,2.0
207,2.0
207,2.0
208,2.0
208,2.0
208,2.0
209,2.0
209,2.0
209,2.0
210,2.0
210,2.0
210,2.0
211,2.0
211,2.0
211,2.0
211,7.0
212,2.0
212,2.0
212,7.0
212,2.0
213,2.0
213,2.0
213,2.0
213,7.0
214,2.0
214,2.0
214,2.0
214,7.0
214,2.0
215,2.0
215,2.0
215,2.0
215,2.0
215,7.0
216,2.0
216,2.0
216,2.0
216,2.0
216,7.0
217,2.0
217,2.0
217,2.0
217,2.0
218,2.0
218,2.0
218,2.0
218,2.0
218,7.0
219,2.0
219,2.0
219,2.0
219,2.0
219,7.0
220,2.0
220,2.0
220,2.0
220,7.0
220,2.0
221,2.0
221,2.0
221,2.0
221,2.0
222,2.0
222,2.0
222,2.0
222,2.0
223,2.0
223,2.0
223,2.0
223,2.0
224,2.0
224,2.0
224,2.0
224,2.0
225,2.0
225,2.0
225,2.0
225,2.0
226,2.0
226,2.0
226,2.0
226,2.0
226,2.0
227,2.0
227,2.0
227,2.0
227,2.0
228,2.0
228,2.0
228,2.0
228,2.0
229,2.0
229,2.0
229,2.0
229,2.0
229,2.0
229,7.0
230,2.0
230,2.0
230,2.0
230,2.0
230,2.0
230,7.0
231,2.0
231,2.0
231,2.0
231,2.0
231,2.0
231,7.0
232,2.0
232,2.0
232,2.0
232,2.0
232,2.0
232,7.0
233,2.0
233,2.0
233,2.0
233,2.0
233,7.0
233,2.0
234,2.0
234,2.0
234,2.0
234,2.0
234,7.0
234,2.0
235,2.0
235,2.0
235,2.0
235,2.0
235,7.0
235,2.0
236,2.0
236,2.0
236,2.0
236,2.0
236,2.0
236,7.0
237,2.0
237,2.0
237,2.0
237,2.0
237,2.0
237,7.0
238,2.0
238,2.0
238,2.0
238,2.0
238,2.0
238,5.0
239,2.0
239,2.0
239,2.0
239,2.0
239,2.0
239,5.0
240,2.0
240,2.0
240,2.0
240,2.0
240,2.0
240,5.0
241,2.0
241,2.0
241,2.0
241,2.0
241,5.0
241,2.0
242,2.0
242,2.0
242,2.0
242,2.0
242,2.0
243,2.0
243,2.0
243,2.0
243,2.0
243,2.0
244,2.0
244,2.0
244,2.0
244,2.0
244,2.0
244,5.0
245,2.0
245,2.0
245,2.0
245,2.0
245,2.0
245,5.0
246,2.0
246,2.0
246,2.0
246,2.0
246,2.0
246,5.0
247,2.0
247,2.0
247,2.0
247,2.0
247,2.0
248,2.0
248,2.0
248,2.0
248,2.0
249,2.0
249,2.0
249,2.0
249,2.0
250,2.0
250,2.0
250,2.0
250,2.0
251,2.0
251,2.0
251,2.0
252,2.0
252,2.0
252,2.0
253,2.0
253,2.0
253,2.0
254,2.0
254,2.0
254,2.0
254,5.0
255,2.0
255,2.0
255,2.0
255,5.0
256,2.0
256,2.0
256,2.0
257,2.0
257,2.0
257,2.0
257,2.0
258,2.0
258,2.0
258,2.0
258,2.0
259,2.0
259,2.0
259,2.0
259,2.0
259,5.0
260,2.0
260,2.0
260,2.0
260,2.0
261,2.0
261,2.0
261,2.0
261,2.0
262,2.0
262,2.0
262,2.0
262,2.0
262,5.0
263,2.0
263,2.0
263,2.0
264,2.0
264,2.0
264,2.0
265,2.0
265,2.0
265,2.0
265,5.0
266,2.0
266,2.0
266,2.0
266,5.0
267,2.0
267,2.0
267,2.0
267,5.0
267,2.0
268,2.0
268,2.0
268,2.0
268,5.0
268,2.0
269,2.0
269,2.0
269,2.0
269,5.0
270,2.0
270,2.0
270,2.0
270,5.0
271,2.0
271,2.0
271,2.0
271,5.0
272,2.0
272,2.0
272,2.0
272,5.0
272,2.0
273,2.0
273,2.0
273,2.0
273,5.0
273,2.0
274,2.0
274,2.0
274,2.0
274,5.0
274,2.0
274,7.0
275,2.0
275,2.0
275,2.0
275,5.0
275,2.0
275,7.0
276,2.0
276,2.0
276,2.0
276,5.0
276,2.0
276,7.0
277,2.0
277,2.0
277,2.0
277,5.0
277,2.0
278,2.0
278,2.0
278,2.0
278,5.0
278,2.0
279,2.0
279,2.0
279,2.0
279,5.0
279,2.0
280,2.0
280,2.0
280,2.0
280,5.0
280,2.0
281,2.0
281,2.0
281,2.0
281,5.0
281,2.0
282,2.0
282,2.0
282,2.0
282,5.0
282,2.0
283,2.0
283,2.0
283,2.0
283,5.0
283,2.0
284,2.0
284,2.0
284,2.0
284,2.0
284,5.0
285,2.0
285,2.0
285,2.0
285,2.0
285,5.0
286,2.0
286,2.0
286,2.0
286,2.0
286,5.0
287,2.0
287,2.0
287,2.0
287,2.0
287,7.0
288,2.0
288,2.0
288,2.0
288,2.0
288,7.0
289,2.0
289,2.0
289,2.0
289,2.0
289,5.0
289,7.0
290,2.0
290,2.0
290,2.0
290,2.0
290,7.0
291,2.0
291,2.0
291,2.0
291,2.0
291,7.0
292,2.0
292,2.0
292,2.0
292,7.0
292,2.0
293,2.0
293,2.0
293,2.0
293,7.0
293,2.0
294,2.0
294,2.0
294,2.0
294,7.0
294,2.0
295,2.0
295,2.0
295,2.0
295,7.0
295,2.0
296,2.0
296,2.0
296,2.0
296,7.0
296,2.0
297,2.0
297,2.0
297,2.0
297,7.0
297,2.0
298,2.0
298,2.0
298,2.0
298,7.0
298,2.0
299,2.0
299,2.0
299,2.0
299,7.0
299,2.0
300,2.0
300,2.0
300,2.0
300,7.0
300,2.0
301,2.0
301,2.0
301,2.0
301,7.0
301,2.0
302,2.0
302,2.0
302,2.0
302,7.0
303,2.0
303,2.0
303,2.0
303,7.0
304,2.0
304,2.0
304,2.0
304,7.0
305,2.0
305,2.0
305,2.0
305,7.0
306,2.0
306,2.0
306,2.0
306,7.0
307,2.0
307,2.0
307,2.0
307,7.0
308,2.0
308,2.0
308,2.0
308,7.0
309,2.0
309,2.0
309,2.0
309,7.0
310,2.0
310,2.0
310,2.0
310,7.0
311,2.0
311,2.0
311,2.0
311,7.0
312,2.0
312,2.0
312,2.0
312,7.0
313,2.0
313,2.0
313,2.0
313,7.0
314,2.0
314,2.0
314,2.0
314,7.0
315,2.0
315,2.0
315,2.0
315,7.0
316,2.0
316,2.0
316,2.0
316,7.0
317,2.0
317,2.0
317,2.0
317,7.0
317,5.0
318,2.0
318,2.0
318,2.0
318,7.0
318,5.0
319,2.0
319,2.0
319,2.0
319,7.0
319,5.0
320,2.0
320,2.0
320,2.0
320,7.0
321,2.0
321,2.0
321,2.0
321,5.0
321,7.0
322,2.0
322,2.0
322,2.0
323,2.0
323,2.0
323,2.0
323,5.0
324,2.0
324,2.0
324,2.0
324,5.0
325,2.0
325,2.0
325,2.0
325,5.0
326,2.0
326,2.0
326,2.0
326,5.0
327,2.0
327,2.0
327,2.0
327,5.0
328,2.0
328,2.0
328,2.0
328,5.0
329,2.0
329,2.0
329,2.0
329,5.0
330,2.0
330,2.0
330,2.0
330,5.0
331,2.0
331,2.0
331,2.0
331,5.0
332,2.0
332,2.0
332,2.0
332,5.0
333,2.0
333,2.0
333,2.0
333,5.0
334,2.0
334,2.0
334,2.0
334,5.0
335,2.0
335,2.0
335,2.0
335,5.0
336,2.0
336,2.0
336,2.0
336,5.0
337,2.0
337,2.0
337,2.0
338,2.0
338,2.0
338,2.0
339,2.0
339,2.0
339,2.0
340,2.0
340,2.0
340,2.0
341,2.0
341,2.0
341,2.0
342,2.0
342,2.0
342,2.0
343,2.0
343,2.0
343,2.0
344,2.0
344,2.0
344,2.0
345,2.0
345,2.0
345,2.0
346,2.0
346,2.0
346,2.0
347,2.0
347,2.0
347,2.0
348,2.0
348,2.0
348,2.0
349,2.0
349,2.0
349,2.0
350,2.0
350,2.0
350,2.0
351,2.0
351,2.0
351,2.0
352,2.0
352,2.0
352,2.0
352,7.0
353,2.0
353,2.0
353,2.0
354,2.0
354,2.0
354,2.0
354,7.0
355,2.0
355,2.0
355,2.0
356,2.0
356,2.0
356,2.0
357,2.0
357,2.0
357,2.0
358,2.0
358,2.0
358,2.0
359,2.0
359,2.0
359,2.0
360,2.0
360,2.0
360,2.0
361,2.0
361,2.0
361,2.0
362,2.0
362,2.0
362,2.0
363,2.0
363,2.0
363,2.0
364,2.0
364,2.0
364,2.0
365,2.0
365,2.0
365,2.0
366,2.0
366,2.0
366,2.0
367,2.0
367,2.0
367,2.0
368,2.0
368,2.0
368,2.0
369,2.0
369,2.0
369,2.0
370,2.0
370,2.0
370,2.0
371,2.0
371,2.0
371,2.0
372,2.0
372,2.0
372,2.0
373,2.0
373,2.0
373,2.0
374,2.0
374,2.0
374,2.0
375,2.0
375,2.0
375,2.0
376,2.0
376,2.0
376,2.0
377,2.0
377,2.0
377,2.0
378,2.0
378,2.0
378,2.0
379,2.0
379,2.0
379,2.0
380,2.0
380,2.0
380,2.0
381,2.0
381,2.0
381,2.0
382,2.0
382,2.0
382,2.0
382,5.0
383,2.0
383,2.0
383,2.0
383,5.0
384,2.0
384,2.0
384,2.0
384,5.0
385,2.0
385,2.0
385,2.0
385,5.0
386,2.0
386,2.0
386,2.0
386,5.0
387,2.0
387,2.0
387,2.0
387,5.0
388,2.0
388,2.0
388,2.0
388,5.0
389,2.0
389,2.0
389,2.0
389,5.0
390,2.0
390,2.0
390,2.0
390,5.0
391,2.0
391,2.0
391,2.0
391,5.0
392,2.0
392,2.0
392,2.0
392,5.0
393,2.0
393,2.0
393,2.0
393,5.0
394,2.0
394,2.0
394,2.0
394,5.0
395,2.0
395,2.0
395,2.0
395,5.0
396,2.0
396,2.0
396,2.0
396,5.0
397,2.0
397,2.0
397,2.0
397,5.0
398,2.0
398,2.0
398,2.0
398,5.0
398,2.0
399,2.0
399,2.0
399,2.0
399,5.0
399,2.0
400,2.0
400,2.0
400,2.0
400,5.0
401,2.0
401,2.0
401,2.0
401,5.0
401,2.0
402,2.0
402,2.0
402,2.0
402,5.0
402,2.0
403,2.0
403,2.0
403,2.0
403,5.0
403,2.0
404,2.0
404,2.0
404,2.0
404,5.0
404,2.0
405,2.0
405,2.0
405,2.0
405,5.0
405,2.0
406,2.0
406,2.0
406,2.0
406,5.0
406,2.0
407,2.0
407,2.0
407,2.0
407,5.0
408,2.0
408,2.0
408,2.0
408,5.0
409,2.0
409,2.0
409,2.0
409,5.0
409,7.0
410,2.0
410,2.0
410,2.0
410,5.0
411,2.0
411,2.0
411,2.0
411,5.0
412,2.0
412,2.0
412,2.0
412,5.0
413,2.0
413,2.0
413,2.0
413,5.0
414,2.0
414,2.0
414,2.0
414,5.0
415,2.0
415,2.0
415,2.0
415,5.0
416,2.0
416,2.0
416,2.0
416,5.0
417,2.0
417,2.0
417,2.0
417,5.0
418,2.0
418,2.0
418,2.0
418,5.0
419,2.0
419,2.0
419,2.0
419,5.0
420,2.0
420,2.0
420,2.0
420,5.0
421,2.0
421,2.0
421,2.0
421,5.0
422,2.0
422,2.0
422,2.0
422,5.0
422,2.0
423,2.0
423,2.0
423,2.0
423,5.0
423,2.0
424,2.0
424,2.0
424,2.0
424,5.0
425,2.0
425,2.0
425,2.0
425,5.0
425,2.0
426,2.0
426,2.0
426,2.0
426,5.0
426,2.0
427,2.0
427,2.0
427,2.0
427,5.0
427,2.0
428,2.0
428,2.0
428,2.0
428,5.0
428,2.0
429,2.0
429,2.0
429,2.0
429,5.0
429,2.0
430,2.0
430,2.0
430,2.0
430,5.0
431,2.0
431,2.0
431,2.0
431,5.0
432,2.0
432,2.0
432,2.0
432,5.0
433,2.0
433,2.0
433,2.0
433,5.0
433,2.0
434,2.0
434,2.0
434,2.0
434,5.0
435,2.0
435,2.0
435,2.0
435,5.0
436,2.0
436,2.0
436,2.0
436,5.0
436,2.0
437,2.0
437,2.0
437,2.0
437,5.0
437,2.0
438,2.0
438,2.0
438,2.0
438,5.0
438,2.0
439,2.0
439,2.0
439,2.0
439,5.0
439,2.0
440,2.0
440,2.0
440,2.0
440,5.0
441,2.0
441,2.0
441,2.0
441,5.0
442,2.0
442,2.0
442,2.0
442,5.0
442,2.0
443,2.0
443,2.0
443,2.0
443,5.0
443,2.0
444,2.0
444,2.0
444,2.0
444,5.0
444,2.0
445,2.0
445,2.0
445,2.0
445,5.0
445,2.0
446,2.0
446,2.0
446,2.0
446,5.0
446,2.0
447,2.0
447,2.0
447,2.0
447,5.0
447,2.0
448,2.0
448,2.0
448,2.0
448,5.0
448,2.0
