1,0.0
1,56.0
1,62.0
1,0.0
2,0.0
2,56.0
2,62.0
2,0.0
3,0.0
3,56.0
3,62.0
4,0.0
4,56.0
4,62.0
4,56.0
5,0.0
5,56.0
6,0.0
6,56.0
7,0.0
7,56.0
8,0.0
8,56.0
9,0.0
9,56.0
10,0.0
10,56.0
10,56.0
11,0.0
11,56.0
11,56.0
12,0.0
12,56.0
12,56.0
12,0.0
13,0.0
13,56.0
13,56.0
13,62.0
14,0.0
14,56.0
14,56.0
15,0.0
15,56.0
16,56.0
16,0.0
17,0.0
17,56.0
18,56.0
18,0.0
19,56.0
19,0.0
20,0.0
20,56.0
20,62.0
20,56.0
21,0.0
21,56.0
21,62.0
21,0.0
22,0.0
22,56.0
22,56.0
22,62.0
23,0.0
23,56.0
23,56.0
23,62.0
24,0.0
24,56.0
24,56.0
24,62.0
25,0.0
25,56.0
25,56.0
26,0.0
26,56.0
26,56.0
27,0.0
27,56.0
27,56.0
28,0.0
28,56.0
28,56.0
28,0.0
29,0.0
29,56.0
29,56.0
30,0.0
30,56.0
30,56.0
31,0.0
31,56.0
31,56.0
32,0.0
32,56.0
32,56.0
33,0.0
33,56.0
34,0.0
34,56.0
35,0.0
35,56.0
36,0.0
36,56.0
36,56.0
37,0.0
37,56.0
37,56.0
38,0.0
38,56.0
38,56.0
39,0.0
39,56.0
39,56.0
40,0.0
40,56.0
40,56.0
40,62.0
41,0.0
41,56.0
41,56.0
41,62.0
42,0.0
42,56.0
42,56.0
42,62.0
43,0.0
43,56.0
43,56.0
43,62.0
44,0.0
44,56.0
44,56.0
44,62.0
45,0.0
45,56.0
45,56.0
45,62.0
46,0.0
46,56.0
46,62.0
47,0.0
47,56.0
47,62.0
48,0.0
48,56.0
48,62.0
48,56.0
49,0.0
49,56.0
49,56.0
49,62.0
50,0.0
50,56.0
50,56.0
50,62.0
51,0.0
51,56.0
51,56.0
51,62.0
52,0.0
52,56.0
52,56.0
52,62.0
53,0.0
53,56.0
53,56.0
53,62.0
54,0.0
54,56.0
54,56.0
55,0.0
55,56.0
55,56.0
56,0.0
56,56.0
56,56.0
57,0.0
57,56.0
57,56.0
58,0.0
58,56.0
58,56.0
59,0.0
59,56.0
59,56.0
60,0.0
60,56.0
60,56.0
61,0.0
61,56.0
61,56.0
62,0.0
62,56.0
62,56.0
63,0.0
63,56.0
63,56.0
64,0.0
64,56.0
64,56.0
65,0.0
65,56.0
65,56.0
66,0.0
66,56.0
66,56.0
67,0.0
67,56.0
67,56.0
68,0.0
68,56.0
68,56.0
69,0.0
69,56.0
69,56.0
70,0.0
70,56.0
70,56.0
71,0.0
71,56.0
71,56.0
72,0.0
72,56.0
72,56.0
73,0.0
73,56.0
73,56.0
74,0.0
74,56.0
74,56.0
75,0.0
75,56.0
75,56.0
76,0.0
76,56.0
76,56.0
77,0.0
77,56.0
77,56.0
78,0.0
78,56.0
78,56.0
79,0.0
79,56.0
79,56.0
80,0.0
80,56.0
80,56.0
81,0.0
81,56.0
81,56.0
82,0.0
82,56.0
82,56.0
83,0.0
83,56.0
83,56.0
84,0.0
84,56.0
84,56.0
85,0.0
85,56.0
85,56.0
86,0.0
86,56.0
86,56.0
87,0.0
87,56.0
87,56.0
88,0.0
88,56.0
88,56.0
89,0.0
89,56.0
89,56.0
90,0.0
90,56.0
90,56.0
91,0.0
91,56.0
92,0.0
92,56.0
93,0.0
93,56.0
94,0.0
94,56.0
95,0.0
95,56.0
96,0.0
96,56.0
97,0.0
97,56.0
98,0.0
98,56.0
99,0.0
99,56.0
100,0.0
100,56.0
100,56.0
101,0.0
101,56.0
101,56.0
102,0.0
102,56.0
102,56.0
103,0.0
103,56.0
103,56.0
104,0.0
104,56.0
104,56.0
105,0.0
105,56.0
105,56.0
106,0.0
106,56.0
106,56.0
107,0.0
107,56.0
107,56.0
108,0.0
108,56.0
108,56.0
109,0.0
109,56.0
109,56.0
110,0.0
110,56.0
110,56.0
111,0.0
111,56.0
111,56.0
112,0.0
112,56.0
112,56.0
113,0.0
113,56.0
113,56.0
114,0.0
114,56.0
114,56.0
114,0.0
115,0.0
115,56.0
115,56.0
116,0.0
116,56.0
116,56.0
117,0.0
117,56.0
117,56.0
118,0.0
118,56.0
119,0.0
119,56.0
120,0.0
120,56.0
121,0.0
121,56.0
122,0.0
122,56.0
123,0.0
123,56.0
123,56.0
123,0.0
124,0.0
124,56.0
124,56.0
124,0.0
125,0.0
125,56.0
125,56.0
125,0.0
126,0.0
126,56.0
126,56.0
126,0.0
127,0.0
127,56.0
127,56.0
127,0.0
128,0.0
128,56.0
128,56.0
129,0.0
129,56.0
129,56.0
130,0.0
130,56.0
130,56.0
131,0.0
131,56.0
131,56.0
132,0.0
132,56.0
132,56.0
133,0.0
133,56.0
133,56.0
134,0.0
134,56.0
134,56.0
135,0.0
135,56.0
135,56.0
136,0.0
136,56.0
136,56.0
137,0.0
137,56.0
137,56.0
138,0.0
138,56.0
138,56.0
139,0.0
139,56.0
139,56.0
140,0.0
140,56.0
140,56.0
141,0.0
141,56.0
141,56.0
142,0.0
142,56.0
142,56.0
142,63.0
143,0.0
143,56.0
143,56.0
143,63.0
144,0.0
144,56.0
144,56.0
144,63.0
145,0.0
145,56.0
145,56.0
146,0.0
146,56.0
146,56.0
147,0.0
147,56.0
147,56.0
148,0.0
148,56.0
148,56.0
149,0.0
149,56.0
149,56.0
150,0.0
150,56.0
150,56.0
151,0.0
151,56.0
151,56.0
152,0.0
152,56.0
152,56.0
153,0.0
153,56.0
153,56.0
154,0.0
154,56.0
154,56.0
155,0.0
155,56.0
155,56.0
156,0.0
156,56.0
156,56.0
157,0.0
157,56.0
157,56.0
157,0.0
158,0.0
158,56.0
158,0.0
158,56.0
159,0.0
159,0.0
159,56.0
159,56.0
160,0.0
160,0.0
160,56.0
160,56.0
161,0.0
161,0.0
161,56.0
161,56.0
162,56.0
162,0.0
162,0.0
162,56.0
163,56.0
163,0.0
163,0.0
163,56.0
164,0.0
164,0.0
164,56.0
164,56.0
165,0.0
165,0.0
165,56.0
165,56.0
166,0.0
166,0.0
166,56.0
166,56.0
167,0.0
167,0.0
167,56.0
167,56.0
168,0.0
168,0.0
168,56.0
168,56.0
169,0.0
169,0.0
169,56.0
169,56.0
169,62.0
170,0.0
170,0.0
170,56.0
170,56.0
170,62.0
171,0.0
171,56.0
172,0.0
172,56.0
173,0.0
173,56.0
174,0.0
174,56.0
175,0.0
175,56.0
176,0.0
176,56.0
177,0.0
177,56.0
178,0.0
178,56.0
179,0.0
179,56.0
180,0.0
180,56.0
181,0.0
181,56.0
182,0.0
182,56.0
183,0.0
183,56.0
184,0.0
184,56.0
185,0.0
185,56.0
186,0.0
186,56.0
187,0.0
187,56.0
188,0.0
188,56.0
189,0.0
189,56.0
190,0.0
190,56.0
191,0.0
191,56.0
192,0.0
192,56.0
193,0.0
193,56.0
193,0.0
194,0.0
194,56.0
194,0.0
195,0.0
195,56.0
195,0.0
196,0.0
196,56.0
196,0.0
197,0.0
197,56.0
197,0.0
198,0.0
198,56.0
198,0.0
199,0.0
199,56.0
199,0.0
200,0.0
200,56.0
200,0.0
200,62.0
201,0.0
201,56.0
201,0.0
201,62.0
202,0.0
202,0.0
202,56.0
202,56.0
203,0.0
203,0.0
203,56.0
203,56.0
204,0.0
204,0.0
204,56.0
204,56.0
205,0.0
205,56.0
205,56.0
205,62.0
206,0.0
206,56.0
206,56.0
206,62.0
206,0.0
207,0.0
207,56.0
207,0.0
207,56.0
208,0.0
208,56.0
208,0.0
208,56.0
209,0.0
209,56.0
209,0.0
209,56.0
210,0.0
210,56.0
210,0.0
210,62.0
211,0.0
211,56.0
211,0.0
211,62.0
212,0.0
212,56.0
212,0.0
212,56.0
213,0.0
213,0.0
213,56.0
213,56.0
214,0.0
214,56.0
214,0.0
215,0.0
215,56.0
215,0.0
216,0.0
216,56.0
216,0.0
217,0.0
217,0.0
217,56.0
217,62.0
217,56.0
218,0.0
218,0.0
218,56.0
218,62.0
218,56.0
219,0.0
219,0.0
219,56.0
219,62.0
220,0.0
220,0.0
220,56.0
220,62.0
221,0.0
221,0.0
221,56.0
221,62.0
222,0.0
222,0.0
222,56.0
222,62.0
223,0.0
223,0.0
223,56.0
224,0.0
224,0.0
224,56.0
224,62.0
225,0.0
225,0.0
225,56.0
225,62.0
226,0.0
226,0.0
226,56.0
226,62.0
227,0.0
227,0.0
227,56.0
227,62.0
228,0.0
228,0.0
228,56.0
228,62.0
229,0.0
229,0.0
229,56.0
229,62.0
230,0.0
230,56.0
230,62.0
230,56.0
231,0.0
231,56.0
231,62.0
232,0.0
232,56.0
232,62.0
233,0.0
233,56.0
233,62.0
233,56.0
234,0.0
234,56.0
234,62.0
234,56.0
235,0.0
235,56.0
235,62.0
235,56.0
236,0.0
236,56.0
236,62.0
236,56.0
237,0.0
237,0.0
237,56.0
237,62.0
238,0.0
238,0.0
238,56.0
238,62.0
239,0.0
239,0.0
239,56.0
239,62.0
240,0.0
240,0.0
240,56.0
240,62.0
241,0.0
241,0.0
241,56.0
241,62.0
242,0.0
242,56.0
242,0.0
242,62.0
243,0.0
243,56.0
243,0.0
243,62.0
243,0.0
244,0.0
244,56.0
244,0.0
244,62.0
245,0.0
245,56.0
245,0.0
245,62.0
246,0.0
246,0.0
246,56.0
246,62.0
247,0.0
247,0.0
247,56.0
247,62.0
248,0.0
248,0.0
248,56.0
248,62.0
249,0.0
249,0.0
249,56.0
249,62.0
250,0.0
250,0.0
250,56.0
250,62.0
251,0.0
251,0.0
251,56.0
251,62.0
252,0.0
252,0.0
252,56.0
252,62.0
253,0.0
253,0.0
253,0.0
253,56.0
253,62.0
254,0.0
254,0.0
254,0.0
254,56.0
254,62.0
255,0.0
255,0.0
255,56.0
255,0.0
255,62.0
256,0.0
256,0.0
256,56.0
256,0.0
256,62.0
257,0.0
257,0.0
257,56.0
257,0.0
257,62.0
258,0.0
258,0.0
258,56.0
258,0.0
259,0.0
259,0.0
259,56.0
259,0.0
260,0.0
260,0.0
260,56.0
260,0.0
261,0.0
261,0.0
261,56.0
261,0.0
262,0.0
262,0.0
262,0.0
262,56.0
263,0.0
263,0.0
263,0.0
263,56.0
264,0.0
264,0.0
264,0.0
264,56.0
265,0.0
265,0.0
265,0.0
265,56.0
266,0.0
266,0.0
266,0.0
266,56.0
267,0.0
267,0.0
267,0.0
267,56.0
268,0.0
268,0.0
268,0.0
268,56.0
269,0.0
269,0.0
269,0.0
269,56.0
270,0.0
271,0.0
272,0.0
272,0.0
272,63.0
272,56.0
273,0.0
273,0.0
273,63.0
273,56.0
274,0.0
274,56.0
274,0.0
274,0.0
275,0.0
275,56.0
275,0.0
275,0.0
276,0.0
276,0.0
276,56.0
276,0.0
277,0.0
277,56.0
277,0.0
277,62.0
278,0.0
278,56.0
278,0.0
278,62.0
279,0.0
279,56.0
279,62.0
279,0.0
279,0.0
280,0.0
280,56.0
280,62.0
280,0.0
280,0.0
281,0.0
281,56.0
281,62.0
281,0.0
281,0.0
282,0.0
282,56.0
282,62.0
282,0.0
283,0.0
283,56.0
283,62.0
283,0.0
284,0.0
284,56.0
284,62.0
284,0.0
285,0.0
285,56.0
285,62.0
285,0.0
286,0.0
286,56.0
286,62.0
286,64.0
287,0.0
287,56.0
287,62.0
287,64.0
288,0.0
288,56.0
288,62.0
288,64.0
289,0.0
289,62.0
289,56.0
289,64.0
290,0.0
290,62.0
290,56.0
290,64.0
291,62.0
292,62.0
293,62.0
294,62.0
294,0.0
295,0.0
295,62.0
296,0.0
296,62.0
297,62.0
297,0.0
297,64.0
297,0.0
298,62.0
298,0.0
298,0.0
298,64.0
299,62.0
299,0.0
299,0.0
299,64.0
300,0.0
300,0.0
300,62.0
300,64.0
300,56.0
300,56.0
301,0.0
301,62.0
301,0.0
301,64.0
301,56.0
301,56.0
302,0.0
302,62.0
302,0.0
302,56.0
302,64.0
302,56.0
303,0.0
303,62.0
303,0.0
303,56.0
303,64.0
303,56.0
304,0.0
304,62.0
304,0.0
304,56.0
304,64.0
304,56.0
305,0.0
305,62.0
305,0.0
305,56.0
305,64.0
305,56.0
306,0.0
306,62.0
306,56.0
306,0.0
306,64.0
306,56.0
307,62.0
307,56.0
307,64.0
307,0.0
307,0.0
308,62.0
308,56.0
308,64.0
308,0.0
308,0.0
309,62.0
309,56.0
309,64.0
309,0.0
309,56.0
310,62.0
310,56.0
310,64.0
310,0.0
310,56.0
311,62.0
311,56.0
311,64.0
311,0.0
311,56.0
312,62.0
312,0.0
312,56.0
312,64.0
312,56.0
313,62.0
313,0.0
313,56.0
313,64.0
313,56.0
314,0.0
314,62.0
314,56.0
314,0.0
314,64.0
315,0.0
315,62.0
315,0.0
315,56.0
315,64.0
316,0.0
316,62.0
316,56.0
316,64.0
316,0.0
317,0.0
317,62.0
317,56.0
317,64.0
317,0.0
318,62.0
318,0.0
318,56.0
318,64.0
318,0.0
319,0.0
319,62.0
319,56.0
319,64.0
319,0.0
320,0.0
320,62.0
320,56.0
320,64.0
321,0.0
321,62.0
321,56.0
321,0.0
321,64.0
322,0.0
322,62.0
322,0.0
322,56.0
322,64.0
323,0.0
323,62.0
323,0.0
323,56.0
323,64.0
324,0.0
324,62.0
324,0.0
324,56.0
325,0.0
325,62.0
325,0.0
325,56.0
326,0.0
326,62.0
326,0.0
326,56.0
327,0.0
327,62.0
327,0.0
327,56.0
328,0.0
328,62.0
328,63.0
328,0.0
329,0.0
329,63.0
329,62.0
330,0.0
330,63.0
330,62.0
330,56.0
331,0.0
331,62.0
331,63.0
332,0.0
332,62.0
332,63.0
332,0.0
333,0.0
333,62.0
333,0.0
334,0.0
334,62.0
334,0.0
335,0.0
335,62.0
335,0.0
336,0.0
336,62.0
336,0.0
337,0.0
337,0.0
337,62.0
338,0.0
338,0.0
338,62.0
339,0.0
339,0.0
339,62.0
340,0.0
340,0.0
340,62.0
341,0.0
341,0.0
341,62.0
342,0.0
342,0.0
342,62.0
343,0.0
343,0.0
343,62.0
344,0.0
344,0.0
344,62.0
345,0.0
345,0.0
345,64.0
345,63.0
346,0.0
346,0.0
346,64.0
346,63.0
347,0.0
347,0.0
347,64.0
347,63.0
348,0.0
348,0.0
348,62.0
349,0.0
349,0.0
349,62.0
350,0.0
350,0.0
350,62.0
350,64.0
350,56.0
351,0.0
351,0.0
351,62.0
351,64.0
352,0.0
352,0.0
352,62.0
352,64.0
352,56.0
352,56.0
353,0.0
353,0.0
353,62.0
353,64.0
353,56.0
353,56.0
354,0.0
354,0.0
354,62.0
354,56.0
354,64.0
354,56.0
355,0.0
355,0.0
355,62.0
355,56.0
355,64.0
355,56.0
356,0.0
356,56.0
356,64.0
356,62.0
356,56.0
357,0.0
357,56.0
357,64.0
357,62.0
357,56.0
358,0.0
358,56.0
358,62.0
358,0.0
358,64.0
358,39.0
359,0.0
359,56.0
359,62.0
359,0.0
359,64.0
359,39.0
360,0.0
360,56.0
360,62.0
360,64.0
360,0.0
360,39.0
361,0.0
361,56.0
361,62.0
361,0.0
361,64.0
361,39.0
362,0.0
362,56.0
362,62.0
362,0.0
362,39.0
362,64.0
363,0.0
363,56.0
363,0.0
363,62.0
363,39.0
363,64.0
364,0.0
364,56.0
364,62.0
364,0.0
364,39.0
364,64.0
364,56.0
365,0.0
365,56.0
365,62.0
365,0.0
365,39.0
365,64.0
365,56.0
366,0.0
366,56.0
366,62.0
366,0.0
366,39.0
366,64.0
367,0.0
367,62.0
367,56.0
367,39.0
367,56.0
367,64.0
368,0.0
368,62.0
368,56.0
368,39.0
368,56.0
368,64.0
369,0.0
369,62.0
369,56.0
369,64.0
369,56.0
369,39.0
370,0.0
370,62.0
370,56.0
370,64.0
370,56.0
370,39.0
371,0.0
371,62.0
371,56.0
371,64.0
371,56.0
371,39.0
372,0.0
372,62.0
372,64.0
372,56.0
372,56.0
372,26.0
373,0.0
373,62.0
373,56.0
373,64.0
373,56.0
373,26.0
374,0.0
374,62.0
374,64.0
374,56.0
375,0.0
375,62.0
375,64.0
375,56.0
376,0.0
376,62.0
376,56.0
376,64.0
377,0.0
377,62.0
377,56.0
377,64.0
378,0.0
378,62.0
378,56.0
378,64.0
379,0.0
379,62.0
379,56.0
379,64.0
380,0.0
380,56.0
380,62.0
380,64.0
381,0.0
381,56.0
381,62.0
381,64.0
382,0.0
382,56.0
382,62.0
382,64.0
383,0.0
383,56.0
383,62.0
383,64.0
384,0.0
384,0.0
384,62.0
384,56.0
384,64.0
384,39.0
385,0.0
385,0.0
385,62.0
385,56.0
385,64.0
385,39.0
386,0.0
386,0.0
386,56.0
386,62.0
386,64.0
387,0.0
387,0.0
387,56.0
387,62.0
387,64.0
388,0.0
388,56.0
388,0.0
388,62.0
388,64.0
388,63.0
389,0.0
389,0.0
389,56.0
389,62.0
389,64.0
389,63.0
390,0.0
390,0.0
390,56.0
390,62.0
390,64.0
390,63.0
391,0.0
391,56.0
391,62.0
391,64.0
391,39.0
391,63.0
392,0.0
392,56.0
392,62.0
392,64.0
392,39.0
392,63.0
393,0.0
393,0.0
393,62.0
393,56.0
393,64.0
394,0.0
394,0.0
394,62.0
394,56.0
394,64.0
394,39.0
395,0.0
395,0.0
395,62.0
395,56.0
395,64.0
395,39.0
396,0.0
396,56.0
396,62.0
396,0.0
396,64.0
396,39.0
397,0.0
397,56.0
397,62.0
397,0.0
397,64.0
397,39.0
398,0.0
398,56.0
398,62.0
398,0.0
398,64.0
398,39.0
399,0.0
399,56.0
399,62.0
399,0.0
399,64.0
399,39.0
400,0.0
400,0.0
400,62.0
400,56.0
400,39.0
400,64.0
401,0.0
401,62.0
401,0.0
401,56.0
401,39.0
401,64.0
402,0.0
402,0.0
402,62.0
402,56.0
402,39.0
402,64.0
403,0.0
403,0.0
403,56.0
403,62.0
403,64.0
403,39.0
404,0.0
404,0.0
404,56.0
404,62.0
404,64.0
404,39.0
405,0.0
405,0.0
405,62.0
405,56.0
405,39.0
405,56.0
405,64.0
406,0.0
406,0.0
406,62.0
406,56.0
406,39.0
406,56.0
406,64.0
407,0.0
407,0.0
407,62.0
407,56.0
407,39.0
407,56.0
407,64.0
408,0.0
408,0.0
408,62.0
408,39.0
408,56.0
408,56.0
408,63.0
409,0.0
409,0.0
409,62.0
409,39.0
409,56.0
409,56.0
409,63.0
410,0.0
410,0.0
410,56.0
410,62.0
410,39.0
411,0.0
411,0.0
411,56.0
411,62.0
411,39.0
412,63.0
412,0.0
412,56.0
412,39.0
413,63.0
413,0.0
413,56.0
413,39.0
414,63.0
414,0.0
414,56.0
414,39.0
415,0.0
415,56.0
415,63.0
415,62.0
415,39.0
415,0.0
416,0.0
416,56.0
416,62.0
416,63.0
416,39.0
416,0.0
417,0.0
417,56.0
417,62.0
417,63.0
417,39.0
417,0.0
418,62.0
418,39.0
418,0.0
418,56.0
419,62.0
419,39.0
419,0.0
419,56.0
420,62.0
420,39.0
420,0.0
420,56.0
421,0.0
421,56.0
421,62.0
421,39.0
422,0.0
422,56.0
422,62.0
422,39.0
423,0.0
423,62.0
423,56.0
423,39.0
424,0.0
424,56.0
424,62.0
424,39.0
425,0.0
425,56.0
425,62.0
425,39.0
426,62.0
426,56.0
426,0.0
426,39.0
427,62.0
427,56.0
427,0.0
427,39.0
427,63.0
428,39.0
428,62.0
428,56.0
428,0.0
429,39.0
429,62.0
429,0.0
429,56.0
430,62.0
430,0.0
430,56.0
430,39.0
431,62.0
431,0.0
431,56.0
431,39.0
432,62.0
432,0.0
432,56.0
432,39.0
433,0.0
433,56.0
433,62.0
433,39.0
434,0.0
434,56.0
434,39.0
434,62.0
435,0.0
435,56.0
435,39.0
435,62.0
436,0.0
436,56.0
436,0.0
436,62.0
436,39.0
437,0.0
437,56.0
437,0.0
437,62.0
437,39.0
438,0.0
438,56.0
438,0.0
438,62.0
438,39.0
439,0.0
439,56.0
439,39.0
439,56.0
440,0.0
440,56.0
440,39.0
440,56.0
441,0.0
441,56.0
441,56.0
441,39.0
442,0.0
442,56.0
442,56.0
442,39.0
443,0.0
443,56.0
443,56.0
443,39.0
444,0.0
444,56.0
444,62.0
444,39.0
445,0.0
445,56.0
445,62.0
446,0.0
446,56.0
446,0.0
447,0.0
447,0.0
447,56.0
448,0.0
448,39.0
448,0.0
448,56.0
448,56.0
449,0.0
449,39.0
449,0.0
449,56.0
450,0.0
450,39.0
450,56.0
451,0.0
451,0.0
451,39.0
451,56.0
452,0.0
452,0.0
452,39.0
452,56.0
453,0.0
453,62.0
453,63.0
453,56.0
453,56.0
454,0.0
454,62.0
454,63.0
454,56.0
454,56.0
454,39.0
455,0.0
455,62.0
455,63.0
455,56.0
455,56.0
455,39.0
456,0.0
456,63.0
456,56.0
456,39.0
456,56.0
456,0.0
456,62.0
457,0.0
457,63.0
457,56.0
457,0.0
457,39.0
457,56.0
458,0.0
458,56.0
458,63.0
458,62.0
458,39.0
458,0.0
459,0.0
459,56.0
459,63.0
459,62.0
459,0.0
459,39.0
459,56.0
460,0.0
460,56.0
460,62.0
460,56.0
460,39.0
461,0.0
461,56.0
461,62.0
461,56.0
461,39.0
462,0.0
462,56.0
462,56.0
462,62.0
462,39.0
463,0.0
463,62.0
463,56.0
463,56.0
463,63.0
463,0.0
463,39.0
464,0.0
464,62.0
464,56.0
464,56.0
464,63.0
464,39.0
464,0.0
465,0.0
465,62.0
465,56.0
465,56.0
465,0.0
465,39.0
465,63.0
466,0.0
466,62.0
466,56.0
466,56.0
466,0.0
466,39.0
466,63.0
467,0.0
467,62.0
467,56.0
467,56.0
467,0.0
467,39.0
467,63.0
468,0.0
468,62.0
468,56.0
468,0.0
468,56.0
468,63.0
469,0.0
469,56.0
469,62.0
469,0.0
469,56.0
469,63.0
470,0.0
470,0.0
470,63.0
470,56.0
470,56.0
471,0.0
471,0.0
471,63.0
471,56.0
471,56.0
472,0.0
472,56.0
472,63.0
472,0.0
472,56.0
472,62.0
473,0.0
473,56.0
473,63.0
473,0.0
473,56.0
473,62.0
474,0.0
474,56.0
474,63.0
474,0.0
474,56.0
474,62.0
475,0.0
475,56.0
475,56.0
475,62.0
476,0.0
476,56.0
476,56.0
476,62.0
477,0.0
477,56.0
477,63.0
477,56.0
477,62.0
478,0.0
478,56.0
478,63.0
478,56.0
478,62.0
479,0.0
479,56.0
479,63.0
479,56.0
479,62.0
480,0.0
480,56.0
480,63.0
480,56.0
480,62.0
481,0.0
481,56.0
481,63.0
481,56.0
481,62.0
482,0.0
482,0.0
482,56.0
482,56.0
483,0.0
483,0.0
483,56.0
483,56.0
484,0.0
484,0.0
484,56.0
484,56.0
485,0.0
485,0.0
485,56.0
485,56.0
486,0.0
486,0.0
486,56.0
486,56.0
487,0.0
487,0.0
487,56.0
487,56.0
488,0.0
488,0.0
488,56.0
488,56.0
489,0.0
489,56.0
489,56.0
490,0.0
490,56.0
490,56.0
491,0.0
491,56.0
491,56.0
492,0.0
492,56.0
492,56.0
493,0.0
493,56.0
493,56.0
494,0.0
494,56.0
494,56.0
495,0.0
495,56.0
495,56.0
496,0.0
496,56.0
496,56.0
497,0.0
497,56.0
497,56.0
498,0.0
498,56.0
498,56.0
499,0.0
499,56.0
499,56.0
500,0.0
500,56.0
500,56.0
501,0.0
501,56.0
501,56.0
502,0.0
502,56.0
502,56.0
503,0.0
503,56.0
503,56.0
504,0.0
504,56.0
504,62.0
504,56.0
505,0.0
505,56.0
505,62.0
505,56.0
506,0.0
506,56.0
506,62.0
507,0.0
507,56.0
507,62.0
508,0.0
508,56.0
508,56.0
509,0.0
509,56.0
509,56.0
510,0.0
510,56.0
510,56.0
511,0.0
511,56.0
511,56.0
512,0.0
512,56.0
512,56.0
513,0.0
513,56.0
514,0.0
514,56.0
515,0.0
515,56.0
516,0.0
516,56.0
517,0.0
517,56.0
518,0.0
518,56.0
519,0.0
519,56.0
520,0.0
520,56.0
521,0.0
521,56.0
522,0.0
522,56.0
523,0.0
523,56.0
524,0.0
524,56.0
525,0.0
525,56.0
526,0.0
526,56.0
527,0.0
527,56.0
528,0.0
528,56.0
529,0.0
529,56.0
530,0.0
530,56.0
531,0.0
531,56.0
532,0.0
532,56.0
532,39.0
532,56.0
533,0.0
533,56.0
533,39.0
533,56.0
534,0.0
534,56.0
534,39.0
534,56.0
535,0.0
535,56.0
535,39.0
536,0.0
536,56.0
536,39.0
537,0.0
537,56.0
537,56.0
538,0.0
538,56.0
538,56.0
539,0.0
539,56.0
539,56.0
540,0.0
540,56.0
540,56.0
541,0.0
541,56.0
541,56.0
542,0.0
542,56.0
542,56.0
543,0.0
543,56.0
543,56.0
544,0.0
544,56.0
544,56.0
545,0.0
545,56.0
545,56.0
546,0.0
546,56.0
546,56.0
547,0.0
547,56.0
547,56.0
547,39.0
548,0.0
548,56.0
548,56.0
548,39.0
549,0.0
549,0.0
549,56.0
549,56.0
550,0.0
550,56.0
550,56.0
551,0.0
551,56.0
551,56.0
552,0.0
552,56.0
552,56.0
553,0.0
553,56.0
553,56.0
553,39.0
554,0.0
554,56.0
554,56.0
555,0.0
555,56.0
555,56.0
556,0.0
556,56.0
556,56.0
557,0.0
557,56.0
557,56.0
558,0.0
558,56.0
558,56.0
559,0.0
559,56.0
559,56.0
560,0.0
560,56.0
560,56.0
561,0.0
561,56.0
561,56.0
562,0.0
562,56.0
562,56.0
563,0.0
563,56.0
563,56.0
564,0.0
564,56.0
564,56.0
565,0.0
565,56.0
565,56.0
566,0.0
566,56.0
566,56.0
566,0.0
567,0.0
567,56.0
567,56.0
567,0.0
568,0.0
568,56.0
568,56.0
568,62.0
568,0.0
569,0.0
569,56.0
569,56.0
569,62.0
569,0.0
570,0.0
570,56.0
570,56.0
570,62.0
570,0.0
571,0.0
571,56.0
571,56.0
571,0.0
571,62.0
572,0.0
572,56.0
572,56.0
572,0.0
572,62.0
573,0.0
573,56.0
573,56.0
573,62.0
574,0.0
574,56.0
574,56.0
574,62.0
575,0.0
575,56.0
575,56.0
575,62.0
576,0.0
576,56.0
576,56.0
577,0.0
577,56.0
577,56.0
578,0.0
578,56.0
578,56.0
579,0.0
579,56.0
579,56.0
580,0.0
580,56.0
581,0.0
581,56.0
582,0.0
582,56.0
583,0.0
583,56.0
584,0.0
584,56.0
585,0.0
585,56.0
585,56.0
586,0.0
586,56.0
587,0.0
587,56.0
588,0.0
588,56.0
589,0.0
589,56.0
590,0.0
590,56.0
591,0.0
591,56.0
592,56.0
592,0.0
593,0.0
593,56.0
594,56.0
594,56.0
595,56.0
595,56.0
595,0.0
596,0.0
596,56.0
596,39.0
596,62.0
597,0.0
597,56.0
597,39.0
597,62.0
598,0.0
598,56.0
598,62.0
599,0.0
599,56.0
599,62.0
599,39.0
600,0.0
600,56.0
600,62.0
600,39.0
601,0.0
601,56.0
601,62.0
601,39.0
601,56.0
602,0.0
602,56.0
602,62.0
602,39.0
602,56.0
603,56.0
603,0.0
603,62.0
603,39.0
603,56.0
604,56.0
604,0.0
604,62.0
604,39.0
604,56.0
605,0.0
605,56.0
605,62.0
605,39.0
605,56.0
606,56.0
606,0.0
606,62.0
606,39.0
606,56.0
607,56.0
607,0.0
607,56.0
607,62.0
608,56.0
608,0.0
608,56.0
608,62.0
609,56.0
609,0.0
609,56.0
609,62.0
610,56.0
610,0.0
610,56.0
610,62.0
611,56.0
611,0.0
611,56.0
611,62.0
612,56.0
612,0.0
612,56.0
612,62.0
613,56.0
613,0.0
613,56.0
613,62.0
614,0.0
614,56.0
614,56.0
614,62.0
615,0.0
615,56.0
615,56.0
615,62.0
616,56.0
616,0.0
616,56.0
616,62.0
617,0.0
617,56.0
617,56.0
617,62.0
618,0.0
618,56.0
618,56.0
618,62.0
619,0.0
619,56.0
619,56.0
619,62.0
620,0.0
620,56.0
620,39.0
620,56.0
621,0.0
621,56.0
621,56.0
621,39.0
622,0.0
622,56.0
622,56.0
622,39.0
623,0.0
623,56.0
623,56.0
623,39.0
624,0.0
624,56.0
624,56.0
625,0.0
625,56.0
625,56.0
626,0.0
626,56.0
626,56.0
626,39.0
627,0.0
627,56.0
627,56.0
628,0.0
628,56.0
628,56.0
629,0.0
629,56.0
629,56.0
630,0.0
630,56.0
630,39.0
630,56.0
631,0.0
631,56.0
631,39.0
631,56.0
632,0.0
632,56.0
632,56.0
632,39.0
633,0.0
633,56.0
633,56.0
633,39.0
634,0.0
634,56.0
634,39.0
635,0.0
635,56.0
636,0.0
636,56.0
636,39.0
637,0.0
637,56.0
637,56.0
638,0.0
638,56.0
638,56.0
639,0.0
639,56.0
639,56.0
640,0.0
640,56.0
640,56.0
641,0.0
641,56.0
641,56.0
642,0.0
642,56.0
642,56.0
642,62.0
643,0.0
643,56.0
643,56.0
643,62.0
644,0.0
644,56.0
644,56.0
644,62.0
645,0.0
645,56.0
645,56.0
645,62.0
646,0.0
646,56.0
646,56.0
646,62.0
647,0.0
647,56.0
647,56.0
647,62.0
648,0.0
648,56.0
648,56.0
649,0.0
649,56.0
650,0.0
650,56.0
651,0.0
651,56.0
652,0.0
652,56.0
653,0.0
653,56.0
654,0.0
654,56.0
655,0.0
655,56.0
656,0.0
656,56.0
657,0.0
657,56.0
658,0.0
658,56.0
659,0.0
659,56.0
660,0.0
660,56.0
661,0.0
661,56.0
662,0.0
662,56.0
663,0.0
663,56.0
664,0.0
664,56.0
665,0.0
665,56.0
666,0.0
666,56.0
667,0.0
667,56.0
667,62.0
668,0.0
668,56.0
668,62.0
669,56.0
669,0.0
669,62.0
670,0.0
670,56.0
671,0.0
671,56.0
672,0.0
672,56.0
672,62.0
673,0.0
673,56.0
673,62.0
674,0.0
674,56.0
674,56.0
675,0.0
675,56.0
675,56.0
676,56.0
676,0.0
676,56.0
677,56.0
677,0.0
677,56.0
678,0.0
678,56.0
678,56.0
679,0.0
679,56.0
679,56.0
680,0.0
680,56.0
680,56.0
681,0.0
681,56.0
681,56.0
682,0.0
682,56.0
682,56.0
683,0.0
683,56.0
683,56.0
684,0.0
684,56.0
684,56.0
685,0.0
685,56.0
686,0.0
686,56.0
686,56.0
687,0.0
687,56.0
687,56.0
688,0.0
688,56.0
688,56.0
689,0.0
689,56.0
689,56.0
690,0.0
690,56.0
690,56.0
691,0.0
691,56.0
691,56.0
692,0.0
692,56.0
692,56.0
693,0.0
693,56.0
694,0.0
694,56.0
695,0.0
695,56.0
696,0.0
696,56.0
696,56.0
697,0.0
697,56.0
697,56.0
698,0.0
698,56.0
698,56.0
699,0.0
699,56.0
699,56.0
700,0.0
700,56.0
700,56.0
701,0.0
701,56.0
701,56.0
702,0.0
702,56.0
702,56.0
703,0.0
703,56.0
703,56.0
704,0.0
704,56.0
704,56.0
705,0.0
705,56.0
705,56.0
706,0.0
706,56.0
706,56.0
707,0.0
707,56.0
707,56.0
708,0.0
708,56.0
708,56.0
709,0.0
709,56.0
709,56.0
710,0.0
710,56.0
710,56.0
711,0.0
711,56.0
711,56.0
712,0.0
712,56.0
712,56.0
713,0.0
713,56.0
713,56.0
714,0.0
714,56.0
714,56.0
715,0.0
715,56.0
715,56.0
716,0.0
716,56.0
716,56.0
717,0.0
717,56.0
717,56.0
718,0.0
718,56.0
718,56.0
719,0.0
719,56.0
719,56.0
720,0.0
720,56.0
720,56.0
721,0.0
721,56.0
721,56.0
722,0.0
722,56.0
722,56.0
723,0.0
723,56.0
724,0.0
724,56.0
725,0.0
725,56.0
726,0.0
726,56.0
726,56.0
727,0.0
727,56.0
727,56.0
728,0.0
728,56.0
728,56.0
729,0.0
729,56.0
729,56.0
730,0.0
730,56.0
730,56.0
731,0.0
731,56.0
731,56.0
732,0.0
732,56.0
732,56.0
733,0.0
733,56.0
733,56.0
733,62.0
734,0.0
734,56.0
734,56.0
734,62.0
735,0.0
735,56.0
735,56.0
735,62.0
736,0.0
736,56.0
736,56.0
736,62.0
737,0.0
737,56.0
737,56.0
737,62.0
738,0.0
738,56.0
738,56.0
738,62.0
739,0.0
739,56.0
739,56.0
739,62.0
740,0.0
740,56.0
740,56.0
741,0.0
741,56.0
741,56.0
742,0.0
742,56.0
742,56.0
743,0.0
743,56.0
743,56.0
744,0.0
744,56.0
744,56.0
745,0.0
745,56.0
745,56.0
746,0.0
746,56.0
746,56.0
747,0.0
747,56.0
747,56.0
748,0.0
748,56.0
748,56.0
749,0.0
749,56.0
749,56.0
750,0.0
750,56.0
750,56.0
751,0.0
751,56.0
751,56.0
752,0.0
752,56.0
752,56.0
753,0.0
753,56.0
753,56.0
754,0.0
754,56.0
754,56.0
755,0.0
755,56.0
755,56.0
756,0.0
756,56.0
756,56.0
757,0.0
757,56.0
757,56.0
758,0.0
758,56.0
758,56.0
759,0.0
759,56.0
760,0.0
760,56.0
760,56.0
761,0.0
761,56.0
761,56.0
762,0.0
762,56.0
763,0.0
763,56.0
764,0.0
764,56.0
764,56.0
765,0.0
765,56.0
765,56.0
766,0.0
766,56.0
767,0.0
767,56.0
768,0.0
768,56.0
769,0.0
769,56.0
769,56.0
770,0.0
770,56.0
770,56.0
771,0.0
771,56.0
771,56.0
772,0.0
772,56.0
772,56.0
773,0.0
773,56.0
773,56.0
774,0.0
774,56.0
775,56.0
775,0.0
776,56.0
776,0.0
777,0.0
777,56.0
778,0.0
778,56.0
779,0.0
779,56.0
780,0.0
780,56.0
781,0.0
781,56.0
781,56.0
782,0.0
782,56.0
782,56.0
783,0.0
783,56.0
783,56.0
784,0.0
784,56.0
784,56.0
785,0.0
785,56.0
785,56.0
786,0.0
786,56.0
786,56.0
787,0.0
787,56.0
787,56.0
788,0.0
788,56.0
788,56.0
789,0.0
789,56.0
789,56.0
790,0.0
790,56.0
790,56.0
791,0.0
791,56.0
791,56.0
792,0.0
792,56.0
792,56.0
793,0.0
793,56.0
793,56.0
794,0.0
794,56.0
794,56.0
795,0.0
795,56.0
795,56.0
796,0.0
796,56.0
796,56.0
797,0.0
797,56.0
797,56.0
798,0.0
798,56.0
798,56.0
799,0.0
799,56.0
799,56.0
800,0.0
800,56.0
800,56.0
801,0.0
801,56.0
801,56.0
802,0.0
802,56.0
802,56.0
803,0.0
803,56.0
803,56.0
804,0.0
804,56.0
804,56.0
805,0.0
805,56.0
805,56.0
806,0.0
806,56.0
806,56.0
807,0.0
807,56.0
807,56.0
808,0.0
808,56.0
808,56.0
809,0.0
809,56.0
809,56.0
810,0.0
810,56.0
810,56.0
811,0.0
811,56.0
811,56.0
812,0.0
812,56.0
812,56.0
813,0.0
813,56.0
813,56.0
814,0.0
814,56.0
814,56.0
815,0.0
815,56.0
815,56.0
816,0.0
816,56.0
816,56.0
817,0.0
817,56.0
817,56.0
818,0.0
818,56.0
818,56.0
819,0.0
819,56.0
819,56.0
820,0.0
820,56.0
820,56.0
821,0.0
821,56.0
821,56.0
822,0.0
822,56.0
822,56.0
823,0.0
823,56.0
823,39.0
823,56.0
824,0.0
824,56.0
824,39.0
824,56.0
825,0.0
825,56.0
825,56.0
826,0.0
826,56.0
826,56.0
827,0.0
827,56.0
827,56.0
828,0.0
828,56.0
828,56.0
829,0.0
829,56.0
829,56.0
830,0.0
830,56.0
830,56.0
831,0.0
831,56.0
831,56.0
832,0.0
832,56.0
832,56.0
833,0.0
833,56.0
833,56.0
834,0.0
834,56.0
834,56.0
835,0.0
835,56.0
835,56.0
836,0.0
836,56.0
836,56.0
837,0.0
837,56.0
837,56.0
838,0.0
838,56.0
838,56.0
839,0.0
839,56.0
839,56.0
840,0.0
840,56.0
840,56.0
841,0.0
841,56.0
841,56.0
842,0.0
842,56.0
842,56.0
843,0.0
843,56.0
843,56.0
844,0.0
844,56.0
844,56.0
845,0.0
845,56.0
845,56.0
846,0.0
846,56.0
846,56.0
847,0.0
847,56.0
847,56.0
848,0.0
848,56.0
848,56.0
849,0.0
849,56.0
849,56.0
850,0.0
850,56.0
850,56.0
851,0.0
851,56.0
851,56.0
852,56.0
852,0.0
852,56.0
853,0.0
853,56.0
853,62.0
853,56.0
854,0.0
854,56.0
854,62.0
854,56.0
855,0.0
855,56.0
855,62.0
856,0.0
856,56.0
856,62.0
857,0.0
857,56.0
857,62.0
858,56.0
858,62.0
859,56.0
859,62.0
860,56.0
860,62.0
860,0.0
861,56.0
861,62.0
861,0.0
862,0.0
862,62.0
862,56.0
863,0.0
863,62.0
863,56.0
864,0.0
864,56.0
864,62.0
865,0.0
865,62.0
865,56.0
866,0.0
866,62.0
866,56.0
867,0.0
867,62.0
867,56.0
868,0.0
868,62.0
868,56.0
869,0.0
869,62.0
869,56.0
870,0.0
870,62.0
870,56.0
871,0.0
871,62.0
871,56.0
872,0.0
872,62.0
872,56.0
873,0.0
873,62.0
873,56.0
874,0.0
874,62.0
874,56.0
875,0.0
875,62.0
875,56.0
876,0.0
876,62.0
876,56.0
877,0.0
877,62.0
877,56.0
878,0.0
878,62.0
878,56.0
879,0.0
879,56.0
879,62.0
880,0.0
880,62.0
880,56.0
881,0.0
881,62.0
881,56.0
882,0.0
882,62.0
882,56.0
883,0.0
883,62.0
883,56.0
884,0.0
884,56.0
884,62.0
885,0.0
885,56.0
885,62.0
886,0.0
886,56.0
886,62.0
887,0.0
887,56.0
887,62.0
888,0.0
888,56.0
888,62.0
889,0.0
889,56.0
889,62.0
890,0.0
890,56.0
890,62.0
891,0.0
891,56.0
892,0.0
892,56.0
893,0.0
893,56.0
894,0.0
894,56.0
894,56.0
895,0.0
895,56.0
895,56.0
895,62.0
896,0.0
896,56.0
897,0.0
897,56.0
898,0.0
898,56.0
899,0.0
899,56.0
900,0.0
900,56.0
901,0.0
901,56.0
902,0.0
902,56.0
903,0.0
903,56.0
904,0.0
904,56.0
905,0.0
905,56.0
906,0.0
906,56.0
906,56.0
907,0.0
907,56.0
907,56.0
908,0.0
908,56.0
908,56.0
909,0.0
909,56.0
909,56.0
910,0.0
910,56.0
911,0.0
911,56.0
912,0.0
912,56.0
913,0.0
913,56.0
913,56.0
914,0.0
914,56.0
914,56.0
915,0.0
915,56.0
916,0.0
916,56.0
917,0.0
917,56.0
917,56.0
918,0.0
919,0.0
920,0.0
921,0.0
922,0.0
922,64.0
922,56.0
923,0.0
923,64.0
923,56.0
924,0.0
924,64.0
924,56.0
925,0.0
925,56.0
925,64.0
925,56.0
926,0.0
926,56.0
926,64.0
926,56.0
927,64.0
927,56.0
928,56.0
928,64.0
929,56.0
929,64.0
930,64.0
930,56.0
930,62.0
931,56.0
931,64.0
931,62.0
932,62.0
932,64.0
933,62.0
933,64.0
934,64.0
934,62.0
935,64.0
935,62.0
936,64.0
936,62.0
936,0.0
937,0.0
937,62.0
937,64.0
937,56.0
938,0.0
938,62.0
938,64.0
938,56.0
939,0.0
939,64.0
939,62.0
940,0.0
940,62.0
940,64.0
941,62.0
941,0.0
941,64.0
942,62.0
942,64.0
943,62.0
943,64.0
944,62.0
944,64.0
945,62.0
945,64.0
945,0.0
946,62.0
946,0.0
946,64.0
947,62.0
947,64.0
947,0.0
948,62.0
948,64.0
949,62.0
949,64.0
949,0.0
950,62.0
950,64.0
950,0.0
951,64.0
951,0.0
951,62.0
952,64.0
952,0.0
952,62.0
953,64.0
953,0.0
953,62.0
954,62.0
954,64.0
954,0.0
954,56.0
955,62.0
955,0.0
955,64.0
955,56.0
956,62.0
956,64.0
957,62.0
957,64.0
958,62.0
958,64.0
959,62.0
959,64.0
960,62.0
960,64.0
961,64.0
961,62.0
962,64.0
962,62.0
963,62.0
963,64.0
963,15.0
964,64.0
964,62.0
964,15.0
965,64.0
965,62.0
965,15.0
966,62.0
966,64.0
966,0.0
967,62.0
967,64.0
968,0.0
968,64.0
968,56.0
968,62.0
969,0.0
969,56.0
969,64.0
969,62.0
970,0.0
970,62.0
970,64.0
970,56.0
971,0.0
971,62.0
971,64.0
971,56.0
972,0.0
972,62.0
972,64.0
972,56.0
973,0.0
973,56.0
973,56.0
974,0.0
974,56.0
974,56.0
975,0.0
975,56.0
975,56.0
976,0.0
976,56.0
976,56.0
976,62.0
977,0.0
977,56.0
977,56.0
977,62.0
978,0.0
978,56.0
978,56.0
978,64.0
979,0.0
979,56.0
979,56.0
980,0.0
980,56.0
980,56.0
981,0.0
981,56.0
981,56.0
982,0.0
982,56.0
982,56.0
982,64.0
983,0.0
983,56.0
983,56.0
983,64.0
984,0.0
984,56.0
984,56.0
984,64.0
985,0.0
985,56.0
985,56.0
986,0.0
986,56.0
986,56.0
987,0.0
987,62.0
987,56.0
987,64.0
987,56.0
988,0.0
988,56.0
988,62.0
988,56.0
988,64.0
989,0.0
989,56.0
989,62.0
989,56.0
989,64.0
990,0.0
990,56.0
990,56.0
990,62.0
991,0.0
991,56.0
991,56.0
991,62.0
992,0.0
992,56.0
992,56.0
992,62.0
993,0.0
993,56.0
993,56.0
993,62.0
993,64.0
994,0.0
994,56.0
994,56.0
995,0.0
995,56.0
995,56.0
996,0.0
996,56.0
996,56.0
997,0.0
997,56.0
997,56.0
997,64.0
998,0.0
998,56.0
998,56.0
999,0.0
999,56.0
999,56.0
999,64.0
1000,0.0
1000,56.0
1000,56.0
1000,64.0
1001,0.0
1001,56.0
1001,56.0
1001,64.0
1002,0.0
1002,56.0
1002,64.0
1002,56.0
1003,0.0
1003,56.0
1003,56.0
1003,64.0
1004,0.0
1004,56.0
1004,56.0
1005,0.0
1005,56.0
1005,56.0
1006,0.0
1006,56.0
1006,62.0
1006,56.0
1006,64.0
1007,0.0
1007,56.0
1007,62.0
1007,56.0
1007,64.0
1008,0.0
1008,56.0
1008,62.0
1008,56.0
1008,64.0
1009,0.0
1009,56.0
1009,62.0
1009,64.0
1009,56.0
1010,0.0
1010,56.0
1010,62.0
1010,64.0
1010,56.0
1011,0.0
1011,56.0
1011,62.0
1011,56.0
1011,64.0
1012,0.0
1012,56.0
1012,62.0
1012,56.0
1012,64.0
1013,0.0
1013,56.0
1013,62.0
1013,56.0
1013,64.0
1014,0.0
1014,56.0
1014,64.0
1014,62.0
1014,56.0
1015,0.0
1015,56.0
1015,64.0
1015,62.0
1015,56.0
1016,0.0
1016,64.0
1016,56.0
1016,62.0
1016,56.0
1017,0.0
1017,64.0
1017,56.0
1017,62.0
1017,56.0
1018,0.0
1018,64.0
1018,56.0
1018,56.0
1018,62.0
1019,0.0
1019,64.0
1019,56.0
1019,56.0
1019,62.0
1020,0.0
1020,64.0
1020,56.0
1020,56.0
1020,62.0
1021,0.0
1021,64.0
1021,56.0
1021,56.0
1022,0.0
1022,64.0
1022,56.0
1022,56.0
1023,0.0
1023,56.0
1023,62.0
1023,64.0
1023,56.0
1024,0.0
1024,56.0
1024,62.0
1024,64.0
1024,56.0
1025,0.0
1025,56.0
1025,62.0
1025,64.0
1025,56.0
1026,0.0
1026,56.0
1026,64.0
1026,62.0
1026,56.0
1027,0.0
1027,56.0
1027,64.0
1027,62.0
1027,56.0
1028,0.0
1028,56.0
1028,62.0
1028,64.0
1028,56.0
1029,0.0
1029,56.0
1029,62.0
1029,64.0
1029,56.0
1030,0.0
1030,56.0
1030,62.0
1030,64.0
1030,56.0
1031,0.0
1031,56.0
1031,62.0
1031,64.0
1031,56.0
1032,0.0
1032,56.0
1032,62.0
1032,64.0
1032,56.0
1033,0.0
1033,56.0
1033,62.0
1033,64.0
1033,56.0
1034,0.0
1034,56.0
1034,62.0
1034,64.0
1034,56.0
1035,0.0
1035,56.0
1035,62.0
1035,64.0
1036,0.0
1036,56.0
1036,62.0
1037,0.0
1037,56.0
1037,62.0
1038,0.0
1038,62.0
1038,56.0
1038,56.0
1039,0.0
1039,62.0
1039,56.0
1039,56.0
1040,0.0
1040,62.0
1040,56.0
1040,56.0
1040,64.0
1041,0.0
1041,62.0
1041,56.0
1041,56.0
1041,64.0
1042,0.0
1042,56.0
1042,56.0
1042,62.0
1043,0.0
1043,56.0
1043,56.0
1043,62.0
1044,0.0
1044,56.0
1044,56.0
1044,62.0
1045,0.0
1045,56.0
1045,62.0
1045,56.0
1046,0.0
1046,56.0
1046,62.0
1046,56.0
1047,0.0
1047,56.0
1047,62.0
1047,56.0
1048,0.0
1048,56.0
1048,62.0
1048,56.0
1049,0.0
1049,56.0
1049,62.0
1049,56.0
1050,0.0
1050,56.0
1050,62.0
1050,56.0
1051,0.0
1051,56.0
1051,62.0
1051,56.0
1052,0.0
1052,56.0
1052,62.0
1052,56.0
1053,0.0
1053,56.0
1053,62.0
1053,56.0
1054,0.0
1054,56.0
1054,56.0
1054,62.0
1055,0.0
1055,56.0
1055,56.0
1055,62.0
1056,0.0
1056,56.0
1056,56.0
1056,62.0
1057,0.0
1057,56.0
1057,56.0
1058,0.0
1058,56.0
1058,56.0
1059,0.0
1059,56.0
1059,56.0
1060,0.0
1060,56.0
1060,56.0
1061,0.0
1061,56.0
1061,56.0
1062,0.0
1062,56.0
1062,56.0
1062,62.0
1063,0.0
1063,56.0
1063,56.0
1063,62.0
1064,0.0
1064,62.0
1064,56.0
1064,56.0
1065,0.0
1065,62.0
1065,56.0
1065,56.0
1066,0.0
1066,56.0
1066,62.0
1066,56.0
1067,0.0
1067,56.0
1067,62.0
1067,56.0
1068,0.0
1068,56.0
1068,62.0
1068,56.0
1069,56.0
1069,0.0
1069,62.0
1070,56.0
1070,0.0
1071,0.0
1071,56.0
1071,56.0
1072,0.0
1072,56.0
1072,56.0
1073,0.0
1073,56.0
1073,56.0
1074,0.0
1074,56.0
1074,56.0
1075,0.0
1075,56.0
1075,56.0
1076,0.0
1076,56.0
1076,62.0
1076,56.0
1077,0.0
1077,56.0
1077,62.0
1077,56.0
1078,0.0
1078,56.0
1078,62.0
1078,56.0
1079,0.0
1079,56.0
1079,62.0
1079,56.0
1080,0.0
1080,56.0
1080,62.0
1080,56.0
1081,0.0
1081,56.0
1081,62.0
1082,0.0
1082,56.0
1082,62.0
1083,0.0
1083,56.0
1083,62.0
1083,56.0
1084,56.0
1084,0.0
1084,62.0
1084,56.0
1085,56.0
1085,0.0
1085,62.0
1085,56.0
1086,56.0
1086,0.0
1086,62.0
1086,56.0
1087,0.0
1087,56.0
1087,62.0
1087,0.0
1087,56.0
1088,0.0
1088,56.0
1088,62.0
1088,0.0
1088,56.0
1089,0.0
1089,56.0
1089,62.0
1089,56.0
1090,0.0
1090,56.0
1090,62.0
1090,56.0
1091,0.0
1091,56.0
1091,62.0
1091,56.0
1092,0.0
1092,56.0
1092,56.0
1092,62.0
1093,0.0
1093,56.0
1093,56.0
1094,0.0
1094,56.0
1094,56.0
1095,0.0
1095,56.0
1095,56.0
1095,62.0
1096,0.0
1096,56.0
1096,56.0
1096,62.0
1097,0.0
1097,56.0
1097,56.0
1097,62.0
1098,0.0
1098,56.0
1098,56.0
1098,62.0
1099,0.0
1099,56.0
1099,56.0
1099,62.0
1100,0.0
1100,56.0
1100,62.0
1100,56.0
1101,0.0
1101,56.0
1101,62.0
1101,56.0
1102,0.0
1102,56.0
1102,62.0
1102,56.0
1103,0.0
1103,56.0
1103,62.0
1103,56.0
1104,0.0
1104,56.0
1104,62.0
1104,56.0
1105,0.0
1105,62.0
1105,56.0
1105,56.0
1106,0.0
1106,56.0
1106,62.0
1106,56.0
1107,0.0
1107,56.0
1107,62.0
1107,56.0
1108,0.0
1108,56.0
1108,62.0
1108,56.0
1109,0.0
1109,56.0
1109,62.0
1109,56.0
1110,0.0
1110,56.0
1110,62.0
1111,0.0
1111,56.0
1111,62.0
1112,0.0
1112,56.0
1112,39.0
1112,62.0
1112,56.0
1113,0.0
1113,56.0
1113,39.0
1113,62.0
1113,56.0
1114,0.0
1114,56.0
1114,56.0
1114,62.0
1114,0.0
1115,0.0
1115,56.0
1115,56.0
1115,62.0
1115,0.0
1116,0.0
1116,56.0
1116,56.0
1116,62.0
1116,0.0
1117,0.0
1117,56.0
1117,56.0
1117,62.0
1118,0.0
1118,56.0
1118,56.0
1118,62.0
1119,0.0
1119,56.0
1120,0.0
1120,56.0
1121,0.0
1121,56.0
1122,0.0
1122,56.0
1122,56.0
1123,0.0
1123,56.0
1123,56.0
1123,62.0
1124,0.0
1124,56.0
1124,56.0
1125,0.0
1125,56.0
1125,56.0
1125,62.0
1126,0.0
1126,56.0
1126,56.0
1126,62.0
1127,0.0
1127,56.0
1127,56.0
1127,62.0
1128,0.0
1128,56.0
1128,56.0
1128,62.0
1129,0.0
1129,56.0
1129,56.0
1129,62.0
1130,0.0
1130,56.0
1130,56.0
1130,62.0
1131,0.0
1131,56.0
1131,56.0
1131,62.0
1132,0.0
1132,56.0
1132,56.0
1132,62.0
1133,0.0
1133,56.0
1133,56.0
1133,62.0
1134,0.0
1134,56.0
1134,62.0
1134,56.0
1135,0.0
1135,56.0
1135,56.0
1135,62.0
1136,0.0
1136,56.0
1136,62.0
1136,56.0
1136,0.0
1137,0.0
1137,56.0
1137,62.0
1137,56.0
1137,0.0
1138,0.0
1138,56.0
1138,62.0
1138,56.0
1139,0.0
1139,56.0
1139,62.0
1139,56.0
1140,0.0
1140,56.0
1140,62.0
1140,56.0
1141,0.0
1141,56.0
1141,56.0
1142,0.0
1142,56.0
1142,56.0
1143,0.0
1143,56.0
1143,56.0
1143,62.0
1144,0.0
1144,56.0
1144,56.0
1144,62.0
1145,0.0
1145,56.0
1145,56.0
1145,62.0
1146,0.0
1146,56.0
1146,56.0
1147,0.0
1147,56.0
1147,56.0
1148,0.0
1148,56.0
1148,62.0
1148,56.0
1149,0.0
1149,56.0
1149,62.0
1150,0.0
1150,56.0
1150,62.0
1151,0.0
1151,56.0
1151,62.0
1152,0.0
1152,56.0
1152,62.0
1153,0.0
1153,56.0
1153,62.0
1154,0.0
1154,56.0
1154,62.0
1155,0.0
1155,56.0
1156,0.0
1156,56.0
1157,0.0
1157,56.0
1158,0.0
1158,56.0
1159,0.0
1159,56.0
1160,0.0
1160,56.0
1161,0.0
1161,56.0
1161,62.0
1162,0.0
1162,56.0
1162,62.0
1163,0.0
1163,56.0
1163,62.0
1164,0.0
1164,56.0
1164,62.0
1164,56.0
1165,0.0
1165,56.0
1165,62.0
1166,0.0
1166,56.0
1166,62.0
1167,0.0
1167,56.0
1167,62.0
1168,0.0
1168,56.0
1168,62.0
1169,0.0
1169,56.0
1169,62.0
1170,0.0
1170,56.0
1171,0.0
1171,56.0
1172,0.0
1172,56.0
1172,56.0
1172,63.0
1173,0.0
1173,56.0
1173,56.0
1173,63.0
1174,0.0
1174,56.0
1174,62.0
1174,56.0
1175,0.0
1175,56.0
1175,62.0
1175,56.0
1176,0.0
1176,56.0
1176,62.0
1176,56.0
1177,0.0
1177,56.0
1177,62.0
1177,56.0
1178,0.0
1178,56.0
1178,62.0
1178,56.0
1179,0.0
1179,62.0
1179,56.0
1179,56.0
1180,0.0
1180,62.0
1180,56.0
1180,56.0
1181,0.0
1181,62.0
1181,56.0
1181,56.0
1182,0.0
1182,56.0
1182,62.0
1182,56.0
1183,0.0
1183,56.0
1183,62.0
1183,56.0
1184,0.0
1184,56.0
1184,62.0
1184,56.0
1185,0.0
1185,56.0
1185,62.0
1185,56.0
1186,0.0
1186,56.0
1186,56.0
1186,62.0
1187,0.0
1187,56.0
1187,56.0
1187,62.0
1188,0.0
1188,56.0
1188,56.0
1188,62.0
1189,0.0
1189,56.0
1189,62.0
1189,56.0
1190,0.0
1190,56.0
1190,62.0
1190,56.0
1191,0.0
1191,56.0
1191,62.0
1191,56.0
1192,0.0
1192,56.0
1192,56.0
1192,62.0
1193,0.0
1193,56.0
1193,62.0
1193,56.0
1194,0.0
1194,56.0
1194,56.0
1194,62.0
1195,0.0
1195,56.0
1195,56.0
1195,62.0
1196,0.0
1196,56.0
1196,56.0
1196,62.0
1197,0.0
1197,56.0
1197,56.0
1197,62.0
1198,0.0
1198,56.0
1198,62.0
1198,56.0
1199,0.0
1199,56.0
1199,62.0
1199,56.0
1200,0.0
1200,56.0
1200,62.0
1200,56.0
1201,0.0
1201,56.0
1201,56.0
1201,62.0
1202,0.0
1202,56.0
1202,56.0
1202,62.0
1203,0.0
1203,56.0
1203,62.0
1203,56.0
1204,0.0
1204,56.0
1204,62.0
1204,56.0
1205,0.0
1205,56.0
1205,62.0
1205,56.0
1206,0.0
1206,56.0
1206,56.0
1206,62.0
1207,0.0
1207,56.0
1207,62.0
1207,56.0
1208,0.0
1208,56.0
1208,62.0
1208,56.0
1208,0.0
1209,0.0
1209,56.0
1209,62.0
1209,56.0
1210,0.0
1210,56.0
1210,56.0
1211,0.0
1211,56.0
1211,56.0
1212,0.0
1212,56.0
1212,56.0
1213,0.0
1213,56.0
1213,56.0
1214,0.0
1214,56.0
1214,56.0
1215,0.0
1215,56.0
1215,56.0
1215,62.0
1216,0.0
1216,56.0
1216,56.0
1216,62.0
1217,0.0
1217,56.0
1217,56.0
1217,62.0
1218,0.0
1218,56.0
1218,56.0
1218,62.0
1219,0.0
1219,56.0
1219,56.0
1219,62.0
1220,0.0
1220,56.0
1220,56.0
1220,62.0
1221,0.0
1221,56.0
1221,56.0
1221,62.0
1222,0.0
1222,56.0
1222,56.0
1222,62.0
1223,0.0
1223,56.0
1223,56.0
1223,62.0
1224,0.0
1224,56.0
1224,56.0
1224,62.0
1225,0.0
1225,56.0
1225,56.0
1225,62.0
1226,0.0
1226,56.0
1226,62.0
1226,56.0
1227,0.0
1227,56.0
1227,62.0
1227,56.0
1228,0.0
1228,56.0
1228,62.0
1228,56.0
1229,0.0
1229,56.0
1229,62.0
1229,56.0
1230,0.0
1230,56.0
1230,62.0
1230,56.0
1231,0.0
1231,56.0
1231,62.0
1231,56.0
1232,0.0
1232,56.0
1232,62.0
1232,56.0
1233,0.0
1233,56.0
1233,62.0
1233,56.0
1234,0.0
1234,56.0
1234,62.0
1234,56.0
1235,0.0
1235,56.0
1235,62.0
1235,56.0
1236,0.0
1236,56.0
1236,62.0
1236,56.0
1237,0.0
1237,56.0
1237,62.0
1238,0.0
1238,56.0
1238,62.0
1238,56.0
1239,56.0
1239,0.0
1239,62.0
1240,56.0
1240,0.0
1240,62.0
1241,56.0
1241,0.0
1241,62.0
1242,56.0
1242,0.0
1243,56.0
1243,0.0
1244,56.0
1244,0.0
1245,0.0
1245,56.0
1246,56.0
1246,0.0
1247,56.0
1247,0.0
1248,56.0
1248,0.0
1249,0.0
1250,0.0
1251,39.0
1251,0.0
1251,56.0
1252,39.0
1252,0.0
1253,39.0
1253,0.0
1254,0.0
1254,39.0
1254,56.0
1254,56.0
1255,0.0
1255,39.0
1255,56.0
1255,56.0
1256,0.0
1256,56.0
1256,39.0
1257,0.0
1257,39.0
1257,56.0
1258,39.0
1258,0.0
1258,56.0
1259,39.0
1259,0.0
1259,56.0
1260,39.0
1260,0.0
1260,56.0
1261,39.0
1262,39.0
1263,62.0
1263,56.0
1263,39.0
1264,62.0
1264,56.0
1264,39.0
1265,62.0
1265,56.0
1266,62.0
1266,0.0
1266,56.0
1266,56.0
1266,39.0
1267,62.0
1267,0.0
1267,56.0
1267,56.0
1267,39.0
1268,62.0
1268,0.0
1268,39.0
1268,56.0
1269,62.0
1269,0.0
1269,39.0
1269,56.0
1270,0.0
1270,62.0
1270,56.0
1270,56.0
1271,0.0
1271,62.0
1271,56.0
1271,56.0
1272,0.0
1272,62.0
1272,56.0
1272,56.0
1273,0.0
1273,62.0
1273,56.0
1273,56.0
1274,0.0
1274,62.0
1274,56.0
1275,0.0
1275,62.0
1275,56.0
1276,62.0
1276,0.0
1276,56.0
1277,62.0
1277,0.0
1277,56.0
1278,0.0
1278,62.0
1278,56.0
1279,0.0
1279,62.0
1279,56.0
1280,62.0
1280,0.0
1280,56.0
1281,62.0
1281,0.0
1281,56.0
1282,56.0
1282,62.0
1282,0.0
1283,56.0
1283,62.0
1283,0.0
1284,56.0
1284,62.0
1284,0.0
1285,56.0
1285,62.0
1285,0.0
1286,56.0
1286,62.0
1286,0.0
1287,56.0
1287,0.0
1287,62.0
1288,56.0
1288,0.0
1288,62.0
1289,56.0
1289,0.0
1289,62.0
1290,0.0
1290,56.0
1290,62.0
1290,39.0
1291,0.0
1291,56.0
1291,62.0
1291,39.0
1292,0.0
1292,56.0
1292,62.0
1292,39.0
1293,0.0
1293,56.0
1293,62.0
1293,39.0
1294,0.0
1294,62.0
1294,56.0
1295,0.0
1295,62.0
1295,56.0
1296,0.0
1296,56.0
1296,62.0
1297,56.0
1297,0.0
1297,62.0
1297,39.0
1298,56.0
1298,0.0
1298,62.0
1298,39.0
1299,0.0
1299,39.0
1299,56.0
1299,56.0
1300,0.0
1300,39.0
1300,56.0
1300,56.0
1301,0.0
1301,39.0
1301,56.0
1301,56.0
1302,0.0
1302,62.0
1302,56.0
1302,56.0
1303,0.0
1303,62.0
1303,56.0
1303,56.0
1304,0.0
1304,56.0
1304,56.0
1304,62.0
1304,39.0
1305,56.0
1305,0.0
1305,39.0
1305,62.0
1305,56.0
1306,0.0
1306,56.0
1306,39.0
1306,62.0
1307,0.0
1307,56.0
1307,39.0
1307,62.0
1307,56.0
1308,0.0
1308,56.0
1308,39.0
1308,62.0
1308,56.0
1309,0.0
1309,56.0
1309,39.0
1309,62.0
1310,0.0
1310,56.0
1310,39.0
1310,62.0
1311,56.0
1311,0.0
1311,62.0
1312,56.0
1312,0.0
1312,62.0
1313,56.0
1313,0.0
1313,62.0
1314,0.0
1314,56.0
1314,62.0
1314,56.0
1315,0.0
1315,56.0
1315,62.0
1315,56.0
1316,0.0
1316,56.0
1316,62.0
1316,56.0
1317,0.0
1317,56.0
1317,62.0
1317,56.0
1318,0.0
1318,56.0
1318,56.0
1319,0.0
1319,56.0
1319,56.0
1320,0.0
1320,56.0
1321,0.0
1321,56.0
1321,56.0
1321,39.0
1322,0.0
1322,56.0
1322,56.0
1323,0.0
1323,39.0
1323,56.0
1323,56.0
1324,0.0
1324,39.0
1324,56.0
1324,56.0
1325,0.0
1325,39.0
1325,56.0
1325,56.0
1326,0.0
1326,39.0
1326,56.0
1326,56.0
1327,0.0
1327,39.0
1327,56.0
1328,0.0
1328,56.0
1329,0.0
1329,56.0
1330,0.0
1330,56.0
1330,56.0
1330,39.0
1331,0.0
1331,56.0
1331,56.0
1331,39.0
1332,0.0
1332,56.0
1332,56.0
1332,39.0
1333,0.0
1333,56.0
1333,56.0
1333,39.0
1334,0.0
1334,56.0
1334,56.0
1334,39.0
1335,0.0
1335,56.0
1335,56.0
1336,0.0
1336,56.0
1336,56.0
1337,0.0
1337,56.0
1337,56.0
1338,0.0
1338,56.0
1338,56.0
1339,0.0
1339,56.0
1339,56.0
1340,0.0
1340,39.0
1340,56.0
1340,56.0
1341,0.0
1341,39.0
1341,56.0
1341,56.0
1342,0.0
1342,56.0
1342,39.0
1343,0.0
1343,56.0
1343,39.0
1344,0.0
1344,56.0
1344,39.0
1345,0.0
1345,56.0
1345,39.0
1346,0.0
1346,39.0
1346,56.0
1347,0.0
1347,39.0
1347,56.0
1348,0.0
1348,39.0
1348,56.0
1349,0.0
1349,39.0
1349,56.0
1350,0.0
1350,39.0
1350,56.0
1351,39.0
1351,0.0
1351,56.0
1352,39.0
1352,0.0
1352,56.0
1353,0.0
1353,56.0
1353,39.0
1354,0.0
1354,56.0
1354,39.0
1355,0.0
1355,56.0
1355,39.0
1355,62.0
1356,0.0
1356,56.0
1356,39.0
1356,62.0
1357,0.0
1357,56.0
1357,39.0
1357,62.0
1357,56.0
1358,0.0
1358,56.0
1358,39.0
1358,62.0
1358,56.0
1359,0.0
1359,56.0
1359,39.0
1359,56.0
1359,62.0
1360,0.0
1360,56.0
1360,39.0
1360,56.0
1361,0.0
1361,56.0
1361,39.0
1361,56.0
1362,0.0
1362,39.0
1362,56.0
1362,56.0
1363,39.0
1363,0.0
1363,56.0
1363,56.0
1364,0.0
1364,39.0
1364,56.0
1364,62.0
1365,39.0
1365,0.0
1365,56.0
1365,62.0
1366,39.0
1366,56.0
1366,0.0
1367,39.0
1367,56.0
1367,0.0
1368,39.0
1368,56.0
1368,0.0
1369,39.0
1369,56.0
1369,0.0
1370,39.0
1370,56.0
1371,0.0
1371,39.0
1371,56.0
1372,0.0
1372,39.0
1372,56.0
1373,0.0
1373,39.0
1373,56.0
1374,0.0
1374,39.0
1374,56.0
1374,56.0
1375,0.0
1375,39.0
1375,56.0
1375,56.0
1376,0.0
1376,56.0
1376,39.0
1376,56.0
1377,0.0
1377,56.0
1377,39.0
1377,56.0
1378,0.0
1378,56.0
1378,39.0
1379,0.0
1379,56.0
1379,39.0
1380,0.0
1380,56.0
1380,39.0
1381,0.0
1381,56.0
1381,39.0
1381,56.0
1382,0.0
1382,56.0
1382,39.0
1382,56.0
1383,0.0
1383,56.0
1384,0.0
1384,56.0
1385,0.0
1385,56.0
1386,0.0
1386,56.0
1387,0.0
1387,56.0
1387,39.0
1387,39.0
1388,56.0
1388,0.0
1388,39.0
1388,39.0
1389,56.0
1389,39.0
1389,39.0
1389,0.0
1390,0.0
1390,56.0
1390,39.0
1390,39.0
1391,0.0
1391,56.0
1391,39.0
1391,39.0
1392,0.0
1392,56.0
1392,39.0
1392,39.0
1393,39.0
1393,56.0
1394,39.0
1394,56.0
1395,0.0
1395,56.0
1395,39.0
1396,0.0
1396,56.0
1396,39.0
1397,0.0
1397,56.0
1397,39.0
1398,0.0
1398,39.0
1398,56.0
1399,0.0
1399,56.0
1399,39.0
1400,0.0
1400,39.0
1400,56.0
1401,0.0
1401,39.0
1401,56.0
1402,0.0
1402,56.0
1402,39.0
1402,39.0
1403,0.0
1403,56.0
1403,39.0
1403,39.0
1404,0.0
1404,56.0
1404,39.0
1404,39.0
1405,56.0
1405,0.0
1405,39.0
1405,39.0
1406,56.0
1406,0.0
1406,39.0
1406,39.0
1407,56.0
1407,39.0
1407,0.0
1407,39.0
1408,56.0
1408,39.0
1408,0.0
1408,39.0
1409,56.0
1409,39.0
1409,0.0
1409,39.0
1410,56.0
1410,39.0
1410,0.0
1411,56.0
1411,0.0
1411,39.0
1412,0.0
1412,56.0
1412,39.0
1413,0.0
1413,56.0
1413,39.0
1414,0.0
1414,56.0
1414,39.0
1415,0.0
1415,56.0
1415,39.0
1416,0.0
1416,56.0
1416,39.0
1417,0.0
1417,56.0
1417,39.0
1418,0.0
1418,56.0
1418,39.0
1419,0.0
1419,56.0
1419,39.0
1420,56.0
1420,0.0
1420,39.0
1421,56.0
1421,0.0
1421,39.0
1422,56.0
1422,39.0
1422,0.0
1423,56.0
1423,0.0
1423,39.0
1424,39.0
1424,56.0
1424,0.0
1425,39.0
1425,56.0
1425,0.0
1426,0.0
1426,56.0
1426,39.0
1427,0.0
1427,56.0
1427,39.0
1428,0.0
1428,56.0
1428,39.0
1429,0.0
1429,56.0
1429,39.0
1430,0.0
1430,56.0
1430,39.0
1431,0.0
1431,56.0
1431,39.0
1431,39.0
1432,0.0
1432,56.0
1432,39.0
1432,39.0
1433,0.0
1433,56.0
1433,39.0
1433,39.0
1434,0.0
1434,56.0
1434,39.0
1434,39.0
1434,0.0
1435,0.0
1435,56.0
1435,39.0
1435,39.0
1435,0.0
1436,0.0
1436,56.0
1436,39.0
1436,39.0
1437,0.0
1437,56.0
1437,39.0
1437,39.0
1438,0.0
1438,56.0
1438,39.0
1438,39.0
1439,56.0
1439,0.0
1439,39.0
1439,39.0
1440,56.0
1440,39.0
1440,0.0
1440,39.0
1441,39.0
1441,56.0
1441,0.0
1441,39.0
1442,39.0
1442,56.0
1442,0.0
1442,39.0
1443,0.0
1443,56.0
1443,39.0
1443,39.0
1444,0.0
1444,56.0
1444,39.0
1444,39.0
1445,0.0
1445,56.0
1445,39.0
1445,39.0
1446,0.0
1446,56.0
1446,39.0
1446,39.0
1447,0.0
1447,56.0
1447,39.0
1447,39.0
1448,0.0
1448,56.0
1448,39.0
1448,0.0
1448,39.0
1449,0.0
1449,56.0
1449,39.0
1449,0.0
1449,39.0
1450,0.0
1450,56.0
1450,39.0
1450,39.0
1451,0.0
1451,56.0
1451,39.0
1451,39.0
1452,0.0
1452,56.0
1452,39.0
1452,39.0
1453,0.0
1453,56.0
1453,39.0
1453,39.0
1454,0.0
1454,56.0
1454,39.0
1454,39.0
1455,0.0
1455,56.0
1455,39.0
1455,39.0
1456,0.0
1456,56.0
1456,39.0
1456,39.0
1457,0.0
1457,56.0
1457,39.0
1457,39.0
1458,0.0
1458,39.0
1458,56.0
1458,39.0
1459,0.0
1459,39.0
1459,56.0
1459,39.0
1460,0.0
1460,56.0
1460,39.0
1460,39.0
1461,0.0
1461,56.0
1461,39.0
1461,39.0
1462,0.0
1462,56.0
1462,39.0
1462,39.0
1463,0.0
1463,56.0
1463,39.0
1463,39.0
1464,0.0
1464,56.0
1464,39.0
1464,39.0
1465,0.0
1465,56.0
1465,39.0
1465,39.0
1466,0.0
1466,56.0
1466,39.0
1466,39.0
1467,39.0
1467,0.0
1467,56.0
1467,39.0
1468,39.0
1468,0.0
1468,56.0
1468,39.0
1469,39.0
1469,0.0
1469,56.0
1469,39.0
1470,0.0
1470,39.0
1470,56.0
1470,39.0
1471,0.0
1471,39.0
1471,56.0
1471,39.0
1472,0.0
1472,39.0
1472,56.0
1472,39.0
1473,0.0
1473,39.0
1473,56.0
1473,39.0
1474,0.0
1474,39.0
1474,56.0
1474,39.0
1475,39.0
1475,0.0
1475,56.0
1475,39.0
1476,0.0
1476,39.0
1476,56.0
1476,39.0
1477,0.0
1477,39.0
1477,56.0
1477,39.0
1478,0.0
1478,39.0
1478,56.0
1478,39.0
1479,0.0
1479,56.0
1479,39.0
1479,39.0
1480,0.0
1480,56.0
1480,39.0
1480,39.0
1481,0.0
1481,56.0
1481,39.0
1481,39.0
1482,0.0
1482,39.0
1482,56.0
1482,39.0
1483,0.0
1483,39.0
1483,56.0
1483,39.0
1484,0.0
1484,39.0
1484,56.0
1484,39.0
1485,0.0
1485,39.0
1485,56.0
1485,39.0
1486,0.0
1486,39.0
1486,56.0
1486,39.0
1487,0.0
1487,39.0
1487,56.0
1487,39.0
1488,0.0
1488,39.0
1488,56.0
1488,39.0
1489,0.0
1489,56.0
1489,39.0
1489,39.0
1490,0.0
1490,56.0
1490,39.0
1490,39.0
1491,0.0
1491,39.0
1491,56.0
1491,39.0
1492,0.0
1492,39.0
1492,56.0
1492,39.0
1492,56.0
1493,0.0
1493,39.0
1493,56.0
1493,39.0
1494,0.0
1494,56.0
1494,39.0
1494,39.0
1495,0.0
1495,56.0
1495,39.0
1495,39.0
1496,0.0
1496,56.0
1496,39.0
1496,39.0
1497,0.0
1497,56.0
1497,39.0
1497,39.0
1498,0.0
1498,56.0
1498,39.0
1498,39.0
1499,0.0
1499,56.0
1499,39.0
1499,39.0
1500,0.0
1500,56.0
1500,39.0
1500,39.0
1501,0.0
1501,39.0
1501,56.0
1502,0.0
1502,39.0
1502,56.0
1502,56.0
1503,0.0
1503,39.0
1503,56.0
1504,0.0
1504,39.0
1504,56.0
1505,0.0
1505,39.0
1505,56.0
1506,0.0
1506,56.0
1506,39.0
1507,0.0
1507,56.0
1507,39.0
1508,0.0
1508,39.0
1508,56.0
1509,0.0
1509,39.0
1509,56.0
1510,0.0
1510,39.0
1510,56.0
1511,0.0
1511,39.0
1511,56.0
1511,56.0
1512,0.0
1512,39.0
1512,56.0
1512,56.0
1513,0.0
1513,39.0
1513,56.0
1513,56.0
1514,0.0
1514,39.0
1514,56.0
1514,56.0
1515,39.0
1515,0.0
1515,56.0
1516,39.0
1516,0.0
1516,56.0
1517,39.0
1517,0.0
1517,56.0
1518,0.0
1518,39.0
1518,56.0
1518,56.0
1519,39.0
1519,0.0
1519,56.0
1519,56.0
1520,0.0
1520,39.0
1520,56.0
1520,56.0
1521,0.0
1521,39.0
1521,56.0
1521,56.0
1522,39.0
1522,0.0
1522,56.0
1522,56.0
1523,39.0
1523,0.0
1523,56.0
1523,56.0
1524,39.0
1524,0.0
1524,56.0
1525,39.0
1525,0.0
1525,56.0
1526,39.0
1526,0.0
1526,56.0
1527,39.0
1527,0.0
1527,56.0
1528,39.0
1528,0.0
1528,56.0
1529,39.0
1529,0.0
1529,56.0
1530,0.0
1530,39.0
1530,56.0
1530,56.0
1531,0.0
1531,39.0
1531,56.0
1532,0.0
1532,39.0
1532,56.0
1532,56.0
1533,0.0
1533,39.0
1533,56.0
1534,0.0
1534,39.0
1534,56.0
1534,56.0
1535,0.0
1535,39.0
1535,56.0
1535,56.0
1536,0.0
1536,39.0
1536,56.0
1536,56.0
1537,0.0
1537,39.0
1537,56.0
1537,56.0
1538,0.0
1538,39.0
1538,56.0
1538,56.0
1539,0.0
1539,39.0
1539,56.0
1539,56.0
1540,0.0
1540,39.0
1540,56.0
1540,56.0
1541,0.0
1541,39.0
1541,56.0
1541,56.0
1542,0.0
1542,39.0
1542,56.0
1542,56.0
1543,0.0
1543,39.0
1543,56.0
1543,56.0
1544,0.0
1544,39.0
1544,56.0
1544,56.0
1545,0.0
1545,39.0
1545,56.0
1546,0.0
1546,39.0
1546,56.0
1546,56.0
1547,0.0
1547,39.0
1547,56.0
1548,0.0
1548,39.0
1548,56.0
1549,0.0
1549,39.0
1549,56.0
1549,56.0
1550,0.0
1550,39.0
1550,56.0
1550,56.0
1551,0.0
1551,39.0
1551,56.0
1551,56.0
1552,0.0
1552,39.0
1552,56.0
1552,56.0
1553,0.0
1553,39.0
1553,56.0
1553,56.0
1554,0.0
1554,39.0
1554,56.0
1554,56.0
1555,0.0
1555,39.0
1555,56.0
1555,56.0
1556,0.0
1556,39.0
1556,56.0
1557,0.0
1557,39.0
1557,56.0
1558,0.0
1558,39.0
1558,56.0
1559,0.0
1559,39.0
1559,56.0
1559,56.0
1560,0.0
1560,39.0
1560,56.0
1560,56.0
1561,0.0
1561,39.0
1561,56.0
1561,56.0
1562,0.0
1562,39.0
1562,56.0
1562,56.0
1563,0.0
1563,39.0
1563,56.0
1564,0.0
1564,39.0
1564,56.0
1565,0.0
1565,39.0
1565,56.0
1566,0.0
1566,39.0
1566,56.0
1567,0.0
1567,39.0
1567,56.0
1568,0.0
1568,39.0
1568,56.0
1569,0.0
1569,39.0
1569,56.0
1570,39.0
1570,0.0
1570,56.0
1571,39.0
1571,0.0
1571,56.0
1572,39.0
1572,0.0
1572,56.0
1573,0.0
1573,39.0
1573,56.0
1574,0.0
1574,39.0
1574,56.0
1575,0.0
1575,39.0
1575,56.0
1576,0.0
1576,39.0
1576,56.0
1577,0.0
1577,39.0
1577,56.0
1578,0.0
1578,39.0
1578,56.0
1579,39.0
1579,0.0
1579,56.0
1580,39.0
1580,0.0
1580,56.0
1581,39.0
1581,0.0
1581,56.0
1582,39.0
1582,0.0
1582,56.0
1583,39.0
1583,0.0
1583,56.0
1584,39.0
1584,0.0
1584,56.0
1585,0.0
1585,39.0
1585,56.0
1586,0.0
1586,39.0
1586,56.0
1587,0.0
1587,39.0
1587,56.0
1588,0.0
1588,39.0
1588,56.0
1589,0.0
1589,39.0
1589,56.0
1590,0.0
1590,39.0
1590,56.0
1591,0.0
1591,39.0
1591,56.0
1592,0.0
1592,39.0
1592,56.0
1593,0.0
1593,39.0
1593,56.0
1594,0.0
1594,39.0
1594,56.0
1595,0.0
1595,39.0
1595,56.0
1596,0.0
1596,39.0
1596,56.0
1597,0.0
1597,39.0
1597,56.0
1598,0.0
1598,39.0
1598,56.0
1599,0.0
1599,39.0
1599,56.0
1599,56.0
1600,0.0
1600,39.0
1600,56.0
1600,56.0
1601,0.0
1601,39.0
1601,56.0
1601,56.0
1602,0.0
1602,39.0
1602,56.0
1603,0.0
1603,39.0
1603,56.0
1604,0.0
1604,39.0
1604,56.0
1605,0.0
1605,39.0
1605,56.0
1606,0.0
1606,39.0
1606,56.0
1607,0.0
1607,39.0
1607,56.0
1608,0.0
1608,39.0
1608,56.0
1609,0.0
1609,39.0
1609,56.0
1610,0.0
1610,39.0
1610,56.0
1611,0.0
1611,39.0
1611,56.0
1612,0.0
1612,39.0
1612,56.0
1613,0.0
1613,39.0
1613,56.0
1613,56.0
1614,0.0
1614,39.0
1614,56.0
1614,56.0
1615,0.0
1615,39.0
1615,56.0
1615,56.0
1616,0.0
1616,39.0
1616,56.0
1616,63.0
1616,56.0
1617,0.0
1617,39.0
1617,56.0
1617,56.0
1617,63.0
1618,0.0
1618,39.0
1618,56.0
1618,56.0
1618,63.0
1619,0.0
1619,39.0
1619,56.0
1619,56.0
1619,63.0
1620,0.0
1620,39.0
1620,56.0
1620,56.0
1620,63.0
1621,0.0
1621,39.0
1621,56.0
1621,63.0
1622,0.0
1622,39.0
1622,56.0
1622,63.0
1623,0.0
1623,39.0
1623,56.0
1624,0.0
1624,39.0
1624,56.0
1625,0.0
1625,39.0
1625,56.0
1626,0.0
1626,39.0
1626,56.0
1627,0.0
1627,39.0
1627,56.0
1628,0.0
1628,39.0
1628,56.0
1629,0.0
1629,39.0
1629,56.0
1630,0.0
1630,39.0
1630,56.0
1631,0.0
1631,39.0
1631,56.0
1632,0.0
1632,39.0
1632,56.0
1633,0.0
1633,39.0
1633,56.0
1634,0.0
1634,39.0
1634,56.0
1635,0.0
1635,39.0
1635,56.0
1635,39.0
1636,0.0
1636,39.0
1636,56.0
1636,39.0
1637,0.0
1637,39.0
1637,56.0
1637,39.0
1638,0.0
1638,39.0
1638,56.0
1638,63.0
1639,0.0
1639,39.0
1639,56.0
1640,0.0
1640,39.0
1640,56.0
1641,0.0
1641,39.0
1641,56.0
1642,0.0
1642,39.0
1642,56.0
1643,0.0
1643,39.0
1643,56.0
1644,0.0
1644,39.0
1644,56.0
1645,0.0
1645,39.0
1645,56.0
1645,39.0
1646,0.0
1646,39.0
1646,56.0
1646,39.0
1647,0.0
1647,39.0
1647,56.0
1648,0.0
1648,39.0
1648,56.0
1649,0.0
1649,39.0
1649,56.0
1650,0.0
1650,39.0
1650,56.0
1651,0.0
1651,39.0
1651,56.0
1652,0.0
1652,56.0
1652,39.0
1653,0.0
1653,56.0
1653,39.0
1654,0.0
1654,56.0
1654,39.0
1655,0.0
1655,56.0
1655,39.0
1656,0.0
1656,56.0
1656,39.0
1657,0.0
1657,56.0
1657,39.0
1658,0.0
1658,56.0
1658,39.0
1659,0.0
1659,56.0
1659,39.0
1660,0.0
1660,56.0
1660,39.0
1661,0.0
1661,56.0
1661,39.0
1662,0.0
1662,56.0
1662,39.0
1663,0.0
1663,56.0
1663,39.0
1664,0.0
1664,56.0
1664,39.0
1665,0.0
1665,56.0
1665,39.0
1666,0.0
1666,56.0
1666,39.0
1667,0.0
1667,56.0
1667,39.0
1668,0.0
1668,39.0
1668,56.0
1668,56.0
1669,0.0
1669,39.0
1669,56.0
1669,56.0
1670,0.0
1670,56.0
1670,39.0
1670,56.0
1671,0.0
1671,39.0
1671,56.0
1671,56.0
1672,0.0
1672,39.0
1672,56.0
1672,56.0
1673,0.0
1673,39.0
1673,56.0
1673,56.0
1674,0.0
1674,39.0
1674,56.0
1674,56.0
1675,0.0
1675,56.0
1675,39.0
1675,56.0
1676,0.0
1676,56.0
1676,39.0
1676,56.0
1677,0.0
1677,56.0
1677,39.0
1677,56.0
1678,0.0
1678,56.0
1678,39.0
1678,56.0
1679,0.0
1679,56.0
1679,39.0
1679,56.0
1680,0.0
1680,56.0
1680,39.0
1681,0.0
1681,56.0
1681,39.0
1681,56.0
1682,0.0
1682,56.0
1682,39.0
1683,0.0
1683,56.0
1683,39.0
1684,0.0
1684,56.0
1684,39.0
1685,0.0
1685,56.0
1685,39.0
1686,0.0
1686,56.0
1686,39.0
1686,56.0
1687,0.0
1687,56.0
1687,39.0
1687,56.0
1688,0.0
1688,56.0
1688,39.0
1688,56.0
1689,0.0
1689,56.0
1689,39.0
1689,56.0
1690,0.0
1690,56.0
1690,39.0
1690,56.0
1691,0.0
1691,56.0
1691,39.0
1691,56.0
1692,0.0
1692,56.0
1692,39.0
1692,56.0
1693,0.0
1693,39.0
1693,56.0
1693,56.0
1694,0.0
1694,39.0
1694,56.0
1694,56.0
1695,0.0
1695,39.0
1695,56.0
1695,56.0
1696,0.0
1696,39.0
1696,56.0
1696,56.0
1697,0.0
1697,39.0
1697,56.0
1697,56.0
1698,0.0
1698,39.0
1698,56.0
1699,0.0
1699,39.0
1699,56.0
1700,0.0
1700,39.0
1700,56.0
1701,0.0
1701,39.0
1701,56.0
1702,39.0
1702,0.0
1702,56.0
1703,39.0
1703,0.0
1703,56.0
1704,39.0
1704,0.0
1704,56.0
1705,39.0
1705,0.0
1705,56.0
1706,39.0
1706,0.0
1706,56.0
1707,39.0
1707,0.0
1707,56.0
1707,63.0
1708,39.0
1708,0.0
1708,63.0
1708,56.0
1709,39.0
1709,0.0
1709,63.0
1709,56.0
1710,39.0
1710,0.0
1710,56.0
1710,63.0
1711,39.0
1711,0.0
1711,56.0
1711,63.0
1712,39.0
1712,0.0
1712,56.0
1712,63.0
1713,39.0
1713,0.0
1713,56.0
1713,63.0
1714,39.0
1714,0.0
1714,56.0
1715,39.0
1715,0.0
1715,56.0
1716,39.0
1716,0.0
1716,56.0
1717,0.0
1717,39.0
1717,0.0
1717,56.0
1718,0.0
1718,39.0
1718,0.0
1718,56.0
1719,39.0
1719,0.0
1719,56.0
1719,56.0
1720,39.0
1720,0.0
1720,56.0
1720,56.0
1721,39.0
1721,0.0
1721,56.0
1721,56.0
1722,39.0
1722,0.0
1722,56.0
1722,56.0
1723,39.0
1723,0.0
1723,56.0
1723,56.0
1724,39.0
1724,0.0
1724,56.0
1724,56.0
1725,39.0
1725,0.0
1725,56.0
1725,56.0
1726,39.0
1726,0.0
1726,56.0
1726,56.0
1727,39.0
1727,0.0
1727,56.0
1727,56.0
1728,39.0
1728,0.0
1728,56.0
1728,56.0
1729,39.0
1729,0.0
1729,56.0
1730,39.0
1730,0.0
1730,56.0
1731,39.0
1731,0.0
1732,39.0
1732,0.0
1733,39.0
1733,0.0
1734,39.0
1734,0.0
1734,56.0
1735,39.0
1735,0.0
1735,56.0
1736,39.0
1736,0.0
1736,56.0
1737,39.0
1737,0.0
1737,56.0
1738,39.0
1738,56.0
1738,0.0
1739,39.0
1739,56.0
1739,0.0
1740,39.0
1740,56.0
1740,0.0
1741,39.0
1741,56.0
1741,0.0
1742,39.0
1742,56.0
1742,0.0
1743,39.0
1743,0.0
1743,56.0
1744,39.0
1744,0.0
1744,56.0
1745,39.0
1745,0.0
1745,56.0
1746,39.0
1746,0.0
1746,56.0
1747,39.0
1747,0.0
1747,56.0
1748,39.0
1748,0.0
1748,56.0
1749,39.0
1749,0.0
1749,56.0
1750,39.0
1750,0.0
1750,56.0
1751,39.0
1751,0.0
1751,56.0
1752,39.0
1752,0.0
1752,56.0
1753,39.0
1753,0.0
1753,56.0
1754,39.0
1754,0.0
1754,56.0
1755,39.0
1755,0.0
1755,56.0
1755,56.0
1756,39.0
1756,0.0
1756,56.0
1756,56.0
1757,39.0
1757,0.0
1757,56.0
1757,56.0
1758,39.0
1758,0.0
1758,56.0
1758,56.0
1759,39.0
1759,0.0
1759,56.0
1759,56.0
1760,39.0
1760,0.0
1760,56.0
1761,39.0
1761,0.0
1761,56.0
1762,39.0
1762,0.0
1762,56.0
1763,39.0
1763,0.0
1763,56.0
1764,39.0
1764,0.0
1764,56.0
1765,39.0
1765,0.0
1765,56.0
1765,0.0
1766,39.0
1766,0.0
1766,56.0
1767,39.0
1767,0.0
1767,56.0
1768,39.0
1768,0.0
1768,56.0
1769,39.0
1769,0.0
1769,56.0
1770,39.0
1770,0.0
1770,56.0
1770,56.0
1771,39.0
1771,0.0
1771,56.0
1772,39.0
1772,0.0
1772,56.0
1773,39.0
1773,0.0
1773,56.0
1774,39.0
1774,0.0
1774,56.0
1775,39.0
1775,0.0
1775,56.0
1776,39.0
1776,0.0
1776,56.0
1777,39.0
1777,0.0
1777,56.0
1777,63.0
1777,56.0
1778,39.0
1778,0.0
1778,56.0
1778,63.0
1778,56.0
1779,39.0
1779,0.0
1779,56.0
1779,63.0
1779,56.0
1780,39.0
1780,0.0
1780,56.0
1780,63.0
1780,56.0
1781,39.0
1781,0.0
1781,56.0
1781,63.0
1781,56.0
1782,0.0
1782,39.0
1782,56.0
1782,56.0
1782,0.0
1783,39.0
1783,0.0
1783,56.0
1783,56.0
1784,39.0
1784,0.0
1784,56.0
1785,39.0
1785,0.0
1785,56.0
1786,39.0
1786,0.0
1786,56.0
1786,0.0
1786,63.0
1787,39.0
1787,0.0
1787,56.0
1787,0.0
1787,63.0
1788,39.0
1788,0.0
1788,56.0
1788,0.0
1788,63.0
1789,39.0
1789,0.0
1789,56.0
1790,39.0
1790,0.0
1790,56.0
1791,39.0
1791,0.0
1791,56.0
1792,39.0
1792,0.0
1792,56.0
1792,56.0
1793,39.0
1793,0.0
1793,56.0
1793,56.0
1794,39.0
1794,0.0
1794,56.0
1795,39.0
1795,0.0
1795,56.0
1796,39.0
1796,0.0
1796,56.0
1797,39.0
1797,0.0
1797,56.0
1798,39.0
1798,56.0
1798,0.0
1799,39.0
1799,56.0
1799,0.0
1800,39.0
1800,56.0
1800,0.0
1801,39.0
1801,0.0
1801,56.0
1802,39.0
1802,0.0
1802,56.0
1803,39.0
1803,0.0
1803,56.0
1804,39.0
1804,0.0
1804,56.0
1805,0.0
1805,39.0
1805,56.0
1806,0.0
1806,56.0
1806,39.0
1807,0.0
1807,56.0
1807,39.0
1808,56.0
1808,0.0
1808,39.0
1809,56.0
1809,0.0
1809,39.0
1810,56.0
1810,0.0
1810,39.0
1811,56.0
1811,0.0
1811,39.0
1812,56.0
1812,39.0
1812,0.0
1813,56.0
1813,39.0
1813,0.0
1814,39.0
1814,56.0
1814,0.0
1815,39.0
1815,56.0
1815,0.0
1816,39.0
1816,56.0
1816,0.0
1817,39.0
1817,56.0
1817,0.0
1818,39.0
1818,56.0
1818,0.0
1819,39.0
1819,56.0
1819,0.0
1820,56.0
1820,0.0
1820,39.0
1821,56.0
1821,0.0
1821,39.0
1822,56.0
1822,39.0
1822,0.0
1823,56.0
1823,39.0
1823,0.0
1824,56.0
1824,39.0
1824,0.0
1825,0.0
1825,56.0
1825,39.0
1826,0.0
1826,56.0
1826,39.0
1827,39.0
1827,0.0
1827,56.0
1828,39.0
1828,0.0
1828,56.0
1829,39.0
1829,0.0
1829,56.0
1830,0.0
1830,39.0
1830,56.0
1830,56.0
1830,63.0
1831,0.0
1831,39.0
1831,56.0
1831,56.0
1831,63.0
1832,39.0
1832,0.0
1833,39.0
1833,0.0
1834,39.0
1834,0.0
1834,56.0
1834,62.0
1834,63.0
1835,39.0
1835,0.0
1835,56.0
1835,62.0
1835,63.0
1836,39.0
1836,0.0
1836,56.0
1836,62.0
1836,63.0
1837,0.0
1837,39.0
1837,56.0
1838,0.0
1838,39.0
1838,56.0
1838,62.0
1839,0.0
1839,39.0
1839,56.0
1839,62.0
1840,0.0
1840,39.0
1840,56.0
1840,62.0
1841,0.0
1841,39.0
1841,56.0
1841,62.0
1842,0.0
1842,39.0
1842,56.0
1843,0.0
1843,39.0
1843,56.0
1844,39.0
1844,0.0
1844,56.0
1845,39.0
1845,0.0
1845,56.0
1846,39.0
1846,0.0
1846,56.0
1846,0.0
1847,39.0
1847,0.0
1847,56.0
1847,0.0
1848,39.0
1848,0.0
1848,0.0
1848,56.0
1849,39.0
1849,0.0
1849,0.0
1849,56.0
1850,39.0
1850,0.0
1850,56.0
1851,39.0
1851,0.0
1851,62.0
1852,39.0
1852,0.0
1852,62.0
1853,39.0
1853,0.0
1853,62.0
1854,0.0
1854,39.0
1854,0.0
1854,56.0
1855,39.0
1855,0.0
1855,56.0
1856,0.0
1856,39.0
1856,56.0
1857,39.0
1857,0.0
1857,56.0
1858,0.0
1858,39.0
1858,56.0
1858,0.0
1858,62.0
1859,39.0
1859,0.0
1859,56.0
1859,0.0
1859,62.0
1860,39.0
1860,0.0
1860,56.0
1860,0.0
1860,62.0
1861,39.0
1861,0.0
1861,56.0
1861,62.0
1862,39.0
1862,0.0
1862,56.0
1862,62.0
1863,39.0
1863,0.0
1863,56.0
1864,39.0
1864,0.0
1864,56.0
1865,39.0
1865,0.0
1865,56.0
1866,39.0
1866,0.0
1866,56.0
1867,39.0
1867,0.0
1867,56.0
1868,39.0
1868,0.0
1868,56.0
1869,39.0
1869,0.0
1869,56.0
1870,39.0
1870,0.0
1870,56.0
1871,39.0
1871,0.0
1871,56.0
1872,39.0
1872,0.0
1872,56.0
1873,39.0
1873,0.0
1873,56.0
1873,62.0
1874,39.0
1874,0.0
1874,56.0
1874,62.0
1875,0.0
1875,39.0
1875,56.0
1876,39.0
1876,0.0
1876,56.0
1877,39.0
1877,0.0
1877,56.0
1878,39.0
1878,0.0
1878,56.0
1879,39.0
1879,0.0
1879,56.0
1880,39.0
1880,0.0
1880,56.0
1881,39.0
1881,0.0
1881,56.0
1882,0.0
1882,39.0
1882,62.0
1882,56.0
1883,0.0
1883,39.0
1883,62.0
1883,56.0
1884,0.0
1884,39.0
1884,62.0
1884,56.0
1885,0.0
1885,39.0
1885,63.0
1885,62.0
1885,0.0
1885,56.0
1886,0.0
1886,39.0
1886,63.0
1886,56.0
1886,62.0
1886,0.0
1887,0.0
1887,39.0
1887,63.0
1887,62.0
1887,56.0
1888,0.0
1888,39.0
1888,63.0
1888,62.0
1888,56.0
1889,0.0
1889,39.0
1889,63.0
1889,62.0
1889,56.0
1890,0.0
1890,39.0
1890,63.0
1890,56.0
1890,62.0
1891,0.0
1891,39.0
1891,63.0
1891,56.0
1891,62.0
1892,0.0
1892,39.0
1892,63.0
1892,63.0
1892,62.0
1892,56.0
1893,0.0
1893,39.0
1893,63.0
1893,63.0
1893,62.0
1893,56.0
1894,0.0
1894,39.0
1894,63.0
1894,63.0
1894,56.0
1894,62.0
1895,0.0
1895,39.0
1895,63.0
1895,63.0
1895,56.0
1895,62.0
1896,0.0
1896,39.0
1896,63.0
1896,63.0
1896,56.0
1897,39.0
1897,63.0
1897,0.0
1897,63.0
1897,56.0
1897,56.0
1898,39.0
1898,0.0
1898,63.0
1898,63.0
1898,56.0
1898,56.0
1899,0.0
1899,39.0
1899,56.0
1899,62.0
1899,63.0
1900,0.0
1900,56.0
1900,39.0
1900,63.0
1900,62.0
1901,0.0
1901,56.0
1901,39.0
1901,63.0
1901,62.0
1902,0.0
1902,39.0
1902,56.0
1902,62.0
1902,63.0
1903,0.0
1903,39.0
1903,56.0
1903,62.0
1903,63.0
1904,56.0
1904,39.0
1904,0.0
1904,62.0
1905,56.0
1905,39.0
1905,0.0
1905,62.0
1906,0.0
1906,39.0
1906,56.0
1906,62.0
1907,0.0
1907,39.0
1907,56.0
1907,62.0
1908,0.0
1908,39.0
1908,56.0
1908,62.0
1909,0.0
1909,39.0
1909,56.0
1909,62.0
1910,0.0
1910,39.0
1910,56.0
1910,62.0
1911,39.0
1911,56.0
1911,0.0
1911,62.0
1912,39.0
1912,0.0
1912,56.0
1912,62.0
1913,39.0
1913,0.0
1913,56.0
1913,62.0
1914,56.0
1914,39.0
1914,0.0
1914,62.0
1915,56.0
1915,39.0
1915,0.0
1915,62.0
1916,56.0
1916,39.0
1916,0.0
1916,62.0
1917,56.0
1917,39.0
1917,0.0
1917,62.0
1918,39.0
1918,56.0
1918,62.0
1918,0.0
1918,63.0
1919,39.0
1919,56.0
1919,62.0
1919,0.0
1919,63.0
1920,39.0
1920,56.0
1920,62.0
1920,0.0
1920,63.0
1921,39.0
1921,0.0
1921,56.0
1921,62.0
1922,39.0
1922,0.0
1922,56.0
1922,62.0
1923,0.0
1923,39.0
1923,56.0
1923,62.0
1924,0.0
1924,39.0
1924,56.0
1924,62.0
1925,0.0
1925,39.0
1925,56.0
1925,62.0
1926,0.0
1926,56.0
1926,39.0
1926,62.0
1926,63.0
1927,0.0
1927,56.0
1927,39.0
1927,62.0
1928,0.0
1928,56.0
1928,39.0
1929,0.0
1929,56.0
1929,39.0
1929,62.0
1930,0.0
1930,56.0
1930,39.0
1931,0.0
1931,56.0
1931,39.0
1932,0.0
1932,56.0
1932,39.0
1933,56.0
1933,0.0
1933,39.0
1934,56.0
1934,0.0
1934,39.0
1935,56.0
1935,0.0
1935,39.0
1936,56.0
1936,0.0
1936,39.0
1937,56.0
1937,0.0
1937,39.0
1938,56.0
1938,0.0
1938,39.0
1939,56.0
1939,0.0
1939,39.0
1940,56.0
1940,0.0
1940,39.0
1941,56.0
1941,39.0
1941,0.0
1942,56.0
1942,39.0
1942,0.0
1943,56.0
1943,39.0
1943,0.0
1944,56.0
1944,39.0
1944,0.0
1945,56.0
1945,0.0
1945,39.0
1946,56.0
1946,0.0
1946,39.0
1947,0.0
1947,56.0
1947,39.0
1947,62.0
1948,0.0
1948,56.0
1948,39.0
1948,62.0
1949,0.0
1949,56.0
1949,39.0
1949,62.0
1950,0.0
1950,56.0
1950,39.0
1950,0.0
1950,62.0
1950,63.0
1951,0.0
1951,56.0
1951,39.0
1951,0.0
1951,62.0
1951,63.0
1952,0.0
1952,39.0
1952,56.0
1952,62.0
1953,0.0
1953,39.0
1953,56.0
1953,62.0
1954,0.0
1954,39.0
1954,56.0
1954,63.0
1954,62.0
1955,0.0
1955,39.0
1955,56.0
1955,63.0
1955,62.0
1956,0.0
1956,39.0
1956,56.0
1956,63.0
1956,62.0
1957,39.0
1957,0.0
1957,56.0
1957,62.0
1958,39.0
1958,0.0
1958,56.0
1958,62.0
1959,0.0
1959,39.0
1959,56.0
1959,62.0
1960,39.0
1960,0.0
1960,56.0
1960,62.0
1961,39.0
1961,0.0
1961,56.0
1961,62.0
1962,0.0
1962,39.0
1962,56.0
1962,62.0
1963,0.0
1963,39.0
1963,56.0
1963,62.0
1964,0.0
1964,39.0
1964,56.0
1964,62.0
1964,63.0
1965,0.0
1965,39.0
1965,56.0
1965,62.0
1965,63.0
1966,0.0
1966,39.0
1966,56.0
1966,56.0
1966,63.0
1966,62.0
1967,0.0
1967,39.0
1967,56.0
1967,56.0
1967,63.0
1967,62.0
1968,0.0
1968,39.0
1968,56.0
1968,56.0
1968,63.0
1968,62.0
1969,0.0
1969,39.0
1969,63.0
1969,56.0
1969,56.0
1969,62.0
1969,64.0
1970,0.0
1970,39.0
1970,63.0
1970,56.0
1970,56.0
1970,62.0
1970,64.0
1971,0.0
1971,39.0
1971,62.0
1971,56.0
1971,56.0
1972,0.0
1972,39.0
1972,62.0
1972,56.0
1972,56.0
1972,64.0
1973,0.0
1973,39.0
1973,56.0
1973,62.0
1973,56.0
1973,64.0
1974,39.0
1974,0.0
1974,63.0
1974,56.0
1974,56.0
1974,64.0
1974,62.0
1975,0.0
1975,39.0
1975,63.0
1975,56.0
1975,56.0
1975,62.0
1975,64.0
1976,0.0
1976,39.0
1976,56.0
1976,56.0
1976,63.0
1976,64.0
1976,62.0
1977,0.0
1977,39.0
1977,56.0
1977,63.0
1977,56.0
1977,64.0
1977,62.0
1978,39.0
1978,0.0
1978,56.0
1978,62.0
1978,64.0
1978,63.0
1979,39.0
1979,0.0
1979,56.0
1979,62.0
1979,64.0
1979,63.0
1980,39.0
1980,0.0
1980,56.0
1980,62.0
1980,63.0
1980,64.0
1981,39.0
1981,56.0
1981,0.0
1981,63.0
1981,62.0
1982,39.0
1982,56.0
1982,0.0
1982,62.0
1982,63.0
1983,39.0
1983,63.0
1983,56.0
1983,64.0
1984,39.0
1984,63.0
1984,56.0
1984,64.0
1985,39.0
1985,63.0
1985,56.0
1985,64.0
1986,39.0
1986,63.0
1986,56.0
1987,39.0
1987,63.0
1988,39.0
1988,56.0
1988,63.0
1989,39.0
1989,56.0
1989,63.0
1990,39.0
1990,56.0
1990,63.0
1990,0.0
1990,64.0
1990,62.0
1991,39.0
1991,56.0
1991,63.0
1991,0.0
1991,64.0
1991,62.0
1992,39.0
1992,56.0
1992,63.0
1992,64.0
1992,0.0
1992,62.0
1993,39.0
1993,56.0
1993,63.0
1993,0.0
1994,39.0
1994,56.0
1994,63.0
1994,64.0
1995,39.0
1995,63.0
1995,56.0
1996,39.0
1996,63.0
1996,56.0
1997,39.0
1997,63.0
1997,56.0
1998,39.0
1998,63.0
1998,62.0
1998,56.0
1998,64.0
1999,39.0
1999,63.0
1999,62.0
2000,39.0
2000,63.0
2000,62.0
2001,39.0
2001,63.0
2001,62.0
2002,39.0
2002,63.0
2003,39.0
2003,63.0
2004,39.0
2004,63.0
2005,39.0
2005,63.0
2006,39.0
2006,63.0
2007,39.0
2007,63.0
2008,39.0
2008,63.0
2009,39.0
2009,63.0
2010,39.0
2010,63.0
2010,62.0
2011,39.0
2011,62.0
2011,63.0
2012,39.0
2012,62.0
2013,39.0
2013,62.0
2014,39.0
2014,62.0
2015,39.0
2015,62.0
2016,39.0
2016,62.0
2017,39.0
2018,39.0
2019,39.0
2019,62.0
2020,39.0
2020,62.0
2021,39.0
2021,62.0
2022,39.0
2022,0.0
2022,56.0
2022,64.0
2023,39.0
2023,0.0
2023,56.0
2023,64.0
2024,0.0
2024,39.0
2024,56.0
2024,56.0
2024,64.0
2025,0.0
2025,39.0
2025,56.0
2025,56.0
2025,64.0
2026,39.0
2026,62.0
2027,39.0
2027,62.0
2028,39.0
2028,64.0
2028,62.0
2029,39.0
2029,64.0
2029,62.0
2030,39.0
2030,64.0
2030,62.0
2031,39.0
2032,39.0
2033,39.0
2034,39.0
2035,39.0
2035,64.0
2036,39.0
2036,64.0
2036,0.0
2036,62.0
2037,39.0
2037,64.0
2037,62.0
2038,39.0
2038,0.0
2038,64.0
2038,62.0
2039,39.0
2039,0.0
2039,64.0
2039,62.0
2040,39.0
2040,0.0
2040,64.0
2040,62.0
2041,39.0
2041,0.0
2041,62.0
2041,64.0
2041,56.0
2042,39.0
2042,62.0
2042,64.0
2043,39.0
2043,62.0
2043,64.0
2044,39.0
2044,62.0
2044,64.0
2045,39.0
2045,62.0
2045,64.0
2046,39.0
2046,62.0
2046,63.0
2047,39.0
2047,62.0
2047,63.0
2048,39.0
2049,39.0
2050,39.0
2051,39.0
2052,39.0
2053,39.0
2054,39.0
2055,39.0
2056,39.0
2057,39.0
2058,39.0
2059,39.0
2060,39.0
2061,39.0
2062,39.0
2063,39.0
2064,39.0
2065,39.0
2066,39.0
2067,39.0
2068,39.0
2069,39.0
2070,39.0
2071,39.0
2072,39.0
2072,0.0
2073,39.0
2073,0.0
2074,39.0
2075,39.0
2076,39.0
2077,0.0
2077,39.0
2078,0.0
2078,39.0
2082,39.0
2083,39.0
2084,39.0
2085,39.0
2086,39.0
2086,63.0
2087,39.0
2087,63.0
2088,39.0
2088,63.0
2089,39.0
2089,63.0
2090,39.0
2090,63.0
2091,39.0
2091,63.0
2091,62.0
2092,39.0
2092,63.0
2092,62.0
2093,39.0
2093,63.0
2093,62.0
2094,39.0
2094,63.0
2095,39.0
2095,63.0
2096,39.0
2097,39.0
2098,39.0
2099,39.0
2100,39.0
2101,39.0
2102,39.0
2103,39.0
2104,39.0
2104,56.0
2105,39.0
2105,56.0
2106,39.0
2107,39.0
2108,39.0
2109,39.0
2110,39.0
2111,39.0
2112,39.0
2113,39.0
2114,39.0
2115,39.0
2116,39.0
2117,39.0
2118,39.0
2119,39.0
2120,39.0
2121,39.0
2122,39.0
2123,39.0
2124,39.0
2125,39.0
2126,39.0
2127,39.0
2127,56.0
2128,39.0
2128,56.0
2129,39.0
2129,56.0
2130,39.0
2130,56.0
2130,63.0
2131,39.0
2131,56.0
2131,63.0
2132,39.0
2133,39.0
2133,56.0
2134,39.0
2135,39.0
2136,39.0
2137,39.0
2137,56.0
2138,39.0
2138,56.0
2139,39.0
2139,56.0
2140,39.0
2140,56.0
2141,39.0
2141,56.0
2142,39.0
2143,39.0
2143,56.0
2144,39.0
2145,39.0
2146,39.0
2147,39.0
2148,39.0
2149,39.0
2150,39.0
2151,39.0
2151,56.0
2152,39.0
2152,56.0
2153,39.0
2153,56.0
2154,39.0
2155,39.0
2156,39.0
2157,39.0
2158,39.0
2159,39.0
2160,39.0
2161,39.0
2162,39.0
2163,39.0
2163,63.0
2164,39.0
2164,63.0
2165,39.0
2165,63.0
2166,39.0
2167,39.0
2168,39.0
2168,56.0
2169,39.0
2170,39.0
2170,63.0
2171,39.0
2171,63.0
2172,39.0
2173,39.0
2173,56.0
2174,39.0
2174,56.0
2175,39.0
2175,56.0
2176,39.0
2176,56.0
2177,39.0
2177,56.0
2178,39.0
2178,56.0
2179,39.0
2179,56.0
2180,39.0
2181,39.0
2182,39.0
2183,39.0
2184,39.0
2184,56.0
2185,39.0
2185,56.0
2186,39.0
2186,56.0
2187,39.0
2187,56.0
2188,39.0
2188,56.0
2189,39.0
2189,56.0
2190,39.0
2190,56.0
2191,39.0
2191,56.0
2192,39.0
2192,56.0
2193,39.0
2193,56.0
2194,39.0
2194,56.0
2195,39.0
2195,56.0
2196,39.0
2196,56.0
2197,39.0
2197,56.0
2198,39.0
2198,56.0
2199,39.0
2199,56.0
2199,63.0
2200,39.0
2200,56.0
2200,63.0
2201,39.0
2201,56.0
2201,63.0
2202,39.0
2202,56.0
2202,63.0
2203,39.0
2203,56.0
2203,63.0
2204,39.0
2204,56.0
2204,63.0
2205,39.0
2205,56.0
2205,63.0
2206,39.0
2206,56.0
2207,39.0
2207,56.0
2208,39.0
2208,56.0
2209,39.0
2209,56.0
2210,39.0
2210,56.0
2211,39.0
2211,56.0
2212,39.0
2212,56.0
2213,39.0
2213,56.0
2214,39.0
2214,56.0
2215,39.0
2215,56.0
2216,39.0
2216,56.0
2217,39.0
2217,56.0
2218,39.0
2218,56.0
2219,39.0
2219,56.0
2220,39.0
2220,56.0
2221,0.0
2222,0.0
2223,0.0
2224,0.0
2225,0.0
2226,0.0
2226,56.0
2227,0.0
2228,0.0
2228,62.0
2229,0.0
2229,62.0
2230,0.0
2231,0.0
2232,0.0
2233,0.0
2234,0.0
2235,0.0
2236,0.0
2237,0.0
2238,0.0
2239,0.0
2240,0.0
2240,56.0
2241,0.0
2241,56.0
2242,0.0
2243,0.0
2244,0.0
2245,0.0
2246,0.0
2247,0.0
2248,0.0
2249,0.0
2250,0.0
2251,0.0
2252,0.0
2253,0.0
2254,0.0
2255,0.0
2256,0.0
2257,0.0
2258,0.0
2259,0.0
2260,0.0
2261,0.0
2262,0.0
2263,0.0
2264,0.0
2265,0.0
2266,0.0
2267,0.0
2268,0.0
2269,0.0
2270,0.0
2271,0.0
2272,0.0
2273,0.0
2274,0.0
2275,0.0
2276,0.0
2277,0.0
2278,0.0
2279,0.0
2280,0.0
2281,0.0
2281,56.0
2282,0.0
2282,56.0
2283,0.0
2284,0.0
2285,0.0
2286,0.0
2287,0.0
2288,0.0
2289,0.0
2290,0.0
2291,0.0
2292,0.0
2293,0.0
2294,0.0
2295,0.0
2296,56.0
2296,0.0
2297,56.0
2297,0.0
2298,56.0
2298,0.0
2299,56.0
2299,0.0
2300,0.0
2300,56.0
2301,56.0
2301,0.0
2302,56.0
2302,0.0
2303,56.0
2303,0.0
2304,56.0
2304,0.0
2304,45.0
2305,0.0
2305,56.0
2306,56.0
2306,0.0
2307,56.0
2307,0.0
2308,56.0
2308,0.0
2309,56.0
2309,0.0
2310,56.0
2310,0.0
2311,56.0
2311,0.0
2312,56.0
2312,0.0
2313,56.0
2313,0.0
2314,56.0
2314,0.0
2315,56.0
2315,0.0
2316,56.0
2316,0.0
2317,56.0
2317,0.0
2318,56.0
2318,0.0
2319,0.0
2319,56.0
2319,56.0
2320,0.0
2320,56.0
2320,56.0
2321,0.0
2321,56.0
2322,56.0
2322,0.0
2323,56.0
2323,0.0
2324,0.0
2324,56.0
2325,0.0
2325,56.0
2326,0.0
2326,56.0
2327,0.0
2327,56.0
2328,0.0
2328,56.0
2329,0.0
2329,56.0
2330,0.0
2330,56.0
2330,62.0
2331,0.0
2331,56.0
2331,62.0
2332,0.0
2332,56.0
2332,0.0
2332,62.0
2333,0.0
2333,56.0
2333,0.0
2333,62.0
2334,0.0
2334,56.0
2334,0.0
2334,62.0
2335,0.0
2335,56.0
2336,0.0
2336,56.0
2337,0.0
2337,56.0
2338,0.0
2338,56.0
2339,0.0
2339,56.0
2340,0.0
2340,56.0
2341,0.0
2341,56.0
2342,0.0
2342,56.0
2343,0.0
2343,56.0
2344,0.0
2344,56.0
2345,0.0
2345,56.0
2346,0.0
2346,56.0
2346,45.0
2347,0.0
2347,56.0
2347,45.0
2348,0.0
2348,56.0
2348,45.0
2348,62.0
2349,0.0
2349,56.0
2349,45.0
2350,0.0
2350,56.0
2350,45.0
2350,63.0
2351,0.0
2351,56.0
2351,45.0
2351,63.0
2352,0.0
2352,56.0
2352,45.0
2352,63.0
2353,0.0
2353,56.0
2353,45.0
2354,0.0
2354,56.0
2354,45.0
2355,0.0
2355,56.0
2355,41.0
2355,45.0
2356,0.0
2356,56.0
2356,41.0
2356,45.0
2357,0.0
2357,56.0
2357,41.0
2357,45.0
2358,0.0
2358,56.0
2359,0.0
2359,56.0
2360,0.0
2360,56.0
2361,0.0
2361,56.0
2362,0.0
2362,56.0
2363,0.0
2363,56.0
2364,0.0
2364,56.0
2365,0.0
2365,56.0
2366,0.0
2366,56.0
2366,0.0
2367,0.0
2367,56.0
2367,0.0
2368,0.0
2368,0.0
2368,56.0
2369,0.0
2369,0.0
2369,56.0
2370,0.0
2370,0.0
2370,56.0
2371,0.0
2371,0.0
2371,56.0
2371,63.0
2372,0.0
2372,0.0
2372,56.0
2372,63.0
2373,0.0
2373,0.0
2373,56.0
2373,45.0
2373,62.0
2373,45.0
2374,0.0
2374,0.0
2374,56.0
2374,45.0
2374,45.0
2375,0.0
2375,0.0
2375,56.0
2375,45.0
2376,56.0
2376,0.0
2376,45.0
2377,56.0
2377,0.0
2377,45.0
2378,0.0
2379,0.0
2380,0.0
2380,0.0
2380,56.0
2381,0.0
2381,0.0
2381,56.0
2382,0.0
2382,0.0
2382,56.0
2383,0.0
2383,56.0
2384,0.0
2384,56.0
2385,0.0
2386,0.0
2387,0.0
2388,0.0
2389,0.0
2389,56.0
2390,0.0
2390,56.0
2391,0.0
2392,0.0
2393,0.0
2394,63.0
2394,45.0
2395,45.0
2396,45.0
2397,45.0
2398,0.0
2398,45.0
2399,0.0
2399,45.0
2400,0.0
2400,45.0
2401,0.0
2401,45.0
2402,0.0
2402,45.0
2403,0.0
2403,45.0
2404,0.0
2404,45.0
2405,0.0
2405,45.0
2406,0.0
2406,45.0
2407,0.0
2407,45.0
2408,0.0
2408,45.0
2409,0.0
2409,45.0
2410,0.0
2410,45.0
2411,0.0
2411,45.0
2412,0.0
2413,0.0
2414,0.0
2414,45.0
2415,0.0
2415,45.0
2416,0.0
2416,45.0
2417,0.0
2417,45.0
2418,0.0
2418,45.0
2419,45.0
2419,0.0
2419,45.0
2420,0.0
2420,45.0
2420,45.0
2421,0.0
2421,45.0
2421,56.0
2422,0.0
2422,45.0
2422,56.0
2423,0.0
2423,45.0
2423,56.0
2426,0.0
2426,56.0
2426,45.0
2427,0.0
2427,56.0
2427,45.0
2428,0.0
2428,62.0
2428,45.0
2429,0.0
2429,62.0
2429,45.0
2430,0.0
2430,62.0
2430,45.0
2431,0.0
2431,62.0
2431,56.0
2431,45.0
2432,0.0
2432,62.0
2432,56.0
2432,45.0
2433,0.0
2433,62.0
2433,56.0
2433,45.0
2434,0.0
2434,45.0
2435,0.0
2435,45.0
2436,0.0
2436,45.0
2437,0.0
2437,45.0
2437,45.0
2437,62.0
2438,0.0
2438,45.0
2438,45.0
2438,62.0
2439,0.0
2439,45.0
2439,45.0
2439,56.0
2440,0.0
2440,45.0
2440,56.0
2440,45.0
2441,0.0
2441,45.0
2441,56.0
2441,45.0
2442,0.0
2442,45.0
2442,45.0
2442,56.0
2443,0.0
2443,45.0
2443,45.0
2443,56.0
2444,0.0
2444,45.0
2444,45.0
2445,0.0
2445,45.0
2445,45.0
2446,0.0
2446,45.0
2446,45.0
2446,56.0
2447,0.0
2447,45.0
2447,45.0
2447,56.0
2448,0.0
2448,45.0
2448,45.0
2448,56.0
2449,0.0
2449,56.0
2449,45.0
2449,45.0
2450,0.0
2450,56.0
2450,45.0
2450,45.0
2451,0.0
2451,56.0
2451,45.0
2451,45.0
2451,62.0
2452,0.0
2452,56.0
2452,45.0
2452,45.0
2452,62.0
2453,0.0
2453,56.0
2453,45.0
2453,45.0
2453,62.0
2454,0.0
2454,56.0
2454,45.0
2454,45.0
2455,0.0
2455,56.0
2455,45.0
2455,45.0
2456,0.0
2456,56.0
2456,45.0
2456,45.0
2457,0.0
2457,56.0
2457,45.0
2457,45.0
2458,0.0
2458,45.0
2458,45.0
2459,0.0
2459,45.0
2459,45.0
2460,0.0
2460,45.0
2460,45.0
2460,56.0
2461,0.0
2461,45.0
2461,45.0
2462,0.0
2462,45.0
2462,45.0
2462,56.0
2463,0.0
2463,56.0
2464,0.0
2464,56.0
2465,0.0
2465,56.0
2466,0.0
2467,0.0
2467,45.0
2467,45.0
2468,0.0
2468,56.0
2469,0.0
2469,45.0
2469,56.0
2470,0.0
2470,56.0
2470,45.0
2470,45.0
2470,62.0
2471,0.0
2471,56.0
2471,62.0
2471,45.0
2471,45.0
2472,0.0
2472,56.0
2472,45.0
2472,45.0
2473,0.0
2473,45.0
2473,45.0
2473,56.0
2474,0.0
2474,45.0
2474,45.0
2474,56.0
2475,0.0
2475,45.0
2475,45.0
2475,62.0
2475,56.0
2476,0.0
2476,45.0
2476,45.0
2476,56.0
2476,62.0
2477,0.0
2477,45.0
2477,45.0
2477,56.0
2477,62.0
2478,0.0
2478,56.0
2478,45.0
2478,45.0
2479,0.0
2479,56.0
2479,45.0
2479,45.0
2480,0.0
2480,56.0
2480,62.0
2481,0.0
2481,62.0
2481,56.0
2481,45.0
2482,0.0
2482,62.0
2482,56.0
2483,0.0
2483,62.0
2483,56.0
2484,0.0
2484,56.0
2484,45.0
2484,45.0
2485,0.0
2485,56.0
2485,45.0
2486,0.0
2486,56.0
2486,45.0
2487,0.0
2487,56.0
2487,45.0
2488,0.0
2488,56.0
2488,45.0
2488,45.0
2489,0.0
2489,56.0
2489,45.0
2489,45.0
2490,0.0
2490,56.0
2490,45.0
2490,45.0
2491,0.0
2491,56.0
2491,45.0
2491,45.0
2492,0.0
2492,45.0
2492,56.0
2492,45.0
2493,0.0
2493,56.0
2493,45.0
2493,45.0
2494,0.0
2494,56.0
2494,45.0
2494,45.0
2495,0.0
2495,56.0
2495,45.0
2495,45.0
2496,0.0
2496,56.0
2496,45.0
2496,45.0
2497,0.0
2497,45.0
2497,56.0
2497,45.0
2498,0.0
2498,45.0
2498,56.0
2498,45.0
2499,0.0
2499,56.0
2499,45.0
2500,0.0
2500,56.0
2500,45.0
2500,45.0
2501,0.0
2501,56.0
2501,45.0
2501,45.0
2502,0.0
2502,56.0
2502,45.0
2502,45.0
2503,0.0
2503,56.0
2503,45.0
2503,45.0
2504,0.0
2504,56.0
2504,45.0
2504,45.0
2505,0.0
2505,56.0
2505,45.0
2505,45.0
2506,0.0
2506,56.0
2506,45.0
2506,45.0
2507,0.0
2507,56.0
2507,45.0
2507,45.0
2508,0.0
2508,56.0
2509,0.0
2509,56.0
2510,0.0
2510,56.0
2511,0.0
2511,56.0
2512,0.0
2512,56.0
2513,0.0
2513,56.0
2516,0.0
2516,56.0
2517,0.0
2517,56.0
2518,0.0
2518,56.0
2519,0.0
2519,56.0
2520,0.0
2520,56.0
2520,45.0
2521,0.0
2521,56.0
2522,0.0
2522,56.0
2523,0.0
2523,56.0
2524,0.0
2524,56.0
2525,0.0
2525,56.0
2526,0.0
2526,56.0
2527,0.0
2527,56.0
2528,0.0
2528,56.0
2529,0.0
2529,56.0
2530,0.0
2530,56.0
2531,0.0
2531,56.0
2532,0.0
2532,56.0
2533,0.0
2533,56.0
2534,0.0
2534,56.0
2535,0.0
2535,56.0
2535,45.0
2536,0.0
2536,56.0
2537,0.0
2537,56.0
2538,0.0
2538,56.0
2538,45.0
2539,0.0
2539,56.0
2539,45.0
2540,0.0
2540,56.0
2540,45.0
2541,0.0
2541,56.0
2541,45.0
2542,0.0
2542,56.0
2542,45.0
2543,0.0
2543,56.0
2543,45.0
2544,0.0
2544,56.0
2544,45.0
2545,0.0
2545,56.0
2545,45.0
2546,0.0
2546,45.0
2546,56.0
2546,45.0
2547,0.0
2547,56.0
2547,45.0
2547,45.0
2548,0.0
2548,45.0
2548,56.0
2548,45.0
2549,0.0
2549,45.0
2549,56.0
2549,45.0
2550,0.0
2550,45.0
2551,0.0
2551,45.0
2551,45.0
2552,0.0
2552,45.0
2552,45.0
2553,0.0
2553,45.0
2553,45.0
2554,45.0
2554,0.0
2554,62.0
2554,45.0
2555,45.0
2555,0.0
2555,62.0
2555,45.0
2556,45.0
2556,0.0
2556,45.0
2556,62.0
2557,0.0
2557,62.0
2557,45.0
2557,45.0
2558,0.0
2558,62.0
2558,45.0
2558,45.0
2559,45.0
2559,62.0
2559,45.0
2560,62.0
2560,45.0
2560,45.0
2561,62.0
2561,45.0
2561,45.0
2562,0.0
2562,62.0
2562,45.0
2562,45.0
2563,0.0
2563,62.0
2563,45.0
2563,45.0
2564,0.0
2564,45.0
2564,62.0
2565,0.0
2565,45.0
2565,62.0
2565,45.0
2566,0.0
2566,45.0
2567,0.0
2567,45.0
2568,0.0
2568,45.0
2568,45.0
2569,0.0
2569,45.0
2569,45.0
2570,0.0
2570,45.0
2570,45.0
2571,0.0
2571,63.0
2571,45.0
2572,0.0
2572,63.0
2573,0.0
2573,63.0
2574,0.0
2574,63.0
2575,0.0
2575,63.0
2576,0.0
2576,63.0
2577,0.0
2577,63.0
2578,0.0
2578,63.0
2579,0.0
2579,63.0
2580,0.0
2580,63.0
2581,0.0
2581,45.0
2582,0.0
2582,45.0
2583,0.0
2583,63.0
2583,56.0
2584,0.0
2584,63.0
2584,56.0
2585,0.0
2585,63.0
2585,56.0
2586,0.0
2586,56.0
2586,63.0
2587,0.0
2587,56.0
2587,63.0
2588,0.0
2588,56.0
2588,63.0
2588,45.0
2589,0.0
2589,56.0
2589,63.0
2589,45.0
2590,0.0
2590,56.0
2590,45.0
2591,0.0
2591,56.0
2591,45.0
2592,0.0
2592,56.0
2592,45.0
2593,63.0
2593,45.0
2593,45.0
2594,63.0
2594,45.0
2594,45.0
2595,45.0
2595,63.0
2596,63.0
2596,45.0
2597,45.0
2597,63.0
2597,45.0
2598,63.0
2598,45.0
2599,63.0
2599,45.0
2600,63.0
2600,45.0
2601,45.0
2601,63.0
2602,63.0
2602,45.0
2603,63.0
2603,45.0
2604,56.0
2604,63.0
2604,45.0
2605,56.0
2605,63.0
2605,45.0
2606,63.0
2606,56.0
2606,45.0
2606,45.0
2607,63.0
2607,56.0
2607,45.0
2607,45.0
2608,63.0
2608,56.0
2608,0.0
2608,45.0
2608,45.0
2609,63.0
2609,56.0
2609,0.0
2609,45.0
2609,45.0
2610,63.0
2610,56.0
2610,0.0
2610,45.0
2610,45.0
2610,56.0
2611,63.0
2611,56.0
2611,0.0
2611,45.0
2611,45.0
2611,56.0
2612,63.0
2612,56.0
2612,45.0
2612,45.0
2612,0.0
2613,63.0
2613,56.0
2613,45.0
2613,45.0
2613,0.0
2613,0.0
2614,63.0
2614,45.0
2614,45.0
2615,63.0
2615,45.0
2615,45.0
2616,63.0
2616,45.0
2616,45.0
2617,63.0
2617,45.0
2617,56.0
2617,45.0
2618,63.0
2618,45.0
2618,56.0
2618,45.0
2619,56.0
2619,45.0
2619,63.0
2619,45.0
2620,56.0
2620,45.0
2620,63.0
2620,45.0
2621,56.0
2621,45.0
2621,63.0
2621,45.0
2622,0.0
2622,56.0
2622,45.0
2622,45.0
2622,63.0
2623,0.0
2623,56.0
2623,45.0
2623,45.0
2623,63.0
2624,0.0
2624,56.0
2624,63.0
2624,45.0
2624,45.0
2625,0.0
2625,56.0
2625,63.0
2625,45.0
2625,45.0
2626,0.0
2626,63.0
2626,56.0
2626,45.0
2626,45.0
2626,56.0
2627,0.0
2627,63.0
2627,56.0
2627,45.0
2627,56.0
2627,45.0
2628,0.0
2628,63.0
2628,56.0
2628,45.0
2628,45.0
2628,56.0
2629,0.0
2629,45.0
2629,56.0
2629,45.0
2629,56.0
2630,0.0
2630,45.0
2630,56.0
2630,45.0
2630,56.0
2631,0.0
2631,45.0
2631,45.0
2631,56.0
2631,56.0
2632,0.0
2632,45.0
2632,45.0
2632,56.0
2632,56.0
2632,63.0
2633,0.0
2633,45.0
2633,45.0
2633,56.0
2633,56.0
2634,56.0
2634,0.0
2634,45.0
2634,45.0
2634,62.0
2634,63.0
2635,56.0
2635,0.0
2635,45.0
2635,62.0
2635,63.0
2635,45.0
2636,56.0
2636,0.0
2636,63.0
2636,62.0
2637,0.0
2637,56.0
2637,63.0
2637,62.0
2638,0.0
2638,56.0
2638,56.0
2638,62.0
2639,0.0
2639,56.0
2639,56.0
2639,62.0
2639,63.0
2640,0.0
2640,56.0
2640,56.0
2640,62.0
2640,63.0
2641,0.0
2641,56.0
2641,56.0
2642,0.0
2642,56.0
2642,56.0
2643,0.0
2643,56.0
2643,56.0
2643,45.0
2644,0.0
2644,56.0
2645,0.0
2645,56.0
2646,0.0
2646,56.0
2647,0.0
2647,56.0
2647,45.0
2648,0.0
2649,0.0
2649,56.0
2650,0.0
2651,0.0
2652,0.0
2653,0.0
2654,0.0
2655,0.0
2655,56.0
2656,0.0
2656,56.0
2657,0.0
2657,56.0
2658,0.0
2658,56.0
2658,45.0
2659,0.0
2659,45.0
2659,56.0
2660,0.0
2660,45.0
2660,56.0
2661,0.0
2661,45.0
2661,56.0
2662,0.0
2663,0.0
2664,0.0
2665,0.0
2665,56.0
2666,0.0
2666,45.0
2667,0.0
2667,45.0
2668,0.0
2668,45.0
2669,0.0
2669,45.0
2669,62.0
2670,0.0
2670,45.0
2671,0.0
2671,45.0
2672,0.0
2672,45.0
2673,0.0
2673,45.0
2674,0.0
2674,45.0
2675,0.0
2675,45.0
2676,0.0
2676,45.0
2677,0.0
2677,45.0
2678,0.0
2678,45.0
2678,45.0
2679,0.0
2679,45.0
2679,56.0
2679,45.0
2680,0.0
2680,45.0
2680,56.0
2681,0.0
2681,45.0
2681,56.0
2681,45.0
2682,0.0
2682,56.0
2682,56.0
2682,45.0
2682,62.0
2683,0.0
2683,56.0
2683,56.0
2683,45.0
2683,45.0
2683,62.0
2684,0.0
2684,56.0
2684,56.0
2684,45.0
2684,45.0
2685,0.0
2685,56.0
2685,56.0
2685,45.0
2685,45.0
2686,0.0
2686,56.0
2686,45.0
2686,45.0
2686,56.0
2687,0.0
2687,56.0
2687,45.0
2687,45.0
2687,56.0
2688,0.0
2688,56.0
2688,45.0
2688,56.0
2688,45.0
2689,0.0
2689,56.0
2689,45.0
2689,45.0
2689,56.0
2690,0.0
2690,56.0
2690,45.0
2690,45.0
2690,56.0
2691,0.0
2691,56.0
2691,45.0
2691,45.0
2692,0.0
2692,56.0
2692,45.0
2692,45.0
2693,0.0
2693,56.0
2693,45.0
2693,45.0
2694,0.0
2694,56.0
2694,45.0
2694,45.0
2695,0.0
2695,56.0
2695,45.0
2696,0.0
2696,56.0
2696,45.0
2697,0.0
2697,56.0
2698,0.0
2698,56.0
2699,0.0
2699,56.0
2700,0.0
2700,56.0
2700,45.0
2700,45.0
2701,0.0
2701,56.0
2701,45.0
2701,45.0
2702,45.0
2702,45.0
2703,45.0
2704,0.0
2704,56.0
2704,45.0
2704,45.0
2705,0.0
2705,56.0
2705,45.0
2705,45.0
2706,0.0
2706,56.0
2706,45.0
2706,45.0
2707,0.0
2707,56.0
2707,45.0
2707,45.0
2708,0.0
2708,56.0
2708,45.0
2709,0.0
2709,56.0
2709,45.0
2709,45.0
2710,0.0
2710,56.0
2710,45.0
2711,0.0
2711,56.0
2711,45.0
2712,0.0
2712,56.0
2712,45.0
2712,45.0
2713,0.0
2713,56.0
2713,45.0
2713,45.0
2714,0.0
2714,56.0
2714,45.0
2714,45.0
2715,0.0
2715,56.0
2715,45.0
2715,0.0
2716,0.0
2716,56.0
2716,45.0
2716,45.0
2717,0.0
2717,56.0
2717,45.0
2717,45.0
2718,0.0
2718,56.0
2718,45.0
2718,45.0
2719,0.0
2719,56.0
2719,45.0
2720,0.0
2720,56.0
2720,45.0
2721,0.0
2721,56.0
2721,45.0
2722,0.0
2722,56.0
2723,0.0
2723,56.0
2724,0.0
2724,56.0
2725,0.0
2725,56.0
2725,45.0
2725,0.0
2726,0.0
2726,56.0
2726,45.0
2727,0.0
2727,56.0
2728,0.0
2728,56.0
2728,0.0
2729,0.0
2729,56.0
2729,0.0
2730,0.0
2730,56.0
2731,0.0
2731,56.0
2732,0.0
2732,56.0
2733,56.0
2733,0.0
2734,56.0
2734,0.0
2735,56.0
2735,0.0
2736,56.0
2736,0.0
2737,56.0
2737,0.0
2738,56.0
2738,0.0
2738,45.0
2739,56.0
2739,0.0
2739,45.0
2740,0.0
2740,56.0
2741,0.0
2741,56.0
2742,0.0
2742,56.0
2743,0.0
2743,56.0
2744,0.0
2744,56.0
