1,0.0
1,25.0
1,0.0
1,3.0
1,7.0
1,3.0
2,0.0
2,25.0
2,0.0
2,7.0
2,3.0
2,3.0
3,0.0
3,25.0
3,0.0
3,7.0
3,0.0
3,3.0
3,3.0
3,1.0
4,0.0
4,0.0
4,0.0
4,37.0
4,7.0
4,3.0
5,0.0
5,0.0
5,0.0
5,37.0
5,7.0
5,3.0
6,0.0
6,0.0
6,0.0
6,25.0
6,7.0
6,3.0
7,0.0
7,0.0
7,7.0
7,3.0
8,0.0
8,0.0
8,7.0
8,3.0
9,0.0
9,0.0
9,7.0
9,3.0
10,0.0
10,0.0
10,0.0
10,7.0
10,60.0
10,3.0
11,0.0
11,0.0
11,0.0
11,7.0
11,3.0
11,60.0
12,0.0
12,0.0
12,0.0
12,7.0
12,60.0
12,3.0
13,0.0
13,0.0
13,0.0
13,7.0
13,3.0
14,0.0
14,0.0
14,0.0
14,7.0
14,3.0
15,0.0
15,0.0
15,0.0
15,7.0
15,3.0
16,0.0
16,0.0
16,0.0
16,7.0
16,3.0
17,0.0
17,0.0
17,0.0
17,7.0
17,3.0
18,0.0
18,0.0
18,0.0
18,3.0
18,7.0
19,0.0
19,0.0
19,3.0
19,7.0
20,0.0
20,0.0
20,3.0
20,7.0
21,0.0
21,7.0
21,3.0
21,0.0
22,0.0
22,7.0
22,3.0
23,0.0
23,7.0
23,3.0
24,0.0
24,7.0
24,3.0
25,0.0
25,7.0
25,0.0
25,3.0
26,0.0
26,0.0
26,7.0
26,0.0
26,3.0
27,0.0
27,0.0
27,7.0
27,0.0
27,3.0
28,0.0
28,0.0
28,0.0
28,7.0
28,3.0
29,0.0
29,0.0
29,0.0
29,7.0
29,3.0
30,0.0
30,0.0
30,0.0
30,7.0
30,3.0
30,0.0
31,0.0
31,0.0
31,0.0
31,0.0
31,7.0
31,3.0
32,0.0
32,0.0
32,0.0
32,7.0
32,3.0
33,0.0
33,0.0
33,0.0
33,7.0
33,3.0
33,0.0
34,0.0
34,0.0
34,7.0
34,3.0
34,0.0
34,0.0
35,0.0
35,0.0
35,7.0
35,3.0
35,0.0
35,0.0
36,0.0
36,7.0
36,0.0
36,3.0
36,0.0
36,0.0
37,0.0
37,0.0
37,7.0
37,3.0
37,0.0
37,0.0
38,0.0
38,0.0
38,7.0
38,3.0
38,0.0
39,0.0
39,7.0
39,3.0
39,0.0
39,0.0
40,0.0
40,7.0
40,3.0
40,0.0
40,0.0
41,0.0
41,3.0
41,7.0
41,0.0
41,0.0
42,0.0
42,3.0
42,7.0
42,0.0
42,0.0
43,0.0
43,7.0
43,3.0
43,0.0
44,0.0
44,7.0
44,3.0
44,0.0
44,3.0
45,0.0
45,0.0
45,7.0
45,3.0
45,3.0
45,0.0
46,0.0
46,0.0
46,3.0
46,7.0
46,3.0
47,0.0
47,0.0
47,3.0
47,7.0
47,3.0
48,0.0
48,3.0
48,7.0
48,3.0
48,0.0
49,0.0
49,0.0
49,3.0
49,7.0
49,3.0
49,25.0
50,0.0
50,0.0
50,3.0
50,7.0
50,3.0
50,25.0
51,0.0
51,25.0
51,7.0
51,3.0
51,3.0
51,0.0
52,0.0
52,25.0
52,3.0
52,3.0
52,7.0
52,0.0
53,0.0
53,25.0
53,3.0
53,3.0
53,7.0
53,0.0
54,0.0
54,25.0
54,0.0
54,3.0
54,3.0
54,7.0
55,0.0
55,25.0
55,3.0
55,3.0
55,7.0
55,0.0
56,25.0
56,0.0
56,0.0
56,3.0
56,7.0
56,3.0
57,25.0
57,0.0
57,3.0
57,3.0
57,0.0
57,7.0
58,25.0
58,0.0
58,0.0
58,3.0
58,3.0
58,7.0
59,25.0
59,0.0
59,0.0
59,3.0
59,3.0
59,7.0
60,0.0
60,25.0
60,0.0
60,3.0
60,3.0
60,7.0
61,0.0
61,25.0
61,3.0
61,7.0
61,3.0
61,3.0
61,0.0
62,0.0
62,7.0
62,3.0
62,3.0
62,3.0
62,0.0
62,25.0
63,0.0
63,7.0
63,3.0
63,3.0
63,3.0
63,0.0
64,0.0
64,3.0
64,3.0
64,7.0
64,3.0
64,0.0
65,0.0
65,3.0
65,3.0
65,7.0
65,3.0
65,0.0
66,0.0
66,3.0
66,3.0
66,7.0
66,3.0
67,0.0
67,3.0
67,3.0
67,7.0
67,3.0
67,0.0
68,0.0
68,3.0
68,3.0
68,7.0
68,0.0
68,3.0
69,0.0
69,3.0
69,3.0
69,7.0
69,0.0
69,3.0
69,0.0
70,0.0
70,3.0
70,3.0
70,7.0
70,3.0
70,0.0
70,0.0
71,0.0
71,3.0
71,3.0
71,7.0
71,3.0
71,0.0
71,0.0
72,0.0
72,3.0
72,7.0
72,3.0
72,3.0
72,0.0
73,0.0
73,3.0
73,7.0
73,3.0
73,0.0
73,3.0
73,0.0
74,0.0
74,3.0
74,7.0
74,3.0
74,0.0
74,3.0
74,0.0
75,0.0
75,3.0
75,7.0
75,3.0
75,0.0
75,0.0
75,3.0
76,0.0
76,3.0
76,0.0
76,7.0
76,3.0
76,0.0
76,3.0
77,0.0
77,3.0
77,0.0
77,7.0
77,3.0
77,0.0
77,3.0
78,0.0
78,3.0
78,7.0
78,3.0
78,0.0
78,0.0
78,3.0
79,0.0
79,3.0
79,7.0
79,3.0
79,0.0
79,3.0
80,0.0
80,3.0
80,7.0
80,0.0
80,3.0
80,3.0
81,0.0
81,3.0
81,7.0
81,3.0
81,3.0
82,0.0
82,3.0
82,3.0
82,7.0
82,3.0
82,0.0
83,0.0
83,3.0
83,3.0
83,7.0
83,3.0
83,0.0
84,0.0
84,3.0
84,7.0
84,3.0
84,3.0
84,0.0
85,0.0
85,3.0
85,7.0
85,3.0
85,0.0
85,3.0
86,0.0
86,3.0
86,7.0
86,3.0
86,0.0
86,3.0
87,0.0
87,3.0
87,7.0
87,3.0
87,0.0
87,3.0
88,0.0
88,7.0
88,3.0
88,0.0
88,3.0
88,3.0
89,0.0
89,7.0
89,3.0
89,3.0
89,0.0
89,3.0
90,0.0
90,3.0
90,7.0
90,3.0
90,0.0
90,3.0
91,0.0
91,3.0
91,7.0
91,3.0
91,0.0
91,3.0
92,0.0
92,3.0
92,7.0
92,3.0
92,0.0
92,3.0
93,0.0
93,3.0
93,7.0
93,3.0
93,0.0
93,3.0
94,0.0
94,3.0
94,7.0
94,3.0
94,0.0
94,3.0
95,0.0
95,3.0
95,7.0
95,3.0
95,0.0
95,3.0
96,0.0
96,3.0
96,7.0
96,0.0
96,3.0
96,3.0
97,0.0
97,3.0
97,7.0
97,0.0
97,3.0
97,3.0
98,0.0
98,3.0
98,0.0
98,7.0
98,3.0
98,3.0
99,0.0
99,3.0
99,0.0
99,7.0
99,3.0
99,3.0
100,0.0
100,3.0
100,0.0
100,7.0
100,3.0
100,3.0
101,0.0
101,3.0
101,0.0
101,7.0
101,3.0
101,3.0
102,0.0
102,3.0
102,7.0
102,0.0
102,3.0
102,3.0
103,0.0
103,3.0
103,7.0
103,0.0
103,3.0
103,3.0
104,0.0
104,3.0
104,7.0
104,3.0
104,0.0
104,3.0
105,0.0
105,3.0
105,7.0
105,3.0
105,3.0
105,0.0
106,0.0
106,3.0
106,7.0
106,3.0
106,3.0
106,0.0
107,0.0
107,3.0
107,7.0
107,3.0
107,3.0
107,0.0
108,0.0
108,3.0
108,7.0
108,3.0
108,3.0
108,0.0
109,0.0
109,3.0
109,7.0
109,3.0
109,3.0
109,0.0
110,0.0
110,3.0
110,7.0
110,3.0
110,3.0
111,0.0
111,3.0
111,7.0
111,3.0
111,3.0
111,0.0
112,0.0
112,7.0
112,3.0
112,3.0
112,3.0
113,0.0
113,7.0
113,3.0
113,3.0
113,3.0
114,0.0
114,7.0
114,3.0
114,3.0
114,3.0
115,0.0
115,7.0
115,3.0
115,3.0
115,3.0
116,0.0
116,7.0
116,3.0
116,3.0
116,3.0
117,0.0
117,7.0
117,3.0
117,3.0
117,3.0
117,0.0
118,0.0
118,3.0
118,7.0
118,3.0
118,3.0
118,0.0
119,0.0
119,7.0
119,3.0
119,3.0
119,3.0
119,0.0
120,0.0
120,7.0
120,3.0
120,3.0
120,3.0
120,0.0
120,0.0
121,0.0
121,7.0
121,3.0
121,3.0
121,3.0
121,0.0
122,0.0
122,7.0
122,3.0
122,3.0
122,3.0
122,0.0
122,0.0
123,0.0
123,7.0
123,3.0
123,3.0
123,3.0
123,0.0
124,0.0
124,7.0
124,3.0
124,0.0
124,3.0
124,3.0
125,0.0
125,7.0
125,3.0
125,0.0
125,3.0
125,3.0
126,0.0
126,7.0
126,3.0
126,0.0
126,3.0
126,3.0
127,0.0
127,3.0
127,7.0
127,3.0
127,3.0
128,0.0
128,3.0
128,7.0
128,0.0
128,3.0
128,3.0
129,0.0
129,3.0
129,7.0
129,3.0
129,3.0
129,0.0
130,0.0
130,3.0
130,7.0
130,3.0
130,3.0
130,0.0
131,0.0
131,3.0
131,7.0
131,3.0
131,3.0
131,0.0
132,0.0
132,3.0
132,7.0
132,3.0
132,0.0
132,3.0
133,0.0
133,3.0
133,7.0
133,3.0
133,3.0
133,0.0
134,0.0
134,3.0
134,7.0
134,3.0
134,3.0
134,0.0
135,0.0
135,3.0
135,7.0
135,3.0
135,3.0
135,0.0
136,0.0
136,3.0
136,7.0
136,3.0
136,0.0
136,3.0
136,0.0
137,0.0
137,3.0
137,7.0
137,3.0
137,0.0
137,3.0
137,0.0
138,0.0
138,3.0
138,7.0
138,3.0
138,3.0
138,0.0
139,0.0
139,7.0
139,3.0
139,0.0
139,3.0
139,3.0
140,0.0
140,7.0
140,3.0
140,0.0
140,3.0
140,3.0
141,0.0
141,7.0
141,3.0
141,3.0
141,3.0
141,0.0
142,0.0
142,7.0
142,3.0
142,3.0
142,3.0
143,0.0
143,7.0
143,3.0
143,3.0
143,3.0
144,0.0
144,7.0
144,3.0
144,0.0
144,3.0
144,3.0
145,0.0
145,7.0
145,3.0
145,3.0
145,0.0
145,0.0
145,3.0
146,0.0
146,7.0
146,3.0
146,3.0
146,0.0
146,0.0
146,3.0
147,0.0
147,7.0
147,3.0
147,3.0
147,0.0
147,3.0
148,0.0
148,7.0
148,3.0
148,3.0
148,0.0
148,3.0
149,0.0
149,7.0
149,3.0
149,3.0
149,0.0
149,3.0
150,0.0
150,7.0
150,3.0
150,3.0
150,0.0
150,0.0
150,3.0
151,0.0
151,7.0
151,3.0
151,0.0
151,0.0
151,3.0
152,0.0
152,7.0
152,3.0
152,0.0
152,3.0
153,0.0
153,7.0
153,3.0
153,0.0
153,3.0
154,0.0
154,7.0
154,3.0
154,0.0
154,3.0
154,3.0
154,0.0
155,0.0
155,7.0
155,3.0
155,0.0
155,3.0
155,3.0
156,0.0
156,7.0
156,3.0
156,0.0
156,3.0
156,0.0
156,3.0
157,0.0
157,7.0
157,3.0
157,0.0
157,3.0
157,0.0
157,3.0
158,0.0
158,7.0
158,3.0
158,3.0
158,0.0
158,0.0
158,3.0
159,0.0
159,7.0
159,3.0
159,3.0
159,0.0
159,0.0
160,0.0
160,7.0
160,3.0
160,3.0
160,0.0
161,0.0
161,7.0
161,3.0
161,3.0
161,0.0
162,0.0
162,7.0
162,3.0
162,3.0
162,0.0
162,0.0
163,0.0
163,7.0
163,3.0
163,3.0
163,0.0
163,0.0
164,0.0
164,7.0
164,3.0
164,3.0
164,0.0
164,0.0
165,0.0
165,3.0
165,7.0
165,3.0
165,0.0
165,0.0
166,0.0
166,3.0
166,7.0
166,0.0
166,3.0
166,3.0
167,0.0
167,3.0
167,7.0
167,0.0
167,3.0
168,0.0
168,7.0
168,3.0
168,3.0
168,0.0
169,0.0
169,7.0
169,3.0
169,3.0
169,0.0
170,0.0
170,7.0
170,3.0
170,3.0
170,0.0
170,0.0
171,0.0
171,3.0
171,7.0
171,3.0
171,0.0
171,0.0
172,0.0
172,3.0
172,7.0
172,0.0
172,3.0
172,0.0
173,0.0
173,3.0
173,7.0
173,0.0
173,3.0
173,0.0
174,0.0
174,3.0
174,7.0
174,3.0
174,0.0
174,0.0
175,0.0
175,3.0
175,0.0
175,7.0
175,0.0
175,3.0
176,0.0
176,3.0
176,0.0
176,7.0
176,3.0
176,0.0
177,0.0
177,3.0
177,0.0
177,3.0
177,7.0
177,0.0
178,0.0
178,0.0
178,3.0
178,7.0
178,3.0
178,16.0
179,0.0
179,0.0
179,3.0
179,7.0
179,3.0
179,16.0
180,0.0
180,0.0
180,3.0
180,7.0
180,3.0
181,3.0
181,0.0
181,0.0
181,0.0
181,7.0
181,0.0
181,3.0
182,3.0
182,0.0
182,0.0
182,7.0
182,3.0
182,5.0
182,3.0
183,0.0
183,0.0
183,3.0
183,7.0
183,3.0
183,5.0
183,0.0
183,3.0
184,0.0
184,3.0
184,0.0
184,7.0
184,3.0
184,5.0
184,3.0
184,0.0
185,0.0
185,3.0
185,0.0
185,7.0
185,3.0
185,5.0
185,3.0
185,0.0
186,0.0
186,3.0
186,0.0
186,7.0
186,3.0
186,5.0
186,3.0
187,0.0
187,3.0
187,0.0
187,7.0
187,3.0
187,5.0
187,3.0
188,0.0
188,3.0
188,0.0
188,7.0
188,3.0
188,5.0
188,3.0
189,0.0
189,3.0
189,0.0
189,7.0
189,3.0
189,3.0
189,5.0
190,0.0
190,0.0
190,3.0
190,7.0
190,3.0
190,3.0
191,0.0
191,0.0
191,3.0
191,7.0
191,3.0
191,3.0
192,0.0
192,0.0
192,3.0
192,7.0
192,3.0
192,3.0
193,0.0
193,0.0
193,3.0
193,7.0
193,3.0
193,3.0
194,0.0
194,0.0
194,3.0
194,7.0
194,3.0
194,3.0
195,0.0
195,0.0
195,3.0
195,7.0
195,3.0
195,3.0
196,0.0
196,0.0
196,3.0
196,7.0
196,3.0
196,3.0
197,0.0
197,0.0
197,3.0
197,7.0
197,3.0
197,3.0
198,0.0
198,3.0
198,0.0
198,7.0
198,3.0
198,3.0
198,0.0
199,0.0
199,3.0
199,7.0
199,0.0
199,0.0
199,3.0
199,3.0
199,5.0
200,0.0
200,3.0
200,0.0
200,7.0
200,0.0
200,3.0
201,0.0
201,3.0
201,0.0
201,7.0
201,0.0
201,3.0
202,0.0
202,3.0
202,7.0
202,0.0
202,3.0
202,0.0
203,0.0
203,3.0
203,7.0
203,0.0
203,3.0
203,0.0
204,0.0
204,3.0
204,7.0
204,3.0
204,0.0
204,2.0
205,0.0
205,3.0
205,7.0
205,0.0
205,3.0
206,0.0
206,3.0
206,7.0
206,3.0
206,0.0
207,3.0
207,7.0
207,0.0
207,3.0
207,0.0
208,3.0
208,7.0
208,3.0
208,0.0
208,0.0
209,3.0
209,7.0
209,3.0
209,0.0
209,0.0
210,3.0
210,7.0
210,3.0
210,0.0
211,3.0
211,0.0
211,7.0
211,3.0
212,3.0
212,7.0
212,0.0
212,3.0
212,3.0
213,3.0
213,0.0
213,7.0
213,3.0
213,3.0
213,0.0
214,3.0
214,0.0
214,7.0
214,3.0
214,0.0
214,3.0
214,0.0
215,3.0
215,0.0
215,7.0
215,3.0
215,0.0
215,3.0
215,0.0
216,3.0
216,7.0
216,0.0
216,3.0
216,0.0
216,3.0
217,3.0
217,0.0
217,7.0
217,3.0
217,3.0
218,3.0
218,3.0
218,7.0
218,0.0
218,3.0
219,3.0
219,7.0
219,0.0
219,3.0
219,3.0
219,0.0
220,3.0
220,7.0
220,0.0
220,3.0
220,3.0
220,0.0
220,0.0
221,3.0
221,7.0
221,0.0
221,3.0
221,3.0
221,0.0
221,0.0
222,3.0
222,7.0
222,0.0
222,3.0
222,3.0
222,0.0
222,0.0
223,3.0
223,7.0
223,0.0
223,0.0
223,3.0
223,3.0
223,0.0
224,3.0
224,7.0
224,3.0
224,3.0
224,0.0
224,0.0
224,0.0
225,3.0
225,7.0
225,0.0
225,3.0
225,3.0
225,0.0
225,0.0
226,0.0
226,3.0
226,7.0
226,0.0
226,3.0
226,3.0
226,0.0
226,0.0
227,0.0
227,3.0
227,7.0
227,0.0
227,3.0
227,3.0
227,0.0
227,0.0
228,0.0
228,3.0
228,7.0
228,3.0
228,0.0
228,3.0
228,0.0
228,0.0
229,3.0
229,7.0
229,0.0
229,0.0
229,3.0
229,3.0
229,0.0
230,3.0
230,7.0
230,0.0
230,0.0
230,3.0
230,3.0
230,0.0
231,0.0
231,3.0
231,0.0
231,7.0
231,3.0
231,0.0
232,0.0
232,3.0
232,7.0
232,0.0
232,0.0
232,3.0
233,0.0
233,3.0
233,7.0
233,0.0
233,0.0
233,3.0
234,0.0
234,3.0
234,7.0
234,3.0
234,0.0
234,0.0
235,0.0
235,3.0
235,0.0
235,7.0
235,3.0
235,0.0
236,0.0
236,3.0
236,0.0
236,7.0
236,0.0
236,3.0
237,0.0
237,3.0
237,7.0
237,0.0
237,3.0
238,3.0
238,0.0
238,7.0
238,0.0
238,3.0
238,0.0
239,3.0
239,0.0
239,7.0
239,0.0
239,3.0
239,0.0
240,0.0
240,3.0
240,7.0
240,0.0
240,0.0
240,3.0
241,0.0
241,3.0
241,7.0
241,0.0
241,3.0
241,0.0
241,3.0
242,0.0
242,3.0
242,7.0
242,0.0
242,0.0
242,3.0
242,3.0
243,0.0
243,3.0
243,7.0
243,0.0
243,0.0
243,3.0
243,3.0
244,0.0
244,3.0
244,7.0
244,0.0
244,0.0
244,3.0
245,0.0
245,3.0
245,7.0
245,0.0
245,0.0
245,3.0
246,0.0
246,3.0
246,7.0
246,0.0
247,0.0
247,3.0
247,7.0
247,0.0
247,0.0
247,3.0
248,0.0
248,3.0
248,7.0
248,0.0
248,3.0
248,0.0
249,0.0
249,3.0
249,7.0
249,0.0
249,3.0
250,0.0
250,3.0
250,7.0
250,3.0
251,0.0
251,3.0
251,7.0
251,3.0
252,0.0
252,3.0
252,3.0
252,7.0
252,5.0
253,0.0
253,3.0
253,3.0
253,7.0
253,5.0
254,0.0
254,3.0
254,7.0
254,3.0
254,3.0
255,0.0
255,3.0
255,7.0
255,3.0
255,0.0
255,3.0
256,0.0
256,3.0
256,7.0
256,3.0
256,3.0
257,0.0
257,3.0
257,7.0
257,3.0
257,3.0
258,0.0
258,3.0
258,7.0
258,3.0
259,0.0
259,3.0
259,7.0
259,3.0
260,0.0
260,3.0
260,7.0
260,3.0
261,0.0
261,3.0
261,7.0
261,3.0
262,0.0
262,3.0
262,7.0
262,3.0
263,0.0
263,3.0
263,7.0
263,3.0
264,0.0
264,3.0
264,7.0
264,3.0
264,3.0
265,0.0
265,3.0
265,7.0
265,3.0
265,3.0
266,0.0
266,7.0
266,3.0
266,3.0
266,3.0
267,0.0
267,3.0
267,7.0
267,0.0
267,3.0
267,3.0
268,0.0
268,3.0
268,7.0
268,3.0
268,3.0
269,0.0
269,3.0
269,7.0
269,3.0
269,3.0
270,0.0
270,3.0
270,7.0
270,3.0
270,3.0
271,0.0
271,3.0
271,7.0
271,3.0
271,3.0
272,0.0
272,3.0
272,7.0
272,3.0
272,3.0
273,0.0
273,3.0
273,7.0
273,3.0
273,3.0
274,0.0
274,7.0
274,3.0
274,3.0
274,0.0
274,3.0
275,0.0
275,3.0
275,7.0
275,3.0
275,0.0
276,0.0
276,7.0
276,3.0
276,3.0
276,3.0
277,0.0
277,3.0
277,7.0
277,3.0
277,3.0
277,0.0
278,0.0
278,3.0
278,7.0
278,3.0
278,3.0
279,0.0
279,3.0
279,7.0
279,3.0
279,3.0
280,0.0
280,3.0
280,7.0
280,3.0
280,3.0
281,0.0
281,3.0
281,7.0
281,3.0
281,3.0
282,0.0
282,3.0
282,7.0
282,3.0
282,3.0
283,0.0
283,3.0
283,7.0
283,3.0
283,3.0
284,0.0
284,3.0
284,7.0
284,3.0
284,3.0
284,5.0
285,0.0
285,3.0
285,7.0
285,3.0
285,3.0
285,5.0
286,0.0
286,3.0
286,7.0
286,3.0
286,3.0
287,0.0
287,3.0
287,7.0
287,3.0
287,3.0
287,5.0
288,0.0
288,3.0
288,7.0
288,3.0
288,5.0
288,3.0
289,0.0
289,3.0
289,7.0
289,3.0
289,5.0
290,0.0
290,3.0
290,7.0
290,3.0
290,5.0
290,3.0
291,0.0
291,3.0
291,7.0
291,3.0
291,5.0
291,3.0
292,0.0
292,3.0
292,7.0
292,3.0
293,0.0
293,3.0
293,7.0
293,3.0
294,0.0
294,3.0
294,7.0
294,3.0
295,0.0
295,3.0
295,7.0
295,3.0
295,3.0
296,0.0
296,3.0
296,7.0
296,3.0
296,3.0
297,0.0
297,3.0
297,7.0
297,3.0
297,3.0
298,0.0
298,3.0
298,7.0
298,3.0
298,3.0
299,0.0
299,3.0
299,7.0
299,3.0
299,3.0
300,0.0
300,3.0
300,7.0
300,3.0
300,3.0
301,0.0
301,3.0
301,7.0
301,3.0
301,3.0
302,0.0
302,3.0
302,7.0
302,3.0
302,3.0
303,0.0
303,3.0
303,7.0
303,3.0
303,3.0
304,0.0
304,3.0
304,3.0
304,7.0
304,3.0
305,0.0
305,3.0
305,3.0
305,7.0
305,3.0
306,0.0
306,3.0
306,3.0
306,7.0
306,3.0
307,0.0
307,3.0
307,3.0
307,7.0
307,3.0
308,0.0
308,3.0
308,7.0
308,3.0
308,3.0
309,0.0
309,3.0
309,7.0
309,3.0
309,3.0
310,0.0
310,3.0
310,3.0
310,7.0
310,3.0
311,0.0
311,3.0
311,3.0
311,7.0
311,3.0
312,0.0
312,3.0
312,3.0
312,7.0
312,3.0
313,0.0
313,3.0
313,3.0
313,7.0
313,3.0
314,0.0
314,3.0
314,3.0
314,7.0
314,3.0
315,0.0
315,3.0
315,3.0
315,7.0
315,3.0
316,0.0
316,3.0
316,3.0
316,7.0
316,3.0
317,0.0
317,3.0
317,3.0
317,7.0
317,3.0
318,0.0
318,3.0
318,3.0
318,7.0
318,3.0
319,0.0
319,3.0
319,3.0
319,7.0
319,3.0
320,0.0
320,3.0
320,3.0
320,7.0
320,3.0
321,0.0
321,3.0
321,7.0
321,3.0
321,3.0
322,0.0
322,3.0
322,3.0
322,7.0
322,3.0
323,0.0
323,3.0
323,3.0
323,7.0
323,3.0
324,0.0
324,3.0
324,3.0
324,7.0
324,3.0
325,0.0
325,3.0
325,3.0
325,7.0
325,3.0
326,0.0
326,3.0
326,3.0
326,7.0
326,3.0
327,0.0
327,3.0
327,3.0
327,7.0
327,3.0
328,0.0
328,3.0
328,3.0
328,7.0
328,3.0
329,0.0
329,3.0
329,3.0
329,7.0
329,3.0
330,0.0
330,3.0
330,3.0
330,7.0
330,3.0
331,0.0
331,3.0
331,3.0
331,7.0
331,3.0
331,0.0
332,0.0
332,3.0
332,3.0
332,7.0
332,3.0
332,0.0
333,0.0
333,3.0
333,3.0
333,7.0
333,3.0
333,0.0
334,0.0
334,3.0
334,3.0
334,7.0
334,3.0
334,5.0
335,0.0
335,3.0
335,3.0
335,7.0
335,3.0
335,5.0
336,0.0
336,3.0
336,3.0
336,7.0
336,3.0
337,0.0
337,3.0
337,3.0
337,7.0
337,3.0
337,5.0
338,0.0
338,3.0
338,3.0
338,7.0
338,3.0
338,7.0
339,0.0
339,3.0
339,7.0
339,3.0
339,3.0
340,0.0
340,3.0
340,7.0
340,3.0
340,3.0
340,7.0
340,0.0
341,0.0
341,3.0
341,7.0
341,3.0
341,3.0
341,7.0
341,0.0
342,0.0
342,3.0
342,7.0
342,3.0
342,3.0
342,0.0
343,0.0
343,3.0
343,7.0
343,3.0
343,3.0
343,0.0
344,0.0
344,3.0
344,7.0
344,3.0
344,3.0
344,0.0
345,0.0
345,3.0
345,7.0
345,3.0
345,3.0
345,0.0
346,0.0
346,3.0
346,7.0
346,0.0
346,3.0
346,3.0
347,0.0
347,3.0
347,7.0
347,0.0
347,3.0
347,3.0
348,0.0
348,3.0
348,7.0
348,0.0
348,3.0
348,3.0
349,0.0
349,3.0
349,7.0
349,3.0
349,3.0
349,0.0
350,3.0
350,0.0
350,7.0
350,3.0
350,0.0
350,3.0
351,3.0
351,0.0
351,7.0
351,3.0
351,3.0
351,0.0
352,3.0
352,0.0
352,7.0
352,0.0
352,3.0
352,3.0
353,3.0
353,0.0
353,7.0
353,0.0
353,3.0
353,3.0
354,3.0
354,7.0
354,0.0
354,3.0
354,0.0
354,3.0
355,3.0
355,7.0
355,0.0
355,0.0
355,3.0
355,3.0
356,3.0
356,0.0
356,7.0
356,3.0
356,0.0
356,3.0
357,0.0
357,3.0
357,7.0
357,3.0
357,0.0
357,3.0
358,3.0
358,0.0
358,7.0
358,3.0
358,3.0
358,0.0
359,3.0
359,0.0
359,7.0
359,3.0
359,3.0
359,0.0
360,3.0
360,7.0
360,0.0
360,3.0
360,0.0
360,3.0
361,3.0
361,7.0
361,3.0
361,0.0
361,0.0
361,3.0
362,3.0
362,7.0
362,3.0
362,0.0
362,0.0
363,3.0
363,7.0
363,3.0
363,0.0
363,0.0
364,3.0
364,7.0
364,0.0
364,3.0
365,3.0
365,7.0
365,0.0
365,3.0
366,3.0
366,7.0
366,0.0
366,3.0
367,3.0
367,7.0
367,0.0
367,3.0
368,3.0
368,7.0
368,3.0
368,0.0
369,3.0
369,7.0
369,3.0
369,0.0
370,3.0
370,7.0
370,3.0
370,0.0
371,3.0
371,7.0
371,3.0
371,0.0
372,3.0
372,7.0
372,3.0
372,0.0
373,3.0
373,7.0
373,3.0
373,5.0
373,0.0
374,3.0
374,7.0
374,3.0
374,0.0
375,3.0
375,7.0
375,3.0
375,0.0
376,3.0
376,7.0
376,0.0
376,3.0
376,5.0
377,3.0
377,7.0
377,3.0
377,0.0
377,5.0
378,3.0
378,0.0
378,7.0
378,3.0
378,5.0
379,3.0
379,7.0
379,3.0
379,0.0
380,3.0
380,3.0
380,7.0
380,0.0
381,3.0
381,7.0
381,3.0
381,0.0
381,0.0
382,3.0
382,7.0
382,3.0
382,0.0
383,3.0
383,7.0
383,3.0
383,0.0
384,3.0
384,7.0
384,3.0
384,0.0
384,0.0
385,3.0
385,7.0
385,3.0
385,0.0
385,0.0
385,3.0
386,3.0
386,3.0
386,7.0
386,0.0
386,0.0
386,3.0
387,3.0
387,3.0
387,7.0
387,0.0
387,0.0
387,3.0
388,3.0
388,3.0
388,7.0
388,0.0
388,3.0
388,0.0
389,3.0
389,3.0
389,7.0
389,0.0
389,3.0
389,0.0
390,3.0
390,3.0
390,7.0
390,0.0
390,3.0
390,0.0
391,3.0
391,3.0
391,7.0
391,0.0
391,3.0
392,3.0
392,7.0
392,3.0
392,0.0
392,3.0
393,3.0
393,7.0
393,3.0
393,0.0
393,3.0
394,3.0
394,7.0
394,3.0
394,0.0
394,3.0
395,3.0
395,7.0
395,3.0
395,0.0
395,3.0
396,3.0
396,7.0
396,3.0
396,0.0
396,3.0
397,3.0
397,7.0
397,3.0
397,0.0
397,3.0
398,3.0
398,7.0
398,3.0
398,0.0
398,3.0
399,3.0
399,7.0
399,3.0
399,0.0
399,3.0
400,3.0
400,7.0
400,3.0
400,0.0
400,3.0
401,3.0
401,7.0
401,3.0
401,0.0
401,3.0
402,3.0
402,7.0
402,3.0
402,0.0
402,3.0
403,3.0
403,7.0
403,3.0
403,0.0
403,3.0
404,3.0
404,7.0
404,3.0
404,0.0
404,3.0
405,3.0
405,7.0
405,3.0
405,0.0
405,3.0
406,3.0
406,7.0
406,3.0
406,0.0
406,3.0
407,3.0
407,7.0
407,3.0
407,0.0
407,3.0
408,3.0
408,7.0
408,3.0
408,0.0
408,3.0
409,3.0
409,7.0
409,3.0
409,0.0
409,3.0
410,3.0
410,7.0
410,3.0
410,3.0
410,0.0
411,3.0
411,7.0
411,3.0
411,3.0
411,0.0
412,3.0
412,7.0
412,3.0
412,3.0
412,0.0
413,3.0
413,7.0
413,3.0
413,3.0
413,0.0
414,3.0
414,7.0
414,3.0
414,3.0
414,0.0
415,3.0
415,7.0
415,3.0
415,3.0
415,0.0
416,3.0
416,7.0
416,3.0
416,3.0
416,0.0
417,3.0
417,7.0
417,3.0
417,3.0
417,0.0
418,3.0
418,7.0
418,3.0
418,3.0
418,0.0
418,0.0
419,3.0
419,7.0
419,3.0
419,3.0
419,0.0
419,0.0
420,3.0
420,7.0
420,3.0
420,3.0
420,0.0
421,3.0
421,7.0
421,0.0
421,3.0
421,0.0
421,3.0
422,3.0
422,7.0
422,3.0
422,0.0
422,0.0
423,3.0
423,7.0
423,3.0
423,0.0
423,0.0
424,3.0
424,7.0
424,3.0
424,0.0
424,0.0
425,3.0
425,7.0
425,3.0
425,0.0
425,0.0
426,3.0
426,0.0
426,7.0
426,3.0
426,0.0
427,3.0
427,0.0
427,7.0
427,3.0
427,0.0
428,3.0
428,0.0
428,7.0
428,3.0
428,0.0
429,3.0
429,7.0
429,0.0
429,3.0
429,0.0
429,3.0
430,3.0
430,7.0
430,0.0
430,3.0
430,0.0
430,3.0
431,3.0
431,7.0
431,0.0
431,3.0
431,0.0
431,3.0
432,3.0
432,0.0
432,7.0
432,3.0
432,3.0
433,3.0
433,7.0
433,3.0
433,0.0
434,3.0
434,7.0
434,3.0
434,0.0
434,0.0
435,3.0
435,7.0
435,3.0
435,0.0
435,3.0
436,3.0
436,7.0
436,3.0
436,0.0
437,3.0
437,7.0
437,3.0
437,0.0
438,3.0
438,7.0
438,0.0
438,3.0
438,3.0
439,3.0
439,7.0
439,3.0
439,0.0
439,3.0
440,3.0
440,7.0
440,0.0
440,3.0
441,3.0
441,7.0
441,3.0
441,0.0
441,0.0
442,3.0
442,7.0
442,0.0
442,3.0
443,3.0
443,7.0
443,0.0
443,3.0
444,3.0
444,7.0
444,0.0
444,3.0
444,0.0
444,0.0
445,3.0
445,7.0
445,0.0
445,3.0
445,0.0
446,3.0
446,0.0
446,7.0
446,3.0
446,0.0
447,3.0
447,7.0
447,3.0
447,0.0
447,0.0
447,0.0
448,3.0
448,7.0
448,0.0
448,3.0
448,0.0
448,0.0
449,3.0
449,7.0
449,0.0
449,3.0
449,0.0
449,0.0
450,3.0
450,7.0
450,0.0
450,0.0
450,3.0
450,0.0
451,3.0
451,7.0
451,0.0
451,3.0
451,0.0
451,0.0
452,3.0
452,0.0
452,7.0
452,0.0
452,3.0
452,0.0
453,3.0
453,7.0
453,0.0
453,0.0
453,3.0
453,0.0
454,3.0
454,7.0
454,0.0
454,3.0
454,0.0
455,3.0
455,7.0
455,0.0
455,3.0
455,0.0
456,3.0
456,7.0
456,0.0
456,3.0
456,0.0
457,3.0
457,0.0
457,7.0
457,3.0
457,0.0
458,3.0
458,7.0
458,0.0
458,3.0
458,0.0
459,3.0
459,7.0
459,0.0
459,3.0
459,3.0
459,0.0
460,3.0
460,0.0
460,7.0
460,3.0
460,0.0
460,3.0
461,3.0
461,0.0
461,7.0
461,3.0
461,0.0
461,3.0
462,3.0
462,7.0
462,0.0
462,0.0
462,0.0
463,3.0
463,0.0
463,7.0
463,0.0
463,0.0
463,3.0
464,0.0
464,3.0
464,7.0
464,0.0
464,0.0
464,3.0
464,3.0
465,0.0
465,3.0
465,7.0
465,0.0
465,3.0
465,0.0
466,0.0
466,3.0
466,7.0
466,0.0
466,3.0
466,0.0
467,0.0
467,3.0
467,7.0
467,0.0
467,3.0
467,0.0
468,0.0
468,3.0
468,0.0
468,7.0
468,0.0
468,3.0
468,3.0
469,0.0
469,3.0
469,0.0
469,7.0
469,0.0
469,3.0
469,3.0
470,0.0
470,3.0
470,7.0
470,0.0
470,3.0
470,0.0
470,3.0
471,0.0
471,3.0
471,7.0
471,3.0
471,0.0
471,0.0
471,3.0
471,0.0
472,0.0
472,3.0
472,7.0
472,3.0
472,0.0
472,0.0
472,3.0
473,0.0
473,3.0
473,7.0
473,3.0
473,0.0
473,0.0
473,3.0
474,0.0
474,3.0
474,7.0
474,3.0
474,0.0
474,3.0
474,0.0
475,3.0
475,0.0
475,7.0
475,3.0
475,3.0
475,0.0
475,0.0
476,3.0
476,0.0
476,7.0
476,3.0
476,3.0
476,0.0
476,0.0
477,3.0
477,0.0
477,7.0
477,3.0
477,3.0
477,0.0
477,5.0
478,3.0
478,0.0
478,7.0
478,3.0
478,3.0
478,5.0
478,0.0
479,3.0
479,0.0
479,7.0
479,3.0
479,3.0
479,5.0
479,0.0
480,3.0
480,0.0
480,7.0
480,3.0
480,3.0
480,0.0
480,5.0
481,3.0
481,0.0
481,7.0
481,3.0
481,3.0
481,0.0
482,3.0
482,0.0
482,3.0
482,7.0
483,0.0
483,3.0
483,3.0
483,7.0
483,0.0
483,0.0
483,5.0
484,0.0
484,3.0
484,0.0
484,3.0
484,7.0
485,0.0
485,3.0
485,0.0
485,7.0
485,3.0
486,0.0
486,3.0
486,7.0
486,3.0
486,0.0
486,0.0
486,3.0
487,0.0
487,3.0
487,7.0
487,3.0
487,0.0
487,0.0
487,3.0
488,0.0
488,3.0
488,7.0
488,3.0
488,3.0
489,0.0
489,3.0
489,7.0
489,3.0
489,3.0
490,0.0
490,3.0
490,7.0
490,3.0
491,0.0
491,3.0
491,7.0
491,3.0
492,0.0
492,3.0
492,3.0
492,7.0
492,0.0
492,3.0
493,0.0
493,3.0
493,3.0
493,7.0
493,0.0
493,3.0
494,0.0
494,3.0
494,7.0
494,3.0
494,0.0
494,3.0
495,0.0
495,3.0
495,7.0
495,3.0
495,0.0
495,3.0
496,0.0
496,3.0
496,7.0
496,3.0
496,0.0
496,3.0
497,0.0
497,3.0
497,7.0
497,3.0
497,0.0
497,3.0
498,0.0
498,3.0
498,7.0
498,3.0
498,0.0
498,3.0
499,0.0
499,3.0
499,7.0
499,3.0
499,0.0
499,3.0
500,0.0
500,7.0
500,3.0
500,0.0
500,3.0
500,3.0
501,0.0
501,3.0
501,0.0
501,7.0
501,3.0
501,3.0
502,0.0
502,7.0
502,3.0
502,3.0
502,3.0
502,0.0
503,0.0
503,7.0
503,3.0
503,3.0
503,3.0
503,0.0
504,7.0
504,3.0
504,0.0
504,3.0
504,3.0
504,0.0
505,7.0
505,3.0
505,0.0
505,3.0
505,3.0
505,0.0
506,7.0
506,3.0
506,0.0
506,3.0
506,3.0
507,0.0
507,7.0
507,3.0
507,3.0
507,3.0
508,7.0
508,3.0
508,0.0
508,3.0
508,3.0
509,7.0
509,3.0
509,0.0
509,3.0
509,3.0
510,7.0
510,0.0
510,3.0
510,3.0
510,3.0
511,7.0
511,3.0
511,0.0
511,3.0
511,3.0
512,7.0
512,3.0
512,3.0
512,0.0
512,3.0
513,7.0
513,3.0
513,3.0
513,3.0
514,7.0
514,3.0
514,3.0
514,3.0
515,7.0
515,3.0
515,3.0
515,3.0
516,3.0
516,7.0
516,3.0
516,3.0
517,3.0
517,7.0
517,3.0
517,3.0
518,3.0
518,7.0
518,3.0
518,0.0
518,3.0
519,3.0
519,7.0
519,3.0
519,0.0
519,3.0
520,3.0
520,7.0
520,3.0
520,0.0
520,3.0
520,0.0
521,3.0
521,7.0
521,3.0
521,0.0
521,3.0
521,0.0
522,3.0
522,7.0
522,3.0
522,0.0
522,3.0
522,0.0
523,3.0
523,7.0
523,3.0
523,0.0
523,0.0
523,3.0
524,3.0
524,7.0
524,3.0
524,0.0
524,3.0
524,0.0
525,3.0
525,7.0
525,3.0
525,0.0
525,3.0
526,3.0
526,7.0
526,3.0
526,3.0
526,0.0
526,0.0
527,3.0
527,7.0
527,3.0
527,0.0
527,3.0
527,0.0
528,3.0
528,7.0
528,3.0
528,3.0
528,0.0
529,3.0
529,7.0
529,3.0
529,3.0
529,0.0
530,3.0
530,7.0
530,3.0
530,3.0
530,0.0
531,3.0
531,7.0
531,3.0
531,3.0
531,0.0
532,3.0
532,7.0
532,3.0
532,3.0
532,0.0
533,3.0
533,7.0
533,3.0
533,3.0
533,0.0
534,3.0
534,7.0
534,3.0
534,3.0
534,0.0
535,3.0
535,7.0
535,3.0
535,3.0
535,0.0
535,0.0
536,3.0
536,7.0
536,3.0
536,3.0
536,0.0
537,3.0
537,7.0
537,3.0
537,3.0
537,0.0
538,3.0
538,7.0
538,3.0
538,3.0
538,0.0
539,3.0
539,7.0
539,3.0
539,3.0
539,0.0
540,3.0
540,7.0
540,3.0
540,3.0
540,0.0
541,3.0
541,7.0
541,3.0
541,3.0
542,3.0
542,7.0
542,3.0
542,3.0
543,3.0
543,7.0
543,3.0
543,3.0
544,3.0
544,7.0
544,3.0
544,3.0
544,0.0
545,3.0
545,7.0
545,3.0
545,3.0
545,0.0
546,3.0
546,7.0
546,3.0
546,3.0
546,0.0
547,3.0
547,3.0
547,7.0
547,3.0
547,0.0
548,3.0
548,7.0
548,3.0
548,3.0
548,0.0
549,3.0
549,7.0
549,3.0
549,3.0
549,0.0
549,0.0
550,3.0
550,7.0
550,3.0
550,3.0
550,0.0
551,3.0
551,7.0
551,3.0
551,3.0
551,0.0
552,3.0
552,7.0
552,3.0
552,3.0
552,0.0
552,0.0
553,3.0
553,7.0
553,3.0
553,0.0
553,3.0
554,3.0
554,0.0
554,7.0
554,3.0
554,3.0
555,3.0
555,0.0
555,3.0
555,7.0
555,3.0
556,3.0
556,0.0
556,3.0
556,7.0
556,3.0
557,3.0
557,0.0
557,3.0
557,7.0
557,3.0
558,3.0
558,0.0
558,7.0
558,3.0
558,3.0
559,0.0
559,3.0
559,7.0
559,3.0
559,3.0
560,0.0
560,3.0
560,7.0
560,3.0
560,3.0
561,0.0
561,3.0
561,7.0
561,3.0
561,3.0
562,0.0
562,3.0
562,3.0
562,7.0
562,3.0
563,0.0
563,3.0
563,3.0
563,7.0
563,3.0
564,0.0
564,3.0
564,3.0
564,7.0
564,3.0
565,0.0
565,3.0
565,7.0
565,3.0
565,3.0
566,0.0
566,3.0
566,7.0
566,3.0
566,3.0
567,0.0
567,3.0
567,7.0
567,3.0
567,3.0
568,0.0
568,3.0
568,3.0
568,7.0
568,3.0
569,0.0
569,3.0
569,7.0
569,3.0
569,3.0
570,0.0
570,3.0
570,7.0
570,3.0
570,3.0
571,0.0
571,3.0
571,7.0
571,3.0
571,3.0
572,0.0
572,3.0
572,7.0
572,3.0
572,3.0
573,0.0
573,3.0
573,7.0
573,3.0
573,3.0
574,0.0
574,3.0
574,7.0
574,3.0
574,3.0
575,0.0
575,3.0
575,7.0
575,3.0
575,3.0
576,0.0
576,3.0
576,7.0
576,3.0
576,3.0
577,0.0
577,3.0
577,7.0
577,3.0
577,3.0
578,0.0
578,3.0
578,7.0
578,3.0
578,3.0
579,0.0
579,3.0
579,7.0
579,3.0
579,3.0
580,0.0
580,3.0
580,7.0
580,3.0
580,3.0
581,0.0
581,3.0
581,7.0
581,3.0
581,3.0
582,0.0
582,3.0
582,7.0
582,3.0
582,3.0
583,0.0
583,3.0
583,7.0
583,3.0
583,3.0
584,0.0
584,3.0
584,7.0
584,3.0
584,3.0
585,0.0
585,3.0
585,7.0
585,3.0
585,3.0
585,0.0
586,0.0
586,3.0
586,7.0
586,3.0
586,3.0
586,0.0
587,0.0
587,3.0
587,7.0
587,3.0
587,3.0
587,0.0
588,0.0
588,3.0
588,7.0
588,3.0
588,3.0
588,0.0
589,0.0
589,3.0
589,7.0
589,3.0
589,3.0
590,0.0
590,3.0
590,7.0
590,3.0
590,3.0
591,0.0
591,3.0
591,7.0
591,3.0
591,3.0
592,0.0
592,3.0
592,7.0
592,3.0
592,3.0
593,0.0
593,3.0
593,7.0
593,3.0
593,3.0
594,0.0
594,3.0
594,7.0
594,3.0
594,3.0
595,0.0
595,3.0
595,7.0
595,3.0
595,3.0
596,0.0
596,3.0
596,7.0
596,3.0
596,3.0
597,0.0
597,3.0
597,7.0
597,3.0
597,3.0
598,0.0
598,3.0
598,7.0
598,3.0
598,3.0
599,0.0
599,3.0
599,7.0
599,3.0
599,3.0
600,0.0
600,3.0
600,7.0
600,3.0
600,3.0
601,0.0
601,3.0
601,7.0
601,3.0
602,0.0
602,3.0
602,7.0
602,3.0
603,0.0
603,3.0
603,7.0
603,3.0
604,0.0
604,3.0
604,7.0
604,3.0
605,0.0
605,3.0
605,7.0
605,3.0
606,0.0
606,7.0
606,3.0
606,3.0
606,0.0
606,3.0
606,0.0
607,0.0
607,3.0
607,7.0
607,3.0
607,3.0
607,0.0
608,0.0
608,3.0
608,7.0
608,3.0
608,3.0
609,0.0
609,3.0
609,7.0
609,3.0
609,3.0
610,0.0
610,3.0
610,7.0
610,3.0
610,3.0
611,0.0
611,3.0
611,7.0
611,3.0
611,3.0
612,0.0
612,3.0
612,7.0
612,3.0
612,3.0
613,0.0
613,7.0
613,3.0
613,3.0
613,3.0
614,0.0
614,3.0
614,7.0
614,3.0
614,3.0
615,0.0
615,3.0
615,7.0
615,3.0
615,3.0
616,0.0
616,3.0
616,7.0
616,3.0
616,3.0
617,0.0
617,3.0
617,7.0
617,3.0
617,3.0
618,0.0
618,3.0
618,7.0
618,3.0
618,3.0
619,0.0
619,7.0
619,3.0
619,3.0
619,3.0
620,0.0
620,7.0
620,3.0
620,3.0
620,3.0
621,0.0
621,3.0
621,7.0
621,3.0
621,3.0
622,0.0
622,3.0
622,7.0
622,3.0
622,3.0
623,0.0
623,3.0
623,7.0
623,3.0
623,3.0
624,0.0
624,7.0
624,3.0
624,3.0
624,3.0
