1,56.0
1,0.0
2,56.0
2,0.0
3,56.0
3,0.0
4,56.0
4,0.0
5,56.0
5,0.0
6,56.0
6,0.0
7,56.0
8,56.0
9,56.0
9,0.0
10,56.0
10,0.0
11,56.0
11,0.0
12,56.0
12,0.0
13,56.0
13,0.0
14,56.0
14,0.0
15,56.0
15,0.0
16,56.0
16,0.0
17,56.0
17,0.0
18,56.0
18,0.0
19,56.0
19,0.0
20,56.0
20,0.0
21,56.0
21,0.0
22,56.0
22,0.0
23,0.0
23,56.0
24,0.0
24,56.0
25,0.0
25,56.0
26,0.0
26,56.0
27,0.0
27,56.0
28,0.0
28,56.0
29,0.0
29,56.0
30,0.0
30,56.0
31,0.0
31,56.0
32,56.0
32,0.0
33,0.0
33,56.0
34,0.0
34,56.0
35,0.0
35,56.0
35,56.0
36,0.0
36,56.0
37,0.0
37,56.0
38,0.0
38,56.0
39,0.0
39,56.0
40,0.0
40,56.0
41,0.0
41,56.0
42,0.0
42,56.0
43,0.0
43,56.0
44,0.0
44,56.0
45,0.0
45,56.0
46,0.0
46,56.0
47,0.0
47,56.0
48,0.0
48,56.0
49,0.0
49,56.0
50,0.0
50,56.0
51,0.0
51,56.0
52,0.0
52,56.0
53,0.0
53,56.0
54,0.0
54,56.0
55,0.0
55,56.0
56,0.0
56,56.0
57,0.0
57,56.0
58,0.0
58,56.0
59,0.0
59,56.0
60,0.0
60,56.0
61,0.0
61,56.0
62,0.0
62,56.0
63,0.0
63,56.0
64,0.0
64,56.0
65,0.0
65,56.0
66,0.0
66,56.0
67,0.0
67,56.0
68,0.0
68,56.0
69,0.0
69,56.0
70,0.0
70,56.0
71,0.0
71,56.0
72,0.0
72,56.0
73,0.0
73,56.0
74,0.0
74,56.0
75,0.0
75,56.0
76,0.0
76,56.0
77,0.0
77,56.0
78,0.0
78,56.0
79,0.0
79,56.0
80,0.0
80,56.0
81,0.0
81,56.0
82,0.0
82,56.0
83,0.0
83,56.0
84,0.0
84,56.0
85,0.0
85,56.0
86,0.0
86,56.0
87,0.0
87,56.0
88,0.0
88,56.0
89,0.0
90,0.0
91,0.0
92,0.0
93,0.0
94,0.0
95,0.0
95,0.0
96,0.0
97,0.0
98,0.0
99,0.0
100,0.0
101,0.0
101,56.0
102,0.0
103,0.0
104,0.0
105,0.0
106,0.0
107,0.0
108,56.0
108,0.0
109,56.0
110,56.0
111,56.0
112,56.0
112,0.0
113,56.0
114,56.0
114,0.0
115,56.0
115,0.0
115,0.0
115,0.0
116,56.0
116,0.0
116,0.0
116,0.0
117,56.0
117,0.0
117,0.0
117,0.0
118,56.0
118,0.0
118,0.0
118,0.0
119,56.0
119,0.0
119,0.0
120,56.0
120,0.0
120,0.0
121,56.0
121,0.0
121,0.0
122,56.0
122,0.0
122,0.0
123,56.0
123,0.0
124,56.0
124,0.0
125,56.0
125,0.0
125,0.0
126,56.0
126,0.0
126,0.0
127,56.0
127,0.0
128,56.0
128,0.0
129,56.0
130,56.0
131,56.0
132,56.0
133,56.0
134,56.0
135,56.0
136,56.0
137,56.0
138,56.0
139,56.0
140,56.0
141,56.0
142,56.0
143,56.0
144,56.0
145,56.0
146,56.0
147,56.0
148,56.0
149,56.0
150,56.0
151,56.0
152,56.0
153,56.0
154,56.0
155,56.0
156,56.0
157,56.0
158,56.0
159,56.0
160,56.0
161,56.0
162,56.0
163,56.0
164,56.0
165,56.0
166,56.0
167,56.0
168,56.0
169,56.0
170,56.0
171,56.0
172,56.0
173,56.0
174,56.0
174,0.0
175,56.0
176,56.0
177,56.0
178,56.0
179,56.0
179,0.0
180,56.0
180,0.0
181,56.0
181,0.0
182,56.0
182,0.0
183,56.0
183,0.0
184,56.0
184,0.0
185,56.0
185,0.0
186,56.0
186,0.0
187,56.0
188,56.0
189,56.0
190,56.0
191,56.0
192,56.0
193,56.0
194,56.0
195,56.0
196,56.0
197,56.0
198,56.0
199,56.0
200,56.0
201,56.0
202,56.0
203,56.0
204,56.0
205,56.0
206,56.0
207,56.0
208,56.0
209,56.0
209,0.0
210,56.0
210,0.0
211,56.0
211,0.0
212,56.0
212,0.0
213,56.0
213,0.0
214,56.0
214,0.0
215,56.0
215,0.0
216,56.0
216,0.0
216,0.0
217,56.0
217,0.0
218,56.0
218,0.0
219,56.0
219,0.0
220,56.0
220,0.0
220,0.0
221,56.0
221,0.0
221,0.0
222,56.0
222,0.0
222,0.0
223,56.0
223,0.0
223,0.0
224,56.0
224,0.0
224,0.0
225,56.0
225,0.0
226,56.0
227,56.0
228,56.0
228,0.0
229,56.0
230,56.0
231,56.0
232,56.0
233,56.0
234,56.0
234,0.0
235,56.0
236,56.0
237,56.0
238,56.0
239,56.0
240,56.0
241,56.0
242,56.0
243,56.0
244,56.0
245,56.0
246,56.0
247,56.0
248,56.0
249,56.0
250,56.0
251,56.0
252,56.0
253,56.0
254,56.0
255,56.0
256,56.0
257,56.0
258,56.0
259,56.0
260,56.0
261,56.0
262,56.0
263,56.0
264,56.0
265,56.0
266,56.0
267,56.0
268,56.0
269,56.0
270,56.0
271,56.0
272,56.0
273,56.0
274,56.0
275,56.0
276,56.0
277,56.0
278,56.0
279,56.0
280,56.0
281,56.0
282,56.0
283,56.0
284,56.0
285,56.0
286,56.0
287,56.0
288,56.0
289,56.0
290,56.0
291,56.0
292,56.0
293,56.0
294,56.0
295,56.0
296,56.0
297,56.0
298,56.0
299,56.0
300,56.0
301,56.0
302,56.0
303,56.0
304,56.0
305,56.0
306,56.0
307,56.0
308,56.0
309,56.0
310,56.0
311,56.0
312,56.0
313,56.0
314,56.0
315,56.0
316,56.0
317,56.0
318,56.0
319,56.0
320,56.0
321,56.0
322,56.0
323,56.0
324,56.0
325,56.0
326,56.0
327,56.0
328,56.0
329,56.0
330,56.0
331,56.0
332,56.0
333,56.0
334,56.0
335,56.0
336,56.0
337,56.0
338,56.0
339,56.0
340,56.0
341,56.0
342,56.0
343,56.0
344,56.0
345,56.0
346,56.0
347,56.0
348,56.0
349,56.0
350,56.0
351,56.0
352,56.0
353,56.0
354,56.0
355,56.0
356,56.0
357,56.0
358,56.0
359,56.0
360,56.0
361,56.0
362,56.0
363,56.0
364,56.0
365,56.0
365,0.0
366,56.0
367,56.0
368,56.0
369,56.0
369,0.0
370,56.0
370,0.0
371,56.0
371,0.0
372,56.0
373,56.0
374,56.0
375,56.0
376,56.0
377,56.0
378,56.0
379,56.0
380,56.0
381,56.0
382,56.0
383,56.0
384,56.0
384,0.0
385,56.0
386,56.0
387,56.0
387,0.0
388,56.0
388,0.0
389,56.0
389,0.0
390,56.0
390,0.0
391,56.0
391,0.0
392,0.0
392,56.0
392,0.0
393,56.0
393,0.0
393,0.0
394,56.0
394,0.0
394,0.0
395,56.0
395,0.0
395,0.0
396,56.0
396,0.0
396,0.0
397,56.0
397,0.0
397,0.0
398,56.0
398,0.0
398,0.0
399,0.0
399,56.0
399,0.0
400,0.0
400,56.0
400,0.0
401,0.0
401,56.0
401,0.0
402,0.0
402,0.0
402,56.0
403,0.0
403,0.0
403,56.0
404,0.0
404,0.0
405,0.0
405,0.0
406,0.0
406,0.0
407,0.0
407,0.0
408,0.0
408,0.0
409,0.0
409,0.0
410,0.0
410,0.0
411,0.0
411,0.0
412,0.0
412,0.0
413,0.0
413,0.0
414,0.0
414,0.0
415,0.0
415,0.0
416,0.0
416,0.0
417,0.0
417,0.0
418,0.0
418,0.0
419,0.0
419,0.0
420,0.0
420,0.0
421,0.0
421,0.0
422,0.0
422,0.0
423,0.0
423,0.0
424,0.0
424,0.0
425,0.0
425,0.0
426,0.0
426,0.0
427,0.0
427,0.0
428,0.0
428,0.0
429,0.0
429,0.0
430,0.0
430,0.0
431,0.0
431,0.0
432,0.0
432,0.0
433,0.0
433,0.0
434,0.0
434,0.0
435,0.0
435,0.0
436,0.0
436,0.0
437,0.0
437,0.0
438,0.0
438,0.0
439,0.0
439,0.0
440,0.0
440,0.0
441,0.0
441,0.0
442,0.0
442,0.0
443,0.0
443,0.0
444,0.0
444,0.0
445,0.0
445,0.0
446,0.0
446,0.0
447,0.0
447,0.0
448,0.0
448,0.0
449,0.0
449,0.0
450,0.0
450,0.0
451,0.0
451,0.0
452,0.0
452,0.0
453,0.0
453,0.0
454,0.0
454,0.0
455,0.0
456,0.0
457,0.0
457,0.0
458,0.0
458,0.0
459,0.0
459,0.0
460,0.0
460,56.0
460,0.0
461,0.0
461,56.0
461,0.0
462,0.0
462,56.0
462,0.0
463,0.0
463,56.0
463,0.0
464,0.0
464,56.0
464,0.0
465,0.0
465,0.0
465,56.0
466,0.0
466,56.0
466,0.0
467,0.0
467,56.0
467,0.0
468,0.0
468,0.0
469,0.0
469,0.0
470,0.0
470,0.0
471,0.0
471,0.0
472,0.0
472,0.0
473,0.0
473,0.0
474,0.0
474,0.0
475,0.0
475,0.0
476,0.0
476,0.0
477,0.0
477,0.0
478,0.0
478,0.0
479,0.0
479,0.0
480,0.0
480,0.0
481,0.0
481,0.0
482,0.0
482,0.0
483,0.0
483,0.0
484,0.0
484,0.0
485,0.0
485,0.0
486,0.0
486,0.0
487,0.0
487,0.0
488,0.0
488,0.0
489,0.0
489,0.0
490,0.0
490,0.0
491,0.0
491,0.0
492,0.0
492,0.0
493,0.0
493,0.0
494,0.0
494,0.0
495,0.0
495,0.0
496,0.0
496,0.0
497,0.0
497,0.0
498,0.0
498,0.0
499,0.0
499,0.0
500,0.0
500,0.0
501,0.0
501,0.0
502,0.0
502,0.0
503,0.0
503,0.0
504,0.0
504,0.0
505,0.0
505,0.0
506,0.0
506,0.0
507,0.0
507,0.0
508,0.0
508,0.0
509,0.0
509,0.0
510,0.0
510,0.0
511,0.0
511,0.0
512,0.0
512,0.0
513,0.0
513,0.0
514,0.0
514,0.0
515,0.0
515,0.0
516,0.0
516,0.0
517,0.0
517,0.0
518,0.0
518,0.0
519,0.0
519,0.0
520,0.0
520,0.0
521,0.0
521,0.0
522,0.0
522,0.0
523,0.0
523,0.0
523,0.0
524,0.0
524,0.0
524,0.0
525,0.0
525,0.0
526,0.0
526,0.0
527,0.0
527,0.0
528,0.0
529,0.0
529,0.0
530,0.0
530,0.0
531,0.0
531,0.0
532,0.0
532,0.0
533,0.0
533,0.0
534,0.0
534,0.0
535,0.0
535,0.0
536,0.0
536,0.0
537,0.0
537,0.0
538,0.0
538,0.0
539,0.0
539,0.0
540,0.0
540,0.0
541,0.0
541,0.0
542,0.0
542,0.0
543,0.0
543,0.0
544,0.0
544,0.0
545,0.0
545,0.0
546,0.0
546,0.0
547,0.0
547,0.0
548,0.0
548,0.0
549,0.0
549,0.0
550,0.0
550,0.0
551,0.0
551,0.0
552,0.0
552,0.0
553,0.0
553,0.0
554,0.0
554,0.0
555,0.0
555,0.0
556,0.0
556,0.0
557,0.0
557,0.0
558,0.0
558,0.0
559,0.0
559,0.0
560,0.0
560,0.0
561,0.0
561,0.0
562,0.0
562,0.0
563,0.0
563,0.0
564,0.0
564,0.0
565,0.0
565,0.0
566,0.0
566,0.0
567,0.0
567,0.0
568,0.0
568,0.0
569,0.0
569,0.0
570,0.0
570,0.0
571,0.0
571,0.0
571,0.0
572,0.0
572,0.0
573,0.0
573,0.0
574,0.0
574,0.0
575,0.0
575,0.0
576,0.0
576,0.0
577,0.0
577,0.0
578,0.0
578,0.0
579,0.0
579,0.0
580,0.0
580,0.0
581,0.0
581,0.0
582,0.0
582,0.0
583,0.0
583,0.0
584,0.0
584,0.0
585,0.0
585,0.0
586,0.0
586,0.0
587,0.0
587,0.0
588,0.0
588,0.0
589,0.0
589,0.0
590,0.0
590,0.0
591,0.0
591,0.0
592,0.0
592,0.0
593,0.0
593,0.0
594,0.0
594,0.0
595,0.0
595,0.0
596,0.0
596,0.0
597,0.0
597,0.0
598,0.0
598,0.0
599,0.0
599,0.0
600,0.0
600,0.0
601,0.0
601,0.0
602,0.0
602,0.0
603,0.0
603,0.0
604,0.0
604,0.0
605,0.0
605,0.0
606,0.0
606,0.0
606,56.0
607,0.0
607,0.0
607,56.0
608,0.0
608,0.0
608,56.0
609,0.0
609,0.0
609,56.0
610,0.0
610,0.0
610,56.0
611,0.0
611,0.0
611,56.0
612,56.0
612,0.0
612,0.0
613,56.0
613,0.0
613,0.0
614,0.0
614,0.0
614,56.0
615,0.0
615,0.0
615,56.0
616,0.0
616,56.0
616,0.0
617,0.0
617,56.0
617,0.0
618,0.0
618,56.0
618,0.0
619,56.0
619,0.0
619,0.0
620,56.0
620,0.0
620,0.0
621,56.0
621,0.0
621,0.0
622,56.0
622,0.0
622,0.0
623,56.0
623,0.0
623,0.0
624,56.0
624,0.0
624,0.0
625,56.0
625,0.0
625,0.0
626,56.0
626,0.0
626,0.0
627,56.0
628,56.0
629,56.0
630,56.0
631,56.0
631,0.0
632,56.0
632,0.0
633,56.0
633,0.0
634,56.0
634,0.0
635,56.0
635,0.0
636,56.0
636,0.0
637,0.0
637,56.0
637,0.0
638,0.0
638,56.0
638,0.0
639,0.0
639,56.0
639,0.0
640,0.0
640,56.0
640,0.0
641,0.0
641,56.0
641,0.0
642,0.0
642,56.0
642,0.0
643,0.0
643,56.0
643,0.0
644,0.0
644,56.0
644,0.0
645,0.0
645,56.0
645,0.0
646,0.0
646,56.0
646,0.0
647,0.0
647,56.0
647,0.0
648,0.0
648,56.0
649,0.0
649,56.0
649,0.0
650,0.0
650,56.0
650,0.0
651,0.0
651,56.0
651,0.0
652,0.0
652,56.0
653,56.0
653,0.0
654,0.0
654,56.0
655,0.0
655,56.0
656,0.0
656,56.0
657,56.0
657,0.0
657,0.0
658,0.0
658,56.0
658,0.0
659,0.0
659,56.0
659,0.0
660,0.0
660,56.0
660,0.0
661,0.0
661,56.0
661,0.0
662,0.0
662,56.0
662,0.0
663,0.0
663,56.0
663,0.0
664,0.0
664,56.0
664,0.0
665,56.0
665,0.0
665,0.0
666,56.0
666,0.0
667,56.0
667,0.0
668,56.0
668,0.0
669,56.0
669,0.0
670,56.0
670,0.0
670,0.0
671,56.0
671,0.0
671,0.0
672,56.0
672,0.0
672,0.0
673,56.0
673,0.0
673,0.0
674,56.0
674,0.0
674,0.0
675,56.0
675,0.0
675,0.0
676,56.0
676,0.0
677,56.0
677,0.0
678,56.0
678,0.0
679,56.0
679,0.0
680,56.0
680,0.0
680,0.0
681,56.0
681,0.0
681,0.0
682,56.0
682,0.0
682,0.0
683,56.0
683,0.0
683,0.0
684,56.0
684,0.0
685,56.0
685,0.0
685,0.0
686,56.0
686,0.0
686,0.0
687,56.0
687,0.0
688,56.0
688,0.0
689,0.0
689,56.0
689,0.0
690,0.0
690,56.0
690,0.0
691,56.0
691,0.0
691,0.0
692,56.0
692,0.0
692,0.0
693,0.0
693,56.0
693,0.0
694,0.0
694,56.0
694,0.0
695,0.0
695,56.0
695,0.0
696,56.0
696,0.0
696,0.0
697,0.0
697,56.0
697,0.0
698,0.0
698,56.0
698,0.0
699,0.0
699,56.0
699,0.0
700,0.0
700,56.0
700,0.0
701,0.0
701,56.0
701,0.0
702,0.0
702,56.0
702,0.0
703,0.0
703,56.0
703,0.0
704,0.0
704,56.0
704,0.0
705,0.0
705,56.0
705,0.0
706,0.0
706,56.0
706,0.0
707,0.0
707,56.0
707,0.0
708,0.0
708,56.0
708,0.0
709,0.0
709,0.0
709,56.0
709,0.0
710,0.0
710,56.0
710,0.0
710,0.0
711,0.0
711,56.0
711,0.0
711,0.0
712,0.0
712,56.0
712,0.0
713,0.0
713,56.0
713,0.0
714,56.0
714,0.0
714,0.0
715,0.0
715,56.0
715,0.0
715,0.0
716,0.0
716,56.0
716,0.0
716,0.0
717,0.0
717,56.0
717,0.0
717,0.0
718,0.0
718,56.0
718,0.0
718,0.0
719,0.0
719,56.0
719,0.0
719,0.0
720,0.0
720,56.0
720,0.0
720,0.0
721,0.0
721,56.0
721,0.0
721,0.0
722,0.0
722,56.0
722,0.0
722,0.0
723,56.0
723,0.0
723,0.0
723,0.0
724,56.0
724,0.0
724,0.0
724,0.0
725,56.0
725,0.0
725,0.0
725,0.0
726,0.0
726,0.0
726,56.0
726,0.0
727,0.0
727,56.0
727,0.0
728,0.0
728,56.0
728,0.0
729,0.0
729,0.0
729,56.0
729,0.0
730,0.0
730,0.0
730,56.0
730,0.0
731,0.0
731,0.0
731,56.0
731,0.0
732,0.0
732,0.0
732,56.0
732,0.0
733,0.0
733,0.0
733,56.0
733,0.0
734,0.0
734,0.0
734,56.0
734,0.0
735,0.0
735,0.0
735,56.0
735,0.0
736,0.0
736,0.0
736,56.0
736,0.0
737,0.0
737,0.0
737,56.0
737,0.0
738,0.0
738,0.0
738,56.0
738,0.0
739,0.0
739,56.0
739,0.0
740,0.0
740,56.0
740,0.0
741,0.0
741,56.0
741,0.0
742,56.0
742,0.0
742,0.0
743,0.0
743,56.0
743,0.0
744,0.0
744,56.0
744,0.0
745,0.0
745,56.0
745,0.0
746,0.0
746,56.0
746,0.0
747,0.0
747,56.0
747,0.0
748,56.0
748,0.0
748,0.0
749,56.0
749,0.0
749,0.0
750,56.0
750,0.0
750,0.0
751,56.0
751,0.0
751,0.0
752,56.0
752,0.0
752,0.0
753,56.0
753,0.0
753,0.0
754,56.0
754,0.0
754,0.0
755,0.0
755,56.0
755,0.0
756,56.0
756,0.0
757,0.0
757,56.0
757,0.0
758,0.0
758,56.0
758,0.0
759,0.0
759,56.0
759,0.0
760,0.0
760,56.0
760,0.0
761,0.0
761,56.0
761,0.0
762,0.0
762,56.0
762,0.0
763,0.0
763,56.0
763,0.0
764,56.0
764,0.0
765,0.0
765,56.0
765,0.0
766,56.0
766,0.0
766,0.0
767,56.0
767,0.0
767,0.0
768,56.0
768,0.0
768,0.0
769,56.0
769,0.0
770,56.0
770,0.0
770,0.0
771,56.0
771,0.0
771,0.0
772,56.0
772,0.0
772,0.0
773,56.0
773,0.0
773,0.0
773,0.0
773,0.0
774,56.0
774,0.0
774,0.0
774,0.0
774,0.0
775,56.0
775,0.0
775,0.0
775,0.0
775,0.0
776,56.0
776,0.0
776,0.0
776,0.0
776,0.0
777,56.0
777,0.0
777,0.0
777,0.0
778,0.0
778,56.0
778,0.0
778,0.0
778,0.0
779,0.0
779,56.0
779,0.0
779,0.0
780,56.0
780,0.0
780,0.0
780,0.0
781,56.0
781,0.0
781,0.0
781,0.0
781,0.0
782,0.0
782,56.0
782,0.0
782,0.0
783,56.0
783,0.0
783,0.0
783,0.0
783,0.0
784,56.0
784,0.0
784,0.0
784,0.0
784,0.0
785,0.0
785,56.0
785,0.0
785,0.0
785,0.0
786,56.0
786,0.0
786,0.0
787,0.0
787,56.0
787,0.0
787,0.0
788,0.0
788,56.0
788,0.0
788,0.0
789,0.0
789,56.0
789,0.0
789,0.0
790,0.0
790,56.0
790,0.0
791,0.0
791,56.0
791,0.0
791,0.0
792,0.0
792,56.0
792,0.0
793,0.0
793,56.0
793,0.0
794,56.0
794,0.0
794,0.0
795,56.0
795,0.0
795,0.0
796,56.0
796,0.0
797,56.0
797,0.0
798,0.0
798,56.0
798,0.0
799,0.0
799,56.0
799,0.0
800,0.0
800,56.0
800,0.0
801,0.0
801,56.0
801,0.0
802,0.0
802,56.0
802,0.0
803,0.0
803,56.0
803,0.0
803,0.0
804,0.0
804,0.0
804,56.0
805,0.0
805,0.0
805,56.0
805,0.0
806,0.0
806,0.0
806,56.0
806,0.0
807,0.0
807,0.0
807,56.0
807,0.0
808,0.0
808,0.0
808,56.0
808,0.0
809,0.0
809,0.0
809,56.0
809,0.0
810,0.0
810,0.0
810,56.0
810,0.0
811,0.0
811,0.0
811,56.0
811,0.0
812,0.0
812,0.0
812,56.0
812,0.0
813,0.0
813,0.0
813,56.0
813,0.0
814,0.0
814,0.0
814,56.0
814,0.0
815,0.0
815,56.0
815,0.0
815,0.0
816,0.0
816,56.0
816,0.0
817,0.0
817,56.0
817,0.0
817,0.0
818,0.0
818,56.0
818,0.0
818,0.0
818,0.0
819,0.0
819,56.0
819,0.0
819,0.0
819,0.0
820,0.0
820,56.0
820,0.0
820,0.0
820,0.0
821,0.0
821,56.0
821,0.0
821,0.0
821,0.0
822,0.0
822,56.0
822,0.0
822,0.0
822,0.0
823,0.0
823,56.0
823,0.0
823,0.0
823,0.0
824,0.0
824,56.0
824,0.0
824,0.0
824,0.0
825,0.0
825,56.0
825,0.0
825,0.0
825,0.0
826,0.0
826,56.0
826,0.0
826,0.0
826,0.0
827,0.0
827,56.0
827,0.0
827,0.0
827,0.0
828,0.0
828,0.0
828,56.0
828,0.0
828,0.0
829,0.0
829,0.0
829,56.0
829,0.0
829,0.0
830,0.0
830,0.0
830,56.0
830,0.0
830,0.0
831,0.0
831,0.0
831,56.0
831,0.0
831,0.0
832,0.0
832,0.0
832,56.0
832,0.0
833,0.0
833,56.0
833,0.0
833,0.0
834,0.0
834,56.0
834,0.0
834,0.0
835,0.0
835,56.0
835,0.0
835,0.0
836,0.0
836,56.0
836,0.0
836,0.0
837,0.0
837,56.0
837,0.0
837,0.0
838,56.0
838,0.0
838,0.0
838,0.0
839,56.0
839,0.0
839,0.0
839,0.0
840,56.0
840,0.0
840,0.0
840,0.0
841,56.0
841,0.0
841,0.0
841,0.0
842,56.0
842,0.0
842,0.0
842,0.0
843,56.0
843,0.0
843,0.0
843,0.0
844,56.0
844,0.0
844,0.0
844,0.0
845,56.0
845,0.0
845,0.0
845,0.0
846,0.0
846,56.0
846,0.0
846,0.0
847,0.0
847,56.0
847,0.0
847,0.0
848,0.0
848,56.0
848,0.0
848,0.0
849,56.0
849,0.0
849,0.0
849,0.0
850,56.0
850,0.0
850,0.0
851,56.0
851,0.0
851,0.0
852,56.0
852,0.0
852,0.0
853,56.0
853,0.0
853,0.0
854,56.0
854,0.0
854,0.0
855,56.0
855,0.0
855,0.0
855,0.0
856,56.0
856,0.0
856,0.0
857,56.0
857,0.0
857,0.0
858,56.0
858,0.0
858,0.0
859,56.0
859,0.0
859,0.0
860,56.0
860,0.0
860,0.0
861,56.0
861,0.0
861,0.0
862,56.0
862,0.0
862,0.0
863,56.0
863,0.0
864,56.0
864,0.0
865,56.0
865,0.0
865,0.0
866,56.0
866,0.0
866,0.0
867,56.0
867,0.0
868,56.0
868,0.0
868,0.0
869,56.0
869,0.0
869,0.0
870,56.0
870,0.0
870,0.0
871,56.0
871,0.0
871,0.0
872,56.0
872,0.0
873,56.0
873,0.0
874,56.0
874,0.0
875,56.0
875,0.0
876,56.0
876,0.0
877,56.0
877,0.0
878,56.0
878,0.0
879,56.0
880,56.0
880,0.0
881,56.0
881,0.0
882,56.0
882,0.0
883,56.0
883,0.0
884,56.0
884,0.0
885,56.0
885,0.0
886,56.0
887,56.0
888,56.0
888,0.0
889,56.0
889,0.0
890,56.0
891,56.0
892,56.0
893,56.0
893,0.0
894,56.0
894,0.0
895,56.0
895,0.0
896,56.0
896,0.0
897,56.0
897,0.0
897,0.0
898,56.0
898,0.0
898,0.0
899,56.0
899,0.0
899,0.0
900,56.0
900,0.0
900,0.0
901,56.0
901,0.0
902,56.0
902,0.0
903,56.0
903,0.0
904,56.0
904,0.0
905,56.0
905,0.0
906,56.0
906,0.0
907,56.0
907,0.0
908,56.0
908,0.0
909,56.0
909,0.0
910,56.0
910,0.0
911,56.0
911,0.0
912,56.0
912,0.0
913,56.0
913,0.0
914,56.0
914,0.0
915,0.0
915,56.0
916,0.0
916,56.0
917,0.0
917,56.0
918,0.0
918,56.0
919,0.0
919,56.0
920,0.0
920,56.0
921,0.0
921,56.0
922,56.0
922,0.0
923,56.0
923,0.0
924,56.0
924,0.0
925,56.0
925,0.0
926,56.0
926,0.0
927,56.0
927,0.0
928,0.0
928,56.0
929,0.0
929,56.0
930,0.0
930,56.0
931,56.0
931,0.0
932,56.0
932,0.0
932,0.0
933,56.0
933,0.0
933,0.0
934,56.0
934,0.0
934,0.0
935,0.0
935,56.0
935,0.0
936,0.0
936,56.0
936,0.0
937,56.0
937,0.0
937,0.0
937,0.0
938,56.0
938,0.0
938,0.0
938,0.0
939,56.0
939,0.0
939,0.0
939,0.0
940,56.0
940,0.0
940,0.0
940,0.0
941,56.0
941,0.0
941,0.0
941,0.0
942,0.0
942,56.0
942,0.0
942,0.0
943,0.0
943,56.0
943,0.0
943,0.0
944,56.0
944,0.0
944,0.0
945,56.0
945,0.0
945,0.0
946,56.0
946,0.0
947,56.0
947,0.0
947,0.0
948,56.0
948,0.0
948,0.0
949,56.0
949,0.0
949,0.0
950,56.0
950,0.0
950,0.0
951,56.0
951,0.0
951,0.0
952,0.0
952,56.0
952,0.0
953,56.0
953,0.0
953,0.0
953,0.0
954,56.0
954,0.0
954,0.0
954,0.0
955,56.0
955,0.0
955,0.0
955,0.0
956,56.0
956,0.0
956,0.0
956,0.0
957,0.0
957,56.0
957,0.0
957,0.0
958,0.0
958,56.0
958,0.0
958,0.0
959,0.0
959,56.0
959,0.0
959,0.0
959,0.0
960,0.0
960,56.0
960,0.0
960,0.0
960,0.0
961,0.0
961,56.0
961,0.0
961,0.0
961,0.0
962,0.0
962,56.0
962,0.0
962,0.0
962,0.0
963,0.0
963,56.0
963,0.0
963,0.0
963,0.0
964,0.0
964,56.0
964,0.0
964,0.0
964,0.0
965,0.0
965,0.0
965,56.0
965,0.0
966,0.0
966,56.0
966,0.0
966,0.0
967,0.0
967,56.0
968,0.0
968,56.0
969,56.0
969,0.0
969,0.0
970,56.0
970,0.0
970,0.0
971,56.0
971,0.0
971,0.0
972,56.0
972,0.0
972,0.0
973,56.0
973,0.0
973,0.0
974,56.0
974,0.0
975,56.0
975,0.0
976,0.0
976,56.0
977,0.0
977,56.0
978,56.0
978,0.0
979,56.0
979,0.0
980,56.0
980,0.0
981,56.0
981,0.0
982,56.0
982,0.0
982,0.0
983,56.0
983,0.0
983,0.0
983,0.0
984,56.0
984,0.0
984,0.0
985,56.0
985,0.0
985,0.0
986,56.0
986,0.0
986,0.0
987,56.0
987,0.0
987,0.0
988,56.0
988,0.0
988,0.0
989,56.0
989,0.0
989,0.0
990,56.0
990,0.0
990,0.0
991,56.0
991,0.0
991,0.0
992,56.0
992,0.0
992,0.0
993,56.0
993,0.0
993,0.0
994,56.0
994,0.0
994,0.0
995,0.0
995,56.0
995,0.0
996,0.0
996,56.0
996,0.0
997,0.0
997,56.0
997,0.0
998,0.0
998,56.0
998,0.0
999,0.0
999,56.0
999,0.0
1000,0.0
1000,56.0
1000,0.0
1001,0.0
1001,56.0
1001,0.0
1002,0.0
1002,56.0
1002,0.0
1002,0.0
1003,0.0
1003,56.0
1003,0.0
1003,0.0
1004,0.0
1004,56.0
1004,0.0
1004,0.0
1005,0.0
1005,56.0
1005,0.0
1005,0.0
1006,0.0
1006,56.0
1006,0.0
1007,0.0
1007,56.0
1007,0.0
1008,0.0
1008,56.0
1008,0.0
1009,0.0
1009,56.0
1009,0.0
1009,0.0
1010,0.0
1010,56.0
1010,0.0
1011,0.0
1011,56.0
1011,0.0
1012,0.0
1012,56.0
1012,0.0
1012,0.0
1013,0.0
1013,56.0
1013,0.0
1013,0.0
1014,0.0
1014,56.0
1014,0.0
1014,0.0
1015,0.0
1015,56.0
1015,0.0
1015,0.0
1015,0.0
1016,0.0
1016,56.0
1016,0.0
1016,0.0
1016,0.0
1017,0.0
1017,56.0
1017,0.0
1017,0.0
1017,0.0
1018,0.0
1018,56.0
1018,0.0
1019,0.0
1019,56.0
1019,0.0
1019,0.0
1020,0.0
1020,56.0
1020,0.0
1020,0.0
1021,0.0
1021,56.0
1021,0.0
1022,0.0
1022,56.0
1023,0.0
1023,56.0
1024,0.0
1024,56.0
1025,0.0
1025,56.0
1026,0.0
1026,56.0
1027,0.0
1027,56.0
1028,0.0
1028,56.0
1029,0.0
1029,56.0
1030,0.0
1030,56.0
1031,0.0
1031,56.0
1031,0.0
1032,0.0
1032,56.0
1032,0.0
1033,0.0
1033,56.0
1033,0.0
1034,0.0
1034,56.0
1034,0.0
1035,0.0
1035,56.0
1035,0.0
1036,0.0
1036,56.0
1036,0.0
1037,0.0
1037,56.0
1037,0.0
1038,0.0
1038,56.0
1038,0.0
1039,0.0
1039,56.0
1039,0.0
1040,0.0
1040,56.0
1040,0.0
1041,0.0
1041,56.0
1041,0.0
1042,0.0
1042,56.0
1042,0.0
1043,0.0
1043,56.0
1043,0.0
1044,0.0
1044,56.0
1044,0.0
1045,56.0
1045,0.0
1046,56.0
1046,0.0
1047,56.0
1047,0.0
1048,56.0
1049,56.0
1050,56.0
1051,56.0
1051,0.0
1052,56.0
1052,0.0
1052,0.0
1052,0.0
1053,0.0
1053,56.0
1053,0.0
1053,0.0
1053,0.0
1054,0.0
1054,56.0
1054,0.0
1054,0.0
1054,0.0
1055,56.0
1055,0.0
1055,0.0
1055,0.0
1056,56.0
1056,0.0
1056,0.0
1057,0.0
1057,56.0
1057,0.0
1057,0.0
1058,0.0
1058,56.0
1058,0.0
1058,0.0
1059,0.0
1059,56.0
1059,0.0
1060,0.0
1060,56.0
1060,0.0
1061,0.0
1061,56.0
1061,0.0
1061,0.0
1062,0.0
1062,56.0
1062,0.0
1063,0.0
1063,56.0
1063,0.0
1064,0.0
1064,56.0
1064,0.0
1064,0.0
1065,0.0
1065,56.0
1065,0.0
1066,0.0
1066,56.0
1066,0.0
1067,0.0
1067,56.0
1067,0.0
1068,0.0
1068,56.0
1068,0.0
1069,0.0
1069,56.0
1069,0.0
1070,0.0
1070,56.0
1071,0.0
1071,56.0
1072,0.0
1072,56.0
1072,0.0
1073,0.0
1073,56.0
1074,0.0
1074,56.0
1074,0.0
1075,0.0
1075,56.0
1076,0.0
1076,56.0
1077,0.0
1077,56.0
1078,0.0
1078,56.0
1078,0.0
1079,0.0
1079,56.0
1079,0.0
1080,0.0
1080,56.0
1080,0.0
1081,0.0
1081,56.0
1081,0.0
1082,0.0
1082,56.0
1082,0.0
1083,0.0
1083,56.0
1083,0.0
1084,0.0
1084,56.0
1084,0.0
1085,0.0
1085,0.0
1085,56.0
1086,0.0
1086,56.0
1086,0.0
1087,0.0
1087,56.0
1087,0.0
1088,0.0
1088,56.0
1088,0.0
1089,0.0
1089,0.0
1089,56.0
1089,0.0
1090,0.0
1090,0.0
1090,56.0
1090,0.0
1091,0.0
1091,0.0
1091,56.0
1091,0.0
1092,0.0
1092,0.0
1092,56.0
1092,0.0
1093,0.0
1093,0.0
1093,56.0
1093,0.0
1094,0.0
1094,0.0
1094,56.0
1094,0.0
1095,0.0
1095,56.0
1095,0.0
1095,0.0
1096,0.0
1096,0.0
1096,56.0
1096,0.0
1097,0.0
1097,56.0
1097,0.0
1097,0.0
1098,0.0
1098,0.0
1098,56.0
1098,0.0
1099,0.0
1099,0.0
1099,56.0
1099,0.0
1100,0.0
1100,56.0
1100,0.0
1101,0.0
1101,56.0
1101,0.0
1101,0.0
1102,0.0
1102,56.0
1102,0.0
1102,0.0
1103,0.0
1103,56.0
1103,0.0
1103,0.0
1104,0.0
1104,56.0
1104,0.0
1104,0.0
1104,0.0
1105,0.0
1105,56.0
1105,0.0
1105,0.0
1105,0.0
1106,0.0
1106,56.0
1106,0.0
1106,0.0
1106,0.0
1107,0.0
1107,56.0
1107,0.0
1107,0.0
1107,0.0
1108,0.0
1108,56.0
1108,0.0
1109,0.0
1109,56.0
1110,0.0
1110,56.0
1111,0.0
1111,56.0
1111,0.0
1112,0.0
1112,56.0
1112,0.0
1113,0.0
1113,56.0
1113,0.0
1113,0.0
1114,0.0
1114,56.0
1114,0.0
1114,0.0
1115,0.0
1115,56.0
1115,0.0
1115,0.0
1116,0.0
1116,56.0
1116,0.0
1116,0.0
1117,0.0
1117,0.0
1117,56.0
1117,0.0
1118,0.0
1118,0.0
1118,56.0
1118,0.0
1119,0.0
1119,56.0
1119,0.0
1119,0.0
1120,0.0
1120,56.0
1120,0.0
1120,0.0
1121,0.0
1121,56.0
1121,0.0
1121,0.0
1122,0.0
1122,56.0
1122,0.0
1123,0.0
1123,56.0
1123,0.0
1124,0.0
1124,56.0
1124,0.0
1124,0.0
1125,0.0
1125,56.0
1125,0.0
1125,0.0
1126,0.0
1126,56.0
1126,0.0
1126,0.0
1127,0.0
1127,56.0
1127,0.0
1127,0.0
1128,0.0
1128,56.0
1128,0.0
1128,0.0
1129,0.0
1129,56.0
1129,0.0
1129,0.0
1130,0.0
1130,56.0
1130,0.0
1130,0.0
1131,0.0
1131,56.0
1131,0.0
1131,0.0
1132,56.0
1132,0.0
1132,0.0
1132,0.0
1133,0.0
1133,56.0
1133,0.0
1133,0.0
1134,0.0
1134,56.0
1134,0.0
1134,0.0
1135,0.0
1135,56.0
1135,0.0
1136,0.0
1136,56.0
1136,0.0
1137,0.0
1137,56.0
1137,0.0
1138,0.0
1138,56.0
1138,0.0
1139,0.0
1139,56.0
1139,0.0
1139,0.0
1140,0.0
1140,56.0
1140,0.0
1140,0.0
1141,0.0
1141,56.0
1141,0.0
1142,0.0
1142,56.0
1142,0.0
1142,0.0
1143,0.0
1143,56.0
1143,0.0
1143,0.0
1144,0.0
1144,56.0
1144,0.0
1144,0.0
1145,0.0
1145,56.0
1145,0.0
1145,0.0
1146,56.0
1146,0.0
1146,0.0
1146,0.0
1147,0.0
1147,56.0
1147,0.0
1147,0.0
1148,0.0
1148,56.0
1148,0.0
1148,0.0
1149,0.0
1149,56.0
1149,0.0
1149,0.0
1150,0.0
1150,56.0
1150,0.0
1150,0.0
1151,56.0
1151,0.0
1151,0.0
1151,0.0
1152,0.0
1152,56.0
1152,0.0
1152,0.0
1153,0.0
1153,56.0
1153,0.0
1153,0.0
1154,0.0
1154,56.0
1154,0.0
1154,0.0
1155,0.0
1155,56.0
1155,0.0
1155,0.0
1156,0.0
1156,56.0
1156,0.0
1156,0.0
1157,0.0
1157,56.0
1157,0.0
1157,0.0
1158,56.0
1158,0.0
1158,0.0
1158,0.0
1159,56.0
1159,0.0
1159,0.0
1159,0.0
1160,56.0
1160,0.0
1160,0.0
1160,0.0
1161,56.0
1161,0.0
1161,0.0
1161,0.0
1162,56.0
1162,0.0
1162,0.0
1162,0.0
1163,56.0
1163,0.0
1163,0.0
1163,0.0
1163,0.0
1164,0.0
1164,56.0
1164,0.0
1164,0.0
1165,0.0
1165,56.0
1165,0.0
1166,0.0
1166,56.0
1166,0.0
1167,56.0
1167,0.0
1167,0.0
1168,0.0
1168,56.0
1168,0.0
1169,0.0
1169,56.0
1169,0.0
1170,0.0
1170,56.0
1170,0.0
1171,0.0
1171,56.0
1171,0.0
1172,0.0
1172,56.0
1172,0.0
1173,0.0
1173,56.0
1173,0.0
1174,0.0
1174,56.0
1174,0.0
1175,56.0
1175,0.0
1175,0.0
1175,0.0
1176,0.0
1176,56.0
1176,0.0
1177,56.0
1177,0.0
1177,0.0
1178,56.0
1178,0.0
1178,0.0
1179,0.0
1179,56.0
1179,0.0
1180,0.0
1180,56.0
1180,0.0
1180,0.0
1180,0.0
1181,0.0
1181,56.0
1181,0.0
1181,0.0
1181,0.0
1182,0.0
1182,56.0
1182,0.0
1182,0.0
1182,0.0
1183,0.0
1183,56.0
1183,0.0
1183,0.0
1183,0.0
1184,0.0
1184,56.0
1184,0.0
1184,0.0
1184,0.0
1185,56.0
1185,0.0
1185,0.0
1186,0.0
1186,56.0
1186,0.0
1187,0.0
1187,56.0
1187,0.0
1188,56.0
1188,0.0
1188,0.0
1188,0.0
1189,56.0
1189,0.0
1190,56.0
1190,0.0
1191,56.0
1191,0.0
1192,56.0
1192,0.0
1193,56.0
1193,0.0
1194,56.0
1194,0.0
1194,0.0
1195,56.0
1195,0.0
1196,56.0
1196,0.0
1197,56.0
1197,0.0
1198,56.0
1198,0.0
1199,56.0
1199,0.0
1199,0.0
1200,56.0
1200,0.0
1200,0.0
1201,56.0
1201,0.0
1202,56.0
1202,0.0
1203,56.0
1203,0.0
1204,56.0
1204,0.0
1205,56.0
1205,0.0
1206,56.0
1206,0.0
1207,56.0
1207,0.0
1208,56.0
1208,0.0
1209,56.0
1209,0.0
1210,56.0
1210,0.0
1210,0.0
1211,56.0
1211,0.0
1212,56.0
1212,0.0
1213,56.0
1213,0.0
1214,56.0
1214,0.0
1214,0.0
1214,0.0
1215,56.0
1215,0.0
1215,0.0
1215,0.0
1216,0.0
1216,56.0
1216,0.0
1217,0.0
1217,56.0
1217,0.0
1218,0.0
1218,56.0
1218,0.0
1219,0.0
1219,56.0
1219,0.0
1220,0.0
1220,56.0
1220,0.0
1221,0.0
1221,56.0
1221,0.0
1222,0.0
1222,56.0
1222,0.0
1223,0.0
1223,56.0
1223,0.0
1224,56.0
1224,0.0
1224,0.0
1224,0.0
1225,56.0
1225,0.0
1225,0.0
1225,0.0
1226,56.0
1226,0.0
1226,0.0
1226,0.0
1227,56.0
1227,0.0
1227,0.0
1227,0.0
1228,56.0
1228,0.0
1228,0.0
1228,0.0
1229,56.0
1229,0.0
1229,0.0
1229,0.0
1230,56.0
1230,0.0
1230,0.0
1230,0.0
1231,0.0
1231,0.0
1231,56.0
1231,0.0
1232,0.0
1232,0.0
1232,56.0
1232,0.0
1233,0.0
1233,0.0
1233,56.0
1233,0.0
1234,0.0
1234,0.0
1234,56.0
1234,0.0
1235,0.0
1235,0.0
1235,56.0
1235,0.0
1236,0.0
1236,0.0
1236,56.0
1236,0.0
1237,0.0
1237,0.0
1237,56.0
1237,0.0
1238,0.0
1238,0.0
1238,56.0
1238,0.0
1239,0.0
1239,0.0
1239,56.0
1239,0.0
1240,0.0
1240,0.0
1240,56.0
1240,0.0
1241,0.0
1241,56.0
1241,0.0
1242,0.0
1242,0.0
1242,56.0
1242,0.0
1243,0.0
1243,0.0
1243,56.0
1243,0.0
1244,0.0
1244,56.0
1244,0.0
1245,56.0
1245,0.0
1245,0.0
1246,0.0
1246,56.0
1246,0.0
1247,0.0
1247,56.0
1247,0.0
1248,56.0
1248,0.0
1248,0.0
1249,0.0
1249,56.0
1249,0.0
1250,0.0
1250,56.0
1250,0.0
1251,0.0
1251,56.0
1251,0.0
1252,0.0
1252,56.0
1252,0.0
1253,0.0
1253,56.0
1253,0.0
1254,0.0
1254,56.0
1254,0.0
1255,0.0
1255,56.0
1255,0.0
1256,0.0
1256,56.0
1256,0.0
1257,0.0
1257,56.0
1258,0.0
1258,56.0
1258,0.0
1259,0.0
1259,56.0
1259,0.0
1260,0.0
1260,56.0
1260,0.0
1261,0.0
1261,56.0
1261,0.0
1262,0.0
1262,56.0
1262,0.0
1263,0.0
1263,56.0
1263,0.0
1264,0.0
1264,56.0
1264,0.0
1265,0.0
1265,56.0
1265,0.0
1266,0.0
1266,56.0
1266,0.0
1267,56.0
1267,0.0
1267,0.0
1268,56.0
1268,0.0
1268,0.0
1269,56.0
1269,0.0
1269,0.0
1270,56.0
1270,0.0
1270,0.0
1271,56.0
1271,0.0
1271,0.0
1272,56.0
1272,0.0
1272,0.0
1273,56.0
1273,0.0
1273,0.0
1274,56.0
1274,0.0
1274,0.0
1275,56.0
1275,0.0
1275,0.0
1276,0.0
1276,56.0
1276,0.0
1277,56.0
1277,0.0
1277,0.0
1278,0.0
1278,56.0
1278,0.0
1279,0.0
1279,56.0
1279,0.0
1280,0.0
1280,56.0
1281,0.0
1281,56.0
1282,0.0
1282,56.0
1283,0.0
1283,56.0
1284,0.0
1284,56.0
1285,56.0
1285,0.0
1286,56.0
1286,0.0
1287,56.0
1287,0.0
1288,56.0
1288,0.0
1289,56.0
1289,0.0
1290,56.0
1290,0.0
1291,56.0
1291,0.0
1292,56.0
1292,0.0
1293,56.0
1293,0.0
1294,56.0
1294,0.0
1295,56.0
1295,0.0
1296,56.0
1296,0.0
1297,56.0
1297,0.0
1298,56.0
1298,0.0
1299,56.0
1299,0.0
1300,56.0
1300,0.0
1301,56.0
1301,0.0
1302,56.0
1302,0.0
1303,56.0
1303,0.0
1304,56.0
1304,0.0
1305,56.0
1305,0.0
1306,56.0
1306,0.0
1307,56.0
1307,0.0
1308,56.0
1308,0.0
1309,0.0
1309,56.0
1310,0.0
1310,56.0
1311,0.0
1311,56.0
1312,0.0
1312,56.0
1313,0.0
1313,56.0
1314,0.0
1314,56.0
1314,0.0
1315,56.0
1315,0.0
1315,0.0
1316,56.0
1316,0.0
1316,0.0
1317,56.0
1317,0.0
1318,0.0
1318,56.0
1318,0.0
1319,56.0
1319,0.0
1320,56.0
1320,0.0
1321,56.0
1321,0.0
1322,56.0
1322,0.0
1323,56.0
1323,0.0
1324,56.0
1324,0.0
1325,56.0
1325,0.0
1326,56.0
1326,0.0
1327,56.0
1327,0.0
1328,56.0
1328,0.0
1329,56.0
1329,0.0
1329,0.0
1330,56.0
1330,0.0
1330,0.0
1331,56.0
1331,0.0
1331,0.0
1332,56.0
1332,0.0
1333,56.0
1333,0.0
1334,56.0
1334,0.0
1335,56.0
1335,0.0
1335,0.0
1336,0.0
1336,56.0
1336,0.0
1337,0.0
1337,56.0
1337,0.0
1338,0.0
1338,56.0
1338,0.0
1339,0.0
1339,56.0
1339,0.0
1340,56.0
1340,0.0
1340,0.0
1341,56.0
1341,0.0
1341,0.0
1342,56.0
1342,0.0
1342,0.0
1343,0.0
1343,56.0
1343,0.0
1344,56.0
1344,0.0
1344,0.0
1345,56.0
1345,0.0
1345,0.0
1346,56.0
1346,0.0
1346,0.0
1347,56.0
1347,0.0
1347,0.0
1348,56.0
1348,0.0
1348,0.0
1349,56.0
1349,0.0
1350,56.0
1350,0.0
1351,56.0
1351,0.0
1352,56.0
1352,0.0
1353,56.0
1353,0.0
1353,0.0
1354,56.0
1354,0.0
1354,0.0
1355,0.0
1355,56.0
1355,0.0
1356,0.0
1356,56.0
1356,0.0
1357,0.0
1357,56.0
1357,0.0
1358,0.0
1358,56.0
1358,0.0
1359,0.0
1359,56.0
1359,0.0
1360,0.0
1360,56.0
1360,0.0
1361,0.0
1361,56.0
1361,0.0
1362,0.0
1362,56.0
1363,0.0
1363,56.0
1364,0.0
1364,56.0
1365,0.0
1365,56.0
1366,0.0
1366,56.0
1366,0.0
1367,0.0
1367,56.0
1368,0.0
1368,56.0
1369,0.0
1369,56.0
1370,0.0
1370,56.0
1371,0.0
1371,56.0
1372,0.0
1372,56.0
1373,0.0
1373,56.0
1374,0.0
1374,56.0
1375,0.0
1375,56.0
1376,0.0
1376,56.0
1377,0.0
1377,56.0
1378,0.0
1378,56.0
1379,0.0
1379,56.0
1380,0.0
1380,56.0
1381,0.0
1381,56.0
1382,0.0
1382,56.0
1383,0.0
1383,56.0
1384,0.0
1384,56.0
1385,0.0
1385,56.0
1385,0.0
1386,0.0
1386,56.0
1386,0.0
1387,0.0
1387,56.0
1387,0.0
1388,0.0
1388,56.0
1388,0.0
1389,56.0
1389,0.0
1389,0.0
1390,56.0
1390,0.0
1390,0.0
1391,0.0
1391,56.0
1391,0.0
1392,0.0
1392,56.0
1393,0.0
1393,56.0
1394,0.0
1394,56.0
1395,0.0
1395,56.0
1396,0.0
1396,56.0
1397,0.0
1397,56.0
1398,56.0
1398,0.0
1399,56.0
1399,0.0
1400,56.0
1400,0.0
1400,0.0
1401,56.0
1401,0.0
1401,0.0
1402,56.0
1402,0.0
1403,56.0
1403,0.0
1404,56.0
1404,0.0
1405,56.0
1405,0.0
1405,0.0
1406,56.0
1406,0.0
1406,0.0
1407,56.0
1407,0.0
1407,0.0
1408,56.0
1408,0.0
1408,0.0
1409,0.0
1409,0.0
1409,56.0
1410,0.0
1410,0.0
1410,56.0
1411,0.0
1411,0.0
1411,56.0
1412,0.0
1412,0.0
1412,56.0
1413,0.0
1413,0.0
1413,56.0
1413,0.0
1414,0.0
1414,0.0
1414,56.0
1414,0.0
1415,0.0
1415,56.0
1415,0.0
1415,0.0
1416,0.0
1416,0.0
1416,56.0
1416,0.0
1417,0.0
1417,0.0
1417,56.0
1417,0.0
1418,0.0
1418,0.0
1418,56.0
1418,0.0
1419,0.0
1419,56.0
1419,0.0
1419,0.0
1420,0.0
1420,56.0
1420,0.0
1420,0.0
1421,0.0
1421,56.0
1421,0.0
1421,0.0
1422,0.0
1422,56.0
1422,0.0
1422,0.0
1423,0.0
1423,56.0
1423,0.0
1423,0.0
1424,0.0
1424,56.0
1424,0.0
1425,0.0
1425,56.0
1425,0.0
1425,0.0
1426,0.0
1426,56.0
1426,0.0
1426,0.0
1427,0.0
1427,56.0
1427,0.0
1427,0.0
1428,0.0
1428,56.0
1428,0.0
1428,0.0
1429,56.0
1429,0.0
1429,0.0
1429,0.0
1430,0.0
1430,56.0
1430,0.0
1430,0.0
1431,0.0
1431,56.0
1431,0.0
1431,0.0
1432,0.0
1432,56.0
1432,0.0
1432,0.0
1433,56.0
1433,0.0
1433,0.0
1433,0.0
1434,56.0
1434,0.0
1434,0.0
1434,0.0
1435,56.0
1435,0.0
1435,0.0
1435,0.0
1436,56.0
1436,0.0
1436,0.0
1436,0.0
1437,0.0
1437,56.0
1437,0.0
1437,0.0
1438,0.0
1438,56.0
1438,0.0
1438,0.0
1439,0.0
1439,56.0
1439,0.0
1439,0.0
1440,0.0
1440,56.0
1440,0.0
1440,0.0
1441,0.0
1441,56.0
1441,0.0
1441,0.0
1442,0.0
1442,0.0
1442,56.0
1442,0.0
1443,0.0
1443,0.0
1443,0.0
1443,56.0
1444,0.0
1444,0.0
1444,0.0
1444,56.0
1445,0.0
1445,0.0
1445,0.0
1446,0.0
1446,0.0
1446,0.0
1446,56.0
1447,0.0
1447,0.0
1447,0.0
1448,0.0
1448,0.0
1448,0.0
1449,0.0
1449,0.0
1449,0.0
1450,0.0
1450,0.0
1450,0.0
1450,56.0
1451,0.0
1451,0.0
1451,56.0
1451,0.0
1452,0.0
1452,56.0
1452,0.0
1452,0.0
1453,0.0
1453,56.0
1453,0.0
1453,0.0
1454,0.0
1454,56.0
1454,0.0
1454,0.0
1455,0.0
1455,56.0
1455,0.0
1455,0.0
1456,0.0
1456,56.0
1456,0.0
1456,0.0
1457,0.0
1457,56.0
1457,0.0
1457,0.0
1458,0.0
1458,56.0
1458,0.0
1458,0.0
1459,0.0
1459,56.0
1459,0.0
1459,0.0
1460,0.0
1460,56.0
1460,0.0
1460,0.0
1461,0.0
1461,56.0
1461,0.0
1461,0.0
1462,0.0
1462,56.0
1462,0.0
1462,0.0
1463,0.0
1463,56.0
1463,0.0
1463,0.0
1464,0.0
1464,56.0
1464,0.0
1464,0.0
1465,56.0
1465,0.0
1465,0.0
1466,56.0
1466,0.0
1466,0.0
1467,56.0
1467,0.0
1467,0.0
1467,0.0
1468,56.0
1468,0.0
1468,0.0
1469,56.0
1469,0.0
1470,56.0
1470,0.0
1471,56.0
1471,0.0
1472,56.0
1472,0.0
1472,0.0
1473,56.0
1473,0.0
1473,0.0
1474,56.0
1474,0.0
1474,0.0
1475,56.0
1475,0.0
1475,0.0
1476,56.0
1476,0.0
1476,0.0
1477,56.0
1477,0.0
1478,56.0
1478,0.0
1479,56.0
1480,56.0
1480,0.0
1481,56.0
1481,0.0
1482,56.0
1482,0.0
1483,56.0
1483,0.0
1484,56.0
1484,0.0
1485,56.0
1485,0.0
1485,0.0
1486,56.0
1486,0.0
1487,56.0
1487,0.0
1488,0.0
1488,56.0
1488,0.0
1489,0.0
1489,56.0
1489,0.0
1490,0.0
1490,0.0
1490,56.0
1491,0.0
1491,56.0
1491,0.0
1492,0.0
1492,56.0
1492,0.0
1493,56.0
1493,0.0
1494,56.0
1494,0.0
1494,0.0
1495,0.0
1495,56.0
1495,0.0
1496,0.0
1496,56.0
1496,0.0
1497,56.0
1497,0.0
1497,0.0
1498,56.0
1498,0.0
1498,0.0
1499,0.0
1499,0.0
1499,56.0
1500,0.0
1500,0.0
1500,56.0
1501,0.0
1501,56.0
1501,0.0
1502,0.0
1502,56.0
1503,0.0
1503,56.0
1504,0.0
1504,56.0
1505,56.0
1505,0.0
1505,0.0
1506,56.0
1506,0.0
1507,56.0
1508,56.0
1509,56.0
1509,0.0
1510,56.0
1511,0.0
1511,56.0
1512,0.0
1512,56.0
1512,56.0
1513,0.0
1513,56.0
1513,56.0
1514,0.0
1514,56.0
1515,0.0
1515,56.0
1516,0.0
1516,56.0
1517,0.0
1517,56.0
1518,0.0
1518,56.0
1519,0.0
1519,56.0
1520,0.0
1520,56.0
1521,0.0
1521,56.0
1522,0.0
1523,0.0
1524,0.0
1524,56.0
1525,0.0
1526,0.0
1527,0.0
1528,0.0
1529,0.0
1530,0.0
1531,0.0
1532,0.0
1533,0.0
1533,56.0
1534,0.0
1534,56.0
1535,0.0
1536,0.0
1537,0.0
1538,0.0
1539,0.0
1539,0.0
1539,56.0
1540,0.0
1540,56.0
1541,0.0
1541,56.0
1542,0.0
1543,0.0
1544,0.0
1545,0.0
1546,0.0
1547,0.0
1548,0.0
1548,0.0
1549,0.0
1549,0.0
1550,0.0
1551,0.0
1569,0.0
1571,0.0
1572,0.0
1573,0.0
1578,0.0
1579,0.0
1580,0.0
1581,0.0
1825,56.0
1828,56.0
1832,56.0
1835,56.0
1836,56.0
1837,56.0
1838,56.0
1839,56.0
1840,56.0
1841,56.0
1842,56.0
1843,56.0
1844,56.0
1845,56.0
1846,56.0
1847,56.0
1848,56.0
1849,56.0
1850,56.0
1851,56.0
1852,56.0
1853,56.0
1854,56.0
1855,56.0
1856,56.0
1857,56.0
1858,56.0
1859,56.0
1860,56.0
1861,56.0
1864,15.0
1866,15.0
1871,56.0
1872,56.0
1873,56.0
1874,56.0
1875,56.0
1876,56.0
1877,56.0
1878,56.0
1879,56.0
1880,56.0
1881,56.0
1882,56.0
1883,56.0
1884,56.0
1885,56.0
1886,56.0
1887,56.0
1888,56.0
1889,56.0
1890,56.0
1891,56.0
1892,56.0
1893,56.0
1894,56.0
1895,56.0
1896,56.0
1897,56.0
1898,56.0
1899,56.0
1900,56.0
1900,0.0
1901,56.0
1902,56.0
1903,56.0
1904,56.0
1905,56.0
1906,56.0
1907,56.0
1908,56.0
1909,56.0
1910,56.0
1911,56.0
1912,56.0
1913,56.0
1914,56.0
1915,56.0
1916,56.0
1917,56.0
1918,56.0
1919,56.0
1920,56.0
1921,56.0
1922,56.0
1923,56.0
1924,56.0
1925,56.0
1926,56.0
1927,56.0
1928,56.0
1929,56.0
1930,56.0
1931,56.0
1932,56.0
1933,56.0
1934,56.0
1935,56.0
1936,56.0
1937,56.0
1938,56.0
1941,56.0
1942,56.0
1943,56.0
1944,56.0
1947,56.0
1948,56.0
1949,56.0
1949,0.0
1950,56.0
1950,0.0
1951,56.0
1951,0.0
1952,56.0
1953,56.0
1953,0.0
1954,56.0
1954,0.0
1955,0.0
1955,56.0
1956,56.0
1956,0.0
1957,56.0
1957,0.0
1958,56.0
1958,0.0
1959,56.0
1959,0.0
1960,56.0
1960,0.0
1961,0.0
1961,56.0
1962,56.0
1962,0.0
1963,56.0
1963,0.0
1964,56.0
1964,0.0
1965,56.0
1965,0.0
1966,56.0
1967,56.0
1968,56.0
1968,0.0
1969,0.0
1969,56.0
1970,0.0
1970,56.0
1971,0.0
1971,56.0
1972,0.0
1972,56.0
1973,0.0
1973,56.0
1974,0.0
1974,56.0
1975,0.0
1975,56.0
1976,0.0
1976,56.0
1977,0.0
1977,56.0
1978,0.0
1978,56.0
1979,0.0
1979,56.0
1980,0.0
1980,56.0
1981,0.0
1981,56.0
1982,0.0
1982,56.0
1983,0.0
1983,56.0
1984,0.0
1984,56.0
1985,0.0
1985,56.0
1986,0.0
1986,56.0
1987,0.0
1987,56.0
1988,0.0
1988,56.0
1989,0.0
1989,56.0
1990,0.0
1990,56.0
1991,0.0
1991,56.0
1992,0.0
1992,56.0
1993,0.0
1993,56.0
1994,0.0
1994,56.0
1995,0.0
1995,56.0
1996,0.0
1996,56.0
1997,0.0
1997,56.0
1998,0.0
1998,56.0
1999,0.0
1999,56.0
2000,0.0
2000,56.0
2001,0.0
2001,56.0
2002,0.0
2002,56.0
2003,0.0
2003,56.0
2004,0.0
2004,56.0
2005,0.0
2005,56.0
2006,0.0
2006,56.0
2007,0.0
2007,56.0
2008,0.0
2008,56.0
2009,0.0
2009,56.0
2010,56.0
2010,0.0
2011,0.0
2011,56.0
2012,0.0
2012,56.0
2013,0.0
2013,56.0
2014,0.0
2014,56.0
2015,0.0
2015,56.0
2016,0.0
2016,56.0
2017,0.0
2017,56.0
2018,0.0
2018,56.0
2019,0.0
2019,56.0
2020,0.0
2020,56.0
2021,0.0
2021,56.0
2022,0.0
2022,56.0
2023,0.0
2023,56.0
2024,0.0
2024,56.0
2025,0.0
2025,56.0
2026,0.0
2027,0.0
2028,0.0
2029,0.0
2030,0.0
2030,56.0
2031,0.0
2031,56.0
2032,0.0
2033,0.0
2033,56.0
2034,0.0
2034,56.0
2035,0.0
2035,56.0
2036,0.0
2036,56.0
2037,0.0
2038,0.0
2039,0.0
2040,0.0
2041,0.0
2042,0.0
2043,0.0
2043,56.0
2044,0.0
2044,56.0
2045,0.0
2045,56.0
2046,0.0
2046,56.0
2047,0.0
2047,56.0
2048,0.0
2048,56.0
2049,56.0
2049,0.0
2050,56.0
2050,0.0
2051,0.0
2051,56.0
2052,0.0
2052,56.0
2053,0.0
2053,56.0
2054,0.0
2054,56.0
2055,0.0
2055,56.0
2056,0.0
2056,56.0
2057,0.0
2057,56.0
2058,0.0
2058,56.0
2059,0.0
2059,56.0
2060,0.0
2060,56.0
2061,0.0
2061,56.0
2062,0.0
2062,56.0
2063,0.0
2063,56.0
2064,56.0
2064,0.0
2065,0.0
2065,56.0
2066,0.0
2066,56.0
2067,0.0
2067,56.0
2068,0.0
2068,56.0
2069,0.0
2069,56.0
2070,0.0
2070,56.0
2071,0.0
2071,56.0
2072,0.0
2072,56.0
2073,0.0
2073,56.0
2074,0.0
2074,56.0
2075,0.0
2075,56.0
2076,0.0
2076,56.0
2077,0.0
2077,56.0
2078,0.0
2078,56.0
2079,0.0
2079,56.0
2080,0.0
2080,56.0
2081,0.0
2081,56.0
2082,0.0
2082,56.0
2083,0.0
2083,56.0
2084,0.0
2084,56.0
2085,0.0
2085,56.0
2086,56.0
2086,0.0
2087,56.0
2087,0.0
2088,56.0
2088,0.0
2089,56.0
2090,56.0
2091,56.0
2092,56.0
2092,0.0
2093,56.0
2093,0.0
2094,56.0
2094,0.0
2095,56.0
2096,56.0
2097,56.0
2103,0.0
2104,0.0
2106,0.0
2107,0.0
2108,0.0
2109,0.0
2109,56.0
2110,0.0
2111,0.0
2112,0.0
2113,0.0
2114,0.0
2115,0.0
2116,0.0
2117,0.0
2118,0.0
2120,0.0
2120,0.0
2121,0.0
2121,0.0
2122,0.0
2122,0.0
2123,0.0
2123,0.0
2124,0.0
2124,0.0
2125,0.0
2125,0.0
2126,0.0
2126,0.0
2127,0.0
2127,0.0
2128,0.0
2128,0.0
2129,0.0
2129,0.0
2130,0.0
2130,0.0
2131,0.0
2131,0.0
2132,0.0
2132,0.0
2133,0.0
2134,0.0
2135,0.0
2136,0.0
2144,0.0
2145,0.0
2149,0.0
2149,0.0
2150,0.0
2151,0.0
2154,0.0
2155,0.0
2156,0.0
2157,0.0
2157,0.0
2159,56.0
2160,56.0
2161,56.0
2161,0.0
2162,56.0
2162,0.0
2162,0.0
2163,56.0
2163,0.0
2163,0.0
2164,56.0
2164,0.0
2164,0.0
2165,56.0
2166,56.0
2166,0.0
2166,0.0
2167,56.0
2167,0.0
2167,0.0
2168,56.0
2168,0.0
2169,56.0
2169,0.0
2170,56.0
2170,0.0
2171,56.0
2171,0.0
2172,0.0
2172,56.0
2173,0.0
2173,56.0
2174,56.0
2174,0.0
2175,56.0
2175,0.0
2176,56.0
2176,0.0
2177,56.0
2177,0.0
2178,56.0
2178,0.0
2179,56.0
2179,0.0
2180,56.0
2180,0.0
2180,0.0
2181,56.0
2181,0.0
2181,0.0
2182,56.0
2182,0.0
2182,0.0
2183,56.0
2183,0.0
2183,0.0
2184,56.0
2184,0.0
2185,56.0
2185,0.0
2186,56.0
2186,0.0
2187,56.0
2187,0.0
2188,0.0
2188,56.0
2189,0.0
2189,56.0
2189,0.0
2190,0.0
2190,56.0
2190,0.0
2191,56.0
2191,0.0
2192,56.0
2192,0.0
2193,56.0
2193,0.0
2194,56.0
2194,0.0
2195,56.0
2196,56.0
2196,0.0
2197,56.0
2198,56.0
2199,56.0
2199,0.0
2200,56.0
2200,0.0
2201,56.0
2201,0.0
2202,56.0
2202,0.0
2203,56.0
2203,0.0
2204,56.0
2204,0.0
2205,56.0
2205,0.0
2205,0.0
2206,0.0
2206,56.0
2207,0.0
2207,56.0
2208,56.0
2208,0.0
2208,16.0
2209,0.0
2209,56.0
2209,0.0
2210,0.0
2210,0.0
2210,56.0
2211,0.0
2211,0.0
2211,56.0
2212,0.0
2212,56.0
2212,0.0
2213,0.0
2213,0.0
2213,56.0
2214,0.0
2214,0.0
2214,56.0
2215,0.0
2215,0.0
2215,56.0
2216,0.0
2216,0.0
2216,56.0
2217,0.0
2217,0.0
2217,56.0
2218,0.0
2218,0.0
2218,56.0
2219,0.0
2219,0.0
2219,56.0
2220,0.0
2220,0.0
2220,56.0
2221,0.0
2221,0.0
2221,56.0
2222,0.0
2222,0.0
2222,56.0
2223,0.0
2223,0.0
2223,56.0
2224,0.0
2224,0.0
2224,56.0
2225,0.0
2225,0.0
2225,56.0
2226,0.0
2226,56.0
2227,0.0
2227,56.0
2228,0.0
2228,56.0
2229,0.0
2229,56.0
2230,56.0
2230,0.0
2231,56.0
2234,0.0
2235,0.0
2236,0.0
2236,31.0
2237,0.0
2237,31.0
2238,0.0
2238,31.0
2239,0.0
2240,0.0
2241,0.0
2242,0.0
2243,0.0
2245,16.0
2246,16.0
2248,0.0
2249,0.0
2250,0.0
2251,0.0
2252,0.0
2253,0.0
2254,0.0
2255,0.0
2255,0.0
2256,0.0
2257,0.0
2258,0.0
2259,0.0
2259,0.0
2260,0.0
2260,0.0
2261,0.0
2261,0.0
2262,0.0
2262,0.0
2263,0.0
2263,0.0
2264,0.0
2264,0.0
2265,0.0
2265,0.0
2266,0.0
2266,0.0
2267,0.0
2267,0.0
2268,0.0
2268,0.0
2269,0.0
2269,0.0
2270,0.0
2270,0.0
2271,0.0
2271,0.0
2272,0.0
2272,0.0
2273,0.0
2273,0.0
2274,0.0
2275,0.0
2275,0.0
2276,0.0
2276,0.0
2277,0.0
2277,0.0
2278,0.0
2278,0.0
2279,0.0
2279,0.0
2280,0.0
2280,0.0
2281,0.0
2281,0.0
2282,0.0
2282,0.0
2283,0.0
2283,0.0
2284,0.0
2284,0.0
2285,0.0
2285,0.0
2286,0.0
2286,0.0
2287,0.0
2287,0.0
2288,0.0
2288,0.0
2289,0.0
2289,0.0
2290,0.0
2290,0.0
2291,0.0
2291,0.0
2292,0.0
2292,0.0
2293,0.0
2294,0.0
2295,0.0
2296,0.0
2296,56.0
2297,0.0
2297,56.0
2298,0.0
2298,56.0
2299,0.0
2300,0.0
2300,56.0
2301,0.0
2301,56.0
2302,0.0
2303,0.0
2303,56.0
2304,0.0
2305,0.0
2305,56.0
2306,0.0
2307,0.0
2308,0.0
2309,0.0
2310,0.0
2311,0.0
2312,0.0
2313,0.0
2314,0.0
2317,0.0
2318,0.0
2319,0.0
2320,0.0
2320,16.0
2321,0.0
2322,0.0
2322,16.0
2322,56.0
2323,0.0
2323,56.0
2324,0.0
2324,56.0
2325,0.0
2325,56.0
2326,0.0
2327,0.0
2328,0.0
2328,56.0
2329,0.0
2330,0.0
2331,0.0
2332,0.0
2333,0.0
2333,16.0
2334,0.0
2334,16.0
2335,0.0
2335,16.0
2336,0.0
2336,16.0
2337,0.0
2338,0.0
2338,16.0
2339,0.0
2339,16.0
2340,0.0
2340,16.0
2341,0.0
2342,0.0
2343,0.0
2344,0.0
2345,0.0
2346,0.0
2346,16.0
2347,0.0
2347,16.0
2348,0.0
2348,16.0
2348,56.0
2349,0.0
2349,16.0
2350,0.0
2350,16.0
2351,0.0
2351,16.0
2352,0.0
2352,16.0
2353,0.0
2353,16.0
2354,0.0
2355,0.0
2356,0.0
2357,0.0
2358,0.0
2360,16.0
2361,16.0
2362,16.0
2363,0.0
2364,0.0
2365,0.0
2366,0.0
2367,0.0
2368,0.0
2371,0.0
2371,0.0
2372,16.0
2373,16.0
2374,16.0
2375,0.0
2377,0.0
2378,0.0
2379,0.0
2380,16.0
2381,0.0
2382,0.0
2383,0.0
2384,0.0
2384,16.0
2384,56.0
2385,16.0
2386,0.0
2387,0.0
2388,0.0
2389,0.0
2390,0.0
2390,0.0
2390,0.0
2391,0.0
2391,0.0
2391,0.0
2392,0.0
2392,0.0
2392,56.0
2392,0.0
2393,0.0
2393,0.0
2393,0.0
2393,56.0
2394,0.0
2394,0.0
2395,0.0
2395,0.0
2395,56.0
2396,0.0
2396,0.0
2396,56.0
2397,0.0
2397,0.0
2398,0.0
2399,0.0
2400,0.0
2401,0.0
2401,0.0
2402,0.0
2403,0.0
2403,0.0
2403,56.0
2404,0.0
2404,0.0
2404,56.0
2405,0.0
2405,16.0
2406,16.0
2407,0.0
2408,0.0
2411,0.0
2412,0.0
2413,0.0
2414,0.0
2415,0.0
2416,0.0
2416,0.0
2417,0.0
2417,0.0
2418,0.0
2419,0.0
2420,0.0
2421,0.0
2422,0.0
2423,0.0
2433,56.0
2434,56.0
2435,56.0
2436,56.0
2437,56.0
2438,56.0
2439,56.0
2440,56.0
2441,56.0
2442,56.0
2443,56.0
2444,56.0
2446,0.0
2446,56.0
2447,0.0
2447,56.0
2448,0.0
2448,56.0
2449,56.0
2449,0.0
2469,0.0
2470,0.0
2471,0.0
2472,0.0
2473,0.0
2474,0.0
2475,0.0
2476,0.0
2477,0.0
2478,0.0
2479,0.0
2480,0.0
2481,0.0
2482,0.0
2482,0.0
2483,0.0
2483,0.0
2484,0.0
2485,0.0
2486,0.0
2487,0.0
2488,0.0
2489,0.0
2490,0.0
2491,0.0
2492,0.0
2497,0.0
2498,0.0
2499,0.0
2500,0.0
2501,0.0
2502,0.0
2503,0.0
2504,0.0
2504,0.0
2505,0.0
2505,0.0
2506,0.0
2506,0.0
2507,0.0
2507,0.0
2508,0.0
2508,0.0
2509,0.0
2509,0.0
2510,0.0
2511,0.0
2512,0.0
2513,0.0
2514,0.0
2515,0.0
2516,0.0
2517,0.0
2518,0.0
2519,0.0
2520,0.0
2521,0.0
2522,0.0
2523,0.0
2524,0.0
2526,0.0
2527,0.0
2528,0.0
2529,0.0
2530,0.0
2531,0.0
2532,0.0
2533,0.0
2534,0.0
2535,0.0
2536,0.0
2536,0.0
2537,0.0
2537,0.0
2538,0.0
2538,0.0
2539,0.0
2539,0.0
2540,0.0
2541,0.0
2542,0.0
2542,0.0
2543,0.0
2544,0.0
2545,0.0
2546,0.0
2547,0.0
2547,0.0
2548,0.0
2548,0.0
2549,0.0
2549,0.0
2550,0.0
2550,0.0
2551,0.0
2551,0.0
2552,0.0
2552,0.0
2553,0.0
2553,0.0
2554,0.0
2554,0.0
2555,0.0
2555,0.0
2556,0.0
2557,0.0
2558,0.0
2559,0.0
2560,0.0
2561,0.0
2562,0.0
2563,0.0
2564,0.0
2565,0.0
2566,0.0
2567,0.0
2568,0.0
2569,0.0
2570,0.0
2571,0.0
2572,0.0
2573,0.0
2574,0.0
2575,0.0
2576,0.0
2577,0.0
2578,0.0
2579,0.0
2580,0.0
2581,0.0
2582,0.0
2583,0.0
2584,0.0
2596,56.0
2597,56.0
2599,56.0
2605,0.0
2606,0.0
2607,0.0
2613,0.0
2614,0.0
2624,0.0
2626,0.0
2627,0.0
2628,0.0
2632,0.0
2633,0.0
2634,0.0
2635,0.0
2636,0.0
2637,0.0
2638,0.0
2639,0.0
2640,0.0
2641,0.0
2642,0.0
2643,0.0
2644,0.0
2645,0.0
2645,0.0
2646,0.0
2646,0.0
2647,0.0
2647,0.0
2648,0.0
2648,0.0
2649,0.0
2649,0.0
2652,0.0
2652,0.0
2653,0.0
2653,0.0
2654,0.0
2658,0.0
2659,0.0
2660,0.0
2660,0.0
2661,0.0
2661,0.0
2663,0.0
2664,0.0
2665,0.0
2665,0.0
2666,0.0
2666,0.0
2667,0.0
2668,0.0
2670,0.0
2671,0.0
2672,0.0
2673,0.0
2674,0.0
2677,0.0
2678,0.0
2681,0.0
2682,0.0
2682,0.0
2683,0.0
2683,0.0
2684,0.0
2684,0.0
2685,0.0
2685,0.0
2686,0.0
2686,0.0
2687,0.0
2687,0.0
2688,0.0
2688,0.0
2689,0.0
2689,0.0
2690,0.0
2690,0.0
2691,0.0
2691,0.0
2692,0.0
2693,0.0
2693,10.0
2694,0.0
2694,0.0
2695,10.0
2695,0.0
2696,10.0
2696,0.0
2697,10.0
2698,10.0
2699,10.0
2699,0.0
2700,10.0
2700,0.0
2701,10.0
2702,10.0
2702,0.0
2703,10.0
2703,0.0
2704,10.0
2704,0.0
2705,10.0
2705,0.0
2705,0.0
2706,10.0
2706,0.0
2707,10.0
2707,0.0
2708,10.0
2708,0.0
2709,10.0
2709,0.0
2710,10.0
2710,0.0
2711,10.0
2711,0.0
2712,10.0
2712,0.0
2713,10.0
2713,0.0
2714,10.0
2714,0.0
2714,0.0
2715,10.0
2715,0.0
2715,0.0
2716,10.0
2716,0.0
2716,0.0
2717,10.0
2717,0.0
2717,0.0
2718,0.0
2718,0.0
2718,0.0
2718,36.0
2719,36.0
2719,0.0
2719,0.0
2719,0.0
2720,0.0
2720,0.0
2720,0.0
2720,36.0
2721,0.0
2721,0.0
2721,0.0
2721,36.0
2722,0.0
2722,0.0
2722,0.0
2723,0.0
2723,0.0
2723,0.0
2724,0.0
2724,0.0
2724,10.0
2724,0.0
2725,0.0
2725,0.0
2725,10.0
2726,0.0
2726,0.0
2726,10.0
2727,0.0
2727,0.0
2728,0.0
2728,0.0
2729,0.0
2729,0.0
2729,0.0
2730,0.0
2730,0.0
2730,0.0
2731,0.0
2731,0.0
2731,0.0
2732,0.0
2732,0.0
2733,0.0
2733,0.0
2734,0.0
2734,0.0
2735,0.0
2735,0.0
2736,0.0
2736,0.0
2736,0.0
2737,0.0
2737,0.0
2738,0.0
2738,0.0
2739,0.0
2739,0.0
2740,0.0
2740,0.0
2741,0.0
2741,0.0
2742,0.0
2742,0.0
2743,0.0
2743,0.0
2744,0.0
2744,0.0
2745,0.0
2745,0.0
2745,0.0
2746,0.0
2746,0.0
2746,0.0
2747,0.0
2747,0.0
2747,0.0
2748,0.0
2748,0.0
2748,0.0
2749,0.0
2749,10.0
2749,0.0
2749,36.0
2750,0.0
2750,10.0
2750,0.0
2751,0.0
2751,0.0
2751,10.0
2751,36.0
2752,0.0
2752,0.0
2752,36.0
2753,0.0
2753,0.0
2753,36.0
2754,0.0
2754,0.0
2754,36.0
2755,0.0
2755,0.0
2756,0.0
2756,0.0
2757,0.0
2758,0.0
2759,0.0
2759,0.0
2760,0.0
2761,0.0
2761,0.0
2762,0.0
2763,0.0
2763,0.0
2764,0.0
2764,0.0
2765,0.0
2765,0.0
2766,0.0
2766,0.0
2767,0.0
2767,0.0
2768,0.0
2768,0.0
2769,0.0
2769,0.0
2770,0.0
2770,0.0
2771,0.0
2771,0.0
2772,0.0
2772,0.0
2772,0.0
2773,0.0
2773,0.0
2773,0.0
2774,0.0
2774,0.0
2775,0.0
2775,0.0
2776,0.0
2776,0.0
2777,0.0
2777,0.0
2778,0.0
2778,0.0
2778,0.0
2779,0.0
2779,0.0
2779,0.0
2780,0.0
2780,0.0
2780,0.0
2781,0.0
2781,0.0
2781,0.0
2782,0.0
2782,0.0
2782,0.0
2783,0.0
2783,0.0
2783,0.0
2784,0.0
2784,0.0
2784,0.0
2785,0.0
2785,0.0
2785,0.0
2786,0.0
2786,0.0
2786,0.0
2787,0.0
2787,0.0
2787,0.0
2788,0.0
2788,0.0
2788,0.0
2789,0.0
2789,0.0
2789,0.0
2790,0.0
2790,0.0
2790,0.0
2791,0.0
2791,0.0
2791,0.0
2792,0.0
2792,0.0
2792,0.0
2793,0.0
2793,0.0
2793,0.0
2794,0.0
2794,0.0
2794,0.0
2795,0.0
2795,0.0
2795,0.0
2796,0.0
2796,0.0
2796,0.0
2797,0.0
2797,0.0
2797,0.0
2798,0.0
2798,0.0
2798,0.0
2799,0.0
2799,0.0
2799,0.0
2800,0.0
2800,0.0
2800,0.0
2801,0.0
2801,0.0
2801,0.0
2802,0.0
2802,0.0
2802,0.0
2803,0.0
2803,0.0
2803,0.0
2804,0.0
2804,0.0
2804,0.0
2805,0.0
2805,0.0
2805,0.0
2806,0.0
2806,0.0
2806,0.0
2807,0.0
2807,0.0
2807,0.0
2808,0.0
2808,0.0
2808,0.0
2809,0.0
2809,0.0
2809,0.0
2810,0.0
2810,0.0
2810,0.0
2811,0.0
2811,0.0
2811,0.0
2812,0.0
2812,0.0
2812,0.0
2813,0.0
2813,0.0
2813,0.0
2814,0.0
2814,0.0
2814,0.0
2815,0.0
2815,0.0
2815,0.0
2816,0.0
2816,0.0
2816,0.0
2817,0.0
2817,0.0
2817,0.0
2818,0.0
2818,0.0
2819,0.0
2819,0.0
2819,0.0
2820,0.0
2820,0.0
2820,0.0
2821,0.0
2821,0.0
2821,0.0
2822,0.0
2822,0.0
2823,0.0
2823,0.0
2824,0.0
2824,0.0
2825,0.0
2825,0.0
2825,0.0
2826,0.0
2826,0.0
2826,0.0
2827,0.0
2827,0.0
2827,0.0
2828,0.0
2828,0.0
2828,0.0
2829,0.0
2829,0.0
2829,0.0
2830,0.0
2830,0.0
2831,0.0
2831,0.0
2832,0.0
2832,0.0
2833,0.0
2833,0.0
2834,0.0
2834,0.0
2835,0.0
2835,0.0
2836,0.0
2836,0.0
2837,0.0
2837,0.0
2838,0.0
2838,0.0
2839,0.0
2839,0.0
2840,0.0
2840,0.0
2841,0.0
2841,0.0
2841,0.0
2842,0.0
2842,0.0
2843,0.0
2843,0.0
2844,0.0
2844,0.0
2845,0.0
2845,0.0
2846,0.0
2846,0.0
2847,0.0
2847,0.0
2848,0.0
2848,0.0
2849,0.0
2849,0.0
2850,0.0
2850,0.0
2851,0.0
2851,0.0
2852,0.0
2852,0.0
2853,0.0
2853,0.0
2854,0.0
2854,0.0
2855,0.0
2855,0.0
2856,0.0
2856,0.0
2857,0.0
2857,0.0
2858,0.0
2858,0.0
2859,0.0
2859,0.0
2860,0.0
2860,0.0
2861,0.0
2861,0.0
2862,0.0
2862,0.0
2863,0.0
2863,0.0
2864,0.0
2864,0.0
2865,0.0
2865,0.0
2866,0.0
2866,0.0
2867,0.0
2867,0.0
2868,0.0
2868,0.0
2869,0.0
2869,0.0
2870,0.0
2870,0.0
2871,0.0
2871,0.0
2872,0.0
2872,0.0
2873,0.0
2873,0.0
2874,0.0
2874,0.0
2875,0.0
2875,0.0
2875,0.0
2876,0.0
2876,0.0
2876,0.0
2877,0.0
2877,0.0
2878,0.0
2878,0.0
2879,0.0
2879,0.0
2880,0.0
2880,0.0
2880,0.0
2881,0.0
2881,0.0
2882,0.0
2882,0.0
2883,0.0
2883,0.0
2884,0.0
2884,0.0
2885,0.0
2885,0.0
2886,0.0
2886,0.0
2887,0.0
2887,0.0
2888,0.0
2888,0.0
2889,0.0
2889,0.0
2890,0.0
2890,0.0
2890,0.0
2891,0.0
2891,0.0
2892,0.0
2892,0.0
2893,0.0
2893,0.0
2894,0.0
2894,0.0
2895,0.0
2895,0.0
2896,0.0
2896,0.0
2897,0.0
2897,0.0
2898,0.0
2898,0.0
2899,0.0
2899,0.0
2900,0.0
2900,0.0
2901,0.0
2901,0.0
2902,0.0
2902,0.0
2903,0.0
2903,0.0
2904,0.0
2904,0.0
2905,0.0
2905,0.0
2905,0.0
2906,0.0
2906,0.0
2907,0.0
2907,0.0
2908,0.0
2908,0.0
2909,0.0
2909,0.0
2910,0.0
2910,0.0
2911,0.0
2911,0.0
2912,0.0
2912,0.0
2912,0.0
2913,0.0
2913,0.0
2913,0.0
2914,0.0
2914,0.0
2914,0.0
2915,0.0
2915,0.0
2916,0.0
2916,0.0
2916,0.0
2917,0.0
2917,0.0
2917,0.0
2918,0.0
2918,0.0
2918,0.0
2919,0.0
2919,0.0
2919,0.0
2920,0.0
2920,0.0
2920,0.0
2921,0.0
2921,0.0
2922,0.0
2922,0.0
2923,0.0
2923,0.0
2924,0.0
2924,0.0
2924,0.0
2925,0.0
2925,0.0
2925,0.0
2926,0.0
2926,0.0
2926,0.0
2927,0.0
2927,0.0
2927,0.0
2928,0.0
2928,0.0
2928,0.0
2929,0.0
2929,0.0
2929,0.0
2930,0.0
2930,0.0
2930,0.0
2931,0.0
2931,0.0
2931,0.0
2932,0.0
2932,0.0
2932,0.0
2933,0.0
2933,0.0
2933,0.0
2934,0.0
2934,0.0
2934,0.0
2935,0.0
2935,0.0
2936,0.0
2936,0.0
2937,0.0
2937,0.0
2937,0.0
2938,0.0
2938,0.0
2938,0.0
2939,0.0
2939,0.0
2939,0.0
2940,0.0
2940,0.0
2940,0.0
2941,0.0
2941,0.0
2942,0.0
2942,0.0
2942,0.0
2943,0.0
2943,0.0
2944,0.0
2944,0.0
2945,0.0
2945,0.0
2945,0.0
2946,0.0
2946,0.0
2947,0.0
2947,0.0
2948,0.0
2948,0.0
2949,0.0
2949,0.0
2950,0.0
2950,0.0
2951,0.0
2951,0.0
2952,0.0
2952,0.0
2953,0.0
2953,0.0
2954,0.0
2954,0.0
2955,0.0
2955,0.0
2956,0.0
2956,0.0
2957,0.0
2957,0.0
2958,0.0
2958,0.0
2959,0.0
2959,0.0
2960,0.0
2960,0.0
2961,0.0
2961,0.0
2962,0.0
2962,0.0
2963,0.0
2964,0.0
2965,0.0
2965,0.0
2966,0.0
2966,0.0
2967,0.0
2967,0.0
2968,0.0
2968,0.0
2969,0.0
2969,0.0
2970,0.0
2970,0.0
2971,0.0
2971,0.0
2972,0.0
2972,0.0
2973,0.0
2973,0.0
2974,0.0
2974,0.0
2975,0.0
2975,0.0
2976,0.0
2976,0.0
2977,0.0
2977,0.0
2978,0.0
2978,0.0
2979,0.0
2979,0.0
2980,0.0
2980,0.0
2981,0.0
2981,0.0
2982,0.0
2983,0.0
2984,0.0
2984,0.0
2985,0.0
2985,0.0
2986,0.0
2986,0.0
2987,0.0
2987,0.0
2988,0.0
2988,0.0
2988,0.0
2988,56.0
2989,0.0
2989,0.0
2989,0.0
2989,56.0
2990,0.0
2990,0.0
2990,0.0
2990,56.0
2991,0.0
2991,0.0
2991,0.0
2991,56.0
2992,0.0
2992,0.0
2992,0.0
2992,56.0
2993,0.0
2993,0.0
2993,56.0
2993,0.0
2994,0.0
2994,0.0
2995,0.0
2995,0.0
2996,0.0
2996,0.0
2997,0.0
2997,0.0
2998,0.0
2998,0.0
2999,0.0
2999,0.0
3000,0.0
3000,0.0
3001,0.0
3001,0.0
3001,0.0
3002,0.0
3002,0.0
3002,56.0
3002,0.0
3003,0.0
3003,0.0
3003,56.0
3003,0.0
3004,0.0
3004,0.0
3004,0.0
3004,56.0
3005,0.0
3005,0.0
3005,0.0
3005,0.0
3005,56.0
3006,0.0
3006,0.0
3006,0.0
3007,0.0
3007,0.0
3007,0.0
3008,0.0
3008,0.0
3008,0.0
3009,0.0
3009,0.0
3009,0.0
3010,0.0
3010,0.0
3011,0.0
3011,0.0
3011,0.0
3012,0.0
3012,0.0
3012,56.0
3013,0.0
3013,0.0
3013,56.0
3014,0.0
3014,0.0
3014,56.0
3015,0.0
3015,56.0
3016,0.0
3016,0.0
3016,0.0
3016,0.0
3017,0.0
3017,0.0
3017,0.0
3017,0.0
3018,0.0
3018,0.0
3019,0.0
3020,0.0
3021,0.0
3021,0.0
3022,0.0
3022,0.0
3023,0.0
3024,0.0
3027,0.0
3031,0.0
3033,0.0
3034,0.0
3035,0.0
3036,0.0
3036,0.0
3037,0.0
3037,0.0
3038,0.0
3038,0.0
3039,0.0
3039,0.0
3040,0.0
3040,0.0
3041,0.0
3041,0.0
3042,0.0
3042,0.0
3043,0.0
3043,0.0
3044,0.0
3044,0.0
3045,0.0
3045,0.0
3046,0.0
3046,0.0
3047,0.0
3047,0.0
3048,0.0
3048,0.0
3049,0.0
3049,0.0
3050,0.0
3050,0.0
3051,0.0
3051,0.0
3052,0.0
3052,0.0
3053,0.0
3053,0.0
3053,0.0
3054,0.0
3054,0.0
3054,0.0
3055,0.0
3055,0.0
3056,0.0
3056,0.0
3057,0.0
3057,0.0
3058,0.0
3058,0.0
3059,0.0
3059,0.0
3060,0.0
3060,0.0
3061,0.0
3061,0.0
3062,0.0
3062,0.0
3062,0.0
3063,0.0
3063,0.0
3064,0.0
3064,0.0
3065,0.0
3065,0.0
3066,0.0
3066,0.0
3067,0.0
3067,0.0
3068,0.0
3068,0.0
3069,0.0
3069,0.0
3070,0.0
3070,0.0
3071,0.0
3071,0.0
3072,0.0
3072,0.0
3073,0.0
3073,0.0
3074,0.0
3074,0.0
3075,0.0
3075,0.0
3076,0.0
3076,0.0
3077,0.0
3077,0.0
3078,0.0
3078,0.0
3079,0.0
3079,0.0
3080,0.0
3080,0.0
3081,0.0
3081,0.0
3082,0.0
3082,0.0
3083,0.0
3083,0.0
3084,0.0
3084,0.0
3085,0.0
3085,0.0
3086,0.0
3086,0.0
3087,0.0
3087,0.0
3088,0.0
3088,0.0
3089,0.0
3089,0.0
3090,0.0
3090,0.0
3091,0.0
3091,0.0
3092,0.0
3092,0.0
3093,0.0
3093,0.0
3094,0.0
3094,0.0
3095,0.0
3095,0.0
3096,0.0
3096,0.0
3097,0.0
3097,0.0
3098,0.0
3098,0.0
3099,0.0
3099,0.0
3100,0.0
3100,16.0
3101,0.0
3101,0.0
3102,0.0
3103,0.0
3104,0.0
3104,0.0
3105,0.0
3105,0.0
3105,0.0
3106,0.0
3106,0.0
3107,0.0
3107,0.0
3108,0.0
3108,0.0
3109,0.0
3109,0.0
3110,0.0
3110,16.0
3111,0.0
3111,16.0
3112,16.0
3112,16.0
3114,16.0
3115,0.0
3116,0.0
3118,16.0
3119,16.0
3119,0.0
3120,16.0
3120,0.0
3121,16.0
3121,0.0
3134,0.0
3138,0.0
3142,0.0
3143,0.0
3144,0.0
3144,0.0
3145,0.0
3145,0.0
3146,0.0
3146,0.0
3147,0.0
3147,0.0
3148,0.0
3148,0.0
3149,0.0
3150,0.0
3151,0.0
3152,0.0
3152,0.0
3153,0.0
3153,0.0
3154,0.0
3154,0.0
3155,0.0
3155,0.0
3156,0.0
3156,0.0
3157,0.0
3157,0.0
3158,0.0
3158,0.0
3159,0.0
3159,0.0
3160,0.0
3160,0.0
3161,0.0
3161,0.0
3162,0.0
3162,0.0
3163,0.0
3163,0.0
3164,0.0
3164,0.0
3165,0.0
3165,0.0
3166,0.0
3166,0.0
3167,0.0
3167,0.0
3168,0.0
3168,0.0
3169,0.0
3169,0.0
3170,0.0
3170,0.0
3171,0.0
3171,0.0
3172,0.0
3172,0.0
3173,0.0
3173,0.0
3174,0.0
3174,0.0
3175,0.0
3175,0.0
3176,0.0
3176,0.0
3177,0.0
3177,0.0
3178,0.0
3178,0.0
3179,0.0
3179,0.0
3180,0.0
3180,0.0
3181,0.0
3181,0.0
3182,0.0
3182,0.0
3183,0.0
3183,0.0
3184,0.0
3184,0.0
3185,0.0
3185,0.0
3186,0.0
3186,0.0
3187,0.0
3187,0.0
3188,0.0
3188,0.0
3189,0.0
3189,0.0
3190,0.0
3190,0.0
3191,0.0
3191,0.0
3192,0.0
3192,0.0
3193,0.0
3193,0.0
3194,0.0
3194,0.0
3195,0.0
3196,0.0
3197,0.0
3203,0.0
3204,0.0
3205,0.0
3206,0.0
3207,0.0
3211,0.0
3213,0.0
3214,0.0
3215,0.0
3216,0.0
3217,0.0
3218,0.0
3219,0.0
3220,0.0
3221,0.0
3222,0.0
3223,0.0
3224,0.0
3225,0.0
3226,0.0
3227,0.0
3228,0.0
3234,0.0
3235,0.0
3236,0.0
3237,0.0
3238,0.0
3239,0.0
3240,0.0
3241,0.0
3242,0.0
3243,0.0
3244,0.0
3245,0.0
3249,0.0
3250,0.0
3256,0.0
3257,0.0
3269,0.0
3270,0.0
3271,0.0
3272,0.0
3272,0.0
3273,0.0
3273,0.0
3273,0.0
3274,0.0
3274,0.0
3274,0.0
3275,0.0
3276,0.0
3277,0.0
3277,0.0
3277,0.0
3278,0.0
3278,0.0
3278,0.0
3279,0.0
3279,0.0
3279,0.0
3280,0.0
3280,0.0
3280,0.0
3281,0.0
3281,0.0
3281,0.0
3282,0.0
3282,0.0
3282,0.0
3283,0.0
3283,0.0
3283,0.0
3284,0.0
3284,0.0
3284,0.0
3285,0.0
3285,0.0
3285,0.0
3286,0.0
3286,0.0
3286,0.0
3287,0.0
3287,0.0
3287,0.0
3288,0.0
3288,0.0
3288,0.0
3289,0.0
3289,0.0
3289,0.0
3290,0.0
3290,0.0
3290,0.0
3291,0.0
3291,0.0
3291,0.0
3292,0.0
3292,0.0
3292,0.0
3293,0.0
3293,0.0
3293,0.0
3294,0.0
3294,0.0
3295,0.0
3295,0.0
3296,0.0
3296,0.0
3297,0.0
3297,0.0
3298,0.0
3298,0.0
3299,0.0
3300,0.0
3301,0.0
3301,0.0
3302,0.0
3303,0.0
3304,0.0
3305,0.0
3306,0.0
3306,0.0
3309,0.0
3309,0.0
3310,0.0
3311,0.0
3311,0.0
3312,0.0
3312,0.0
3313,0.0
3313,0.0
3314,0.0
3314,0.0
3314,0.0
3315,0.0
3332,0.0
3333,0.0
3334,0.0
3336,0.0
3337,0.0
3338,0.0
3339,0.0
3339,0.0
3341,0.0
3342,0.0
3343,0.0
3344,0.0
3344,0.0
3345,0.0
3345,0.0
3345,16.0
3345,0.0
3346,0.0
3346,0.0
3347,0.0
3347,0.0
3348,0.0
3348,0.0
3349,0.0
3349,0.0
3350,0.0
3350,0.0
3351,0.0
3351,0.0
3351,41.0
3352,0.0
3352,0.0
3353,0.0
3353,0.0
3353,0.0
3354,0.0
3354,0.0
3355,0.0
3356,0.0
3357,0.0
3357,0.0
3358,0.0
3358,0.0
3358,0.0
3359,0.0
3359,41.0
3360,0.0
3360,41.0
3361,0.0
3361,41.0
3362,41.0
3362,0.0
3363,0.0
3363,41.0
3363,0.0
3364,0.0
3364,41.0
3364,0.0
3365,0.0
3365,41.0
3366,0.0
3366,41.0
3367,0.0
3367,0.0
3368,0.0
3368,0.0
3369,0.0
3370,0.0
3371,16.0
3371,0.0
3371,41.0
3371,0.0
3371,16.0
3372,0.0
3372,0.0
3372,16.0
3372,0.0
3372,41.0
3373,0.0
3373,0.0
3373,16.0
3373,0.0
3373,41.0
3374,0.0
3374,0.0
3374,16.0
3374,0.0
3375,0.0
3375,0.0
3375,0.0
3375,16.0
3376,0.0
3376,0.0
3376,16.0
3376,41.0
3376,16.0
3377,0.0
3377,16.0
3377,41.0
3377,16.0
3378,16.0
3378,41.0
3378,0.0
3378,0.0
3379,0.0
3379,41.0
3379,0.0
3380,0.0
3380,0.0
3380,41.0
3381,0.0
3381,0.0
3381,41.0
3382,0.0
3382,41.0
3383,0.0
3383,16.0
3383,41.0
3384,0.0
3384,0.0
3384,0.0
3385,0.0
3385,0.0
3386,0.0
3386,0.0
3387,0.0
3387,0.0
3387,0.0
3388,0.0
3388,0.0
3388,0.0
3389,0.0
3389,0.0
3389,0.0
3390,0.0
3390,0.0
3390,0.0
3391,0.0
3391,0.0
3391,0.0
3391,0.0
3391,41.0
3392,0.0
3392,0.0
3392,0.0
3392,16.0
3393,0.0
3393,0.0
3393,0.0
3393,41.0
3394,0.0
3394,0.0
3394,41.0
3394,0.0
3395,41.0
3395,0.0
3395,0.0
3395,0.0
3396,0.0
3396,41.0
3396,0.0
3396,0.0
3397,0.0
3397,41.0
3398,0.0
3398,41.0
3399,0.0
3399,41.0
3400,0.0
3400,41.0
3402,41.0
3402,0.0
3403,41.0
3403,0.0
3406,41.0
3406,0.0
3406,0.0
3407,41.0
3407,0.0
3407,0.0
3408,0.0
3408,41.0
3409,0.0
3409,0.0
3409,41.0
3410,0.0
3410,0.0
3410,41.0
3411,0.0
3411,0.0
3411,41.0
3412,0.0
3412,0.0
3412,41.0
3413,0.0
3413,0.0
3414,0.0
3414,0.0
3415,0.0
3415,0.0
3416,0.0
3416,0.0
3417,0.0
3417,0.0
3417,41.0
3417,56.0
3418,0.0
3418,56.0
3419,0.0
3419,56.0
3420,0.0
3420,56.0
3421,0.0
3421,56.0
3421,0.0
3422,0.0
3422,56.0
3422,0.0
3423,56.0
3424,56.0
3425,0.0
3425,56.0
3426,0.0
3426,0.0
3426,56.0
3426,41.0
3427,0.0
3428,0.0
3429,0.0
3429,56.0
3430,0.0
3430,56.0
3431,56.0
3432,41.0
3433,41.0
3434,41.0
3434,56.0
3435,56.0
3435,41.0
3436,41.0
3436,56.0
3437,41.0
3437,56.0
3438,41.0
3439,41.0
3444,41.0
3445,41.0
3446,41.0
3448,41.0
3449,41.0
3450,41.0
3453,0.0
3454,0.0
3455,0.0
3459,0.0
3460,0.0
3461,0.0
3462,0.0
3463,0.0
3464,0.0
3465,0.0
3466,0.0
3466,0.0
3466,0.0
3467,0.0
3467,0.0
3467,0.0
3468,0.0
3468,0.0
3469,0.0
3470,0.0
3471,0.0
3474,0.0
3475,0.0
3476,0.0
3477,0.0
3478,0.0
3478,0.0
3479,0.0
3480,0.0
3481,0.0
3481,0.0
3482,0.0
3487,0.0
3488,0.0
3489,0.0
3489,0.0
3490,0.0
3491,0.0
3491,0.0
3491,0.0
3492,0.0
3492,0.0
3493,0.0
3493,0.0
3494,0.0
3494,0.0
3494,0.0
3495,0.0
3495,0.0
3495,0.0
3496,0.0
3496,0.0
3497,0.0
3497,0.0
3498,0.0
3498,0.0
3499,0.0
3499,0.0
3500,0.0
3500,0.0
3500,0.0
3501,0.0
3501,0.0
3501,0.0
3502,0.0
3502,0.0
3503,0.0
3503,0.0
3504,0.0
3504,0.0
3505,0.0
3505,0.0
3506,0.0
3506,0.0
3507,0.0
3507,0.0
3507,0.0
3508,0.0
3508,0.0
3509,0.0
3509,0.0
3510,0.0
3510,0.0
3511,0.0
3511,0.0
3511,0.0
3512,0.0
3512,0.0
3512,0.0
3521,0.0
3522,0.0
3522,0.0
3523,0.0
3523,0.0
3524,0.0
3524,0.0
3525,0.0
3525,0.0
3526,0.0
3526,0.0
3527,0.0
3527,0.0
3528,0.0
3528,0.0
3529,0.0
3529,0.0
3529,0.0
3530,0.0
3530,0.0
3530,0.0
3531,0.0
3531,0.0
3531,0.0
3532,0.0
3532,0.0
3532,0.0
3533,0.0
3533,0.0
3533,0.0
3534,0.0
3534,0.0
3534,0.0
3535,0.0
3535,0.0
3535,0.0
3536,0.0
3536,0.0
3536,0.0
3537,0.0
3537,0.0
3537,0.0
3538,0.0
3538,0.0
3538,0.0
3539,0.0
3539,0.0
3539,0.0
3540,0.0
3540,0.0
3540,0.0
3541,0.0
3541,0.0
3542,0.0
3542,0.0
3543,0.0
3543,0.0
3544,0.0
3544,0.0
3545,0.0
3545,0.0
3546,0.0
3546,0.0
3547,0.0
3547,0.0
3548,0.0
3548,0.0
3549,0.0
3549,0.0
3550,0.0
3550,0.0
3551,0.0
3551,0.0
3552,0.0
3552,0.0
3553,0.0
3553,0.0
3554,0.0
3554,0.0
3555,0.0
3555,0.0
3556,0.0
3556,0.0
3557,0.0
3557,0.0
3558,0.0
3558,0.0
3559,0.0
3559,0.0
3560,0.0
3560,0.0
3561,0.0
3561,0.0
3562,0.0
3562,0.0
3563,0.0
3563,0.0
3564,0.0
3564,0.0
3565,0.0
3565,0.0
3566,0.0
3566,0.0
3567,0.0
3567,0.0
3568,0.0
3568,0.0
3569,0.0
3569,0.0
3570,0.0
3570,0.0
3571,0.0
3571,0.0
3572,0.0
3572,0.0
3573,0.0
3573,0.0
3574,0.0
3574,0.0
3575,0.0
3575,0.0
3576,0.0
3576,0.0
3577,0.0
3577,0.0
3578,0.0
3578,0.0
3579,0.0
3579,0.0
3580,0.0
3580,0.0
3581,0.0
3581,0.0
3582,0.0
3582,0.0
3583,0.0
3583,0.0
3584,0.0
3584,0.0
3585,0.0
3585,0.0
3586,0.0
3586,0.0
3587,0.0
3587,0.0
3588,0.0
3588,0.0
3589,0.0
3589,0.0
3590,0.0
3590,0.0
3591,0.0
3591,0.0
3592,0.0
3592,0.0
3593,0.0
3594,0.0
3594,0.0
3595,0.0
3595,0.0
3596,0.0
3596,0.0
3597,0.0
3597,0.0
3597,0.0
3598,0.0
3598,0.0
3598,0.0
3599,0.0
3599,0.0
3600,0.0
3600,0.0
3601,0.0
3601,0.0
3602,0.0
3602,0.0
3603,0.0
3603,0.0
3603,0.0
3604,0.0
3604,0.0
3604,0.0
3605,0.0
3605,0.0
3606,0.0
3606,0.0
3607,0.0
3607,0.0
3608,0.0
3608,0.0
3609,0.0
3609,0.0
3609,0.0
3610,0.0
3610,0.0
3610,0.0
3611,0.0
3611,0.0
3611,0.0
3612,0.0
3612,0.0
3613,0.0
3613,0.0
3614,0.0
3614,0.0
3615,0.0
3615,0.0
3615,0.0
3616,0.0
3616,0.0
3616,0.0
3617,0.0
3617,0.0
3617,0.0
3618,0.0
3618,0.0
3618,16.0
3619,0.0
3619,0.0
3620,0.0
3620,0.0
3621,0.0
3621,0.0
3621,0.0
3622,0.0
3622,0.0
3622,16.0
3622,0.0
3623,0.0
3623,0.0
3623,16.0
3623,0.0
3624,0.0
3624,0.0
3624,0.0
3625,0.0
3625,0.0
3625,0.0
3626,0.0
3626,0.0
3626,0.0
3627,0.0
3627,0.0
3627,0.0
3628,0.0
3628,0.0
3628,0.0
3629,0.0
3629,0.0
3629,0.0
3630,0.0
3630,0.0
3630,0.0
3631,0.0
3631,0.0
3631,0.0
3632,0.0
3632,0.0
3632,0.0
3633,0.0
3633,0.0
3633,0.0
3634,0.0
3634,0.0
3634,0.0
3635,0.0
3635,0.0
3635,0.0
3636,0.0
3636,0.0
3636,0.0
3637,0.0
3637,0.0
3637,0.0
3638,0.0
3638,0.0
3638,0.0
3639,0.0
3639,0.0
3639,0.0
3640,0.0
3640,0.0
3641,0.0
3641,0.0
3642,0.0
3642,0.0
3643,0.0
3643,0.0
3644,0.0
3644,0.0
3645,0.0
3645,0.0
3646,0.0
3646,0.0
3647,0.0
3647,0.0
3648,0.0
3648,0.0
3649,0.0
3650,0.0
3651,0.0
3652,0.0
3653,0.0
3654,0.0
3654,0.0
3655,0.0
3655,0.0
3656,0.0
3656,0.0
3657,0.0
3658,0.0
3659,0.0
3659,0.0
3660,0.0
3660,0.0
3661,0.0
3661,0.0
3662,0.0
3662,0.0
3663,0.0
3664,0.0
3665,0.0
3666,0.0
3667,0.0
3668,0.0
3669,0.0
3670,0.0
3671,0.0
3672,0.0
3673,0.0
3674,0.0
3675,0.0
3676,0.0
3676,0.0
3677,0.0
3677,0.0
3678,0.0
3678,0.0
3679,0.0
3679,0.0
3680,0.0
3680,0.0
3681,0.0
3681,0.0
3682,0.0
3682,0.0
3682,0.0
3683,0.0
3683,0.0
3684,0.0
3688,0.0
3689,0.0
3690,0.0
3691,0.0
3692,0.0
3693,0.0
3694,0.0
3695,0.0
3695,0.0
3695,0.0
3696,0.0
3696,0.0
3696,0.0
3697,0.0
3697,0.0
3697,0.0
3698,0.0
3698,0.0
3698,0.0
3699,0.0
3699,0.0
3699,0.0
3700,0.0
3700,0.0
3700,0.0
3701,0.0
3701,0.0
3702,0.0
3702,0.0
3702,0.0
3703,0.0
3703,0.0
3703,0.0
3704,0.0
3704,0.0
3704,0.0
3705,0.0
3706,0.0
3707,0.0
3708,0.0
3709,0.0
3710,0.0
3711,0.0
3712,0.0
3713,0.0
3715,0.0
3716,0.0
3718,0.0
3719,0.0
3720,0.0
3723,0.0
3723,0.0
3724,0.0
3724,0.0
3725,10.0
3725,0.0
3726,10.0
3729,0.0
3744,0.0
3745,0.0
3745,0.0
3746,0.0
3746,0.0
3747,0.0
3747,0.0
3748,0.0
3748,0.0
3749,0.0
3750,0.0
3751,0.0
3751,0.0
3752,0.0
3753,0.0
3754,0.0
3755,0.0
3756,0.0
3757,0.0
3757,0.0
3758,0.0
3758,0.0
3759,0.0
3759,0.0
3760,0.0
3760,0.0
3761,0.0
3761,0.0
3762,0.0
3762,0.0
3762,0.0
3763,0.0
3763,0.0
3764,0.0
3764,0.0
3765,0.0
3765,0.0
3766,0.0
3766,0.0
3767,0.0
3767,0.0
3768,0.0
3769,0.0
3770,0.0
3771,0.0
3772,0.0
3772,0.0
3773,0.0
3773,0.0
3774,0.0
3774,0.0
3775,0.0
3775,0.0
3776,0.0
3776,0.0
3777,0.0
3777,0.0
3778,0.0
3778,0.0
3779,0.0
3779,0.0
3780,0.0
3780,0.0
3781,0.0
3781,0.0
3782,0.0
3782,0.0
3783,0.0
3783,0.0
3784,0.0
3784,0.0
3785,0.0
3785,0.0
3786,0.0
3786,0.0
3787,0.0
3787,0.0
3788,0.0
3788,0.0
3789,0.0
3789,0.0
3790,0.0
3790,0.0
3791,0.0
3791,0.0
3792,0.0
3792,0.0
3793,0.0
3793,0.0
3794,0.0
3794,0.0
3795,0.0
3795,0.0
3796,0.0
3796,0.0
3797,0.0
3797,0.0
3798,0.0
3798,0.0
3799,0.0
3799,0.0
3800,0.0
3800,0.0
3801,0.0
3801,0.0
3802,0.0
3802,0.0
3803,0.0
3803,0.0
3804,0.0
3804,0.0
3805,0.0
3805,0.0
3806,0.0
3806,0.0
3807,0.0
3807,0.0
3808,0.0
3808,0.0
3809,0.0
3809,0.0
3810,0.0
3810,0.0
3811,0.0
3812,0.0
3813,0.0
3814,0.0
3815,0.0
3816,0.0
3817,0.0
3818,0.0
3819,0.0
3820,0.0
3822,0.0
3823,0.0
3824,0.0
3825,0.0
3826,0.0
3826,0.0
3827,0.0
3827,0.0
3828,0.0
3828,0.0
3829,0.0
3829,0.0
3830,0.0
3830,0.0
3831,0.0
3831,0.0
3832,0.0
3832,0.0
3833,0.0
3833,0.0
3834,0.0
3834,0.0
3835,0.0
3835,0.0
3836,0.0
3836,0.0
3837,0.0
3837,0.0
3838,0.0
3839,0.0
3839,0.0
3840,0.0
3840,0.0
3841,0.0
3842,0.0
3843,0.0
3844,0.0
3845,56.0
3846,0.0
3846,0.0
3847,0.0
3847,0.0
3848,0.0
3848,0.0
3849,0.0
3849,0.0
3850,0.0
3851,0.0
3851,0.0
3854,0.0
3855,0.0
3856,0.0
3857,0.0
3858,0.0
3859,0.0
3860,0.0
3861,0.0
3862,0.0
3862,0.0
3863,0.0
3863,0.0
3864,0.0
3864,0.0
3865,0.0
3865,0.0
3866,0.0
3866,0.0
3867,0.0
3867,0.0
3868,16.0
3868,0.0
3868,0.0
3869,0.0
3869,0.0
3870,0.0
3870,0.0
3871,0.0
3871,0.0
3872,0.0
3873,0.0
3874,0.0
3875,0.0
3876,0.0
3877,0.0
3878,0.0
3884,0.0
3884,0.0
3885,0.0
3885,0.0
3886,0.0
3886,0.0
3887,0.0
3887,0.0
3888,0.0
3889,0.0
3890,0.0
3891,0.0
3892,0.0
3892,0.0
3893,0.0
3893,0.0
3894,0.0
3894,0.0
3895,0.0
3896,0.0
3897,0.0
3898,0.0
3899,0.0
3900,0.0
3901,0.0
3902,0.0
3903,0.0
3904,0.0
3905,0.0
3906,0.0
3907,0.0
3908,0.0
3909,0.0
3910,0.0
3911,0.0
3912,0.0
3913,0.0
3914,0.0
3915,0.0
3916,0.0
3917,0.0
3918,0.0
3919,0.0
3920,0.0
3921,0.0
3922,0.0
3923,0.0
3924,0.0
3924,56.0
3925,0.0
3925,56.0
3926,0.0
3926,56.0
3927,0.0
3927,56.0
3928,0.0
3928,56.0
3929,0.0
3929,56.0
3930,0.0
3930,56.0
3931,0.0
3931,56.0
3932,0.0
3932,56.0
3933,0.0
3934,0.0
3935,0.0
3936,0.0
3937,0.0
3938,0.0
3939,0.0
3940,0.0
3941,0.0
3942,0.0
3943,0.0
3944,0.0
3945,0.0
3946,0.0
3947,0.0
3948,0.0
3949,0.0
3955,0.0
3956,0.0
3962,0.0
3963,0.0
3964,0.0
3965,0.0
3966,0.0
3967,0.0
3968,0.0
3983,0.0
3984,0.0
3985,0.0
3986,0.0
3995,10.0
3996,0.0
3997,10.0
3999,0.0
4000,0.0
4001,0.0
4002,0.0
4003,0.0
