5,62.0
7,62.0
8,62.0
9,62.0
9,56.0
10,62.0
10,56.0
11,56.0
11,62.0
12,56.0
12,62.0
12,0.0
13,56.0
13,62.0
14,62.0
14,56.0
14,0.0
15,62.0
15,56.0
15,0.0
16,56.0
16,62.0
17,56.0
17,62.0
17,0.0
18,56.0
18,62.0
18,0.0
19,62.0
19,56.0
19,0.0
20,56.0
20,62.0
20,0.0
21,56.0
21,62.0
21,0.0
22,62.0
22,56.0
22,0.0
23,62.0
23,56.0
23,0.0
24,62.0
24,56.0
24,0.0
25,62.0
25,56.0
25,0.0
26,62.0
26,0.0
26,56.0
27,62.0
27,56.0
27,0.0
28,62.0
28,56.0
28,0.0
29,62.0
29,56.0
29,0.0
30,62.0
30,0.0
30,56.0
31,62.0
31,56.0
31,0.0
32,62.0
32,0.0
32,56.0
33,62.0
33,56.0
33,0.0
34,62.0
34,0.0
34,56.0
35,62.0
35,0.0
35,56.0
36,62.0
36,0.0
36,56.0
37,62.0
37,56.0
37,0.0
38,62.0
38,0.0
38,56.0
39,62.0
39,0.0
39,56.0
40,62.0
40,56.0
40,0.0
41,62.0
41,0.0
41,56.0
42,62.0
42,0.0
42,56.0
43,62.0
43,0.0
43,56.0
44,62.0
44,0.0
44,56.0
45,0.0
45,62.0
45,56.0
46,62.0
46,0.0
46,56.0
47,62.0
47,0.0
47,56.0
48,62.0
48,0.0
48,56.0
49,62.0
49,0.0
49,56.0
50,62.0
50,0.0
50,56.0
50,56.0
51,62.0
51,56.0
51,0.0
51,56.0
52,62.0
52,56.0
52,0.0
52,56.0
53,62.0
53,56.0
53,0.0
54,62.0
54,0.0
54,56.0
55,62.0
55,0.0
55,56.0
56,62.0
56,0.0
56,56.0
57,0.0
57,62.0
57,56.0
58,0.0
58,62.0
58,56.0
59,0.0
59,62.0
59,56.0
59,56.0
60,62.0
60,0.0
60,56.0
60,56.0
61,0.0
61,56.0
61,62.0
61,56.0
62,0.0
62,56.0
62,62.0
62,56.0
63,0.0
63,56.0
63,62.0
63,56.0
64,0.0
64,56.0
64,62.0
64,56.0
65,0.0
65,56.0
65,62.0
66,56.0
66,62.0
66,0.0
66,56.0
67,62.0
67,56.0
67,0.0
67,56.0
68,56.0
68,62.0
68,0.0
68,56.0
69,56.0
69,62.0
69,0.0
69,56.0
70,56.0
70,62.0
70,0.0
70,56.0
71,56.0
71,62.0
71,0.0
71,56.0
72,56.0
72,62.0
72,0.0
72,56.0
73,56.0
73,62.0
73,0.0
73,56.0
74,56.0
74,62.0
74,0.0
74,56.0
75,62.0
75,56.0
75,0.0
75,56.0
76,56.0
76,62.0
76,0.0
77,0.0
77,56.0
77,62.0
78,0.0
78,56.0
78,62.0
79,0.0
79,56.0
79,62.0
80,0.0
80,62.0
80,56.0
81,0.0
81,62.0
81,56.0
82,56.0
82,62.0
82,0.0
83,56.0
83,62.0
83,0.0
84,56.0
84,62.0
84,0.0
85,56.0
85,62.0
85,0.0
86,56.0
86,62.0
86,0.0
87,56.0
87,62.0
87,0.0
88,56.0
88,62.0
88,0.0
88,56.0
89,56.0
89,62.0
89,0.0
89,56.0
90,56.0
90,62.0
90,0.0
90,56.0
91,62.0
91,56.0
91,56.0
91,0.0
92,62.0
92,56.0
92,0.0
92,56.0
93,62.0
93,56.0
93,0.0
93,56.0
94,62.0
94,56.0
94,0.0
94,56.0
95,62.0
95,56.0
95,0.0
95,56.0
96,56.0
96,62.0
96,0.0
96,56.0
97,56.0
97,62.0
97,0.0
97,56.0
98,56.0
98,62.0
98,0.0
98,56.0
99,56.0
99,62.0
99,0.0
99,56.0
100,56.0
100,62.0
100,0.0
100,56.0
101,56.0
101,62.0
101,56.0
102,56.0
102,62.0
102,56.0
102,0.0
103,56.0
103,62.0
103,56.0
103,0.0
104,56.0
104,62.0
104,56.0
104,0.0
105,56.0
105,62.0
105,56.0
106,56.0
106,62.0
106,56.0
107,56.0
107,62.0
107,56.0
108,56.0
108,62.0
109,56.0
109,62.0
109,56.0
110,56.0
110,62.0
110,56.0
111,56.0
111,62.0
111,56.0
112,56.0
112,62.0
112,56.0
113,56.0
113,62.0
113,56.0
114,56.0
114,62.0
114,56.0
115,56.0
115,62.0
115,56.0
116,56.0
116,62.0
117,56.0
117,62.0
117,56.0
118,56.0
118,62.0
118,56.0
119,56.0
119,62.0
119,56.0
120,56.0
120,62.0
120,56.0
121,56.0
121,62.0
121,56.0
122,56.0
122,62.0
122,56.0
123,56.0
123,62.0
124,56.0
124,62.0
125,62.0
125,56.0
126,56.0
126,62.0
127,56.0
127,62.0
128,56.0
128,62.0
128,56.0
129,56.0
129,62.0
129,56.0
130,56.0
130,62.0
130,56.0
131,62.0
131,56.0
131,0.0
131,56.0
132,62.0
132,56.0
132,0.0
132,56.0
133,62.0
133,56.0
133,0.0
133,56.0
134,56.0
134,62.0
134,0.0
134,56.0
135,56.0
135,62.0
135,0.0
135,56.0
136,62.0
136,56.0
136,0.0
137,62.0
137,56.0
137,0.0
138,62.0
138,56.0
138,0.0
139,62.0
139,56.0
139,0.0
140,62.0
140,56.0
140,0.0
141,62.0
141,56.0
141,0.0
141,56.0
142,56.0
142,62.0
142,0.0
142,56.0
143,56.0
143,62.0
143,0.0
143,56.0
144,56.0
144,62.0
144,0.0
144,56.0
145,56.0
145,62.0
145,0.0
145,56.0
146,56.0
146,62.0
146,0.0
146,56.0
147,56.0
147,62.0
148,56.0
148,62.0
149,62.0
149,56.0
149,0.0
150,62.0
150,56.0
150,0.0
151,62.0
151,56.0
151,0.0
152,62.0
152,56.0
153,62.0
153,56.0
154,0.0
154,56.0
154,62.0
155,0.0
155,56.0
155,62.0
156,0.0
156,56.0
156,62.0
157,0.0
157,56.0
157,62.0
158,0.0
158,56.0
158,62.0
159,0.0
159,56.0
159,62.0
160,0.0
160,56.0
160,62.0
161,0.0
161,56.0
161,62.0
162,0.0
162,56.0
162,62.0
163,0.0
163,56.0
163,62.0
164,0.0
164,56.0
164,62.0
165,0.0
165,56.0
165,62.0
166,0.0
166,56.0
166,62.0
167,0.0
167,56.0
167,62.0
168,0.0
168,56.0
168,62.0
169,0.0
169,56.0
169,62.0
170,0.0
170,56.0
170,62.0
171,0.0
171,56.0
171,62.0
172,0.0
172,56.0
172,62.0
173,0.0
173,56.0
173,62.0
174,0.0
174,56.0
174,62.0
175,0.0
175,56.0
175,62.0
176,0.0
176,56.0
176,62.0
177,0.0
177,56.0
177,62.0
178,0.0
178,56.0
178,62.0
179,0.0
179,56.0
179,62.0
180,0.0
180,56.0
180,62.0
181,0.0
181,56.0
181,62.0
182,0.0
182,56.0
182,62.0
183,0.0
183,56.0
183,62.0
184,0.0
184,56.0
184,62.0
185,0.0
185,56.0
185,62.0
186,0.0
186,56.0
186,62.0
187,0.0
187,56.0
187,62.0
188,0.0
188,56.0
188,62.0
189,0.0
189,56.0
189,62.0
190,0.0
190,56.0
190,62.0
191,56.0
191,62.0
191,0.0
192,56.0
192,62.0
192,0.0
193,56.0
193,62.0
193,0.0
194,56.0
194,62.0
194,0.0
195,0.0
195,56.0
195,62.0
196,62.0
196,56.0
196,0.0
197,62.0
197,56.0
197,0.0
198,56.0
198,62.0
198,0.0
199,62.0
199,56.0
199,0.0
200,56.0
200,62.0
200,0.0
201,62.0
201,56.0
201,0.0
202,56.0
202,62.0
202,0.0
203,56.0
203,62.0
203,0.0
204,56.0
204,62.0
204,0.0
205,56.0
205,62.0
205,0.0
206,56.0
206,62.0
206,0.0
207,56.0
207,62.0
207,0.0
208,56.0
208,62.0
208,0.0
209,56.0
209,62.0
209,0.0
210,56.0
210,62.0
211,62.0
211,56.0
211,0.0
212,62.0
212,56.0
212,0.0
213,62.0
213,56.0
213,0.0
214,62.0
214,56.0
214,0.0
215,62.0
215,56.0
215,0.0
216,62.0
217,62.0
234,0.0
236,0.0
237,0.0
238,0.0
239,0.0
241,0.0
242,0.0
243,0.0
244,0.0
245,62.0
245,0.0
246,0.0
246,62.0
247,0.0
247,62.0
248,0.0
248,62.0
249,0.0
249,62.0
250,0.0
250,62.0
250,56.0
251,0.0
251,62.0
251,56.0
252,0.0
252,62.0
252,56.0
253,0.0
253,62.0
253,56.0
254,0.0
254,56.0
254,62.0
255,0.0
255,56.0
255,62.0
256,0.0
256,56.0
256,62.0
257,0.0
257,62.0
257,56.0
258,0.0
258,62.0
258,56.0
259,0.0
259,62.0
259,56.0
260,0.0
260,62.0
260,56.0
261,0.0
261,62.0
261,56.0
262,0.0
262,56.0
262,62.0
263,0.0
263,62.0
263,56.0
264,0.0
264,62.0
264,56.0
265,0.0
265,62.0
265,56.0
266,0.0
266,62.0
266,56.0
267,0.0
267,62.0
267,56.0
268,0.0
268,62.0
268,56.0
270,0.0
270,62.0
270,56.0
271,0.0
271,62.0
271,56.0
272,0.0
272,62.0
272,56.0
273,0.0
273,62.0
273,56.0
274,0.0
274,62.0
274,56.0
275,0.0
275,62.0
275,56.0
276,0.0
276,62.0
276,56.0
277,0.0
277,62.0
277,56.0
277,58.0
278,0.0
278,62.0
278,56.0
278,58.0
279,0.0
279,62.0
279,56.0
279,58.0
280,0.0
280,62.0
280,56.0
280,58.0
281,0.0
281,62.0
281,56.0
281,58.0
282,0.0
282,56.0
282,62.0
282,58.0
283,0.0
283,56.0
283,62.0
283,58.0
284,0.0
284,56.0
284,62.0
284,58.0
285,0.0
285,56.0
285,62.0
285,58.0
286,0.0
286,56.0
286,62.0
286,58.0
287,0.0
287,56.0
287,62.0
287,58.0
288,0.0
288,62.0
288,56.0
288,58.0
289,0.0
289,56.0
289,62.0
289,58.0
290,0.0
290,56.0
290,62.0
290,58.0
291,0.0
291,62.0
291,56.0
291,58.0
292,0.0
292,62.0
292,56.0
292,58.0
293,0.0
293,62.0
293,56.0
293,58.0
294,0.0
294,62.0
294,56.0
294,58.0
295,0.0
295,56.0
295,62.0
295,58.0
296,0.0
296,56.0
296,62.0
296,58.0
297,0.0
297,56.0
297,62.0
297,58.0
298,0.0
298,56.0
298,62.0
298,58.0
299,0.0
299,56.0
299,62.0
299,58.0
300,0.0
300,56.0
300,62.0
300,58.0
301,0.0
301,56.0
301,62.0
301,58.0
302,0.0
302,56.0
302,62.0
302,58.0
303,0.0
303,56.0
303,62.0
303,58.0
304,0.0
304,56.0
304,62.0
304,58.0
305,0.0
305,56.0
305,62.0
305,58.0
306,0.0
306,56.0
306,62.0
306,58.0
307,0.0
307,62.0
307,56.0
307,58.0
308,0.0
308,56.0
308,62.0
308,58.0
309,0.0
309,62.0
309,56.0
309,58.0
310,0.0
310,62.0
310,56.0
310,58.0
311,0.0
311,56.0
311,62.0
311,58.0
312,0.0
312,56.0
312,62.0
312,58.0
313,0.0
313,56.0
313,62.0
313,58.0
314,0.0
314,56.0
314,62.0
314,58.0
315,0.0
315,56.0
315,62.0
315,58.0
316,0.0
316,62.0
316,56.0
316,58.0
317,0.0
317,62.0
317,56.0
318,0.0
318,56.0
318,62.0
319,0.0
319,56.0
319,62.0
320,0.0
320,56.0
320,62.0
321,0.0
321,56.0
321,62.0
322,0.0
322,62.0
322,56.0
323,0.0
323,62.0
323,56.0
324,0.0
324,62.0
324,56.0
325,0.0
325,56.0
325,62.0
326,0.0
326,56.0
326,62.0
327,0.0
327,56.0
327,62.0
328,0.0
328,56.0
328,62.0
329,0.0
329,56.0
329,62.0
330,0.0
330,56.0
330,62.0
331,0.0
331,62.0
331,56.0
331,58.0
332,0.0
332,62.0
332,56.0
332,58.0
333,0.0
333,62.0
333,56.0
333,58.0
334,0.0
334,56.0
334,62.0
334,58.0
335,0.0
335,56.0
335,62.0
335,58.0
336,0.0
336,62.0
336,58.0
337,0.0
337,62.0
337,58.0
338,0.0
338,62.0
338,58.0
339,0.0
339,62.0
339,58.0
340,0.0
340,62.0
340,58.0
340,67.0
341,0.0
341,62.0
341,58.0
341,67.0
342,0.0
342,62.0
342,58.0
342,67.0
343,0.0
343,62.0
343,58.0
343,67.0
344,0.0
344,62.0
344,58.0
344,67.0
345,0.0
345,62.0
345,58.0
346,0.0
346,62.0
346,58.0
347,0.0
347,62.0
347,58.0
348,0.0
348,62.0
348,58.0
349,62.0
349,0.0
349,58.0
350,62.0
350,0.0
350,58.0
351,62.0
351,0.0
351,58.0
352,62.0
352,58.0
352,0.0
353,62.0
353,58.0
354,62.0
354,58.0
355,62.0
355,58.0
356,62.0
356,58.0
357,62.0
357,58.0
358,62.0
358,58.0
358,56.0
359,62.0
359,56.0
359,58.0
360,62.0
360,56.0
360,58.0
361,62.0
361,56.0
361,58.0
362,62.0
362,56.0
362,58.0
363,62.0
363,56.0
363,58.0
364,62.0
364,56.0
364,58.0
365,62.0
365,56.0
365,58.0
366,62.0
366,56.0
366,58.0
367,62.0
367,56.0
367,58.0
368,62.0
368,56.0
368,58.0
369,62.0
369,56.0
369,58.0
370,62.0
370,56.0
370,58.0
371,62.0
371,56.0
371,58.0
372,62.0
372,56.0
372,58.0
373,62.0
373,56.0
373,58.0
374,62.0
374,56.0
374,58.0
375,62.0
375,56.0
375,58.0
376,56.0
376,62.0
376,58.0
377,56.0
377,62.0
377,58.0
378,56.0
378,62.0
378,58.0
379,56.0
379,62.0
379,58.0
380,56.0
380,62.0
380,58.0
381,56.0
381,62.0
381,58.0
382,56.0
382,62.0
382,58.0
383,56.0
383,62.0
383,58.0
384,56.0
384,62.0
384,58.0
385,56.0
385,62.0
385,58.0
386,56.0
386,62.0
386,58.0
387,56.0
387,62.0
387,58.0
388,56.0
388,62.0
388,58.0
389,56.0
389,62.0
389,58.0
390,56.0
390,62.0
390,58.0
391,62.0
391,56.0
391,58.0
392,62.0
392,56.0
392,58.0
393,56.0
393,62.0
393,58.0
394,56.0
394,62.0
394,58.0
395,56.0
395,62.0
395,58.0
396,56.0
396,62.0
396,58.0
397,56.0
397,62.0
397,58.0
398,56.0
398,62.0
398,58.0
399,56.0
399,62.0
399,58.0
400,56.0
400,62.0
400,58.0
401,56.0
401,62.0
401,58.0
402,56.0
402,62.0
402,58.0
403,0.0
403,56.0
403,62.0
403,58.0
404,0.0
404,56.0
404,62.0
404,58.0
405,0.0
405,56.0
405,62.0
405,58.0
406,56.0
406,62.0
406,0.0
406,58.0
407,62.0
407,56.0
407,0.0
407,58.0
408,56.0
408,62.0
408,0.0
408,58.0
409,56.0
409,62.0
409,0.0
409,58.0
410,56.0
410,62.0
410,0.0
410,58.0
411,0.0
411,56.0
411,62.0
411,58.0
412,0.0
412,56.0
412,62.0
412,58.0
413,0.0
413,56.0
413,62.0
413,58.0
414,0.0
414,62.0
414,58.0
414,58.0
415,0.0
415,62.0
415,58.0
415,58.0
415,56.0
416,0.0
416,62.0
416,58.0
416,58.0
416,56.0
417,0.0
417,62.0
417,58.0
417,58.0
417,56.0
418,0.0
418,62.0
418,58.0
418,58.0
419,0.0
419,62.0
419,58.0
420,0.0
420,62.0
420,58.0
421,0.0
421,62.0
421,58.0
422,0.0
422,62.0
422,58.0
423,0.0
423,62.0
423,58.0
424,0.0
424,62.0
424,58.0
425,0.0
425,62.0
425,58.0
426,0.0
426,62.0
426,58.0
427,0.0
427,62.0
427,58.0
428,0.0
428,62.0
428,58.0
429,0.0
429,62.0
429,58.0
430,0.0
430,62.0
430,58.0
431,0.0
431,62.0
431,58.0
432,0.0
432,62.0
432,58.0
433,0.0
433,62.0
433,58.0
434,0.0
434,62.0
434,58.0
435,0.0
435,62.0
435,58.0
436,0.0
436,62.0
436,58.0
437,0.0
437,62.0
437,58.0
438,0.0
438,62.0
438,58.0
439,0.0
439,62.0
439,56.0
439,58.0
440,0.0
440,62.0
440,56.0
440,58.0
441,0.0
441,62.0
441,56.0
441,58.0
442,0.0
442,62.0
442,56.0
442,58.0
443,0.0
443,62.0
443,56.0
443,58.0
444,0.0
444,62.0
444,56.0
444,58.0
445,0.0
445,62.0
445,56.0
445,58.0
446,0.0
446,62.0
446,56.0
446,58.0
447,0.0
447,62.0
447,56.0
447,58.0
448,0.0
448,62.0
448,56.0
448,58.0
449,0.0
449,62.0
449,56.0
449,58.0
450,0.0
450,56.0
450,62.0
450,58.0
451,0.0
451,62.0
451,56.0
451,58.0
452,0.0
452,62.0
452,56.0
452,58.0
453,0.0
453,62.0
453,56.0
453,58.0
454,0.0
454,56.0
454,62.0
454,58.0
455,0.0
455,62.0
455,56.0
455,58.0
456,0.0
456,62.0
456,56.0
456,58.0
457,0.0
457,62.0
457,56.0
457,58.0
458,0.0
458,62.0
458,56.0
458,58.0
459,0.0
459,62.0
459,56.0
459,58.0
460,0.0
460,62.0
460,56.0
460,58.0
461,0.0
461,62.0
461,56.0
461,58.0
462,0.0
462,62.0
462,56.0
462,58.0
463,0.0
463,62.0
463,56.0
463,58.0
464,0.0
464,62.0
464,56.0
464,58.0
465,0.0
465,56.0
465,62.0
465,58.0
466,0.0
466,56.0
466,62.0
466,58.0
467,0.0
467,56.0
467,62.0
467,58.0
468,0.0
468,56.0
468,62.0
469,0.0
469,56.0
469,62.0
470,0.0
470,56.0
470,62.0
471,0.0
471,56.0
471,62.0
472,0.0
472,56.0
472,62.0
473,0.0
473,56.0
473,62.0
474,0.0
474,56.0
474,62.0
475,0.0
475,56.0
475,62.0
476,0.0
476,56.0
476,62.0
477,0.0
477,56.0
477,62.0
478,0.0
478,56.0
478,62.0
479,0.0
479,56.0
479,62.0
480,0.0
480,56.0
480,62.0
481,0.0
481,56.0
481,62.0
482,0.0
482,56.0
482,62.0
483,0.0
483,56.0
483,62.0
484,0.0
484,56.0
484,62.0
485,0.0
485,62.0
485,56.0
486,0.0
486,62.0
486,56.0
487,0.0
487,62.0
487,56.0
488,0.0
488,62.0
488,56.0
489,0.0
489,62.0
489,56.0
490,0.0
490,62.0
490,56.0
491,0.0
491,56.0
491,62.0
492,0.0
492,56.0
492,62.0
493,0.0
493,56.0
493,62.0
494,0.0
494,56.0
494,62.0
495,0.0
495,56.0
495,62.0
496,0.0
496,62.0
496,56.0
497,0.0
497,56.0
497,62.0
498,0.0
498,62.0
498,56.0
499,0.0
499,62.0
499,56.0
500,0.0
500,62.0
501,0.0
501,62.0
502,0.0
502,62.0
503,0.0
504,0.0
505,0.0
506,0.0
507,0.0
508,0.0
509,0.0
510,0.0
510,0.0
511,0.0
512,0.0
513,0.0
531,62.0
532,62.0
533,62.0
534,62.0
534,0.0
535,0.0
535,62.0
535,0.0
536,0.0
536,62.0
536,56.0
537,62.0
537,0.0
537,56.0
538,0.0
538,62.0
539,62.0
539,0.0
539,0.0
540,62.0
540,0.0
540,0.0
541,0.0
541,62.0
541,0.0
541,58.0
542,62.0
542,0.0
542,58.0
542,56.0
543,62.0
543,0.0
543,58.0
543,56.0
544,62.0
544,0.0
544,58.0
545,62.0
545,0.0
545,58.0
546,62.0
546,0.0
546,58.0
547,62.0
547,0.0
547,0.0
547,58.0
548,62.0
548,0.0
548,58.0
548,0.0
549,62.0
549,0.0
549,58.0
550,62.0
550,0.0
550,58.0
551,62.0
551,0.0
551,58.0
552,62.0
552,58.0
552,0.0
553,62.0
553,58.0
553,0.0
554,62.0
554,58.0
555,62.0
555,58.0
556,62.0
556,58.0
557,62.0
557,58.0
558,62.0
558,58.0
559,62.0
559,58.0
560,62.0
560,58.0
561,62.0
561,58.0
562,62.0
562,58.0
563,62.0
563,58.0
564,62.0
564,58.0
565,62.0
565,58.0
566,62.0
566,58.0
567,62.0
567,0.0
567,58.0
568,62.0
568,0.0
568,58.0
569,62.0
569,0.0
569,58.0
570,0.0
570,62.0
570,58.0
571,0.0
571,62.0
571,58.0
572,0.0
572,62.0
572,58.0
573,0.0
573,62.0
573,58.0
574,0.0
574,62.0
574,58.0
575,0.0
575,62.0
575,58.0
576,0.0
576,62.0
576,58.0
577,0.0
577,62.0
577,58.0
578,0.0
578,62.0
578,58.0
579,0.0
579,62.0
579,58.0
580,0.0
580,62.0
580,58.0
581,0.0
581,62.0
581,58.0
582,0.0
582,62.0
582,58.0
583,0.0
583,62.0
583,58.0
584,0.0
584,62.0
584,58.0
585,0.0
585,62.0
585,58.0
586,0.0
586,62.0
586,58.0
587,0.0
587,62.0
587,58.0
588,0.0
588,62.0
589,0.0
589,62.0
590,0.0
590,0.0
590,62.0
590,58.0
591,0.0
591,0.0
591,62.0
592,0.0
592,0.0
592,62.0
593,0.0
593,0.0
593,62.0
593,58.0
594,0.0
594,0.0
594,62.0
594,58.0
595,0.0
595,62.0
595,0.0
595,58.0
596,0.0
596,0.0
596,58.0
596,56.0
596,62.0
597,0.0
597,0.0
597,58.0
597,62.0
597,56.0
598,0.0
598,0.0
598,58.0
598,56.0
598,62.0
599,0.0
599,0.0
599,58.0
599,62.0
599,56.0
600,0.0
600,0.0
600,62.0
600,58.0
600,56.0
601,0.0
601,0.0
601,62.0
601,58.0
602,0.0
602,0.0
602,62.0
602,58.0
603,0.0
603,0.0
603,62.0
603,58.0
604,0.0
604,0.0
604,62.0
604,58.0
605,0.0
605,0.0
605,62.0
605,58.0
606,0.0
606,0.0
606,62.0
606,58.0
607,0.0
607,0.0
607,62.0
607,58.0
608,0.0
608,0.0
608,62.0
608,56.0
608,58.0
609,0.0
609,0.0
609,62.0
609,58.0
609,56.0
610,0.0
610,0.0
610,62.0
610,58.0
610,56.0
611,0.0
611,0.0
611,62.0
611,58.0
611,56.0
612,0.0
612,0.0
612,62.0
612,58.0
612,56.0
613,0.0
613,0.0
613,62.0
613,58.0
613,56.0
614,0.0
614,0.0
614,62.0
614,56.0
614,58.0
615,0.0
615,0.0
615,62.0
615,56.0
616,0.0
616,0.0
616,62.0
616,56.0
617,0.0
617,0.0
617,62.0
617,56.0
618,0.0
618,0.0
618,62.0
618,56.0
619,0.0
619,0.0
619,62.0
619,56.0
620,0.0
620,0.0
620,62.0
620,56.0
621,0.0
621,0.0
621,62.0
621,56.0
622,0.0
622,0.0
622,62.0
622,56.0
623,0.0
623,0.0
623,62.0
623,56.0
624,0.0
624,0.0
624,62.0
624,56.0
625,0.0
625,0.0
625,62.0
625,56.0
626,0.0
626,0.0
626,62.0
626,56.0
627,0.0
627,0.0
627,62.0
627,56.0
628,0.0
628,0.0
628,62.0
628,56.0
629,0.0
629,0.0
629,62.0
629,56.0
630,0.0
630,0.0
630,62.0
630,56.0
631,0.0
631,0.0
631,62.0
631,56.0
632,0.0
632,0.0
632,62.0
632,56.0
633,0.0
633,0.0
633,62.0
633,56.0
634,0.0
634,0.0
634,62.0
634,56.0
635,0.0
635,0.0
635,62.0
635,56.0
636,0.0
636,0.0
636,62.0
636,56.0
637,0.0
637,0.0
637,62.0
637,56.0
638,0.0
638,0.0
638,62.0
638,56.0
639,0.0
639,0.0
639,62.0
639,56.0
640,0.0
640,0.0
640,62.0
640,56.0
641,0.0
641,0.0
641,62.0
641,56.0
642,0.0
642,0.0
642,62.0
642,56.0
643,0.0
643,0.0
643,62.0
643,56.0
644,0.0
644,0.0
644,62.0
644,56.0
645,0.0
645,0.0
645,62.0
646,0.0
646,0.0
646,62.0
647,0.0
647,0.0
647,62.0
648,0.0
648,0.0
648,62.0
649,0.0
649,0.0
649,62.0
650,0.0
650,0.0
650,62.0
651,0.0
651,0.0
651,62.0
652,0.0
652,0.0
652,62.0
653,0.0
653,0.0
653,62.0
654,0.0
654,0.0
654,62.0
655,0.0
655,0.0
655,62.0
656,0.0
656,0.0
656,62.0
657,0.0
657,0.0
657,62.0
657,56.0
658,0.0
658,0.0
658,62.0
658,56.0
659,0.0
659,0.0
659,62.0
659,56.0
660,0.0
660,0.0
660,62.0
660,56.0
661,0.0
661,62.0
661,0.0
661,56.0
662,0.0
662,62.0
662,0.0
663,0.0
663,62.0
663,0.0
664,0.0
664,62.0
664,0.0
665,0.0
665,0.0
665,62.0
666,0.0
666,0.0
666,62.0
667,0.0
667,62.0
667,0.0
668,0.0
668,62.0
668,0.0
669,0.0
669,62.0
669,0.0
669,56.0
670,0.0
670,62.0
670,0.0
670,56.0
671,0.0
671,62.0
671,0.0
671,56.0
672,0.0
672,0.0
672,62.0
672,56.0
673,0.0
673,0.0
673,62.0
673,56.0
674,0.0
674,56.0
674,62.0
674,0.0
675,0.0
675,56.0
675,62.0
675,0.0
676,0.0
676,56.0
676,62.0
676,0.0
677,0.0
677,56.0
677,62.0
677,0.0
678,0.0
678,56.0
678,62.0
678,0.0
679,0.0
679,62.0
679,0.0
679,56.0
680,0.0
680,62.0
680,0.0
680,56.0
681,0.0
681,62.0
681,0.0
681,56.0
682,0.0
682,62.0
683,0.0
683,62.0
684,0.0
684,62.0
685,0.0
685,62.0
686,0.0
686,62.0
687,0.0
687,62.0
687,56.0
688,0.0
688,62.0
688,56.0
689,0.0
689,62.0
689,56.0
690,0.0
690,62.0
690,56.0
690,0.0
691,0.0
691,0.0
691,62.0
691,56.0
692,0.0
692,0.0
692,62.0
692,56.0
693,62.0
693,0.0
693,0.0
694,62.0
694,0.0
694,0.0
695,62.0
695,0.0
695,0.0
696,62.0
696,0.0
696,0.0
697,0.0
697,62.0
697,0.0
698,0.0
698,62.0
698,0.0
699,0.0
699,62.0
699,0.0
700,0.0
700,62.0
700,0.0
701,62.0
701,0.0
701,0.0
702,62.0
702,0.0
702,0.0
703,62.0
703,0.0
703,0.0
704,62.0
704,0.0
704,0.0
705,0.0
705,0.0
705,62.0
706,0.0
706,0.0
706,62.0
707,0.0
707,0.0
707,62.0
708,0.0
708,0.0
708,62.0
709,0.0
709,0.0
709,62.0
710,0.0
710,0.0
710,62.0
710,58.0
711,0.0
711,62.0
711,0.0
712,0.0
712,62.0
712,0.0
713,62.0
713,0.0
713,0.0
714,62.0
714,0.0
714,0.0
715,62.0
715,0.0
715,0.0
715,58.0
716,0.0
716,0.0
716,62.0
716,58.0
717,0.0
717,0.0
717,62.0
717,58.0
718,0.0
718,0.0
718,62.0
719,0.0
719,0.0
719,62.0
720,0.0
720,0.0
720,62.0
721,0.0
721,0.0
721,62.0
722,0.0
722,0.0
722,62.0
723,0.0
723,0.0
723,62.0
723,58.0
724,0.0
724,0.0
724,62.0
725,0.0
725,0.0
725,62.0
726,0.0
726,0.0
726,62.0
727,0.0
727,0.0
727,62.0
728,0.0
728,0.0
728,62.0
729,0.0
729,62.0
729,0.0
730,0.0
730,62.0
730,0.0
731,0.0
731,62.0
731,0.0
732,0.0
732,62.0
732,0.0
732,0.0
733,0.0
733,62.0
733,0.0
733,0.0
734,0.0
734,62.0
734,0.0
734,0.0
735,0.0
735,62.0
735,0.0
735,0.0
736,0.0
736,62.0
736,0.0
736,0.0
737,0.0
737,62.0
737,0.0
737,0.0
738,0.0
738,0.0
738,62.0
738,0.0
739,0.0
739,0.0
739,62.0
739,0.0
740,0.0
740,0.0
740,62.0
741,0.0
741,0.0
741,62.0
742,0.0
742,0.0
742,62.0
743,0.0
743,0.0
743,62.0
743,0.0
744,0.0
744,0.0
744,62.0
745,0.0
745,0.0
745,62.0
746,0.0
746,0.0
746,62.0
747,0.0
747,0.0
747,62.0
747,0.0
748,0.0
748,0.0
748,62.0
748,0.0
749,0.0
749,0.0
749,62.0
749,0.0
750,0.0
750,0.0
750,0.0
750,62.0
751,0.0
751,0.0
751,62.0
751,0.0
752,0.0
752,0.0
752,0.0
752,62.0
753,0.0
753,0.0
753,0.0
753,62.0
754,0.0
754,0.0
754,0.0
754,62.0
755,0.0
755,0.0
755,0.0
755,62.0
756,0.0
756,0.0
756,0.0
756,62.0
757,0.0
757,0.0
757,0.0
757,62.0
758,0.0
758,0.0
758,0.0
758,62.0
759,0.0
759,0.0
759,0.0
759,62.0
760,0.0
760,0.0
760,0.0
760,62.0
761,0.0
761,0.0
761,0.0
761,62.0
762,0.0
762,0.0
762,0.0
762,62.0
763,0.0
763,0.0
763,0.0
763,62.0
764,0.0
764,0.0
764,0.0
764,62.0
765,0.0
765,0.0
765,62.0
765,0.0
766,0.0
766,0.0
766,62.0
766,0.0
767,0.0
767,0.0
767,62.0
767,0.0
768,0.0
768,0.0
768,62.0
768,0.0
769,0.0
769,0.0
769,62.0
769,0.0
770,0.0
770,0.0
770,62.0
770,0.0
771,0.0
771,0.0
771,0.0
771,62.0
772,0.0
772,0.0
772,0.0
772,62.0
773,0.0
773,0.0
773,0.0
773,62.0
774,0.0
774,0.0
774,0.0
774,62.0
775,0.0
775,0.0
775,0.0
775,62.0
776,0.0
776,0.0
776,0.0
776,62.0
777,0.0
777,0.0
777,62.0
777,0.0
778,0.0
778,0.0
778,62.0
778,0.0
779,0.0
779,0.0
779,0.0
779,62.0
780,0.0
780,0.0
780,62.0
780,0.0
781,0.0
781,0.0
781,62.0
781,0.0
782,0.0
782,0.0
782,62.0
782,0.0
783,0.0
783,0.0
783,62.0
783,0.0
784,0.0
784,0.0
784,62.0
784,0.0
785,0.0
785,0.0
785,62.0
785,0.0
786,0.0
786,0.0
786,62.0
786,0.0
787,0.0
787,0.0
787,62.0
787,0.0
788,0.0
788,0.0
788,62.0
788,0.0
789,0.0
789,0.0
789,62.0
789,0.0
790,0.0
790,0.0
790,62.0
790,0.0
791,0.0
791,0.0
791,62.0
791,0.0
792,0.0
792,0.0
792,62.0
792,0.0
793,0.0
793,0.0
793,62.0
793,0.0
794,0.0
794,0.0
794,62.0
794,0.0
795,0.0
795,0.0
795,62.0
795,0.0
796,0.0
796,0.0
796,62.0
797,0.0
797,0.0
797,62.0
798,0.0
798,0.0
798,62.0
798,0.0
799,0.0
799,0.0
799,62.0
799,0.0
800,0.0
800,0.0
800,62.0
800,0.0
801,0.0
801,0.0
801,62.0
801,0.0
802,0.0
802,0.0
802,62.0
802,0.0
803,0.0
803,0.0
803,62.0
803,0.0
804,0.0
804,0.0
804,0.0
804,62.0
805,0.0
805,0.0
805,0.0
805,62.0
806,0.0
806,0.0
806,0.0
806,62.0
807,0.0
807,0.0
807,0.0
807,62.0
808,0.0
808,0.0
808,0.0
808,62.0
809,0.0
809,0.0
809,0.0
809,62.0
810,0.0
810,0.0
810,0.0
810,62.0
811,0.0
811,0.0
811,0.0
811,62.0
812,0.0
812,0.0
812,0.0
812,62.0
813,0.0
813,0.0
813,0.0
813,62.0
814,0.0
814,0.0
814,0.0
814,62.0
815,0.0
815,0.0
815,0.0
815,62.0
816,0.0
816,0.0
816,0.0
816,62.0
817,0.0
817,0.0
817,0.0
817,62.0
818,0.0
818,0.0
818,0.0
818,62.0
819,0.0
819,0.0
819,62.0
819,0.0
820,0.0
820,0.0
820,62.0
820,0.0
821,0.0
821,0.0
821,62.0
821,0.0
822,0.0
822,0.0
822,62.0
822,0.0
822,62.0
823,0.0
823,0.0
823,62.0
823,0.0
823,62.0
824,0.0
824,0.0
824,62.0
824,0.0
824,62.0
825,0.0
825,0.0
825,0.0
825,62.0
826,0.0
826,0.0
826,0.0
826,62.0
827,0.0
827,0.0
827,0.0
827,62.0
828,0.0
828,0.0
828,0.0
828,62.0
829,0.0
829,0.0
829,0.0
829,62.0
830,0.0
830,0.0
830,0.0
830,62.0
831,0.0
831,0.0
831,0.0
831,62.0
832,0.0
832,0.0
832,0.0
832,62.0
833,0.0
833,0.0
833,0.0
833,62.0
834,0.0
834,0.0
834,0.0
834,62.0
835,0.0
835,0.0
835,0.0
835,62.0
836,0.0
836,0.0
836,0.0
836,62.0
837,0.0
837,0.0
837,62.0
837,0.0
838,0.0
838,0.0
838,62.0
838,0.0
839,0.0
839,0.0
839,0.0
839,62.0
840,0.0
840,0.0
840,62.0
840,0.0
841,0.0
841,0.0
841,62.0
841,0.0
842,0.0
842,0.0
842,62.0
842,0.0
843,0.0
843,0.0
843,62.0
843,0.0
844,0.0
844,0.0
844,62.0
844,0.0
845,0.0
845,0.0
845,62.0
845,0.0
846,0.0
846,0.0
846,0.0
846,62.0
847,0.0
847,0.0
847,0.0
847,62.0
848,0.0
848,0.0
848,0.0
848,62.0
849,0.0
849,0.0
849,0.0
849,62.0
850,0.0
850,0.0
850,0.0
850,62.0
851,0.0
851,0.0
851,62.0
851,0.0
852,0.0
852,0.0
852,62.0
852,0.0
853,0.0
853,0.0
853,62.0
853,0.0
854,0.0
854,0.0
854,62.0
854,0.0
855,0.0
855,0.0
855,62.0
855,0.0
856,0.0
856,0.0
856,62.0
856,0.0
857,0.0
857,0.0
857,62.0
857,0.0
858,0.0
858,0.0
858,62.0
858,0.0
859,0.0
859,0.0
859,62.0
859,0.0
860,0.0
860,0.0
860,62.0
860,0.0
861,0.0
861,0.0
861,62.0
861,0.0
862,0.0
862,0.0
862,62.0
862,0.0
863,0.0
863,0.0
863,62.0
863,0.0
864,0.0
864,0.0
864,62.0
864,0.0
865,0.0
865,0.0
865,62.0
865,0.0
866,0.0
866,0.0
866,62.0
866,0.0
867,0.0
867,0.0
867,62.0
867,0.0
868,0.0
868,0.0
868,62.0
868,0.0
869,0.0
869,0.0
869,62.0
869,0.0
870,0.0
870,0.0
870,62.0
870,0.0
871,0.0
871,0.0
871,62.0
871,0.0
872,0.0
872,0.0
872,62.0
873,0.0
873,0.0
873,62.0
873,0.0
874,0.0
874,0.0
874,62.0
874,0.0
875,0.0
875,0.0
875,62.0
875,0.0
876,0.0
876,0.0
876,62.0
876,0.0
877,0.0
877,0.0
877,62.0
877,0.0
878,0.0
878,0.0
878,62.0
878,0.0
879,0.0
879,0.0
879,62.0
879,0.0
880,0.0
880,0.0
880,62.0
880,0.0
881,0.0
881,0.0
881,62.0
881,0.0
882,0.0
882,0.0
882,62.0
882,0.0
883,0.0
883,0.0
883,62.0
883,0.0
884,0.0
884,0.0
884,62.0
884,0.0
885,0.0
885,0.0
885,62.0
885,0.0
886,0.0
886,0.0
886,62.0
886,0.0
887,0.0
887,0.0
887,62.0
887,0.0
888,0.0
888,0.0
888,62.0
888,0.0
889,0.0
889,0.0
889,62.0
889,0.0
890,0.0
890,0.0
890,62.0
890,0.0
891,0.0
891,0.0
891,62.0
891,0.0
892,0.0
892,0.0
892,62.0
892,0.0
893,0.0
893,0.0
893,62.0
893,0.0
894,0.0
894,0.0
894,62.0
895,0.0
895,0.0
895,62.0
896,0.0
896,0.0
896,62.0
897,0.0
897,0.0
897,62.0
898,0.0
898,0.0
898,62.0
899,0.0
899,0.0
899,62.0
900,0.0
900,0.0
900,62.0
900,0.0
901,0.0
901,0.0
901,62.0
902,0.0
902,0.0
902,62.0
902,0.0
903,0.0
903,0.0
903,62.0
903,0.0
904,0.0
904,0.0
904,62.0
904,0.0
905,0.0
905,0.0
905,62.0
905,0.0
906,0.0
906,0.0
906,62.0
906,0.0
907,0.0
907,0.0
907,62.0
907,0.0
908,0.0
908,0.0
908,62.0
908,0.0
909,0.0
909,0.0
909,62.0
909,0.0
910,0.0
910,0.0
910,62.0
910,0.0
911,0.0
911,0.0
911,62.0
911,0.0
912,0.0
912,0.0
912,62.0
912,0.0
913,0.0
913,0.0
913,62.0
913,0.0
914,0.0
914,0.0
914,62.0
914,0.0
915,0.0
915,0.0
915,0.0
915,62.0
916,0.0
916,0.0
916,0.0
916,62.0
917,0.0
917,0.0
917,0.0
917,62.0
918,0.0
918,0.0
918,0.0
918,62.0
919,0.0
919,0.0
919,0.0
919,62.0
920,0.0
920,0.0
920,0.0
920,62.0
921,0.0
921,0.0
921,62.0
921,0.0
922,0.0
922,0.0
922,62.0
922,0.0
923,0.0
923,0.0
923,62.0
923,0.0
924,0.0
924,0.0
924,62.0
924,0.0
925,0.0
925,0.0
925,0.0
925,62.0
926,0.0
926,0.0
926,0.0
926,62.0
927,0.0
927,0.0
927,0.0
927,62.0
928,0.0
928,0.0
928,0.0
928,62.0
929,0.0
929,0.0
929,0.0
929,62.0
930,0.0
930,0.0
930,0.0
930,62.0
931,0.0
931,0.0
931,0.0
931,62.0
932,0.0
932,0.0
932,0.0
932,62.0
933,0.0
933,0.0
933,0.0
933,62.0
934,0.0
934,0.0
934,0.0
934,62.0
935,0.0
935,0.0
935,0.0
935,62.0
936,0.0
936,0.0
936,0.0
936,62.0
937,0.0
937,0.0
937,0.0
937,62.0
938,0.0
938,0.0
938,62.0
938,0.0
939,0.0
939,0.0
939,62.0
939,0.0
940,0.0
940,0.0
940,62.0
940,0.0
941,0.0
941,0.0
941,62.0
941,0.0
942,0.0
942,0.0
942,62.0
942,0.0
943,0.0
943,0.0
943,62.0
943,0.0
944,0.0
944,0.0
944,62.0
945,0.0
945,0.0
945,62.0
946,0.0
946,0.0
946,62.0
947,0.0
947,0.0
947,62.0
948,0.0
948,0.0
948,62.0
949,0.0
949,0.0
949,62.0
950,0.0
950,0.0
950,62.0
951,0.0
951,0.0
951,62.0
952,0.0
952,0.0
952,62.0
953,0.0
953,0.0
953,62.0
954,0.0
954,0.0
954,62.0
955,0.0
955,0.0
955,62.0
956,0.0
956,0.0
956,62.0
957,0.0
957,0.0
957,62.0
958,0.0
958,0.0
958,62.0
959,0.0
959,0.0
959,62.0
960,0.0
960,0.0
960,62.0
961,0.0
961,0.0
961,62.0
962,0.0
962,0.0
962,62.0
963,0.0
963,0.0
963,62.0
964,0.0
964,0.0
964,62.0
965,0.0
965,0.0
965,62.0
966,0.0
966,0.0
966,62.0
967,0.0
967,0.0
967,62.0
968,0.0
968,0.0
968,62.0
969,0.0
969,0.0
969,62.0
970,0.0
970,0.0
970,62.0
971,0.0
971,0.0
971,62.0
972,0.0
972,0.0
972,62.0
973,0.0
973,0.0
973,62.0
974,0.0
974,0.0
974,62.0
974,56.0
975,0.0
975,0.0
975,62.0
975,56.0
976,0.0
976,0.0
976,62.0
977,0.0
977,0.0
977,62.0
978,0.0
978,0.0
978,62.0
979,0.0
979,0.0
979,62.0
980,0.0
980,0.0
980,62.0
981,0.0
981,0.0
981,62.0
982,0.0
982,0.0
982,62.0
983,0.0
983,0.0
983,62.0
984,0.0
984,0.0
984,62.0
985,0.0
985,0.0
985,62.0
986,0.0
986,0.0
986,62.0
987,0.0
987,0.0
987,62.0
988,0.0
988,0.0
988,62.0
989,0.0
989,0.0
989,62.0
990,0.0
990,0.0
990,62.0
991,0.0
991,0.0
991,62.0
992,0.0
992,0.0
992,62.0
993,0.0
993,0.0
993,62.0
994,0.0
994,0.0
994,62.0
995,0.0
995,0.0
995,62.0
996,0.0
996,0.0
996,62.0
997,0.0
997,0.0
997,62.0
998,0.0
998,0.0
998,62.0
999,0.0
999,0.0
999,62.0
1000,0.0
1000,0.0
1000,62.0
1001,0.0
1001,0.0
1001,62.0
1002,0.0
1002,0.0
1002,62.0
1003,0.0
1003,0.0
1003,62.0
1004,0.0
1004,0.0
1004,62.0
1005,0.0
1005,0.0
1005,62.0
1006,0.0
1006,0.0
1006,62.0
1007,0.0
1007,0.0
1007,62.0
1008,0.0
1008,0.0
1008,62.0
1009,0.0
1009,0.0
1009,62.0
1010,0.0
1010,0.0
1010,62.0
1011,0.0
1011,0.0
1011,62.0
1012,0.0
1012,0.0
1012,62.0
1013,0.0
1013,0.0
1013,62.0
1014,0.0
1014,0.0
1014,62.0
1015,0.0
1015,0.0
1015,62.0
1016,0.0
1016,0.0
1016,62.0
1017,0.0
1017,0.0
1017,62.0
1018,0.0
1018,0.0
1018,62.0
1019,0.0
1019,0.0
1019,62.0
1020,0.0
1020,0.0
1020,62.0
1021,0.0
1021,0.0
1021,62.0
1022,0.0
1022,0.0
1022,62.0
1022,62.0
1023,0.0
1023,0.0
1023,62.0
1023,62.0
1024,0.0
1024,0.0
1024,62.0
1024,62.0
1025,0.0
1025,0.0
1025,62.0
1026,0.0
1026,0.0
1026,62.0
1026,56.0
1027,0.0
1027,0.0
1027,62.0
1027,56.0
1028,0.0
1028,0.0
1028,62.0
1029,0.0
1029,0.0
1029,62.0
1030,0.0
1030,0.0
1030,62.0
1031,0.0
1031,0.0
1031,62.0
1032,0.0
1032,0.0
1032,62.0
1033,0.0
1033,0.0
1033,62.0
1034,0.0
1034,0.0
1034,62.0
1035,0.0
1035,0.0
1035,62.0
1036,0.0
1036,0.0
1036,62.0
1037,0.0
1037,0.0
1037,62.0
1037,56.0
1038,0.0
1038,0.0
1038,62.0
1038,56.0
1039,0.0
1039,0.0
1039,62.0
1040,0.0
1040,0.0
1040,62.0
1041,0.0
1041,0.0
1041,62.0
1042,0.0
1042,0.0
1042,62.0
1043,0.0
1043,0.0
1043,62.0
1044,0.0
1044,0.0
1044,62.0
1045,0.0
1045,0.0
1045,62.0
1046,0.0
1046,0.0
1046,62.0
1047,0.0
1047,0.0
1047,62.0
1048,0.0
1048,0.0
1048,62.0
1049,0.0
1049,0.0
1049,62.0
1050,0.0
1050,0.0
1050,62.0
1051,0.0
1051,0.0
1051,62.0
1052,0.0
1052,0.0
1052,62.0
1053,0.0
1053,0.0
1053,62.0
1054,0.0
1054,0.0
1054,62.0
1055,0.0
1055,0.0
1055,62.0
1056,0.0
1056,0.0
1056,62.0
1057,0.0
1057,0.0
1057,62.0
1058,0.0
1058,0.0
1058,62.0
1059,0.0
1059,0.0
1059,62.0
1060,0.0
1060,0.0
1060,62.0
1061,0.0
1061,0.0
1061,62.0
1062,0.0
1062,0.0
1062,62.0
1063,0.0
1063,0.0
1063,62.0
1064,0.0
1064,0.0
1064,62.0
1065,0.0
1065,0.0
1065,62.0
1066,0.0
1066,0.0
1066,62.0
1067,0.0
1067,0.0
1067,62.0
1068,0.0
1068,0.0
1068,62.0
1069,0.0
1069,0.0
1069,62.0
1070,0.0
1070,0.0
1070,62.0
1071,0.0
1071,0.0
1071,62.0
1072,0.0
1072,0.0
1072,62.0
1073,0.0
1073,0.0
1073,62.0
1074,0.0
1074,0.0
1074,62.0
1075,0.0
1075,0.0
1075,62.0
1076,0.0
1076,0.0
1076,62.0
1077,0.0
1077,0.0
1077,62.0
1078,0.0
1078,0.0
1078,62.0
1079,0.0
1079,0.0
1079,62.0
1080,0.0
1080,0.0
1080,62.0
1081,0.0
1081,0.0
1081,62.0
1082,0.0
1082,0.0
1082,62.0
1083,0.0
1083,0.0
1083,62.0
1084,0.0
1084,0.0
1084,62.0
1085,0.0
1085,0.0
1085,62.0
1086,0.0
1086,0.0
1086,62.0
1087,0.0
1087,0.0
1087,62.0
1088,0.0
1088,0.0
1088,62.0
1089,0.0
1089,0.0
1089,62.0
1090,0.0
1090,0.0
1090,62.0
1091,0.0
1091,0.0
1091,62.0
1092,0.0
1092,0.0
1092,62.0
1093,0.0
1093,0.0
1093,62.0
1094,0.0
1094,0.0
1094,62.0
1095,0.0
1095,0.0
1095,62.0
1096,0.0
1096,0.0
1096,62.0
1097,0.0
1097,0.0
1097,62.0
1098,0.0
1098,0.0
1098,62.0
1099,0.0
1099,0.0
1099,62.0
1100,0.0
1100,0.0
1100,62.0
1100,0.0
1101,0.0
1101,0.0
1101,62.0
1101,0.0
1102,0.0
1102,0.0
1102,62.0
1102,0.0
1103,0.0
1103,0.0
1103,62.0
1104,0.0
1104,0.0
1104,62.0
1105,0.0
1105,0.0
1105,62.0
1106,0.0
1106,0.0
1106,62.0
1107,0.0
1107,0.0
1107,62.0
1108,0.0
1108,0.0
1108,62.0
1109,0.0
1109,0.0
1109,62.0
1110,0.0
1110,0.0
1110,62.0
1111,0.0
1111,0.0
1111,62.0
1112,0.0
1112,0.0
1112,62.0
1113,0.0
1113,0.0
1113,62.0
1114,0.0
1114,0.0
1114,62.0
1115,0.0
1115,0.0
1115,62.0
1116,0.0
1116,0.0
1116,62.0
1117,0.0
1117,0.0
1117,62.0
1118,0.0
1118,0.0
1118,62.0
1119,0.0
1119,0.0
1119,62.0
1120,0.0
1120,0.0
1120,62.0
1121,0.0
1121,0.0
1121,62.0
1122,0.0
1122,0.0
1122,62.0
1123,0.0
1123,0.0
1123,62.0
1124,0.0
1124,0.0
1124,62.0
1124,0.0
1125,0.0
1125,0.0
1125,62.0
1125,0.0
1126,0.0
1126,0.0
1126,62.0
1126,0.0
1127,0.0
1127,0.0
1127,62.0
1127,0.0
1128,0.0
1128,0.0
1128,62.0
1128,0.0
1129,0.0
1129,0.0
1129,62.0
1129,56.0
1130,0.0
1130,0.0
1130,62.0
1130,56.0
1131,0.0
1131,0.0
1131,62.0
1132,0.0
1132,0.0
1132,62.0
1133,0.0
1133,0.0
1133,62.0
1134,0.0
1134,0.0
1134,62.0
1135,0.0
1135,0.0
1135,62.0
1136,0.0
1136,0.0
1136,62.0
1137,0.0
1137,0.0
1137,62.0
1138,0.0
1138,0.0
1138,62.0
1139,0.0
1139,0.0
1139,62.0
1140,0.0
1140,0.0
1140,62.0
1141,0.0
1141,0.0
1141,62.0
1142,0.0
1142,0.0
1142,62.0
1142,56.0
1143,0.0
1143,0.0
1143,62.0
1144,0.0
1144,0.0
1144,62.0
1144,56.0
1145,0.0
1145,0.0
1145,62.0
1145,56.0
1146,0.0
1146,0.0
1146,62.0
1146,56.0
1147,0.0
1147,0.0
1147,62.0
1148,0.0
1148,0.0
1148,62.0
1149,0.0
1149,0.0
1149,62.0
1150,0.0
1150,0.0
1150,62.0
1151,0.0
1151,0.0
1151,62.0
1152,0.0
1152,0.0
1152,62.0
1153,0.0
1153,0.0
1153,62.0
1154,0.0
1154,0.0
1154,62.0
1154,56.0
1155,0.0
1155,0.0
1155,62.0
1155,56.0
1156,0.0
1156,0.0
1156,62.0
1156,56.0
1157,0.0
1157,0.0
1157,62.0
1158,0.0
1158,0.0
1158,62.0
1159,0.0
1159,0.0
1159,62.0
1160,0.0
1160,0.0
1160,62.0
1161,0.0
1161,0.0
1161,62.0
1162,0.0
1162,0.0
1162,62.0
1163,0.0
1163,0.0
1163,62.0
1164,0.0
1164,0.0
1164,62.0
1165,0.0
1165,0.0
1165,62.0
1166,0.0
1166,0.0
1166,62.0
1167,0.0
1167,0.0
1167,62.0
1167,56.0
1168,0.0
1168,0.0
1168,62.0
1168,56.0
1169,0.0
1169,0.0
1169,62.0
1169,56.0
1170,0.0
1170,0.0
1170,62.0
1171,0.0
1171,0.0
1171,62.0
1172,0.0
1172,0.0
1172,62.0
1172,56.0
1173,0.0
1173,0.0
1173,62.0
1173,56.0
1174,0.0
1174,0.0
1174,62.0
1174,56.0
1175,0.0
1175,0.0
1175,62.0
1175,56.0
1176,0.0
1176,0.0
1176,62.0
1176,56.0
1177,0.0
1177,0.0
1177,62.0
1177,56.0
1178,0.0
1178,0.0
1178,62.0
1178,56.0
1179,0.0
1179,0.0
1179,62.0
1179,56.0
1180,0.0
1180,62.0
1180,0.0
1180,56.0
1180,0.0
1181,0.0
1181,62.0
1181,0.0
1181,56.0
1181,0.0
1182,0.0
1182,62.0
1182,0.0
1182,56.0
1182,0.0
1183,0.0
1183,0.0
1183,62.0
1183,56.0
1183,0.0
1184,0.0
1184,0.0
1184,62.0
1184,56.0
1184,0.0
1185,0.0
1185,0.0
1185,62.0
1185,56.0
1185,0.0
1186,0.0
1186,0.0
1186,62.0
1186,56.0
1186,0.0
1187,0.0
1187,0.0
1187,62.0
1187,56.0
1187,0.0
1188,0.0
1188,0.0
1188,62.0
1188,56.0
1188,0.0
1189,0.0
1189,0.0
1189,62.0
1189,56.0
1189,0.0
1190,0.0
1190,0.0
1190,62.0
1190,0.0
1190,56.0
1191,0.0
1191,0.0
1191,62.0
1191,0.0
1191,56.0
1192,0.0
1192,0.0
1192,62.0
1192,0.0
1193,0.0
1193,0.0
1193,62.0
1193,0.0
1194,0.0
1194,0.0
1194,62.0
1194,0.0
1195,0.0
1195,0.0
1195,62.0
1195,0.0
1196,0.0
1196,0.0
1196,62.0
1196,0.0
1197,0.0
1197,0.0
1197,62.0
1197,0.0
1198,0.0
1198,0.0
1198,62.0
1198,0.0
