1,0.0
1,2.0
1,0.0
1,5.0
1,0.0
1,0.0
1,5.0
1,0.0
2,0.0
2,5.0
2,2.0
2,0.0
2,0.0
2,0.0
2,7.0
3,0.0
3,2.0
3,5.0
3,0.0
3,0.0
3,0.0
4,0.0
4,2.0
4,0.0
4,5.0
4,0.0
4,0.0
5,0.0
5,2.0
5,0.0
5,5.0
5,0.0
5,0.0
5,0.0
6,0.0
6,2.0
6,0.0
6,5.0
6,0.0
6,0.0
6,0.0
6,0.0
7,0.0
7,2.0
7,0.0
7,5.0
7,0.0
7,0.0
7,0.0
7,5.0
7,0.0
7,0.0
8,0.0
8,2.0
8,0.0
8,0.0
8,5.0
8,0.0
8,0.0
8,7.0
8,0.0
9,0.0
9,2.0
9,0.0
9,5.0
9,0.0
9,0.0
9,0.0
9,0.0
9,7.0
10,0.0
10,2.0
10,0.0
10,5.0
10,0.0
10,0.0
10,0.0
10,0.0
11,0.0
11,2.0
11,0.0
11,5.0
11,0.0
11,0.0
11,0.0
11,0.0
11,0.0
11,0.0
11,0.0
12,0.0
12,2.0
12,0.0
12,5.0
12,0.0
12,0.0
12,0.0
12,0.0
12,0.0
12,0.0
12,9.0
12,0.0
13,0.0
13,2.0
13,0.0
13,0.0
13,0.0
13,5.0
13,0.0
13,0.0
13,0.0
14,2.0
14,0.0
14,0.0
14,0.0
14,0.0
14,9.0
14,0.0
14,0.0
14,5.0
14,0.0
14,2.0
15,2.0
15,0.0
15,0.0
15,0.0
15,0.0
15,0.0
15,2.0
15,0.0
15,0.0
15,9.0
15,2.0
15,0.0
15,0.0
16,0.0
16,2.0
16,0.0
16,0.0
16,0.0
16,0.0
16,2.0
16,9.0
17,0.0
17,2.0
17,0.0
17,0.0
17,2.0
17,2.0
18,0.0
18,2.0
18,0.0
18,0.0
18,2.0
18,2.0
19,0.0
19,2.0
19,0.0
19,0.0
19,2.0
19,0.0
19,9.0
20,0.0
20,2.0
20,0.0
20,0.0
20,9.0
20,7.0
20,2.0
21,0.0
21,2.0
21,0.0
21,0.0
21,2.0
21,0.0
21,9.0
22,0.0
22,2.0
22,0.0
22,0.0
22,0.0
22,0.0
22,2.0
23,0.0
23,2.0
23,0.0
23,2.0
23,0.0
23,0.0
23,0.0
23,9.0
24,0.0
24,2.0
24,0.0
24,2.0
24,0.0
24,0.0
24,0.0
25,0.0
25,2.0
25,0.0
25,0.0
25,0.0
25,2.0
25,0.0
25,9.0
26,0.0
26,2.0
26,2.0
26,0.0
26,0.0
26,0.0
26,0.0
26,9.0
27,0.0
27,2.0
27,0.0
27,2.0
27,0.0
27,0.0
27,0.0
28,0.0
28,0.0
28,2.0
28,2.0
28,0.0
28,0.0
28,0.0
29,2.0
29,2.0
29,0.0
29,0.0
29,0.0
29,0.0
29,0.0
29,0.0
29,7.0
30,2.0
30,2.0
30,0.0
30,0.0
30,0.0
30,0.0
30,0.0
30,0.0
30,7.0
31,2.0
31,0.0
31,0.0
31,2.0
31,0.0
31,0.0
31,0.0
31,0.0
31,7.0
31,0.0
32,2.0
32,0.0
32,0.0
32,0.0
32,0.0
32,0.0
32,2.0
32,0.0
32,0.0
33,2.0
33,0.0
33,2.0
33,0.0
33,0.0
33,0.0
33,0.0
33,7.0
33,0.0
34,2.0
34,0.0
34,0.0
34,0.0
34,2.0
34,0.0
34,0.0
34,0.0
35,2.0
35,0.0
35,0.0
35,0.0
35,0.0
35,0.0
35,0.0
35,2.0
35,2.0
36,2.0
36,0.0
36,0.0
36,0.0
36,0.0
36,0.0
36,2.0
36,0.0
36,2.0
37,0.0
37,0.0
37,2.0
37,0.0
37,0.0
37,2.0
37,2.0
37,0.0
37,0.0
38,0.0
38,0.0
38,0.0
38,0.0
38,2.0
38,2.0
38,0.0
39,2.0
39,2.0
39,0.0
39,0.0
39,0.0
39,0.0
40,2.0
40,0.0
40,0.0
40,0.0
40,2.0
40,0.0
40,0.0
41,2.0
41,2.0
41,0.0
41,0.0
41,0.0
41,0.0
41,0.0
41,0.0
42,2.0
42,2.0
42,0.0
42,0.0
42,0.0
42,0.0
42,0.0
43,2.0
43,2.0
43,0.0
43,0.0
43,0.0
43,0.0
43,0.0
44,2.0
44,2.0
44,0.0
44,0.0
44,0.0
44,0.0
44,0.0
44,0.0
45,2.0
45,2.0
45,0.0
45,0.0
45,0.0
45,0.0
45,7.0
45,0.0
45,2.0
46,2.0
46,0.0
46,2.0
46,0.0
46,0.0
46,7.0
46,0.0
46,0.0
47,2.0
47,2.0
47,0.0
47,0.0
47,0.0
47,0.0
47,0.0
47,7.0
47,0.0
48,2.0
48,2.0
48,0.0
48,0.0
48,0.0
48,0.0
48,0.0
49,0.0
49,2.0
49,2.0
49,0.0
49,0.0
49,0.0
49,0.0
50,0.0
50,2.0
50,2.0
50,0.0
50,0.0
50,0.0
51,0.0
51,0.0
51,2.0
51,0.0
51,2.0
51,0.0
52,0.0
52,0.0
52,0.0
52,0.0
53,0.0
53,28.0
53,0.0
53,0.0
53,0.0
53,0.0
53,2.0
54,0.0
54,0.0
54,28.0
54,0.0
54,2.0
54,0.0
54,0.0
55,0.0
55,0.0
55,0.0
55,28.0
55,0.0
55,0.0
56,0.0
56,2.0
57,0.0
57,2.0
58,0.0
58,2.0
59,2.0
59,2.0
59,0.0
59,0.0
59,0.0
60,2.0
60,2.0
60,0.0
60,0.0
60,0.0
60,0.0
60,7.0
61,0.0
61,0.0
61,2.0
61,0.0
61,0.0
61,2.0
61,0.0
62,0.0
62,0.0
62,2.0
62,0.0
62,2.0
62,0.0
62,0.0
63,2.0
63,2.0
63,0.0
63,2.0
63,0.0
63,0.0
63,2.0
63,0.0
63,0.0
64,2.0
64,2.0
64,0.0
64,2.0
64,0.0
64,0.0
64,0.0
64,0.0
64,0.0
65,2.0
65,2.0
65,0.0
65,2.0
65,0.0
65,0.0
65,0.0
65,0.0
66,2.0
66,2.0
66,0.0
66,2.0
66,0.0
66,0.0
66,0.0
66,0.0
67,2.0
67,2.0
67,0.0
67,2.0
67,0.0
67,0.0
68,2.0
68,2.0
68,0.0
68,2.0
68,0.0
68,0.0
68,0.0
69,2.0
69,2.0
69,0.0
69,2.0
69,0.0
69,0.0
69,2.0
70,2.0
70,2.0
70,0.0
70,2.0
70,0.0
70,0.0
70,0.0
71,2.0
71,0.0
71,2.0
71,2.0
71,9.0
71,0.0
71,0.0
71,0.0
72,2.0
72,2.0
72,0.0
72,2.0
72,9.0
72,0.0
72,0.0
72,0.0
72,0.0
73,2.0
73,2.0
73,0.0
73,2.0
73,0.0
73,0.0
73,0.0
73,9.0
73,0.0
73,0.0
74,2.0
74,2.0
74,0.0
74,2.0
74,9.0
74,0.0
74,0.0
74,0.0
74,0.0
74,0.0
75,2.0
75,2.0
75,2.0
75,0.0
75,9.0
75,0.0
75,0.0
75,0.0
75,0.0
75,0.0
76,2.0
76,2.0
76,2.0
76,0.0
76,0.0
76,9.0
76,0.0
76,0.0
76,0.0
76,0.0
76,2.0
77,2.0
77,2.0
77,2.0
77,0.0
77,0.0
77,2.0
77,9.0
77,0.0
77,0.0
77,0.0
77,2.0
77,0.0
77,0.0
78,2.0
78,2.0
78,2.0
78,0.0
78,0.0
78,2.0
78,9.0
78,0.0
78,2.0
78,0.0
78,0.0
78,0.0
79,2.0
79,2.0
79,2.0
79,0.0
79,2.0
79,0.0
79,12.0
79,2.0
79,0.0
79,0.0
79,0.0
80,2.0
80,2.0
80,2.0
80,0.0
80,0.0
80,2.0
80,12.0
80,0.0
80,0.0
80,0.0
80,0.0
81,2.0
81,0.0
81,2.0
81,0.0
81,12.0
81,2.0
81,2.0
81,0.0
81,0.0
81,0.0
81,0.0
81,0.0
81,2.0
82,2.0
82,0.0
82,0.0
82,2.0
82,2.0
82,2.0
82,2.0
82,0.0
82,0.0
82,12.0
82,0.0
82,0.0
82,0.0
82,0.0
82,9.0
83,2.0
83,0.0
83,0.0
83,2.0
83,2.0
83,0.0
83,12.0
83,0.0
83,2.0
83,2.0
83,0.0
83,0.0
83,0.0
84,2.0
84,0.0
84,2.0
84,0.0
84,2.0
84,2.0
84,0.0
84,12.0
84,0.0
84,2.0
84,0.0
84,0.0
85,2.0
85,0.0
85,2.0
85,0.0
85,2.0
85,2.0
85,0.0
85,0.0
85,12.0
85,0.0
85,2.0
85,0.0
86,2.0
86,2.0
86,0.0
86,0.0
86,2.0
86,2.0
86,0.0
86,0.0
86,0.0
86,12.0
86,0.0
87,0.0
87,2.0
87,2.0
87,0.0
87,2.0
87,2.0
87,0.0
87,0.0
87,0.0
88,0.0
88,2.0
88,2.0
88,2.0
88,0.0
88,2.0
88,7.0
88,0.0
88,0.0
88,0.0
89,0.0
89,2.0
89,2.0
89,2.0
89,2.0
89,0.0
89,0.0
89,0.0
89,7.0
89,0.0
90,0.0
90,2.0
90,2.0
90,2.0
90,2.0
90,0.0
90,7.0
90,0.0
90,0.0
90,0.0
90,0.0
91,0.0
91,2.0
91,2.0
91,2.0
91,2.0
91,0.0
91,7.0
91,0.0
91,0.0
91,0.0
92,0.0
92,2.0
92,2.0
92,2.0
92,2.0
92,0.0
92,0.0
92,7.0
92,0.0
92,0.0
92,2.0
93,0.0
93,2.0
93,2.0
93,2.0
93,2.0
93,0.0
93,0.0
93,0.0
93,2.0
93,0.0
94,0.0
94,2.0
94,2.0
94,2.0
94,2.0
94,0.0
94,0.0
95,0.0
95,2.0
95,2.0
95,2.0
95,0.0
95,2.0
95,0.0
95,2.0
95,7.0
96,0.0
96,2.0
96,2.0
96,0.0
96,2.0
96,2.0
96,0.0
96,0.0
96,2.0
96,0.0
97,0.0
97,2.0
97,2.0
97,2.0
97,0.0
97,2.0
97,0.0
97,2.0
98,0.0
98,2.0
98,2.0
98,0.0
98,2.0
98,0.0
98,0.0
98,2.0
98,2.0
98,0.0
98,0.0
99,0.0
99,2.0
99,2.0
99,0.0
99,2.0
99,0.0
99,0.0
99,0.0
99,2.0
99,0.0
99,2.0
100,0.0
100,2.0
100,2.0
100,0.0
100,2.0
100,0.0
100,2.0
100,0.0
101,0.0
101,0.0
101,2.0
101,2.0
101,0.0
101,2.0
101,0.0
101,2.0
101,0.0
102,0.0
102,0.0
102,2.0
102,2.0
102,2.0
102,0.0
102,0.0
102,2.0
103,0.0
103,2.0
103,0.0
103,2.0
103,2.0
103,0.0
103,0.0
103,2.0
103,2.0
103,2.0
104,2.0
104,0.0
104,0.0
104,2.0
104,2.0
104,0.0
104,2.0
104,0.0
104,2.0
105,0.0
105,0.0
105,2.0
105,2.0
105,2.0
105,0.0
105,2.0
105,2.0
105,0.0
105,0.0
106,0.0
106,0.0
106,2.0
106,2.0
106,2.0
106,0.0
106,2.0
106,2.0
107,0.0
107,2.0
107,0.0
107,2.0
107,2.0
107,2.0
107,0.0
107,7.0
108,2.0
108,0.0
108,2.0
108,0.0
108,2.0
108,2.0
108,7.0
109,0.0
109,0.0
109,2.0
109,2.0
109,0.0
109,2.0
109,2.0
110,0.0
110,0.0
110,2.0
110,2.0
110,0.0
110,2.0
110,2.0
110,0.0
111,0.0
111,2.0
111,0.0
111,0.0
111,2.0
111,0.0
112,2.0
112,0.0
112,0.0
112,0.0
112,2.0
112,0.0
112,0.0
113,0.0
113,2.0
113,0.0
113,2.0
113,0.0
113,0.0
113,2.0
113,0.0
113,0.0
114,0.0
114,2.0
114,0.0
114,2.0
114,0.0
114,2.0
114,0.0
114,0.0
114,0.0
115,0.0
115,2.0
115,2.0
115,0.0
115,0.0
115,2.0
115,0.0
115,0.0
115,0.0
115,0.0
115,5.0
115,2.0
116,0.0
116,2.0
116,0.0
116,0.0
116,2.0
116,0.0
116,2.0
116,0.0
116,0.0
116,0.0
116,2.0
116,0.0
117,0.0
117,0.0
117,2.0
117,0.0
117,2.0
117,2.0
117,0.0
117,0.0
117,0.0
117,2.0
117,0.0
117,0.0
117,0.0
117,0.0
117,0.0
117,2.0
118,0.0
118,0.0
118,2.0
118,2.0
118,2.0
118,0.0
118,0.0
118,0.0
118,0.0
118,0.0
118,2.0
118,0.0
118,0.0
118,0.0
119,0.0
119,0.0
119,2.0
119,2.0
119,0.0
119,0.0
119,2.0
119,0.0
119,0.0
119,2.0
119,0.0
119,0.0
119,0.0
119,0.0
119,2.0
120,0.0
120,0.0
120,0.0
120,2.0
120,2.0
120,2.0
120,0.0
120,0.0
120,0.0
120,0.0
120,0.0
120,2.0
120,0.0
120,0.0
121,0.0
121,0.0
121,2.0
121,0.0
121,2.0
121,0.0
121,2.0
121,0.0
121,0.0
121,2.0
121,0.0
121,0.0
121,0.0
121,0.0
121,0.0
122,0.0
122,0.0
122,2.0
122,0.0
122,0.0
122,2.0
122,0.0
122,9.0
122,2.0
122,2.0
122,0.0
122,0.0
122,0.0
122,0.0
123,0.0
123,2.0
123,0.0
123,2.0
123,0.0
123,0.0
123,2.0
123,0.0
123,2.0
123,9.0
123,0.0
123,0.0
123,0.0
123,0.0
123,0.0
123,0.0
124,0.0
124,2.0
124,0.0
124,0.0
124,0.0
124,2.0
124,9.0
124,2.0
124,0.0
124,0.0
124,0.0
124,0.0
124,0.0
124,0.0
125,0.0
125,0.0
125,0.0
125,0.0
125,2.0
125,2.0
125,9.0
125,0.0
125,2.0
125,0.0
126,0.0
126,0.0
126,0.0
126,0.0
126,2.0
126,2.0
126,0.0
126,9.0
126,2.0
126,0.0
127,0.0
127,0.0
127,2.0
127,0.0
127,0.0
127,2.0
127,9.0
127,0.0
128,0.0
128,0.0
128,2.0
128,2.0
128,0.0
128,0.0
128,9.0
129,0.0
129,0.0
129,2.0
129,2.0
129,0.0
129,0.0
129,0.0
129,0.0
130,2.0
130,0.0
130,0.0
130,2.0
130,0.0
130,2.0
130,0.0
131,2.0
131,0.0
131,0.0
131,2.0
131,0.0
131,0.0
131,0.0
131,2.0
131,0.0
131,0.0
132,2.0
132,0.0
132,0.0
132,0.0
132,0.0
132,0.0
132,2.0
132,0.0
132,2.0
132,0.0
132,0.0
133,2.0
133,0.0
133,0.0
133,0.0
133,0.0
133,0.0
133,0.0
133,2.0
133,0.0
133,0.0
133,0.0
133,0.0
133,2.0
134,2.0
134,0.0
134,0.0
134,0.0
134,0.0
134,0.0
134,0.0
134,0.0
134,2.0
134,0.0
135,2.0
135,0.0
135,0.0
135,0.0
135,0.0
135,0.0
135,0.0
135,0.0
135,2.0
136,2.0
136,0.0
136,0.0
136,0.0
136,2.0
136,0.0
136,0.0
136,2.0
136,0.0
136,2.0
136,0.0
136,0.0
136,0.0
137,2.0
137,0.0
137,0.0
137,0.0
137,0.0
137,2.0
137,0.0
137,0.0
137,2.0
137,2.0
137,2.0
138,2.0
138,0.0
138,0.0
138,0.0
138,2.0
138,0.0
138,2.0
138,2.0
138,0.0
138,0.0
138,0.0
139,2.0
139,0.0
139,0.0
139,2.0
139,0.0
139,0.0
139,2.0
139,0.0
140,2.0
140,0.0
140,2.0
140,0.0
140,0.0
140,0.0
141,2.0
141,0.0
141,0.0
141,2.0
141,0.0
141,0.0
141,2.0
142,0.0
142,2.0
142,2.0
142,0.0
142,0.0
142,0.0
142,2.0
143,0.0
143,2.0
143,0.0
143,2.0
143,2.0
143,0.0
143,0.0
144,0.0
144,2.0
144,0.0
144,2.0
144,0.0
144,2.0
144,0.0
145,0.0
145,2.0
145,0.0
145,2.0
145,2.0
145,0.0
145,0.0
146,0.0
146,0.0
146,2.0
146,0.0
146,2.0
146,0.0
146,2.0
147,0.0
147,0.0
147,0.0
147,0.0
147,2.0
147,2.0
148,0.0
148,0.0
148,0.0
148,0.0
148,2.0
148,0.0
148,2.0
148,0.0
149,0.0
149,0.0
149,0.0
149,2.0
149,2.0
149,0.0
149,0.0
150,0.0
150,0.0
150,0.0
150,2.0
150,2.0
150,0.0
150,0.0
151,0.0
151,0.0
151,0.0
151,2.0
151,0.0
151,0.0
151,2.0
152,0.0
152,0.0
152,0.0
152,2.0
152,2.0
152,0.0
152,0.0
152,9.0
152,0.0
153,0.0
153,0.0
153,0.0
153,2.0
153,12.0
153,2.0
153,9.0
153,0.0
153,0.0
153,0.0
154,0.0
154,0.0
154,0.0
154,2.0
154,9.0
154,2.0
154,12.0
154,0.0
154,0.0
154,0.0
155,0.0
155,0.0
155,0.0
155,2.0
155,2.0
155,9.0
155,0.0
155,0.0
155,0.0
155,12.0
155,0.0
156,0.0
156,0.0
156,0.0
156,2.0
156,2.0
156,9.0
156,0.0
156,12.0
156,0.0
156,0.0
157,0.0
157,0.0
157,0.0
157,2.0
157,2.0
157,0.0
157,0.0
157,9.0
158,0.0
158,0.0
158,0.0
158,2.0
158,2.0
158,0.0
158,2.0
158,0.0
158,9.0
159,0.0
159,0.0
159,2.0
159,0.0
159,2.0
159,0.0
159,0.0
159,9.0
160,0.0
160,0.0
160,2.0
160,0.0
160,2.0
160,0.0
160,0.0
161,0.0
161,0.0
161,0.0
161,2.0
161,2.0
161,0.0
162,0.0
162,0.0
162,2.0
162,0.0
162,2.0
162,0.0
163,0.0
163,2.0
163,0.0
163,2.0
163,0.0
163,0.0
163,0.0
163,0.0
164,0.0
164,0.0
164,0.0
164,2.0
164,2.0
164,0.0
164,0.0
164,0.0
165,0.0
165,0.0
165,0.0
165,2.0
165,0.0
165,0.0
165,0.0
166,0.0
166,0.0
166,0.0
166,2.0
166,0.0
166,0.0
166,2.0
166,0.0
166,0.0
167,0.0
167,0.0
167,0.0
167,2.0
167,0.0
167,0.0
167,0.0
167,0.0
167,0.0
168,0.0
168,0.0
168,0.0
168,0.0
168,2.0
168,0.0
168,0.0
168,0.0
169,0.0
169,0.0
169,0.0
169,0.0
169,2.0
169,0.0
169,0.0
169,0.0
169,7.0
169,0.0
170,0.0
170,0.0
170,0.0
170,0.0
170,2.0
170,0.0
170,0.0
170,0.0
170,2.0
170,0.0
171,0.0
171,0.0
171,0.0
171,0.0
171,2.0
171,0.0
171,0.0
171,0.0
171,0.0
171,0.0
171,7.0
172,0.0
172,0.0
172,0.0
172,2.0
172,0.0
172,0.0
172,0.0
172,0.0
172,0.0
172,2.0
172,0.0
173,0.0
173,2.0
173,0.0
173,0.0
173,0.0
173,0.0
173,0.0
173,2.0
173,0.0
173,0.0
174,0.0
174,0.0
174,0.0
174,2.0
174,0.0
174,0.0
174,0.0
174,0.0
174,0.0
174,0.0
175,0.0
175,2.0
175,0.0
175,0.0
175,0.0
175,0.0
175,0.0
175,7.0
176,0.0
176,2.0
176,0.0
176,7.0
176,0.0
176,0.0
177,0.0
177,2.0
177,0.0
177,0.0
177,2.0
177,0.0
178,0.0
178,2.0
178,0.0
178,0.0
178,7.0
179,0.0
179,0.0
179,2.0
179,0.0
179,7.0
180,0.0
180,0.0
180,2.0
180,0.0
180,7.0
180,0.0
180,9.0
181,0.0
181,0.0
181,7.0
181,0.0
181,2.0
182,0.0
182,0.0
182,0.0
182,2.0
182,2.0
182,9.0
182,0.0
182,7.0
182,0.0
183,0.0
183,0.0
183,0.0
183,0.0
183,2.0
183,9.0
184,0.0
184,0.0
184,2.0
184,0.0
184,0.0
184,0.0
184,9.0
185,0.0
185,0.0
185,0.0
185,2.0
185,0.0
185,2.0
185,9.0
185,0.0
185,0.0
186,0.0
186,0.0
186,2.0
186,0.0
186,0.0
186,2.0
186,9.0
186,0.0
187,0.0
187,0.0
187,0.0
187,0.0
187,2.0
187,0.0
187,9.0
187,0.0
187,2.0
188,0.0
188,0.0
188,0.0
188,0.0
188,0.0
188,2.0
188,9.0
188,0.0
189,0.0
189,0.0
189,0.0
189,0.0
189,0.0
189,2.0
189,9.0
190,0.0
190,0.0
190,0.0
190,2.0
190,9.0
190,0.0
190,0.0
191,0.0
191,0.0
191,0.0
191,9.0
191,2.0
191,0.0
192,0.0
192,0.0
192,0.0
192,2.0
192,9.0
192,0.0
193,0.0
193,0.0
193,2.0
193,0.0
193,9.0
194,0.0
194,0.0
194,0.0
194,9.0
194,0.0
194,7.0
194,2.0
195,0.0
195,0.0
195,0.0
195,9.0
195,0.0
195,2.0
195,2.0
196,0.0
196,0.0
196,0.0
196,9.0
196,2.0
196,2.0
197,0.0
197,0.0
197,0.0
197,2.0
197,0.0
197,9.0
197,2.0
198,0.0
198,0.0
198,9.0
198,2.0
198,0.0
198,2.0
198,0.0
198,0.0
198,0.0
199,0.0
199,0.0
199,9.0
199,2.0
199,2.0
199,0.0
199,0.0
200,0.0
200,0.0
200,0.0
200,2.0
200,9.0
200,2.0
200,0.0
200,0.0
201,0.0
201,0.0
201,2.0
201,0.0
201,0.0
201,9.0
201,2.0
201,0.0
201,0.0
202,0.0
202,0.0
202,2.0
202,0.0
202,0.0
202,9.0
202,2.0
203,0.0
203,0.0
203,2.0
203,9.0
203,0.0
203,0.0
203,2.0
203,0.0
204,0.0
204,0.0
204,9.0
204,2.0
204,2.0
204,0.0
204,0.0
204,2.0
204,0.0
204,0.0
205,0.0
205,0.0
205,0.0
205,9.0
205,0.0
205,2.0
205,2.0
205,0.0
205,2.0
205,0.0
206,0.0
206,0.0
206,2.0
206,0.0
206,9.0
206,0.0
206,0.0
206,2.0
206,0.0
206,2.0
207,0.0
207,2.0
207,0.0
207,0.0
207,0.0
207,0.0
207,2.0
207,9.0
207,2.0
207,0.0
207,0.0
208,0.0
208,2.0
208,0.0
208,0.0
208,0.0
208,2.0
208,9.0
208,2.0
209,0.0
209,2.0
209,0.0
209,0.0
209,0.0
209,2.0
209,0.0
209,0.0
209,9.0
210,2.0
210,0.0
210,0.0
210,0.0
210,0.0
210,2.0
210,0.0
211,2.0
211,0.0
211,0.0
211,0.0
211,0.0
211,2.0
211,0.0
211,9.0
212,0.0
212,2.0
212,0.0
212,0.0
212,0.0
212,0.0
213,0.0
213,2.0
213,0.0
213,0.0
213,0.0
213,0.0
214,0.0
214,0.0
214,2.0
214,0.0
214,0.0
214,0.0
214,0.0
214,0.0
215,0.0
215,0.0
215,0.0
215,2.0
215,0.0
215,0.0
215,0.0
216,0.0
216,0.0
216,2.0
216,0.0
216,0.0
216,0.0
216,0.0
217,0.0
217,0.0
217,2.0
217,0.0
217,0.0
217,0.0
217,0.0
218,0.0
218,0.0
218,0.0
218,2.0
218,0.0
218,0.0
218,0.0
219,0.0
219,0.0
219,2.0
219,0.0
219,0.0
220,0.0
220,2.0
220,0.0
220,0.0
220,0.0
221,0.0
221,0.0
221,2.0
221,2.0
221,0.0
221,0.0
222,0.0
222,0.0
222,2.0
222,2.0
222,0.0
223,0.0
223,0.0
223,2.0
223,2.0
223,0.0
224,0.0
224,0.0
224,2.0
224,2.0
225,0.0
225,0.0
225,2.0
225,0.0
225,2.0
226,0.0
226,0.0
226,2.0
226,0.0
226,2.0
227,0.0
227,0.0
228,0.0
228,0.0
229,0.0
229,0.0
230,0.0
230,0.0
230,0.0
230,0.0
231,0.0
231,0.0
232,0.0
232,0.0
232,0.0
233,0.0
233,0.0
234,0.0
234,0.0
235,0.0
235,0.0
235,0.0
236,0.0
236,0.0
236,0.0
237,0.0
237,0.0
237,0.0
238,0.0
238,0.0
238,0.0
238,0.0
239,0.0
239,0.0
239,0.0
239,2.0
240,0.0
240,0.0
240,2.0
241,0.0
241,2.0
241,0.0
241,0.0
242,0.0
242,0.0
242,2.0
243,0.0
243,2.0
243,0.0
243,0.0
244,0.0
244,2.0
244,0.0
244,0.0
245,0.0
245,0.0
245,0.0
245,2.0
246,2.0
246,0.0
246,0.0
246,0.0
247,2.0
247,0.0
247,0.0
247,0.0
248,0.0
248,2.0
248,0.0
248,0.0
249,2.0
249,0.0
249,0.0
249,0.0
249,0.0
249,0.0
250,2.0
250,0.0
250,0.0
250,0.0
250,0.0
250,0.0
250,0.0
251,2.0
251,0.0
251,0.0
251,0.0
251,0.0
251,0.0
252,2.0
252,0.0
252,0.0
252,0.0
252,0.0
253,2.0
253,0.0
253,0.0
253,0.0
254,2.0
254,0.0
254,0.0
254,0.0
254,0.0
255,0.0
255,0.0
255,2.0
257,0.0
258,0.0
258,0.0
259,0.0
259,0.0
259,2.0
260,0.0
260,0.0
260,2.0
260,5.0
260,0.0
262,0.0
262,0.0
262,0.0
262,0.0
263,0.0
263,0.0
264,0.0
265,0.0
265,0.0
265,0.0
266,0.0
266,0.0
266,0.0
266,0.0
267,0.0
267,0.0
267,0.0
268,0.0
269,0.0
269,0.0
269,0.0
269,0.0
269,0.0
270,0.0
270,0.0
270,0.0
270,0.0
270,0.0
271,0.0
271,0.0
271,0.0
271,0.0
271,0.0
272,0.0
272,0.0
272,0.0
272,5.0
272,0.0
272,0.0
273,0.0
273,0.0
273,0.0
273,7.0
274,0.0
274,0.0
274,7.0
274,0.0
275,0.0
275,7.0
275,0.0
275,0.0
276,0.0
276,0.0
276,0.0
276,0.0
276,2.0
277,0.0
277,0.0
277,0.0
278,0.0
278,0.0
278,0.0
278,7.0
279,14.0
279,0.0
279,0.0
280,0.0
282,0.0
285,0.0
285,0.0
286,0.0
286,0.0
286,0.0
287,0.0
287,0.0
287,0.0
287,0.0
287,0.0
288,0.0
288,0.0
288,0.0
288,0.0
288,0.0
289,0.0
289,0.0
289,0.0
289,0.0
289,0.0
290,0.0
290,0.0
290,0.0
290,0.0
291,0.0
291,0.0
291,0.0
291,0.0
292,0.0
292,0.0
292,0.0
292,0.0
292,0.0
293,0.0
293,0.0
293,0.0
293,0.0
293,0.0
294,0.0
294,0.0
294,0.0
294,0.0
295,0.0
295,0.0
295,0.0
295,0.0
296,0.0
296,0.0
296,0.0
296,0.0
296,0.0
297,0.0
297,0.0
297,0.0
297,0.0
297,0.0
298,0.0
298,0.0
298,0.0
298,0.0
298,0.0
298,0.0
298,0.0
299,0.0
299,0.0
299,0.0
299,0.0
300,0.0
300,0.0
300,0.0
300,0.0
301,0.0
301,0.0
301,0.0
301,0.0
301,0.0
302,0.0
302,0.0
302,0.0
302,0.0
303,0.0
303,0.0
303,0.0
303,0.0
304,0.0
304,0.0
304,0.0
304,0.0
305,0.0
305,0.0
305,0.0
306,0.0
306,0.0
306,0.0
307,0.0
307,0.0
308,0.0
308,0.0
308,0.0
308,0.0
308,0.0
309,0.0
309,0.0
309,0.0
310,0.0
310,0.0
310,0.0
311,0.0
311,0.0
311,0.0
311,0.0
311,0.0
312,0.0
312,0.0
312,0.0
312,0.0
312,0.0
313,0.0
313,0.0
313,0.0
313,0.0
313,0.0
314,0.0
314,0.0
314,0.0
314,0.0
314,0.0
315,0.0
315,0.0
315,0.0
315,0.0
315,0.0
315,0.0
316,0.0
316,0.0
316,0.0
316,0.0
316,0.0
317,0.0
317,0.0
317,0.0
317,0.0
317,0.0
318,0.0
318,0.0
318,0.0
318,0.0
318,0.0
318,0.0
319,0.0
319,0.0
319,0.0
319,0.0
319,0.0
319,0.0
319,0.0
320,0.0
320,0.0
320,0.0
320,0.0
321,0.0
321,0.0
321,0.0
321,0.0
321,0.0
321,0.0
321,0.0
322,0.0
322,0.0
322,0.0
322,0.0
322,0.0
322,0.0
323,0.0
323,0.0
323,0.0
323,0.0
323,0.0
324,0.0
324,0.0
324,0.0
324,0.0
324,0.0
324,0.0
325,0.0
325,0.0
325,0.0
325,0.0
325,0.0
325,0.0
325,0.0
326,0.0
326,0.0
326,0.0
326,0.0
326,0.0
326,0.0
326,0.0
327,0.0
327,0.0
327,0.0
327,0.0
328,0.0
328,0.0
328,0.0
328,0.0
329,0.0
329,0.0
329,0.0
329,0.0
329,0.0
329,0.0
330,0.0
330,0.0
330,0.0
330,0.0
330,0.0
330,0.0
331,0.0
331,0.0
331,0.0
331,0.0
332,0.0
332,0.0
332,0.0
332,0.0
333,0.0
333,0.0
333,0.0
333,0.0
333,0.0
333,0.0
334,0.0
334,0.0
334,0.0
334,0.0
334,0.0
334,0.0
334,0.0
334,0.0
335,0.0
335,0.0
335,0.0
335,0.0
335,0.0
336,0.0
336,0.0
336,0.0
336,2.0
336,0.0
336,0.0
336,0.0
337,0.0
337,0.0
337,0.0
337,0.0
337,2.0
337,0.0
338,0.0
338,0.0
338,0.0
338,2.0
338,0.0
339,0.0
339,2.0
339,0.0
339,0.0
340,0.0
340,0.0
340,0.0
340,2.0
340,0.0
340,0.0
341,0.0
341,0.0
341,0.0
341,0.0
341,0.0
341,2.0
342,0.0
342,0.0
342,0.0
342,2.0
342,0.0
342,0.0
343,0.0
343,0.0
343,0.0
343,2.0
343,0.0
344,0.0
344,0.0
344,0.0
344,0.0
344,2.0
344,0.0
344,0.0
345,0.0
345,0.0
345,0.0
345,2.0
345,0.0
345,0.0
345,0.0
346,0.0
346,0.0
346,0.0
346,0.0
346,0.0
346,2.0
346,0.0
346,0.0
347,0.0
347,0.0
347,0.0
347,0.0
347,0.0
347,0.0
347,0.0
347,2.0
347,0.0
