1,0.0
1,0.0
1,58.0
1,56.0
2,0.0
2,0.0
2,58.0
2,56.0
3,0.0
3,0.0
3,58.0
3,56.0
4,0.0
4,0.0
4,58.0
4,56.0
5,0.0
5,0.0
5,58.0
5,56.0
6,0.0
6,0.0
6,58.0
6,56.0
7,0.0
7,0.0
7,58.0
7,56.0
8,0.0
8,0.0
8,58.0
8,56.0
9,0.0
9,0.0
9,58.0
9,56.0
10,0.0
10,0.0
10,58.0
10,56.0
11,0.0
11,0.0
11,58.0
11,56.0
12,0.0
12,0.0
12,58.0
12,56.0
13,0.0
13,0.0
13,58.0
13,56.0
14,0.0
14,0.0
14,58.0
14,56.0
15,0.0
15,0.0
15,58.0
15,56.0
16,0.0
16,0.0
16,58.0
16,56.0
17,0.0
17,0.0
17,58.0
17,56.0
18,0.0
18,0.0
18,58.0
18,56.0
19,0.0
19,0.0
19,58.0
19,56.0
20,0.0
20,0.0
20,58.0
20,56.0
21,0.0
21,0.0
21,58.0
21,56.0
22,0.0
22,0.0
22,58.0
22,56.0
23,0.0
23,0.0
23,58.0
23,56.0
24,0.0
24,0.0
24,58.0
24,56.0
25,0.0
25,58.0
25,0.0
25,56.0
26,0.0
26,58.0
26,0.0
26,56.0
27,0.0
27,58.0
27,56.0
27,0.0
28,0.0
28,58.0
28,56.0
28,0.0
29,0.0
29,58.0
29,56.0
29,0.0
30,0.0
30,58.0
30,56.0
30,0.0
31,0.0
31,58.0
31,56.0
31,0.0
32,0.0
32,58.0
32,56.0
33,0.0
33,58.0
33,56.0
34,0.0
34,58.0
34,56.0
34,0.0
34,62.0
35,0.0
35,58.0
35,56.0
35,62.0
35,0.0
36,0.0
36,58.0
36,56.0
36,62.0
37,0.0
37,58.0
37,56.0
37,62.0
37,0.0
38,0.0
38,58.0
38,62.0
38,0.0
38,56.0
39,0.0
39,58.0
39,62.0
39,56.0
39,0.0
39,0.0
40,0.0
40,58.0
40,62.0
40,0.0
40,56.0
40,0.0
41,0.0
41,58.0
41,62.0
41,0.0
41,56.0
41,0.0
42,0.0
42,58.0
42,62.0
42,0.0
42,0.0
43,0.0
43,58.0
43,62.0
43,0.0
43,0.0
43,56.0
44,0.0
44,62.0
44,0.0
44,58.0
44,0.0
45,0.0
45,58.0
45,0.0
45,62.0
46,0.0
46,62.0
46,58.0
46,0.0
47,0.0
47,62.0
47,58.0
47,0.0
48,0.0
48,0.0
49,0.0
49,0.0
50,0.0
50,0.0
50,62.0
51,0.0
51,0.0
51,58.0
51,62.0
52,0.0
52,0.0
52,58.0
53,0.0
53,0.0
53,58.0
54,0.0
54,0.0
54,0.0
55,0.0
55,0.0
55,0.0
56,0.0
56,0.0
56,0.0
56,58.0
57,0.0
57,0.0
57,0.0
57,58.0
58,0.0
58,0.0
58,0.0
58,58.0
59,0.0
59,0.0
59,0.0
59,58.0
60,0.0
60,0.0
60,0.0
60,58.0
61,0.0
61,0.0
61,58.0
61,0.0
62,0.0
62,0.0
62,58.0
62,0.0
63,0.0
63,0.0
63,0.0
63,58.0
64,0.0
64,0.0
64,0.0
64,58.0
65,0.0
65,0.0
65,0.0
65,58.0
66,0.0
66,0.0
66,0.0
66,58.0
67,0.0
67,0.0
67,58.0
67,0.0
68,0.0
68,0.0
68,58.0
68,0.0
69,0.0
69,0.0
69,0.0
69,58.0
70,0.0
70,0.0
70,0.0
70,58.0
71,0.0
71,0.0
71,0.0
71,58.0
72,0.0
72,0.0
72,0.0
72,58.0
73,0.0
73,0.0
73,0.0
73,58.0
74,0.0
74,0.0
74,0.0
75,0.0
75,0.0
75,0.0
75,0.0
76,0.0
76,0.0
76,0.0
76,0.0
77,0.0
77,0.0
77,0.0
77,0.0
78,0.0
78,0.0
78,0.0
79,0.0
79,0.0
79,0.0
80,0.0
80,0.0
80,0.0
80,58.0
81,0.0
81,0.0
81,0.0
81,58.0
82,0.0
82,0.0
82,0.0
82,58.0
83,0.0
83,0.0
83,0.0
83,58.0
84,0.0
84,0.0
84,58.0
84,0.0
85,0.0
85,0.0
85,58.0
85,0.0
85,0.0
86,0.0
86,0.0
86,0.0
86,58.0
86,0.0
87,0.0
87,0.0
87,0.0
87,58.0
88,0.0
88,0.0
88,0.0
88,58.0
89,0.0
89,0.0
89,0.0
89,58.0
90,0.0
90,0.0
90,58.0
90,0.0
91,0.0
91,0.0
91,58.0
92,0.0
92,0.0
92,58.0
93,0.0
93,0.0
93,58.0
94,0.0
94,0.0
94,58.0
95,0.0
95,0.0
95,58.0
96,0.0
96,0.0
96,58.0
97,0.0
97,0.0
97,58.0
98,0.0
98,58.0
98,0.0
99,0.0
99,58.0
99,0.0
100,0.0
100,58.0
100,0.0
101,0.0
101,58.0
101,0.0
102,0.0
102,58.0
102,0.0
103,0.0
103,58.0
103,0.0
103,0.0
104,0.0
104,58.0
104,0.0
105,0.0
105,58.0
105,0.0
105,0.0
106,0.0
106,58.0
106,0.0
106,0.0
107,0.0
107,58.0
107,0.0
107,0.0
108,0.0
108,58.0
108,0.0
109,0.0
109,58.0
109,0.0
109,0.0
110,0.0
110,58.0
110,0.0
110,0.0
111,0.0
111,58.0
111,0.0
111,0.0
112,0.0
112,58.0
112,0.0
112,0.0
113,0.0
113,58.0
113,0.0
113,0.0
114,0.0
114,58.0
114,0.0
114,0.0
114,0.0
115,0.0
115,58.0
115,0.0
115,0.0
115,0.0
116,0.0
116,58.0
116,0.0
116,0.0
116,0.0
117,0.0
117,0.0
117,58.0
117,0.0
117,0.0
118,0.0
118,0.0
118,58.0
118,0.0
118,0.0
119,0.0
119,0.0
119,58.0
119,0.0
119,0.0
120,0.0
120,58.0
120,0.0
120,0.0
120,0.0
121,0.0
121,0.0
121,58.0
121,0.0
121,0.0
122,0.0
122,58.0
122,0.0
122,0.0
122,0.0
123,0.0
123,58.0
123,0.0
124,0.0
124,0.0
124,58.0
124,0.0
125,0.0
125,0.0
125,58.0
125,0.0
126,0.0
126,0.0
126,58.0
127,0.0
127,0.0
127,58.0
127,0.0
128,0.0
128,0.0
128,58.0
128,0.0
129,0.0
129,0.0
129,58.0
129,0.0
130,0.0
130,0.0
130,58.0
130,0.0
131,0.0
131,0.0
131,58.0
131,0.0
132,0.0
132,0.0
132,58.0
133,0.0
133,0.0
133,58.0
134,0.0
134,0.0
134,58.0
135,0.0
135,0.0
135,58.0
136,0.0
136,0.0
136,58.0
137,0.0
137,0.0
137,58.0
138,0.0
138,0.0
138,58.0
139,0.0
139,0.0
139,58.0
140,0.0
140,0.0
140,58.0
141,0.0
141,0.0
141,58.0
142,0.0
142,0.0
142,58.0
143,0.0
143,0.0
143,58.0
144,0.0
144,0.0
144,58.0
145,0.0
145,0.0
145,58.0
146,0.0
146,0.0
146,58.0
147,0.0
147,0.0
147,58.0
148,0.0
148,0.0
148,58.0
148,0.0
149,0.0
149,0.0
149,58.0
149,0.0
150,0.0
150,0.0
150,58.0
150,0.0
151,0.0
151,0.0
151,58.0
151,0.0
152,0.0
152,0.0
152,58.0
152,0.0
153,0.0
153,0.0
153,58.0
153,0.0
154,0.0
154,0.0
154,58.0
154,0.0
155,0.0
155,0.0
155,58.0
155,0.0
156,0.0
156,0.0
156,58.0
156,0.0
157,0.0
157,0.0
157,58.0
157,0.0
158,0.0
158,0.0
158,58.0
158,0.0
159,0.0
159,0.0
159,58.0
159,0.0
160,0.0
160,0.0
160,58.0
160,0.0
161,0.0
161,0.0
161,58.0
161,0.0
162,0.0
162,0.0
162,58.0
162,0.0
163,0.0
163,0.0
163,58.0
164,0.0
164,0.0
164,58.0
165,0.0
165,0.0
165,58.0
166,0.0
166,0.0
166,58.0
167,0.0
167,0.0
167,58.0
168,0.0
168,0.0
168,58.0
168,0.0
169,0.0
169,0.0
169,58.0
170,0.0
170,0.0
170,58.0
170,0.0
171,0.0
171,0.0
171,58.0
172,0.0
172,0.0
172,58.0
173,0.0
173,0.0
173,58.0
174,0.0
174,0.0
174,58.0
175,0.0
175,0.0
175,58.0
176,0.0
176,0.0
176,58.0
177,0.0
177,0.0
177,58.0
178,0.0
178,0.0
178,58.0
179,0.0
179,0.0
179,58.0
180,0.0
180,0.0
180,58.0
181,0.0
181,0.0
181,58.0
182,0.0
182,0.0
182,58.0
182,0.0
183,0.0
183,0.0
183,58.0
184,0.0
184,0.0
184,58.0
185,0.0
185,0.0
185,58.0
186,0.0
186,0.0
186,58.0
187,0.0
187,0.0
187,58.0
188,0.0
188,0.0
188,58.0
189,0.0
189,0.0
189,58.0
190,0.0
190,0.0
190,58.0
191,0.0
191,0.0
191,58.0
192,0.0
192,0.0
192,58.0
193,0.0
193,0.0
193,58.0
194,0.0
194,0.0
194,58.0
195,0.0
195,0.0
195,58.0
196,0.0
196,0.0
196,58.0
197,0.0
197,0.0
197,58.0
198,0.0
198,0.0
198,58.0
199,0.0
199,0.0
199,58.0
200,0.0
200,0.0
200,58.0
200,0.0
201,0.0
201,0.0
201,58.0
201,0.0
202,0.0
202,0.0
202,58.0
202,0.0
203,0.0
203,0.0
203,58.0
203,0.0
204,0.0
204,0.0
204,58.0
204,0.0
205,0.0
205,0.0
205,58.0
205,0.0
206,0.0
206,0.0
206,0.0
206,58.0
207,0.0
207,0.0
207,0.0
207,58.0
208,0.0
208,0.0
208,0.0
208,58.0
209,0.0
209,0.0
209,0.0
209,58.0
210,0.0
210,0.0
210,0.0
210,58.0
211,0.0
211,0.0
211,0.0
211,58.0
212,0.0
212,0.0
212,0.0
212,58.0
213,0.0
213,0.0
213,0.0
213,58.0
214,0.0
214,0.0
214,58.0
214,0.0
215,0.0
215,0.0
215,58.0
215,0.0
216,0.0
216,0.0
216,58.0
216,0.0
217,0.0
217,58.0
217,0.0
218,0.0
218,58.0
218,0.0
219,0.0
219,58.0
219,0.0
220,0.0
220,58.0
220,0.0
221,0.0
221,58.0
221,0.0
222,0.0
222,58.0
222,0.0
223,0.0
223,58.0
223,0.0
224,0.0
224,58.0
224,0.0
225,0.0
225,58.0
225,0.0
226,0.0
226,58.0
226,0.0
227,0.0
227,58.0
227,0.0
228,0.0
228,58.0
228,0.0
229,0.0
229,58.0
229,0.0
230,0.0
230,58.0
230,0.0
231,0.0
231,58.0
231,0.0
232,0.0
232,58.0
232,0.0
233,0.0
233,58.0
233,0.0
234,0.0
234,58.0
234,0.0
235,0.0
235,58.0
235,0.0
236,0.0
236,58.0
236,0.0
237,0.0
237,58.0
237,0.0
238,0.0
238,58.0
238,0.0
239,0.0
239,58.0
239,0.0
240,0.0
240,58.0
240,0.0
241,0.0
241,58.0
241,0.0
242,0.0
242,58.0
242,0.0
243,0.0
243,58.0
243,0.0
244,0.0
244,58.0
244,0.0
245,0.0
245,58.0
245,0.0
246,0.0
246,58.0
246,0.0
247,0.0
247,0.0
247,58.0
248,0.0
248,0.0
248,58.0
249,0.0
249,0.0
249,58.0
250,0.0
250,0.0
250,58.0
251,0.0
251,0.0
251,58.0
252,0.0
252,0.0
252,58.0
253,0.0
253,58.0
253,0.0
254,0.0
254,58.0
254,0.0
255,0.0
255,58.0
255,0.0
256,0.0
256,58.0
256,0.0
257,0.0
257,58.0
257,0.0
258,0.0
258,58.0
258,0.0
259,0.0
259,58.0
259,0.0
260,0.0
260,58.0
260,0.0
261,0.0
261,58.0
261,0.0
262,0.0
262,58.0
262,0.0
263,0.0
263,58.0
263,0.0
264,0.0
264,58.0
264,0.0
265,0.0
265,58.0
265,0.0
266,0.0
266,58.0
266,0.0
267,0.0
267,58.0
267,0.0
268,0.0
268,0.0
268,58.0
269,0.0
269,0.0
269,58.0
270,0.0
270,0.0
270,58.0
271,0.0
271,0.0
271,58.0
272,0.0
272,0.0
272,58.0
273,0.0
273,0.0
273,58.0
274,0.0
274,58.0
274,0.0
275,0.0
275,58.0
275,0.0
276,0.0
276,0.0
276,58.0
277,0.0
277,0.0
277,58.0
278,0.0
278,0.0
278,58.0
279,0.0
279,0.0
279,58.0
280,0.0
280,0.0
280,58.0
281,0.0
281,0.0
281,58.0
282,0.0
282,0.0
282,58.0
283,0.0
283,0.0
283,58.0
284,0.0
284,0.0
284,58.0
285,0.0
285,0.0
285,58.0
286,0.0
286,0.0
286,58.0
287,0.0
287,0.0
287,58.0
288,0.0
288,0.0
288,58.0
289,0.0
289,0.0
289,58.0
290,0.0
290,0.0
290,58.0
291,0.0
291,0.0
291,58.0
292,0.0
292,0.0
292,58.0
293,0.0
293,0.0
293,58.0
294,0.0
294,0.0
294,58.0
295,0.0
295,0.0
295,58.0
296,0.0
296,0.0
296,58.0
297,0.0
297,0.0
297,58.0
298,0.0
298,0.0
298,58.0
299,0.0
299,0.0
299,58.0
300,0.0
300,0.0
300,58.0
301,0.0
301,0.0
301,58.0
302,0.0
302,0.0
302,58.0
303,0.0
303,0.0
303,58.0
304,0.0
304,0.0
304,58.0
305,0.0
305,0.0
305,58.0
306,0.0
306,0.0
306,58.0
307,0.0
307,0.0
307,58.0
308,0.0
308,0.0
308,58.0
309,0.0
309,0.0
309,58.0
310,0.0
310,0.0
310,58.0
311,0.0
311,0.0
311,58.0
312,0.0
312,0.0
312,58.0
313,0.0
313,0.0
313,58.0
314,0.0
314,0.0
314,58.0
315,0.0
315,0.0
315,58.0
316,0.0
316,0.0
316,58.0
317,0.0
317,0.0
317,58.0
318,0.0
318,0.0
318,58.0
319,0.0
319,0.0
319,58.0
320,0.0
320,0.0
320,58.0
321,0.0
321,0.0
321,58.0
322,0.0
322,0.0
322,58.0
323,0.0
323,0.0
323,58.0
324,0.0
324,0.0
324,58.0
325,0.0
325,0.0
325,58.0
326,0.0
326,0.0
326,58.0
327,0.0
327,0.0
327,58.0
328,0.0
328,0.0
328,58.0
329,0.0
329,0.0
329,58.0
330,0.0
330,0.0
330,58.0
331,0.0
331,0.0
331,58.0
332,0.0
332,0.0
332,58.0
333,0.0
333,0.0
333,58.0
334,0.0
334,0.0
334,58.0
335,0.0
335,0.0
335,58.0
336,0.0
336,58.0
336,0.0
337,0.0
337,58.0
337,0.0
338,0.0
338,58.0
338,0.0
339,0.0
339,58.0
339,0.0
340,0.0
340,58.0
340,0.0
341,0.0
341,58.0
341,0.0
342,0.0
342,58.0
343,0.0
343,58.0
344,0.0
344,58.0
345,0.0
345,58.0
346,0.0
346,58.0
346,0.0
347,0.0
347,58.0
347,0.0
348,0.0
348,58.0
348,0.0
349,0.0
349,58.0
349,0.0
350,0.0
350,58.0
350,0.0
351,0.0
351,58.0
351,0.0
352,0.0
352,58.0
352,0.0
353,0.0
353,58.0
353,0.0
354,0.0
354,58.0
354,0.0
355,0.0
355,58.0
355,0.0
356,0.0
356,58.0
356,0.0
357,0.0
357,58.0
358,0.0
358,58.0
359,0.0
359,58.0
360,0.0
360,58.0
361,0.0
361,58.0
361,0.0
362,0.0
362,58.0
363,0.0
363,58.0
364,0.0
364,58.0
364,0.0
365,0.0
365,58.0
365,0.0
366,0.0
366,58.0
367,0.0
367,58.0
368,0.0
368,58.0
368,0.0
369,0.0
369,58.0
369,0.0
370,0.0
370,58.0
370,0.0
371,0.0
371,58.0
371,0.0
372,0.0
372,58.0
372,0.0
373,0.0
373,58.0
373,0.0
374,0.0
374,58.0
374,0.0
375,0.0
375,58.0
375,0.0
376,0.0
376,58.0
376,0.0
377,0.0
377,58.0
377,0.0
378,0.0
378,58.0
378,0.0
379,0.0
379,58.0
379,0.0
380,0.0
380,58.0
380,0.0
381,0.0
381,58.0
381,0.0
382,0.0
382,58.0
382,0.0
383,0.0
383,58.0
383,0.0
384,0.0
384,58.0
384,0.0
385,0.0
385,58.0
385,0.0
386,0.0
386,58.0
386,0.0
387,0.0
387,58.0
387,0.0
388,0.0
388,58.0
388,0.0
389,0.0
389,58.0
389,0.0
390,0.0
390,58.0
390,0.0
391,0.0
391,58.0
391,0.0
392,0.0
392,58.0
392,0.0
393,0.0
393,58.0
393,0.0
394,0.0
394,58.0
394,0.0
395,0.0
395,58.0
395,0.0
396,0.0
396,58.0
396,0.0
397,0.0
397,58.0
397,0.0
398,0.0
398,58.0
398,0.0
399,0.0
399,58.0
399,0.0
400,0.0
400,58.0
400,0.0
401,0.0
401,58.0
401,0.0
402,0.0
402,58.0
402,0.0
403,0.0
403,58.0
403,0.0
404,0.0
404,58.0
404,0.0
405,0.0
405,58.0
405,0.0
406,0.0
406,58.0
406,0.0
407,0.0
407,58.0
407,0.0
408,0.0
408,58.0
408,0.0
409,0.0
409,58.0
409,0.0
410,0.0
410,58.0
410,0.0
411,0.0
411,58.0
411,0.0
412,0.0
412,58.0
412,0.0
413,0.0
413,58.0
413,0.0
414,0.0
414,58.0
414,0.0
415,0.0
415,58.0
415,0.0
416,0.0
416,58.0
416,0.0
417,0.0
417,58.0
417,0.0
418,0.0
418,58.0
418,0.0
419,0.0
419,58.0
419,0.0
420,0.0
420,58.0
420,0.0
421,0.0
421,58.0
421,0.0
422,0.0
422,58.0
422,0.0
423,0.0
423,58.0
423,0.0
424,0.0
424,58.0
424,0.0
425,0.0
425,58.0
425,0.0
426,0.0
426,58.0
426,0.0
427,0.0
427,58.0
427,0.0
428,0.0
428,58.0
428,0.0
429,0.0
429,58.0
429,0.0
430,0.0
430,58.0
430,0.0
431,0.0
431,58.0
431,0.0
432,0.0
432,58.0
432,0.0
433,0.0
433,58.0
433,0.0
434,0.0
434,58.0
434,0.0
435,0.0
435,58.0
435,0.0
436,0.0
436,58.0
436,0.0
437,0.0
437,58.0
437,0.0
438,0.0
438,58.0
438,0.0
439,0.0
439,58.0
439,0.0
440,0.0
440,58.0
440,0.0
441,0.0
441,58.0
441,0.0
441,0.0
442,0.0
442,58.0
442,0.0
442,0.0
443,0.0
443,58.0
443,0.0
443,0.0
444,0.0
444,58.0
444,0.0
445,0.0
445,58.0
445,0.0
446,0.0
446,58.0
446,0.0
447,0.0
447,58.0
447,0.0
448,0.0
448,58.0
448,0.0
449,0.0
449,58.0
449,0.0
450,0.0
450,58.0
450,0.0
451,0.0
451,58.0
451,0.0
452,0.0
452,58.0
452,0.0
453,0.0
453,58.0
453,0.0
454,0.0
454,58.0
454,0.0
455,0.0
455,58.0
455,0.0
456,0.0
456,58.0
456,0.0
457,0.0
457,58.0
457,0.0
458,0.0
458,58.0
458,0.0
459,0.0
459,58.0
459,0.0
460,0.0
460,58.0
460,0.0
461,0.0
461,58.0
461,0.0
462,0.0
462,58.0
462,0.0
463,0.0
463,58.0
463,0.0
464,0.0
464,58.0
464,0.0
465,0.0
465,58.0
465,0.0
466,0.0
466,58.0
466,0.0
467,0.0
467,58.0
467,0.0
468,0.0
468,58.0
468,0.0
469,0.0
469,58.0
469,0.0
469,0.0
470,0.0
470,58.0
470,0.0
470,0.0
471,0.0
471,58.0
471,0.0
472,0.0
472,58.0
472,0.0
472,0.0
473,0.0
473,58.0
473,0.0
473,0.0
474,0.0
474,58.0
474,0.0
474,0.0
475,0.0
475,58.0
475,0.0
475,0.0
476,0.0
476,58.0
476,0.0
476,0.0
477,0.0
477,58.0
477,0.0
477,0.0
478,0.0
478,58.0
478,0.0
479,0.0
479,58.0
479,0.0
480,0.0
480,58.0
480,0.0
481,0.0
481,58.0
481,0.0
481,0.0
482,0.0
482,58.0
482,0.0
483,0.0
483,58.0
483,0.0
484,0.0
484,58.0
484,0.0
485,0.0
485,58.0
485,0.0
486,0.0
486,58.0
486,0.0
487,0.0
487,58.0
487,0.0
487,0.0
488,0.0
488,58.0
488,0.0
488,0.0
489,0.0
489,58.0
489,0.0
489,0.0
490,0.0
490,58.0
490,0.0
490,0.0
491,0.0
491,58.0
491,0.0
491,0.0
492,0.0
492,58.0
492,0.0
492,0.0
493,0.0
493,58.0
493,0.0
494,0.0
494,58.0
494,0.0
495,0.0
495,58.0
495,0.0
496,0.0
496,58.0
496,0.0
497,0.0
497,58.0
497,0.0
498,0.0
498,58.0
498,0.0
499,0.0
499,58.0
499,0.0
500,0.0
500,58.0
500,0.0
500,0.0
501,0.0
501,58.0
501,0.0
502,0.0
502,58.0
502,0.0
502,0.0
503,0.0
503,58.0
503,0.0
503,0.0
504,0.0
504,58.0
504,0.0
504,0.0
505,0.0
505,58.0
505,0.0
506,0.0
506,58.0
506,0.0
506,0.0
507,0.0
507,58.0
507,0.0
508,0.0
508,58.0
508,0.0
509,0.0
509,58.0
509,0.0
510,0.0
510,58.0
510,0.0
511,0.0
511,58.0
511,0.0
512,0.0
512,58.0
512,0.0
513,0.0
513,58.0
513,0.0
514,0.0
514,58.0
514,0.0
515,0.0
515,58.0
515,0.0
516,0.0
516,58.0
516,0.0
517,0.0
517,58.0
517,0.0
518,0.0
518,58.0
518,0.0
519,0.0
519,58.0
519,0.0
520,0.0
520,58.0
520,0.0
521,0.0
521,0.0
521,58.0
522,0.0
522,0.0
522,58.0
523,0.0
523,0.0
523,58.0
523,0.0
524,0.0
524,0.0
524,58.0
524,0.0
525,0.0
525,0.0
525,58.0
525,0.0
526,0.0
526,0.0
526,58.0
526,0.0
527,0.0
527,0.0
527,58.0
527,0.0
528,0.0
528,58.0
528,0.0
528,0.0
529,0.0
529,58.0
529,0.0
530,0.0
530,58.0
531,0.0
531,58.0
532,0.0
532,58.0
532,0.0
533,0.0
533,58.0
533,0.0
534,0.0
534,58.0
534,0.0
535,0.0
535,58.0
535,0.0
536,0.0
536,58.0
536,0.0
537,0.0
537,58.0
538,0.0
538,58.0
539,0.0
539,58.0
540,0.0
540,58.0
541,0.0
541,58.0
541,0.0
542,0.0
542,58.0
542,0.0
543,0.0
543,58.0
543,0.0
544,0.0
544,58.0
544,0.0
545,0.0
545,58.0
545,0.0
546,0.0
546,58.0
546,0.0
547,0.0
547,58.0
547,0.0
548,0.0
548,58.0
548,0.0
549,0.0
549,58.0
549,0.0
550,0.0
550,58.0
550,0.0
551,0.0
551,58.0
551,0.0
552,0.0
552,58.0
552,0.0
553,0.0
553,58.0
553,0.0
554,0.0
554,58.0
554,0.0
555,0.0
555,58.0
556,0.0
556,58.0
556,0.0
557,0.0
557,58.0
557,0.0
558,0.0
558,58.0
558,0.0
559,0.0
559,58.0
560,0.0
560,58.0
561,0.0
561,58.0
562,0.0
562,58.0
563,0.0
563,58.0
564,0.0
564,58.0
565,0.0
565,58.0
565,0.0
566,0.0
566,58.0
566,0.0
567,0.0
567,58.0
567,0.0
568,0.0
568,58.0
568,0.0
569,0.0
569,58.0
569,0.0
570,0.0
570,58.0
570,0.0
571,0.0
571,58.0
571,0.0
572,0.0
572,58.0
572,0.0
573,0.0
573,58.0
573,0.0
574,0.0
574,58.0
574,0.0
575,0.0
575,58.0
575,0.0
576,0.0
576,58.0
576,0.0
577,0.0
577,58.0
577,0.0
578,0.0
578,58.0
578,0.0
579,0.0
579,58.0
579,0.0
580,0.0
580,58.0
580,0.0
581,0.0
581,58.0
581,0.0
582,0.0
582,58.0
582,0.0
583,0.0
583,58.0
583,0.0
584,0.0
584,58.0
584,0.0
585,0.0
585,58.0
585,0.0
586,0.0
586,58.0
586,0.0
587,0.0
587,58.0
587,0.0
588,0.0
588,58.0
588,0.0
589,0.0
589,58.0
589,0.0
590,0.0
590,58.0
591,0.0
591,58.0
592,0.0
592,58.0
593,0.0
593,58.0
594,0.0
594,58.0
595,0.0
595,0.0
595,58.0
596,0.0
596,0.0
596,58.0
597,0.0
597,0.0
598,0.0
598,0.0
599,0.0
599,0.0
600,0.0
600,0.0
601,0.0
601,0.0
602,0.0
602,0.0
