186,0.0
187,0.0
190,0.0
191,0.0
192,0.0
193,0.0
194,0.0
195,0.0
196,0.0
197,0.0
198,0.0
266,0.0
267,0.0
312,0.0
342,62.0
357,0.0
363,62.0
370,62.0
371,62.0
372,62.0
373,62.0
374,62.0
376,62.0
377,62.0
378,62.0
379,62.0
384,62.0
385,62.0
386,62.0
387,62.0
388,62.0
389,62.0
421,62.0
422,62.0
423,62.0
424,62.0
425,62.0
426,62.0
427,62.0
428,62.0
429,62.0
430,62.0
431,62.0
432,62.0
433,62.0
434,62.0
435,62.0
436,62.0
437,62.0
438,62.0
439,62.0
440,62.0
441,62.0
442,62.0
443,62.0
444,62.0
445,62.0
446,62.0
447,62.0
448,62.0
449,62.0
450,62.0
478,39.0
479,39.0
480,39.0
481,39.0
482,39.0
483,39.0
484,39.0
485,39.0
486,39.0
487,39.0
488,39.0
489,39.0
490,39.0
491,39.0
492,39.0
690,0.0
691,0.0
810,0.0
816,0.0
817,0.0
818,0.0
823,0.0
825,0.0
829,0.0
830,0.0
831,0.0
848,0.0
850,0.0
851,0.0
852,0.0
853,0.0
854,0.0
855,0.0
856,0.0
857,0.0
858,0.0
859,0.0
860,0.0
861,0.0
862,0.0
863,0.0
864,0.0
865,0.0
866,0.0
867,0.0
868,0.0
869,0.0
969,0.0
970,0.0
971,0.0
972,0.0
976,0.0
977,0.0
978,0.0
979,0.0
982,0.0
1012,0.0
1013,0.0
1014,0.0
1015,0.0
1016,0.0
1017,0.0
1021,0.0
1022,0.0
1023,0.0
1024,0.0
1025,0.0
1026,0.0
1027,0.0
1028,0.0
1029,0.0
1030,0.0
1031,0.0
1032,0.0
1032,0.0
1033,0.0
1033,0.0
1034,0.0
1034,0.0
1035,0.0
1036,0.0
1037,0.0
1038,0.0
1039,0.0
1040,0.0
1041,0.0
1042,0.0
1045,0.0
1106,0.0
1107,0.0
1108,0.0
1109,0.0
1111,0.0
1125,0.0
1126,0.0
1127,0.0
1128,0.0
1129,0.0
1131,0.0
1132,0.0
1133,0.0
1135,0.0
1136,0.0
1137,0.0
1152,0.0
1153,0.0
1154,0.0
1155,0.0
1156,0.0
1157,0.0
1158,0.0
1159,0.0
1160,0.0
1167,0.0
1168,0.0
1169,0.0
1170,0.0
1171,0.0
1172,0.0
1173,0.0
1174,0.0
1175,0.0
1176,0.0
1177,0.0
1178,0.0
1179,0.0
1180,0.0
1181,0.0
1182,0.0
1183,0.0
1184,0.0
1185,0.0
1186,0.0
1187,0.0
1188,0.0
1219,0.0
1220,0.0
1221,0.0
1221,0.0
1222,0.0
1223,0.0
1223,0.0
1224,0.0
1226,0.0
1227,0.0
1228,0.0
1229,0.0
1230,0.0
1231,0.0
1232,0.0
1236,0.0
1237,0.0
1238,0.0
1240,0.0
1240,0.0
1241,0.0
1241,0.0
1242,0.0
1243,0.0
1244,0.0
1244,0.0
1245,0.0
1245,0.0
1246,0.0
1246,0.0
1247,0.0
1247,0.0
1248,0.0
1299,0.0
1300,0.0
1301,0.0
1302,0.0
1303,0.0
1304,0.0
1305,0.0
1306,0.0
1307,0.0
1312,0.0
1313,0.0
1315,0.0
1316,0.0
1316,0.0
1317,0.0
1317,0.0
1318,0.0
1319,0.0
1345,0.0
1372,0.0
1373,0.0
1374,0.0
1375,0.0
1376,0.0
1377,0.0
1378,0.0
1379,0.0
1380,0.0
1381,0.0
1383,0.0
1384,0.0
1385,0.0
1386,0.0
1387,0.0
1389,0.0
1390,0.0
1391,0.0
1392,0.0
1392,0.0
1393,0.0
1393,0.0
1394,0.0
1394,0.0
1395,0.0
1395,0.0
1396,0.0
1396,0.0
1397,0.0
1397,0.0
1398,0.0
1398,0.0
1399,0.0
1399,0.0
1400,0.0
1400,0.0
1401,0.0
1401,0.0
1402,0.0
1402,0.0
1403,0.0
1403,0.0
1404,0.0
1404,0.0
1405,0.0
1406,0.0
1407,0.0
1423,0.0
1423,0.0
1424,0.0
1429,0.0
1430,0.0
1431,0.0
1432,0.0
1433,0.0
1436,0.0
1437,0.0
1442,0.0
1448,0.0
1465,0.0
1466,0.0
1467,0.0
1468,0.0
1469,0.0
1469,0.0
1470,0.0
1471,0.0
1472,0.0
1567,0.0
1568,0.0
1572,0.0
1572,0.0
1573,0.0
1573,0.0
1574,0.0
1575,0.0
1575,0.0
1576,0.0
1576,0.0
1577,0.0
1577,0.0
1578,0.0
1578,0.0
1579,0.0
1580,0.0
1580,0.0
1581,0.0
1582,0.0
1583,0.0
1584,0.0
1585,0.0
1585,0.0
1586,0.0
1586,0.0
1587,0.0
1588,0.0
1588,0.0
1588,0.0
1589,0.0
1589,0.0
1589,0.0
1590,0.0
1590,0.0
1590,0.0
1591,0.0
1592,0.0
1593,0.0
1594,0.0
1595,0.0
1595,0.0
1596,0.0
1596,0.0
1596,0.0
1597,0.0
1597,0.0
1597,0.0
1598,0.0
1598,0.0
1598,0.0
1599,0.0
1599,0.0
1599,0.0
1600,0.0
1600,0.0
1600,0.0
1601,0.0
1601,0.0
1601,0.0
1602,0.0
1602,0.0
1603,0.0
1603,0.0
1604,0.0
1604,0.0
1605,0.0
1605,0.0
1606,0.0
1606,0.0
1607,0.0
1607,0.0
1608,0.0
1608,0.0
1609,0.0
1609,0.0
1610,0.0
1610,0.0
1611,0.0
1612,0.0
1612,0.0
1613,0.0
1613,0.0
1614,0.0
1614,0.0
1615,0.0
1615,0.0
1617,0.0
1621,0.0
1622,0.0
1623,0.0
1624,0.0
1625,0.0
1626,0.0
1627,0.0
1628,0.0
1629,0.0
1630,0.0
1631,0.0
1632,0.0
1632,0.0
1632,0.0
1633,0.0
1633,0.0
1633,0.0
1634,0.0
1634,0.0
1635,0.0
1636,0.0
1638,0.0
1638,0.0
1639,0.0
1640,0.0
1641,0.0
1642,16.0
1643,16.0
1644,0.0
1645,0.0
1646,0.0
1647,0.0
1648,0.0
1648,0.0
1649,0.0
1649,0.0
1650,0.0
1651,0.0
1652,0.0
1687,0.0
1688,0.0
1725,0.0
1725,0.0
1726,0.0
1727,0.0
1728,0.0
1729,0.0
1730,0.0
1731,0.0
1732,0.0
1733,0.0
1734,0.0
1735,0.0
1736,0.0
1737,0.0
1742,0.0
1743,0.0
1744,0.0
1745,0.0
1746,0.0
1747,0.0
1748,0.0
1748,62.0
1749,0.0
1750,62.0
1751,62.0
1752,62.0
1753,62.0
1753,0.0
1753,0.0
1754,62.0
1754,0.0
1754,0.0
1755,0.0
1755,62.0
1755,0.0
1756,0.0
1756,62.0
1757,0.0
1757,62.0
1758,0.0
1758,62.0
1759,62.0
1759,0.0
1760,0.0
1761,0.0
1762,0.0
1763,0.0
1764,62.0
1764,0.0
1765,0.0
1765,62.0
1766,62.0
1771,62.0
1772,62.0
1773,62.0
1774,62.0
1775,62.0
1776,62.0
1777,62.0
1778,62.0
1779,62.0
1782,62.0
1800,0.0
1801,0.0
1802,0.0
1803,0.0
1804,0.0
1805,0.0
1806,0.0
1807,0.0
1808,0.0
1809,0.0
1810,0.0
1811,0.0
1812,0.0
1813,0.0
1814,0.0
1815,0.0
1816,0.0
1817,0.0
1818,0.0
1818,62.0
1819,0.0
1820,0.0
1821,0.0
1821,62.0
1822,0.0
1822,62.0
1823,0.0
1823,62.0
1824,0.0
1824,62.0
1837,62.0
1837,62.0
1838,62.0
1838,62.0
1839,62.0
1839,62.0
1840,62.0
1840,62.0
1841,62.0
1841,62.0
1842,62.0
1842,62.0
1843,62.0
1844,62.0
1844,62.0
1845,62.0
1845,62.0
1846,62.0
1846,62.0
1847,62.0
1847,62.0
1848,62.0
1848,62.0
1849,62.0
1849,62.0
1850,62.0
1850,62.0
1851,62.0
1851,62.0
1852,62.0
1853,62.0
1854,62.0
1854,62.0
1855,62.0
1855,62.0
1856,62.0
1856,62.0
1857,62.0
1898,28.0
1900,0.0
1900,0.0
1901,0.0
1901,0.0
1902,0.0
1903,0.0
1903,62.0
1904,0.0
1905,0.0
1918,0.0
1919,0.0
1944,62.0
1945,62.0
1951,62.0
1953,62.0
1954,62.0
1955,62.0
1956,62.0
1957,62.0
1958,62.0
1959,62.0
1960,62.0
1961,62.0
1962,62.0
1963,62.0
1964,62.0
1965,62.0
1966,62.0
1967,62.0
1968,62.0
1968,62.0
1969,62.0
1969,62.0
1970,62.0
1970,62.0
1971,62.0
1971,62.0
1972,62.0
1972,62.0
1973,62.0
1973,62.0
1974,62.0
1974,62.0
1975,62.0
1975,62.0
1976,62.0
1976,62.0
1977,62.0
1977,62.0
1978,62.0
1978,62.0
1979,62.0
1979,62.0
1980,62.0
1980,62.0
1981,62.0
1982,62.0
1983,62.0
1984,62.0
1985,62.0
1986,62.0
1987,62.0
1988,62.0
1989,62.0
1990,62.0
1991,62.0
1992,62.0
1993,62.0
1993,62.0
1994,62.0
1994,62.0
1995,62.0
1995,62.0
1996,62.0
1996,62.0
1997,62.0
1997,62.0
1998,62.0
1999,62.0
2000,62.0
2001,62.0
2002,62.0
2003,62.0
2004,62.0
2005,62.0
2006,62.0
2007,62.0
2008,62.0
2009,62.0
2010,62.0
2011,62.0
2011,62.0
2012,62.0
2013,62.0
2014,62.0
2015,62.0
2016,62.0
2017,62.0
2018,62.0
2018,62.0
2019,62.0
2020,62.0
2021,62.0
2022,62.0
2023,62.0
2024,62.0
2025,62.0
2026,62.0
2027,62.0
2028,62.0
2029,62.0
2030,62.0
2031,62.0
2032,62.0
2033,62.0
2034,62.0
2035,62.0
2035,0.0
2036,62.0
2037,62.0
2038,62.0
2039,62.0
2040,62.0
2041,62.0
2042,62.0
2043,62.0
2044,62.0
2045,62.0
2046,62.0
2047,62.0
2048,62.0
2049,62.0
2050,62.0
2051,62.0
2052,62.0
2053,62.0
2054,62.0
2055,62.0
2056,62.0
2057,62.0
2058,62.0
2059,62.0
2060,62.0
2061,62.0
2062,62.0
2063,62.0
2064,62.0
2065,62.0
2066,62.0
2067,62.0
2068,62.0
2069,62.0
2070,62.0
2071,62.0
2072,62.0
2073,62.0
2074,62.0
2075,62.0
2076,62.0
2077,62.0
2078,62.0
2079,62.0
2080,62.0
2081,62.0
2082,62.0
2083,62.0
2084,62.0
2085,62.0
2086,62.0
2087,62.0
2088,62.0
2088,62.0
2089,62.0
2090,62.0
2091,62.0
2092,62.0
2092,62.0
2093,62.0
2094,62.0
2095,62.0
2096,62.0
2097,62.0
2098,62.0
2099,62.0
2100,62.0
2101,62.0
2102,62.0
2103,62.0
2104,62.0
2105,62.0
2106,62.0
2107,62.0
2108,62.0
2109,62.0
2110,62.0
2111,62.0
2114,67.0
2115,0.0
2133,62.0
2146,0.0
2147,0.0
2166,62.0
2166,62.0
2167,62.0
2168,62.0
2168,0.0
2169,62.0
2169,0.0
2170,62.0
2170,62.0
2171,62.0
2171,62.0
2172,62.0
2173,62.0
2173,0.0
2174,0.0
2174,0.0
2176,62.0
2177,62.0
2181,62.0
2186,62.0
2189,62.0
2190,62.0
2191,62.0
2192,62.0
2193,62.0
2197,62.0
2197,0.0
2199,62.0
2214,0.0
2215,0.0
2216,0.0
2217,0.0
2217,62.0
2218,62.0
2219,62.0
2220,62.0
2221,62.0
2221,62.0
2222,62.0
2222,62.0
2223,62.0
2224,62.0
2225,62.0
2226,62.0
2227,62.0
2228,62.0
2229,62.0
2230,62.0
2231,62.0
2251,62.0
2263,0.0
2264,0.0
2265,0.0
2266,0.0
2266,62.0
2267,0.0
2269,0.0
2270,0.0
2271,0.0
2272,0.0
2273,0.0
2274,0.0
2275,0.0
2276,0.0
2277,0.0
2278,0.0
2278,62.0
2279,0.0
2279,62.0
2280,0.0
2280,62.0
2281,0.0
2281,62.0
2281,62.0
2282,0.0
2282,62.0
2282,62.0
2283,0.0
2283,62.0
2284,62.0
2284,0.0
2285,62.0
2285,0.0
2287,62.0
2287,62.0
2288,62.0
2288,62.0
2289,62.0
2289,62.0
2290,62.0
2290,62.0
2291,62.0
2291,62.0
2292,62.0
2292,62.0
2293,62.0
2293,62.0
2294,62.0
2295,62.0
2296,62.0
2296,62.0
2297,62.0
2297,62.0
2298,62.0
2298,62.0
2299,62.0
2299,62.0
2300,62.0
2301,62.0
2302,62.0
2303,62.0
2304,62.0
2305,62.0
2306,62.0
2307,62.0
2308,62.0
2309,62.0
2310,62.0
2311,62.0
2312,62.0
2313,62.0
2314,62.0
2315,62.0
2316,62.0
2317,62.0
2318,62.0
2319,62.0
2320,62.0
2321,62.0
2322,62.0
2323,62.0
2324,62.0
2325,62.0
2326,62.0
2327,62.0
2328,62.0
2329,62.0
2330,62.0
2338,62.0
2339,62.0
2340,62.0
2361,0.0
2399,62.0
2401,62.0
2402,62.0
2403,62.0
2404,62.0
2405,62.0
2406,62.0
2407,62.0
2408,62.0
2449,62.0
2454,0.0
2455,0.0
2456,0.0
2457,0.0
2460,0.0
2461,0.0
2462,0.0
2466,0.0
2469,0.0
2469,56.0
2470,0.0
2471,0.0
2473,0.0
2474,0.0
2476,0.0
2477,0.0
2479,0.0
2480,0.0
2481,0.0
2482,0.0
2483,0.0
2493,0.0
2494,0.0
2495,0.0
2499,0.0
2500,0.0
2501,0.0
2502,0.0
2503,0.0
2504,0.0
2505,0.0
2506,0.0
2507,0.0
2508,0.0
2509,0.0
2510,0.0
2512,0.0
2513,0.0
2514,0.0
2515,0.0
2516,0.0
2517,0.0
2518,0.0
2518,0.0
2519,0.0
2519,0.0
2520,0.0
2520,0.0
2521,0.0
2522,0.0
2523,0.0
2523,0.0
2524,0.0
2525,0.0
2526,0.0
2527,0.0
2527,0.0
2528,0.0
2528,0.0
2529,0.0
2530,0.0
2531,0.0
2532,0.0
2533,0.0
2534,0.0
2535,0.0
2536,0.0
2537,0.0
2538,0.0
2539,0.0
2544,0.0
2545,0.0
2546,0.0
2550,0.0
2551,0.0
2552,0.0
2553,0.0
2554,0.0
2555,0.0
2556,0.0
2557,0.0
2558,0.0
2559,0.0
2562,0.0
2575,0.0
2576,0.0
2737,62.0
2738,62.0
2739,62.0
2740,62.0
2741,62.0
2742,62.0
2743,62.0
2744,62.0
2745,62.0
2750,62.0
2752,62.0
2753,62.0
2754,62.0
2755,62.0
2756,62.0
2757,62.0
2758,62.0
2759,62.0
2827,62.0
2828,62.0
2829,62.0
2830,62.0
2831,62.0
2832,62.0
2833,62.0
2834,62.0
2835,62.0
2836,62.0
2837,62.0
2838,62.0
2851,62.0
2906,0.0
2907,0.0
2908,0.0
2909,0.0
2910,0.0
2911,0.0
2912,0.0
2913,0.0
2914,0.0
2915,0.0
2916,0.0
2917,0.0
2918,0.0
2919,0.0
2950,0.0
2951,0.0
2955,0.0
2956,0.0
2957,0.0
2958,0.0
2979,0.0
2980,0.0
2981,0.0
2982,0.0
2983,0.0
2984,0.0
2985,0.0
3000,0.0
3001,0.0
3002,0.0
3003,0.0
3004,0.0
3005,0.0
3006,0.0
3007,0.0
3008,0.0
3012,0.0
3013,0.0
3014,0.0
3016,0.0
3017,0.0
3018,0.0
3025,0.0
3026,0.0
3027,0.0
3028,0.0
3029,0.0
3030,0.0
3031,0.0
3032,0.0
3033,0.0
3034,0.0
3035,0.0
3036,0.0
3037,0.0
3038,0.0
3039,0.0
3040,0.0
3041,0.0
3042,0.0
3043,0.0
3044,0.0
3045,0.0
3046,0.0
3047,0.0
3048,0.0
3049,0.0
3050,0.0
3051,0.0
3052,0.0
3053,0.0
3054,0.0
3055,0.0
3056,0.0
3057,0.0
3058,0.0
3059,0.0
3060,0.0
3061,0.0
3062,0.0
3063,0.0
3064,0.0
3064,62.0
3065,0.0
3065,62.0
3066,0.0
3066,62.0
3067,0.0
3070,0.0
3071,0.0
3073,0.0
3074,0.0
3075,0.0
3076,0.0
3077,0.0
3078,0.0
3079,62.0
3080,62.0
3081,62.0
3082,62.0
3083,62.0
3084,62.0
3085,62.0
3086,62.0
3087,62.0
3088,62.0
3089,62.0
3090,62.0
3091,62.0
3100,62.0
3101,62.0
3321,0.0
3498,0.0
3499,0.0
3499,26.0
3500,0.0
3501,0.0
3502,0.0
3503,0.0
3504,0.0
3505,0.0
3506,0.0
3507,0.0
3508,0.0
3509,0.0
3510,0.0
3511,0.0
3511,62.0
3512,0.0
3513,0.0
3514,0.0
3515,0.0
3516,0.0
3517,0.0
3518,0.0
3519,0.0
3520,0.0
3521,0.0
3522,62.0
3523,62.0
3523,0.0
3524,62.0
3524,0.0
3525,62.0
3529,62.0
3530,62.0
3531,62.0
3532,62.0
3533,62.0
3534,62.0
3535,62.0
3536,62.0
3537,62.0
3538,62.0
3539,62.0
3540,62.0
3541,62.0
3542,62.0
3543,0.0
3543,62.0
3544,62.0
3544,0.0
3545,62.0
3545,0.0
3546,62.0
3546,0.0
3547,62.0
3548,0.0
3549,0.0
3550,0.0
3550,62.0
3551,0.0
3551,62.0
3552,0.0
3552,62.0
3553,0.0
3553,62.0
3554,0.0
3554,62.0
3555,0.0
3555,62.0
3556,0.0
3556,62.0
3557,0.0
3557,62.0
3558,0.0
3558,62.0
3559,0.0
3559,62.0
3560,0.0
3560,62.0
3561,0.0
3561,62.0
3562,0.0
3562,62.0
3563,0.0
3563,62.0
3564,0.0
3564,62.0
3565,0.0
3565,62.0
3566,0.0
3566,62.0
3567,0.0
3567,62.0
3568,0.0
3568,62.0
3569,0.0
3569,62.0
3570,0.0
3571,0.0
3571,62.0
3572,0.0
3572,62.0
3573,0.0
3573,62.0
3574,0.0
3574,62.0
3575,0.0
3575,62.0
3576,0.0
3576,62.0
3576,62.0
3577,0.0
3577,62.0
3577,62.0
3578,0.0
3578,62.0
3578,62.0
3579,0.0
3579,0.0
3579,62.0
3579,62.0
3580,0.0
3580,0.0
3580,62.0
3580,62.0
3581,0.0
3581,0.0
3581,62.0
3581,62.0
3582,0.0
3582,62.0
3583,0.0
3583,62.0
3583,62.0
3584,0.0
3584,62.0
3584,62.0
3584,0.0
3585,0.0
3585,62.0
3586,0.0
3586,62.0
3586,62.0
3587,0.0
3587,62.0
3587,62.0
3588,0.0
3588,62.0
3588,0.0
3588,62.0
3589,0.0
3589,62.0
3589,0.0
3590,0.0
3590,62.0
3591,0.0
3591,62.0
3592,0.0
3592,62.0
3593,0.0
3593,62.0
3594,0.0
3594,62.0
3594,0.0
3595,0.0
3595,62.0
3595,0.0
3596,0.0
3596,62.0
3597,0.0
3597,62.0
3598,0.0
3598,62.0
3598,0.0
3599,0.0
3599,62.0
3599,0.0
3600,0.0
3600,62.0
3601,0.0
3601,62.0
3602,0.0
3602,62.0
3603,0.0
3604,0.0
3604,62.0
3605,0.0
3605,62.0
3606,0.0
3606,62.0
3607,0.0
3607,62.0
3608,0.0
3608,62.0
3609,0.0
3610,0.0
3610,62.0
3611,0.0
3611,62.0
3612,0.0
3612,62.0
3613,0.0
3613,62.0
3614,0.0
3615,0.0
3616,0.0
3617,0.0
3618,0.0
3619,0.0
3620,0.0
3621,0.0
3622,0.0
3623,0.0
3624,0.0
3625,0.0
3626,0.0
3631,0.0
3631,0.0
3632,0.0
3633,0.0
3634,0.0
3635,0.0
3637,62.0
3638,0.0
3638,62.0
3639,0.0
3639,0.0
3639,62.0
3640,62.0
3641,62.0
3642,0.0
3642,62.0
3643,0.0
3644,0.0
3645,0.0
3646,0.0
3646,62.0
3647,0.0
3647,62.0
3648,0.0
3648,62.0
3650,0.0
3651,0.0
3655,62.0
3658,0.0
3659,0.0
3662,0.0
3682,0.0
3682,62.0
3683,0.0
3683,62.0
3684,17.0
3685,0.0
3685,62.0
3686,0.0
3686,62.0
3687,0.0
3687,62.0
3688,0.0
3688,62.0
3689,0.0
3689,62.0
3690,0.0
3691,0.0
3692,0.0
3693,0.0
3694,0.0
3695,0.0
3696,0.0
3700,0.0
3701,0.0
3708,0.0
3709,0.0
3720,0.0
3721,0.0
3722,0.0
3723,0.0
3724,0.0
3725,0.0
3726,0.0
3727,0.0
3728,0.0
3729,0.0
3730,0.0
3731,0.0
3732,0.0
3733,0.0
3734,0.0
3735,0.0
3736,0.0
3737,0.0
3738,0.0
3739,0.0
3740,0.0
3741,0.0
3745,0.0
3746,0.0
3747,0.0
3748,0.0
3749,0.0
3750,0.0
3751,0.0
3752,0.0
3753,0.0
3754,0.0
3755,0.0
3756,0.0
3757,0.0
3758,0.0
3759,0.0
3760,0.0
3761,0.0
3762,0.0
3764,0.0
3765,0.0
3766,0.0
3767,0.0
3768,0.0
3769,0.0
3770,0.0
3771,0.0
3772,0.0
3773,0.0
3774,0.0
3775,0.0
3776,0.0
3777,0.0
3778,0.0
3779,0.0
3780,0.0
3781,0.0
3782,0.0
3783,0.0
3784,0.0
3785,0.0
3786,0.0
3787,0.0
3787,0.0
3788,0.0
3789,0.0
3790,0.0
3791,0.0
3792,0.0
3793,0.0
3794,0.0
3795,0.0
3795,0.0
3796,0.0
3796,0.0
3797,0.0
3797,0.0
3798,0.0
3798,0.0
3799,0.0
3799,0.0
3800,0.0
3800,0.0
3801,0.0
3801,0.0
3802,0.0
3802,0.0
3803,0.0
3803,0.0
3804,0.0
3804,0.0
3805,0.0
3805,0.0
3806,0.0
3806,0.0
3807,0.0
3807,0.0
3808,0.0
3808,0.0
3809,0.0
3809,0.0
3810,0.0
3810,0.0
3811,0.0
3811,0.0
3812,0.0
3812,0.0
3813,0.0
3813,0.0
3814,0.0
3814,0.0
3815,0.0
3815,0.0
3816,0.0
3816,0.0
3817,0.0
3817,0.0
3818,0.0
3818,0.0
3819,0.0
3819,0.0
3820,0.0
3820,0.0
3821,0.0
3821,0.0
3822,0.0
3822,0.0
3823,0.0
3823,0.0
3824,0.0
3824,0.0
3825,0.0
3825,0.0
3826,0.0
3826,0.0
3827,0.0
3827,0.0
3828,0.0
3828,0.0
3829,0.0
3829,0.0
3830,0.0
3830,0.0
3831,0.0
3831,0.0
3832,0.0
3832,0.0
3833,0.0
3833,0.0
3834,0.0
3834,0.0
3835,0.0
3836,0.0
3837,0.0
3837,0.0
3838,0.0
3839,0.0
3840,0.0
3844,0.0
3846,0.0
3847,0.0
3848,0.0
3849,0.0
3849,0.0
3850,0.0
3850,0.0
3851,0.0
3851,0.0
3852,0.0
3852,0.0
3853,0.0
3854,0.0
3855,0.0
3856,0.0
3857,0.0
3858,0.0
3859,0.0
3860,0.0
3861,0.0
3862,0.0
3863,0.0
3864,0.0
3865,0.0
3866,0.0
3867,0.0
3868,0.0
3868,0.0
3869,0.0
3869,0.0
3870,0.0
3870,0.0
3871,0.0
3873,0.0
3874,0.0
3875,0.0
3877,0.0
3878,0.0
3896,0.0
3896,62.0
3901,0.0
3902,0.0
3903,0.0
3904,0.0
3904,62.0
3905,0.0
3905,62.0
3906,0.0
3906,62.0
3907,0.0
3908,0.0
3909,0.0
3910,0.0
3911,0.0
3912,0.0
3913,0.0
3913,62.0
3914,0.0
3914,62.0
3915,62.0
3916,62.0
3917,62.0
3918,62.0
3919,62.0
3920,62.0
3921,62.0
3921,62.0
3922,62.0
3922,62.0
3923,62.0
3923,62.0
3924,62.0
3924,62.0
3925,62.0
3925,62.0
3926,62.0
3926,62.0
3927,62.0
3927,62.0
3928,62.0
3929,62.0
3930,62.0
3930,62.0
3931,62.0
3932,62.0
3933,0.0
3934,0.0
3935,0.0
3936,0.0
3936,62.0
3937,0.0
3937,62.0
3938,0.0
3938,62.0
3939,62.0
3941,62.0
3942,62.0
3943,0.0
3944,0.0
3945,0.0
3946,0.0
3947,0.0
3948,0.0
3949,0.0
3955,0.0
3957,0.0
3958,0.0
3959,0.0
3960,0.0
3961,0.0
3963,0.0
3964,0.0
3965,0.0
3967,0.0
3968,0.0
3969,0.0
3970,0.0
3971,0.0
3972,0.0
3972,0.0
3973,0.0
3973,0.0
3974,0.0
3975,0.0
3976,0.0
3976,0.0
3977,0.0
3977,0.0
3978,0.0
3978,0.0
3979,0.0
3979,0.0
3980,0.0
3980,0.0
3981,0.0
3985,0.0
3986,0.0
3987,0.0
3988,0.0
3989,0.0
3990,0.0
3991,15.0
3992,0.0
3992,0.0
3993,0.0
3993,0.0
3993,15.0
3994,15.0
3994,0.0
3995,15.0
3995,0.0
3996,15.0
3996,0.0
3997,0.0
3997,0.0
3998,0.0
3999,0.0
4008,0.0
4010,0.0
4024,0.0
4025,0.0
4027,0.0
4032,0.0
4034,0.0
4034,0.0
4035,0.0
4036,0.0
4037,0.0
4038,0.0
4038,0.0
4039,0.0
4040,0.0
4041,0.0
4041,0.0
4042,0.0
4043,0.0
4044,0.0
4044,0.0
4045,0.0
4045,0.0
4046,0.0
4047,0.0
4047,0.0
4048,0.0
4048,0.0
4049,0.0
4049,0.0
4050,0.0
4050,0.0
4051,0.0
4052,0.0
4053,0.0
4054,0.0
4055,0.0
4056,0.0
4056,0.0
4057,0.0
4057,0.0
4058,0.0
4058,0.0
4059,0.0
4059,0.0
4060,0.0
4060,0.0
4061,0.0
4061,0.0
4062,0.0
4062,0.0
4063,0.0
4064,0.0
4064,0.0
4065,0.0
4066,0.0
4067,0.0
4068,0.0
4069,0.0
4070,0.0
4071,0.0
4072,0.0
4073,0.0
4074,0.0
4075,0.0
4076,0.0
4077,0.0
4078,0.0
4079,0.0
4080,0.0
4081,0.0
4082,0.0
4083,0.0
4084,0.0
4084,0.0
4085,0.0
4085,0.0
4086,0.0
4087,0.0
4088,0.0
4089,0.0
4090,0.0
4091,0.0
4092,0.0
4093,0.0
4094,0.0
4095,0.0
4096,0.0
4097,0.0
4098,0.0
4099,0.0
4099,0.0
4100,0.0
4101,0.0
4102,0.0
4103,0.0
4104,0.0
4105,0.0
4106,0.0
4107,0.0
4108,0.0
4109,0.0
4110,0.0
4111,0.0
4112,0.0
4113,0.0
4114,0.0
4115,0.0
4116,0.0
4117,0.0
4123,0.0
4124,0.0
4125,0.0
4132,0.0
4133,0.0
4134,0.0
4135,0.0
4135,0.0
4137,0.0
4138,0.0
4139,0.0
4140,0.0
4140,0.0
4141,0.0
4142,0.0
4143,0.0
4144,0.0
4145,0.0
4146,0.0
4147,0.0
4148,0.0
4171,0.0
4172,0.0
4249,0.0
4250,0.0
4255,0.0
4255,0.0
4256,0.0
4256,0.0
4257,0.0
4257,0.0
4258,0.0
4258,0.0
4259,0.0
4259,0.0
4260,0.0
4260,0.0
4261,0.0
4261,0.0
4262,0.0
4262,25.0
4263,25.0
4263,0.0
4264,25.0
4264,0.0
4265,25.0
4265,0.0
4266,25.0
4267,0.0
4268,0.0
4269,0.0
4282,0.0
4283,0.0
4284,0.0
4285,0.0
4285,0.0
4324,62.0
4325,62.0
4326,62.0
4327,62.0
4330,0.0
4331,0.0
4334,0.0
4399,0.0
4400,0.0
4401,0.0
4402,0.0
4403,0.0
4435,0.0
4440,0.0
4443,0.0
4444,0.0
4445,0.0
4446,0.0
4447,0.0
4448,0.0
4449,0.0
4450,0.0
4451,0.0
4452,0.0
4453,0.0
4454,0.0
4455,0.0
4456,0.0
4457,0.0
4458,0.0
4459,0.0
4460,0.0
4474,0.0
4475,0.0
4506,0.0
4531,62.0
4538,0.0
4548,0.0
4549,0.0
4553,0.0
4555,0.0
4556,0.0
4557,0.0
4558,0.0
4559,0.0
4560,0.0
4561,0.0
4562,0.0
4563,0.0
4564,0.0
4565,0.0
4566,0.0
4567,0.0
4568,0.0
4569,0.0
4573,0.0
4588,0.0
4589,0.0
4593,0.0
4597,0.0
4599,0.0
4608,0.0
4608,0.0
4609,0.0
4609,0.0
4610,0.0
4612,0.0
4613,0.0
4614,0.0
4632,0.0
4633,0.0
4643,0.0
4650,0.0
4654,0.0
4655,0.0
4656,0.0
4657,0.0
4657,0.0
4658,0.0
4658,0.0
4659,0.0
4659,0.0
4660,0.0
4660,0.0
4661,0.0
4661,0.0
4662,0.0
4662,0.0
4663,0.0
4663,0.0
4664,0.0
4664,0.0
4665,0.0
4665,0.0
4666,0.0
4666,0.0
4667,0.0
4667,0.0
4668,0.0
4668,0.0
4670,0.0
4672,0.0
4673,0.0
4674,0.0
4676,0.0
4689,0.0
4689,0.0
4692,0.0
4693,0.0
4712,0.0
4717,0.0
4718,0.0
4722,0.0
4724,0.0
4726,0.0
4727,0.0
4728,0.0
4729,0.0
4730,0.0
4731,0.0
4732,0.0
4733,0.0
4736,0.0
4737,0.0
4748,0.0
4750,0.0
4753,0.0
4754,0.0
4755,0.0
4756,0.0
4757,0.0
4758,0.0
4759,0.0
4760,0.0
4761,0.0
4762,0.0
4763,0.0
4764,0.0
4765,0.0
4766,0.0
4767,0.0
4768,0.0
4769,0.0
4770,0.0
4771,0.0
4772,0.0
4773,0.0
4775,0.0
4776,0.0
4777,0.0
4778,0.0
4779,0.0
4780,0.0
4780,0.0
4781,0.0
4781,0.0
4782,0.0
4782,0.0
4783,0.0
4783,0.0
4784,0.0
4784,0.0
4785,0.0
4786,0.0
4787,0.0
4788,0.0
4802,62.0
4803,62.0
4804,62.0
4805,62.0
4806,62.0
4807,62.0
4808,62.0
4809,62.0
4812,62.0
4816,62.0
4817,62.0
4818,0.0
4819,62.0
4822,62.0
4823,62.0
4824,0.0
4825,0.0
4840,0.0
4841,0.0
4842,0.0
4850,0.0
4852,0.0
4853,0.0
4854,0.0
4854,0.0
4855,0.0
4863,0.0
4863,0.0
4870,0.0
4871,0.0
4873,0.0
4875,0.0
4876,0.0
4878,0.0
4879,0.0
4879,0.0
4880,0.0
4880,0.0
4881,0.0
4881,0.0
4882,0.0
4882,0.0
4883,0.0
4883,0.0
4884,0.0
4884,0.0
4885,0.0
4886,0.0
4887,0.0
4888,0.0
4889,0.0
4890,0.0
4891,0.0
4892,0.0
4893,0.0
4894,0.0
4895,0.0
4896,0.0
4897,0.0
4898,0.0
4899,0.0
4900,0.0
4901,0.0
4902,0.0
4903,0.0
4904,0.0
4905,0.0
4906,0.0
4907,0.0
4911,0.0
4916,0.0
4917,0.0
4944,0.0
4945,0.0
4946,0.0
4947,0.0
4948,0.0
4949,0.0
4950,0.0
5024,0.0
5066,0.0
5067,0.0
5068,0.0
5069,0.0
5070,0.0
5071,0.0
5071,0.0
5072,0.0
5072,0.0
5072,0.0
5073,0.0
5073,0.0
5073,0.0
5074,0.0
5074,0.0
5075,0.0
5075,0.0
5076,0.0
5076,0.0
5077,0.0
5077,0.0
5078,0.0
5080,0.0
5081,0.0
5082,0.0
5083,0.0
5084,0.0
5085,0.0
5086,0.0
5086,0.0
5086,0.0
5087,0.0
5087,0.0
5087,0.0
5088,0.0
5088,0.0
5089,0.0
5089,0.0
5090,0.0
5091,0.0
5095,0.0
5150,62.0
5151,62.0
5152,62.0
5153,62.0
5156,62.0
5158,62.0
5159,62.0
5166,62.0
5167,62.0
5168,0.0
5168,62.0
5168,39.0
5169,0.0
5170,0.0
5171,0.0
5172,0.0
5175,0.0
5175,62.0
5176,62.0
5177,62.0
5178,62.0
5179,62.0
5179,0.0
5180,62.0
5180,0.0
5181,0.0
5181,62.0
5181,0.0
5182,0.0
5182,62.0
5182,0.0
5183,0.0
5183,62.0
5183,0.0
5184,62.0
5184,0.0
5185,62.0
5185,0.0
5186,62.0
5186,0.0
5187,62.0
5187,0.0
5188,0.0
5188,62.0
5188,0.0
5189,0.0
5189,62.0
5189,0.0
5190,0.0
5190,0.0
5190,62.0
5191,0.0
5191,0.0
5191,62.0
5192,0.0
5192,0.0
5192,62.0
5193,0.0
5193,62.0
5193,0.0
5194,0.0
5194,0.0
5195,0.0
5195,0.0
5196,0.0
5196,0.0
5197,0.0
5197,0.0
5198,0.0
5198,0.0
5199,0.0
5199,0.0
5200,0.0
5200,0.0
5201,0.0
5201,0.0
5202,0.0
5202,0.0
5203,0.0
5204,0.0
5205,0.0
5206,0.0
5207,0.0
5208,0.0
5209,0.0
5210,0.0
5211,0.0
5212,0.0
5213,0.0
5214,0.0
5215,0.0
5216,0.0
5217,0.0
5218,0.0
5219,0.0
5220,0.0
5221,0.0
5222,0.0
5223,0.0
5224,0.0
5225,0.0
5226,0.0
5227,0.0
5228,0.0
5229,0.0
5230,0.0
5231,0.0
5238,0.0
5240,0.0
5241,0.0
5242,0.0
5243,0.0
5244,0.0
5246,0.0
5247,0.0
5248,0.0
5249,0.0
5250,0.0
5250,0.0
5251,0.0
5252,0.0
5253,0.0
5254,0.0
5255,0.0
5257,62.0
5258,62.0
5258,0.0
5259,0.0
5259,62.0
5260,62.0
5261,62.0
5262,62.0
5263,62.0
5264,62.0
5265,62.0
5266,62.0
5267,62.0
5268,62.0
5269,62.0
5270,62.0
5272,0.0
5275,0.0
5275,62.0
5276,0.0
5276,62.0
5277,0.0
5277,62.0
5278,0.0
5278,62.0
5279,62.0
5279,0.0
5280,0.0
5280,62.0
5281,62.0
5281,0.0
5282,62.0
5283,62.0
5284,0.0
5284,62.0
5285,0.0
5285,62.0
5286,62.0
5286,0.0
5287,62.0
5288,62.0
5289,62.0
5289,0.0
5290,62.0
5290,0.0
5291,62.0
5291,0.0
5292,62.0
5292,0.0
5293,62.0
5294,62.0
5295,0.0
5295,62.0
5296,0.0
5296,62.0
5297,0.0
5297,62.0
5298,62.0
5298,0.0
5299,62.0
5300,62.0
5301,62.0
5302,62.0
5303,62.0
5304,62.0
5305,62.0
5306,62.0
5307,62.0
5308,62.0
5309,62.0
5310,62.0
5325,62.0
5326,62.0
5354,0.0
5366,0.0
5782,0.0
5783,0.0
5784,0.0
5785,0.0
5786,0.0
5794,0.0
5795,0.0
5796,0.0
5810,0.0
5811,0.0
5812,0.0
5813,0.0
5814,0.0
6825,0.0
6826,0.0
6827,0.0
6828,0.0
6830,0.0
6877,0.0
6889,0.0
6890,0.0
6891,0.0
6892,0.0
6893,0.0
6894,0.0
6901,0.0
6902,0.0
6903,0.0
6904,0.0
6905,0.0
6906,0.0
6907,0.0
6908,0.0
6909,0.0
6910,0.0
6911,0.0
6921,0.0
7124,0.0
7333,62.0
7335,0.0
7336,0.0
7337,0.0
7537,0.0
7543,0.0
8095,0.0
8113,0.0
8128,0.0
8129,0.0
8187,0.0
8188,0.0
8189,0.0
8190,0.0
8191,0.0
8192,0.0
8193,0.0
8194,0.0
8195,0.0
8196,0.0
8197,0.0
8198,0.0
8234,0.0
8236,0.0
8237,0.0
8256,0.0
8257,0.0
8262,0.0
8263,0.0
8264,0.0
8265,0.0
9027,0.0
