41,0.0
50,0.0
51,0.0
52,0.0
54,0.0
55,0.0
56,0.0
57,0.0
58,0.0
59,0.0
60,0.0
61,0.0
62,0.0
63,0.0
64,0.0
65,0.0
66,0.0
68,0.0
69,0.0
70,0.0
90,0.0
91,0.0
92,0.0
93,0.0
94,0.0
95,0.0
96,0.0
97,0.0
98,0.0
99,0.0
100,0.0
101,0.0
102,0.0
103,0.0
105,0.0
105,62.0
106,62.0
107,0.0
107,62.0
116,62.0
117,62.0
119,62.0
124,14.0
125,14.0
126,14.0
127,14.0
128,14.0
129,14.0
130,14.0
131,14.0
132,14.0
133,14.0
143,76.0
145,14.0
146,14.0
147,14.0
148,14.0
149,14.0
150,14.0
151,14.0
152,14.0
153,14.0
154,14.0
155,14.0
156,14.0
157,14.0
158,14.0
159,14.0
160,14.0
161,14.0
162,14.0
162,14.0
163,14.0
163,14.0
164,14.0
164,14.0
169,14.0
171,14.0
172,14.0
173,14.0
174,14.0
175,14.0
176,14.0
177,14.0
178,14.0
180,14.0
206,0.0
207,0.0
208,0.0
209,0.0
264,14.0
562,14.0
596,14.0
623,14.0
632,15.0
633,14.0
639,14.0
640,14.0
641,14.0
641,14.0
642,14.0
643,14.0
646,14.0
647,14.0
647,14.0
648,14.0
648,14.0
649,14.0
649,14.0
650,14.0
651,14.0
652,14.0
658,14.0
667,14.0
683,0.0
684,0.0
685,0.0
686,0.0
688,0.0
689,14.0
726,14.0
727,0.0
728,0.0
734,0.0
735,0.0
738,15.0
739,0.0
774,14.0
775,14.0
776,14.0
778,14.0
