1,0.0
2,0.0
3,0.0
4,0.0
5,0.0
6,0.0
7,0.0
8,0.0
9,0.0
11,0.0
12,0.0
13,0.0
14,0.0
15,0.0
16,0.0
17,0.0
18,0.0
19,0.0
21,0.0
22,0.0
23,0.0
28,0.0
62,0.0
63,0.0
64,0.0
65,0.0
66,0.0
67,0.0
68,0.0
69,0.0
70,0.0
71,0.0
72,0.0
73,0.0
74,0.0
75,0.0
76,0.0
77,0.0
78,0.0
79,0.0
80,0.0
81,0.0
82,0.0
83,0.0
84,0.0
85,0.0
86,0.0
87,0.0
88,0.0
89,0.0
90,0.0
91,0.0
92,0.0
93,0.0
94,0.0
95,0.0
96,0.0
97,0.0
98,0.0
99,0.0
100,0.0
101,0.0
102,0.0
107,0.0
109,0.0
111,0.0
112,0.0
113,0.0
114,0.0
115,0.0
116,0.0
117,0.0
118,0.0
119,0.0
120,0.0
121,0.0
122,0.0
123,0.0
124,0.0
125,0.0
167,0.0
168,0.0
169,0.0
183,0.0
184,0.0
185,0.0
186,0.0
193,0.0
202,0.0
203,0.0
204,0.0
205,0.0
206,0.0
207,0.0
208,0.0
209,0.0
210,0.0
211,0.0
213,0.0
214,0.0
215,0.0
216,0.0
217,0.0
218,0.0
220,0.0
227,0.0
228,0.0
229,0.0
230,0.0
231,0.0
232,0.0
233,0.0
236,0.0
237,0.0
238,0.0
239,0.0
240,0.0
242,0.0
243,0.0
278,0.0
285,56.0
414,0.0
415,0.0
416,0.0
417,0.0
418,0.0
419,0.0
420,0.0
421,0.0
422,0.0
423,0.0
424,0.0
425,0.0
426,0.0
427,0.0
428,0.0
429,0.0
430,0.0
431,0.0
432,0.0
434,0.0
443,0.0
445,0.0
446,0.0
448,0.0
449,0.0
452,0.0
453,0.0
454,0.0
455,0.0
456,0.0
457,0.0
458,0.0
459,0.0
460,0.0
461,0.0
461,0.0
462,0.0
463,0.0
463,0.0
464,0.0
464,0.0
465,0.0
466,0.0
467,0.0
468,0.0
469,0.0
470,0.0
475,0.0
476,0.0
477,0.0
478,0.0
479,0.0
480,0.0
481,0.0
482,0.0
484,0.0
485,0.0
500,0.0
505,0.0
506,0.0
507,0.0
508,0.0
511,0.0
512,0.0
513,0.0
514,0.0
514,0.0
515,0.0
515,0.0
516,0.0
516,0.0
517,0.0
517,0.0
517,16.0
518,0.0
518,0.0
519,0.0
520,0.0
521,0.0
522,16.0
523,16.0
526,0.0
528,0.0
529,0.0
530,0.0
531,0.0
532,0.0
533,0.0
534,0.0
535,0.0
536,0.0
537,0.0
538,0.0
543,0.0
544,0.0
545,0.0
546,0.0
546,64.0
547,64.0
549,64.0
550,64.0
551,0.0
551,64.0
552,0.0
552,64.0
553,0.0
554,0.0
555,0.0
556,0.0
557,0.0
558,0.0
559,0.0
560,0.0
561,0.0
562,0.0
563,0.0
567,0.0
567,15.0
568,0.0
569,15.0
570,15.0
572,15.0
573,15.0
574,15.0
575,15.0
576,15.0
577,15.0
608,0.0
639,0.0
640,0.0
641,0.0
642,0.0
643,0.0
644,0.0
645,0.0
646,0.0
647,0.0
648,0.0
649,0.0
650,0.0
651,0.0
652,0.0
653,0.0
654,0.0
655,0.0
656,0.0
657,0.0
658,0.0
659,0.0
660,0.0
662,0.0
663,0.0
664,0.0
665,0.0
666,0.0
667,0.0
668,0.0
669,0.0
670,0.0
671,0.0
672,0.0
673,0.0
674,0.0
674,0.0
675,0.0
676,0.0
677,0.0
678,0.0
679,0.0
680,0.0
681,0.0
682,0.0
683,0.0
684,0.0
685,0.0
686,0.0
687,0.0
688,0.0
689,0.0
690,0.0
691,0.0
692,0.0
693,0.0
694,0.0
695,0.0
696,0.0
697,0.0
698,0.0
699,0.0
700,0.0
701,0.0
702,0.0
703,0.0
704,0.0
705,0.0
706,0.0
707,0.0
708,0.0
709,0.0
710,0.0
711,0.0
712,0.0
713,0.0
714,0.0
715,0.0
716,0.0
716,0.0
717,0.0
718,0.0
719,0.0
719,0.0
720,0.0
720,0.0
721,0.0
721,0.0
722,0.0
722,0.0
723,0.0
724,0.0
725,0.0
726,0.0
727,0.0
728,0.0
729,0.0
730,0.0
731,0.0
732,0.0
733,0.0
734,0.0
735,0.0
736,0.0
737,0.0
738,0.0
739,0.0
740,0.0
741,0.0
742,0.0
743,0.0
744,0.0
745,0.0
746,0.0
747,0.0
748,0.0
749,0.0
750,0.0
751,0.0
752,0.0
753,0.0
754,0.0
755,0.0
756,0.0
757,0.0
758,0.0
759,0.0
760,0.0
761,0.0
762,0.0
763,0.0
764,0.0
765,0.0
766,0.0
767,0.0
768,0.0
782,0.0
805,0.0
806,0.0
807,0.0
808,0.0
809,0.0
810,0.0
811,0.0
812,0.0
813,0.0
814,0.0
815,0.0
816,0.0
817,0.0
818,0.0
819,0.0
820,0.0
821,0.0
822,0.0
823,0.0
824,0.0
825,0.0
826,0.0
827,0.0
828,0.0
829,0.0
830,0.0
831,0.0
832,0.0
833,0.0
834,0.0
835,0.0
836,0.0
837,0.0
838,0.0
839,0.0
840,0.0
841,0.0
844,0.0
845,0.0
846,0.0
847,0.0
870,0.0
880,0.0
881,0.0
886,0.0
887,0.0
888,0.0
891,0.0
892,0.0
893,0.0
894,0.0
895,0.0
897,0.0
898,0.0
899,0.0
900,0.0
901,0.0
902,0.0
903,0.0
904,0.0
905,0.0
906,0.0
907,0.0
908,0.0
909,0.0
910,0.0
911,0.0
912,0.0
913,0.0
914,0.0
915,0.0
916,0.0
917,0.0
918,0.0
919,0.0
920,0.0
921,0.0
922,0.0
923,0.0
928,0.0
934,0.0
935,0.0
936,0.0
944,0.0
946,0.0
957,0.0
959,0.0
960,0.0
961,0.0
968,0.0
969,0.0
970,0.0
982,0.0
985,0.0
986,0.0
991,0.0
1002,0.0
1003,0.0
1012,0.0
1013,0.0
1014,0.0
1015,0.0
1016,0.0
1017,0.0
1018,0.0
1019,0.0
1020,0.0
1021,0.0
1021,0.0
1022,0.0
1022,0.0
1023,0.0
1024,0.0
1025,0.0
1026,0.0
1027,0.0
1027,0.0
1028,0.0
1029,0.0
1030,0.0
1031,0.0
1032,0.0
1033,0.0
1034,0.0
1041,0.0
1042,0.0
1043,0.0
1044,0.0
1045,0.0
1046,0.0
1046,0.0
1047,0.0
1048,0.0
1049,0.0
1050,0.0
1051,0.0
1057,0.0
1058,0.0
1058,0.0
1059,0.0
1059,0.0
1060,0.0
1060,0.0
1061,0.0
1061,0.0
1062,0.0
1062,0.0
1063,0.0
1064,0.0
1065,0.0
1065,0.0
1066,16.0
1066,0.0
1067,0.0
1067,16.0
1068,0.0
1068,16.0
1069,0.0
1069,16.0
1071,16.0
1075,0.0
1076,0.0
1079,0.0
1081,0.0
1082,0.0
1084,0.0
1084,0.0
1085,0.0
1086,0.0
1088,0.0
1108,0.0
1127,62.0
1154,0.0
1155,0.0
1156,0.0
1158,0.0
1159,0.0
1160,0.0
1170,0.0
1171,0.0
1172,0.0
1187,0.0
1200,0.0
1201,0.0
1202,0.0
