1,2.0
1,2.0
1,2.0
1,2.0
2,2.0
2,2.0
2,2.0
2,2.0
3,2.0
3,2.0
3,2.0
3,2.0
4,2.0
4,2.0
4,2.0
4,2.0
5,2.0
5,2.0
5,2.0
5,2.0
6,2.0
6,2.0
6,2.0
6,2.0
7,2.0
7,2.0
7,2.0
7,2.0
8,2.0
8,2.0
8,2.0
8,2.0
9,2.0
9,2.0
9,2.0
9,2.0
10,2.0
10,2.0
10,2.0
10,2.0
11,2.0
11,2.0
11,2.0
11,2.0
12,2.0
12,2.0
12,2.0
12,2.0
13,2.0
13,2.0
13,2.0
13,2.0
14,2.0
14,2.0
14,2.0
14,2.0
15,2.0
15,2.0
15,2.0
15,2.0
16,2.0
16,2.0
16,2.0
16,2.0
17,2.0
17,2.0
17,2.0
17,2.0
18,2.0
18,2.0
18,2.0
18,2.0
19,2.0
19,2.0
19,2.0
19,2.0
20,2.0
20,2.0
20,2.0
20,2.0
21,2.0
21,2.0
21,2.0
21,2.0
22,2.0
22,2.0
22,2.0
22,2.0
23,2.0
23,2.0
23,2.0
23,2.0
24,2.0
24,2.0
24,2.0
24,2.0
25,2.0
25,2.0
25,2.0
25,2.0
26,2.0
26,2.0
26,2.0
26,2.0
27,2.0
27,2.0
27,2.0
27,2.0
27,2.0
28,2.0
28,2.0
28,2.0
28,2.0
28,2.0
29,2.0
29,2.0
29,2.0
29,2.0
29,2.0
30,2.0
30,2.0
30,2.0
30,2.0
31,2.0
31,2.0
31,2.0
31,2.0
32,2.0
32,2.0
32,2.0
32,2.0
33,2.0
33,2.0
33,2.0
33,2.0
34,2.0
34,2.0
34,2.0
34,2.0
35,2.0
35,2.0
35,2.0
35,2.0
36,2.0
36,2.0
36,2.0
36,2.0
37,2.0
37,2.0
37,2.0
37,2.0
38,2.0
38,2.0
38,2.0
38,2.0
39,2.0
39,2.0
39,2.0
39,2.0
40,2.0
40,2.0
40,2.0
40,2.0
41,2.0
41,2.0
41,2.0
41,2.0
42,2.0
42,2.0
42,2.0
42,2.0
43,2.0
43,2.0
43,2.0
43,2.0
44,2.0
44,2.0
44,2.0
44,2.0
45,2.0
45,2.0
45,2.0
45,2.0
46,2.0
46,2.0
46,2.0
46,2.0
47,2.0
47,2.0
47,2.0
47,2.0
48,2.0
48,2.0
48,2.0
48,2.0
49,2.0
49,2.0
49,2.0
49,2.0
50,2.0
50,2.0
50,2.0
50,2.0
51,2.0
51,2.0
51,2.0
51,2.0
52,2.0
52,2.0
52,2.0
52,2.0
53,2.0
53,2.0
53,2.0
53,2.0
54,2.0
54,2.0
54,2.0
54,2.0
55,2.0
55,2.0
55,2.0
55,2.0
56,2.0
56,2.0
56,2.0
56,2.0
56,2.0
57,2.0
57,2.0
57,2.0
57,2.0
57,2.0
58,2.0
58,2.0
58,2.0
58,2.0
58,2.0
59,2.0
59,2.0
59,2.0
59,2.0
59,2.0
60,2.0
60,2.0
60,2.0
60,2.0
61,2.0
61,2.0
61,2.0
61,2.0
62,2.0
62,2.0
62,2.0
62,2.0
63,2.0
63,2.0
63,2.0
63,2.0
64,2.0
64,2.0
64,2.0
64,2.0
65,2.0
65,2.0
65,2.0
65,2.0
66,2.0
66,2.0
66,2.0
66,2.0
67,2.0
67,2.0
67,2.0
67,2.0
68,2.0
68,2.0
68,2.0
68,2.0
69,2.0
69,2.0
69,2.0
69,2.0
70,2.0
70,2.0
70,2.0
70,2.0
71,2.0
71,2.0
71,2.0
71,2.0
72,2.0
72,2.0
72,2.0
72,2.0
73,2.0
73,2.0
73,2.0
73,2.0
74,2.0
74,2.0
74,2.0
74,2.0
75,2.0
75,2.0
75,2.0
75,2.0
76,2.0
76,2.0
76,2.0
76,2.0
77,2.0
77,2.0
77,2.0
77,2.0
77,2.0
78,2.0
78,2.0
78,2.0
78,2.0
78,2.0
79,2.0
79,2.0
79,2.0
79,2.0
79,2.0
80,2.0
80,2.0
80,2.0
80,2.0
80,2.0
81,2.0
81,2.0
81,2.0
81,2.0
81,2.0
82,2.0
82,2.0
82,2.0
82,2.0
82,2.0
83,2.0
83,2.0
83,2.0
83,2.0
83,2.0
84,2.0
84,2.0
84,2.0
84,2.0
84,2.0
85,2.0
85,2.0
85,2.0
85,2.0
85,2.0
86,2.0
86,2.0
86,2.0
86,2.0
86,2.0
87,2.0
87,2.0
87,2.0
87,2.0
88,2.0
88,2.0
88,2.0
88,2.0
88,2.0
89,2.0
89,2.0
89,2.0
89,2.0
89,2.0
90,2.0
90,2.0
90,2.0
90,2.0
90,2.0
91,2.0
91,2.0
91,2.0
91,2.0
91,2.0
92,2.0
92,2.0
92,2.0
92,2.0
92,2.0
93,2.0
93,2.0
93,2.0
93,2.0
93,2.0
94,2.0
94,2.0
94,2.0
94,2.0
94,2.0
95,2.0
95,2.0
95,2.0
95,2.0
95,2.0
96,2.0
96,2.0
96,2.0
96,2.0
96,2.0
97,2.0
97,2.0
97,2.0
97,2.0
97,2.0
98,2.0
98,2.0
98,2.0
98,2.0
98,2.0
99,2.0
99,2.0
99,2.0
99,2.0
99,2.0
100,2.0
100,2.0
100,2.0
100,2.0
100,2.0
101,2.0
101,2.0
101,2.0
101,2.0
101,2.0
102,2.0
102,2.0
102,2.0
102,2.0
102,2.0
103,2.0
103,2.0
103,2.0
103,2.0
103,2.0
104,2.0
104,2.0
104,2.0
104,2.0
104,2.0
105,2.0
105,2.0
105,2.0
105,2.0
105,2.0
106,2.0
106,2.0
106,2.0
106,2.0
106,2.0
107,2.0
107,2.0
107,2.0
107,2.0
107,2.0
108,2.0
108,2.0
108,2.0
108,2.0
108,2.0
109,2.0
109,2.0
109,2.0
109,2.0
109,2.0
110,2.0
110,2.0
110,2.0
110,2.0
110,2.0
110,2.0
111,2.0
111,2.0
111,2.0
111,2.0
111,2.0
111,2.0
112,2.0
112,2.0
112,2.0
112,2.0
112,2.0
113,2.0
113,2.0
113,2.0
113,2.0
113,2.0
114,2.0
114,2.0
114,2.0
114,2.0
114,2.0
115,2.0
115,2.0
115,2.0
115,2.0
115,2.0
116,2.0
116,2.0
116,2.0
116,2.0
116,2.0
117,2.0
117,2.0
117,2.0
117,2.0
117,2.0
118,2.0
118,2.0
118,2.0
118,2.0
119,2.0
119,2.0
119,2.0
119,2.0
120,2.0
120,2.0
120,2.0
120,2.0
121,2.0
121,2.0
121,2.0
121,2.0
121,2.0
122,2.0
122,2.0
122,2.0
122,2.0
122,2.0
123,2.0
123,2.0
123,2.0
123,2.0
124,2.0
124,2.0
124,2.0
124,2.0
125,2.0
125,2.0
125,2.0
125,2.0
126,2.0
126,2.0
126,2.0
126,2.0
127,2.0
127,2.0
127,2.0
127,2.0
128,2.0
128,2.0
128,2.0
128,2.0
129,2.0
129,2.0
129,2.0
129,2.0
130,2.0
130,2.0
130,2.0
130,2.0
131,2.0
131,2.0
131,2.0
131,2.0
132,2.0
132,2.0
132,2.0
132,2.0
133,2.0
133,2.0
133,2.0
133,2.0
134,2.0
134,2.0
134,2.0
134,2.0
135,2.0
135,2.0
135,2.0
135,2.0
136,2.0
136,2.0
136,2.0
136,2.0
137,2.0
137,2.0
137,2.0
137,2.0
138,2.0
138,2.0
138,2.0
138,2.0
139,2.0
139,2.0
139,2.0
139,2.0
140,2.0
140,2.0
140,2.0
140,2.0
141,2.0
141,2.0
141,2.0
141,2.0
142,2.0
142,2.0
142,2.0
142,2.0
143,2.0
143,2.0
143,2.0
143,2.0
144,2.0
144,2.0
144,2.0
144,2.0
145,2.0
145,2.0
145,2.0
145,2.0
146,2.0
146,2.0
146,2.0
146,2.0
147,2.0
147,2.0
147,2.0
147,2.0
148,2.0
148,2.0
148,2.0
148,2.0
149,2.0
149,2.0
149,2.0
149,2.0
150,2.0
150,2.0
150,2.0
150,2.0
151,2.0
151,2.0
151,2.0
151,2.0
152,2.0
152,2.0
152,2.0
152,2.0
153,2.0
153,2.0
153,2.0
153,2.0
154,2.0
154,2.0
154,2.0
154,2.0
155,2.0
155,2.0
155,2.0
155,2.0
156,2.0
156,2.0
156,2.0
156,2.0
157,2.0
157,2.0
157,2.0
157,2.0
158,2.0
158,2.0
158,2.0
158,2.0
159,2.0
159,2.0
159,2.0
159,2.0
160,2.0
160,2.0
160,2.0
160,2.0
161,2.0
161,2.0
161,2.0
161,2.0
162,2.0
162,2.0
162,2.0
162,2.0
163,2.0
163,2.0
163,2.0
163,2.0
164,2.0
164,2.0
164,2.0
164,2.0
165,2.0
165,2.0
165,2.0
165,2.0
166,2.0
166,2.0
166,2.0
166,2.0
167,2.0
167,2.0
167,2.0
167,2.0
168,2.0
168,2.0
168,2.0
168,2.0
169,2.0
169,2.0
169,2.0
169,2.0
170,2.0
170,2.0
170,2.0
170,2.0
171,2.0
171,2.0
171,2.0
171,2.0
172,2.0
172,2.0
172,2.0
172,2.0
173,2.0
173,2.0
173,2.0
173,2.0
174,2.0
174,2.0
174,2.0
174,2.0
175,2.0
175,2.0
175,2.0
175,2.0
176,2.0
176,2.0
176,2.0
176,2.0
177,2.0
177,2.0
177,2.0
177,2.0
178,2.0
178,2.0
178,2.0
178,2.0
179,2.0
179,2.0
179,2.0
179,2.0
180,2.0
180,2.0
180,2.0
180,2.0
181,2.0
181,2.0
181,2.0
181,2.0
182,2.0
182,2.0
182,2.0
182,2.0
183,2.0
183,2.0
183,2.0
183,2.0
184,2.0
184,2.0
184,2.0
184,2.0
185,2.0
185,2.0
185,2.0
185,2.0
186,2.0
186,2.0
186,2.0
186,2.0
187,2.0
187,2.0
187,2.0
187,2.0
188,2.0
188,2.0
188,2.0
188,2.0
189,2.0
189,2.0
189,2.0
189,2.0
190,2.0
190,2.0
190,2.0
190,2.0
191,2.0
191,2.0
191,2.0
191,2.0
192,2.0
192,2.0
192,2.0
192,2.0
193,2.0
193,2.0
193,2.0
193,2.0
194,2.0
194,2.0
194,2.0
194,2.0
195,2.0
195,2.0
195,2.0
195,2.0
196,2.0
196,2.0
196,2.0
196,2.0
197,2.0
197,2.0
197,2.0
197,2.0
198,2.0
198,2.0
198,2.0
198,2.0
199,2.0
199,2.0
199,2.0
199,2.0
200,2.0
200,2.0
200,2.0
200,2.0
201,2.0
201,2.0
201,2.0
201,2.0
202,2.0
202,2.0
202,2.0
202,2.0
203,2.0
203,2.0
203,2.0
203,2.0
204,2.0
204,2.0
204,2.0
204,2.0
205,2.0
205,2.0
205,2.0
205,2.0
206,2.0
206,2.0
206,2.0
206,2.0
207,2.0
207,2.0
207,2.0
207,2.0
208,2.0
208,2.0
208,2.0
208,2.0
209,2.0
209,2.0
209,2.0
209,2.0
210,2.0
210,2.0
210,2.0
210,2.0
211,2.0
211,2.0
211,2.0
211,2.0
212,2.0
212,2.0
212,2.0
212,2.0
213,2.0
213,2.0
213,2.0
213,2.0
214,2.0
214,2.0
214,2.0
214,2.0
215,2.0
215,2.0
215,2.0
215,2.0
216,2.0
216,2.0
216,2.0
216,2.0
217,2.0
217,2.0
217,2.0
217,2.0
218,2.0
218,2.0
218,2.0
218,2.0
219,2.0
219,2.0
219,2.0
219,2.0
220,2.0
220,2.0
220,2.0
220,2.0
221,2.0
221,2.0
221,2.0
221,2.0
222,2.0
222,2.0
222,2.0
222,2.0
223,2.0
223,2.0
223,2.0
223,2.0
224,2.0
224,2.0
224,2.0
224,2.0
225,2.0
225,2.0
225,2.0
225,2.0
226,2.0
226,2.0
226,2.0
226,2.0
227,2.0
227,2.0
227,2.0
227,2.0
228,2.0
228,2.0
228,2.0
228,2.0
229,2.0
229,2.0
229,2.0
229,2.0
230,2.0
230,2.0
230,2.0
230,2.0
231,2.0
231,2.0
231,2.0
231,2.0
232,2.0
232,2.0
232,2.0
232,2.0
233,2.0
233,2.0
233,2.0
233,2.0
234,2.0
234,2.0
234,2.0
234,2.0
235,2.0
235,2.0
235,2.0
235,2.0
236,2.0
236,2.0
236,2.0
236,2.0
237,2.0
237,2.0
237,2.0
237,2.0
238,2.0
238,2.0
238,2.0
238,2.0
239,2.0
239,2.0
239,2.0
239,2.0
240,2.0
240,2.0
240,2.0
240,2.0
241,2.0
241,2.0
241,2.0
241,2.0
242,2.0
242,2.0
242,2.0
242,2.0
243,2.0
243,2.0
243,2.0
243,2.0
244,2.0
244,2.0
244,2.0
244,2.0
245,2.0
245,2.0
245,2.0
245,2.0
246,2.0
246,2.0
246,2.0
246,2.0
247,2.0
247,2.0
247,2.0
247,2.0
248,2.0
248,2.0
248,2.0
248,2.0
249,2.0
249,2.0
249,2.0
249,2.0
250,2.0
250,2.0
250,2.0
250,2.0
251,2.0
251,2.0
251,2.0
251,2.0
252,2.0
252,2.0
252,2.0
252,2.0
253,2.0
253,2.0
253,2.0
253,2.0
254,2.0
254,2.0
254,2.0
254,2.0
255,2.0
255,2.0
255,2.0
255,2.0
256,2.0
256,2.0
256,2.0
256,2.0
257,2.0
257,2.0
257,2.0
257,2.0
258,2.0
258,2.0
258,2.0
258,2.0
259,2.0
259,2.0
259,2.0
259,2.0
260,2.0
260,2.0
260,2.0
260,2.0
261,2.0
261,2.0
261,2.0
261,2.0
262,2.0
262,2.0
262,2.0
262,2.0
263,2.0
263,2.0
263,2.0
263,2.0
264,2.0
264,2.0
264,2.0
264,2.0
265,2.0
265,2.0
265,2.0
265,2.0
266,2.0
266,2.0
266,2.0
266,2.0
267,2.0
267,2.0
267,2.0
267,2.0
268,2.0
268,2.0
268,2.0
268,2.0
269,2.0
269,2.0
269,2.0
269,2.0
270,2.0
270,2.0
270,2.0
270,2.0
271,2.0
271,2.0
271,2.0
271,2.0
272,2.0
272,2.0
272,2.0
272,2.0
273,2.0
273,2.0
273,2.0
273,2.0
274,2.0
274,2.0
274,2.0
274,2.0
275,2.0
275,2.0
275,2.0
275,2.0
276,2.0
276,2.0
276,2.0
276,2.0
277,2.0
277,2.0
277,2.0
277,2.0
278,2.0
278,2.0
278,2.0
278,2.0
279,2.0
279,2.0
279,2.0
279,2.0
280,2.0
280,2.0
280,2.0
280,2.0
281,2.0
281,2.0
281,2.0
281,2.0
282,2.0
282,2.0
282,2.0
282,2.0
283,2.0
283,2.0
283,2.0
283,2.0
284,2.0
284,2.0
284,2.0
284,2.0
285,2.0
285,2.0
285,2.0
285,2.0
286,2.0
286,2.0
286,2.0
286,2.0
287,2.0
287,2.0
287,2.0
287,2.0
288,2.0
288,2.0
288,2.0
288,2.0
289,2.0
289,2.0
289,2.0
289,2.0
290,2.0
290,2.0
290,2.0
290,2.0
291,2.0
291,2.0
291,2.0
291,2.0
292,2.0
292,2.0
292,2.0
292,2.0
293,2.0
293,2.0
293,2.0
293,2.0
294,2.0
294,2.0
294,2.0
294,2.0
295,2.0
295,2.0
295,2.0
295,2.0
296,2.0
296,2.0
296,2.0
296,2.0
297,2.0
297,2.0
297,2.0
297,2.0
298,2.0
298,2.0
298,2.0
298,2.0
299,2.0
299,2.0
299,2.0
299,2.0
300,2.0
300,2.0
300,2.0
300,2.0
301,2.0
301,2.0
301,2.0
301,2.0
302,2.0
302,2.0
302,2.0
302,2.0
303,2.0
303,2.0
303,2.0
303,2.0
304,2.0
304,2.0
304,2.0
304,2.0
305,2.0
305,2.0
305,2.0
305,2.0
306,2.0
306,2.0
306,2.0
306,2.0
307,2.0
307,2.0
307,2.0
307,2.0
308,2.0
308,2.0
308,2.0
308,2.0
309,2.0
309,2.0
309,2.0
309,2.0
310,2.0
310,2.0
310,2.0
310,2.0
311,2.0
311,2.0
311,2.0
311,2.0
312,2.0
312,2.0
312,2.0
312,2.0
313,2.0
313,2.0
313,2.0
313,2.0
314,2.0
314,2.0
314,2.0
314,2.0
315,2.0
315,2.0
315,2.0
315,2.0
316,2.0
316,2.0
316,2.0
316,2.0
317,2.0
317,2.0
317,2.0
317,2.0
318,2.0
318,2.0
318,2.0
318,2.0
319,2.0
319,2.0
319,2.0
319,2.0
320,2.0
320,2.0
320,2.0
320,2.0
321,2.0
321,2.0
321,2.0
321,2.0
322,2.0
322,2.0
322,2.0
322,2.0
323,2.0
323,2.0
323,2.0
323,2.0
324,2.0
324,2.0
324,2.0
324,2.0
325,2.0
325,2.0
325,2.0
325,2.0
326,2.0
326,2.0
326,2.0
326,2.0
327,2.0
327,2.0
327,2.0
327,2.0
328,2.0
328,2.0
328,2.0
328,2.0
329,2.0
329,2.0
329,2.0
329,2.0
330,2.0
330,2.0
330,2.0
330,2.0
331,2.0
331,2.0
331,2.0
331,2.0
332,2.0
332,2.0
332,2.0
332,2.0
333,2.0
333,2.0
333,2.0
333,2.0
334,2.0
334,2.0
334,2.0
334,2.0
335,2.0
335,2.0
335,2.0
335,2.0
336,2.0
336,2.0
336,2.0
336,2.0
337,2.0
337,2.0
337,2.0
337,2.0
338,2.0
338,2.0
338,2.0
338,2.0
339,2.0
339,2.0
339,2.0
339,2.0
340,2.0
340,2.0
340,2.0
340,2.0
341,2.0
341,2.0
341,2.0
341,2.0
342,2.0
342,2.0
342,2.0
342,2.0
343,2.0
343,2.0
343,2.0
343,2.0
344,2.0
344,2.0
344,2.0
344,2.0
345,2.0
345,2.0
345,2.0
345,2.0
346,2.0
346,2.0
346,2.0
346,2.0
347,2.0
347,2.0
347,2.0
347,2.0
348,2.0
348,2.0
348,2.0
348,2.0
349,2.0
349,2.0
349,2.0
349,2.0
350,2.0
350,2.0
350,2.0
350,2.0
351,2.0
351,2.0
351,2.0
351,2.0
352,2.0
352,2.0
352,2.0
352,2.0
353,2.0
353,2.0
353,2.0
353,2.0
354,2.0
354,2.0
354,2.0
354,2.0
355,2.0
355,2.0
355,2.0
355,2.0
356,2.0
356,2.0
356,2.0
356,2.0
357,2.0
357,2.0
357,2.0
357,2.0
358,2.0
358,2.0
358,2.0
358,2.0
359,2.0
359,2.0
359,2.0
359,2.0
360,2.0
360,2.0
360,2.0
360,2.0
361,2.0
361,2.0
361,2.0
361,2.0
362,2.0
362,2.0
362,2.0
362,2.0
363,2.0
363,2.0
363,2.0
363,2.0
364,2.0
364,2.0
364,2.0
364,2.0
365,2.0
365,2.0
365,2.0
365,2.0
366,2.0
366,2.0
366,2.0
366,2.0
367,2.0
367,2.0
367,2.0
367,2.0
368,2.0
368,2.0
368,2.0
368,2.0
369,2.0
369,2.0
369,2.0
369,2.0
370,2.0
370,2.0
370,2.0
370,2.0
371,2.0
371,2.0
371,2.0
371,2.0
372,2.0
372,2.0
372,2.0
372,2.0
373,2.0
373,2.0
373,2.0
373,2.0
374,2.0
374,2.0
374,2.0
374,2.0
375,2.0
375,2.0
375,2.0
375,2.0
376,2.0
376,2.0
376,2.0
376,2.0
377,2.0
377,2.0
377,2.0
377,2.0
378,2.0
378,2.0
378,2.0
378,2.0
379,2.0
379,2.0
379,2.0
379,2.0
380,2.0
380,2.0
380,2.0
380,2.0
381,2.0
381,2.0
381,2.0
381,2.0
382,2.0
382,2.0
382,2.0
382,2.0
383,2.0
383,2.0
383,2.0
383,2.0
384,2.0
384,2.0
384,2.0
384,2.0
385,2.0
385,2.0
385,2.0
385,2.0
386,2.0
386,2.0
386,2.0
386,2.0
387,2.0
387,2.0
387,2.0
387,2.0
388,2.0
388,2.0
388,2.0
388,2.0
389,2.0
389,2.0
389,2.0
389,2.0
390,2.0
390,2.0
390,2.0
390,2.0
391,2.0
391,2.0
391,2.0
391,2.0
392,2.0
392,2.0
392,2.0
392,2.0
393,2.0
393,2.0
393,2.0
393,2.0
394,2.0
394,2.0
394,2.0
394,2.0
395,2.0
395,2.0
395,2.0
395,2.0
396,2.0
396,2.0
396,2.0
396,2.0
397,2.0
397,2.0
397,2.0
397,2.0
398,2.0
398,2.0
398,2.0
398,2.0
399,2.0
399,2.0
399,2.0
399,2.0
400,2.0
400,2.0
400,2.0
400,2.0
401,2.0
401,2.0
401,2.0
401,2.0
402,2.0
402,2.0
402,2.0
402,2.0
403,2.0
403,2.0
403,2.0
403,2.0
404,2.0
404,2.0
404,2.0
404,2.0
405,2.0
405,2.0
405,2.0
405,2.0
405,2.0
406,2.0
406,2.0
406,2.0
406,2.0
406,2.0
407,2.0
407,2.0
407,2.0
407,2.0
407,2.0
408,2.0
408,2.0
408,2.0
408,2.0
408,2.0
409,2.0
409,2.0
409,2.0
409,2.0
410,2.0
410,2.0
410,2.0
410,2.0
411,2.0
411,2.0
411,2.0
411,2.0
412,2.0
412,2.0
412,2.0
412,2.0
413,2.0
413,2.0
413,2.0
413,2.0
414,2.0
414,2.0
414,2.0
414,2.0
415,2.0
415,2.0
415,2.0
415,2.0
416,2.0
416,2.0
416,2.0
416,2.0
417,2.0
417,2.0
417,2.0
417,2.0
418,2.0
418,2.0
418,2.0
418,2.0
419,2.0
419,2.0
419,2.0
419,2.0
420,2.0
420,2.0
420,2.0
420,2.0
421,2.0
421,2.0
421,2.0
421,2.0
422,2.0
422,2.0
422,2.0
422,2.0
423,2.0
423,2.0
423,2.0
423,2.0
424,2.0
424,2.0
424,2.0
424,2.0
425,2.0
425,2.0
425,2.0
425,2.0
426,2.0
426,2.0
426,2.0
426,2.0
427,2.0
427,2.0
427,2.0
427,2.0
428,2.0
428,2.0
428,2.0
428,2.0
429,2.0
429,2.0
429,2.0
429,2.0
430,2.0
430,2.0
430,2.0
430,2.0
431,2.0
431,2.0
431,2.0
431,2.0
432,2.0
432,2.0
432,2.0
432,2.0
433,2.0
433,2.0
433,2.0
433,2.0
434,2.0
434,2.0
434,2.0
434,2.0
435,2.0
435,2.0
435,2.0
435,2.0
436,2.0
436,2.0
436,2.0
436,2.0
437,2.0
437,2.0
437,2.0
437,2.0
438,2.0
438,2.0
438,2.0
438,2.0
439,2.0
439,2.0
439,2.0
439,2.0
440,2.0
440,2.0
440,2.0
440,2.0
441,2.0
441,2.0
441,2.0
441,2.0
442,2.0
442,2.0
442,2.0
442,2.0
443,2.0
443,2.0
443,2.0
443,2.0
444,2.0
444,2.0
444,2.0
444,2.0
445,2.0
445,2.0
445,2.0
445,2.0
446,2.0
446,2.0
446,2.0
446,2.0
447,2.0
447,2.0
447,2.0
447,2.0
448,2.0
448,2.0
448,2.0
448,2.0
449,2.0
449,2.0
449,2.0
449,2.0
450,2.0
450,2.0
450,2.0
450,2.0
451,2.0
451,2.0
451,2.0
451,2.0
452,2.0
452,2.0
452,2.0
452,2.0
453,2.0
453,2.0
453,2.0
453,2.0
454,2.0
454,2.0
454,2.0
454,2.0
455,2.0
455,2.0
455,2.0
455,2.0
456,2.0
456,2.0
456,2.0
456,2.0
457,2.0
457,2.0
457,2.0
457,2.0
458,2.0
458,2.0
458,2.0
458,2.0
459,2.0
459,2.0
459,2.0
459,2.0
460,2.0
460,2.0
460,2.0
460,2.0
461,2.0
461,2.0
461,2.0
461,2.0
462,2.0
462,2.0
462,2.0
462,2.0
463,2.0
463,2.0
463,2.0
463,2.0
464,2.0
464,2.0
464,2.0
464,2.0
465,2.0
465,2.0
465,2.0
465,2.0
466,2.0
466,2.0
466,2.0
466,2.0
467,2.0
467,2.0
467,2.0
467,2.0
468,2.0
468,2.0
468,2.0
468,2.0
469,2.0
469,2.0
469,2.0
469,2.0
470,2.0
470,2.0
470,2.0
470,2.0
471,2.0
471,2.0
471,2.0
471,2.0
472,2.0
472,2.0
472,2.0
472,2.0
473,2.0
473,2.0
473,2.0
473,2.0
474,2.0
474,2.0
474,2.0
474,2.0
475,2.0
475,2.0
475,2.0
475,2.0
476,2.0
476,2.0
476,2.0
476,2.0
477,2.0
477,2.0
477,2.0
477,2.0
478,2.0
478,2.0
478,2.0
478,2.0
479,2.0
479,2.0
479,2.0
479,2.0
480,2.0
480,2.0
480,2.0
480,2.0
481,2.0
481,2.0
481,2.0
481,2.0
482,2.0
482,2.0
482,2.0
482,2.0
483,2.0
483,2.0
483,2.0
483,2.0
484,2.0
484,2.0
484,2.0
484,2.0
485,2.0
485,2.0
485,2.0
485,2.0
486,2.0
486,2.0
486,2.0
486,2.0
487,2.0
487,2.0
487,2.0
487,2.0
488,2.0
488,2.0
488,2.0
488,2.0
489,2.0
489,2.0
489,2.0
489,2.0
490,2.0
490,2.0
490,2.0
490,2.0
491,2.0
491,2.0
491,2.0
491,2.0
492,2.0
492,2.0
492,2.0
492,2.0
493,2.0
493,2.0
493,2.0
493,2.0
494,2.0
494,2.0
494,2.0
494,2.0
495,2.0
495,2.0
495,2.0
495,2.0
496,2.0
496,2.0
496,2.0
496,2.0
497,2.0
497,2.0
497,2.0
497,2.0
498,2.0
498,2.0
498,2.0
498,2.0
499,2.0
499,2.0
499,2.0
499,2.0
500,2.0
500,2.0
500,2.0
500,2.0
501,2.0
501,2.0
501,2.0
501,2.0
502,2.0
502,2.0
502,2.0
502,2.0
503,2.0
503,2.0
503,2.0
503,2.0
504,2.0
504,2.0
504,2.0
504,2.0
505,2.0
505,2.0
505,2.0
505,2.0
506,2.0
506,2.0
506,2.0
506,2.0
507,2.0
507,2.0
507,2.0
507,2.0
508,2.0
508,2.0
508,2.0
508,2.0
509,2.0
509,2.0
509,2.0
509,2.0
510,2.0
510,2.0
510,2.0
510,2.0
511,2.0
511,2.0
511,2.0
511,2.0
512,2.0
512,2.0
512,2.0
512,2.0
513,2.0
513,2.0
513,2.0
513,2.0
514,2.0
514,2.0
514,2.0
514,2.0
515,2.0
515,2.0
515,2.0
515,2.0
516,2.0
516,2.0
516,2.0
516,2.0
517,2.0
517,2.0
517,2.0
517,2.0
518,2.0
518,2.0
518,2.0
518,2.0
519,2.0
519,2.0
519,2.0
519,2.0
520,2.0
520,2.0
520,2.0
520,2.0
521,2.0
521,2.0
521,2.0
521,2.0
522,2.0
522,2.0
522,2.0
522,2.0
523,2.0
523,2.0
523,2.0
523,2.0
524,2.0
524,2.0
524,2.0
524,2.0
525,2.0
525,2.0
525,2.0
525,2.0
526,2.0
526,2.0
526,2.0
526,2.0
527,2.0
527,2.0
527,2.0
527,2.0
528,2.0
528,2.0
528,2.0
528,2.0
529,2.0
529,2.0
529,2.0
529,2.0
530,2.0
530,2.0
530,2.0
530,2.0
531,2.0
531,2.0
531,2.0
531,2.0
532,2.0
532,2.0
532,2.0
532,2.0
533,2.0
533,2.0
533,2.0
533,2.0
534,2.0
534,2.0
534,2.0
534,2.0
535,2.0
535,2.0
535,2.0
535,2.0
536,2.0
536,2.0
536,2.0
536,2.0
537,2.0
537,2.0
537,2.0
537,2.0
538,2.0
538,2.0
538,2.0
538,2.0
539,2.0
539,2.0
539,2.0
539,2.0
540,2.0
540,2.0
540,2.0
540,2.0
541,2.0
541,2.0
541,2.0
541,2.0
542,2.0
542,2.0
542,2.0
542,2.0
543,2.0
543,2.0
543,2.0
543,2.0
544,2.0
544,2.0
544,2.0
544,2.0
545,2.0
545,2.0
545,2.0
545,2.0
546,2.0
546,2.0
546,2.0
546,2.0
547,2.0
547,2.0
547,2.0
547,2.0
548,2.0
548,2.0
548,2.0
548,2.0
549,2.0
549,2.0
549,2.0
549,2.0
550,2.0
550,2.0
550,2.0
550,2.0
551,2.0
551,2.0
551,2.0
551,2.0
552,2.0
552,2.0
552,2.0
552,2.0
553,2.0
553,2.0
553,2.0
553,2.0
554,2.0
554,2.0
554,2.0
554,2.0
555,2.0
555,2.0
555,2.0
555,2.0
556,2.0
556,2.0
556,2.0
556,2.0
557,2.0
557,2.0
557,2.0
557,2.0
558,2.0
558,2.0
558,2.0
558,2.0
559,2.0
559,2.0
559,2.0
559,2.0
560,2.0
560,2.0
560,2.0
560,2.0
561,2.0
561,2.0
561,2.0
561,2.0
562,2.0
562,2.0
562,2.0
562,2.0
563,2.0
563,2.0
563,2.0
563,2.0
564,2.0
564,2.0
564,2.0
564,2.0
565,2.0
565,2.0
565,2.0
565,2.0
566,2.0
566,2.0
566,2.0
566,2.0
567,2.0
567,2.0
567,2.0
567,2.0
568,2.0
568,2.0
568,2.0
568,2.0
569,2.0
569,2.0
569,2.0
569,2.0
570,2.0
570,2.0
570,2.0
570,2.0
571,2.0
571,2.0
571,2.0
571,2.0
572,2.0
572,2.0
572,2.0
572,2.0
573,2.0
573,2.0
573,2.0
573,2.0
574,2.0
574,2.0
574,2.0
574,2.0
575,2.0
575,2.0
575,2.0
575,2.0
576,2.0
576,2.0
576,2.0
576,2.0
577,2.0
577,2.0
577,2.0
577,2.0
578,2.0
578,2.0
578,2.0
578,2.0
579,2.0
579,2.0
579,2.0
579,2.0
580,2.0
580,2.0
580,2.0
580,2.0
581,2.0
581,2.0
581,2.0
581,2.0
582,2.0
582,2.0
582,2.0
582,2.0
583,2.0
583,2.0
583,2.0
583,2.0
584,2.0
584,2.0
584,2.0
584,2.0
585,2.0
585,2.0
585,2.0
585,2.0
586,2.0
586,2.0
586,2.0
586,2.0
587,2.0
587,2.0
587,2.0
587,2.0
588,2.0
588,2.0
588,2.0
588,2.0
589,2.0
589,2.0
589,2.0
589,2.0
589,2.0
590,2.0
590,2.0
590,2.0
590,2.0
590,2.0
590,0.0
591,2.0
591,2.0
591,2.0
591,2.0
591,2.0
591,0.0
592,2.0
592,2.0
592,0.0
592,2.0
592,2.0
592,2.0
593,2.0
593,2.0
593,0.0
593,2.0
593,2.0
593,2.0
594,2.0
594,0.0
594,2.0
594,2.0
594,2.0
594,2.0
595,2.0
595,0.0
595,2.0
595,2.0
595,2.0
595,2.0
596,2.0
596,0.0
596,2.0
596,2.0
596,2.0
596,2.0
597,2.0
597,0.0
597,2.0
597,2.0
597,2.0
597,2.0
598,2.0
598,2.0
598,0.0
598,2.0
598,2.0
598,2.0
599,2.0
599,2.0
599,0.0
599,2.0
599,2.0
599,2.0
600,2.0
600,2.0
600,2.0
600,0.0
600,2.0
600,2.0
601,2.0
601,2.0
601,2.0
601,0.0
601,2.0
601,2.0
602,2.0
602,2.0
602,2.0
602,0.0
602,2.0
602,2.0
603,2.0
603,0.0
603,2.0
603,2.0
603,2.0
603,2.0
604,2.0
604,0.0
604,2.0
604,2.0
604,2.0
604,2.0
605,2.0
605,0.0
605,2.0
605,2.0
605,2.0
605,2.0
606,2.0
606,0.0
606,2.0
606,2.0
606,2.0
606,2.0
607,2.0
607,0.0
607,2.0
607,2.0
607,2.0
607,2.0
608,2.0
608,0.0
608,2.0
608,2.0
608,2.0
608,2.0
609,2.0
609,0.0
609,2.0
609,2.0
609,2.0
609,2.0
610,2.0
610,0.0
610,2.0
610,2.0
610,2.0
610,2.0
611,2.0
611,0.0
611,2.0
611,2.0
611,2.0
611,2.0
612,0.0
612,2.0
612,2.0
612,2.0
612,2.0
612,2.0
613,2.0
613,0.0
613,2.0
613,2.0
613,2.0
613,2.0
614,2.0
614,0.0
614,2.0
614,2.0
614,2.0
614,2.0
615,2.0
615,0.0
615,2.0
615,2.0
615,2.0
615,2.0
616,2.0
616,0.0
616,2.0
616,2.0
616,2.0
616,2.0
617,2.0
617,0.0
617,2.0
617,2.0
617,2.0
617,2.0
618,2.0
618,0.0
618,2.0
618,2.0
618,2.0
618,2.0
619,0.0
619,2.0
619,2.0
619,2.0
619,2.0
619,2.0
620,2.0
620,0.0
620,2.0
620,2.0
620,2.0
620,2.0
621,2.0
621,0.0
621,2.0
621,2.0
621,2.0
621,2.0
622,2.0
622,0.0
622,2.0
622,2.0
622,2.0
622,2.0
623,2.0
623,0.0
623,2.0
623,2.0
623,2.0
623,2.0
624,0.0
624,2.0
624,2.0
624,2.0
624,2.0
624,2.0
625,2.0
625,0.0
625,2.0
625,2.0
625,2.0
625,2.0
626,0.0
626,2.0
626,2.0
626,2.0
626,2.0
626,0.0
626,2.0
627,0.0
627,2.0
627,2.0
627,0.0
627,2.0
627,2.0
627,2.0
628,0.0
628,2.0
628,2.0
628,0.0
628,2.0
628,2.0
628,2.0
629,0.0
629,2.0
629,2.0
629,0.0
629,2.0
629,2.0
629,2.0
630,0.0
630,2.0
630,2.0
630,2.0
630,2.0
630,0.0
630,2.0
631,0.0
631,0.0
631,2.0
631,2.0
631,2.0
631,2.0
631,2.0
632,0.0
632,2.0
632,0.0
632,2.0
632,2.0
632,2.0
632,2.0
633,0.0
633,2.0
633,2.0
633,2.0
633,0.0
633,2.0
633,2.0
634,0.0
634,2.0
634,2.0
634,2.0
634,2.0
634,0.0
634,2.0
635,0.0
635,2.0
635,2.0
635,2.0
635,2.0
635,0.0
635,2.0
636,0.0
636,2.0
636,2.0
636,2.0
636,2.0
636,0.0
636,2.0
637,0.0
637,2.0
637,2.0
637,2.0
637,0.0
637,2.0
637,2.0
638,0.0
638,2.0
638,2.0
638,0.0
638,2.0
638,2.0
638,2.0
639,0.0
639,2.0
639,2.0
639,0.0
639,2.0
639,2.0
639,2.0
640,0.0
640,2.0
640,2.0
640,0.0
640,2.0
640,2.0
640,2.0
641,0.0
641,2.0
641,2.0
641,0.0
641,2.0
641,2.0
641,2.0
642,0.0
642,2.0
642,2.0
642,0.0
642,2.0
642,2.0
642,2.0
643,0.0
643,0.0
643,2.0
643,2.0
643,2.0
643,2.0
643,2.0
644,0.0
644,0.0
644,2.0
644,2.0
644,2.0
644,2.0
644,2.0
645,0.0
645,0.0
645,2.0
645,2.0
645,2.0
645,2.0
645,2.0
646,0.0
646,0.0
646,2.0
646,2.0
646,2.0
646,2.0
646,2.0
647,0.0
647,0.0
647,2.0
647,2.0
647,2.0
647,2.0
647,2.0
648,0.0
648,0.0
648,2.0
648,2.0
648,2.0
648,2.0
648,2.0
649,0.0
649,0.0
649,2.0
649,2.0
649,2.0
649,2.0
649,2.0
650,0.0
650,2.0
650,0.0
650,2.0
650,2.0
650,2.0
650,2.0
651,0.0
651,0.0
651,2.0
651,2.0
651,2.0
651,2.0
651,2.0
652,0.0
652,0.0
652,2.0
652,2.0
652,2.0
652,2.0
652,2.0
653,0.0
653,0.0
653,2.0
653,2.0
653,2.0
653,2.0
653,2.0
654,0.0
654,0.0
654,2.0
654,2.0
654,2.0
654,2.0
654,2.0
655,0.0
655,0.0
655,2.0
655,2.0
655,2.0
655,2.0
655,2.0
656,2.0
656,0.0
656,0.0
656,2.0
656,2.0
656,2.0
656,2.0
657,2.0
657,0.0
657,0.0
657,2.0
657,2.0
657,2.0
657,2.0
658,0.0
658,2.0
658,0.0
658,2.0
658,2.0
658,2.0
658,2.0
659,0.0
659,2.0
659,0.0
659,2.0
659,2.0
659,2.0
659,2.0
660,2.0
660,0.0
660,0.0
660,2.0
660,2.0
660,2.0
660,2.0
661,2.0
661,0.0
661,0.0
661,2.0
661,2.0
661,2.0
661,2.0
662,2.0
662,0.0
662,0.0
662,2.0
662,2.0
662,2.0
662,2.0
663,2.0
663,0.0
663,0.0
663,2.0
663,2.0
663,2.0
663,2.0
664,2.0
664,0.0
664,0.0
664,2.0
664,2.0
664,2.0
664,2.0
665,2.0
665,0.0
665,0.0
665,2.0
665,2.0
665,2.0
665,2.0
666,2.0
666,0.0
666,0.0
666,2.0
666,2.0
666,2.0
666,2.0
667,2.0
667,0.0
667,0.0
667,2.0
667,2.0
667,2.0
667,2.0
668,2.0
668,0.0
668,0.0
668,2.0
668,2.0
668,2.0
668,2.0
669,0.0
669,2.0
669,0.0
669,2.0
669,2.0
669,2.0
669,2.0
670,0.0
670,2.0
670,0.0
670,2.0
670,2.0
670,2.0
670,2.0
671,0.0
671,2.0
671,0.0
671,2.0
671,2.0
671,2.0
671,2.0
672,0.0
672,0.0
672,2.0
672,2.0
672,2.0
672,2.0
672,2.0
673,0.0
673,0.0
673,2.0
673,2.0
673,2.0
673,2.0
673,2.0
674,0.0
674,0.0
674,2.0
674,2.0
674,2.0
674,2.0
674,2.0
675,0.0
675,2.0
675,0.0
675,2.0
675,2.0
675,2.0
675,2.0
676,0.0
676,2.0
676,0.0
676,2.0
676,2.0
676,2.0
676,2.0
677,0.0
677,2.0
677,0.0
677,2.0
677,2.0
677,2.0
677,2.0
678,0.0
678,2.0
678,0.0
678,2.0
678,2.0
678,2.0
678,2.0
679,0.0
679,2.0
679,0.0
679,2.0
679,2.0
679,2.0
679,2.0
680,0.0
680,0.0
680,2.0
680,2.0
680,2.0
680,2.0
680,2.0
680,36.0
681,0.0
681,0.0
681,2.0
681,2.0
681,2.0
681,2.0
681,2.0
682,0.0
682,0.0
682,2.0
682,2.0
682,2.0
682,2.0
682,2.0
683,0.0
683,0.0
683,2.0
683,2.0
683,2.0
683,2.0
683,2.0
684,0.0
684,0.0
684,2.0
684,2.0
684,2.0
684,2.0
684,2.0
685,0.0
685,0.0
685,2.0
685,2.0
685,2.0
685,2.0
685,2.0
686,0.0
686,0.0
686,2.0
686,2.0
686,2.0
686,2.0
686,2.0
686,2.0
687,0.0
687,0.0
687,2.0
687,2.0
687,2.0
687,2.0
687,2.0
688,0.0
688,0.0
688,2.0
688,2.0
688,2.0
688,2.0
688,2.0
689,0.0
689,0.0
689,2.0
689,2.0
689,2.0
689,2.0
689,2.0
690,0.0
690,0.0
690,2.0
690,2.0
690,2.0
690,2.0
690,2.0
691,0.0
691,0.0
691,2.0
691,2.0
691,2.0
691,2.0
691,2.0
692,0.0
692,0.0
692,2.0
692,2.0
692,2.0
692,2.0
692,2.0
693,0.0
693,2.0
693,0.0
693,2.0
693,2.0
693,2.0
693,2.0
694,0.0
694,0.0
694,2.0
694,2.0
694,2.0
694,2.0
694,2.0
695,0.0
695,2.0
695,0.0
695,2.0
695,2.0
695,2.0
695,2.0
696,0.0
696,0.0
696,2.0
696,2.0
696,2.0
696,2.0
696,2.0
697,0.0
697,0.0
697,2.0
697,2.0
697,2.0
697,2.0
697,2.0
698,0.0
698,0.0
698,2.0
698,2.0
698,2.0
698,2.0
698,2.0
699,0.0
699,0.0
699,2.0
699,2.0
699,2.0
699,2.0
699,2.0
700,0.0
700,0.0
700,2.0
700,2.0
700,2.0
700,2.0
701,0.0
701,0.0
701,2.0
701,2.0
701,2.0
701,2.0
702,0.0
702,0.0
702,2.0
702,2.0
702,2.0
702,2.0
703,0.0
703,0.0
703,2.0
703,2.0
703,2.0
703,2.0
704,0.0
704,0.0
704,2.0
704,2.0
704,2.0
704,2.0
705,0.0
705,0.0
705,2.0
705,2.0
705,2.0
705,2.0
706,0.0
706,0.0
706,2.0
706,2.0
706,2.0
706,2.0
707,0.0
707,0.0
707,2.0
707,2.0
707,2.0
707,2.0
708,0.0
708,0.0
708,2.0
708,2.0
708,2.0
708,2.0
709,0.0
709,0.0
709,2.0
709,2.0
709,2.0
709,2.0
709,2.0
710,0.0
710,0.0
710,2.0
710,2.0
710,2.0
710,2.0
710,2.0
711,0.0
711,0.0
711,2.0
711,2.0
711,2.0
711,2.0
711,7.0
711,7.0
711,2.0
712,0.0
712,0.0
712,2.0
712,2.0
712,2.0
712,2.0
712,7.0
712,7.0
712,2.0
713,0.0
713,0.0
713,2.0
713,2.0
713,2.0
713,2.0
713,7.0
713,7.0
713,2.0
714,0.0
714,0.0
714,2.0
714,2.0
714,2.0
714,2.0
714,7.0
714,7.0
715,0.0
715,0.0
715,2.0
715,2.0
715,2.0
715,7.0
715,2.0
715,7.0
716,0.0
716,0.0
716,2.0
716,2.0
716,7.0
716,2.0
716,2.0
716,7.0
716,2.0
717,0.0
717,0.0
717,2.0
717,2.0
717,2.0
717,2.0
717,7.0
717,7.0
717,2.0
718,0.0
718,0.0
718,2.0
718,2.0
718,2.0
718,2.0
718,7.0
718,7.0
718,2.0
719,0.0
719,0.0
719,2.0
719,2.0
719,2.0
719,2.0
719,7.0
719,7.0
719,2.0
720,0.0
720,2.0
720,0.0
720,2.0
720,2.0
720,2.0
720,7.0
720,2.0
721,0.0
721,0.0
721,2.0
721,2.0
721,2.0
721,2.0
721,7.0
721,2.0
722,0.0
722,0.0
722,2.0
722,2.0
722,2.0
722,2.0
722,7.0
722,2.0
723,0.0
723,2.0
723,0.0
723,2.0
723,2.0
723,2.0
723,7.0
723,2.0
724,0.0
724,2.0
724,0.0
724,2.0
724,2.0
724,2.0
724,7.0
724,2.0
725,0.0
725,2.0
725,0.0
725,2.0
725,2.0
725,2.0
725,7.0
725,2.0
726,0.0
726,2.0
726,0.0
726,2.0
726,2.0
726,2.0
726,7.0
727,0.0
727,2.0
727,0.0
727,2.0
727,2.0
727,2.0
727,7.0
728,0.0
728,0.0
728,2.0
728,2.0
728,2.0
728,2.0
728,7.0
729,0.0
729,0.0
729,2.0
729,2.0
729,2.0
729,2.0
729,7.0
729,2.0
730,0.0
730,0.0
730,2.0
730,2.0
730,2.0
730,2.0
730,7.0
730,2.0
731,0.0
731,0.0
731,2.0
731,2.0
731,2.0
731,2.0
731,7.0
731,2.0
732,0.0
732,0.0
732,2.0
732,2.0
732,2.0
732,2.0
732,7.0
732,2.0
733,0.0
733,0.0
733,2.0
733,2.0
733,2.0
733,2.0
733,7.0
734,0.0
734,0.0
734,2.0
734,2.0
734,2.0
734,2.0
734,7.0
735,0.0
735,0.0
735,2.0
735,2.0
735,2.0
735,2.0
735,7.0
735,2.0
736,0.0
736,0.0
736,2.0
736,2.0
736,2.0
736,2.0
736,2.0
736,7.0
737,0.0
737,0.0
737,2.0
737,2.0
737,2.0
737,2.0
737,2.0
737,7.0
738,0.0
738,0.0
738,2.0
738,2.0
738,2.0
738,2.0
738,2.0
739,0.0
739,2.0
739,0.0
739,2.0
739,2.0
739,2.0
739,2.0
740,0.0
740,2.0
740,0.0
740,2.0
740,2.0
740,2.0
740,2.0
741,0.0
741,2.0
741,0.0
741,2.0
741,2.0
741,2.0
741,2.0
742,0.0
742,2.0
742,0.0
742,2.0
742,2.0
742,2.0
742,2.0
743,0.0
743,2.0
743,0.0
743,2.0
743,2.0
743,2.0
743,2.0
744,0.0
744,0.0
744,2.0
744,2.0
744,2.0
744,2.0
744,2.0
745,0.0
745,2.0
745,0.0
745,2.0
745,2.0
745,2.0
745,2.0
746,0.0
746,2.0
746,0.0
746,2.0
746,2.0
746,2.0
746,2.0
747,0.0
747,2.0
747,0.0
747,2.0
747,2.0
747,2.0
747,2.0
748,0.0
748,2.0
748,0.0
748,2.0
748,2.0
748,2.0
748,2.0
749,0.0
749,2.0
749,0.0
749,2.0
749,2.0
749,2.0
749,2.0
750,0.0
750,0.0
750,2.0
750,2.0
750,2.0
750,2.0
750,2.0
751,0.0
751,0.0
751,2.0
751,2.0
751,2.0
751,2.0
751,2.0
752,0.0
752,0.0
752,2.0
752,2.0
752,2.0
752,2.0
752,2.0
753,0.0
753,2.0
753,0.0
753,2.0
753,2.0
753,2.0
753,2.0
754,0.0
754,2.0
754,0.0
754,2.0
754,2.0
754,2.0
754,2.0
755,0.0
755,2.0
755,0.0
755,2.0
755,2.0
755,2.0
755,2.0
756,0.0
756,2.0
756,0.0
756,2.0
756,2.0
756,2.0
756,2.0
757,0.0
757,0.0
757,2.0
757,2.0
757,2.0
757,2.0
757,2.0
758,0.0
758,0.0
758,2.0
758,2.0
758,2.0
758,2.0
758,2.0
759,0.0
759,0.0
759,2.0
759,2.0
759,2.0
759,2.0
759,2.0
760,0.0
760,0.0
760,2.0
760,2.0
760,2.0
760,2.0
760,2.0
761,0.0
761,0.0
761,2.0
761,2.0
761,2.0
761,2.0
761,2.0
762,2.0
762,0.0
762,2.0
762,0.0
762,2.0
762,2.0
762,2.0
763,2.0
763,2.0
763,0.0
763,0.0
763,2.0
763,2.0
763,2.0
764,0.0
764,2.0
764,2.0
764,0.0
764,2.0
764,2.0
764,2.0
765,0.0
765,2.0
765,2.0
765,0.0
765,2.0
765,2.0
765,2.0
766,0.0
766,2.0
766,2.0
766,0.0
766,2.0
766,2.0
766,2.0
767,0.0
767,2.0
767,2.0
767,0.0
767,2.0
767,2.0
767,2.0
768,0.0
768,2.0
768,2.0
768,0.0
768,2.0
768,2.0
768,2.0
769,2.0
769,2.0
769,0.0
769,0.0
769,2.0
769,2.0
769,2.0
770,2.0
770,2.0
770,0.0
770,0.0
770,2.0
770,2.0
770,2.0
771,2.0
771,2.0
771,0.0
771,0.0
771,2.0
771,2.0
771,2.0
772,2.0
772,2.0
772,0.0
772,0.0
772,2.0
772,2.0
772,2.0
773,2.0
773,2.0
773,0.0
773,0.0
773,2.0
773,2.0
773,2.0
774,2.0
774,2.0
774,0.0
774,0.0
774,2.0
774,2.0
774,2.0
775,2.0
775,2.0
775,0.0
775,0.0
775,2.0
775,2.0
775,2.0
776,2.0
776,0.0
776,2.0
776,0.0
776,2.0
776,2.0
776,2.0
777,0.0
777,2.0
777,2.0
777,0.0
777,2.0
777,2.0
777,2.0
778,0.0
778,2.0
778,2.0
778,0.0
778,2.0
778,2.0
778,2.0
779,0.0
779,2.0
779,2.0
779,0.0
779,2.0
779,2.0
779,2.0
780,0.0
780,2.0
780,2.0
780,0.0
780,2.0
780,2.0
780,2.0
781,0.0
781,2.0
781,2.0
781,0.0
781,2.0
781,2.0
781,2.0
782,2.0
782,0.0
782,2.0
782,2.0
782,0.0
782,2.0
782,2.0
783,2.0
783,2.0
783,0.0
783,0.0
783,2.0
783,2.0
783,2.0
784,2.0
784,2.0
784,0.0
784,2.0
784,0.0
784,2.0
784,2.0
785,2.0
785,2.0
785,0.0
785,2.0
785,0.0
785,2.0
785,2.0
786,2.0
786,2.0
786,2.0
786,0.0
786,0.0
786,2.0
786,2.0
787,2.0
787,2.0
787,0.0
787,2.0
787,0.0
787,2.0
787,2.0
788,2.0
788,2.0
788,0.0
788,0.0
788,2.0
788,2.0
788,2.0
789,2.0
789,2.0
789,0.0
789,2.0
789,0.0
789,2.0
789,2.0
790,2.0
790,2.0
790,0.0
790,0.0
790,2.0
790,2.0
790,2.0
791,2.0
791,2.0
791,0.0
791,0.0
791,2.0
791,2.0
791,2.0
792,2.0
792,2.0
792,0.0
792,0.0
792,2.0
792,2.0
792,2.0
793,2.0
793,0.0
793,2.0
793,0.0
793,2.0
793,2.0
793,2.0
794,2.0
794,0.0
794,2.0
794,0.0
794,2.0
794,2.0
794,2.0
795,2.0
795,2.0
795,0.0
795,0.0
795,2.0
795,2.0
795,2.0
796,2.0
796,2.0
796,0.0
796,0.0
796,2.0
796,2.0
796,2.0
797,2.0
797,2.0
797,0.0
797,0.0
797,2.0
797,2.0
797,2.0
798,2.0
798,2.0
798,0.0
798,0.0
798,2.0
798,2.0
798,2.0
799,2.0
799,2.0
799,0.0
799,0.0
799,2.0
799,2.0
799,2.0
800,2.0
800,2.0
800,0.0
800,0.0
800,2.0
800,2.0
800,2.0
801,2.0
801,2.0
801,0.0
801,0.0
801,2.0
801,2.0
801,2.0
802,2.0
802,2.0
802,0.0
802,0.0
802,2.0
802,2.0
802,2.0
803,2.0
803,2.0
803,0.0
803,0.0
803,2.0
803,2.0
803,2.0
804,2.0
804,0.0
804,2.0
804,0.0
804,2.0
804,2.0
804,2.0
805,2.0
805,0.0
805,2.0
805,0.0
805,2.0
805,2.0
805,2.0
806,2.0
806,0.0
806,2.0
806,0.0
806,2.0
806,2.0
806,2.0
807,2.0
807,0.0
807,2.0
807,0.0
807,2.0
807,2.0
807,2.0
808,2.0
808,0.0
808,2.0
808,0.0
808,2.0
808,2.0
808,2.0
809,2.0
809,0.0
809,2.0
809,0.0
809,2.0
809,2.0
809,2.0
810,2.0
810,0.0
810,2.0
810,0.0
810,2.0
810,2.0
810,2.0
811,2.0
811,2.0
811,0.0
811,0.0
811,2.0
811,2.0
811,2.0
812,2.0
812,2.0
812,0.0
812,0.0
812,2.0
812,2.0
812,2.0
813,2.0
813,2.0
813,0.0
813,0.0
813,2.0
813,2.0
813,2.0
814,2.0
814,2.0
814,0.0
814,0.0
814,2.0
814,2.0
814,2.0
815,2.0
815,2.0
815,0.0
815,0.0
815,2.0
815,2.0
815,2.0
816,2.0
816,2.0
816,0.0
816,0.0
816,2.0
816,2.0
816,2.0
817,2.0
817,2.0
817,0.0
817,0.0
817,2.0
817,2.0
817,2.0
818,2.0
818,2.0
818,0.0
818,0.0
818,2.0
818,2.0
818,2.0
819,2.0
819,2.0
819,0.0
819,0.0
819,2.0
819,2.0
819,2.0
820,2.0
820,2.0
820,0.0
820,0.0
820,2.0
820,2.0
820,2.0
821,2.0
821,2.0
821,0.0
821,0.0
821,2.0
821,2.0
821,2.0
822,2.0
822,2.0
822,0.0
822,0.0
822,2.0
822,2.0
822,2.0
823,2.0
823,2.0
823,0.0
823,0.0
823,2.0
823,2.0
823,2.0
824,2.0
824,2.0
824,0.0
824,0.0
824,2.0
824,2.0
824,2.0
825,2.0
825,2.0
825,0.0
825,0.0
825,2.0
825,2.0
825,2.0
826,2.0
826,2.0
826,0.0
826,0.0
826,2.0
826,2.0
826,2.0
827,2.0
827,2.0
827,0.0
827,0.0
827,2.0
827,2.0
827,2.0
828,2.0
828,2.0
828,0.0
828,0.0
828,2.0
828,2.0
828,2.0
829,2.0
829,2.0
829,0.0
829,0.0
829,2.0
829,2.0
829,2.0
830,2.0
830,2.0
830,0.0
830,0.0
830,2.0
830,2.0
830,2.0
831,2.0
831,2.0
831,0.0
831,0.0
831,2.0
831,2.0
831,2.0
832,2.0
832,2.0
832,0.0
832,0.0
832,2.0
832,2.0
832,2.0
833,2.0
833,2.0
833,0.0
833,0.0
833,2.0
833,2.0
833,2.0
834,2.0
834,2.0
834,0.0
834,0.0
834,2.0
834,2.0
834,2.0
834,2.0
834,0.0
835,2.0
835,2.0
835,0.0
835,0.0
835,2.0
835,2.0
835,2.0
835,2.0
835,0.0
836,2.0
836,2.0
836,0.0
836,0.0
836,2.0
836,2.0
836,2.0
836,2.0
836,0.0
837,2.0
837,2.0
837,0.0
837,0.0
837,2.0
837,2.0
837,2.0
837,2.0
838,2.0
838,2.0
838,0.0
838,0.0
838,2.0
838,2.0
838,2.0
838,2.0
839,2.0
839,2.0
839,0.0
839,0.0
839,2.0
839,2.0
839,2.0
839,2.0
840,2.0
840,2.0
840,0.0
840,0.0
840,2.0
840,2.0
840,2.0
840,2.0
841,2.0
841,2.0
841,0.0
841,2.0
841,0.0
841,2.0
841,2.0
841,2.0
842,2.0
842,2.0
842,0.0
842,2.0
842,2.0
842,2.0
842,0.0
842,2.0
842,0.0
843,2.0
843,2.0
843,0.0
843,2.0
843,2.0
843,2.0
843,0.0
843,2.0
844,2.0
844,2.0
844,0.0
844,2.0
844,0.0
844,2.0
844,2.0
844,2.0
845,2.0
845,2.0
845,0.0
845,2.0
845,0.0
845,2.0
845,2.0
845,2.0
846,2.0
846,2.0
846,0.0
846,2.0
846,2.0
846,0.0
846,2.0
846,2.0
847,2.0
847,2.0
847,0.0
847,2.0
847,2.0
847,0.0
847,2.0
847,2.0
848,2.0
848,0.0
848,2.0
848,2.0
848,2.0
848,0.0
848,2.0
848,2.0
849,2.0
849,0.0
849,2.0
849,2.0
849,2.0
849,0.0
849,2.0
849,2.0
850,2.0
850,2.0
850,0.0
850,2.0
850,2.0
850,0.0
850,2.0
850,2.0
851,2.0
851,2.0
851,0.0
851,2.0
851,2.0
851,0.0
851,2.0
851,2.0
852,2.0
852,2.0
852,0.0
852,0.0
852,2.0
852,2.0
852,2.0
852,2.0
853,2.0
853,2.0
853,0.0
853,0.0
853,2.0
853,2.0
853,2.0
853,2.0
854,2.0
854,2.0
854,0.0
854,0.0
854,2.0
854,2.0
854,2.0
854,2.0
855,2.0
855,2.0
855,0.0
855,2.0
855,0.0
855,2.0
855,2.0
855,2.0
856,2.0
856,2.0
856,0.0
856,0.0
856,2.0
856,2.0
856,2.0
856,2.0
857,2.0
857,2.0
857,0.0
857,0.0
857,2.0
857,2.0
857,2.0
857,2.0
858,2.0
858,2.0
858,0.0
858,0.0
858,2.0
858,2.0
858,2.0
858,2.0
859,2.0
859,2.0
859,0.0
859,0.0
859,2.0
859,2.0
859,2.0
860,2.0
860,2.0
860,0.0
860,0.0
860,2.0
860,2.0
860,2.0
861,2.0
861,2.0
861,0.0
861,0.0
861,2.0
861,2.0
861,2.0
862,2.0
862,2.0
862,0.0
862,0.0
862,2.0
862,2.0
862,2.0
863,2.0
863,2.0
863,0.0
863,0.0
863,2.0
863,2.0
863,2.0
864,2.0
864,2.0
864,0.0
864,0.0
864,2.0
864,2.0
864,2.0
865,2.0
865,2.0
865,2.0
865,0.0
865,0.0
865,2.0
865,2.0
866,2.0
866,2.0
866,0.0
866,2.0
866,2.0
866,0.0
866,2.0
867,2.0
867,2.0
867,0.0
867,2.0
867,2.0
867,0.0
867,2.0
868,2.0
868,2.0
868,0.0
868,2.0
868,2.0
868,0.0
868,2.0
869,2.0
869,2.0
869,0.0
869,2.0
869,2.0
869,0.0
869,2.0
870,2.0
870,2.0
870,0.0
870,2.0
870,0.0
870,2.0
870,2.0
870,2.0
871,2.0
871,2.0
871,0.0
871,0.0
871,2.0
871,2.0
871,2.0
871,2.0
872,2.0
872,2.0
872,0.0
872,0.0
872,2.0
872,2.0
872,2.0
872,2.0
873,2.0
873,2.0
873,0.0
873,0.0
873,2.0
873,2.0
873,2.0
873,2.0
874,2.0
874,2.0
874,0.0
874,0.0
874,2.0
874,2.0
874,2.0
874,2.0
875,2.0
875,2.0
875,0.0
875,0.0
875,2.0
875,2.0
875,2.0
875,2.0
876,2.0
876,2.0
876,0.0
876,0.0
876,2.0
876,2.0
876,2.0
876,2.0
877,2.0
877,2.0
877,0.0
877,2.0
877,2.0
877,0.0
877,2.0
877,2.0
878,2.0
878,2.0
878,0.0
878,2.0
878,0.0
878,2.0
878,2.0
878,2.0
879,2.0
879,2.0
879,0.0
879,2.0
879,0.0
879,2.0
879,2.0
879,2.0
880,2.0
880,2.0
880,0.0
880,2.0
880,2.0
880,2.0
880,0.0
880,2.0
881,2.0
881,2.0
881,0.0
881,2.0
881,2.0
881,2.0
881,0.0
881,2.0
882,2.0
882,2.0
882,0.0
882,2.0
882,2.0
882,2.0
882,0.0
882,2.0
883,2.0
883,2.0
883,0.0
883,2.0
883,2.0
883,0.0
883,2.0
883,2.0
884,2.0
884,2.0
884,2.0
884,0.0
884,2.0
884,2.0
884,2.0
884,0.0
885,2.0
885,2.0
885,2.0
885,0.0
885,2.0
885,2.0
885,0.0
885,2.0
886,2.0
886,2.0
886,2.0
886,0.0
886,2.0
886,0.0
886,2.0
886,2.0
887,2.0
887,2.0
887,2.0
887,0.0
887,2.0
887,0.0
887,2.0
887,2.0
888,2.0
888,2.0
888,2.0
888,2.0
888,0.0
888,0.0
888,2.0
888,2.0
889,2.0
889,2.0
889,2.0
889,2.0
889,0.0
889,0.0
889,2.0
889,2.0
890,2.0
890,2.0
890,2.0
890,2.0
890,0.0
890,0.0
890,2.0
890,2.0
891,2.0
891,2.0
891,2.0
891,2.0
891,0.0
891,0.0
891,2.0
891,2.0
892,2.0
892,2.0
892,2.0
892,2.0
892,0.0
892,2.0
892,2.0
892,0.0
893,2.0
893,2.0
893,2.0
893,2.0
893,0.0
893,2.0
893,2.0
893,0.0
894,2.0
894,2.0
894,2.0
894,2.0
894,0.0
894,0.0
894,2.0
894,2.0
895,2.0
895,2.0
895,2.0
895,0.0
895,0.0
895,2.0
895,2.0
895,2.0
896,2.0
896,2.0
896,2.0
896,2.0
896,0.0
896,0.0
896,2.0
896,2.0
897,2.0
897,2.0
897,0.0
897,0.0
897,2.0
897,2.0
897,2.0
897,2.0
898,2.0
898,2.0
898,0.0
898,0.0
898,2.0
898,2.0
898,2.0
898,2.0
899,2.0
899,2.0
899,0.0
899,0.0
899,2.0
899,2.0
899,2.0
899,2.0
900,2.0
900,2.0
900,0.0
900,0.0
900,2.0
900,2.0
900,2.0
900,2.0
901,2.0
901,2.0
901,0.0
901,0.0
901,2.0
901,2.0
901,2.0
901,2.0
902,2.0
902,2.0
902,0.0
902,0.0
902,2.0
902,2.0
902,2.0
902,2.0
903,2.0
903,2.0
903,0.0
903,2.0
903,0.0
903,2.0
903,2.0
903,2.0
904,2.0
904,2.0
904,0.0
904,2.0
904,0.0
904,2.0
904,2.0
905,2.0
905,2.0
905,0.0
905,2.0
905,0.0
905,2.0
905,2.0
906,2.0
906,2.0
906,0.0
906,2.0
906,0.0
906,2.0
906,2.0
906,26.0
907,2.0
907,2.0
907,0.0
907,0.0
907,2.0
907,2.0
907,2.0
908,2.0
908,2.0
908,0.0
908,0.0
908,2.0
908,2.0
908,2.0
909,2.0
909,2.0
909,0.0
909,2.0
909,2.0
909,0.0
909,2.0
910,2.0
910,2.0
910,0.0
910,0.0
910,2.0
910,2.0
910,2.0
911,2.0
911,2.0
911,0.0
911,0.0
911,2.0
911,2.0
911,2.0
912,2.0
912,2.0
912,0.0
912,2.0
912,0.0
912,2.0
912,2.0
913,2.0
913,2.0
913,0.0
913,2.0
913,0.0
913,2.0
913,2.0
914,2.0
914,0.0
914,2.0
914,2.0
914,0.0
914,2.0
914,2.0
915,2.0
915,2.0
915,0.0
915,2.0
915,0.0
915,2.0
915,2.0
916,0.0
916,2.0
916,2.0
916,0.0
916,2.0
916,2.0
916,2.0
917,0.0
917,2.0
917,2.0
917,0.0
917,2.0
917,2.0
917,2.0
918,2.0
918,0.0
918,2.0
918,2.0
918,2.0
918,0.0
918,2.0
919,2.0
919,0.0
919,2.0
919,2.0
919,2.0
919,0.0
919,2.0
920,2.0
920,2.0
920,0.0
920,0.0
920,2.0
920,2.0
920,2.0
921,2.0
921,2.0
921,0.0
921,0.0
921,2.0
921,2.0
921,2.0
922,2.0
922,2.0
922,0.0
922,0.0
922,2.0
922,2.0
922,2.0
923,2.0
923,0.0
923,2.0
923,0.0
923,2.0
923,2.0
923,2.0
924,2.0
924,2.0
924,0.0
924,2.0
924,0.0
924,2.0
924,2.0
925,2.0
925,2.0
925,0.0
925,0.0
925,2.0
925,2.0
925,2.0
926,2.0
926,2.0
926,0.0
926,0.0
926,2.0
926,2.0
926,2.0
927,2.0
927,0.0
927,2.0
927,0.0
927,2.0
927,2.0
927,2.0
928,2.0
928,0.0
928,0.0
928,2.0
928,2.0
928,2.0
928,2.0
929,2.0
929,0.0
929,0.0
929,2.0
929,2.0
929,2.0
929,2.0
930,2.0
930,0.0
930,2.0
930,2.0
930,0.0
930,2.0
930,2.0
931,2.0
931,0.0
931,0.0
931,2.0
931,2.0
931,2.0
931,2.0
932,2.0
932,0.0
932,0.0
932,2.0
932,2.0
932,2.0
932,2.0
933,2.0
933,0.0
933,0.0
933,2.0
933,2.0
933,2.0
933,2.0
934,2.0
934,0.0
934,0.0
934,2.0
934,2.0
934,2.0
934,2.0
935,2.0
935,0.0
935,0.0
935,2.0
935,2.0
935,2.0
935,2.0
936,2.0
936,0.0
936,2.0
936,0.0
936,2.0
936,2.0
936,2.0
937,2.0
937,0.0
937,0.0
937,2.0
937,2.0
937,2.0
937,2.0
938,2.0
938,0.0
938,0.0
938,2.0
938,2.0
938,2.0
938,2.0
939,2.0
939,0.0
939,2.0
939,0.0
939,2.0
939,2.0
939,2.0
940,2.0
940,2.0
940,0.0
940,0.0
940,2.0
940,2.0
941,2.0
941,2.0
941,0.0
941,0.0
941,2.0
941,2.0
942,2.0
942,2.0
942,0.0
942,0.0
942,2.0
942,2.0
943,2.0
943,2.0
943,0.0
943,0.0
943,2.0
943,2.0
944,2.0
944,2.0
944,0.0
944,0.0
944,2.0
944,2.0
945,2.0
945,2.0
945,0.0
945,0.0
945,2.0
945,2.0
945,2.0
946,2.0
946,2.0
946,0.0
946,0.0
946,2.0
946,2.0
946,2.0
947,2.0
947,2.0
947,0.0
947,0.0
947,2.0
947,2.0
947,2.0
948,2.0
948,0.0
948,0.0
948,2.0
948,2.0
948,2.0
948,2.0
949,2.0
949,0.0
949,2.0
949,0.0
949,2.0
949,2.0
949,2.0
950,2.0
950,0.0
950,0.0
950,2.0
950,2.0
950,2.0
950,2.0
951,0.0
951,2.0
951,0.0
951,2.0
951,2.0
951,2.0
951,2.0
952,0.0
952,2.0
952,0.0
952,2.0
952,2.0
952,2.0
952,2.0
953,0.0
953,2.0
953,0.0
953,2.0
953,2.0
953,2.0
953,2.0
954,2.0
954,0.0
954,2.0
954,0.0
954,2.0
954,2.0
954,2.0
955,2.0
955,0.0
955,0.0
955,2.0
955,2.0
955,2.0
955,2.0
956,2.0
956,0.0
956,0.0
956,2.0
956,2.0
956,2.0
956,2.0
957,2.0
957,0.0
957,0.0
957,2.0
957,2.0
957,2.0
957,2.0
958,2.0
958,0.0
958,0.0
958,2.0
958,2.0
958,2.0
958,2.0
959,2.0
959,0.0
959,0.0
959,2.0
959,2.0
959,2.0
959,2.0
960,2.0
960,0.0
960,0.0
960,2.0
960,2.0
960,2.0
960,2.0
961,2.0
961,0.0
961,0.0
961,2.0
961,2.0
961,2.0
961,2.0
962,2.0
962,0.0
962,0.0
962,2.0
962,2.0
962,2.0
962,2.0
963,2.0
963,0.0
963,0.0
963,2.0
963,2.0
963,2.0
963,2.0
964,2.0
964,0.0
964,0.0
964,2.0
964,2.0
964,2.0
964,2.0
965,2.0
965,0.0
965,0.0
965,2.0
965,2.0
965,2.0
965,2.0
966,2.0
966,0.0
966,0.0
966,2.0
966,2.0
966,2.0
966,2.0
967,2.0
967,0.0
967,0.0
967,2.0
967,2.0
967,2.0
967,2.0
968,2.0
968,0.0
968,0.0
968,2.0
968,2.0
968,2.0
968,2.0
969,2.0
969,0.0
969,0.0
969,2.0
969,2.0
969,2.0
969,2.0
970,2.0
970,0.0
970,0.0
970,2.0
970,2.0
970,2.0
970,2.0
971,2.0
971,0.0
971,0.0
971,2.0
971,2.0
971,2.0
971,2.0
972,2.0
972,0.0
972,0.0
972,2.0
972,2.0
972,2.0
972,2.0
973,2.0
973,0.0
973,0.0
973,2.0
973,2.0
973,2.0
973,2.0
974,2.0
974,0.0
974,2.0
974,0.0
974,2.0
974,2.0
974,2.0
975,2.0
975,0.0
975,0.0
975,2.0
975,2.0
975,2.0
975,2.0
976,2.0
976,0.0
976,0.0
976,2.0
976,2.0
976,2.0
976,2.0
977,2.0
977,0.0
977,0.0
977,2.0
977,2.0
977,2.0
977,2.0
978,2.0
978,0.0
978,0.0
978,2.0
978,2.0
978,2.0
978,2.0
979,2.0
979,0.0
979,0.0
979,2.0
979,2.0
979,2.0
979,2.0
980,2.0
980,0.0
980,2.0
980,0.0
980,2.0
980,2.0
980,2.0
980,7.0
981,2.0
981,0.0
981,2.0
981,0.0
981,2.0
981,2.0
981,2.0
981,7.0
982,2.0
982,0.0
982,0.0
982,2.0
982,2.0
982,2.0
982,2.0
982,7.0
983,2.0
983,0.0
983,0.0
983,2.0
983,2.0
983,2.0
983,2.0
983,7.0
984,2.0
984,0.0
984,0.0
984,2.0
984,2.0
984,2.0
984,2.0
984,7.0
985,2.0
985,2.0
985,0.0
985,0.0
985,2.0
985,2.0
985,7.0
985,2.0
986,2.0
986,2.0
986,0.0
986,0.0
986,2.0
986,2.0
986,2.0
986,7.0
987,2.0
987,2.0
987,0.0
987,0.0
987,2.0
987,2.0
987,2.0
988,2.0
988,0.0
988,2.0
988,0.0
988,2.0
988,2.0
988,7.0
988,2.0
989,2.0
989,0.0
989,2.0
989,0.0
989,2.0
989,2.0
989,7.0
989,2.0
990,2.0
990,2.0
990,0.0
990,0.0
990,2.0
990,2.0
991,2.0
991,2.0
991,0.0
991,0.0
991,2.0
991,2.0
992,2.0
992,2.0
992,0.0
992,2.0
992,0.0
992,2.0
992,2.0
993,2.0
993,2.0
993,0.0
993,2.0
993,0.0
993,2.0
993,2.0
994,2.0
994,2.0
994,0.0
994,2.0
994,0.0
994,2.0
995,2.0
995,0.0
995,2.0
995,2.0
995,0.0
995,2.0
996,2.0
996,2.0
996,0.0
996,2.0
996,2.0
996,0.0
997,2.0
997,2.0
997,2.0
997,0.0
997,0.0
997,2.0
997,2.0
997,2.0
998,2.0
998,2.0
998,0.0
998,2.0
998,2.0
998,0.0
998,2.0
998,2.0
999,2.0
999,2.0
999,0.0
999,2.0
999,2.0
999,0.0
999,2.0
999,2.0
1000,2.0
1000,2.0
1000,0.0
1000,2.0
1000,0.0
1000,2.0
1000,2.0
1000,2.0
1001,2.0
1001,2.0
1001,0.0
1001,2.0
1001,0.0
1001,2.0
1001,2.0
1002,2.0
1002,0.0
1002,2.0
1002,0.0
1002,2.0
1002,2.0
1002,2.0
1003,2.0
1003,2.0
1003,0.0
1003,0.0
1003,2.0
1003,2.0
1003,2.0
1004,2.0
1004,2.0
1004,2.0
1004,0.0
1004,0.0
1004,2.0
1004,2.0
1005,2.0
1005,2.0
1005,2.0
1005,0.0
1005,0.0
1005,2.0
1005,2.0
1006,2.0
1006,2.0
1006,2.0
1006,0.0
1006,0.0
1006,2.0
1006,2.0
1007,2.0
1007,2.0
1007,2.0
1007,0.0
1007,0.0
1007,2.0
1007,2.0
1008,2.0
1008,2.0
1008,0.0
1008,2.0
1008,0.0
1008,2.0
1008,2.0
1009,2.0
1009,2.0
1009,0.0
1009,0.0
1009,2.0
1009,2.0
1009,2.0
1010,2.0
1010,2.0
1010,0.0
1010,0.0
1010,2.0
1010,2.0
1010,2.0
1011,2.0
1011,2.0
1011,0.0
1011,0.0
1011,2.0
1011,2.0
1011,2.0
1012,2.0
1012,0.0
1012,2.0
1012,0.0
1012,2.0
1012,2.0
1012,2.0
1013,2.0
1013,0.0
1013,2.0
1013,0.0
1013,2.0
1013,2.0
1013,2.0
1014,2.0
1014,2.0
1014,0.0
1014,0.0
1014,2.0
1014,2.0
1014,2.0
1015,2.0
1015,0.0
1015,2.0
1015,0.0
1015,2.0
1015,2.0
1015,2.0
1016,2.0
1016,2.0
1016,0.0
1016,0.0
1016,2.0
1016,2.0
1016,2.0
1016,2.0
1017,2.0
1017,2.0
1017,0.0
1017,2.0
1017,0.0
1017,2.0
1017,2.0
1017,2.0
1018,2.0
1018,2.0
1018,2.0
1018,0.0
1018,0.0
1018,2.0
1018,2.0
1018,2.0
1019,2.0
1019,2.0
1019,2.0
1019,0.0
1019,0.0
1019,2.0
1019,2.0
1019,2.0
1020,2.0
1020,2.0
1020,2.0
1020,0.0
1020,0.0
1020,2.0
1020,2.0
1020,2.0
1021,2.0
1021,2.0
1021,2.0
1021,0.0
1021,2.0
1021,0.0
1021,2.0
1021,2.0
1022,2.0
1022,2.0
1022,2.0
1022,0.0
1022,0.0
1022,2.0
1022,2.0
1022,2.0
1023,2.0
1023,2.0
1023,2.0
1023,0.0
1023,0.0
1023,2.0
1023,2.0
1023,2.0
1024,2.0
1024,2.0
1024,2.0
1024,0.0
1024,0.0
1024,2.0
1024,2.0
1024,2.0
1025,2.0
1025,2.0
1025,2.0
1025,0.0
1025,0.0
1025,2.0
1025,2.0
1025,2.0
1026,2.0
1026,2.0
1026,2.0
1026,0.0
1026,0.0
1026,2.0
1026,2.0
1026,2.0
1027,2.0
1027,2.0
1027,0.0
1027,2.0
1027,0.0
1027,2.0
1027,2.0
1027,2.0
1028,2.0
1028,2.0
1028,0.0
1028,2.0
1028,0.0
1028,2.0
1028,2.0
1028,2.0
1029,2.0
1029,2.0
1029,0.0
1029,0.0
1029,2.0
1029,2.0
1029,2.0
1029,2.0
1030,2.0
1030,2.0
1030,2.0
1030,0.0
1030,0.0
1030,2.0
1030,2.0
1030,2.0
1031,2.0
1031,2.0
1031,2.0
1031,0.0
1031,0.0
1031,2.0
1031,2.0
1031,2.0
1032,2.0
1032,0.0
1032,2.0
1032,2.0
1032,0.0
1032,2.0
1032,2.0
1032,2.0
1033,2.0
1033,0.0
1033,2.0
1033,2.0
1033,0.0
1033,2.0
1033,2.0
1033,2.0
1034,2.0
1034,0.0
1034,2.0
1034,2.0
1034,0.0
1034,2.0
1034,2.0
1034,2.0
1035,2.0
1035,0.0
1035,2.0
1035,2.0
1035,0.0
1035,2.0
1035,2.0
1035,2.0
1036,2.0
1036,2.0
1036,2.0
1036,0.0
1036,0.0
1036,2.0
1036,2.0
1036,2.0
1037,2.0
1037,2.0
1037,2.0
1037,0.0
1037,0.0
1037,2.0
1037,2.0
1037,2.0
1038,2.0
1038,2.0
1038,2.0
1038,0.0
1038,0.0
1038,2.0
1038,2.0
1038,2.0
1039,2.0
1039,2.0
1039,2.0
1039,0.0
1039,2.0
1039,0.0
1039,2.0
1039,2.0
1040,2.0
1040,2.0
1040,2.0
1040,2.0
1040,0.0
1040,0.0
1040,2.0
1040,2.0
1041,2.0
1041,2.0
1041,0.0
1041,2.0
1041,2.0
1041,0.0
1041,2.0
1041,2.0
1041,2.0
1042,2.0
1042,2.0
1042,0.0
1042,2.0
1042,2.0
1042,0.0
1042,2.0
1042,2.0
1043,2.0
1043,2.0
1043,0.0
1043,2.0
1043,2.0
1043,0.0
1043,2.0
1043,2.0
1044,2.0
1044,2.0
1044,2.0
1044,2.0
1044,0.0
1044,2.0
1044,2.0
1044,0.0
1045,2.0
1045,2.0
1045,2.0
1045,2.0
1045,0.0
1045,2.0
1045,2.0
1045,0.0
1046,2.0
1046,2.0
1046,2.0
1046,2.0
1046,0.0
1046,2.0
1046,2.0
1046,0.0
1047,2.0
1047,2.0
1047,2.0
1047,2.0
1047,0.0
1047,0.0
1047,2.0
1047,2.0
1048,2.0
1048,2.0
1048,2.0
1048,2.0
1048,0.0
1048,0.0
1048,2.0
1048,2.0
1049,2.0
1049,2.0
1049,2.0
1049,2.0
1049,0.0
1049,0.0
1049,2.0
1049,2.0
1050,2.0
1050,2.0
1050,2.0
1050,2.0
1050,0.0
1050,0.0
1050,2.0
1050,2.0
1051,2.0
1051,2.0
1051,2.0
1051,2.0
1051,0.0
1051,0.0
1051,2.0
1051,2.0
1052,2.0
1052,2.0
1052,2.0
1052,0.0
1052,2.0
1052,0.0
1052,2.0
1052,2.0
1053,2.0
1053,2.0
1053,0.0
1053,2.0
1053,2.0
1053,0.0
1053,2.0
1053,2.0
1054,2.0
1054,0.0
1054,0.0
1054,2.0
1054,2.0
1054,2.0
1054,2.0
1054,2.0
1055,2.0
1055,0.0
1055,0.0
1055,2.0
1055,2.0
1055,2.0
1055,2.0
1055,2.0
1056,2.0
1056,0.0
1056,0.0
1056,2.0
1056,2.0
1056,2.0
1056,2.0
1056,2.0
1057,2.0
1057,0.0
1057,2.0
1057,0.0
1057,2.0
1057,2.0
1057,2.0
1057,2.0
1058,2.0
1058,0.0
1058,2.0
1058,0.0
1058,2.0
1058,2.0
1058,2.0
1058,2.0
1059,2.0
1059,0.0
1059,2.0
1059,2.0
1059,0.0
1059,2.0
1059,2.0
1059,2.0
1060,2.0
1060,2.0
1060,0.0
1060,2.0
1060,2.0
1060,2.0
1060,0.0
1060,2.0
1061,2.0
1061,2.0
1061,0.0
1061,2.0
1061,2.0
1061,2.0
1061,0.0
1061,2.0
1062,2.0
1062,2.0
1062,2.0
1062,0.0
1062,2.0
1062,2.0
1062,0.0
1062,2.0
1063,2.0
1063,0.0
1063,2.0
1063,2.0
1063,0.0
1063,2.0
1063,2.0
1063,2.0
1063,2.0
1064,2.0
1064,2.0
1064,0.0
1064,2.0
1064,0.0
1064,2.0
1064,2.0
1064,2.0
1064,2.0
1065,2.0
1065,2.0
1065,0.0
1065,2.0
1065,0.0
1065,2.0
1065,2.0
1065,2.0
1065,2.0
1066,2.0
1066,2.0
1066,2.0
1066,2.0
1066,0.0
1066,2.0
1066,2.0
1066,0.0
1066,2.0
1067,2.0
1067,2.0
1067,2.0
1067,2.0
1067,0.0
1067,2.0
1067,2.0
1067,0.0
1067,2.0
1068,2.0
1068,2.0
1068,2.0
1068,2.0
1068,0.0
1068,2.0
1068,2.0
1068,0.0
1068,2.0
1069,2.0
1069,2.0
1069,2.0
1069,2.0
1069,2.0
1069,2.0
1069,0.0
1069,0.0
1069,2.0
1070,2.0
1070,2.0
1070,2.0
1070,2.0
1070,2.0
1070,2.0
1070,0.0
1070,2.0
1070,0.0
1071,2.0
1071,2.0
1071,2.0
1071,2.0
1071,2.0
1071,2.0
1071,0.0
1071,2.0
1071,0.0
1072,2.0
1072,2.0
1072,2.0
1072,2.0
1072,2.0
1072,2.0
1072,0.0
1072,2.0
1072,0.0
1073,2.0
1073,2.0
1073,2.0
1073,2.0
1073,2.0
1073,2.0
1073,0.0
1073,2.0
1073,0.0
1074,2.0
1074,2.0
1074,2.0
1074,2.0
1074,2.0
1074,2.0
1074,0.0
1074,0.0
1074,2.0
1075,2.0
1075,2.0
1075,2.0
1075,2.0
1075,2.0
1075,2.0
1075,0.0
1075,0.0
1075,2.0
1076,2.0
1076,2.0
1076,2.0
1076,2.0
1076,2.0
1076,0.0
1076,2.0
1076,0.0
1076,2.0
1077,2.0
1077,2.0
1077,2.0
1077,2.0
1077,2.0
1077,0.0
1077,2.0
1077,2.0
1077,0.0
1078,2.0
1078,2.0
1078,2.0
1078,2.0
1078,2.0
1078,0.0
1078,2.0
1078,2.0
1078,0.0
1079,2.0
1079,2.0
1079,2.0
1079,2.0
1079,2.0
1079,0.0
1079,2.0
1079,2.0
1079,0.0
1080,2.0
1080,2.0
1080,2.0
1080,2.0
1080,2.0
1080,0.0
1080,0.0
1080,2.0
1080,2.0
1081,2.0
1081,2.0
1081,2.0
1081,2.0
1081,2.0
1081,0.0
1081,2.0
1081,0.0
1081,2.0
1082,2.0
1082,2.0
1082,2.0
1082,2.0
1082,2.0
1082,0.0
1082,2.0
1082,0.0
1083,2.0
1083,2.0
1083,2.0
1083,2.0
1083,2.0
1083,0.0
1083,2.0
1083,0.0
1084,2.0
1084,2.0
1084,2.0
1084,2.0
1084,2.0
1084,0.0
1084,0.0
1084,2.0
1085,2.0
1085,2.0
1085,2.0
1085,2.0
1085,2.0
1085,0.0
1085,0.0
1085,2.0
1086,2.0
1086,2.0
1086,2.0
1086,2.0
1086,0.0
1086,2.0
1086,0.0
1086,2.0
1087,2.0
1087,2.0
1087,2.0
1087,0.0
1087,2.0
1087,2.0
1087,0.0
1087,2.0
1088,2.0
1088,2.0
1088,2.0
1088,0.0
1088,2.0
1088,2.0
1088,0.0
1088,2.0
1088,7.0
1089,2.0
1089,2.0
1089,2.0
1089,0.0
1089,2.0
1089,2.0
1089,0.0
1089,2.0
1090,2.0
1090,2.0
1090,2.0
1090,0.0
1090,0.0
1090,2.0
1090,2.0
1091,2.0
1091,2.0
1091,2.0
1091,0.0
1091,0.0
1091,2.0
1091,2.0
1092,2.0
1092,2.0
1092,2.0
1092,0.0
1092,0.0
1092,2.0
1092,2.0
1093,2.0
1093,2.0
1093,2.0
1093,0.0
1093,2.0
1093,0.0
1093,2.0
1093,0.0
1094,2.0
1094,2.0
1094,2.0
1094,0.0
1094,0.0
1094,2.0
1094,2.0
1095,2.0
1095,2.0
1095,2.0
1095,0.0
1095,0.0
1095,2.0
1095,2.0
1095,0.0
1096,2.0
1096,2.0
1096,2.0
1096,0.0
1096,2.0
1096,0.0
1096,2.0
1096,2.0
1096,0.0
1097,2.0
1097,2.0
1097,2.0
1097,0.0
1097,2.0
1097,0.0
1097,2.0
1097,2.0
1097,0.0
1098,2.0
1098,0.0
1098,2.0
1098,2.0
1098,2.0
1098,2.0
1098,0.0
1098,2.0
1098,0.0
1098,2.0
1099,2.0
1099,0.0
1099,2.0
1099,2.0
1099,2.0
1099,2.0
1099,0.0
1099,2.0
1099,0.0
1099,2.0
1100,2.0
1100,2.0
1100,0.0
1100,2.0
1100,2.0
1100,2.0
1100,0.0
1100,2.0
1100,0.0
1100,2.0
1101,2.0
1101,2.0
1101,0.0
1101,2.0
1101,2.0
1101,2.0
1101,0.0
1101,2.0
1101,0.0
1101,2.0
1102,2.0
1102,2.0
1102,0.0
1102,2.0
1102,2.0
1102,2.0
1102,0.0
1102,2.0
1102,0.0
1102,2.0
1103,2.0
1103,2.0
1103,0.0
1103,2.0
1103,2.0
1103,2.0
1103,0.0
1103,2.0
1103,0.0
1103,2.0
1104,2.0
1104,2.0
1104,0.0
1104,2.0
1104,2.0
1104,2.0
1104,2.0
1104,0.0
1104,2.0
1104,0.0
1105,2.0
1105,2.0
1105,0.0
1105,2.0
1105,2.0
1105,2.0
1105,0.0
1105,2.0
1105,2.0
1105,0.0
1106,2.0
1106,2.0
1106,0.0
1106,2.0
1106,2.0
1106,2.0
1106,0.0
1106,2.0
1106,2.0
1106,0.0
1107,2.0
1107,2.0
1107,0.0
1107,2.0
1107,2.0
1107,2.0
1107,2.0
1107,0.0
1107,2.0
1107,0.0
1108,2.0
1108,2.0
1108,0.0
1108,2.0
1108,2.0
1108,2.0
1108,2.0
1108,2.0
1108,0.0
1108,0.0
1109,2.0
1109,2.0
1109,0.0
1109,2.0
1109,2.0
1109,2.0
1109,2.0
1109,2.0
1109,0.0
1109,0.0
1110,2.0
1110,2.0
1110,0.0
1110,2.0
1110,2.0
1110,2.0
1110,2.0
1110,2.0
1110,0.0
1110,0.0
1111,2.0
1111,2.0
1111,0.0
1111,2.0
1111,2.0
1111,2.0
1111,2.0
1111,2.0
1111,0.0
1112,2.0
1112,2.0
1112,2.0
1112,0.0
1112,2.0
1112,2.0
1112,2.0
1112,2.0
1112,0.0
1113,2.0
1113,2.0
1113,2.0
1113,2.0
1113,0.0
1113,2.0
1113,2.0
1113,2.0
1113,0.0
1114,2.0
1114,2.0
1114,2.0
1114,2.0
1114,0.0
1114,2.0
1114,2.0
1114,0.0
1114,2.0
1115,2.0
1115,2.0
1115,2.0
1115,2.0
1115,0.0
1115,2.0
1115,2.0
1115,0.0
1115,2.0
1116,2.0
1116,2.0
1116,2.0
1116,2.0
1116,0.0
1116,2.0
1116,0.0
1116,2.0
1116,2.0
1117,2.0
1117,2.0
1117,2.0
1117,2.0
1117,0.0
1117,2.0
1117,0.0
1117,2.0
1117,2.0
1118,2.0
1118,2.0
1118,2.0
1118,2.0
1118,2.0
1118,0.0
1118,0.0
1118,2.0
1118,2.0
1119,2.0
1119,2.0
1119,2.0
1119,2.0
1119,2.0
1119,2.0
1119,0.0
1119,0.0
1119,0.0
1119,2.0
1120,2.0
1120,2.0
1120,2.0
1120,2.0
1120,2.0
1120,2.0
1120,0.0
1120,0.0
1120,0.0
1120,2.0
1121,2.0
1121,2.0
1121,2.0
1121,2.0
1121,2.0
1121,2.0
1121,0.0
1121,0.0
1121,0.0
1121,2.0
1122,2.0
1122,2.0
1122,2.0
1122,2.0
1122,2.0
1122,2.0
1122,0.0
1122,2.0
1122,0.0
1123,2.0
1123,2.0
1123,2.0
1123,2.0
1123,2.0
1123,2.0
1123,2.0
1123,0.0
1123,0.0
1124,2.0
1124,2.0
1124,2.0
1124,2.0
1124,2.0
1124,2.0
1124,2.0
1124,0.0
1124,0.0
1125,2.0
1125,2.0
1125,2.0
1125,2.0
1125,2.0
1125,2.0
1125,2.0
1125,0.0
1125,0.0
1126,2.0
1126,2.0
1126,2.0
1126,2.0
1126,2.0
1126,2.0
1126,2.0
1126,0.0
1126,0.0
1127,2.0
1127,2.0
1127,2.0
1127,2.0
1127,2.0
1127,2.0
1127,2.0
1127,0.0
1127,0.0
1128,2.0
1128,2.0
1128,2.0
1128,2.0
1128,2.0
1128,2.0
1128,2.0
1128,0.0
1128,0.0
1129,2.0
1129,2.0
1129,2.0
1129,2.0
1129,2.0
1129,2.0
1129,0.0
1129,0.0
1129,2.0
1130,2.0
1130,2.0
1130,2.0
1130,2.0
1130,2.0
1130,2.0
1130,2.0
1130,0.0
1130,0.0
1131,2.0
1131,2.0
1131,2.0
1131,2.0
1131,2.0
1131,2.0
1131,2.0
1131,0.0
1131,0.0
1132,2.0
1132,2.0
1132,2.0
1132,2.0
1132,2.0
1132,2.0
1132,2.0
1132,0.0
1132,0.0
1133,2.0
1133,2.0
1133,2.0
1133,2.0
1133,2.0
1133,2.0
1133,2.0
1133,0.0
1133,0.0
1134,2.0
1134,2.0
1134,2.0
1134,2.0
1134,2.0
1134,0.0
1134,2.0
1134,2.0
1135,2.0
1135,2.0
1135,2.0
1135,2.0
1135,2.0
1135,2.0
1135,2.0
1135,0.0
1135,0.0
1136,2.0
1136,2.0
1136,2.0
1136,2.0
1136,2.0
1136,2.0
1136,0.0
1136,2.0
1137,2.0
1137,2.0
1137,2.0
1137,2.0
1137,2.0
1137,2.0
1137,0.0
1137,2.0
1137,0.0
1138,2.0
1138,2.0
1138,2.0
1138,2.0
1138,2.0
1138,2.0
1138,2.0
1138,0.0
1138,0.0
1139,2.0
1139,2.0
1139,2.0
1139,2.0
1139,2.0
1139,2.0
1139,2.0
1139,0.0
1139,0.0
1140,2.0
1140,2.0
1140,2.0
1140,2.0
1140,2.0
1140,2.0
1140,2.0
1140,0.0
1140,0.0
1141,2.0
1141,2.0
1141,2.0
1141,2.0
1141,2.0
1141,2.0
1141,2.0
1141,0.0
1142,2.0
1142,2.0
1142,2.0
1142,2.0
1142,2.0
1142,2.0
1142,2.0
1142,0.0
1143,2.0
1143,2.0
1143,2.0
1143,2.0
1143,2.0
1143,2.0
1143,0.0
1143,2.0
1144,2.0
1144,2.0
1144,2.0
1144,2.0
1144,2.0
1144,2.0
1144,0.0
1144,2.0
1145,2.0
1145,2.0
1145,2.0
1145,2.0
1145,2.0
1145,2.0
1145,0.0
1145,2.0
1146,2.0
1146,2.0
1146,2.0
1146,2.0
1146,2.0
1146,2.0
1146,0.0
1146,2.0
1147,2.0
1147,2.0
1147,2.0
1147,2.0
1147,2.0
1147,0.0
1147,2.0
1147,2.0
1148,2.0
1148,2.0
1148,2.0
1148,2.0
1148,2.0
1148,2.0
1148,0.0
1148,2.0
1149,2.0
1149,2.0
1149,2.0
1149,2.0
1149,2.0
1149,2.0
1149,0.0
1149,2.0
1150,2.0
1150,2.0
1150,2.0
1150,2.0
1150,0.0
1150,2.0
1150,2.0
1150,2.0
1151,2.0
1151,2.0
1151,2.0
1151,2.0
1151,0.0
1151,2.0
1151,2.0
1151,2.0
1152,2.0
1152,2.0
1152,2.0
1152,2.0
1152,2.0
1152,0.0
1152,2.0
1152,2.0
1153,2.0
1153,2.0
1153,2.0
1153,2.0
1153,2.0
1153,0.0
1153,2.0
1153,2.0
1154,2.0
1154,2.0
1154,2.0
1154,2.0
1154,0.0
1154,2.0
1154,2.0
1154,2.0
1155,2.0
1155,2.0
1155,2.0
1155,2.0
1155,0.0
1155,2.0
1155,2.0
1155,2.0
1156,2.0
1156,2.0
1156,2.0
1156,2.0
1156,2.0
1156,2.0
1156,0.0
1156,2.0
1157,2.0
1157,2.0
1157,2.0
1157,2.0
1157,2.0
1157,2.0
1157,0.0
1157,2.0
1158,2.0
1158,2.0
1158,2.0
1158,2.0
1158,2.0
1158,2.0
1158,0.0
1158,2.0
1159,2.0
1159,2.0
1159,2.0
1159,2.0
1159,2.0
1159,0.0
1159,2.0
1159,2.0
1160,2.0
1160,2.0
1160,2.0
1160,2.0
1160,0.0
1160,2.0
1160,2.0
1160,2.0
1161,2.0
1161,2.0
1161,2.0
1161,2.0
1161,2.0
1161,0.0
1161,2.0
1161,2.0
1162,2.0
1162,2.0
1162,2.0
1162,2.0
1162,2.0
1162,0.0
1162,2.0
1162,2.0
1163,2.0
1163,2.0
1163,2.0
1163,2.0
1163,2.0
1163,0.0
1163,2.0
1163,2.0
1164,2.0
1164,2.0
1164,2.0
1164,2.0
1164,2.0
1164,0.0
1164,2.0
1164,2.0
1165,2.0
1165,2.0
1165,2.0
1165,2.0
1165,2.0
1165,0.0
1165,2.0
1165,2.0
1165,0.0
1166,2.0
1166,2.0
1166,2.0
1166,2.0
1166,0.0
1166,2.0
1166,2.0
1166,2.0
1166,0.0
1167,2.0
1167,2.0
1167,2.0
1167,0.0
1167,2.0
1167,2.0
1167,2.0
1167,2.0
1167,0.0
1168,2.0
1168,2.0
1168,2.0
1168,2.0
1168,2.0
1168,0.0
1168,2.0
1168,2.0
1169,2.0
1169,2.0
1169,2.0
1169,2.0
1169,2.0
1169,0.0
1169,2.0
1169,2.0
1170,2.0
1170,2.0
1170,2.0
1170,2.0
1170,2.0
1170,0.0
1170,2.0
1170,2.0
1171,2.0
1171,2.0
1171,2.0
1171,2.0
1171,2.0
1171,2.0
1171,0.0
1171,0.0
1171,2.0
1172,2.0
1172,2.0
1172,2.0
1172,2.0
1172,2.0
1172,2.0
1172,0.0
1172,0.0
1172,2.0
1173,2.0
1173,2.0
1173,2.0
1173,2.0
1173,0.0
1173,2.0
1173,2.0
1173,0.0
1173,2.0
1174,2.0
1174,2.0
1174,2.0
1174,2.0
1174,0.0
1174,2.0
1174,2.0
1174,2.0
1174,0.0
1175,2.0
1175,2.0
1175,2.0
1175,2.0
1175,0.0
1175,2.0
1175,2.0
1175,2.0
1175,0.0
1176,2.0
1176,2.0
1176,2.0
1176,2.0
1176,0.0
1176,2.0
1176,2.0
1176,2.0
1177,2.0
1177,2.0
1177,2.0
1177,2.0
1177,2.0
1177,2.0
1177,0.0
1177,2.0
1178,2.0
1178,2.0
1178,2.0
1178,2.0
1178,2.0
1178,0.0
1178,0.0
1178,2.0
1178,2.0
1178,0.0
1179,2.0
1179,2.0
1179,2.0
1179,2.0
1179,0.0
1179,2.0
1179,2.0
1179,2.0
1180,2.0
1180,2.0
1180,2.0
1180,2.0
1180,0.0
1180,2.0
1180,2.0
1180,2.0
1181,2.0
1181,2.0
1181,2.0
1181,2.0
1181,0.0
1181,2.0
1181,2.0
1181,2.0
1182,2.0
1182,2.0
1182,2.0
1182,2.0
1182,0.0
1182,2.0
1182,2.0
1182,2.0
1183,2.0
1183,2.0
1183,2.0
1183,2.0
1183,0.0
1183,2.0
1183,2.0
1183,2.0
1183,0.0
1184,2.0
1184,2.0
1184,2.0
1184,2.0
1184,0.0
1184,2.0
1184,2.0
1185,2.0
1185,2.0
1185,2.0
1185,2.0
1185,0.0
1185,2.0
1185,2.0
1185,2.0
1186,2.0
1186,2.0
1186,2.0
1186,0.0
1186,2.0
1186,2.0
1186,2.0
1186,2.0
1187,2.0
1187,2.0
1187,2.0
1187,0.0
1187,2.0
1187,2.0
1187,2.0
1187,2.0
1188,2.0
1188,2.0
1188,2.0
1188,2.0
1188,0.0
1188,2.0
1188,2.0
1188,2.0
1189,2.0
1189,2.0
1189,2.0
1189,2.0
1189,0.0
1189,2.0
1189,2.0
1189,2.0
1190,2.0
1190,2.0
1190,2.0
1190,2.0
1190,0.0
1190,2.0
1190,2.0
1190,0.0
1190,2.0
1191,2.0
1191,2.0
1191,2.0
1191,2.0
1191,2.0
1191,0.0
1191,0.0
1191,2.0
1191,2.0
1192,2.0
1192,2.0
1192,2.0
1192,2.0
1192,0.0
1192,2.0
1192,0.0
1192,2.0
1192,2.0
1193,2.0
1193,2.0
1193,2.0
1193,2.0
1193,0.0
1193,2.0
1193,0.0
1193,2.0
1193,2.0
1194,2.0
1194,2.0
1194,2.0
1194,2.0
1194,0.0
1194,2.0
1194,0.0
1194,2.0
1194,2.0
1195,2.0
1195,2.0
1195,2.0
1195,2.0
1195,0.0
1195,2.0
1195,0.0
1195,2.0
1195,2.0
1196,2.0
1196,2.0
1196,2.0
1196,2.0
1196,0.0
1196,2.0
1196,2.0
1196,0.0
1196,2.0
1197,2.0
1197,2.0
1197,2.0
1197,2.0
1197,0.0
1197,2.0
1197,2.0
1197,2.0
1197,0.0
1198,2.0
1198,2.0
1198,2.0
1198,2.0
1198,0.0
1198,2.0
1198,2.0
1198,0.0
1198,2.0
1199,2.0
1199,2.0
1199,2.0
1199,2.0
1199,0.0
1199,2.0
1199,2.0
1199,0.0
1199,2.0
1200,2.0
1200,2.0
1200,2.0
1200,2.0
1200,0.0
1200,2.0
1200,2.0
1200,2.0
1201,2.0
1201,2.0
1201,2.0
1201,2.0
1201,0.0
1201,2.0
1201,2.0
1201,0.0
1201,2.0
1202,2.0
1202,2.0
1202,2.0
1202,2.0
1202,0.0
1202,2.0
1202,2.0
1202,0.0
1202,2.0
1203,2.0
1203,2.0
1203,2.0
1203,2.0
1203,0.0
1203,2.0
1203,2.0
1203,0.0
1203,2.0
1204,2.0
1204,2.0
1204,2.0
1204,2.0
1204,0.0
1204,2.0
1204,2.0
1204,0.0
1204,2.0
1205,2.0
1205,2.0
1205,2.0
1205,2.0
1205,0.0
1205,2.0
1205,2.0
1205,0.0
1205,2.0
1206,2.0
1206,2.0
1206,2.0
1206,2.0
1206,0.0
1206,2.0
1206,2.0
1206,0.0
1207,2.0
1207,2.0
1207,2.0
1207,2.0
1207,0.0
1207,2.0
1207,2.0
1207,0.0
1208,2.0
1208,2.0
1208,2.0
1208,2.0
1208,0.0
1208,2.0
1208,0.0
1208,2.0
1208,0.0
1209,2.0
1209,2.0
1209,2.0
1209,2.0
1209,0.0
1209,2.0
1209,0.0
1209,0.0
1209,2.0
1209,2.0
1209,7.0
1210,2.0
1210,2.0
1210,2.0
1210,2.0
1210,0.0
1210,2.0
1210,2.0
1210,2.0
1210,0.0
1210,0.0
1210,7.0
1211,2.0
1211,2.0
1211,2.0
1211,2.0
1211,0.0
1211,2.0
1211,2.0
1211,2.0
1211,0.0
1211,0.0
1212,2.0
1212,2.0
1212,2.0
1212,2.0
1212,0.0
1212,2.0
1212,2.0
1212,0.0
1212,2.0
1213,2.0
1213,2.0
1213,2.0
1213,2.0
1213,0.0
1213,2.0
1213,2.0
1213,0.0
1213,2.0
1214,2.0
1214,2.0
1214,2.0
1214,2.0
1214,0.0
1214,2.0
1214,2.0
1214,2.0
1214,0.0
1215,2.0
1215,2.0
1215,2.0
1215,2.0
1215,0.0
1215,2.0
1215,2.0
1215,2.0
1215,0.0
1216,2.0
1216,2.0
1216,2.0
1216,2.0
1216,0.0
1216,2.0
1216,2.0
1216,2.0
1216,0.0
1217,2.0
1217,2.0
1217,2.0
1217,2.0
1217,0.0
1217,2.0
1217,2.0
1217,2.0
1217,0.0
1218,2.0
1218,2.0
1218,2.0
1218,2.0
1218,0.0
1218,2.0
1218,2.0
1218,2.0
1218,0.0
1218,7.0
1219,2.0
1219,2.0
1219,2.0
1219,2.0
1219,0.0
1219,2.0
1219,2.0
1219,2.0
1219,0.0
1219,7.0
1220,2.0
1220,2.0
1220,2.0
1220,2.0
1220,0.0
1220,2.0
1220,2.0
1220,2.0
1220,0.0
1220,7.0
1221,2.0
1221,2.0
1221,2.0
1221,2.0
1221,0.0
1221,2.0
1221,2.0
1221,2.0
1221,7.0
1221,0.0
1222,2.0
1222,2.0
1222,2.0
1222,2.0
1222,0.0
1222,2.0
1222,2.0
1222,2.0
1222,0.0
1223,2.0
1223,2.0
1223,2.0
1223,2.0
1223,0.0
1223,2.0
1223,2.0
1223,2.0
1223,0.0
1224,2.0
1224,2.0
1224,2.0
1224,2.0
1224,0.0
1224,2.0
1224,2.0
1225,2.0
1225,2.0
1225,2.0
1225,2.0
1225,0.0
1225,2.0
1225,2.0
1225,2.0
1226,2.0
1226,2.0
1226,2.0
1226,2.0
1226,0.0
1226,2.0
1226,2.0
1226,2.0
1226,7.0
1227,2.0
1227,2.0
1227,2.0
1227,2.0
1227,0.0
1227,2.0
1227,2.0
1227,7.0
1228,2.0
1228,2.0
1228,2.0
1228,2.0
1228,2.0
1228,2.0
1228,0.0
1228,0.0
1229,2.0
1229,2.0
1229,2.0
1229,2.0
1229,2.0
1229,2.0
1229,0.0
1229,0.0
1230,2.0
1230,2.0
1230,2.0
1230,2.0
1230,2.0
1230,0.0
1230,2.0
1230,0.0
1230,7.0
1230,2.0
1231,2.0
1231,2.0
1231,2.0
1231,2.0
1231,2.0
1231,2.0
1231,0.0
1231,0.0
1231,2.0
1232,2.0
1232,2.0
1232,2.0
1232,2.0
1232,2.0
1232,0.0
1232,2.0
1232,0.0
1232,2.0
1233,2.0
1233,2.0
1233,2.0
1233,2.0
1233,2.0
1233,0.0
1233,2.0
1233,0.0
1233,2.0
1234,2.0
1234,2.0
1234,2.0
1234,2.0
1234,2.0
1234,0.0
1234,2.0
1234,0.0
1234,2.0
1234,2.0
1235,2.0
1235,2.0
1235,2.0
1235,2.0
1235,2.0
1235,0.0
1235,2.0
1235,0.0
1235,2.0
1235,2.0
1236,2.0
1236,2.0
1236,2.0
1236,2.0
1236,2.0
1236,2.0
1236,0.0
1236,2.0
1237,2.0
1237,2.0
1237,2.0
1237,2.0
1237,2.0
1237,2.0
1237,2.0
1237,2.0
1238,2.0
1238,2.0
1238,2.0
1238,2.0
1238,2.0
1238,2.0
1238,2.0
1238,0.0
1239,2.0
1239,2.0
1239,2.0
1239,2.0
1239,2.0
1239,2.0
1239,0.0
1239,0.0
1239,2.0
1240,2.0
1240,2.0
1240,2.0
1240,2.0
1240,2.0
1240,2.0
1240,0.0
1240,0.0
1241,2.0
1241,2.0
1241,2.0
1241,2.0
1241,2.0
1241,2.0
1241,0.0
1241,0.0
1242,2.0
1242,2.0
1242,2.0
1242,2.0
1242,2.0
1242,2.0
1242,0.0
1243,2.0
1243,2.0
1243,2.0
1243,2.0
1243,2.0
1243,2.0
1243,0.0
1244,2.0
1244,2.0
1244,2.0
1244,2.0
1244,2.0
1244,2.0
1244,0.0
1245,2.0
1245,2.0
1245,2.0
1245,2.0
1245,2.0
1245,2.0
1245,0.0
1246,2.0
1246,2.0
1246,2.0
1246,2.0
1246,2.0
1246,2.0
1246,0.0
1247,2.0
1247,2.0
1247,2.0
1247,2.0
1247,2.0
1247,2.0
1247,0.0
1248,2.0
1248,2.0
1248,2.0
1248,2.0
1248,2.0
1248,0.0
1248,2.0
1249,2.0
1249,2.0
1249,2.0
1249,2.0
1249,2.0
1249,0.0
1249,2.0
1249,2.0
1250,2.0
1250,2.0
1250,2.0
1250,2.0
1250,2.0
1250,2.0
1250,0.0
1250,2.0
1251,2.0
1251,2.0
1251,2.0
1251,2.0
1251,2.0
1251,0.0
1251,2.0
1251,2.0
1252,2.0
1252,2.0
1252,2.0
1252,2.0
1252,2.0
1252,2.0
1252,0.0
1253,2.0
1253,2.0
1253,2.0
1253,2.0
1253,2.0
1253,2.0
1253,0.0
1254,2.0
1254,2.0
1254,2.0
1254,2.0
1254,2.0
1254,2.0
1254,0.0
1255,2.0
1255,2.0
1255,2.0
1255,2.0
1255,2.0
1255,2.0
1255,0.0
1256,2.0
1256,2.0
1256,2.0
1256,2.0
1256,2.0
1256,0.0
1256,2.0
1257,2.0
1257,2.0
1257,2.0
1257,2.0
1257,2.0
1257,0.0
1257,2.0
1258,2.0
1258,2.0
1258,2.0
1258,2.0
1258,2.0
1258,0.0
1258,2.0
1259,2.0
1259,2.0
1259,2.0
1259,2.0
1259,2.0
1259,0.0
1259,2.0
1260,2.0
1260,2.0
1260,2.0
1260,2.0
1260,2.0
1260,0.0
1260,2.0
1261,2.0
1261,2.0
1261,2.0
1261,2.0
1261,2.0
1261,2.0
1261,0.0
1262,2.0
1262,2.0
1262,2.0
1262,2.0
1262,2.0
1262,2.0
1262,0.0
1262,2.0
1263,2.0
1263,2.0
1263,2.0
1263,2.0
1263,2.0
1263,2.0
1263,0.0
1263,2.0
1264,2.0
1264,2.0
1264,2.0
1264,2.0
1264,2.0
1264,2.0
1264,0.0
1264,2.0
1265,2.0
1265,2.0
1265,2.0
1265,2.0
1265,2.0
1265,2.0
1265,0.0
1265,2.0
1266,2.0
1266,2.0
1266,2.0
1266,2.0
1266,2.0
1266,2.0
1266,0.0
1266,2.0
1266,0.0
1267,2.0
1267,2.0
1267,2.0
1267,2.0
1267,2.0
1267,2.0
1267,0.0
1267,2.0
1267,0.0
1268,2.0
1268,2.0
1268,2.0
1268,2.0
1268,2.0
1268,2.0
1268,0.0
1268,2.0
1269,2.0
1269,2.0
1269,2.0
1269,2.0
1269,2.0
1269,2.0
1269,0.0
1269,2.0
1270,2.0
1270,2.0
1270,2.0
1270,2.0
1270,2.0
1270,0.0
1270,2.0
1270,2.0
1271,2.0
1271,2.0
1271,2.0
1271,2.0
1271,2.0
1271,0.0
1271,2.0
1271,2.0
1272,2.0
1272,2.0
1272,2.0
1272,2.0
1272,2.0
1272,0.0
1272,2.0
1272,2.0
1273,2.0
1273,2.0
1273,2.0
1273,2.0
1273,2.0
1273,0.0
1273,2.0
1273,2.0
1274,2.0
1274,2.0
1274,2.0
1274,2.0
1274,2.0
1274,0.0
1274,2.0
1274,2.0
1275,2.0
1275,2.0
1275,2.0
1275,2.0
1275,2.0
1275,2.0
1275,0.0
1275,2.0
1276,2.0
1276,2.0
1276,2.0
1276,2.0
1276,2.0
1276,2.0
1276,0.0
1276,2.0
1277,2.0
1277,2.0
1277,2.0
1277,2.0
1277,2.0
1277,2.0
1277,0.0
1277,2.0
1278,2.0
1278,2.0
1278,2.0
1278,2.0
1278,2.0
1278,2.0
1278,0.0
1278,2.0
1279,2.0
1279,2.0
1279,2.0
1279,2.0
1279,0.0
1279,2.0
1279,2.0
1279,2.0
1280,2.0
1280,2.0
1280,2.0
1280,2.0
1280,0.0
1280,2.0
1280,2.0
1280,2.0
1281,2.0
1281,2.0
1281,2.0
1281,0.0
1281,2.0
1281,2.0
1281,2.0
1281,2.0
1282,2.0
1282,2.0
1282,2.0
1282,2.0
1282,0.0
1282,2.0
1282,2.0
1282,2.0
1283,2.0
1283,2.0
1283,2.0
1283,2.0
1283,0.0
1283,2.0
1283,2.0
1283,2.0
1284,2.0
1284,2.0
1284,2.0
1284,2.0
1284,0.0
1284,2.0
1284,2.0
1284,2.0
1285,2.0
1285,2.0
1285,2.0
1285,0.0
1285,2.0
1285,2.0
1285,2.0
1285,2.0
1286,2.0
1286,2.0
1286,2.0
1286,0.0
1286,2.0
1286,2.0
1286,2.0
1286,2.0
1287,2.0
1287,2.0
1287,2.0
1287,2.0
1287,0.0
1287,2.0
1287,2.0
1287,2.0
1288,2.0
1288,2.0
1288,2.0
1288,0.0
1288,2.0
1288,2.0
1288,2.0
1289,2.0
1289,2.0
1289,2.0
1289,2.0
1289,0.0
1289,2.0
1289,2.0
1290,2.0
1290,2.0
1290,2.0
1290,2.0
1290,2.0
1290,0.0
1290,2.0
1290,2.0
1291,2.0
1291,2.0
1291,2.0
1291,2.0
1291,2.0
1291,0.0
1291,2.0
1291,2.0
1292,2.0
1292,2.0
1292,2.0
1292,2.0
1292,0.0
1292,2.0
1292,2.0
1293,2.0
1293,2.0
1293,2.0
1293,2.0
1293,0.0
1293,2.0
1293,2.0
1294,2.0
1294,2.0
1294,2.0
1294,2.0
1294,2.0
1294,0.0
1294,2.0
1295,2.0
1295,2.0
1295,2.0
1295,2.0
1295,2.0
1295,0.0
1295,2.0
1296,2.0
1296,2.0
1296,2.0
1296,2.0
1296,2.0
1296,0.0
1296,2.0
1297,2.0
1297,2.0
1297,2.0
1297,2.0
1297,2.0
1297,0.0
1297,2.0
1298,2.0
1298,2.0
1298,2.0
1298,2.0
1298,2.0
1298,0.0
1298,2.0
1299,2.0
1299,2.0
1299,2.0
1299,2.0
1299,2.0
1299,0.0
1299,2.0
1300,2.0
1300,2.0
1300,2.0
1300,2.0
1300,2.0
1300,0.0
1300,2.0
1301,2.0
1301,2.0
1301,2.0
1301,2.0
1301,2.0
1301,0.0
1301,2.0
1302,2.0
1302,2.0
1302,2.0
1302,2.0
1302,2.0
1302,0.0
1302,2.0
1303,2.0
1303,2.0
1303,2.0
1303,2.0
1303,2.0
1303,0.0
1303,2.0
1304,2.0
1304,2.0
1304,2.0
1304,2.0
1304,2.0
1304,0.0
1304,2.0
1305,2.0
1305,2.0
1305,2.0
1305,2.0
1305,2.0
1305,0.0
1305,2.0
1306,2.0
1306,2.0
1306,2.0
1306,2.0
1306,2.0
1306,0.0
1306,2.0
1307,2.0
1307,2.0
1307,2.0
1307,2.0
1307,2.0
1307,0.0
1307,2.0
1308,2.0
1308,2.0
1308,2.0
1308,2.0
1308,2.0
1308,0.0
1308,2.0
1309,2.0
1309,2.0
1309,2.0
1309,2.0
1309,2.0
1309,0.0
1309,2.0
1310,2.0
1310,2.0
1310,2.0
1310,2.0
1310,2.0
1310,0.0
1310,2.0
1311,2.0
1311,2.0
1311,2.0
1311,2.0
1311,2.0
1311,0.0
1311,2.0
1312,2.0
1312,2.0
1312,2.0
1312,2.0
1312,2.0
1312,0.0
1312,2.0
1313,2.0
1313,2.0
1313,2.0
1313,2.0
1313,2.0
1313,0.0
1313,2.0
1314,2.0
1314,2.0
1314,2.0
1314,2.0
1314,2.0
1314,0.0
1314,2.0
1315,2.0
1315,2.0
1315,2.0
1315,2.0
1315,2.0
1315,0.0
1315,2.0
1316,2.0
1316,2.0
1316,2.0
1316,2.0
1316,2.0
1316,0.0
1316,2.0
1317,2.0
1317,2.0
1317,2.0
1317,2.0
1317,2.0
1317,0.0
1317,2.0
1318,2.0
1318,2.0
1318,2.0
1318,2.0
1318,2.0
1318,0.0
1318,2.0
1319,2.0
1319,2.0
1319,2.0
1319,2.0
1319,2.0
1319,0.0
1319,2.0
1320,2.0
1320,2.0
1320,2.0
1320,2.0
1320,2.0
1320,0.0
1320,2.0
1321,2.0
1321,2.0
1321,2.0
1321,2.0
1321,2.0
1321,0.0
1321,2.0
1322,2.0
1322,2.0
1322,2.0
1322,2.0
1322,2.0
1322,0.0
1322,2.0
1323,2.0
1323,2.0
1323,2.0
1323,2.0
1323,2.0
1323,0.0
1323,2.0
1324,2.0
1324,2.0
1324,2.0
1324,2.0
1324,2.0
1324,0.0
1324,0.0
1324,2.0
1325,2.0
1325,2.0
1325,2.0
1325,2.0
1325,2.0
1325,0.0
1325,0.0
1325,2.0
1326,2.0
1326,2.0
1326,2.0
1326,2.0
1326,2.0
1326,0.0
1326,0.0
1326,2.0
1327,2.0
1327,2.0
1327,2.0
1327,2.0
1327,2.0
1327,0.0
1327,0.0
1327,2.0
1328,2.0
1328,2.0
1328,2.0
1328,2.0
1328,2.0
1328,0.0
1328,0.0
1328,2.0
1329,2.0
1329,2.0
1329,2.0
1329,2.0
1329,2.0
1329,0.0
1329,0.0
1329,2.0
1330,2.0
1330,2.0
1330,2.0
1330,2.0
1330,2.0
1330,0.0
1330,0.0
1330,2.0
1331,2.0
1331,2.0
1331,2.0
1331,2.0
1331,2.0
1331,0.0
1331,0.0
1331,2.0
1332,2.0
1332,2.0
1332,2.0
1332,2.0
1332,2.0
1332,0.0
1332,0.0
1333,2.0
1333,2.0
1333,2.0
1333,2.0
1333,2.0
1333,0.0
1333,0.0
1334,2.0
1334,2.0
1334,2.0
1334,2.0
1334,2.0
1334,0.0
1334,0.0
1335,2.0
1335,2.0
1335,2.0
1335,2.0
1335,2.0
1335,0.0
1335,0.0
1336,2.0
1336,2.0
1336,2.0
1336,2.0
1336,2.0
1336,0.0
1336,0.0
1337,2.0
1337,2.0
1337,2.0
1337,2.0
1337,2.0
1337,0.0
1337,0.0
1338,2.0
1338,2.0
1338,2.0
1338,2.0
1338,2.0
1338,0.0
1339,2.0
1339,2.0
1339,2.0
1339,2.0
1339,2.0
1339,0.0
1340,2.0
1340,2.0
1340,2.0
1340,2.0
1340,2.0
1340,0.0
1341,2.0
1341,2.0
1341,2.0
1341,2.0
1341,2.0
1341,0.0
1342,2.0
1342,2.0
1342,2.0
1342,2.0
1342,2.0
1342,0.0
1343,2.0
1343,2.0
1343,2.0
1343,2.0
1343,2.0
1343,0.0
1344,2.0
1344,2.0
1344,2.0
1344,2.0
1344,2.0
1344,0.0
1345,2.0
1345,2.0
1345,2.0
1345,2.0
1345,2.0
1345,0.0
1345,2.0
1346,2.0
1346,2.0
1346,2.0
1346,2.0
1346,2.0
1346,0.0
1347,2.0
1347,2.0
1347,2.0
1347,2.0
1347,2.0
1347,0.0
1348,2.0
1348,2.0
1348,2.0
1348,2.0
1348,2.0
1348,0.0
1348,0.0
1348,2.0
1349,2.0
1349,2.0
1349,2.0
1349,2.0
1349,2.0
1349,0.0
1349,0.0
1349,2.0
1350,2.0
1350,2.0
1350,2.0
1350,2.0
1350,2.0
1350,0.0
1350,0.0
1350,2.0
1351,2.0
1351,2.0
1351,2.0
1351,2.0
1351,2.0
1351,0.0
1351,0.0
1351,2.0
1352,2.0
1352,2.0
1352,2.0
1352,2.0
1352,2.0
1352,0.0
1352,0.0
1352,2.0
1353,2.0
1353,2.0
1353,2.0
1353,2.0
1353,2.0
1353,0.0
1353,0.0
1354,2.0
1354,2.0
1354,2.0
1354,2.0
1354,2.0
1354,0.0
1354,0.0
1354,2.0
1355,2.0
1355,2.0
1355,2.0
1355,2.0
1355,2.0
1355,0.0
1355,0.0
1355,2.0
1356,2.0
1356,2.0
1356,2.0
1356,2.0
1356,2.0
1356,0.0
1356,0.0
1357,2.0
1357,2.0
1357,2.0
1357,2.0
1357,2.0
1357,0.0
1357,0.0
1358,2.0
1358,2.0
1358,2.0
1358,2.0
1358,2.0
1358,0.0
1358,0.0
1359,2.0
1359,2.0
1359,2.0
1359,2.0
1359,2.0
1359,0.0
1359,0.0
1360,2.0
1360,2.0
1360,2.0
1360,2.0
1360,2.0
1360,0.0
1360,0.0
1361,2.0
1361,2.0
1361,2.0
1361,2.0
1361,2.0
1361,0.0
1361,0.0
1362,2.0
1362,2.0
1362,2.0
1362,2.0
1362,2.0
1362,0.0
1362,0.0
1363,2.0
1363,2.0
1363,2.0
1363,2.0
1363,2.0
1363,0.0
1363,0.0
1363,2.0
1364,2.0
1364,2.0
1364,2.0
1364,2.0
1364,2.0
1364,0.0
1364,0.0
1364,2.0
1365,2.0
1365,2.0
1365,2.0
1365,2.0
1365,2.0
1365,0.0
1365,0.0
1365,2.0
1366,2.0
1366,2.0
1366,2.0
1366,2.0
1366,2.0
1366,0.0
1366,0.0
1366,2.0
1367,2.0
1367,2.0
1367,2.0
1367,2.0
1367,2.0
1367,0.0
1367,0.0
1367,2.0
1368,2.0
1368,2.0
1368,2.0
1368,2.0
1368,2.0
1368,0.0
1368,0.0
1368,2.0
1369,2.0
1369,2.0
1369,2.0
1369,2.0
1369,2.0
1369,0.0
1369,0.0
1370,2.0
1370,2.0
1370,2.0
1370,2.0
1370,2.0
1370,0.0
1370,0.0
1371,2.0
1371,2.0
1371,2.0
1371,2.0
1371,2.0
1371,0.0
1371,0.0
1372,2.0
1372,2.0
1372,2.0
1372,2.0
1372,2.0
1372,0.0
1372,0.0
1373,2.0
1373,2.0
1373,2.0
1373,2.0
1373,2.0
1373,0.0
1373,0.0
1374,2.0
1374,2.0
1374,2.0
1374,2.0
1374,2.0
1374,0.0
1375,2.0
1375,2.0
1375,2.0
1375,2.0
1375,2.0
1375,0.0
1376,2.0
1376,2.0
1376,2.0
1376,2.0
1376,2.0
1376,0.0
1377,2.0
1377,2.0
1377,2.0
1377,2.0
1377,2.0
1377,0.0
1378,2.0
1378,2.0
1378,2.0
1378,2.0
1378,2.0
1378,0.0
1378,0.0
1379,2.0
1379,2.0
1379,2.0
1379,2.0
1379,2.0
1379,0.0
1379,0.0
1380,2.0
1380,2.0
1380,2.0
1380,2.0
1380,2.0
1380,0.0
1380,0.0
1380,2.0
1381,2.0
1381,2.0
1381,2.0
1381,2.0
1381,2.0
1381,0.0
1381,2.0
1382,2.0
1382,2.0
1382,2.0
1382,2.0
1382,2.0
1382,0.0
1382,2.0
1383,2.0
1383,2.0
1383,2.0
1383,2.0
1383,2.0
1383,0.0
1383,2.0
1384,2.0
1384,2.0
1384,2.0
1384,2.0
1384,2.0
1384,0.0
1384,2.0
1385,2.0
1385,2.0
1385,2.0
1385,2.0
1385,2.0
1385,0.0
1385,2.0
1386,2.0
1386,2.0
1386,2.0
1386,2.0
1386,0.0
1386,2.0
1386,2.0
1387,2.0
1387,2.0
1387,2.0
1387,2.0
1387,2.0
1387,0.0
1387,2.0
1387,0.0
1388,2.0
1388,2.0
1388,2.0
1388,2.0
1388,2.0
1388,0.0
1388,2.0
1388,0.0
1389,2.0
1389,2.0
1389,2.0
1389,2.0
1389,0.0
1389,2.0
1389,2.0
1390,2.0
1390,2.0
1390,2.0
1390,2.0
1390,2.0
1390,0.0
1390,2.0
1390,0.0
1391,2.0
1391,2.0
1391,2.0
1391,2.0
1391,2.0
1391,0.0
1391,2.0
1391,0.0
1392,2.0
1392,2.0
1392,2.0
1392,2.0
1392,2.0
1392,0.0
1392,0.0
1392,2.0
1393,2.0
1393,2.0
1393,2.0
1393,2.0
1393,2.0
1393,0.0
1393,0.0
1393,2.0
1394,2.0
1394,2.0
1394,2.0
1394,2.0
1394,2.0
1394,0.0
1394,0.0
1394,2.0
1395,2.0
1395,2.0
1395,2.0
1395,2.0
1395,2.0
1395,0.0
1395,2.0
1395,0.0
1396,2.0
1396,2.0
1396,2.0
1396,2.0
1396,2.0
1396,0.0
1396,2.0
1397,2.0
1397,2.0
1397,2.0
1397,2.0
1397,2.0
1397,0.0
1397,2.0
1398,2.0
1398,2.0
1398,2.0
1398,2.0
1398,2.0
1398,0.0
1398,2.0
1399,2.0
1399,2.0
1399,2.0
1399,2.0
1399,2.0
1399,0.0
1400,2.0
1400,2.0
1400,2.0
1400,2.0
1400,2.0
1400,0.0
1401,2.0
1401,2.0
1401,2.0
1401,2.0
1401,2.0
1401,0.0
1402,2.0
1402,2.0
1402,2.0
1402,2.0
1402,0.0
1402,2.0
1403,2.0
1403,2.0
1403,2.0
1403,2.0
1403,0.0
1403,2.0
1404,2.0
1404,2.0
1404,2.0
1404,0.0
1404,2.0
1404,2.0
1405,2.0
1405,2.0
1405,2.0
1405,0.0
1405,2.0
1405,2.0
1406,2.0
1406,2.0
1406,2.0
1406,0.0
1406,2.0
1406,2.0
1407,2.0
1407,2.0
1407,2.0
1407,0.0
1407,2.0
1407,2.0
1408,2.0
1408,2.0
1408,2.0
1408,0.0
1408,2.0
1408,2.0
1409,2.0
1409,2.0
1409,2.0
1409,0.0
1409,2.0
1409,2.0
1410,2.0
1410,2.0
1410,2.0
1410,2.0
1410,0.0
1410,2.0
1411,2.0
1411,2.0
1411,2.0
1411,2.0
1411,0.0
1411,2.0
1412,2.0
1412,2.0
1412,2.0
1412,2.0
1412,2.0
1412,0.0
1413,2.0
1413,2.0
1413,2.0
1413,2.0
1413,2.0
1413,0.0
1413,0.0
1414,2.0
1414,2.0
1414,2.0
1414,2.0
1414,2.0
1414,0.0
1414,0.0
1415,2.0
1415,2.0
1415,2.0
1415,2.0
1415,2.0
1415,0.0
1415,0.0
1416,2.0
1416,2.0
1416,2.0
1416,2.0
1416,2.0
1416,0.0
1416,0.0
1417,2.0
1417,2.0
1417,2.0
1417,2.0
1417,2.0
1417,0.0
1417,0.0
1418,2.0
1418,2.0
1418,2.0
1418,2.0
1418,0.0
1418,2.0
1418,0.0
1419,2.0
1419,2.0
1419,2.0
1419,2.0
1419,0.0
1419,2.0
1419,0.0
1420,2.0
1420,2.0
1420,2.0
1420,2.0
1420,0.0
1420,2.0
1420,0.0
1421,2.0
1421,2.0
1421,2.0
1421,2.0
1421,0.0
1421,2.0
1421,0.0
1422,2.0
1422,2.0
1422,2.0
1422,2.0
1422,2.0
1422,0.0
1422,0.0
1423,2.0
1423,2.0
1423,2.0
1423,2.0
1423,2.0
1423,0.0
1423,0.0
1424,2.0
1424,2.0
1424,2.0
1424,2.0
1424,2.0
1424,0.0
1424,0.0
1425,2.0
1425,2.0
1425,2.0
1425,2.0
1425,2.0
1425,0.0
1425,0.0
1426,2.0
1426,2.0
1426,2.0
1426,2.0
1426,2.0
1426,0.0
1426,0.0
1427,2.0
1427,2.0
1427,2.0
1427,2.0
1427,2.0
1427,0.0
1427,0.0
1428,2.0
1428,2.0
1428,2.0
1428,2.0
1428,2.0
1428,0.0
1428,0.0
1429,2.0
1429,2.0
1429,2.0
1429,2.0
1429,2.0
1429,0.0
1429,0.0
1430,2.0
1430,2.0
1430,2.0
1430,2.0
1430,2.0
1430,0.0
1431,2.0
1431,2.0
1431,2.0
1431,2.0
1431,2.0
1431,0.0
1432,2.0
1432,2.0
1432,2.0
1432,2.0
1432,2.0
1432,0.0
1433,2.0
1433,2.0
1433,2.0
1433,2.0
1433,2.0
1433,0.0
1434,2.0
1434,2.0
1434,2.0
1434,2.0
1434,2.0
1434,0.0
1435,2.0
1435,2.0
1435,2.0
1435,2.0
1435,2.0
1435,0.0
1436,2.0
1436,2.0
1436,2.0
1436,2.0
1436,2.0
1436,0.0
1437,2.0
1437,2.0
1437,2.0
1437,2.0
1437,2.0
1437,0.0
1438,2.0
1438,2.0
1438,2.0
1438,2.0
1438,2.0
1439,2.0
1439,2.0
1439,2.0
1439,2.0
1439,2.0
1440,2.0
1440,2.0
1440,2.0
1440,2.0
1440,2.0
1441,2.0
1441,2.0
1441,2.0
1441,2.0
1441,2.0
1441,0.0
1442,2.0
1442,2.0
1442,2.0
1442,2.0
1442,2.0
1442,0.0
1443,2.0
1443,2.0
1443,2.0
1443,2.0
1443,2.0
1443,0.0
1444,2.0
1444,2.0
1444,2.0
1444,2.0
1444,2.0
1444,0.0
1445,2.0
1445,2.0
1445,2.0
1445,2.0
1445,2.0
1445,0.0
1446,2.0
1446,2.0
1446,2.0
1446,2.0
1446,0.0
1446,2.0
1447,2.0
1447,2.0
1447,2.0
1447,2.0
1447,0.0
1448,2.0
1448,2.0
1448,2.0
1448,2.0
1448,0.0
1449,2.0
1449,2.0
1449,2.0
1449,2.0
1449,0.0
1450,2.0
1450,2.0
1450,2.0
1450,2.0
1450,2.0
1450,0.0
1451,2.0
1451,2.0
1451,2.0
1451,2.0
1451,2.0
1451,0.0
1452,2.0
1452,2.0
1452,2.0
1452,2.0
1452,2.0
1452,0.0
1453,2.0
1453,2.0
1453,2.0
1453,2.0
1453,2.0
1453,0.0
1454,2.0
1454,2.0
1454,2.0
1454,2.0
1454,2.0
1454,0.0
1455,2.0
1455,2.0
1455,2.0
1455,2.0
1455,2.0
1456,2.0
1456,2.0
1456,2.0
1456,2.0
1456,2.0
1457,2.0
1457,2.0
1457,2.0
1457,2.0
1457,2.0
1458,2.0
1458,2.0
1458,2.0
1458,2.0
1458,2.0
1459,2.0
1459,2.0
1459,2.0
1459,2.0
1459,2.0
1460,2.0
1460,2.0
1460,2.0
1460,2.0
1460,2.0
1461,2.0
1461,2.0
1461,2.0
1461,2.0
1461,2.0
1462,2.0
1462,2.0
1462,2.0
1462,2.0
1462,2.0
1463,2.0
1463,2.0
1463,2.0
1463,2.0
1463,2.0
1464,2.0
1464,2.0
1464,2.0
1464,2.0
1464,2.0
1465,2.0
1465,2.0
1465,2.0
1465,2.0
1465,2.0
1466,2.0
1466,2.0
1466,2.0
1466,2.0
1466,2.0
1466,0.0
1467,2.0
1467,2.0
1467,2.0
1467,2.0
1467,2.0
1467,0.0
1468,2.0
1468,2.0
1468,2.0
1468,2.0
1468,2.0
1469,2.0
1469,2.0
1469,2.0
1469,2.0
1469,2.0
1470,2.0
1470,2.0
1470,2.0
1470,2.0
1470,2.0
1470,0.0
1471,2.0
1471,2.0
1471,2.0
1471,2.0
1471,2.0
1472,2.0
1472,2.0
1472,2.0
1472,2.0
1472,2.0
1473,2.0
1473,2.0
1473,2.0
1473,2.0
1473,2.0
1474,2.0
1474,2.0
1474,2.0
1474,2.0
1474,2.0
1475,2.0
1475,2.0
1475,2.0
1475,2.0
1475,2.0
1476,2.0
1476,2.0
1476,2.0
1476,2.0
1476,2.0
1477,2.0
1477,2.0
1477,2.0
1477,2.0
1477,2.0
1478,2.0
1478,2.0
1478,2.0
1478,2.0
1478,2.0
1478,0.0
1479,2.0
1479,2.0
1479,2.0
1479,2.0
1479,2.0
1480,2.0
1480,2.0
1480,2.0
1480,2.0
1480,2.0
1481,2.0
1481,2.0
1481,2.0
1481,2.0
1481,2.0
1482,2.0
1482,2.0
1482,2.0
1482,2.0
1482,2.0
1482,0.0
1483,2.0
1483,2.0
1483,2.0
1483,2.0
1483,2.0
1484,2.0
1484,2.0
1484,2.0
1484,2.0
1484,2.0
1485,2.0
1485,2.0
1485,2.0
1485,2.0
1485,2.0
1486,2.0
1486,2.0
1486,2.0
1486,2.0
1486,2.0
1487,2.0
1487,2.0
1487,2.0
1487,2.0
1487,2.0
1488,2.0
1488,2.0
1488,2.0
1488,2.0
1488,2.0
1489,2.0
1489,2.0
1489,2.0
1489,2.0
1489,2.0
1489,0.0
1490,2.0
1490,2.0
1490,2.0
1490,2.0
1490,2.0
1490,0.0
1491,2.0
1491,2.0
1491,2.0
1491,2.0
1491,2.0
1491,0.0
1492,2.0
1492,2.0
1492,2.0
1492,2.0
1492,2.0
1492,0.0
1493,2.0
1493,2.0
1493,2.0
1493,2.0
1493,2.0
1493,0.0
1494,2.0
1494,2.0
1494,2.0
1494,2.0
1494,2.0
1494,0.0
1495,2.0
1495,2.0
1495,2.0
1495,2.0
1495,2.0
1495,0.0
1496,2.0
1496,2.0
1496,2.0
1496,2.0
1496,2.0
1496,0.0
1497,2.0
1497,2.0
1497,2.0
1497,2.0
1497,2.0
1497,0.0
1498,2.0
1498,2.0
1498,2.0
1498,2.0
1498,2.0
1498,0.0
1499,2.0
1499,2.0
1499,2.0
1499,2.0
1499,2.0
1499,0.0
1500,2.0
1500,2.0
1500,2.0
1500,2.0
1500,2.0
1500,0.0
1501,2.0
1501,2.0
1501,2.0
1501,2.0
1501,2.0
1501,0.0
1502,2.0
1502,2.0
1502,2.0
1502,2.0
1502,2.0
1502,0.0
1503,2.0
1503,2.0
1503,2.0
1503,2.0
1503,2.0
1503,0.0
1504,2.0
1504,2.0
1504,2.0
1504,2.0
1504,2.0
1504,0.0
1505,2.0
1505,2.0
1505,2.0
1505,2.0
1505,2.0
1505,0.0
1506,2.0
1506,2.0
1506,2.0
1506,2.0
1506,2.0
1506,0.0
1507,2.0
1507,2.0
1507,2.0
1507,2.0
1507,2.0
1507,0.0
1508,2.0
1508,2.0
1508,2.0
1508,2.0
1508,2.0
1508,0.0
1509,2.0
1509,2.0
1509,2.0
1509,2.0
1509,2.0
1509,0.0
1510,2.0
1510,2.0
1510,2.0
1510,2.0
1510,0.0
1510,2.0
1511,2.0
1511,2.0
1511,2.0
1511,2.0
1511,0.0
1511,2.0
1512,2.0
1512,2.0
1512,2.0
1512,2.0
1512,0.0
1513,2.0
1513,2.0
1513,2.0
1513,2.0
1513,0.0
1514,2.0
1514,2.0
1514,2.0
1514,2.0
1514,0.0
1515,2.0
1515,2.0
1515,2.0
1515,2.0
1515,0.0
1516,2.0
1516,2.0
1516,2.0
1516,2.0
1516,0.0
1517,2.0
1517,2.0
1517,2.0
1517,2.0
1517,0.0
1518,2.0
1518,2.0
1518,2.0
1518,2.0
1518,0.0
1519,2.0
1519,2.0
1519,2.0
1519,2.0
1519,0.0
1520,2.0
1520,2.0
1520,2.0
1520,2.0
1520,2.0
1520,0.0
1521,2.0
1521,2.0
1521,2.0
1521,2.0
1521,2.0
1521,0.0
1522,2.0
1522,2.0
1522,2.0
1522,2.0
1522,2.0
1522,0.0
1523,2.0
1523,2.0
1523,2.0
1523,2.0
1523,2.0
1523,0.0
1524,2.0
1524,2.0
1524,2.0
1524,2.0
1524,2.0
1524,0.0
1525,2.0
1525,2.0
1525,2.0
1525,2.0
1525,2.0
1525,0.0
1526,2.0
1526,2.0
1526,2.0
1526,2.0
1526,2.0
1526,0.0
1527,2.0
1527,2.0
1527,2.0
1527,2.0
1527,2.0
1527,0.0
1528,2.0
1528,2.0
1528,2.0
1528,2.0
1528,2.0
1528,0.0
1529,2.0
1529,2.0
1529,2.0
1529,2.0
1529,2.0
1529,0.0
1530,2.0
1530,2.0
1530,2.0
1530,2.0
1530,2.0
1530,0.0
1531,2.0
1531,2.0
1531,2.0
1531,2.0
1531,2.0
1531,0.0
1532,2.0
1532,2.0
1532,2.0
1532,2.0
1532,2.0
1532,0.0
1533,2.0
1533,2.0
1533,2.0
1533,2.0
1533,2.0
1533,0.0
1534,2.0
1534,2.0
1534,2.0
1534,2.0
1534,2.0
1534,0.0
1535,2.0
1535,2.0
1535,2.0
1535,2.0
1535,2.0
1535,0.0
1536,2.0
1536,2.0
1536,2.0
1536,2.0
1536,2.0
1536,0.0
1537,2.0
1537,2.0
1537,2.0
1537,2.0
1537,2.0
1537,0.0
1538,2.0
1538,2.0
1538,2.0
1538,2.0
1538,2.0
1538,0.0
1539,2.0
1539,2.0
1539,2.0
1539,2.0
1539,2.0
1539,0.0
1540,2.0
1540,2.0
1540,2.0
1540,2.0
1540,2.0
1540,0.0
1541,2.0
1541,2.0
1541,2.0
1541,2.0
1541,2.0
1541,0.0
1542,2.0
1542,2.0
1542,2.0
1542,2.0
1542,2.0
1542,0.0
1543,2.0
1543,2.0
1543,2.0
1543,2.0
1543,2.0
1543,0.0
1544,2.0
1544,2.0
1544,2.0
1544,2.0
1544,2.0
1544,0.0
1545,2.0
1545,2.0
1545,2.0
1545,2.0
1545,2.0
1545,0.0
1546,2.0
1546,2.0
1546,2.0
1546,2.0
1546,2.0
1546,0.0
1547,2.0
1547,2.0
1547,2.0
1547,2.0
1547,2.0
1547,0.0
1548,2.0
1548,2.0
1548,2.0
1548,2.0
1548,2.0
1548,0.0
1549,2.0
1549,2.0
1549,2.0
1549,2.0
1549,2.0
1549,0.0
1550,2.0
1550,2.0
1550,2.0
1550,2.0
1550,2.0
1550,0.0
1551,2.0
1551,2.0
1551,2.0
1551,2.0
1551,2.0
1551,0.0
1552,2.0
1552,2.0
1552,2.0
1552,2.0
1552,2.0
1552,0.0
1553,2.0
1553,2.0
1553,2.0
1553,2.0
1553,2.0
1553,0.0
1554,2.0
1554,2.0
1554,2.0
1554,2.0
1554,2.0
1554,0.0
1555,2.0
1555,2.0
1555,2.0
1555,2.0
1555,2.0
1555,0.0
1556,2.0
1556,2.0
1556,2.0
1556,2.0
1556,2.0
1556,0.0
1557,2.0
1557,2.0
1557,2.0
1557,2.0
1557,2.0
1557,0.0
1558,2.0
1558,2.0
1558,2.0
1558,2.0
1558,2.0
1558,0.0
1559,2.0
1559,2.0
1559,2.0
1559,2.0
1559,2.0
1559,0.0
1560,2.0
1560,2.0
1560,2.0
1560,2.0
1560,2.0
1560,0.0
1561,2.0
1561,2.0
1561,2.0
1561,2.0
1561,2.0
1561,0.0
1562,2.0
1562,2.0
1562,2.0
1562,2.0
1562,2.0
1562,0.0
1563,2.0
1563,2.0
1563,2.0
1563,2.0
1563,2.0
1563,0.0
1564,2.0
1564,2.0
1564,2.0
1564,2.0
1564,2.0
1564,0.0
1565,2.0
1565,2.0
1565,2.0
1565,2.0
1565,2.0
1565,0.0
1566,2.0
1566,2.0
1566,2.0
1566,2.0
1566,2.0
1566,0.0
1567,2.0
1567,2.0
1567,2.0
1567,2.0
1567,2.0
1567,0.0
1568,2.0
1568,2.0
1568,2.0
1568,2.0
1568,2.0
1568,0.0
1569,2.0
1569,2.0
1569,2.0
1569,2.0
1569,2.0
1570,2.0
1570,2.0
1570,2.0
1570,2.0
1570,2.0
1571,2.0
1571,2.0
1571,2.0
1571,2.0
1571,2.0
1572,2.0
1572,2.0
1572,2.0
1572,2.0
1572,2.0
1573,2.0
1573,2.0
1573,2.0
1573,2.0
1573,2.0
1574,2.0
1574,2.0
1574,2.0
1574,2.0
1574,2.0
1574,0.0
1575,2.0
1575,2.0
1575,2.0
1575,2.0
1575,2.0
1575,0.0
1576,2.0
1576,2.0
1576,2.0
1576,2.0
1576,2.0
1576,0.0
1577,2.0
1577,2.0
1577,2.0
1577,2.0
1577,2.0
1577,0.0
1578,2.0
1578,2.0
1578,2.0
1578,2.0
1578,2.0
1578,0.0
1579,2.0
1579,2.0
1579,2.0
1579,2.0
1579,2.0
1579,0.0
1580,2.0
1580,2.0
1580,2.0
1580,2.0
1580,2.0
1580,0.0
1581,2.0
1581,2.0
1581,2.0
1581,2.0
1581,2.0
1582,2.0
1582,2.0
1582,2.0
1582,2.0
1582,2.0
1583,2.0
1583,2.0
1583,2.0
1583,2.0
1583,2.0
1584,2.0
1584,2.0
1584,2.0
1584,2.0
1584,2.0
1585,2.0
1585,2.0
1585,2.0
1585,2.0
1585,2.0
1586,2.0
1586,2.0
1586,2.0
1586,2.0
1586,2.0
1586,0.0
1587,2.0
1587,2.0
1587,2.0
1587,2.0
1587,2.0
1587,0.0
1588,2.0
1588,2.0
1588,2.0
1588,2.0
1588,2.0
1588,0.0
1589,2.0
1589,2.0
1589,2.0
1589,2.0
1589,2.0
1589,0.0
1590,2.0
1590,2.0
1590,2.0
1590,2.0
1590,2.0
1590,0.0
1591,2.0
1591,2.0
1591,2.0
1591,2.0
1591,2.0
1592,2.0
1592,2.0
1592,2.0
1592,2.0
1592,2.0
1593,2.0
1593,2.0
1593,2.0
1593,2.0
1593,2.0
1594,2.0
1594,2.0
1594,2.0
1594,2.0
1594,2.0
1595,2.0
1595,2.0
1595,2.0
1595,2.0
1595,2.0
1596,2.0
1596,2.0
1596,2.0
1596,2.0
1596,2.0
1597,2.0
1597,2.0
1597,2.0
1597,2.0
1597,2.0
1598,2.0
1598,2.0
1598,2.0
1598,2.0
1598,2.0
1599,2.0
1599,2.0
1599,2.0
1599,2.0
1599,2.0
1600,2.0
1600,2.0
1600,2.0
1600,2.0
1600,2.0
1601,2.0
1601,2.0
1601,2.0
1601,2.0
1601,2.0
1602,2.0
1602,2.0
1602,2.0
1602,2.0
1602,2.0
1603,2.0
1603,2.0
1603,2.0
1603,2.0
1603,2.0
1603,2.0
1604,2.0
1604,2.0
1604,2.0
1604,2.0
1604,2.0
1604,2.0
1605,2.0
1605,2.0
1605,2.0
1605,2.0
1605,2.0
1605,2.0
1606,2.0
1606,2.0
1606,2.0
1606,2.0
1606,2.0
1606,2.0
1607,2.0
1607,2.0
1607,2.0
1607,2.0
1607,2.0
1607,2.0
1608,2.0
1608,2.0
1608,2.0
1608,2.0
1608,2.0
1608,2.0
1609,2.0
1609,2.0
1609,2.0
1609,2.0
1609,2.0
1609,2.0
1610,2.0
1610,2.0
1610,2.0
1610,2.0
1610,2.0
1610,2.0
1611,2.0
1611,2.0
1611,2.0
1611,2.0
1611,2.0
1611,2.0
1612,2.0
1612,2.0
1612,2.0
1612,2.0
1612,2.0
1612,2.0
1613,2.0
1613,2.0
1613,2.0
1613,2.0
1613,2.0
1613,2.0
1614,2.0
1614,2.0
1614,2.0
1614,2.0
1614,2.0
1614,2.0
1615,2.0
1615,2.0
1615,2.0
1615,2.0
1615,2.0
1615,2.0
1616,2.0
1616,2.0
1616,2.0
1616,2.0
1616,2.0
1616,2.0
1617,2.0
1617,2.0
1617,2.0
1617,2.0
1617,2.0
1617,0.0
1617,2.0
1618,2.0
1618,2.0
1618,2.0
1618,2.0
1618,2.0
1618,3.0
1618,0.0
1618,2.0
1619,2.0
1619,2.0
1619,2.0
1619,2.0
1619,2.0
1619,3.0
1619,0.0
1619,2.0
1620,2.0
1620,2.0
1620,2.0
1620,2.0
1620,2.0
1620,3.0
1620,2.0
1621,2.0
1621,2.0
1621,2.0
1621,2.0
1621,2.0
1621,3.0
1621,2.0
1622,2.0
1622,2.0
1622,2.0
1622,2.0
1622,3.0
1622,2.0
1622,2.0
1623,2.0
1623,2.0
1623,2.0
1623,2.0
1623,3.0
1623,2.0
1623,2.0
1624,2.0
1624,2.0
1624,2.0
1624,2.0
1624,2.0
1624,3.0
1624,2.0
1625,2.0
1625,2.0
1625,2.0
1625,2.0
1625,2.0
1625,3.0
1625,2.0
1626,2.0
1626,2.0
1626,2.0
1626,2.0
1626,3.0
1626,2.0
1626,2.0
1627,2.0
1627,2.0
1627,2.0
1627,2.0
1627,2.0
1627,3.0
1627,2.0
1628,2.0
1628,2.0
1628,2.0
1628,2.0
1628,2.0
1628,0.0
1628,3.0
1628,2.0
1629,2.0
1629,2.0
1629,2.0
1629,2.0
1629,2.0
1629,0.0
1629,3.0
1629,2.0
1630,2.0
1630,2.0
1630,2.0
1630,2.0
1630,2.0
1630,3.0
1630,0.0
1630,2.0
1631,2.0
1631,2.0
1631,2.0
1631,2.0
1631,2.0
1631,3.0
1631,0.0
1631,2.0
1632,2.0
1632,2.0
1632,2.0
1632,2.0
1632,2.0
1632,3.0
1632,0.0
1632,2.0
1632,3.0
1633,2.0
1633,2.0
1633,2.0
1633,2.0
1633,2.0
1633,3.0
1633,0.0
1633,2.0
1634,2.0
1634,2.0
1634,2.0
1634,2.0
1634,2.0
1634,3.0
1634,2.0
1634,0.0
1635,2.0
1635,2.0
1635,2.0
1635,2.0
1635,2.0
1635,3.0
1635,2.0
1636,2.0
1636,2.0
1636,2.0
1636,2.0
1636,2.0
1636,3.0
1636,2.0
1637,2.0
1637,2.0
1637,2.0
1637,2.0
1637,2.0
1637,3.0
1637,2.0
1638,2.0
1638,2.0
1638,2.0
1638,2.0
1638,2.0
1638,3.0
1638,0.0
1638,2.0
1639,2.0
1639,2.0
1639,2.0
1639,2.0
1639,2.0
1639,3.0
1639,2.0
1640,2.0
1640,2.0
1640,2.0
1640,2.0
1640,2.0
1640,2.0
1640,3.0
1641,2.0
1641,2.0
1641,2.0
1641,2.0
1641,2.0
1641,3.0
1641,2.0
1642,2.0
1642,2.0
1642,2.0
1642,2.0
1642,2.0
1642,3.0
1642,2.0
1643,2.0
1643,2.0
1643,2.0
1643,2.0
1643,2.0
1643,3.0
1643,2.0
1644,2.0
1644,2.0
1644,2.0
1644,2.0
1644,2.0
1644,3.0
1644,2.0
1645,2.0
1645,2.0
1645,2.0
1645,2.0
1645,2.0
1645,0.0
1645,2.0
1645,3.0
1646,2.0
1646,2.0
1646,2.0
1646,2.0
1646,2.0
1646,0.0
1646,2.0
1646,3.0
1647,2.0
1647,2.0
1647,2.0
1647,2.0
1647,2.0
1647,2.0
1647,0.0
1648,2.0
1648,2.0
1648,2.0
1648,2.0
1648,2.0
1648,0.0
1648,2.0
1649,2.0
1649,2.0
1649,2.0
1649,2.0
1649,2.0
1649,0.0
1649,2.0
1650,2.0
1650,2.0
1650,2.0
1650,2.0
1650,2.0
1650,0.0
1650,2.0
1651,2.0
1651,2.0
1651,2.0
1651,2.0
1651,2.0
1651,2.0
1652,2.0
1652,2.0
1652,2.0
1652,2.0
1652,2.0
1652,2.0
1653,2.0
1653,2.0
1653,2.0
1653,2.0
1653,2.0
1653,2.0
1654,2.0
1654,2.0
1654,2.0
1654,0.0
1654,2.0
1654,2.0
1654,2.0
1654,3.0
1655,2.0
1655,2.0
1655,2.0
1655,0.0
1655,2.0
1655,2.0
1655,2.0
1655,3.0
1656,2.0
1656,2.0
1656,2.0
1656,2.0
1656,2.0
1656,3.0
1656,2.0
1657,2.0
1657,2.0
1657,2.0
1657,2.0
1657,2.0
1657,3.0
1657,2.0
1657,0.0
1658,2.0
1658,2.0
1658,2.0
1658,2.0
1658,2.0
1658,2.0
1658,3.0
1659,2.0
1659,2.0
1659,2.0
1659,2.0
1659,2.0
1659,0.0
1659,3.0
1659,2.0
1660,2.0
1660,2.0
1660,2.0
1660,2.0
1660,2.0
1660,0.0
1660,2.0
1661,2.0
1661,2.0
1661,2.0
1661,2.0
1661,2.0
1661,0.0
1662,2.0
1662,2.0
1662,2.0
1662,2.0
1662,2.0
1662,0.0
1662,3.0
1662,2.0
1663,2.0
1663,2.0
1663,2.0
1663,2.0
1663,2.0
1663,3.0
1663,0.0
1664,2.0
1664,2.0
1664,2.0
1664,2.0
1664,2.0
1664,3.0
1664,0.0
1665,2.0
1665,2.0
1665,2.0
1665,2.0
1665,2.0
1665,3.0
1665,0.0
1666,2.0
1666,2.0
1666,2.0
1666,2.0
1666,2.0
1666,3.0
1666,0.0
1667,2.0
1667,2.0
1667,2.0
1667,2.0
1667,2.0
1667,3.0
1667,0.0
1668,2.0
1668,2.0
1668,2.0
1668,2.0
1668,2.0
1668,0.0
1668,3.0
1669,2.0
1669,2.0
1669,2.0
1669,2.0
1669,2.0
1669,0.0
1669,3.0
1670,2.0
1670,2.0
1670,2.0
1670,2.0
1670,2.0
1670,0.0
1670,3.0
1670,3.0
1671,2.0
1671,2.0
1671,2.0
1671,2.0
1671,2.0
1671,0.0
1671,3.0
1672,2.0
1672,2.0
1672,2.0
1672,2.0
1672,2.0
1672,0.0
1672,3.0
1673,2.0
1673,2.0
1673,2.0
1673,2.0
1673,2.0
1673,0.0
1673,3.0
1674,2.0
1674,2.0
1674,2.0
1674,2.0
1674,2.0
1674,0.0
1674,3.0
1675,2.0
1675,2.0
1675,2.0
1675,0.0
1675,2.0
1675,2.0
1675,3.0
1676,2.0
1676,2.0
1676,2.0
1676,2.0
1676,2.0
1676,0.0
1676,3.0
1677,2.0
1677,2.0
1677,2.0
1677,2.0
1677,2.0
1677,0.0
1677,3.0
1678,2.0
1678,2.0
1678,2.0
1678,2.0
1678,0.0
1678,2.0
1678,3.0
1679,2.0
1679,2.0
1679,2.0
1679,2.0
1679,0.0
1679,2.0
1679,3.0
1680,2.0
1680,2.0
1680,2.0
1680,2.0
1680,2.0
1680,0.0
1680,3.0
