9,7.0
10,7.0
14,2.0
15,2.0
16,2.0
17,2.0
18,2.0
19,2.0
20,2.0
26,2.0
27,2.0
28,2.0
29,2.0
30,2.0
30,2.0
31,2.0
31,2.0
32,2.0
33,2.0
33,0.0
34,2.0
34,0.0
35,2.0
35,0.0
36,2.0
36,0.0
37,2.0
37,0.0
38,2.0
38,0.0
39,2.0
40,2.0
51,0.0
51,0.0
52,0.0
52,0.0
53,0.0
53,0.0
58,0.0
58,0.0
59,0.0
59,0.0
70,0.0
70,0.0
71,0.0
71,0.0
72,0.0
72,0.0
79,0.0
79,0.0
80,0.0
80,0.0
81,0.0
81,0.0
82,0.0
82,0.0
83,0.0
83,0.0
84,0.0
84,0.0
85,0.0
85,0.0
86,0.0
86,0.0
87,0.0
87,0.0
88,0.0
88,0.0
89,0.0
89,0.0
90,0.0
90,0.0
91,0.0
91,0.0
92,0.0
92,0.0
93,0.0
93,0.0
94,0.0
94,0.0
95,0.0
95,0.0
96,0.0
96,0.0
97,0.0
97,0.0
98,0.0
98,0.0
99,0.0
99,0.0
100,0.0
100,0.0
101,0.0
101,0.0
102,0.0
102,0.0
103,0.0
103,0.0
104,0.0
104,0.0
105,0.0
105,0.0
106,0.0
106,0.0
107,0.0
107,0.0
108,0.0
108,0.0
109,0.0
109,0.0
110,0.0
110,0.0
111,0.0
111,0.0
112,0.0
112,0.0
113,0.0
113,0.0
114,0.0
114,0.0
115,0.0
115,0.0
116,0.0
116,0.0
117,0.0
117,0.0
118,0.0
118,0.0
119,0.0
119,0.0
120,0.0
120,0.0
121,0.0
121,0.0
122,0.0
122,0.0
123,0.0
123,0.0
124,0.0
124,0.0
125,0.0
125,0.0
126,0.0
126,0.0
127,0.0
127,0.0
128,0.0
128,0.0
129,0.0
129,0.0
130,0.0
130,0.0
131,0.0
131,0.0
132,0.0
132,0.0
133,0.0
133,0.0
134,0.0
134,0.0
135,0.0
135,0.0
136,0.0
136,0.0
137,0.0
137,0.0
138,0.0
138,0.0
139,0.0
139,0.0
140,0.0
140,0.0
141,0.0
141,0.0
142,0.0
142,0.0
143,0.0
143,0.0
144,0.0
144,0.0
145,0.0
145,0.0
146,0.0
146,0.0
147,0.0
147,0.0
148,0.0
148,0.0
149,0.0
149,0.0
150,0.0
150,0.0
151,0.0
151,0.0
152,0.0
152,0.0
153,0.0
153,0.0
154,0.0
154,0.0
155,0.0
155,0.0
156,0.0
156,0.0
157,0.0
157,0.0
158,0.0
158,0.0
159,0.0
159,0.0
160,0.0
160,0.0
161,0.0
161,0.0
162,0.0
162,0.0
163,0.0
163,0.0
164,0.0
164,0.0
165,0.0
165,0.0
166,0.0
166,0.0
167,0.0
167,0.0
168,0.0
168,0.0
169,0.0
169,0.0
170,0.0
170,0.0
171,0.0
171,0.0
172,0.0
172,0.0
173,0.0
173,0.0
174,0.0
174,0.0
175,0.0
175,0.0
176,0.0
176,0.0
177,0.0
177,0.0
178,0.0
178,0.0
179,0.0
179,0.0
180,0.0
180,0.0
181,0.0
181,0.0
182,0.0
182,0.0
183,0.0
183,0.0
184,0.0
184,0.0
185,0.0
185,0.0
186,0.0
186,0.0
187,0.0
187,0.0
188,0.0
188,0.0
189,0.0
189,0.0
190,0.0
190,0.0
191,0.0
191,0.0
192,0.0
192,0.0
193,0.0
193,0.0
194,0.0
194,0.0
195,0.0
195,0.0
196,0.0
196,0.0
197,0.0
197,0.0
198,0.0
198,0.0
199,0.0
199,0.0
200,0.0
200,0.0
201,0.0
201,0.0
202,0.0
202,0.0
203,0.0
203,0.0
204,0.0
204,0.0
205,0.0
205,0.0
206,0.0
206,0.0
207,0.0
207,0.0
208,0.0
209,0.0
210,0.0
211,0.0
212,0.0
213,0.0
214,0.0
215,0.0
216,0.0
217,0.0
218,0.0
219,0.0
220,0.0
221,0.0
222,0.0
223,0.0
224,0.0
225,0.0
226,0.0
227,0.0
228,0.0
228,0.0
229,0.0
229,0.0
230,0.0
230,0.0
231,0.0
232,0.0
233,0.0
234,0.0
235,0.0
236,0.0
237,0.0
238,0.0
239,0.0
240,0.0
241,0.0
242,0.0
243,0.0
244,0.0
245,0.0
246,0.0
247,0.0
248,0.0
249,0.0
250,0.0
251,0.0
252,0.0
253,0.0
254,0.0
255,0.0
256,0.0
257,0.0
258,0.0
259,0.0
260,0.0
261,0.0
262,0.0
263,0.0
264,0.0
265,0.0
266,0.0
267,0.0
268,0.0
269,0.0
270,0.0
271,0.0
272,0.0
273,0.0
274,0.0
275,0.0
276,0.0
277,0.0
278,0.0
279,0.0
280,0.0
281,0.0
282,0.0
283,0.0
284,0.0
292,0.0
293,0.0
294,0.0
295,0.0
296,0.0
297,0.0
298,0.0
299,0.0
300,0.0
301,0.0
302,0.0
303,0.0
304,0.0
305,0.0
306,0.0
319,0.0
319,0.0
320,0.0
320,0.0
321,0.0
321,0.0
326,0.0
327,0.0
328,0.0
341,13.0
343,13.0
344,13.0
345,13.0
346,13.0
355,13.0
356,13.0
357,13.0
358,13.0
359,13.0
360,13.0
361,13.0
369,15.0
370,15.0
371,15.0
372,15.0
373,15.0
374,0.0
375,0.0
376,0.0
381,0.0
382,0.0
383,0.0
384,0.0
385,0.0
386,8.0
387,8.0
388,8.0
389,8.0
390,8.0
391,8.0
392,8.0
393,8.0
394,56.0
394,56.0
394,56.0
395,56.0
395,56.0
395,56.0
396,56.0
396,56.0
396,56.0
396,8.0
397,56.0
397,56.0
397,56.0
397,7.0
397,5.0
398,56.0
398,56.0
398,56.0
398,7.0
398,5.0
399,56.0
399,56.0
399,56.0
399,7.0
399,5.0
400,56.0
400,56.0
400,56.0
400,7.0
400,5.0
401,56.0
401,56.0
401,56.0
401,5.0
402,56.0
402,56.0
402,56.0
403,56.0
403,56.0
403,56.0
403,5.0
404,56.0
404,56.0
404,56.0
404,5.0
405,56.0
405,56.0
405,56.0
405,5.0
406,56.0
406,56.0
406,56.0
406,5.0
407,56.0
407,56.0
407,56.0
407,5.0
408,56.0
408,56.0
408,56.0
408,5.0
409,56.0
409,56.0
409,56.0
409,5.0
410,56.0
410,56.0
410,56.0
410,5.0
411,56.0
411,56.0
411,56.0
411,5.0
412,56.0
412,56.0
412,56.0
412,5.0
413,56.0
413,56.0
413,56.0
413,5.0
414,56.0
414,56.0
414,56.0
414,5.0
414,56.0
415,56.0
415,56.0
415,56.0
415,5.0
415,56.0
416,56.0
416,56.0
416,56.0
416,8.0
417,56.0
417,56.0
417,56.0
417,8.0
418,56.0
418,56.0
418,56.0
418,8.0
418,7.0
419,56.0
419,56.0
419,56.0
419,8.0
419,7.0
420,56.0
420,56.0
420,56.0
420,8.0
421,56.0
421,56.0
421,56.0
421,8.0
422,56.0
422,56.0
422,56.0
422,8.0
423,0.0
423,56.0
423,56.0
423,8.0
423,56.0
423,56.0
423,56.0
424,0.0
424,56.0
424,56.0
424,8.0
424,56.0
424,56.0
424,56.0
425,0.0
425,56.0
425,56.0
425,8.0
425,56.0
425,56.0
425,56.0
426,0.0
426,56.0
426,56.0
426,8.0
426,56.0
426,56.0
426,56.0
427,56.0
427,0.0
427,56.0
427,56.0
427,8.0
427,56.0
428,56.0
428,0.0
428,56.0
428,56.0
428,8.0
428,56.0
429,56.0
429,0.0
429,56.0
429,56.0
429,8.0
429,56.0
430,0.0
430,56.0
430,56.0
430,56.0
430,56.0
430,56.0
430,8.0
431,0.0
431,56.0
431,56.0
431,56.0
431,56.0
431,56.0
431,8.0
432,0.0
432,56.0
432,56.0
432,56.0
432,56.0
432,56.0
432,8.0
433,0.0
433,56.0
433,56.0
433,56.0
433,8.0
433,56.0
434,0.0
434,56.0
434,56.0
434,56.0
434,8.0
434,56.0
435,0.0
435,56.0
435,56.0
435,56.0
435,8.0
435,56.0
436,0.0
436,56.0
436,56.0
436,56.0
436,8.0
436,56.0
437,0.0
437,56.0
437,56.0
437,56.0
437,8.0
437,56.0
437,56.0
438,0.0
438,56.0
438,56.0
438,56.0
438,8.0
438,56.0
439,0.0
439,56.0
439,56.0
439,56.0
439,8.0
439,56.0
440,0.0
440,56.0
440,56.0
440,56.0
440,8.0
440,56.0
441,0.0
441,56.0
441,56.0
441,56.0
441,8.0
441,56.0
441,56.0
442,0.0
442,56.0
442,56.0
442,56.0
442,8.0
442,56.0
442,56.0
443,0.0
443,56.0
443,56.0
443,56.0
443,8.0
443,56.0
443,56.0
444,0.0
444,56.0
444,56.0
444,56.0
444,8.0
445,0.0
445,56.0
445,56.0
445,56.0
445,8.0
446,0.0
446,56.0
446,56.0
446,8.0
446,56.0
446,56.0
446,56.0
447,0.0
447,56.0
447,56.0
447,8.0
447,56.0
447,56.0
447,56.0
448,0.0
448,56.0
448,56.0
448,56.0
448,56.0
448,8.0
448,56.0
449,0.0
449,56.0
449,56.0
449,56.0
449,56.0
449,8.0
449,56.0
450,0.0
450,56.0
450,56.0
450,8.0
450,0.0
450,56.0
451,0.0
451,56.0
451,56.0
451,8.0
451,0.0
451,56.0
451,56.0
452,0.0
452,56.0
452,56.0
452,8.0
452,56.0
452,0.0
453,56.0
453,0.0
453,56.0
453,56.0
453,8.0
454,0.0
454,56.0
454,56.0
454,56.0
454,8.0
455,0.0
455,56.0
455,56.0
455,56.0
455,8.0
456,56.0
456,56.0
456,5.0
456,7.0
457,56.0
457,56.0
457,5.0
457,7.0
457,56.0
458,56.0
458,56.0
458,5.0
458,56.0
458,7.0
459,56.0
459,56.0
459,5.0
459,56.0
459,7.0
460,56.0
460,56.0
460,7.0
460,5.0
461,56.0
461,56.0
461,7.0
461,5.0
462,56.0
462,56.0
462,7.0
462,5.0
463,56.0
463,7.0
463,56.0
463,56.0
464,56.0
464,7.0
464,56.0
464,56.0
465,56.0
465,7.0
465,56.0
465,5.0
465,56.0
466,56.0
466,7.0
466,56.0
466,5.0
466,56.0
467,56.0
467,56.0
467,7.0
467,5.0
468,56.0
468,7.0
468,56.0
468,5.0
469,56.0
469,7.0
469,56.0
469,5.0
470,56.0
470,7.0
470,56.0
470,5.0
471,56.0
471,7.0
471,5.0
471,56.0
472,56.0
472,7.0
472,56.0
472,5.0
473,56.0
473,7.0
473,56.0
473,5.0
474,56.0
474,7.0
474,56.0
474,5.0
475,56.0
475,5.0
475,56.0
475,7.0
476,56.0
476,5.0
476,56.0
476,7.0
477,56.0
477,5.0
477,56.0
477,7.0
478,5.0
478,56.0
478,56.0
479,5.0
479,56.0
479,56.0
480,56.0
480,5.0
480,56.0
480,8.0
480,7.0
481,56.0
481,5.0
481,56.0
481,8.0
481,7.0
482,56.0
482,5.0
482,56.0
482,8.0
482,7.0
483,5.0
483,56.0
483,8.0
483,56.0
484,5.0
484,56.0
484,8.0
484,56.0
485,5.0
485,56.0
485,8.0
485,56.0
486,56.0
486,5.0
486,56.0
486,8.0
486,7.0
487,56.0
487,5.0
487,56.0
487,7.0
488,56.0
488,5.0
488,56.0
488,7.0
489,56.0
489,5.0
489,56.0
489,7.0
490,5.0
490,56.0
490,56.0
491,5.0
491,56.0
491,56.0
491,7.0
492,5.0
492,56.0
492,56.0
492,7.0
493,56.0
494,56.0
497,7.0
498,7.0
499,7.0
500,7.0
501,7.0
502,7.0
503,7.0
503,56.0
504,56.0
504,7.0
505,7.0
506,7.0
507,7.0
508,7.0
509,7.0
510,7.0
511,7.0
512,7.0
512,5.0
513,7.0
513,5.0
514,7.0
514,5.0
515,7.0
515,5.0
516,7.0
516,5.0
517,5.0
517,56.0
518,5.0
519,5.0
520,5.0
521,5.0
522,5.0
523,7.0
523,56.0
523,5.0
524,7.0
524,56.0
524,5.0
525,56.0
525,0.0
525,8.0
525,5.0
525,56.0
526,56.0
526,0.0
526,5.0
526,8.0
526,56.0
527,56.0
527,0.0
527,5.0
527,8.0
527,56.0
528,56.0
528,0.0
528,5.0
528,8.0
529,0.0
529,8.0
529,56.0
529,56.0
529,5.0
530,0.0
530,8.0
530,56.0
530,56.0
530,5.0
530,56.0
531,0.0
531,8.0
531,56.0
531,56.0
531,5.0
532,0.0
532,8.0
532,56.0
532,56.0
532,5.0
532,56.0
533,0.0
533,8.0
533,56.0
533,56.0
533,5.0
533,56.0
534,0.0
534,8.0
534,56.0
534,56.0
534,5.0
534,56.0
535,0.0
535,8.0
535,56.0
535,56.0
535,5.0
535,56.0
536,0.0
536,8.0
536,56.0
536,56.0
536,5.0
536,56.0
537,0.0
537,8.0
537,56.0
537,56.0
537,5.0
537,56.0
538,0.0
538,8.0
538,56.0
538,56.0
538,5.0
538,56.0
539,0.0
539,8.0
539,56.0
539,56.0
539,5.0
539,56.0
539,56.0
540,0.0
540,8.0
540,56.0
540,56.0
540,5.0
540,56.0
540,56.0
541,0.0
541,8.0
541,56.0
541,56.0
541,5.0
541,56.0
541,56.0
542,0.0
542,56.0
542,56.0
542,8.0
542,56.0
542,5.0
542,56.0
542,56.0
543,0.0
543,56.0
543,56.0
543,8.0
543,56.0
543,56.0
543,5.0
543,56.0
544,0.0
544,56.0
544,8.0
544,56.0
544,56.0
544,56.0
545,0.0
545,56.0
545,8.0
545,56.0
545,56.0
545,56.0
546,0.0
546,56.0
546,8.0
546,56.0
546,56.0
546,56.0
547,0.0
547,8.0
547,56.0
547,56.0
548,0.0
548,8.0
548,56.0
548,56.0
549,0.0
549,56.0
549,8.0
549,56.0
550,0.0
550,56.0
550,8.0
550,56.0
551,0.0
551,56.0
551,8.0
551,56.0
552,0.0
552,56.0
552,8.0
552,56.0
553,0.0
553,56.0
553,8.0
553,56.0
554,0.0
554,56.0
554,8.0
554,56.0
555,0.0
555,56.0
555,8.0
555,56.0
556,0.0
556,56.0
556,8.0
556,56.0
557,0.0
557,56.0
557,8.0
557,56.0
558,0.0
558,56.0
558,56.0
558,8.0
558,5.0
559,0.0
559,56.0
559,56.0
559,8.0
559,5.0
560,0.0
560,56.0
560,56.0
560,8.0
560,5.0
561,0.0
561,56.0
561,56.0
561,8.0
562,0.0
562,56.0
562,56.0
562,8.0
563,0.0
563,56.0
563,56.0
563,8.0
564,0.0
564,56.0
564,8.0
564,56.0
565,0.0
565,56.0
565,8.0
565,56.0
566,0.0
566,56.0
566,56.0
566,8.0
567,0.0
567,56.0
567,56.0
567,8.0
568,0.0
568,56.0
568,56.0
568,8.0
569,0.0
569,56.0
569,56.0
569,8.0
570,0.0
570,56.0
570,56.0
570,8.0
571,0.0
571,56.0
571,56.0
571,8.0
572,0.0
572,56.0
572,56.0
572,8.0
573,0.0
573,56.0
573,8.0
573,56.0
574,0.0
574,56.0
574,8.0
574,56.0
575,0.0
575,56.0
575,8.0
575,56.0
576,0.0
576,56.0
576,8.0
576,56.0
577,0.0
577,56.0
577,8.0
577,56.0
577,56.0
578,0.0
578,56.0
578,8.0
578,56.0
578,56.0
579,0.0
579,56.0
579,8.0
579,56.0
580,0.0
580,56.0
580,8.0
580,56.0
581,0.0
581,56.0
581,8.0
581,56.0
582,0.0
582,56.0
582,8.0
582,56.0
583,0.0
583,56.0
583,8.0
583,56.0
584,0.0
584,8.0
584,56.0
584,56.0
585,0.0
585,8.0
585,56.0
585,56.0
586,0.0
586,8.0
586,56.0
586,56.0
587,0.0
587,8.0
587,56.0
587,56.0
588,0.0
588,8.0
588,56.0
588,56.0
589,0.0
589,8.0
589,56.0
589,56.0
590,0.0
590,8.0
590,56.0
590,56.0
591,0.0
591,8.0
591,56.0
591,56.0
592,0.0
592,8.0
592,56.0
592,56.0
593,0.0
593,8.0
593,56.0
593,56.0
594,0.0
594,8.0
594,56.0
594,56.0
595,0.0
595,8.0
595,56.0
595,56.0
596,0.0
596,8.0
596,56.0
596,56.0
597,0.0
597,8.0
597,56.0
597,56.0
598,0.0
598,8.0
598,56.0
598,56.0
599,0.0
599,8.0
599,56.0
599,56.0
600,0.0
600,56.0
600,8.0
600,56.0
600,56.0
601,0.0
601,56.0
601,8.0
601,56.0
601,56.0
602,0.0
602,56.0
602,8.0
602,56.0
602,56.0
603,0.0
603,56.0
603,8.0
603,56.0
603,56.0
604,0.0
604,56.0
604,8.0
604,56.0
604,56.0
605,0.0
605,56.0
605,8.0
605,56.0
605,56.0
606,0.0
606,56.0
606,8.0
606,56.0
606,56.0
607,0.0
607,56.0
607,8.0
607,56.0
607,56.0
608,0.0
608,56.0
608,8.0
608,56.0
608,56.0
609,0.0
609,56.0
609,8.0
609,56.0
609,56.0
610,0.0
610,56.0
610,8.0
610,56.0
610,56.0
611,0.0
611,56.0
611,8.0
611,56.0
611,56.0
612,0.0
612,56.0
612,8.0
612,56.0
612,56.0
613,0.0
613,56.0
613,8.0
613,56.0
613,56.0
614,0.0
614,56.0
614,56.0
614,5.0
614,56.0
614,56.0
614,56.0
614,8.0
615,0.0
615,56.0
615,56.0
615,5.0
615,56.0
615,56.0
615,56.0
615,8.0
616,0.0
616,56.0
616,56.0
616,5.0
616,56.0
616,56.0
616,56.0
616,8.0
617,0.0
617,56.0
617,56.0
617,5.0
617,56.0
617,56.0
617,8.0
618,0.0
618,56.0
618,56.0
618,5.0
618,56.0
618,8.0
618,56.0
618,56.0
619,0.0
619,56.0
619,56.0
619,5.0
619,56.0
619,8.0
619,56.0
619,56.0
620,0.0
620,56.0
620,56.0
620,5.0
620,56.0
620,8.0
620,56.0
621,0.0
621,56.0
621,56.0
621,56.0
621,5.0
621,8.0
621,56.0
621,56.0
622,0.0
622,56.0
622,56.0
622,56.0
622,5.0
622,8.0
622,56.0
622,56.0
623,0.0
623,56.0
623,56.0
623,56.0
623,5.0
623,8.0
623,56.0
623,56.0
624,0.0
624,56.0
624,56.0
624,56.0
624,5.0
624,8.0
624,56.0
624,56.0
625,0.0
625,56.0
625,56.0
625,56.0
625,5.0
625,8.0
625,56.0
625,56.0
626,0.0
626,56.0
626,56.0
626,56.0
626,56.0
626,8.0
626,56.0
626,5.0
627,0.0
627,56.0
627,56.0
627,56.0
627,56.0
627,8.0
627,56.0
627,5.0
628,0.0
628,56.0
628,56.0
628,56.0
628,8.0
628,56.0
628,56.0
629,0.0
629,56.0
629,56.0
629,56.0
629,8.0
629,56.0
629,56.0
630,0.0
630,56.0
630,56.0
630,56.0
630,8.0
630,56.0
630,56.0
631,0.0
631,56.0
631,56.0
631,56.0
631,8.0
631,56.0
631,56.0
632,0.0
632,56.0
632,56.0
632,56.0
632,8.0
632,56.0
632,56.0
633,0.0
633,56.0
633,56.0
633,56.0
633,8.0
633,56.0
633,56.0
634,0.0
634,56.0
634,56.0
634,56.0
634,8.0
634,56.0
634,56.0
635,0.0
635,56.0
635,56.0
635,56.0
635,8.0
635,56.0
635,56.0
636,0.0
636,56.0
636,56.0
636,56.0
636,8.0
636,56.0
636,56.0
637,0.0
637,56.0
637,56.0
637,56.0
637,8.0
637,56.0
637,56.0
638,0.0
638,56.0
638,56.0
638,56.0
638,8.0
638,56.0
638,56.0
639,0.0
639,56.0
639,56.0
639,56.0
639,8.0
639,56.0
639,56.0
640,0.0
640,56.0
640,56.0
640,56.0
640,8.0
640,56.0
640,56.0
640,5.0
641,0.0
641,56.0
641,56.0
641,56.0
641,8.0
641,56.0
641,56.0
641,5.0
642,0.0
642,56.0
642,56.0
642,56.0
642,8.0
642,56.0
642,56.0
642,5.0
643,0.0
643,56.0
643,56.0
643,56.0
643,8.0
643,56.0
643,56.0
643,5.0
644,0.0
644,56.0
644,56.0
644,56.0
644,8.0
644,56.0
644,56.0
644,5.0
645,0.0
645,56.0
645,56.0
645,56.0
645,8.0
645,56.0
645,56.0
645,5.0
646,0.0
646,56.0
646,56.0
646,56.0
646,8.0
646,56.0
646,56.0
646,5.0
647,0.0
647,56.0
647,56.0
647,56.0
647,8.0
647,56.0
647,56.0
647,5.0
648,0.0
648,56.0
648,56.0
648,56.0
648,8.0
648,56.0
648,56.0
648,5.0
649,0.0
649,56.0
649,56.0
649,56.0
649,8.0
649,56.0
649,56.0
650,0.0
650,56.0
650,56.0
650,56.0
650,8.0
650,56.0
650,56.0
651,0.0
651,56.0
651,56.0
651,56.0
651,8.0
651,56.0
651,56.0
652,0.0
652,56.0
652,56.0
652,56.0
652,8.0
652,56.0
652,56.0
653,0.0
653,56.0
653,56.0
653,56.0
653,8.0
653,56.0
653,56.0
654,0.0
654,56.0
654,56.0
654,56.0
654,8.0
654,56.0
654,56.0
655,0.0
655,56.0
655,56.0
655,8.0
655,56.0
655,56.0
655,56.0
656,0.0
656,56.0
656,56.0
656,56.0
656,8.0
656,56.0
656,56.0
657,0.0
657,56.0
657,56.0
657,56.0
657,8.0
657,56.0
657,56.0
658,0.0
658,56.0
658,56.0
658,56.0
658,8.0
658,56.0
658,56.0
659,0.0
659,56.0
659,56.0
659,56.0
659,8.0
659,56.0
659,56.0
660,0.0
660,56.0
660,56.0
660,56.0
660,8.0
660,56.0
660,56.0
661,0.0
661,56.0
661,56.0
661,56.0
661,8.0
661,56.0
661,56.0
662,0.0
662,56.0
662,56.0
662,56.0
662,8.0
662,56.0
662,56.0
663,0.0
663,56.0
663,56.0
663,56.0
663,8.0
663,56.0
663,56.0
664,0.0
664,56.0
664,56.0
664,56.0
664,8.0
664,56.0
664,56.0
665,0.0
665,56.0
665,56.0
665,56.0
665,8.0
665,56.0
665,56.0
666,0.0
666,56.0
666,56.0
666,56.0
666,8.0
666,56.0
666,56.0
667,0.0
667,56.0
667,56.0
667,56.0
667,8.0
667,56.0
667,56.0
668,0.0
668,56.0
668,56.0
668,56.0
668,8.0
668,56.0
668,56.0
669,0.0
669,56.0
669,56.0
669,56.0
669,8.0
669,56.0
669,56.0
670,0.0
670,56.0
670,56.0
670,56.0
670,8.0
670,56.0
670,56.0
671,0.0
671,56.0
671,56.0
671,56.0
671,8.0
671,56.0
671,56.0
672,0.0
672,56.0
672,56.0
672,56.0
672,8.0
672,56.0
672,56.0
673,0.0
673,56.0
673,56.0
673,56.0
673,8.0
673,56.0
673,56.0
674,0.0
674,56.0
674,56.0
674,56.0
674,8.0
674,56.0
674,56.0
675,0.0
675,56.0
675,56.0
675,56.0
675,8.0
675,56.0
675,56.0
676,0.0
676,56.0
676,56.0
676,56.0
676,8.0
676,56.0
676,56.0
677,0.0
677,56.0
677,56.0
677,56.0
677,8.0
677,56.0
677,56.0
678,0.0
678,56.0
678,56.0
678,56.0
678,8.0
678,56.0
678,56.0
679,0.0
679,56.0
679,56.0
679,56.0
679,8.0
679,56.0
679,56.0
680,0.0
680,56.0
680,56.0
680,56.0
680,8.0
680,56.0
680,56.0
681,0.0
681,56.0
681,56.0
681,56.0
681,8.0
681,56.0
681,56.0
682,0.0
682,56.0
682,56.0
682,56.0
682,8.0
682,56.0
682,56.0
683,0.0
683,56.0
683,56.0
683,56.0
683,8.0
683,56.0
683,56.0
684,0.0
684,56.0
684,56.0
684,56.0
684,8.0
684,56.0
684,56.0
685,0.0
685,56.0
685,56.0
685,56.0
685,8.0
685,56.0
685,56.0
686,0.0
686,56.0
686,56.0
686,56.0
686,8.0
686,56.0
686,56.0
687,0.0
687,56.0
687,56.0
687,56.0
687,8.0
687,56.0
687,56.0
688,0.0
688,56.0
688,56.0
688,56.0
688,8.0
688,56.0
688,56.0
689,0.0
689,56.0
689,56.0
689,56.0
689,8.0
689,56.0
689,56.0
690,0.0
690,56.0
690,56.0
690,56.0
690,8.0
690,56.0
690,56.0
691,0.0
691,56.0
691,56.0
691,56.0
691,8.0
691,56.0
691,56.0
692,0.0
692,56.0
692,56.0
692,56.0
692,8.0
692,56.0
692,56.0
693,0.0
693,56.0
693,56.0
693,56.0
693,8.0
693,56.0
693,56.0
694,0.0
694,56.0
694,56.0
694,56.0
694,8.0
694,56.0
694,56.0
695,0.0
695,56.0
695,56.0
695,56.0
695,8.0
695,56.0
695,56.0
696,0.0
696,56.0
696,56.0
696,56.0
696,8.0
696,56.0
696,56.0
697,0.0
697,56.0
697,56.0
697,56.0
697,8.0
697,56.0
697,56.0
698,0.0
698,56.0
698,56.0
698,56.0
698,8.0
698,56.0
698,56.0
699,0.0
699,56.0
699,56.0
699,56.0
699,8.0
699,56.0
699,56.0
700,0.0
700,56.0
700,56.0
700,56.0
700,8.0
700,56.0
700,56.0
701,0.0
701,56.0
701,56.0
701,56.0
701,8.0
701,56.0
701,56.0
702,0.0
702,56.0
702,56.0
702,56.0
702,8.0
702,56.0
702,56.0
703,0.0
703,56.0
703,56.0
703,56.0
703,8.0
703,56.0
703,56.0
704,0.0
704,56.0
704,56.0
704,56.0
704,8.0
704,56.0
704,56.0
705,0.0
705,56.0
705,56.0
705,56.0
705,8.0
705,56.0
705,56.0
706,0.0
706,56.0
706,56.0
706,56.0
706,8.0
706,56.0
706,56.0
707,0.0
707,56.0
707,56.0
707,8.0
707,56.0
707,56.0
707,56.0
708,0.0
708,56.0
708,56.0
708,8.0
708,56.0
708,56.0
708,56.0
709,0.0
709,56.0
709,56.0
709,8.0
709,56.0
709,56.0
709,56.0
710,0.0
710,56.0
710,56.0
710,8.0
710,56.0
710,56.0
710,56.0
711,0.0
711,56.0
711,56.0
711,8.0
711,56.0
711,56.0
711,56.0
712,0.0
712,56.0
712,56.0
712,8.0
712,56.0
712,56.0
712,56.0
713,0.0
713,56.0
713,56.0
713,8.0
713,56.0
713,56.0
713,56.0
714,0.0
714,56.0
714,56.0
714,8.0
714,56.0
714,56.0
714,56.0
715,0.0
715,56.0
715,56.0
715,8.0
715,56.0
715,56.0
715,56.0
716,0.0
716,56.0
716,8.0
716,56.0
716,56.0
716,56.0
716,56.0
717,0.0
717,56.0
717,8.0
717,56.0
717,56.0
717,56.0
717,56.0
718,0.0
718,56.0
718,8.0
718,56.0
718,56.0
718,56.0
718,56.0
719,0.0
719,56.0
719,8.0
719,56.0
719,56.0
719,56.0
719,56.0
720,0.0
720,56.0
720,8.0
720,56.0
720,56.0
720,56.0
720,56.0
721,0.0
721,56.0
721,8.0
721,56.0
721,56.0
721,56.0
721,56.0
722,0.0
722,56.0
722,8.0
722,56.0
722,56.0
722,56.0
722,56.0
723,0.0
723,56.0
723,8.0
723,56.0
723,56.0
723,56.0
723,56.0
724,0.0
724,8.0
724,56.0
724,56.0
724,56.0
724,56.0
724,56.0
725,0.0
725,8.0
725,56.0
725,56.0
725,56.0
725,56.0
725,56.0
726,0.0
726,8.0
726,56.0
726,56.0
726,56.0
726,56.0
726,56.0
727,0.0
727,8.0
727,56.0
727,56.0
727,56.0
727,56.0
727,56.0
728,0.0
728,8.0
728,56.0
728,56.0
728,56.0
728,56.0
728,56.0
729,0.0
729,8.0
729,56.0
729,56.0
729,56.0
729,56.0
729,56.0
730,0.0
730,8.0
730,56.0
730,56.0
730,56.0
730,56.0
730,56.0
731,0.0
731,8.0
731,56.0
731,56.0
731,56.0
731,56.0
731,56.0
732,0.0
732,8.0
732,56.0
732,56.0
732,56.0
732,56.0
732,56.0
733,0.0
733,8.0
733,56.0
733,56.0
733,56.0
733,56.0
733,56.0
734,0.0
734,8.0
734,56.0
734,56.0
734,56.0
734,56.0
734,56.0
735,0.0
735,8.0
735,56.0
735,56.0
735,56.0
735,56.0
735,56.0
736,0.0
736,8.0
736,56.0
736,56.0
736,56.0
736,56.0
736,56.0
737,0.0
737,8.0
737,56.0
737,56.0
737,56.0
737,56.0
737,56.0
738,0.0
738,8.0
738,56.0
738,56.0
738,56.0
738,56.0
738,56.0
739,0.0
739,8.0
739,56.0
739,56.0
739,56.0
739,56.0
739,56.0
740,0.0
740,8.0
740,56.0
740,56.0
740,56.0
740,56.0
740,56.0
741,0.0
741,8.0
741,56.0
741,56.0
741,56.0
741,56.0
741,56.0
742,0.0
742,8.0
742,56.0
742,56.0
742,56.0
742,56.0
742,56.0
743,0.0
743,8.0
743,56.0
743,56.0
743,56.0
743,56.0
743,56.0
744,0.0
744,8.0
744,56.0
744,56.0
744,56.0
744,56.0
744,56.0
745,0.0
745,8.0
745,56.0
745,56.0
745,56.0
745,56.0
745,56.0
746,0.0
746,8.0
746,56.0
746,56.0
746,56.0
746,56.0
746,56.0
747,0.0
747,8.0
747,56.0
747,56.0
747,56.0
747,56.0
747,56.0
748,0.0
748,8.0
748,56.0
748,56.0
748,56.0
748,56.0
748,56.0
749,0.0
749,8.0
749,56.0
749,56.0
749,56.0
749,56.0
749,56.0
750,0.0
750,8.0
750,56.0
750,56.0
750,56.0
750,56.0
750,56.0
750,5.0
751,0.0
751,8.0
751,56.0
751,56.0
751,56.0
751,56.0
751,56.0
752,0.0
752,8.0
752,56.0
752,56.0
752,56.0
752,56.0
753,0.0
753,56.0
753,8.0
753,56.0
753,56.0
753,56.0
754,0.0
754,56.0
754,5.0
754,56.0
754,8.0
754,56.0
754,56.0
755,0.0
755,56.0
755,5.0
755,56.0
755,8.0
755,56.0
755,56.0
756,0.0
756,56.0
756,5.0
756,56.0
756,8.0
756,56.0
756,56.0
757,0.0
757,56.0
757,5.0
757,56.0
757,8.0
758,0.0
758,56.0
758,56.0
758,5.0
758,8.0
759,0.0
759,5.0
759,56.0
759,56.0
759,56.0
760,0.0
760,5.0
760,56.0
760,56.0
760,56.0
761,0.0
761,5.0
761,56.0
761,56.0
761,56.0
762,0.0
762,5.0
762,56.0
762,56.0
762,56.0
763,0.0
763,5.0
763,56.0
763,56.0
763,56.0
764,0.0
764,5.0
764,56.0
764,56.0
764,56.0
765,0.0
765,5.0
765,56.0
765,56.0
765,56.0
766,0.0
766,5.0
766,56.0
766,56.0
766,56.0
767,0.0
767,56.0
767,56.0
767,5.0
768,0.0
768,56.0
768,56.0
768,5.0
769,0.0
769,56.0
769,56.0
769,5.0
770,0.0
770,56.0
770,56.0
770,5.0
771,0.0
771,56.0
771,56.0
771,5.0
772,0.0
772,56.0
772,56.0
772,5.0
773,0.0
773,56.0
773,56.0
773,5.0
774,0.0
774,5.0
774,56.0
774,56.0
775,0.0
775,5.0
775,56.0
775,56.0
776,0.0
776,5.0
777,0.0
777,5.0
778,0.0
778,5.0
779,0.0
779,5.0
780,0.0
780,56.0
780,5.0
781,0.0
781,56.0
781,5.0
782,0.0
782,56.0
782,5.0
783,0.0
783,56.0
783,5.0
784,0.0
784,56.0
784,5.0
785,0.0
785,56.0
785,5.0
786,0.0
786,56.0
786,5.0
795,0.0
804,0.0
805,0.0
806,0.0
807,0.0
834,0.0
835,0.0
840,0.0
841,0.0
842,0.0
843,0.0
844,0.0
845,0.0
846,0.0
847,0.0
848,0.0
849,0.0
850,0.0
851,0.0
852,0.0
853,0.0
854,0.0
855,0.0
856,0.0
857,0.0
858,0.0
859,0.0
860,0.0
861,0.0
862,0.0
863,0.0
864,0.0
865,0.0
866,0.0
867,0.0
868,0.0
869,0.0
870,0.0
871,0.0
872,0.0
873,0.0
874,0.0
875,0.0
876,0.0
877,0.0
878,0.0
879,0.0
880,0.0
881,0.0
882,0.0
883,0.0
884,0.0
885,0.0
886,0.0
887,0.0
888,0.0
889,0.0
890,0.0
891,0.0
892,0.0
893,0.0
894,0.0
895,0.0
896,0.0
897,0.0
898,0.0
899,0.0
900,0.0
901,0.0
902,0.0
903,0.0
904,0.0
905,0.0
906,0.0
907,0.0
908,0.0
909,0.0
910,0.0
911,0.0
912,0.0
913,0.0
914,0.0
915,0.0
916,0.0
917,0.0
918,0.0
919,0.0
920,0.0
921,0.0
922,0.0
923,0.0
924,0.0
925,0.0
926,0.0
927,0.0
928,0.0
929,0.0
930,0.0
931,0.0
932,0.0
933,0.0
934,0.0
935,0.0
936,0.0
937,0.0
938,0.0
939,0.0
940,0.0
941,0.0
942,0.0
943,0.0
944,0.0
945,0.0
946,0.0
947,0.0
948,0.0
949,0.0
950,0.0
951,0.0
952,0.0
953,0.0
954,0.0
955,0.0
956,0.0
957,0.0
958,0.0
959,0.0
960,0.0
961,0.0
962,0.0
963,0.0
964,0.0
965,0.0
966,0.0
967,0.0
968,0.0
969,0.0
970,0.0
971,0.0
972,0.0
973,0.0
974,0.0
975,0.0
976,0.0
977,0.0
978,0.0
979,0.0
980,0.0
981,0.0
982,0.0
983,0.0
984,0.0
985,0.0
986,0.0
987,0.0
988,0.0
989,0.0
990,0.0
991,0.0
992,0.0
993,0.0
994,0.0
995,0.0
996,0.0
997,0.0
998,0.0
999,0.0
1000,0.0
1001,0.0
1002,0.0
1003,0.0
1004,0.0
1005,0.0
1006,0.0
1007,0.0
1008,0.0
1009,0.0
1010,0.0
1011,0.0
1012,0.0
1013,0.0
1014,0.0
1015,0.0
1016,0.0
1017,0.0
1018,0.0
1019,0.0
1020,0.0
1021,0.0
1022,0.0
1023,0.0
1024,0.0
1025,0.0
1026,0.0
1027,0.0
1028,0.0
1029,0.0
1030,0.0
1031,0.0
1032,0.0
1033,0.0
1034,0.0
1035,0.0
1036,0.0
1037,0.0
1038,0.0
1039,0.0
1040,0.0
1041,0.0
1042,0.0
1043,0.0
1044,0.0
1045,0.0
1046,0.0
1047,0.0
1048,0.0
1049,0.0
1050,0.0
1051,0.0
1052,0.0
1053,0.0
1054,0.0
1055,0.0
1056,0.0
1057,0.0
1058,0.0
1059,0.0
1060,0.0
1061,0.0
1062,0.0
1063,0.0
1064,0.0
1065,0.0
1066,0.0
1067,0.0
1068,0.0
1069,0.0
1070,0.0
1071,0.0
1072,0.0
1073,0.0
1074,0.0
1075,0.0
1075,6.0
1076,0.0
1076,6.0
1077,0.0
1077,6.0
1078,0.0
1078,6.0
1079,0.0
1079,6.0
1080,0.0
1080,6.0
1081,0.0
1081,6.0
1082,0.0
1082,6.0
1083,0.0
1083,6.0
1084,0.0
1084,6.0
1085,0.0
1085,6.0
1086,0.0
1086,6.0
1087,0.0
1088,0.0
1089,0.0
1090,0.0
1091,0.0
1092,0.0
1093,0.0
1094,0.0
1095,0.0
1095,6.0
1096,0.0
1096,6.0
1097,0.0
1097,6.0
1098,0.0
1098,6.0
1099,0.0
1100,0.0
1101,0.0
1102,0.0
1103,0.0
1104,0.0
1105,0.0
1106,0.0
1107,0.0
1108,0.0
1109,0.0
1110,0.0
1111,0.0
1112,0.0
1113,0.0
1114,0.0
1115,0.0
1116,0.0
1117,0.0
1118,0.0
1119,0.0
1120,0.0
1121,0.0
1122,0.0
1123,0.0
1124,0.0
1125,0.0
1126,0.0
1127,0.0
1128,0.0
1129,0.0
1130,0.0
1131,0.0
1132,0.0
1133,0.0
1134,0.0
1135,0.0
1136,0.0
1137,0.0
1138,0.0
1139,0.0
1140,0.0
1141,0.0
1142,0.0
1143,0.0
1144,0.0
1145,0.0
1146,0.0
1147,0.0
1148,0.0
1149,0.0
1150,0.0
1151,0.0
1152,0.0
1153,0.0
1154,0.0
1155,0.0
1156,0.0
1157,0.0
1158,0.0
1159,0.0
1160,0.0
1161,0.0
1162,0.0
1163,0.0
1164,0.0
1165,0.0
1166,0.0
1167,0.0
1168,0.0
1169,0.0
1170,0.0
1171,0.0
1172,0.0
1173,0.0
1174,0.0
1175,0.0
1176,0.0
1177,0.0
1178,0.0
1179,0.0
1180,0.0
1181,0.0
1182,0.0
1183,0.0
1184,0.0
1185,0.0
1186,0.0
1187,0.0
1188,0.0
1189,0.0
1190,0.0
1191,0.0
1192,0.0
1193,0.0
1194,0.0
1195,0.0
1196,0.0
1196,6.0
1197,0.0
1197,6.0
1198,0.0
1198,6.0
1199,0.0
1199,6.0
1200,0.0
1200,6.0
1201,0.0
1202,0.0
1202,6.0
1203,0.0
1204,0.0
1205,0.0
1206,0.0
1207,0.0
1208,0.0
1209,0.0
1210,0.0
1211,0.0
1212,0.0
1213,0.0
1214,0.0
1215,0.0
1216,0.0
1217,0.0
1218,0.0
1219,0.0
1220,0.0
1221,0.0
1222,0.0
1223,0.0
1224,0.0
1225,0.0
1226,0.0
1227,0.0
1228,0.0
1229,0.0
1230,0.0
1231,0.0
1232,0.0
1233,0.0
1234,0.0
1235,0.0
1236,0.0
1237,0.0
1237,6.0
1238,0.0
1238,6.0
1239,0.0
1239,6.0
1240,0.0
1241,0.0
1242,0.0
1243,0.0
1244,0.0
1245,0.0
1246,0.0
1247,0.0
1248,0.0
1249,0.0
1250,0.0
1251,0.0
1252,0.0
1253,0.0
1254,0.0
1255,0.0
1256,0.0
1257,0.0
1258,0.0
1259,0.0
1260,0.0
1261,0.0
1262,0.0
1263,0.0
1264,0.0
1265,0.0
1266,0.0
1267,0.0
1268,0.0
1269,0.0
1270,0.0
1271,0.0
1272,0.0
1273,0.0
1274,0.0
1275,0.0
1276,0.0
1277,0.0
1278,0.0
1279,0.0
1280,0.0
1281,0.0
1282,0.0
1283,0.0
1284,0.0
1285,0.0
1286,0.0
1287,0.0
1288,0.0
1289,0.0
1290,0.0
1291,0.0
1315,13.0
1322,56.0
1323,56.0
1324,56.0
1324,56.0
1325,56.0
1325,56.0
1326,56.0
1326,56.0
1327,56.0
1327,56.0
1328,56.0
1328,56.0
1329,56.0
1329,56.0
1330,56.0
1330,56.0
1331,56.0
1331,56.0
1331,56.0
1332,56.0
1332,56.0
1332,56.0
1333,56.0
1333,56.0
1333,56.0
1334,56.0
1334,56.0
1334,56.0
1335,56.0
1335,56.0
1335,56.0
1336,56.0
1336,56.0
1336,56.0
1337,56.0
1337,0.0
1337,56.0
1338,0.0
1338,5.0
1338,56.0
1339,0.0
1339,5.0
1339,56.0
1340,0.0
1340,5.0
1340,56.0
1341,0.0
1341,5.0
1341,56.0
1342,0.0
1342,5.0
1342,56.0
1343,0.0
1343,5.0
1343,56.0
1344,5.0
1344,0.0
1345,5.0
1345,0.0
1345,56.0
1346,5.0
1346,0.0
1347,5.0
1347,0.0
1348,5.0
1348,0.0
1349,5.0
1349,0.0
1350,5.0
1350,0.0
1350,56.0
1350,56.0
1351,5.0
1351,0.0
1351,56.0
1351,56.0
1352,5.0
1352,0.0
1352,56.0
1352,56.0
1353,5.0
1353,0.0
1353,56.0
1353,56.0
1354,0.0
1354,5.0
1354,56.0
1354,56.0
1355,0.0
1355,5.0
1355,56.0
1355,56.0
1356,0.0
1356,5.0
1356,56.0
1356,56.0
1357,0.0
1357,5.0
1357,56.0
1357,56.0
1358,0.0
1358,5.0
1358,56.0
1358,56.0
1359,0.0
1359,5.0
1359,56.0
1359,56.0
1360,0.0
1360,5.0
1360,56.0
1360,56.0
1361,0.0
1361,5.0
1361,56.0
1361,56.0
1362,0.0
1362,5.0
1362,56.0
1362,56.0
1363,0.0
1363,5.0
1363,56.0
1363,56.0
1364,0.0
1364,5.0
1364,56.0
1364,56.0
1365,0.0
1365,5.0
1365,56.0
1365,56.0
1366,0.0
1366,5.0
1366,56.0
1366,56.0
1367,0.0
1367,5.0
1367,56.0
1367,56.0
1368,5.0
1368,0.0
1368,56.0
1368,56.0
1369,5.0
1369,0.0
1369,56.0
1369,56.0
1369,8.0
1370,5.0
1370,0.0
1370,56.0
1370,56.0
1370,8.0
1371,5.0
1371,0.0
1371,56.0
1371,56.0
1372,5.0
1372,0.0
1372,56.0
1372,56.0
1373,5.0
1373,0.0
1373,56.0
1373,56.0
1374,0.0
1374,5.0
1374,56.0
1375,0.0
1375,5.0
1375,56.0
1376,0.0
1376,56.0
1376,5.0
1376,56.0
1376,56.0
1376,8.0
1377,0.0
1377,56.0
1377,5.0
1377,56.0
1377,56.0
1377,8.0
1378,0.0
1378,5.0
1378,56.0
1378,56.0
1378,56.0
1378,8.0
1379,0.0
1379,5.0
1379,56.0
1379,56.0
1379,56.0
1379,8.0
1380,0.0
1380,5.0
1380,56.0
1380,56.0
1380,56.0
1380,8.0
1381,0.0
1381,5.0
1381,56.0
1381,56.0
1381,56.0
1381,8.0
1382,0.0
1382,5.0
1382,56.0
1382,56.0
1382,56.0
1382,8.0
1383,0.0
1383,5.0
1383,56.0
1384,0.0
1384,5.0
1384,56.0
1384,8.0
1385,0.0
1385,5.0
1385,56.0
1385,8.0
1386,0.0
1386,5.0
1386,56.0
1386,8.0
1387,0.0
1387,56.0
1387,56.0
1387,56.0
1387,5.0
1388,0.0
1388,56.0
1388,56.0
1388,56.0
1388,5.0
1389,0.0
1389,56.0
1389,56.0
1389,56.0
1389,5.0
1390,0.0
1390,56.0
1390,56.0
1390,56.0
1390,56.0
1390,56.0
1390,56.0
1391,0.0
1391,56.0
1391,56.0
1391,56.0
1391,56.0
1391,56.0
1391,56.0
1392,0.0
1392,56.0
1392,56.0
1392,56.0
1392,56.0
1392,56.0
1392,56.0
1393,0.0
1393,56.0
1393,56.0
1393,56.0
1393,56.0
1393,56.0
1393,56.0
1394,0.0
1394,56.0
1394,56.0
1394,56.0
1394,56.0
1394,56.0
1394,56.0
1395,0.0
1395,56.0
1395,56.0
1395,56.0
1395,56.0
1395,56.0
1395,56.0
1395,56.0
1396,0.0
1396,56.0
1396,56.0
1396,56.0
1396,56.0
1396,56.0
1396,56.0
1396,56.0
1397,0.0
1397,56.0
1397,56.0
1397,56.0
1397,56.0
1397,56.0
1397,56.0
1397,56.0
1398,0.0
1398,56.0
1398,56.0
1398,56.0
1398,56.0
1398,56.0
1398,56.0
1398,56.0
1399,0.0
1399,56.0
1399,56.0
1399,56.0
1399,56.0
1399,56.0
1399,56.0
1399,56.0
1400,0.0
1400,56.0
1400,56.0
1400,56.0
1400,56.0
1400,56.0
1400,56.0
1400,56.0
1401,0.0
1401,56.0
1401,56.0
1401,56.0
1401,56.0
1401,56.0
1401,56.0
1401,56.0
1402,0.0
1402,56.0
1402,56.0
1402,56.0
1402,56.0
1402,56.0
1402,56.0
1402,56.0
1403,0.0
1403,56.0
1403,56.0
1403,56.0
1403,56.0
1403,56.0
1403,56.0
1403,56.0
1404,0.0
1404,56.0
1404,56.0
1404,56.0
1404,56.0
1404,56.0
1404,56.0
1404,56.0
1405,0.0
1405,56.0
1405,56.0
1405,56.0
1405,56.0
1405,56.0
1405,56.0
1405,56.0
1406,0.0
1406,56.0
1406,56.0
1406,56.0
1406,56.0
1406,56.0
1406,56.0
1406,56.0
1407,0.0
1407,56.0
1407,56.0
1407,56.0
1407,56.0
1407,56.0
1407,56.0
1407,56.0
1408,0.0
1408,56.0
1408,56.0
1408,56.0
1408,56.0
1408,56.0
1408,56.0
1408,56.0
1409,0.0
1409,56.0
1409,56.0
1409,56.0
1409,56.0
1409,56.0
1409,56.0
1409,56.0
1410,0.0
1410,56.0
1410,56.0
1410,56.0
1410,56.0
1410,56.0
1410,56.0
1410,56.0
1411,0.0
1411,56.0
1411,56.0
1411,56.0
1411,56.0
1411,56.0
1411,56.0
1411,56.0
1412,0.0
1412,56.0
1412,56.0
1412,56.0
1412,56.0
1412,56.0
1412,56.0
1412,56.0
1413,0.0
1413,56.0
1413,56.0
1413,56.0
1413,56.0
1413,56.0
1413,56.0
1413,56.0
1414,0.0
1414,56.0
1414,56.0
1414,56.0
1414,56.0
1414,56.0
1414,56.0
1414,56.0
1415,0.0
1415,56.0
1415,56.0
1415,56.0
1415,56.0
1415,56.0
1415,56.0
1415,56.0
1416,0.0
1416,56.0
1416,56.0
1416,56.0
1416,56.0
1416,56.0
1416,56.0
1416,56.0
1417,0.0
1417,56.0
1417,56.0
1417,56.0
1417,56.0
1417,56.0
1417,56.0
1417,56.0
1418,0.0
1418,56.0
1418,56.0
1418,56.0
1418,56.0
1418,56.0
1418,56.0
1418,56.0
1419,0.0
1419,56.0
1419,56.0
1419,56.0
1419,56.0
1419,56.0
1419,56.0
1419,56.0
1420,0.0
1420,56.0
1420,56.0
1420,56.0
1420,56.0
1420,56.0
1420,56.0
1420,56.0
1421,0.0
1421,56.0
1421,56.0
1421,56.0
1421,56.0
1421,56.0
1421,56.0
1421,56.0
1422,0.0
1422,56.0
1422,56.0
1422,56.0
1422,56.0
1422,56.0
1422,56.0
1422,56.0
1423,0.0
1423,56.0
1423,56.0
1423,56.0
1423,56.0
1423,56.0
1423,56.0
1423,56.0
1424,0.0
1424,56.0
1424,56.0
1424,56.0
1424,56.0
1424,56.0
1424,56.0
1424,56.0
1425,0.0
1425,56.0
1425,56.0
1425,56.0
1425,56.0
1425,56.0
1425,56.0
1426,0.0
1426,56.0
1426,56.0
1426,56.0
1426,56.0
1426,56.0
1426,56.0
1427,0.0
1427,56.0
1427,56.0
1427,56.0
1427,56.0
1427,56.0
1427,56.0
1427,56.0
1428,0.0
1428,56.0
1428,56.0
1428,56.0
1428,56.0
1428,56.0
1428,56.0
1428,56.0
1429,0.0
1429,56.0
1429,56.0
1429,56.0
1429,56.0
1429,56.0
1429,56.0
1429,56.0
1430,0.0
1430,56.0
1430,56.0
1430,56.0
1430,56.0
1430,56.0
1430,56.0
1430,56.0
1431,0.0
1431,56.0
1431,56.0
1431,56.0
1431,56.0
1431,56.0
1431,56.0
1431,56.0
1432,0.0
1432,56.0
1432,56.0
1432,56.0
1432,56.0
1432,56.0
1432,56.0
1432,56.0
1433,0.0
1433,56.0
1433,56.0
1433,56.0
1433,56.0
1433,56.0
1433,56.0
1433,56.0
1434,0.0
1434,56.0
1434,56.0
1434,56.0
1434,56.0
1434,56.0
1434,56.0
1434,56.0
1435,0.0
1435,56.0
1435,56.0
1435,56.0
1435,56.0
1435,56.0
1435,56.0
1435,56.0
1436,0.0
1436,56.0
1436,56.0
1436,56.0
1436,56.0
1436,56.0
1436,56.0
1436,56.0
1437,0.0
1437,56.0
1437,56.0
1437,56.0
1437,56.0
1437,56.0
1437,56.0
1437,56.0
1438,0.0
1438,56.0
1438,56.0
1438,56.0
1438,56.0
1438,56.0
1438,56.0
1438,56.0
1439,0.0
1439,56.0
1439,56.0
1439,56.0
1439,56.0
1439,56.0
1439,56.0
1439,56.0
1440,0.0
1440,56.0
1440,56.0
1440,56.0
1440,56.0
1440,56.0
1440,56.0
1440,56.0
1441,0.0
1441,56.0
1441,56.0
1441,56.0
1441,56.0
1441,56.0
1441,56.0
1441,56.0
1442,0.0
1442,56.0
1442,56.0
1442,56.0
1442,56.0
1442,56.0
1442,56.0
1443,0.0
1443,56.0
1443,56.0
1443,56.0
1443,56.0
1443,56.0
1443,56.0
1444,0.0
1444,56.0
1444,56.0
1444,56.0
1444,56.0
1444,56.0
1444,56.0
1445,0.0
1445,56.0
1445,56.0
1445,56.0
1445,56.0
1445,56.0
1445,56.0
1446,0.0
1446,56.0
1446,56.0
1446,56.0
1446,56.0
1446,56.0
1446,56.0
1447,0.0
1447,56.0
1447,56.0
1447,56.0
1447,56.0
1447,56.0
1447,56.0
1448,0.0
1448,56.0
1448,56.0
1448,56.0
1448,56.0
1448,56.0
1448,56.0
1449,0.0
1449,56.0
1449,56.0
1449,56.0
1449,56.0
1449,56.0
1449,56.0
1450,0.0
1450,56.0
1450,56.0
1450,56.0
1450,56.0
1450,56.0
1450,56.0
1450,56.0
1451,0.0
1451,56.0
1451,56.0
1451,56.0
1451,56.0
1451,56.0
1451,56.0
1451,56.0
1452,0.0
1452,56.0
1452,56.0
1452,56.0
1452,56.0
1452,56.0
1452,56.0
1452,56.0
1453,0.0
1453,56.0
1453,56.0
1453,56.0
1453,56.0
1453,56.0
1453,56.0
1453,56.0
1454,0.0
1454,56.0
1454,56.0
1454,56.0
1454,56.0
1454,56.0
1454,56.0
1454,56.0
1455,0.0
1455,56.0
1455,56.0
1455,56.0
1455,56.0
1455,56.0
1455,56.0
1456,0.0
1456,56.0
1456,56.0
1456,56.0
1456,56.0
1456,56.0
1456,56.0
1457,0.0
1457,56.0
1457,56.0
1457,56.0
1457,56.0
1457,56.0
1457,56.0
1457,56.0
1458,0.0
1458,56.0
1458,56.0
1458,56.0
1458,56.0
1458,56.0
1458,56.0
1458,56.0
1459,0.0
1459,56.0
1459,56.0
1459,56.0
1459,56.0
1459,56.0
1459,56.0
1459,56.0
1460,0.0
1460,56.0
1460,56.0
1460,56.0
1460,56.0
1460,56.0
1460,56.0
1460,56.0
1461,0.0
1461,56.0
1461,56.0
1461,56.0
1461,56.0
1461,56.0
1461,56.0
1461,56.0
1462,0.0
1462,56.0
1462,56.0
1462,56.0
1462,56.0
1462,56.0
1462,56.0
1462,56.0
1463,0.0
1463,56.0
1463,56.0
1463,56.0
1463,56.0
1463,56.0
1463,56.0
1463,56.0
1464,0.0
1464,56.0
1464,56.0
1464,56.0
1464,56.0
1464,56.0
1464,56.0
1464,56.0
1465,0.0
1465,56.0
1465,56.0
1465,56.0
1465,56.0
1465,56.0
1465,56.0
1465,56.0
1466,0.0
1466,56.0
1466,56.0
1466,56.0
1466,56.0
1466,56.0
1466,56.0
1466,56.0
1467,0.0
1467,56.0
1467,56.0
1467,56.0
1467,56.0
1467,56.0
1467,56.0
1467,56.0
1468,0.0
1468,56.0
1468,56.0
1468,56.0
1468,56.0
1468,56.0
1468,56.0
1468,56.0
1469,0.0
1469,56.0
1469,56.0
1469,56.0
1469,56.0
1469,56.0
1469,56.0
1469,56.0
1470,0.0
1470,56.0
1470,56.0
1470,56.0
1470,56.0
1470,56.0
1470,56.0
1470,56.0
1471,0.0
1471,56.0
1471,56.0
1471,56.0
1471,56.0
1471,56.0
1471,56.0
1471,56.0
1472,0.0
1472,56.0
1472,56.0
1472,56.0
1472,56.0
1472,56.0
1472,56.0
1472,56.0
1473,0.0
1473,56.0
1473,56.0
1473,56.0
1473,56.0
1473,56.0
1473,56.0
1473,56.0
1474,0.0
1474,56.0
1474,56.0
1474,56.0
1474,56.0
1474,56.0
1474,56.0
1474,56.0
1475,0.0
1475,56.0
1475,56.0
1475,56.0
1475,56.0
1475,56.0
1475,56.0
1475,56.0
1476,0.0
1476,56.0
1476,56.0
1476,56.0
1476,56.0
1476,56.0
1476,56.0
1476,56.0
1477,0.0
1477,56.0
1477,56.0
1477,56.0
1477,56.0
1477,56.0
1477,56.0
1477,56.0
1478,0.0
1478,56.0
1478,56.0
1478,56.0
1478,56.0
1478,56.0
1478,56.0
1478,56.0
1479,0.0
1479,56.0
1479,56.0
1479,56.0
1479,56.0
1479,56.0
1479,56.0
1479,56.0
1480,0.0
1480,56.0
1480,56.0
1480,56.0
1480,56.0
1480,56.0
1480,56.0
1480,56.0
1481,0.0
1481,56.0
1481,56.0
1481,56.0
1481,56.0
1481,56.0
1481,56.0
1481,56.0
1482,0.0
1482,56.0
1482,56.0
1482,56.0
1482,56.0
1482,56.0
1482,56.0
1482,56.0
1483,0.0
1483,56.0
1483,56.0
1483,56.0
1483,56.0
1483,56.0
1483,56.0
1483,56.0
1484,0.0
1484,56.0
1484,56.0
1484,56.0
1484,56.0
1484,56.0
1484,56.0
1484,56.0
1485,0.0
1485,56.0
1485,56.0
1485,56.0
1485,56.0
1485,56.0
1485,56.0
1485,56.0
1486,0.0
1486,56.0
1486,56.0
1486,56.0
1486,56.0
1486,56.0
1486,56.0
1486,56.0
1487,0.0
1487,56.0
1487,56.0
1487,56.0
1487,56.0
1487,56.0
1487,56.0
1488,0.0
1488,56.0
1488,56.0
1488,56.0
1488,56.0
1488,56.0
1488,56.0
1489,0.0
1489,56.0
1489,56.0
1489,56.0
1489,56.0
1489,56.0
1489,56.0
1489,56.0
1490,0.0
1490,56.0
1490,56.0
1490,56.0
1490,56.0
1490,56.0
1490,56.0
1490,56.0
1491,0.0
1491,56.0
1491,56.0
1491,56.0
1491,56.0
1491,56.0
1491,56.0
1491,56.0
1492,0.0
1492,56.0
1492,5.0
1492,8.0
1492,56.0
1492,56.0
1492,56.0
1493,0.0
1493,56.0
1493,5.0
1493,8.0
1493,56.0
1493,56.0
1493,56.0
1494,0.0
1494,56.0
1494,5.0
1494,8.0
1494,56.0
1494,56.0
1494,56.0
1495,0.0
1495,56.0
1495,5.0
1495,56.0
1495,56.0
1495,56.0
1496,0.0
1496,5.0
1496,56.0
1496,56.0
1496,56.0
1496,56.0
1497,0.0
1497,5.0
1497,56.0
1497,56.0
1497,56.0
1497,56.0
1498,0.0
1498,5.0
1498,56.0
1498,56.0
1498,56.0
1498,56.0
1499,0.0
1499,56.0
1499,5.0
1499,56.0
1499,56.0
1499,56.0
1499,8.0
1500,0.0
1500,5.0
1500,56.0
1500,56.0
1500,56.0
1500,56.0
1501,0.0
1501,5.0
1501,56.0
1501,56.0
1501,56.0
1501,56.0
1502,0.0
1502,5.0
1502,56.0
1502,56.0
1502,56.0
1502,56.0
1503,0.0
1503,5.0
1503,56.0
1503,56.0
1503,56.0
1503,56.0
1504,0.0
1504,5.0
1504,56.0
1504,56.0
1504,56.0
1504,56.0
1504,56.0
1505,0.0
1505,5.0
1505,56.0
1505,56.0
1505,56.0
1505,56.0
1505,56.0
1506,0.0
1506,5.0
1506,56.0
1506,56.0
1506,56.0
1506,56.0
1506,56.0
1507,0.0
1507,5.0
1507,56.0
1507,56.0
1508,0.0
1508,5.0
1508,56.0
1508,56.0
1509,0.0
1509,5.0
1509,56.0
1509,56.0
1510,0.0
1510,5.0
1510,56.0
1510,56.0
1511,0.0
1511,5.0
1511,56.0
1511,56.0
1511,56.0
1511,56.0
1512,0.0
1512,5.0
1512,56.0
1512,56.0
1512,56.0
1512,56.0
1513,0.0
1513,5.0
1513,56.0
1513,56.0
1513,56.0
1513,56.0
1514,0.0
1514,5.0
1514,56.0
1514,56.0
1514,56.0
1514,56.0
1514,56.0
1515,0.0
1515,5.0
1515,56.0
1515,56.0
1515,56.0
1515,56.0
1515,56.0
1516,0.0
1516,5.0
1516,56.0
1516,56.0
1516,56.0
1516,56.0
1516,56.0
1517,0.0
1517,5.0
1517,56.0
1517,56.0
1517,56.0
1517,56.0
1517,56.0
1518,0.0
1518,5.0
1518,56.0
1518,56.0
1518,56.0
1518,56.0
1519,0.0
1519,5.0
1519,56.0
1519,56.0
1519,56.0
1519,56.0
1520,0.0
1520,5.0
1520,56.0
1520,56.0
1520,56.0
1520,56.0
1521,5.0
1521,0.0
1521,56.0
1521,56.0
1522,5.0
1522,0.0
1522,56.0
1522,56.0
1523,5.0
1523,0.0
1523,56.0
1523,56.0
1524,5.0
1524,0.0
1524,56.0
1524,56.0
1525,5.0
1525,0.0
1525,56.0
1525,56.0
1526,5.0
1526,0.0
1526,56.0
1526,56.0
1527,5.0
1527,0.0
1527,56.0
1527,56.0
1528,5.0
1528,0.0
1528,56.0
1528,56.0
1529,5.0
1529,0.0
1529,56.0
1529,56.0
1530,5.0
1530,0.0
1530,56.0
1530,56.0
1531,5.0
1531,0.0
1531,56.0
1531,56.0
1532,5.0
1532,0.0
1532,56.0
1532,56.0
1533,5.0
1533,0.0
1533,56.0
1533,56.0
1534,0.0
1534,5.0
1534,56.0
1534,56.0
1534,56.0
1535,0.0
1535,5.0
1535,56.0
1535,56.0
1535,56.0
1536,0.0
1536,5.0
1536,56.0
1536,56.0
1536,56.0
1537,56.0
1537,0.0
1537,5.0
1537,56.0
1538,56.0
1538,0.0
1538,5.0
1538,56.0
1539,56.0
1539,0.0
1539,5.0
1539,56.0
1540,56.0
1540,0.0
1540,5.0
1540,56.0
1541,56.0
1541,5.0
1541,56.0
1541,0.0
1542,56.0
1542,5.0
1542,56.0
1542,0.0
1543,56.0
1543,5.0
1543,56.0
1544,56.0
1544,56.0
1544,0.0
1544,5.0
1544,56.0
1545,56.0
1545,56.0
1545,0.0
1545,5.0
1545,56.0
1546,56.0
1546,56.0
1546,0.0
1546,5.0
1546,56.0
1547,56.0
1547,56.0
1547,0.0
1547,5.0
1547,56.0
1548,56.0
1548,0.0
1548,5.0
1548,56.0
1548,56.0
1549,56.0
1549,0.0
1549,5.0
1550,56.0
1550,0.0
1550,5.0
1551,56.0
1551,56.0
1551,7.0
1552,56.0
1552,56.0
1552,7.0
1553,56.0
1553,56.0
1553,7.0
1554,56.0
1554,56.0
1554,7.0
1555,56.0
1555,56.0
1555,7.0
1556,5.0
1557,5.0
1558,5.0
1559,5.0
1560,0.0
1561,0.0
1562,0.0
1563,0.0
1564,0.0
1565,0.0
1566,0.0
1567,0.0
1568,0.0
1569,0.0
1570,0.0
1571,0.0
1572,0.0
1573,0.0
1574,0.0
1575,0.0
1576,0.0
1577,0.0
1577,7.0
1577,5.0
1578,0.0
1579,0.0
1580,0.0
1581,0.0
1581,7.0
1582,0.0
1582,7.0
1582,5.0
1583,0.0
1583,7.0
1583,5.0
1584,0.0
1584,7.0
1585,0.0
1585,7.0
1586,0.0
1586,7.0
1587,0.0
1587,7.0
1588,0.0
1588,7.0
1589,0.0
1589,7.0
1590,0.0
1590,7.0
1591,0.0
1591,7.0
1592,0.0
1592,7.0
1593,0.0
1593,7.0
1594,0.0
1594,7.0
1595,0.0
1595,7.0
1596,0.0
1596,7.0
1597,0.0
1598,0.0
1599,0.0
1600,0.0
1601,0.0
1602,0.0
1603,0.0
1604,0.0
1605,0.0
1606,0.0
1607,0.0
1608,0.0
1609,0.0
1610,0.0
1611,0.0
1612,0.0
1613,0.0
1614,0.0
1615,0.0
1616,0.0
1617,0.0
1618,0.0
1619,0.0
1620,0.0
1620,5.0
1621,0.0
1621,5.0
1622,0.0
1622,5.0
1623,0.0
1623,5.0
1624,0.0
1624,5.0
1625,0.0
1625,5.0
1626,0.0
1626,5.0
1627,0.0
1628,0.0
1629,0.0
1630,0.0
1631,0.0
1632,0.0
1633,0.0
1634,0.0
1635,0.0
1636,0.0
1637,0.0
1638,0.0
1639,0.0
1640,0.0
1641,0.0
