38,0.0
39,0.0
40,0.0
41,0.0
46,0.0
47,0.0
50,0.0
51,0.0
52,0.0
53,0.0
54,0.0
55,0.0
56,0.0
57,0.0
58,0.0
59,0.0
60,0.0
61,0.0
64,0.0
65,0.0
66,0.0
67,0.0
78,0.0
79,0.0
88,0.0
89,0.0
90,0.0
91,0.0
94,0.0
95,0.0
96,0.0
97,0.0
98,0.0
98,0.0
99,0.0
99,0.0
100,0.0
100,0.0
101,0.0
101,0.0
102,0.0
102,0.0
103,0.0
104,0.0
105,0.0
106,0.0
107,0.0
107,0.0
108,0.0
108,0.0
109,0.0
109,0.0
110,0.0
110,0.0
111,0.0
111,0.0
112,0.0
112,0.0
115,0.0
116,0.0
117,0.0
117,0.0
118,0.0
118,0.0
119,0.0
119,0.0
120,0.0
120,0.0
121,0.0
121,0.0
122,0.0
122,0.0
123,0.0
123,0.0
124,0.0
124,0.0
125,0.0
125,0.0
126,0.0
126,0.0
127,0.0
127,0.0
128,0.0
128,0.0
129,0.0
129,0.0
130,0.0
130,0.0
131,0.0
131,0.0
132,0.0
132,0.0
133,0.0
134,0.0
135,0.0
136,0.0
137,0.0
137,0.0
138,0.0
138,0.0
139,0.0
140,0.0
141,0.0
142,0.0
143,0.0
144,0.0
145,0.0
146,0.0
147,0.0
147,0.0
148,0.0
148,0.0
149,0.0
149,0.0
150,0.0
150,0.0
151,0.0
152,0.0
153,0.0
153,0.0
154,0.0
154,0.0
155,0.0
155,0.0
156,0.0
156,0.0
157,0.0
157,0.0
158,0.0
158,0.0
159,0.0
159,0.0
160,0.0
160,0.0
161,0.0
161,0.0
162,0.0
162,0.0
163,0.0
163,0.0
164,0.0
164,0.0
165,0.0
166,0.0
167,0.0
168,0.0
169,0.0
170,0.0
171,0.0
172,0.0
173,0.0
174,0.0
175,0.0
176,0.0
179,0.0
180,0.0
183,0.0
184,0.0
185,0.0
185,0.0
186,0.0
186,0.0
187,0.0
187,0.0
188,0.0
188,0.0
189,0.0
190,0.0
191,0.0
191,0.0
192,0.0
192,0.0
193,0.0
194,0.0
195,0.0
196,0.0
197,0.0
197,0.0
198,0.0
198,0.0
199,0.0
199,0.0
200,0.0
200,0.0
201,0.0
201,0.0
202,0.0
202,0.0
203,0.0
203,0.0
204,0.0
204,0.0
205,0.0
205,0.0
206,0.0
206,0.0
207,0.0
208,0.0
209,0.0
210,0.0
215,0.0
216,0.0
217,0.0
218,0.0
219,0.0
220,0.0
221,0.0
222,0.0
223,0.0
224,0.0
225,0.0
225,0.0
226,0.0
226,0.0
227,0.0
227,0.0
228,0.0
228,0.0
229,0.0
229,0.0
230,0.0
230,0.0
231,0.0
232,0.0
232,0.0
233,0.0
233,0.0
234,0.0
234,0.0
235,0.0
236,0.0
237,0.0
238,0.0
239,0.0
240,0.0
241,0.0
242,0.0
243,0.0
244,0.0
245,0.0
246,0.0
247,0.0
248,0.0
249,0.0
250,0.0
251,0.0
252,0.0
253,0.0
253,0.0
254,0.0
254,0.0
255,0.0
255,0.0
256,0.0
256,0.0
257,0.0
257,0.0
258,0.0
258,0.0
259,0.0
259,0.0
260,0.0
260,0.0
261,0.0
261,0.0
262,0.0
262,0.0
263,0.0
263,0.0
264,0.0
264,0.0
265,0.0
265,0.0
266,0.0
266,0.0
267,0.0
267,0.0
268,0.0
268,0.0
269,0.0
269,0.0
270,0.0
270,0.0
271,0.0
271,0.0
272,0.0
272,0.0
273,0.0
273,0.0
274,0.0
274,0.0
275,0.0
275,0.0
276,0.0
276,0.0
277,0.0
277,0.0
278,0.0
278,0.0
279,0.0
279,0.0
280,0.0
280,0.0
281,0.0
281,0.0
282,0.0
282,0.0
283,0.0
283,0.0
284,0.0
284,0.0
285,0.0
285,0.0
286,0.0
286,0.0
287,0.0
287,0.0
288,0.0
288,0.0
289,0.0
289,0.0
290,0.0
290,0.0
291,0.0
291,0.0
292,0.0
292,0.0
293,0.0
293,0.0
294,0.0
294,0.0
295,0.0
296,0.0
417,0.0
418,0.0
419,0.0
420,0.0
421,0.0
422,0.0
453,0.0
454,0.0
455,0.0
456,0.0
487,0.0
488,0.0
489,0.0
490,0.0
491,0.0
492,0.0
517,0.0
518,0.0
519,0.0
520,0.0
521,0.0
522,0.0
523,0.0
524,0.0
547,0.0
548,0.0
549,0.0
550,0.0
587,0.0
591,0.0
592,0.0
593,0.0
594,0.0
595,0.0
596,0.0
631,0.0
632,0.0
633,0.0
634,0.0
635,0.0
636,0.0
637,0.0
638,0.0
639,0.0
640,0.0
641,0.0
642,0.0
643,0.0
644,0.0
645,0.0
646,0.0
647,0.0
648,0.0
649,0.0
650,0.0
651,0.0
652,0.0
653,0.0
654,0.0
655,0.0
656,0.0
657,0.0
658,0.0
659,0.0
660,0.0
661,0.0
662,0.0
663,0.0
664,0.0
665,0.0
666,0.0
677,0.0
678,0.0
679,0.0
680,0.0
681,0.0
682,0.0
683,0.0
684,0.0
685,0.0
686,0.0
687,0.0
688,0.0
689,0.0
690,0.0
697,0.0
698,0.0
699,0.0
700,0.0
701,0.0
702,0.0
703,0.0
704,0.0
705,0.0
706,0.0
707,0.0
708,0.0
709,0.0
710,0.0
711,0.0
711,2.0
711,5.0
712,0.0
712,2.0
713,0.0
714,0.0
715,0.0
716,0.0
717,2.0
717,0.0
717,2.0
718,2.0
718,0.0
718,2.0
718,2.0
719,2.0
719,0.0
719,2.0
719,2.0
720,2.0
720,0.0
720,2.0
720,2.0
721,2.0
722,2.0
723,2.0
724,2.0
725,2.0
726,2.0
727,2.0
728,2.0
729,2.0
730,2.0
731,2.0
732,2.0
733,2.0
734,2.0
735,2.0
736,2.0
737,0.0
737,2.0
738,0.0
738,2.0
739,0.0
739,2.0
740,0.0
740,2.0
741,2.0
741,0.0
742,2.0
742,0.0
743,2.0
743,0.0
744,2.0
744,0.0
745,2.0
745,0.0
746,2.0
746,0.0
747,2.0
748,2.0
749,2.0
750,2.0
751,2.0
752,2.0
753,2.0
754,2.0
755,2.0
756,2.0
757,2.0
758,2.0
759,2.0
760,2.0
761,2.0
762,2.0
763,2.0
764,2.0
765,2.0
766,2.0
779,0.0
780,0.0
781,5.0
782,5.0
783,5.0
784,5.0
785,5.0
786,5.0
787,5.0
788,5.0
789,5.0
790,5.0
797,5.0
798,5.0
799,5.0
800,5.0
811,5.0
812,5.0
813,5.0
814,5.0
815,5.0
816,5.0
817,0.0
817,7.0
818,0.0
818,7.0
819,0.0
819,7.0
820,0.0
820,7.0
821,0.0
821,7.0
822,0.0
822,7.0
823,0.0
823,7.0
824,0.0
824,7.0
825,0.0
825,7.0
826,0.0
826,7.0
827,7.0
828,7.0
829,7.0
830,7.0
831,7.0
832,7.0
833,7.0
833,0.0
834,7.0
834,0.0
835,7.0
835,0.0
836,7.0
837,7.0
838,7.0
839,7.0
840,7.0
841,7.0
842,7.0
843,7.0
844,7.0
845,7.0
846,7.0
847,7.0
848,7.0
849,7.0
850,7.0
851,7.0
852,7.0
853,7.0
854,7.0
855,7.0
856,7.0
857,7.0
858,7.0
859,7.0
860,7.0
861,7.0
862,7.0
863,7.0
864,7.0
865,7.0
866,7.0
867,7.0
868,7.0
869,7.0
870,7.0
871,7.0
872,7.0
873,7.0
874,7.0
875,7.0
876,7.0
877,7.0
878,7.0
879,7.0
880,7.0
881,7.0
882,7.0
883,7.0
884,7.0
885,7.0
886,7.0
891,36.0
892,36.0
893,36.0
894,36.0
895,36.0
896,36.0
897,7.0
898,7.0
899,7.0
900,7.0
901,7.0
902,7.0
903,7.0
904,7.0
905,7.0
906,7.0
907,7.0
908,7.0
909,7.0
910,7.0
911,7.0
912,7.0
913,7.0
914,7.0
915,7.0
916,7.0
917,7.0
918,7.0
919,7.0
920,7.0
921,7.0
922,7.0
923,7.0
924,7.0
925,7.0
926,7.0
927,7.0
928,7.0
929,7.0
930,7.0
931,7.0
932,7.0
933,7.0
934,7.0
935,7.0
936,7.0
937,7.0
938,7.0
939,7.0
940,7.0
941,7.0
942,7.0
943,7.0
944,7.0
945,7.0
946,7.0
947,7.0
948,7.0
949,7.0
950,7.0
951,7.0
952,7.0
953,7.0
954,7.0
955,7.0
956,7.0
957,7.0
958,7.0
959,7.0
960,7.0
961,7.0
962,7.0
963,7.0
964,7.0
965,7.0
966,7.0
967,7.0
968,7.0
969,7.0
970,7.0
971,7.0
972,7.0
973,7.0
974,7.0
975,7.0
976,7.0
977,7.0
978,7.0
979,7.0
980,7.0
981,7.0
982,7.0
983,7.0
984,7.0
985,7.0
986,7.0
987,7.0
988,7.0
989,7.0
990,7.0
991,7.0
992,7.0
993,7.0
994,7.0
995,7.0
996,7.0
997,7.0
998,7.0
999,7.0
1000,7.0
1001,7.0
1002,7.0
1003,7.0
1004,7.0
1005,7.0
1006,7.0
1007,7.0
1008,7.0
1009,7.0
1010,7.0
1011,7.0
1012,7.0
1013,7.0
1014,7.0
1015,7.0
1016,7.0
1017,7.0
1018,7.0
1019,7.0
1020,7.0
1021,7.0
1022,7.0
1023,7.0
1024,7.0
1025,7.0
1026,7.0
1027,7.0
1028,7.0
1029,7.0
1030,7.0
1031,7.0
1032,7.0
1033,7.0
1034,7.0
1035,7.0
1036,7.0
1037,7.0
1038,7.0
1039,7.0
1040,7.0
1041,7.0
1042,7.0
1043,7.0
1044,7.0
1045,7.0
1046,7.0
1047,7.0
1048,7.0
1049,7.0
1050,7.0
1051,7.0
1052,7.0
1053,7.0
1054,7.0
1055,7.0
1056,7.0
1057,7.0
1058,7.0
1059,7.0
1060,7.0
1061,7.0
1062,7.0
1063,7.0
1064,7.0
1065,7.0
1066,7.0
1067,7.0
1068,7.0
1069,7.0
1070,7.0
1071,7.0
1072,7.0
1073,7.0
1074,7.0
1075,7.0
1076,7.0
1077,7.0
1078,7.0
1079,7.0
1080,7.0
1081,7.0
1082,7.0
1083,7.0
1084,7.0
1085,7.0
1086,7.0
1087,7.0
1088,7.0
1089,7.0
1090,7.0
1091,7.0
1092,7.0
1093,7.0
1094,7.0
1095,7.0
1096,7.0
1097,7.0
1098,7.0
1099,7.0
1100,7.0
1101,7.0
1102,7.0
1103,7.0
1104,7.0
1105,7.0
1106,7.0
1107,7.0
1108,7.0
1109,7.0
1110,7.0
1111,7.0
1112,7.0
1113,7.0
1114,7.0
1115,7.0
1116,7.0
1117,7.0
1118,7.0
1119,7.0
1120,7.0
1121,7.0
1122,7.0
1123,7.0
1124,7.0
1125,7.0
1126,7.0
1127,7.0
1128,7.0
1129,7.0
1130,7.0
1131,7.0
1132,7.0
1133,7.0
1134,7.0
1135,7.0
1136,7.0
1137,7.0
1138,7.0
1139,7.0
1140,7.0
1141,7.0
1142,7.0
1143,7.0
1144,7.0
1145,7.0
1146,7.0
1147,7.0
1148,7.0
1149,7.0
1150,7.0
1151,7.0
1152,7.0
1153,7.0
1154,7.0
1155,7.0
1156,7.0
1157,7.0
1158,7.0
1159,7.0
1160,7.0
1161,7.0
1162,7.0
1163,7.0
1164,7.0
1165,7.0
1166,7.0
1167,7.0
1168,7.0
1169,7.0
1170,7.0
1171,7.0
1172,7.0
1173,7.0
1174,7.0
1175,7.0
1176,7.0
1177,7.0
1178,7.0
1179,7.0
1180,7.0
1181,7.0
1182,7.0
1183,7.0
1184,7.0
1185,7.0
1186,7.0
1187,7.0
1188,36.0
1188,7.0
1189,36.0
1189,7.0
1190,36.0
1190,7.0
1191,36.0
1191,7.0
1192,7.0
1193,7.0
1194,7.0
1195,7.0
1196,7.0
1197,7.0
1198,7.0
1199,7.0
1200,7.0
1201,7.0
1202,7.0
1203,7.0
1204,7.0
1205,7.0
1206,7.0
1207,7.0
1208,7.0
1209,7.0
1210,7.0
1211,7.0
1212,7.0
1213,7.0
1214,7.0
1215,7.0
1216,7.0
1217,7.0
1218,7.0
1219,7.0
1220,7.0
1221,7.0
1222,7.0
1223,7.0
1224,7.0
1225,7.0
1226,7.0
1227,7.0
1228,7.0
1229,7.0
1230,7.0
1231,7.0
1232,7.0
1233,7.0
1234,7.0
1235,7.0
1236,7.0
1237,7.0
1238,7.0
1239,7.0
1240,7.0
1241,7.0
1242,7.0
1243,7.0
1244,7.0
1245,7.0
1246,7.0
1247,7.0
1248,7.0
1249,7.0
1250,7.0
1251,7.0
1252,7.0
1253,7.0
1254,7.0
1255,7.0
1256,7.0
1257,7.0
1258,7.0
1259,7.0
1260,7.0
1261,7.0
1262,7.0
1263,7.0
1264,7.0
1265,7.0
1266,7.0
1267,7.0
1268,7.0
1269,7.0
1270,7.0
1271,7.0
1272,7.0
1273,7.0
1274,7.0
1275,7.0
1276,7.0
1277,7.0
1278,7.0
1278,0.0
1279,7.0
1279,0.0
1280,7.0
1280,0.0
1281,7.0
1281,0.0
1282,0.0
1282,7.0
1283,0.0
1283,7.0
1284,0.0
1284,7.0
1285,0.0
1285,7.0
1286,0.0
1286,7.0
1287,0.0
1287,7.0
1288,7.0
1289,7.0
1290,7.0
1291,7.0
1292,7.0
1292,0.0
1293,7.0
1293,0.0
1294,7.0
1294,0.0
1295,7.0
1295,0.0
1296,7.0
1296,0.0
1297,7.0
1297,0.0
1298,0.0
1298,7.0
1299,0.0
1299,7.0
1300,0.0
1300,7.0
1301,0.0
1301,7.0
1302,7.0
1303,7.0
1304,7.0
1305,7.0
1306,7.0
1307,7.0
1308,0.0
1308,7.0
1309,0.0
1309,7.0
1310,0.0
1310,7.0
1311,0.0
1311,7.0
1312,7.0
1313,7.0
1314,7.0
1315,7.0
1316,7.0
1317,7.0
1318,7.0
1319,7.0
1320,7.0
1321,7.0
1322,7.0
1323,7.0
1324,7.0
1325,7.0
1326,7.0
1327,7.0
1328,7.0
1328,0.0
1329,7.0
1329,0.0
1330,7.0
1330,0.0
1331,7.0
1331,0.0
1332,7.0
1333,7.0
1334,7.0
1335,7.0
1336,7.0
1337,7.0
1338,7.0
1339,7.0
1340,7.0
1341,7.0
1342,7.0
1343,7.0
1344,7.0
1345,7.0
1346,7.0
1347,7.0
1348,7.0
1349,7.0
1350,7.0
1351,7.0
1352,7.0
1352,0.0
1353,7.0
1353,0.0
1353,3.0
1354,7.0
1354,0.0
1354,3.0
1355,7.0
1355,0.0
1355,3.0
1356,7.0
1356,0.0
1356,3.0
1357,7.0
1357,0.0
1357,3.0
1358,7.0
1358,0.0
1359,7.0
1359,0.0
1360,7.0
1360,0.0
1361,7.0
1361,0.0
1362,7.0
1363,7.0
1364,7.0
1365,7.0
1366,7.0
1367,7.0
1368,7.0
1369,7.0
1370,7.0
1371,7.0
1372,7.0
1372,0.0
1373,7.0
1373,0.0
1374,7.0
1374,0.0
1375,7.0
1375,0.0
1376,7.0
1376,0.0
1377,7.0
1377,0.0
1378,7.0
1379,7.0
1380,7.0
1381,7.0
1382,7.0
1383,7.0
1384,7.0
1385,7.0
1386,7.0
1387,7.0
1388,7.0
1389,7.0
1390,7.0
1391,7.0
1392,7.0
1393,7.0
1394,7.0
1395,7.0
1396,7.0
1397,7.0
1398,7.0
1399,7.0
1400,7.0
1401,7.0
1402,7.0
1402,0.0
1403,7.0
1403,0.0
1404,7.0
1404,0.0
1405,7.0
1405,0.0
1406,7.0
1406,0.0
1407,7.0
1407,0.0
1408,7.0
1408,0.0
1409,7.0
1409,0.0
1410,7.0
1410,0.0
1411,7.0
1411,0.0
1412,7.0
1412,0.0
1413,7.0
1413,0.0
1414,7.0
1414,0.0
1415,7.0
1415,0.0
1416,7.0
1417,7.0
1418,7.0
1419,7.0
1420,7.0
1421,7.0
1422,7.0
1422,0.0
1423,7.0
1423,0.0
1424,7.0
1424,0.0
1425,7.0
1425,0.0
1426,7.0
1426,0.0
1427,7.0
1427,0.0
1428,7.0
1429,7.0
1430,7.0
1431,7.0
1432,7.0
1433,7.0
1434,7.0
1435,7.0
1436,7.0
1437,7.0
1438,7.0
1439,7.0
1440,7.0
1441,7.0
1442,7.0
1442,0.0
1443,7.0
1443,0.0
1444,7.0
1444,0.0
1445,7.0
1445,0.0
1446,7.0
1446,0.0
1447,7.0
1447,0.0
1448,7.0
1449,7.0
1450,7.0
1451,7.0
1452,7.0
1453,7.0
1454,7.0
1455,7.0
1456,7.0
1457,7.0
1458,7.0
1459,7.0
1460,7.0
1461,7.0
1462,7.0
1463,7.0
1464,7.0
1465,7.0
1466,7.0
1467,7.0
1468,7.0
1469,7.0
1470,7.0
1471,7.0
1472,0.0
1472,7.0
1473,0.0
1473,7.0
1474,0.0
1474,7.0
1475,0.0
1475,7.0
1476,0.0
1476,7.0
1477,0.0
1477,7.0
1480,7.0
1481,7.0
1482,7.0
1482,0.0
1483,7.0
1483,0.0
1484,7.0
1484,0.0
1485,7.0
1485,0.0
1486,7.0
1486,0.0
1487,7.0
1488,0.0
1488,7.0
1489,0.0
1489,7.0
1490,0.0
1490,7.0
1491,0.0
1491,7.0
1492,0.0
1492,7.0
1493,0.0
1493,7.0
1494,0.0
1494,7.0
1495,0.0
1495,7.0
1496,0.0
1496,7.0
1497,0.0
1497,7.0
1498,7.0
1498,0.0
1499,7.0
1499,0.0
1500,7.0
1500,0.0
1501,7.0
1501,0.0
1502,0.0
1502,2.0
1502,7.0
1503,0.0
1503,2.0
1503,7.0
1504,0.0
1504,2.0
1504,7.0
1505,0.0
1505,2.0
1505,7.0
1506,0.0
1506,2.0
1506,7.0
1507,0.0
1507,2.0
1507,7.0
1508,0.0
1508,7.0
1509,0.0
1509,7.0
1510,0.0
1510,7.0
1511,0.0
1511,7.0
1512,0.0
1512,7.0
1513,0.0
1513,7.0
1514,0.0
1514,7.0
1515,0.0
1515,7.0
1516,0.0
1516,7.0
1517,0.0
1517,7.0
1518,0.0
1518,7.0
1519,0.0
1519,7.0
1520,0.0
1520,7.0
1521,0.0
1521,7.0
1522,0.0
1522,7.0
1523,0.0
1523,7.0
1524,0.0
1524,7.0
1525,0.0
1525,7.0
1526,0.0
1526,7.0
1527,0.0
1527,7.0
1528,0.0
1528,7.0
1529,0.0
1529,7.0
1530,0.0
1530,7.0
1531,0.0
1531,7.0
1532,0.0
1532,7.0
1533,0.0
1533,7.0
1534,0.0
1534,7.0
1535,0.0
1535,7.0
1536,0.0
1536,7.0
1537,0.0
1537,7.0
1538,0.0
1539,0.0
1540,0.0
1540,7.0
1541,0.0
1541,7.0
1542,0.0
1543,0.0
1544,0.0
1545,0.0
1546,0.0
1547,0.0
1548,0.0
1549,0.0
1550,0.0
1551,0.0
1552,7.0
1552,0.0
1553,7.0
1553,0.0
1554,0.0
1554,7.0
1555,0.0
1555,7.0
1556,0.0
1556,7.0
1557,0.0
1557,7.0
1558,0.0
1558,7.0
1559,0.0
1559,7.0
1560,0.0
1560,7.0
1561,0.0
1561,7.0
1562,7.0
1562,0.0
1563,7.0
1563,0.0
1564,7.0
1564,0.0
1565,7.0
1565,0.0
1566,0.0
1566,0.0
1567,0.0
1567,0.0
1568,0.0
1568,0.0
1569,0.0
1569,0.0
1570,0.0
1570,0.0
1571,0.0
1571,0.0
1572,0.0
1572,0.0
1572,7.0
1573,0.0
1573,0.0
1573,7.0
1574,0.0
1574,0.0
1574,7.0
1575,0.0
1575,0.0
1575,7.0
1576,0.0
1576,7.0
1577,0.0
1577,7.0
1578,0.0
1578,7.0
1579,0.0
1579,7.0
1580,0.0
1580,7.0
1581,0.0
1581,7.0
1582,0.0
1582,7.0
1583,0.0
1583,7.0
1584,0.0
1584,7.0
1584,0.0
1585,0.0
1585,7.0
1585,0.0
1586,0.0
1586,7.0
1587,0.0
1587,7.0
1588,0.0
1588,7.0
1589,0.0
1589,7.0
1590,0.0
1590,7.0
1591,0.0
1591,7.0
1592,0.0
1592,7.0
1593,0.0
1593,7.0
1594,0.0
1594,7.0
1595,0.0
1595,7.0
1596,0.0
1596,7.0
1597,0.0
1597,7.0
1598,0.0
1598,7.0
1599,0.0
1599,7.0
1600,0.0
1600,7.0
1601,0.0
1601,7.0
1602,0.0
1602,7.0
1603,0.0
1603,7.0
1604,0.0
1604,7.0
1605,0.0
1605,7.0
1606,0.0
1606,7.0
1607,0.0
1607,7.0
1608,0.0
1608,7.0
1609,0.0
1609,7.0
1610,0.0
1610,7.0
1611,0.0
1611,7.0
1612,0.0
1612,7.0
1613,0.0
1613,7.0
1614,0.0
1614,7.0
1615,0.0
1615,7.0
1616,0.0
1616,7.0
1617,0.0
1617,7.0
1618,0.0
1618,7.0
1619,0.0
1619,7.0
1620,0.0
1620,7.0
1621,0.0
1621,7.0
1622,0.0
1622,7.0
1623,0.0
1623,7.0
1624,0.0
1624,7.0
1625,0.0
1625,7.0
1626,0.0
1626,7.0
1627,7.0
1627,0.0
1628,7.0
1628,0.0
1629,7.0
1629,0.0
1630,0.0
1630,7.0
1631,0.0
1631,7.0
1632,7.0
1632,0.0
1633,7.0
1633,0.0
1634,7.0
1634,0.0
1635,7.0
1635,0.0
1636,7.0
1636,0.0
1637,7.0
1637,0.0
1638,7.0
1638,0.0
1639,7.0
1639,0.0
1640,7.0
1640,0.0
1641,7.0
1641,0.0
1642,7.0
1643,7.0
1644,7.0
1645,7.0
1646,0.0
1646,7.0
1647,0.0
1647,7.0
1648,0.0
1648,7.0
1649,0.0
1649,7.0
1650,0.0
1650,7.0
1651,0.0
1651,7.0
1652,0.0
1652,7.0
1653,0.0
1653,7.0
1654,0.0
1654,7.0
1655,0.0
1655,7.0
1656,0.0
1656,7.0
1657,0.0
1657,7.0
1658,0.0
1658,7.0
1659,0.0
1659,7.0
1660,0.0
1660,7.0
1661,0.0
1661,7.0
1662,0.0
1662,7.0
1663,0.0
1663,7.0
1664,0.0
1664,7.0
1665,0.0
1665,7.0
1666,0.0
1666,7.0
1667,0.0
1667,7.0
1668,0.0
1668,7.0
1669,0.0
1669,7.0
1670,0.0
1670,7.0
1671,0.0
1671,7.0
1672,7.0
1672,0.0
1673,7.0
1673,0.0
1674,7.0
1674,0.0
1675,7.0
1675,0.0
1676,0.0
1676,7.0
1677,0.0
1677,7.0
1678,0.0
1678,7.0
1679,0.0
1679,7.0
1680,0.0
1680,7.0
1681,0.0
1681,7.0
1682,0.0
1682,7.0
1683,0.0
1683,7.0
1684,0.0
1684,7.0
1685,0.0
1685,7.0
1686,0.0
1686,7.0
1687,0.0
1687,7.0
1688,0.0
1688,7.0
1689,0.0
1689,7.0
1690,0.0
1690,7.0
1691,0.0
1691,7.0
1692,7.0
1692,0.0
1693,7.0
1693,0.0
1694,7.0
1694,0.0
1695,7.0
1695,0.0
1696,0.0
1696,7.0
1697,0.0
1697,7.0
1698,0.0
1698,7.0
1699,0.0
1699,7.0
1700,0.0
1700,7.0
1701,0.0
1701,7.0
1702,0.0
1702,7.0
1703,7.0
1703,0.0
1704,7.0
1704,0.0
1705,7.0
1705,0.0
1706,0.0
1706,7.0
1707,0.0
1707,7.0
1708,0.0
1708,7.0
1709,0.0
1709,7.0
1710,0.0
1710,7.0
1711,0.0
1711,7.0
