1421,-1,180.22335815429688,139.87257385253906,273.70257568359375,203.5662841796875,0.8851338028907776,-1,-1,-1
1422,-1,164.1000518798828,134.60675048828125,261.8128356933594,205.13352966308594,0.9502627849578857,-1,-1,-1
1423,-1,151.73594665527344,135.69776916503906,252.457275390625,205.26217651367188,0.9072659611701965,-1,-1,-1
1424,-1,141.74307250976562,132.6317596435547,240.68295288085938,204.62460327148438,0.9178938865661621,-1,-1,-1
1425,-1,130.4204864501953,133.13125610351562,238.8024139404297,206.4793701171875,0.9089846611022949,-1,-1,-1
1426,-1,121.76359558105469,135.09780883789062,229.73849487304688,205.28709411621094,0.8433958888053894,-1,-1,-1
1427,-1,110.05115509033203,135.57667541503906,206.8900909423828,203.95465087890625,0.9252601861953735,-1,-1,-1
1428,-1,97.40159606933594,132.66708374023438,189.9197235107422,203.2317352294922,0.8770549893379211,-1,-1,-1
1429,-1,87.85130310058594,137.34356689453125,181.0242919921875,204.75502014160156,0.8875629305839539,-1,-1,-1
1430,-1,76.39254760742188,132.24749755859375,176.99053955078125,203.49606323242188,0.7990198135375977,-1,-1,-1
1432,-1,64.45223236083984,125.16867065429688,156.4456024169922,203.0181121826172,0.930694043636322,-1,-1,-1
1433,-1,58.629878997802734,120.35745239257812,148.64015197753906,204.1846466064453,0.98043292760849,-1,-1,-1
1433,-1,-1.980743408203125,28.728694915771484,279.8955383300781,205.97994995117188,0.7192957997322083,-1,-1,-1
1434,-1,54.934329986572266,116.529296875,146.71253967285156,205.00587463378906,0.9194343090057373,-1,-1,-1
1434,-1,34.048179626464844,25.142423629760742,288.3816223144531,208.14425659179688,0.5318134427070618,-1,-1,-1
1435,-1,51.19005584716797,112.5552978515625,138.90834045410156,206.29591369628906,0.9485316276550293,-1,-1,-1
1435,-1,49.27033233642578,24.16831398010254,317.1329345703125,210.18170166015625,0.5175427794456482,-1,-1,-1
1436,-1,47.70836639404297,105.39886474609375,133.5962371826172,204.086181640625,0.965996265411377,-1,-1,-1
1436,-1,45.59397888183594,22.11011505126953,319.2900390625,208.55299377441406,0.7401556372642517,-1,-1,-1
1437,-1,40.49244689941406,106.34507751464844,133.83287048339844,203.17002868652344,0.9797617793083191,-1,-1,-1
1437,-1,45.43728256225586,23.29022979736328,321.9411926269531,206.84312438964844,0.5320460200309753,-1,-1,-1
1438,-1,35.452274322509766,104.02410888671875,129.418212890625,202.98245239257812,0.984352707862854,-1,-1,-1
1438,-1,47.509517669677734,21.020360946655273,323.47088623046875,209.30325317382812,0.7341938018798828,-1,-1,-1
1439,-1,31.537029266357422,102.6296615600586,126.81840515136719,200.8531494140625,0.9906559586524963,-1,-1,-1
1439,-1,45.19379425048828,24.32191276550293,321.55206298828125,204.99891662597656,0.7549566626548767,-1,-1,-1
1440,-1,26.315990447998047,100.5627212524414,126.10591888427734,197.42489624023438,0.990654706954956,-1,-1,-1
1440,-1,41.20984649658203,22.827247619628906,323.2167053222656,206.4513702392578,0.6579633951187134,-1,-1,-1
1441,-1,10.0482759475708,96.88323974609375,130.3450164794922,199.5726318359375,0.9924358129501343,-1,-1,-1
1442,-1,7.1581501960754395,93.82661437988281,130.07481384277344,200.13267517089844,0.9950833916664124,-1,-1,-1
1443,-1,6.134901523590088,92.45694732666016,126.59236145019531,201.7997283935547,0.9875840544700623,-1,-1,-1
1443,-1,43.50859832763672,21.765560150146484,321.1387634277344,207.182373046875,0.5022067427635193,-1,-1,-1
1444,-1,5.7971720695495605,91.00917053222656,125.44628143310547,202.0636444091797,0.9859105348587036,-1,-1,-1
1444,-1,40.56932830810547,22.708187103271484,280.974609375,205.711669921875,0.5562431812286377,-1,-1,-1
1445,-1,6.336828231811523,89.43960571289062,123.87727355957031,202.33837890625,0.9824138879776001,-1,-1,-1
1446,-1,6.333723545074463,90.48915100097656,123.84712982177734,200.8135223388672,0.973953902721405,-1,-1,-1
1447,-1,5.902522087097168,90.88623046875,123.84505462646484,202.50352478027344,0.973824143409729,-1,-1,-1
1448,-1,5.018157958984375,91.09339904785156,121.55211639404297,202.48556518554688,0.9747703671455383,-1,-1,-1
1449,-1,5.901054859161377,86.69670867919922,117.66480255126953,201.6884765625,0.9567610025405884,-1,-1,-1
1450,-1,6.701260566711426,84.92272186279297,112.94493103027344,200.76573181152344,0.9824889898300171,-1,-1,-1
1451,-1,6.681894302368164,84.11055755615234,109.90889739990234,200.631591796875,0.9710215330123901,-1,-1,-1
1452,-1,7.176666259765625,80.96414947509766,107.66523742675781,201.1434783935547,0.969153106212616,-1,-1,-1
1453,-1,8.595123291015625,81.11489868164062,105.0434799194336,198.50218200683594,0.9765574336051941,-1,-1,-1
1454,-1,7.869849681854248,80.70683288574219,102.81449890136719,200.11181640625,0.9717460870742798,-1,-1,-1
1455,-1,6.444714069366455,79.06118774414062,102.44186401367188,199.9109649658203,0.9799481630325317,-1,-1,-1
1456,-1,5.932699203491211,78.17984008789062,101.59293365478516,200.55384826660156,0.9842864274978638,-1,-1,-1
1457,-1,5.5353193283081055,77.86954498291016,99.37864685058594,200.58120727539062,0.9804055094718933,-1,-1,-1
1458,-1,4.9005889892578125,77.48875427246094,99.54158020019531,200.27073669433594,0.9725873470306396,-1,-1,-1
1459,-1,5.29530143737793,77.55371856689453,98.0573959350586,198.25733947753906,0.9826973080635071,-1,-1,-1
1460,-1,4.3711323738098145,77.22360229492188,88.7100830078125,198.540771484375,0.978071391582489,-1,-1,-1
1461,-1,7.8779401779174805,77.62284088134766,85.73115539550781,196.78173828125,0.9842274785041809,-1,-1,-1
1462,-1,6.842813014984131,78.4398193359375,86.31211853027344,196.29835510253906,0.9830607175827026,-1,-1,-1
1463,-1,6.085049629211426,79.92289733886719,86.2497329711914,196.81378173828125,0.9802175760269165,-1,-1,-1
1464,-1,5.9736223220825195,80.4461898803711,84.64591217041016,197.04315185546875,0.9829015731811523,-1,-1,-1
1465,-1,5.537810802459717,80.3399429321289,83.0934066772461,197.2331085205078,0.9798864126205444,-1,-1,-1
1466,-1,2.2513551712036133,76.69649505615234,84.3777847290039,200.74929809570312,0.976962149143219,-1,-1,-1
1467,-1,2.6454453468322754,76.36085510253906,81.9063720703125,200.87620544433594,0.9825140237808228,-1,-1,-1
1468,-1,2.1340532302856445,75.87881469726562,80.2623062133789,200.8080291748047,0.9794899225234985,-1,-1,-1
1469,-1,1.9272114038467407,75.99130249023438,79.50759887695312,199.35105895996094,0.9832667708396912,-1,-1,-1
1470,-1,1.618757963180542,75.85411834716797,79.06249237060547,200.32470703125,0.979873538017273,-1,-1,-1
1471,-1,1.4337334632873535,75.47938537597656,77.34042358398438,199.66941833496094,0.9719152450561523,-1,-1,-1
1472,-1,1.6506606340408325,75.56143188476562,79.72100067138672,200.4344482421875,0.9485940933227539,-1,-1,-1
1473,-1,1.8739700317382812,74.91191101074219,78.93890380859375,200.55612182617188,0.9374558329582214,-1,-1,-1
1474,-1,2.0054128170013428,75.13954162597656,79.22228240966797,201.10250854492188,0.9455859661102295,-1,-1,-1
1475,-1,1.992081880569458,75.02491760253906,79.5031509399414,200.86439514160156,0.9623269438743591,-1,-1,-1
1476,-1,1.3614859580993652,75.76343536376953,79.79230499267578,201.0424041748047,0.9689279198646545,-1,-1,-1
1477,-1,0.6833120584487915,76.02743530273438,79.73448181152344,201.1076202392578,0.9716469049453735,-1,-1,-1
1478,-1,-0.2032236009836197,76.49785614013672,79.84620666503906,202.19154357910156,0.9716039299964905,-1,-1,-1
1479,-1,0.349173903465271,76.14543914794922,79.83116149902344,202.00343322753906,0.9636003375053406,-1,-1,-1
1480,-1,0.3678688704967499,76.06682586669922,79.71917724609375,201.90455627441406,0.9591039419174194,-1,-1,-1
1481,-1,-0.16284647583961487,75.99935913085938,78.72892761230469,201.7166748046875,0.9668713808059692,-1,-1,-1
1482,-1,0.2667793929576874,75.37914276123047,77.56825256347656,202.981689453125,0.9720021486282349,-1,-1,-1
1483,-1,0.43056783080101013,75.88813018798828,78.08445739746094,202.20281982421875,0.9762681126594543,-1,-1,-1
1484,-1,0.5599417686462402,75.59675598144531,77.50411987304688,202.46023559570312,0.9722698330879211,-1,-1,-1
1485,-1,0.5871787071228027,75.34120178222656,76.89063262939453,201.1614532470703,0.9840038418769836,-1,-1,-1
1486,-1,1.349076509475708,75.62665557861328,78.66654205322266,201.4272918701172,0.9745705127716064,-1,-1,-1
1487,-1,0.7128114104270935,75.96369934082031,78.62989044189453,201.412841796875,0.9835492968559265,-1,-1,-1
1488,-1,0.7910919189453125,76.1499252319336,78.79730987548828,201.39129638671875,0.9816446304321289,-1,-1,-1
1489,-1,1.464738130569458,76.77145385742188,81.01223754882812,201.31146240234375,0.9812138676643372,-1,-1,-1
1490,-1,2.1169545650482178,76.60008239746094,81.1313705444336,200.21221923828125,0.9734447598457336,-1,-1,-1
1491,-1,3.6077821254730225,79.425048828125,81.65943145751953,197.854736328125,0.979864239692688,-1,-1,-1
1492,-1,3.913374423980713,79.72388458251953,82.32064819335938,198.37130737304688,0.9802204370498657,-1,-1,-1
1493,-1,4.919143199920654,80.20805358886719,82.61742401123047,199.27410888671875,0.9802650809288025,-1,-1,-1
1494,-1,5.203117847442627,80.57488250732422,81.59922790527344,199.52029418945312,0.9737598299980164,-1,-1,-1
1495,-1,5.141725063323975,80.10453796386719,81.44204711914062,199.47630310058594,0.9691349267959595,-1,-1,-1
1496,-1,5.410082817077637,79.6636734008789,81.61856842041016,199.0436553955078,0.9592406153678894,-1,-1,-1
1497,-1,4.105603218078613,78.00753021240234,85.87256622314453,199.9613494873047,0.9690853953361511,-1,-1,-1
1498,-1,4.116078853607178,78.40764617919922,86.5920639038086,199.00961303710938,0.9720903635025024,-1,-1,-1
1499,-1,7.092452526092529,79.74160766601562,84.72442626953125,199.54193115234375,0.9689342975616455,-1,-1,-1
1500,-1,4.978464603424072,77.74469757080078,86.46643829345703,198.73501586914062,0.9665936827659607,-1,-1,-1
1501,-1,5.158761978149414,77.40093231201172,85.59615325927734,198.6975860595703,0.9772238731384277,-1,-1,-1
1502,-1,4.525988578796387,76.64348602294922,86.0170669555664,198.4754180908203,0.9818759560585022,-1,-1,-1
1503,-1,4.618160247802734,76.78970336914062,86.04859161376953,198.30462646484375,0.9820553660392761,-1,-1,-1
1504,-1,4.490961074829102,76.75544738769531,85.67704772949219,198.5292205810547,0.9843547344207764,-1,-1,-1
1505,-1,5.513138294219971,76.3519515991211,84.66899871826172,198.1035614013672,0.9816886782646179,-1,-1,-1
1506,-1,5.924253940582275,75.77653503417969,84.99284362792969,198.25082397460938,0.9881450533866882,-1,-1,-1
1507,-1,6.30063009262085,75.8004150390625,84.01314544677734,198.08847045898438,0.9886131286621094,-1,-1,-1
1508,-1,6.3939900398254395,75.79737091064453,83.67037963867188,198.79554748535156,0.9876933097839355,-1,-1,-1
1509,-1,6.073817253112793,75.61614990234375,83.62319946289062,198.6549072265625,0.9821949601173401,-1,-1,-1
1510,-1,5.574845790863037,75.73677825927734,83.74093627929688,198.77024841308594,0.985393226146698,-1,-1,-1
1511,-1,5.638392448425293,75.9588623046875,83.80127716064453,198.9141845703125,0.9850804805755615,-1,-1,-1
1512,-1,5.872593879699707,76.46993255615234,83.95237731933594,199.03221130371094,0.9877826571464539,-1,-1,-1
1513,-1,6.194713115692139,76.08588409423828,84.4163589477539,198.9161376953125,0.9887151122093201,-1,-1,-1
1514,-1,6.196655750274658,75.559326171875,84.42117309570312,197.98721313476562,0.9886233806610107,-1,-1,-1
1515,-1,6.4560136795043945,74.93910217285156,84.13621520996094,197.605712890625,0.9866686463356018,-1,-1,-1
1516,-1,5.91461181640625,74.99432373046875,83.94718933105469,197.92730712890625,0.9841052293777466,-1,-1,-1
1517,-1,5.934324741363525,74.47671508789062,83.66537475585938,197.70201110839844,0.9855424761772156,-1,-1,-1
1518,-1,5.729428291320801,74.57221221923828,83.36817932128906,198.18739318847656,0.9848400950431824,-1,-1,-1
1519,-1,5.7618913650512695,74.87995147705078,83.4012222290039,198.46392822265625,0.9819429516792297,-1,-1,-1
1520,-1,4.659423828125,75.16878509521484,85.52336883544922,198.5170135498047,0.9814969897270203,-1,-1,-1
1521,-1,4.93161153793335,75.41027069091797,86.54512023925781,198.01243591308594,0.9780181050300598,-1,-1,-1
1522,-1,4.785382270812988,75.55938720703125,86.72901153564453,198.67811584472656,0.975824773311615,-1,-1,-1
1523,-1,3.947812557220459,75.66474151611328,87.09814453125,199.03103637695312,0.9655730128288269,-1,-1,-1
1524,-1,3.2418296337127686,75.50164031982422,88.0462646484375,199.94720458984375,0.9726784825325012,-1,-1,-1
1525,-1,3.0860695838928223,75.0726547241211,88.34248352050781,199.99728393554688,0.9720629453659058,-1,-1,-1
1526,-1,3.0562446117401123,75.91709899902344,87.19666290283203,199.01158142089844,0.9619040489196777,-1,-1,-1
1527,-1,2.279757022857666,75.6774673461914,86.52867126464844,200.27587890625,0.9585214853286743,-1,-1,-1
1528,-1,2.6129150390625,75.46124267578125,86.81525421142578,199.2406463623047,0.9725399017333984,-1,-1,-1
1529,-1,1.6504051685333252,75.84005737304688,85.91653442382812,198.7208251953125,0.9753231406211853,-1,-1,-1
1530,-1,0.948178231716156,76.05085754394531,84.74083709716797,198.30528259277344,0.9752205610275269,-1,-1,-1
1531,-1,1.115963339805603,76.07731628417969,86.34395599365234,198.35189819335938,0.9714964032173157,-1,-1,-1
1532,-1,0.9666354656219482,76.33760833740234,86.12004089355469,198.73370361328125,0.9727756977081299,-1,-1,-1
1533,-1,0.032853346318006516,76.18236541748047,85.41045379638672,198.50123596191406,0.9730085134506226,-1,-1,-1
1534,-1,0.06338559836149216,75.5190658569336,83.81786346435547,198.93109130859375,0.9723676443099976,-1,-1,-1
1535,-1,0.14656947553157806,75.9503402709961,85.14247131347656,199.11451721191406,0.9714704155921936,-1,-1,-1
1536,-1,1.8985425233840942,79.68052673339844,82.67198181152344,195.42645263671875,0.9663047194480896,-1,-1,-1
1537,-1,1.5331854820251465,80.05856323242188,82.55059814453125,194.42062377929688,0.9605801701545715,-1,-1,-1
1538,-1,1.336575984954834,80.19155883789062,80.46119689941406,194.86473083496094,0.9690706729888916,-1,-1,-1
1539,-1,0.699659526348114,79.31006622314453,78.23494720458984,195.22299194335938,0.9606150984764099,-1,-1,-1
1540,-1,0.5335617065429688,79.93997192382812,79.66775512695312,195.12542724609375,0.9678493142127991,-1,-1,-1
1541,-1,0.375266432762146,80.39915466308594,77.99476623535156,195.77566528320312,0.9651855230331421,-1,-1,-1
1542,-1,0.1834634691476822,80.4718017578125,77.62200164794922,195.80653381347656,0.9623438715934753,-1,-1,-1
1543,-1,0.2878247797489166,80.20784759521484,78.02123260498047,196.02267456054688,0.9634337425231934,-1,-1,-1
1544,-1,0.3998360335826874,80.35539245605469,77.951171875,195.9998016357422,0.9581676721572876,-1,-1,-1
1545,-1,0.429731547832489,80.59718322753906,77.90520477294922,195.81878662109375,0.9533913731575012,-1,-1,-1
1546,-1,0.862576425075531,80.28063201904297,77.55329895019531,196.14361572265625,0.9653173685073853,-1,-1,-1
1547,-1,1.4856574535369873,80.23262023925781,78.31753540039062,197.21194458007812,0.9729212522506714,-1,-1,-1
1548,-1,2.3914806842803955,79.79618835449219,79.33446502685547,197.1850128173828,0.9751483798027039,-1,-1,-1
1549,-1,2.272139310836792,79.20104217529297,79.63640594482422,196.49673461914062,0.9775621891021729,-1,-1,-1
1550,-1,1.1570504903793335,77.08745574951172,82.40260314941406,196.6116180419922,0.979073703289032,-1,-1,-1
1550,-1,30.247896194458008,25.143909454345703,284.1024169921875,204.61936950683594,0.5217815041542053,-1,-1,-1
1551,-1,1.9702529907226562,77.271240234375,84.00757598876953,198.291748046875,0.9868777990341187,-1,-1,-1
1552,-1,2.543734073638916,77.5155029296875,85.28575897216797,199.46983337402344,0.9839854836463928,-1,-1,-1
1553,-1,2.977529764175415,77.46924591064453,87.10387420654297,199.9552764892578,0.9887577295303345,-1,-1,-1
1554,-1,4.854580879211426,77.73411560058594,87.81868743896484,200.69039916992188,0.9751538038253784,-1,-1,-1
1555,-1,5.581759452819824,78.12064361572266,87.80501556396484,200.57603454589844,0.9722551107406616,-1,-1,-1
1556,-1,5.995492458343506,76.35440826416016,96.59496307373047,202.37225341796875,0.9823874831199646,-1,-1,-1
1557,-1,6.714181423187256,78.07292938232422,99.82980346679688,201.09939575195312,0.9811353087425232,-1,-1,-1
1558,-1,8.44427490234375,78.19691467285156,100.28008270263672,201.05661010742188,0.9923161268234253,-1,-1,-1
1559,-1,12.445749282836914,77.73223876953125,103.53099060058594,198.9788055419922,0.9914318919181824,-1,-1,-1
1560,-1,14.627750396728516,76.87505340576172,109.13590240478516,199.21237182617188,0.9846435189247131,-1,-1,-1
1561,-1,18.3626708984375,75.96762084960938,110.09693145751953,198.07620239257812,0.9710938930511475,-1,-1,-1
1562,-1,24.08194351196289,75.84786987304688,112.06501007080078,198.4515838623047,0.9648683071136475,-1,-1,-1
1563,-1,25.34552001953125,75.06355285644531,114.77133178710938,198.89959716796875,0.9575487375259399,-1,-1,-1
1564,-1,25.680627822875977,74.97976684570312,115.0912857055664,200.433837890625,0.9613387584686279,-1,-1,-1
1565,-1,28.21773910522461,74.07180786132812,123.95832061767578,200.28761291503906,0.9428337812423706,-1,-1,-1
1566,-1,29.327049255371094,74.18546295166016,123.96076202392578,199.30467224121094,0.9671762585639954,-1,-1,-1
1567,-1,30.63620376586914,74.50511932373047,123.61105346679688,198.74664306640625,0.9643611311912537,-1,-1,-1
1568,-1,31.293458938598633,74.6380386352539,123.58316040039062,198.08993530273438,0.9614166617393494,-1,-1,-1
1569,-1,31.98230743408203,74.6426010131836,124.00447845458984,197.87432861328125,0.9623847603797913,-1,-1,-1
1570,-1,32.5295295715332,74.62984466552734,123.78849792480469,197.82518005371094,0.9661765098571777,-1,-1,-1
1571,-1,32.72591018676758,74.15916442871094,123.97731018066406,198.2030792236328,0.974465548992157,-1,-1,-1
1572,-1,33.053165435791016,73.7921371459961,123.89824676513672,198.03189086914062,0.9705291390419006,-1,-1,-1
1573,-1,33.35563659667969,73.21460723876953,123.95655822753906,198.46383666992188,0.9744605422019958,-1,-1,-1
1574,-1,33.36000061035156,72.7874755859375,124.19091033935547,198.94793701171875,0.9791066646575928,-1,-1,-1
1575,-1,33.21461868286133,72.67850494384766,124.35039520263672,199.32276916503906,0.9815951585769653,-1,-1,-1
1576,-1,31.65243911743164,72.31405639648438,125.33177185058594,199.11480712890625,0.976581335067749,-1,-1,-1
1577,-1,28.976253509521484,71.55870056152344,126.89444732666016,200.04066467285156,0.9726475477218628,-1,-1,-1
1578,-1,26.18840789794922,71.14386749267578,127.82102966308594,200.39622497558594,0.967434823513031,-1,-1,-1
1579,-1,24.122337341308594,71.0859375,129.22244262695312,200.40321350097656,0.9585044384002686,-1,-1,-1
1580,-1,17.719051361083984,72.60649871826172,123.05746459960938,198.34332275390625,0.9482691287994385,-1,-1,-1
1581,-1,8.797096252441406,72.82452392578125,124.4952392578125,198.44549560546875,0.9618820548057556,-1,-1,-1
1582,-1,7.044589519500732,71.55606842041016,122.008056640625,199.627685546875,0.9572126865386963,-1,-1,-1
1583,-1,4.5767388343811035,69.96727752685547,121.47431945800781,200.46005249023438,0.9685975313186646,-1,-1,-1
1584,-1,3.4844443798065186,70.38626861572266,118.16316223144531,200.94825744628906,0.973045289516449,-1,-1,-1
1585,-1,2.90732741355896,71.38871765136719,115.56522369384766,200.1789093017578,0.9682416319847107,-1,-1,-1
1586,-1,2.890178918838501,71.36277770996094,110.75225830078125,200.43328857421875,0.9822592735290527,-1,-1,-1
1587,-1,3.606133222579956,71.75762176513672,109.28765106201172,199.4859619140625,0.9848693013191223,-1,-1,-1
1588,-1,4.041965484619141,71.6753921508789,105.93852996826172,202.0216522216797,0.9893730282783508,-1,-1,-1
1589,-1,3.486914873123169,74.39913177490234,103.168701171875,203.1691131591797,0.9878664612770081,-1,-1,-1
1590,-1,4.402263641357422,74.62620544433594,100.17594146728516,201.1187286376953,0.9902180433273315,-1,-1,-1
1591,-1,5.217141628265381,77.16150665283203,97.55970764160156,199.99417114257812,0.9895836114883423,-1,-1,-1
1592,-1,4.604192733764648,77.61808013916016,87.54364776611328,199.663330078125,0.9870813488960266,-1,-1,-1
1593,-1,3.3266801834106445,76.86566162109375,85.83258056640625,199.39549255371094,0.989801287651062,-1,-1,-1
1594,-1,2.3206300735473633,76.39418029785156,85.99372100830078,199.06985473632812,0.9743039608001709,-1,-1,-1
1595,-1,1.7703510522842407,75.79918670654297,84.95448303222656,199.3605194091797,0.9699264168739319,-1,-1,-1
1596,-1,0.8908755779266357,75.67305755615234,82.2237319946289,200.78204345703125,0.9666474461555481,-1,-1,-1
1597,-1,-0.31698372960090637,75.22029113769531,79.45144653320312,200.17236328125,0.9664754867553711,-1,-1,-1
1598,-1,-0.2174113392829895,75.49948120117188,78.91560363769531,201.87896728515625,0.9643416404724121,-1,-1,-1
1599,-1,-0.540712833404541,75.35786437988281,76.98036193847656,203.21688842773438,0.9631983041763306,-1,-1,-1
1600,-1,-1.0642595291137695,75.3643569946289,75.50553131103516,204.2242431640625,0.9495030641555786,-1,-1,-1
1601,-1,-1.462343692779541,76.22389221191406,75.63568115234375,204.97828674316406,0.9330450296401978,-1,-1,-1
1602,-1,-0.7760913372039795,75.91858673095703,75.38020324707031,204.80801391601562,0.9391696453094482,-1,-1,-1
1603,-1,-0.3390972316265106,75.44426727294922,75.46570587158203,204.79302978515625,0.9666467308998108,-1,-1,-1
1604,-1,-0.13270744681358337,74.81285095214844,75.80142211914062,204.4705047607422,0.9703517556190491,-1,-1,-1
1605,-1,0.10502448678016663,74.21541595458984,75.85449981689453,203.4286346435547,0.9745160937309265,-1,-1,-1
1606,-1,0.21954463422298431,74.55207061767578,78.1404800415039,202.14141845703125,0.9725616574287415,-1,-1,-1
1607,-1,0.772247314453125,75.17050170898438,79.01081848144531,201.93057250976562,0.9761093854904175,-1,-1,-1
1608,-1,0.8621568083763123,76.7706298828125,81.27877044677734,202.32351684570312,0.9825001955032349,-1,-1,-1
1609,-1,1.6289020776748657,77.86524963378906,83.53402709960938,202.53793334960938,0.9820569753646851,-1,-1,-1
1610,-1,2.0788631439208984,76.99085235595703,84.4437484741211,202.09910583496094,0.9796416759490967,-1,-1,-1
1611,-1,1.9557864665985107,77.9701156616211,85.89768981933594,202.98179626464844,0.9663098454475403,-1,-1,-1
1612,-1,2.253136396408081,77.63763427734375,84.10484313964844,202.67398071289062,0.9416203498840332,-1,-1,-1
1613,-1,2.1783945560455322,76.30164337158203,84.44954681396484,202.9144287109375,0.9374714493751526,-1,-1,-1
1614,-1,1.859477162361145,75.77193450927734,81.15518188476562,201.93739318847656,0.81059730052948,-1,-1,-1
1615,-1,1.3291256427764893,76.59336853027344,79.64303588867188,202.93783569335938,0.5982006192207336,-1,-1,-1
1616,-1,-0.11968172341585159,75.88977813720703,76.67639923095703,203.11387634277344,0.7358701229095459,-1,-1,-1
1617,-1,-0.28151583671569824,76.51629638671875,75.65573120117188,203.17916870117188,0.8087233901023865,-1,-1,-1
1618,-1,0.14651371538639069,76.4454345703125,73.5937271118164,202.3997344970703,0.6467574238777161,-1,-1,-1
1619,-1,0.4431474804878235,75.32479858398438,72.66392517089844,202.5018768310547,0.6167635917663574,-1,-1,-1
1620,-1,1.7237530946731567,72.96754455566406,66.58877563476562,205.06878662109375,0.5906628966331482,-1,-1,-1
1621,-1,2.5376038551330566,72.34603118896484,65.4626693725586,205.44857788085938,0.5758224725723267,-1,-1,-1
1632,-1,2.7932562828063965,74.17186737060547,56.382083892822266,205.59100341796875,0.614719033241272,-1,-1,-1
1633,-1,2.1240410804748535,75.05278778076172,56.390045166015625,204.89361572265625,0.614949643611908,-1,-1,-1
1667,-1,3.6793782711029053,83.5054702758789,53.73565673828125,196.9742431640625,0.5436441898345947,-1,-1,-1
1668,-1,3.08890700340271,80.89641571044922,52.05007553100586,198.71669006347656,0.6028972268104553,-1,-1,-1
1669,-1,2.9720864295959473,80.18698120117188,53.49326705932617,199.01296997070312,0.8206552267074585,-1,-1,-1
1670,-1,3.095186710357666,79.18775177001953,56.32281494140625,199.41049194335938,0.8790890574455261,-1,-1,-1
1671,-1,3.3423469066619873,79.87638092041016,59.855499267578125,200.62533569335938,0.9023510217666626,-1,-1,-1
1672,-1,3.7292802333831787,74.96875762939453,60.4795036315918,201.5638885498047,0.9076759815216064,-1,-1,-1
1673,-1,4.332891464233398,75.46112060546875,61.19533157348633,201.08224487304688,0.9028324484825134,-1,-1,-1
1674,-1,4.765310764312744,74.76110076904297,61.66450881958008,201.73202514648438,0.9227585792541504,-1,-1,-1
1675,-1,4.750847339630127,75.0896987915039,61.24773406982422,199.85194396972656,0.9572615623474121,-1,-1,-1
1676,-1,3.3839151859283447,76.85708618164062,59.724308013916016,198.95387268066406,0.9775853753089905,-1,-1,-1
1677,-1,4.227289199829102,77.68569946289062,61.2593879699707,199.8519287109375,0.9764970541000366,-1,-1,-1
1678,-1,4.671199798583984,76.1607437133789,61.42648696899414,201.5920867919922,0.9783315658569336,-1,-1,-1
1679,-1,5.070085048675537,76.90107727050781,62.901283264160156,201.9005126953125,0.9753637313842773,-1,-1,-1
1680,-1,4.380396366119385,74.2190933227539,64.16802215576172,204.9090576171875,0.9114935994148254,-1,-1,-1
1681,-1,2.5114150047302246,74.32290649414062,76.98307800292969,202.79537963867188,0.9121150374412537,-1,-1,-1
1682,-1,2.116684675216675,83.62936401367188,79.54842376708984,197.37384033203125,0.8154324293136597,-1,-1,-1
1683,-1,2.4680709838867188,87.34960174560547,79.78219604492188,197.4276885986328,0.8423876762390137,-1,-1,-1
1684,-1,1.7269867658615112,75.12793731689453,81.46684265136719,202.35040283203125,0.8102090954780579,-1,-1,-1
1685,-1,4.195885181427002,75.8485107421875,81.9399185180664,200.8091278076172,0.7991638779640198,-1,-1,-1
1689,-1,15.008768081665039,76.55572509765625,97.75445556640625,200.46054077148438,0.5220569968223572,-1,-1,-1
1690,-1,19.295818328857422,75.56826782226562,99.27825164794922,200.78477478027344,0.6064791083335876,-1,-1,-1
1691,-1,32.83274459838867,66.25080108642578,95.7697982788086,208.05145263671875,0.8577483296394348,-1,-1,-1
1692,-1,35.825077056884766,65.63973999023438,98.62834167480469,208.4647979736328,0.7698108553886414,-1,-1,-1
1693,-1,28.641677856445312,73.1068344116211,105.25091552734375,199.93115234375,0.8361409306526184,-1,-1,-1
1694,-1,30.409332275390625,71.78889465332031,106.31737518310547,201.0714874267578,0.8637312650680542,-1,-1,-1
1695,-1,31.712553024291992,71.95690155029297,107.02783203125,198.886962890625,0.9140913486480713,-1,-1,-1
1696,-1,41.20781707763672,70.71183776855469,111.40789031982422,198.9934539794922,0.9514744877815247,-1,-1,-1
1697,-1,40.590980529785156,71.84589385986328,111.8143310546875,197.9061737060547,0.9709152579307556,-1,-1,-1
1698,-1,41.217926025390625,72.09422302246094,111.45954895019531,197.35487365722656,0.97495037317276,-1,-1,-1
1699,-1,39.60955047607422,70.91069030761719,114.47722625732422,197.8883056640625,0.9676814079284668,-1,-1,-1
1700,-1,39.60264587402344,70.98151397705078,114.87100219726562,197.56634521484375,0.9583162069320679,-1,-1,-1
1701,-1,39.32042694091797,70.68695068359375,115.94796752929688,197.3597869873047,0.9585993885993958,-1,-1,-1
1702,-1,36.06034469604492,58.365699768066406,121.36720275878906,199.54852294921875,0.9691023826599121,-1,-1,-1
1703,-1,38.177886962890625,58.43013000488281,121.94767761230469,199.26052856445312,0.9826036095619202,-1,-1,-1
1704,-1,38.72266387939453,57.49552917480469,123.21910858154297,199.42213439941406,0.96200031042099,-1,-1,-1
1705,-1,41.747928619384766,57.90363311767578,125.53950500488281,198.5162811279297,0.9764289259910583,-1,-1,-1
1706,-1,45.61549377441406,58.42536544799805,126.92686462402344,198.14718627929688,0.9891576170921326,-1,-1,-1
1707,-1,47.01847839355469,57.15263748168945,128.4916534423828,199.15444946289062,0.9832842946052551,-1,-1,-1
1708,-1,50.75675582885742,54.52859878540039,131.46250915527344,201.67613220214844,0.9848677515983582,-1,-1,-1
1709,-1,54.065704345703125,56.14270782470703,133.50469970703125,200.82447814941406,0.9838833808898926,-1,-1,-1
1710,-1,54.176082611083984,53.991844177246094,134.57504272460938,201.0290985107422,0.9881046414375305,-1,-1,-1
1711,-1,60.13664245605469,51.72163772583008,143.08453369140625,202.68756103515625,0.9902135133743286,-1,-1,-1
1712,-1,61.24205780029297,53.40615463256836,143.9967498779297,202.80416870117188,0.9909162521362305,-1,-1,-1
1713,-1,65.59576416015625,54.860321044921875,141.7049560546875,202.5756378173828,0.989218533039093,-1,-1,-1
1714,-1,68.03565216064453,55.64906692504883,141.1717529296875,201.9613037109375,0.9955246448516846,-1,-1,-1
1715,-1,77.1154556274414,60.12092208862305,137.16864013671875,196.93637084960938,0.9910762906074524,-1,-1,-1
1716,-1,78.60856628417969,59.63430404663086,137.9043731689453,195.01480102539062,0.9864673614501953,-1,-1,-1
1717,-1,79.84520721435547,56.0130729675293,136.88433837890625,194.98516845703125,0.9656900763511658,-1,-1,-1
1718,-1,79.89207458496094,55.217315673828125,136.73712158203125,195.6885986328125,0.8125829696655273,-1,-1,-1
1719,-1,71.45527648925781,51.49842071533203,149.41067504882812,193.6724853515625,0.8546357154846191,-1,-1,-1
1720,-1,73.90337371826172,50.278499603271484,147.42478942871094,191.8472900390625,0.9054757356643677,-1,-1,-1
1721,-1,83.7459487915039,54.81025695800781,141.999755859375,177.62783813476562,0.9437076449394226,-1,-1,-1
1722,-1,83.61299133300781,53.99888229370117,141.69329833984375,177.91343688964844,0.9701329469680786,-1,-1,-1
1723,-1,84.6114273071289,49.43596649169922,141.32540893554688,181.32611083984375,0.9460626840591431,-1,-1,-1
1724,-1,84.32796478271484,50.82902145385742,141.23597717285156,180.5181121826172,0.9511845707893372,-1,-1,-1
1725,-1,80.951171875,47.229976654052734,136.52590942382812,184.33033752441406,0.9163076877593994,-1,-1,-1
1726,-1,80.1211166381836,46.433616638183594,136.54425048828125,183.24185180664062,0.8736512660980225,-1,-1,-1
1727,-1,80.09176635742188,44.75249099731445,136.0626678466797,184.53233337402344,0.9240025877952576,-1,-1,-1
1728,-1,79.61556243896484,46.113773345947266,137.3018798828125,184.22825622558594,0.7775659561157227,-1,-1,-1
1729,-1,75.04934692382812,42.5839958190918,149.0509033203125,195.942626953125,0.7025696635246277,-1,-1,-1
1730,-1,80.088623046875,45.66280746459961,137.06446838378906,185.55931091308594,0.6670820713043213,-1,-1,-1
1731,-1,85.099853515625,47.870323181152344,141.4010009765625,182.3982391357422,0.9132326245307922,-1,-1,-1
1732,-1,85.08202362060547,48.53286361694336,141.35218811035156,181.86000061035156,0.8441357016563416,-1,-1,-1
1733,-1,85.4050521850586,48.68303680419922,141.06570434570312,181.99261474609375,0.8413144946098328,-1,-1,-1
1734,-1,80.78995513916016,46.93965148925781,135.7839813232422,183.92713928222656,0.8482056856155396,-1,-1,-1
1735,-1,85.81037902832031,46.90709686279297,141.20333862304688,181.91839599609375,0.9058273434638977,-1,-1,-1
1736,-1,86.00062561035156,48.008934020996094,141.10276794433594,181.10580444335938,0.968241810798645,-1,-1,-1
1737,-1,85.59600830078125,50.58392333984375,142.69827270507812,180.3697509765625,0.7840649485588074,-1,-1,-1
1815,-1,26.205995559692383,30.88665199279785,288.5648193359375,202.20700073242188,0.5999419093132019,-1,-1,-1
1854,-1,92.05821990966797,42.76285171508789,142.12083435058594,118.5682601928711,0.5370128750801086,-1,-1,-1
1856,-1,86.85807037353516,40.2244987487793,142.083984375,120.82283020019531,0.7270937561988831,-1,-1,-1
1857,-1,79.71499633789062,41.968597412109375,136.0502471923828,120.43341827392578,0.862618088722229,-1,-1,-1
3616,-1,95.21964263916016,39.30939865112305,145.4117889404297,145.0236053466797,0.532281219959259,-1,-1,-1
3617,-1,95.00653076171875,38.83920669555664,144.923095703125,143.12826538085938,0.7959409356117249,-1,-1,-1
3618,-1,94.18824005126953,40.62873077392578,145.48788452148438,142.66436767578125,0.8776971101760864,-1,-1,-1
3619,-1,93.25374603271484,40.95883560180664,144.9942626953125,140.62313842773438,0.8954201340675354,-1,-1,-1
3620,-1,92.3030014038086,40.87514877319336,146.09686279296875,141.79006958007812,0.7134214043617249,-1,-1,-1
3621,-1,91.4371566772461,38.67938995361328,146.48374938964844,145.01048278808594,0.8864560127258301,-1,-1,-1
3622,-1,92.2953872680664,42.176971435546875,145.809814453125,157.14993286132812,0.8421545028686523,-1,-1,-1
3623,-1,90.1637954711914,41.597415924072266,144.56869506835938,160.25704956054688,0.747157096862793,-1,-1,-1
3624,-1,90.2150650024414,41.506752014160156,144.3907012939453,159.26806640625,0.8394248485565186,-1,-1,-1
3625,-1,88.39984893798828,40.677345275878906,145.214111328125,159.59776306152344,0.818898618221283,-1,-1,-1
3626,-1,88.05342864990234,41.367645263671875,144.08221435546875,159.3753662109375,0.8996289372444153,-1,-1,-1
3627,-1,88.3888168334961,41.288368225097656,144.9190673828125,159.9907989501953,0.8472559452056885,-1,-1,-1
3628,-1,88.56680297851562,39.122467041015625,143.42385864257812,163.82061767578125,0.8351119160652161,-1,-1,-1
3629,-1,90.48076629638672,41.47101593017578,143.03038024902344,163.91827392578125,0.6385911107063293,-1,-1,-1
3630,-1,88.02238464355469,39.37848663330078,143.131103515625,166.74029541015625,0.9009804725646973,-1,-1,-1
3631,-1,86.02698516845703,40.59385299682617,142.61732482910156,166.36376953125,0.8691444993019104,-1,-1,-1
3632,-1,86.08724975585938,42.78373718261719,142.3629608154297,165.56109619140625,0.7145289182662964,-1,-1,-1
3634,-1,84.67715454101562,43.105010986328125,141.27618408203125,166.10507202148438,0.5875864624977112,-1,-1,-1
3635,-1,84.20360565185547,40.28874969482422,141.27455139160156,169.70089721679688,0.8439515233039856,-1,-1,-1
3636,-1,84.62909698486328,40.65111541748047,140.7205352783203,169.3146209716797,0.674944281578064,-1,-1,-1
3640,-1,80.44953918457031,45.998172760009766,136.90049743652344,162.19805908203125,0.5603602528572083,-1,-1,-1
3641,-1,80.74283599853516,44.02980041503906,136.0000457763672,164.12564086914062,0.6585182547569275,-1,-1,-1
3642,-1,79.85469055175781,44.291133880615234,136.6013946533203,163.31077575683594,0.6880258321762085,-1,-1,-1
3643,-1,79.38103485107422,45.764217376708984,136.4891357421875,162.6379852294922,0.919312596321106,-1,-1,-1
3644,-1,78.93303680419922,45.03826904296875,136.93560791015625,164.09832763671875,0.8775004744529724,-1,-1,-1
3645,-1,78.00353240966797,44.186607360839844,137.33119201660156,163.98614501953125,0.8603377938270569,-1,-1,-1
3646,-1,72.05645751953125,34.84641647338867,144.41293334960938,189.9560546875,0.8623239398002625,-1,-1,-1
3647,-1,71.6846694946289,34.40858459472656,144.8782958984375,191.30772399902344,0.9516808986663818,-1,-1,-1
3648,-1,70.61544799804688,35.609283447265625,145.8248291015625,190.6774444580078,0.9528364539146423,-1,-1,-1
3649,-1,70.72833251953125,36.12648010253906,143.81307983398438,190.35816955566406,0.97675621509552,-1,-1,-1
3650,-1,69.75386047363281,36.997127532958984,144.1634979248047,190.2133331298828,0.9333862662315369,-1,-1,-1
3651,-1,68.42784118652344,36.0743522644043,145.42105102539062,191.3972930908203,0.9219005703926086,-1,-1,-1
3652,-1,69.16555786132812,36.46872329711914,145.41612243652344,192.44122314453125,0.9453834295272827,-1,-1,-1
3653,-1,67.64474487304688,37.16640853881836,147.8446807861328,192.92401123046875,0.8427261710166931,-1,-1,-1
3654,-1,68.42631530761719,37.59004211425781,146.44253540039062,191.933349609375,0.8777753710746765,-1,-1,-1
3655,-1,68.1160659790039,37.480533599853516,146.0171356201172,191.9191436767578,0.8608826398849487,-1,-1,-1
3656,-1,67.65875244140625,37.67622756958008,145.70657348632812,191.96063232421875,0.8494590520858765,-1,-1,-1
3657,-1,67.90575408935547,38.578250885009766,146.37142944335938,191.263427734375,0.8079485893249512,-1,-1,-1
3658,-1,69.77084350585938,38.58565902709961,143.7100067138672,192.70535278320312,0.8872057199478149,-1,-1,-1
3659,-1,70.00550079345703,38.107112884521484,142.44154357910156,192.52896118164062,0.9101642370223999,-1,-1,-1
3660,-1,69.42085266113281,38.639007568359375,143.0175323486328,193.51718139648438,0.904592752456665,-1,-1,-1
3661,-1,69.6623306274414,37.839359283447266,141.35707092285156,200.08152770996094,0.9076203107833862,-1,-1,-1
3662,-1,69.37889862060547,38.408504486083984,142.3370361328125,203.86947631835938,0.8509449362754822,-1,-1,-1
3663,-1,67.57581329345703,36.98241424560547,144.07919311523438,205.30313110351562,0.8906526565551758,-1,-1,-1
3664,-1,67.60104370117188,38.12041473388672,142.96961975097656,205.0382843017578,0.8359658718109131,-1,-1,-1
3665,-1,66.06010437011719,41.755741119384766,146.515869140625,206.2414093017578,0.7781105637550354,-1,-1,-1
3666,-1,66.70828247070312,42.364871978759766,143.7921600341797,205.51138305664062,0.751700222492218,-1,-1,-1
3667,-1,66.77840423583984,44.321189880371094,140.25543212890625,205.8472900390625,0.7439873218536377,-1,-1,-1
3668,-1,67.81582641601562,44.09744644165039,140.2133026123047,206.9677276611328,0.8651986718177795,-1,-1,-1
3669,-1,66.97392272949219,46.043235778808594,141.01541137695312,206.1352996826172,0.7087953090667725,-1,-1,-1
3670,-1,64.04145050048828,47.778324127197266,144.38711547851562,205.15725708007812,0.6905431747436523,-1,-1,-1
3671,-1,63.8240852355957,50.33589553833008,142.7368621826172,203.8784942626953,0.8469114899635315,-1,-1,-1
3672,-1,51.076194763183594,51.6349983215332,138.59097290039062,200.0225067138672,0.5487722754478455,-1,-1,-1
3673,-1,62.81102752685547,54.00230407714844,142.11956787109375,199.4058837890625,0.7532743811607361,-1,-1,-1
3674,-1,63.692325592041016,53.46348190307617,143.83038330078125,203.2147674560547,0.9443126916885376,-1,-1,-1
3675,-1,62.88528823852539,53.6315803527832,146.2469482421875,200.7476806640625,0.9042701125144958,-1,-1,-1
3676,-1,63.39287185668945,54.26279067993164,145.81658935546875,200.07957458496094,0.9431910514831543,-1,-1,-1
3677,-1,60.58037185668945,54.56520080566406,148.7506103515625,200.87820434570312,0.902901828289032,-1,-1,-1
3678,-1,60.74366760253906,56.12981033325195,150.0586395263672,199.82229614257812,0.9179674983024597,-1,-1,-1
3679,-1,59.27302551269531,56.149742126464844,149.97216796875,199.82644653320312,0.9300186038017273,-1,-1,-1
3680,-1,56.251338958740234,56.38418960571289,151.00286865234375,199.15206909179688,0.8891555070877075,-1,-1,-1
3681,-1,54.50107955932617,57.27484130859375,151.6876678466797,198.8354949951172,0.9046217799186707,-1,-1,-1
3682,-1,54.39738464355469,56.897705078125,149.70632934570312,201.3611297607422,0.9225748777389526,-1,-1,-1
3683,-1,52.94437026977539,57.421756744384766,150.0063934326172,201.26805114746094,0.935950517654419,-1,-1,-1
3684,-1,55.10708236694336,65.8031997680664,136.6947784423828,202.04714965820312,0.9333171844482422,-1,-1,-1
3685,-1,54.34203338623047,69.78235626220703,137.61183166503906,198.1988067626953,0.9271580576896667,-1,-1,-1
3686,-1,54.73152542114258,70.51569366455078,137.53045654296875,197.61962890625,0.9554081559181213,-1,-1,-1
3687,-1,54.18972396850586,71.0995101928711,137.71585083007812,197.51202392578125,0.9724059700965881,-1,-1,-1
3688,-1,52.87946319580078,71.4918441772461,138.265380859375,198.43722534179688,0.9765486717224121,-1,-1,-1
3689,-1,52.684207916259766,71.45738220214844,137.3106231689453,198.98231506347656,0.9879297018051147,-1,-1,-1
3690,-1,49.599098205566406,72.37638092041016,139.67189025878906,198.43040466308594,0.988288164138794,-1,-1,-1
3691,-1,47.549434661865234,74.29511260986328,140.26861572265625,198.33966064453125,0.9928116202354431,-1,-1,-1
3692,-1,46.0664176940918,76.73028564453125,140.97219848632812,197.31617736816406,0.9823005199432373,-1,-1,-1
3693,-1,43.168174743652344,77.56262969970703,140.82723999023438,199.68284606933594,0.9815543293952942,-1,-1,-1
3694,-1,41.985877990722656,78.18666076660156,142.4276580810547,200.76153564453125,0.9868804216384888,-1,-1,-1
3695,-1,37.91974639892578,79.53939819335938,143.13702392578125,202.08815002441406,0.9874415397644043,-1,-1,-1
3696,-1,35.06202697753906,82.66581726074219,144.20594787597656,202.45323181152344,0.9824255704879761,-1,-1,-1
3697,-1,32.31884765625,83.31137084960938,146.53646850585938,204.73890686035156,0.9813488721847534,-1,-1,-1
3698,-1,31.7149715423584,83.84756469726562,149.19332885742188,205.38841247558594,0.9787576794624329,-1,-1,-1
3699,-1,31.581825256347656,83.41276550292969,148.5714111328125,205.44664001464844,0.969251275062561,-1,-1,-1
3700,-1,30.2642822265625,85.45980834960938,149.4844970703125,205.109375,0.9844430685043335,-1,-1,-1
3701,-1,29.417009353637695,87.51542663574219,149.22509765625,205.17938232421875,0.9861655235290527,-1,-1,-1
3702,-1,28.705808639526367,86.21488189697266,151.41224670410156,206.96575927734375,0.9685662388801575,-1,-1,-1
3703,-1,27.21788215637207,86.74469757080078,151.72247314453125,205.91111755371094,0.9570509791374207,-1,-1,-1
3704,-1,27.37997817993164,90.98951721191406,149.7729034423828,203.09222412109375,0.7855650782585144,-1,-1,-1
3704,-1,12.381110191345215,18.04478645324707,300.82012939453125,216.97207641601562,0.6667450666427612,-1,-1,-1
3705,-1,30.31659698486328,88.76309967041016,154.2632598876953,203.49685668945312,0.7957478761672974,-1,-1,-1
3705,-1,16.068866729736328,21.439929962158203,302.1512451171875,213.11282348632812,0.7423205375671387,-1,-1,-1
3706,-1,16.158706665039062,14.877765655517578,298.74212646484375,221.12088012695312,0.9125505685806274,-1,-1,-1
3706,-1,39.74857711791992,92.8958740234375,168.31341552734375,205.894775390625,0.8915196061134338,-1,-1,-1
3707,-1,12.707871437072754,18.324237823486328,303.625244140625,213.64889526367188,0.9475274682044983,-1,-1,-1
3707,-1,42.04824447631836,96.00730895996094,170.2381134033203,205.11660766601562,0.8267771005630493,-1,-1,-1
3708,-1,21.114879608154297,15.404640197753906,303.3652648925781,219.87548828125,0.8246617913246155,-1,-1,-1
3708,-1,46.50675964355469,97.03150939941406,171.3774871826172,204.52891540527344,0.8039062023162842,-1,-1,-1
3709,-1,17.602127075195312,20.37880516052246,303.54083251953125,211.5393524169922,0.9435363411903381,-1,-1,-1
3709,-1,51.922149658203125,100.61067962646484,174.42735290527344,201.81570434570312,0.8018523454666138,-1,-1,-1
3710,-1,13.871191024780273,22.388750076293945,308.7055358886719,210.914794921875,0.8322943449020386,-1,-1,-1
3711,-1,11.603909492492676,23.55476951599121,307.60986328125,207.0586700439453,0.7910164594650269,-1,-1,-1
3711,-1,80.89823913574219,102.12397766113281,174.99488830566406,202.24647521972656,0.770296037197113,-1,-1,-1
3712,-1,84.30902099609375,104.25761413574219,179.22499084472656,203.50430297851562,0.6513413786888123,-1,-1,-1
3714,-1,-14.617837905883789,31.310495376586914,289.31103515625,198.62460327148438,0.8061243295669556,-1,-1,-1
3714,-1,91.72209930419922,103.95946502685547,193.7423095703125,202.98878479003906,0.5449157357215881,-1,-1,-1
3715,-1,12.374783515930176,30.59652328491211,302.0733642578125,198.1934814453125,0.731981635093689,-1,-1,-1
3716,-1,-16.32668113708496,32.454620361328125,291.218017578125,200.1332244873047,0.7000631093978882,-1,-1,-1
3716,-1,102.55011749267578,106.89933776855469,205.15737915039062,200.19676208496094,0.5696921944618225,-1,-1,-1
3717,-1,92.31863403320312,104.67233276367188,225.16671752929688,202.61708068847656,0.7409142851829529,-1,-1,-1
3717,-1,-14.360950469970703,35.013916015625,290.8190002441406,199.9842529296875,0.6122812032699585,-1,-1,-1
3718,-1,108.13963317871094,106.94133758544922,214.3472442626953,199.4195556640625,0.7151027917861938,-1,-1,-1
3719,-1,111.92496490478516,106.46639251708984,215.7333526611328,200.213623046875,0.8234289288520813,-1,-1,-1
3720,-1,115.03988647460938,104.9742202758789,220.42758178710938,202.4076385498047,0.8670459985733032,-1,-1,-1
3721,-1,120.7240219116211,103.60515594482422,219.23326110839844,204.3009796142578,0.8906123042106628,-1,-1,-1
3722,-1,125.90972137451172,108.50764465332031,234.90426635742188,200.50575256347656,0.8283484578132629,-1,-1,-1
3725,-1,133.98214721679688,119.488525390625,252.47694396972656,201.41522216796875,0.5748092532157898,-1,-1,-1
3727,-1,147.09486389160156,123.55286407470703,268.6247863769531,202.2410888671875,0.5996792912483215,-1,-1,-1
3728,-1,153.72877502441406,125.5037612915039,274.73681640625,202.65493774414062,0.5256066918373108,-1,-1,-1
3729,-1,159.1569366455078,129.38836669921875,276.0062561035156,202.54745483398438,0.7232515811920166,-1,-1,-1
3730,-1,171.7381591796875,130.6327362060547,289.1658630371094,203.8992919921875,0.743669867515564,-1,-1,-1
3731,-1,178.94473266601562,133.04080200195312,301.02618408203125,203.473388671875,0.6847100853919983,-1,-1,-1
3732,-1,191.0856475830078,136.85214233398438,312.0794372558594,203.069091796875,0.6710312962532043,-1,-1,-1
3733,-1,196.14991760253906,140.72186279296875,314.8853759765625,203.43643188476562,0.6450310349464417,-1,-1,-1
3828,-1,13.730984687805176,33.50428771972656,301.8199462890625,203.06118774414062,0.5231686234474182,-1,-1,-1
3922,-1,83.02934265136719,41.368247985839844,143.4041748046875,162.2044219970703,0.5103582739830017,-1,-1,-1
3923,-1,77.5532455444336,40.28741455078125,139.8324737548828,160.7928009033203,0.656029462814331,-1,-1,-1
3924,-1,77.73711395263672,39.10528564453125,137.8577117919922,162.13299560546875,0.7728917002677917,-1,-1,-1
3925,-1,77.81620788574219,38.62972640991211,136.37937927246094,162.23492431640625,0.8863298892974854,-1,-1,-1
3926,-1,77.68406677246094,39.00225067138672,136.5150604248047,163.7463836669922,0.7849582433700562,-1,-1,-1
3927,-1,68.1180419921875,28.605592727661133,148.53013610839844,194.5562286376953,0.6418941020965576,-1,-1,-1
3928,-1,68.94583129882812,30.882356643676758,149.3144073486328,194.69674682617188,0.7178794741630554,-1,-1,-1
3929,-1,69.37483215332031,32.88478088378906,148.79725646972656,192.55267333984375,0.8065817356109619,-1,-1,-1
3930,-1,69.00921630859375,34.315711975097656,148.1524658203125,190.8849639892578,0.9256996512413025,-1,-1,-1
3931,-1,70.03985595703125,36.0423698425293,146.041748046875,191.9243927001953,0.9397647380828857,-1,-1,-1
3932,-1,70.83709716796875,37.039424896240234,146.10769653320312,191.82704162597656,0.9389986395835876,-1,-1,-1
3933,-1,72.4674072265625,39.503684997558594,143.95704650878906,187.842041015625,0.9925876259803772,-1,-1,-1
3934,-1,73.21391296386719,39.28690719604492,143.45408630371094,189.5983123779297,0.9965622425079346,-1,-1,-1
3935,-1,75.6697769165039,39.28068161010742,147.35208129882812,190.2429656982422,0.9929059147834778,-1,-1,-1
3936,-1,76.87744140625,40.11641311645508,148.99017333984375,190.1610107421875,0.9879564642906189,-1,-1,-1
3937,-1,77.75105285644531,38.980472564697266,149.03750610351562,191.7168426513672,0.9850361943244934,-1,-1,-1
3938,-1,78.90675354003906,38.557891845703125,149.66737365722656,192.9305419921875,0.9773984551429749,-1,-1,-1
3939,-1,78.02290344238281,36.454185485839844,148.82521057128906,194.68722534179688,0.9698629975318909,-1,-1,-1
3940,-1,75.771240234375,36.58845520019531,148.38412475585938,194.48858642578125,0.9848484992980957,-1,-1,-1
3941,-1,74.79780578613281,36.219661712646484,147.98033142089844,194.84524536132812,0.9914618730545044,-1,-1,-1
3942,-1,74.78284454345703,37.84226989746094,149.50424194335938,199.99908447265625,0.9924713969230652,-1,-1,-1
3943,-1,72.48809051513672,39.460479736328125,150.75083923339844,200.6613311767578,0.994872510433197,-1,-1,-1
3944,-1,71.64952087402344,44.04690933227539,153.3091583251953,197.01092529296875,0.9821546077728271,-1,-1,-1
3945,-1,65.6822509765625,51.746253967285156,150.63661193847656,197.877197265625,0.9785429239273071,-1,-1,-1
3946,-1,63.31626510620117,54.10696029663086,150.77764892578125,201.35098266601562,0.9778853058815002,-1,-1,-1
3947,-1,60.23304748535156,56.011314392089844,150.79293823242188,200.29541015625,0.985535204410553,-1,-1,-1
3948,-1,55.797611236572266,57.941410064697266,149.84918212890625,201.26197814941406,0.9563878774642944,-1,-1,-1
3949,-1,48.14645767211914,68.82171630859375,137.67176818847656,199.2248077392578,0.9341925978660583,-1,-1,-1
3950,-1,43.85923385620117,70.9880142211914,135.0443115234375,199.0469207763672,0.9205614328384399,-1,-1,-1
3951,-1,41.387359619140625,75.2136001586914,134.20315551757812,199.0648193359375,0.904503583908081,-1,-1,-1
3952,-1,45.38755416870117,86.99312591552734,128.5931854248047,201.6001739501953,0.6674151420593262,-1,-1,-1
3953,-1,39.0030517578125,85.06029510498047,128.6714630126953,205.89678955078125,0.8364700078964233,-1,-1,-1
3954,-1,42.857669830322266,88.86984252929688,124.18641662597656,203.95748901367188,0.9088280200958252,-1,-1,-1
3955,-1,43.03641891479492,89.70219421386719,123.92943572998047,202.8639373779297,0.9065896272659302,-1,-1,-1
3956,-1,41.34565353393555,90.80675506591797,125.10975646972656,201.37921142578125,0.8898112177848816,-1,-1,-1
3957,-1,38.730804443359375,91.29957580566406,125.04359436035156,200.72369384765625,0.8326379060745239,-1,-1,-1
3958,-1,38.38640594482422,90.51199340820312,124.93109130859375,199.4255828857422,0.9062407612800598,-1,-1,-1
3959,-1,32.25328063964844,85.47630310058594,130.1974639892578,202.59071350097656,0.9002159237861633,-1,-1,-1
3960,-1,27.39611053466797,88.08602905273438,133.2822265625,201.06610107421875,0.8878084421157837,-1,-1,-1
3961,-1,24.897043228149414,93.33440399169922,135.67889404296875,202.454833984375,0.8417320251464844,-1,-1,-1
3962,-1,37.991729736328125,100.97012329101562,130.68360900878906,201.89585876464844,0.8197746872901917,-1,-1,-1
3963,-1,42.187191009521484,103.35836791992188,131.73675537109375,202.8548583984375,0.6908495426177979,-1,-1,-1
3965,-1,40.68821334838867,115.16108703613281,140.63330078125,206.21177673339844,0.7448013424873352,-1,-1,-1
3966,-1,48.345218658447266,120.897705078125,155.13497924804688,204.0045166015625,0.6273429989814758,-1,-1,-1
3967,-1,49.3748664855957,121.70027923583984,158.2976837158203,203.40084838867188,0.8835551142692566,-1,-1,-1
3968,-1,55.07622146606445,124.1573257446289,158.39495849609375,204.25125122070312,0.9404438138008118,-1,-1,-1
3969,-1,62.253440856933594,129.21290588378906,160.27853393554688,202.67247009277344,0.8801731467247009,-1,-1,-1
3970,-1,67.00653839111328,129.39114379882812,162.16046142578125,202.5088653564453,0.8327545523643494,-1,-1,-1
3971,-1,71.40703582763672,126.65277862548828,167.0085906982422,203.07546997070312,0.856586217880249,-1,-1,-1
3972,-1,78.91060638427734,118.47614288330078,176.3832244873047,203.92526245117188,0.9780649542808533,-1,-1,-1
3973,-1,81.12194061279297,121.13064575195312,184.16883850097656,204.2244873046875,0.867094874382019,-1,-1,-1
3974,-1,84.41064453125,120.08223724365234,193.1798095703125,200.1661834716797,0.9565107822418213,-1,-1,-1
3976,-1,101.92455291748047,124.5470962524414,215.68582153320312,201.25584411621094,0.7636603116989136,-1,-1,-1
3976,-1,5.787928581237793,2.938079833984375,308.1393127441406,199.99168395996094,0.6259594559669495,-1,-1,-1
