1,-1,131.00086975097656,128.57720947265625,173.00448608398438,215.3119659423828,0.7839436531066895,-1,-1,-1
2,-1,134.50201416015625,127.32842254638672,173.6519775390625,204.884765625,0.7479581236839294,-1,-1,-1
3,-1,133.94561767578125,128.41473388671875,173.23927307128906,204.1152801513672,0.6625240445137024,-1,-1,-1
10,-1,134.52052307128906,125.98169708251953,171.78326416015625,217.90829467773438,0.5894808769226074,-1,-1,-1
11,-1,134.7280731201172,125.62382507324219,171.80799865722656,218.2218017578125,0.5804963111877441,-1,-1,-1
12,-1,134.2665557861328,126.71633911132812,171.08566284179688,217.51809692382812,0.6748934388160706,-1,-1,-1
13,-1,135.30953979492188,127.89089965820312,169.9667510986328,217.87371826171875,0.7636775374412537,-1,-1,-1
14,-1,136.5353546142578,130.42625427246094,170.2387237548828,217.80223083496094,0.6875953674316406,-1,-1,-1
16,-1,136.67079162597656,132.73223876953125,170.416748046875,218.65115356445312,0.5182534456253052,-1,-1,-1
17,-1,136.73052978515625,132.75115966796875,170.48585510253906,218.56695556640625,0.5389240980148315,-1,-1,-1
49,-1,137.1507110595703,134.83457946777344,169.88333129882812,216.63548278808594,0.6162049770355225,-1,-1,-1
84,-1,121.100830078125,135.13031005859375,170.99209594726562,216.66122436523438,0.6066867113113403,-1,-1,-1
86,-1,122.06501770019531,134.6050567626953,170.1375732421875,217.3504180908203,0.586104691028595,-1,-1,-1
87,-1,122.66877746582031,134.767333984375,169.75619506835938,217.59902954101562,0.5142277479171753,-1,-1,-1
88,-1,122.33668518066406,133.69146728515625,170.06044006347656,217.372314453125,0.606493353843689,-1,-1,-1
89,-1,122.3696517944336,133.7727813720703,170.01959228515625,217.3406219482422,0.5678634643554688,-1,-1,-1
90,-1,121.85830688476562,134.19265747070312,170.61927795410156,216.8546905517578,0.6410843729972839,-1,-1,-1
91,-1,122.08428192138672,134.2961883544922,170.39920043945312,217.0689239501953,0.6238864660263062,-1,-1,-1
92,-1,122.2049560546875,134.40101623535156,170.3945770263672,217.06515502929688,0.6613303422927856,-1,-1,-1
93,-1,122.10572814941406,134.29873657226562,170.47335815429688,217.30795288085938,0.8525757789611816,-1,-1,-1
94,-1,122.35729217529297,134.986572265625,170.196533203125,217.18032836914062,0.8202032446861267,-1,-1,-1
95,-1,122.39828491210938,134.95399475097656,170.1522979736328,217.25137329101562,0.8238958120346069,-1,-1,-1
96,-1,122.25337219238281,135.78436279296875,170.06527709960938,216.72813415527344,0.6626786589622498,-1,-1,-1
97,-1,121.85565948486328,135.35350036621094,170.4617156982422,216.86209106445312,0.652392566204071,-1,-1,-1
98,-1,121.7965087890625,134.52911376953125,170.50234985351562,217.2736358642578,0.651383101940155,-1,-1,-1
99,-1,122.13365173339844,132.60647583007812,170.59359741210938,218.17340087890625,0.8924710750579834,-1,-1,-1
100,-1,121.96760559082031,132.30877685546875,170.72210693359375,217.87034606933594,0.9208893179893494,-1,-1,-1
101,-1,122.008056640625,132.21371459960938,170.70108032226562,217.93017578125,0.9240487813949585,-1,-1,-1
102,-1,125.9909439086914,131.5753173828125,172.34494018554688,218.57614135742188,0.9343733191490173,-1,-1,-1
103,-1,125.78047180175781,130.6036834716797,172.7808380126953,218.41787719726562,0.9332998991012573,-1,-1,-1
104,-1,122.27716064453125,129.31871032714844,170.2159881591797,217.93484497070312,0.9100594520568848,-1,-1,-1
105,-1,122.09980010986328,127.92300415039062,170.30770874023438,218.19126892089844,0.8482998609542847,-1,-1,-1
106,-1,125.28779602050781,127.72676086425781,173.42013549804688,218.4890594482422,0.921195924282074,-1,-1,-1
107,-1,125.27543640136719,127.71117401123047,173.44271850585938,218.50564575195312,0.9226018786430359,-1,-1,-1
108,-1,125.13756561279297,126.45413970947266,173.79739379882812,218.69244384765625,0.9086269736289978,-1,-1,-1
109,-1,125.23622131347656,125.41413116455078,173.912841796875,218.79002380371094,0.892619252204895,-1,-1,-1
110,-1,125.59624481201172,125.25718688964844,173.77957153320312,218.831787109375,0.8520481586456299,-1,-1,-1
111,-1,126.345458984375,124.38501739501953,173.4524383544922,219.36398315429688,0.8466432690620422,-1,-1,-1
112,-1,126.65889739990234,124.62950897216797,173.08978271484375,219.4461212158203,0.8618263602256775,-1,-1,-1
113,-1,126.6465835571289,124.61894989013672,173.11521911621094,219.42945861816406,0.8603646755218506,-1,-1,-1
114,-1,126.79075622558594,124.3895263671875,173.1126708984375,219.62747192382812,0.8123690485954285,-1,-1,-1
115,-1,126.84382629394531,124.09394073486328,172.97463989257812,220.01150512695312,0.7871835827827454,-1,-1,-1
116,-1,126.99351501464844,124.42845153808594,172.8805389404297,219.921142578125,0.6637489199638367,-1,-1,-1
117,-1,127.00697326660156,124.30016326904297,173.02203369140625,220.53941345214844,0.5666962265968323,-1,-1,-1
118,-1,126.86036682128906,123.95592498779297,173.11221313476562,220.9622344970703,0.5149274468421936,-1,-1,-1
119,-1,126.85891723632812,123.83040618896484,173.12832641601562,221.00320434570312,0.5273500084877014,-1,-1,-1
122,-1,126.26351165771484,124.56367492675781,173.50460815429688,220.27671813964844,0.5972516536712646,-1,-1,-1
123,-1,126.26760864257812,124.91566467285156,173.3268585205078,220.17404174804688,0.5841773748397827,-1,-1,-1
124,-1,125.75160217285156,125.61079406738281,173.45176696777344,220.23533630371094,0.6341863870620728,-1,-1,-1
125,-1,125.74713897705078,125.6324234008789,173.453857421875,220.19944763183594,0.6429921984672546,-1,-1,-1
126,-1,118.51942443847656,124.96184539794922,173.3544158935547,219.42630004882812,0.798587441444397,-1,-1,-1
127,-1,125.61921691894531,125.01657104492188,173.597900390625,219.30645751953125,0.7633291482925415,-1,-1,-1
128,-1,126.03592681884766,125.49559783935547,173.40577697753906,220.15762329101562,0.6989886164665222,-1,-1,-1
129,-1,125.52510070800781,125.783203125,174.82620239257812,220.91879272460938,0.6143328547477722,-1,-1,-1
139,-1,116.39918518066406,127.05117797851562,167.23574829101562,219.61685180664062,0.6424166560173035,-1,-1,-1
145,-1,117.53144836425781,122.98400115966797,163.84951782226562,221.31356811523438,0.5709592700004578,-1,-1,-1
146,-1,118.04061126708984,121.46784973144531,162.67001342773438,222.16238403320312,0.6178134083747864,-1,-1,-1
147,-1,117.84378051757812,121.6136474609375,162.01947021484375,222.17066955566406,0.7290603518486023,-1,-1,-1
148,-1,117.31861877441406,121.83028411865234,162.73208618164062,222.4409637451172,0.7496210932731628,-1,-1,-1
149,-1,117.27832794189453,121.76570892333984,162.73834228515625,222.4752655029297,0.7592781186103821,-1,-1,-1
150,-1,116.73951721191406,121.17452239990234,162.39137268066406,222.70828247070312,0.8483249545097351,-1,-1,-1
151,-1,117.07676696777344,121.5711441040039,161.326416015625,221.6552734375,0.8814321756362915,-1,-1,-1
152,-1,116.93182373046875,121.64013671875,161.8022918701172,221.80154418945312,0.7814767956733704,-1,-1,-1
153,-1,117.0951156616211,120.63748168945312,161.74400329589844,222.705322265625,0.8289890885353088,-1,-1,-1
154,-1,117.66102600097656,120.51678466796875,161.21595764160156,222.92724609375,0.7872692942619324,-1,-1,-1
155,-1,117.6629638671875,120.53253936767578,161.22544860839844,222.9132537841797,0.7802006006240845,-1,-1,-1
156,-1,117.59947204589844,120.3947525024414,161.34371948242188,222.90814208984375,0.6996201872825623,-1,-1,-1
157,-1,117.51748657226562,120.41177368164062,162.3306427001953,223.22142028808594,0.8456999063491821,-1,-1,-1
158,-1,117.50591278076172,121.05770874023438,162.50253295898438,222.74977111816406,0.8742707371711731,-1,-1,-1
159,-1,117.24555206298828,121.72694396972656,162.36695861816406,222.13568115234375,0.886563241481781,-1,-1,-1
160,-1,117.17232513427734,121.15974426269531,162.23365783691406,222.30911254882812,0.8826146125793457,-1,-1,-1
161,-1,117.18302917480469,121.13855743408203,162.24502563476562,222.33804321289062,0.8788241147994995,-1,-1,-1
162,-1,117.32168579101562,121.21380615234375,161.4622802734375,222.30520629882812,0.851699709892273,-1,-1,-1
163,-1,117.27066040039062,121.5031967163086,160.97108459472656,222.0099334716797,0.8318259119987488,-1,-1,-1
164,-1,117.33030700683594,121.41767883300781,160.5531005859375,222.16058349609375,0.8153387308120728,-1,-1,-1
165,-1,117.3006591796875,121.2855453491211,160.58712768554688,222.16383361816406,0.8428045511245728,-1,-1,-1
166,-1,117.55530548095703,121.53759765625,160.7357635498047,221.88868713378906,0.8707430958747864,-1,-1,-1
167,-1,117.53823852539062,121.52855682373047,160.81439208984375,221.85650634765625,0.8736450672149658,-1,-1,-1
168,-1,117.44161987304688,121.69560241699219,160.63720703125,221.8225555419922,0.8362377882003784,-1,-1,-1
169,-1,117.49452209472656,122.2044906616211,160.8790283203125,221.4794464111328,0.8436629176139832,-1,-1,-1
170,-1,117.32636260986328,122.478759765625,160.807373046875,221.1638641357422,0.8325706720352173,-1,-1,-1
171,-1,117.49427032470703,122.93611145019531,160.48199462890625,221.07984924316406,0.862421989440918,-1,-1,-1
172,-1,117.72801208496094,122.37857055664062,160.58921813964844,221.3148956298828,0.8980296850204468,-1,-1,-1
173,-1,117.74821472167969,122.3992691040039,160.59922790527344,221.3024139404297,0.8958333730697632,-1,-1,-1
174,-1,117.90852355957031,122.4475326538086,160.3441162109375,221.0272979736328,0.9293014407157898,-1,-1,-1
175,-1,117.75064086914062,123.29887390136719,160.7743682861328,220.27500915527344,0.9213598370552063,-1,-1,-1
176,-1,118.01591491699219,123.35887145996094,160.27833557128906,220.43771362304688,0.9125056862831116,-1,-1,-1
177,-1,117.69629669189453,123.65093994140625,160.61997985839844,220.17098999023438,0.8790183663368225,-1,-1,-1
178,-1,117.52131652832031,123.78356170654297,160.98092651367188,220.52212524414062,0.8713305592536926,-1,-1,-1
179,-1,117.56415557861328,123.76943969726562,160.90293884277344,220.52230834960938,0.8726630210876465,-1,-1,-1
180,-1,117.60649108886719,123.2791748046875,159.72486877441406,221.1109619140625,0.8549542427062988,-1,-1,-1
181,-1,117.75801849365234,123.36467742919922,160.1020965576172,221.04942321777344,0.9349547028541565,-1,-1,-1
182,-1,118.04859161376953,123.13990020751953,159.11248779296875,221.3587188720703,0.9288830161094666,-1,-1,-1
183,-1,117.43190002441406,123.29351043701172,158.90524291992188,220.9779510498047,0.9402959942817688,-1,-1,-1
184,-1,117.6821060180664,123.23324584960938,157.79867553710938,221.08302307128906,0.9402443170547485,-1,-1,-1
185,-1,117.6761245727539,123.2502670288086,157.7858428955078,221.0452117919922,0.9407016634941101,-1,-1,-1
186,-1,109.79912567138672,125.04801940917969,156.5982208251953,221.39292907714844,0.9006920456886292,-1,-1,-1
187,-1,109.78799438476562,125.28926086425781,155.56439208984375,221.8994598388672,0.8566821217536926,-1,-1,-1
188,-1,111.13388061523438,125.63226318359375,154.5259246826172,221.26321411132812,0.9184579253196716,-1,-1,-1
189,-1,112.548828125,125.70034790039062,152.95751953125,221.64283752441406,0.9464353322982788,-1,-1,-1
190,-1,113.24992370605469,123.9002456665039,151.53524780273438,221.81448364257812,0.9223969578742981,-1,-1,-1
191,-1,113.21359252929688,123.85218048095703,151.540771484375,221.85728454589844,0.9196651577949524,-1,-1,-1
192,-1,113.51576232910156,124.17351531982422,150.33937072753906,221.39468383789062,0.8088459372520447,-1,-1,-1
193,-1,113.6015396118164,122.8407211303711,149.80665588378906,222.16473388671875,0.5850710272789001,-1,-1,-1
199,-1,111.19505310058594,121.19087219238281,149.8007354736328,222.41378784179688,0.5244076251983643,-1,-1,-1
200,-1,109.92865753173828,115.09063720703125,148.37896728515625,216.65313720703125,0.6898017525672913,-1,-1,-1
201,-1,109.28755950927734,115.31425476074219,148.2030792236328,217.1044464111328,0.6862508058547974,-1,-1,-1
202,-1,108.10172271728516,115.67964935302734,148.19485473632812,216.5328369140625,0.6954739093780518,-1,-1,-1
203,-1,108.10904693603516,115.66907501220703,148.19082641601562,216.51724243164062,0.6940381526947021,-1,-1,-1
247,-1,92.9288558959961,98.9190444946289,133.16629028320312,130.8930206298828,0.509437084197998,-1,-1,-1
248,-1,93.02189636230469,99.09893035888672,133.3914031982422,131.51861572265625,0.6383066773414612,-1,-1,-1
249,-1,92.42137145996094,99.08158874511719,134.0103302001953,131.14016723632812,0.5722047686576843,-1,-1,-1
306,-1,117.74458312988281,122.2497787475586,164.2393341064453,221.03082275390625,0.6915839910507202,-1,-1,-1
307,-1,117.08219909667969,122.9446792602539,165.14422607421875,220.5842742919922,0.5444766879081726,-1,-1,-1
328,-1,120.2761001586914,124.7867660522461,165.0263671875,220.45855712890625,0.6560866832733154,-1,-1,-1
329,-1,120.5622787475586,124.9858627319336,165.00306701660156,220.27151489257812,0.627155601978302,-1,-1,-1
330,-1,121.44261169433594,125.76005554199219,163.6508026123047,219.73043823242188,0.5397877097129822,-1,-1,-1
364,-1,116.41893005371094,124.53097534179688,168.47979736328125,219.47193908691406,0.5078659653663635,-1,-1,-1
366,-1,116.66248321533203,124.90614318847656,167.43592834472656,219.67608642578125,0.5061613917350769,-1,-1,-1
374,-1,118.19207763671875,124.3678207397461,166.25735473632812,220.41912841796875,0.5020947456359863,-1,-1,-1
576,-1,120.11677551269531,128.42135620117188,167.8601837158203,218.7144317626953,0.5180110931396484,-1,-1,-1
620,-1,120.42060089111328,127.45667266845703,167.7003631591797,218.3373565673828,0.5458120703697205,-1,-1,-1
624,-1,120.921630859375,125.75932312011719,168.63742065429688,219.36573791503906,0.5535003542900085,-1,-1,-1
660,-1,122.39830780029297,126.66950225830078,168.55299377441406,218.1634979248047,0.5335370898246765,-1,-1,-1
662,-1,122.01943969726562,126.39603424072266,168.68450927734375,218.32167053222656,0.6050662994384766,-1,-1,-1
663,-1,121.75862121582031,126.31446075439453,168.73277282714844,218.4839324951172,0.5652080774307251,-1,-1,-1
664,-1,121.48722839355469,126.05023193359375,168.66859436035156,219.0009002685547,0.5995869040489197,-1,-1,-1
665,-1,121.46047973632812,126.0270767211914,168.7110595703125,218.99615478515625,0.5971534848213196,-1,-1,-1
666,-1,120.70526885986328,125.8875732421875,168.35772705078125,219.04844665527344,0.6036534309387207,-1,-1,-1
667,-1,121.26089477539062,125.82594299316406,168.4252166748047,219.20606994628906,0.591549813747406,-1,-1,-1
685,-1,122.41252899169922,126.94922637939453,167.50375366210938,217.93748474121094,0.5799195766448975,-1,-1,-1
686,-1,122.75481414794922,126.6193618774414,167.8422393798828,218.23631286621094,0.701977014541626,-1,-1,-1
687,-1,123.06375122070312,126.38636016845703,167.93109130859375,218.0687713623047,0.6772549748420715,-1,-1,-1
688,-1,122.90558624267578,125.78500366210938,168.32229614257812,218.08349609375,0.7366974353790283,-1,-1,-1
689,-1,122.905029296875,125.81005096435547,168.32603454589844,218.0631866455078,0.7300779819488525,-1,-1,-1
690,-1,123.53526306152344,125.94821166992188,167.93441772460938,218.44375610351562,0.6938411593437195,-1,-1,-1
691,-1,123.228515625,126.23263549804688,167.4468231201172,218.5498046875,0.6416627168655396,-1,-1,-1
692,-1,121.38922882080078,125.68612670898438,167.71353149414062,218.85586547851562,0.7645315527915955,-1,-1,-1
693,-1,120.29119873046875,126.24528503417969,167.03170776367188,218.58236694335938,0.8041470646858215,-1,-1,-1
694,-1,120.2816390991211,126.39649200439453,166.90252685546875,218.35214233398438,0.8306397795677185,-1,-1,-1
695,-1,120.3035888671875,126.3662338256836,166.9185791015625,218.36245727539062,0.8255868554115295,-1,-1,-1
696,-1,120.41777038574219,126.39005279541016,166.84246826171875,218.27365112304688,0.8211131691932678,-1,-1,-1
697,-1,120.44256591796875,126.39847564697266,166.8482666015625,218.17478942871094,0.8104937076568604,-1,-1,-1
698,-1,120.80802154541016,126.1252670288086,167.1499481201172,218.32366943359375,0.7575228810310364,-1,-1,-1
699,-1,121.39018249511719,126.16197204589844,167.23568725585938,218.915771484375,0.7563740611076355,-1,-1,-1
700,-1,122.34202575683594,126.51888275146484,167.09942626953125,218.61215209960938,0.7167565226554871,-1,-1,-1
701,-1,122.33465576171875,126.4978256225586,167.0901336669922,218.6170196533203,0.7155876755714417,-1,-1,-1
702,-1,123.19406127929688,126.39544677734375,166.58509826660156,218.3953399658203,0.6952049732208252,-1,-1,-1
703,-1,122.23936462402344,126.33636474609375,166.84811401367188,218.0803680419922,0.6831132173538208,-1,-1,-1
704,-1,121.96363830566406,126.87492370605469,167.43568420410156,218.3561553955078,0.7445068955421448,-1,-1,-1
705,-1,121.95003509521484,127.1800537109375,168.05120849609375,218.5331573486328,0.7145488858222961,-1,-1,-1
706,-1,120.88807678222656,126.78353118896484,169.07705688476562,220.09133911132812,0.7144179344177246,-1,-1,-1
707,-1,120.84618377685547,126.83159637451172,169.07611083984375,220.1005401611328,0.7063267827033997,-1,-1,-1
708,-1,120.46456909179688,125.98700714111328,168.5316162109375,220.48619079589844,0.5544146299362183,-1,-1,-1
709,-1,120.98175048828125,126.69449615478516,168.36895751953125,220.22421264648438,0.5926956534385681,-1,-1,-1
921,-1,120.65922546386719,126.3692398071289,168.0415496826172,218.74681091308594,0.5231754183769226,-1,-1,-1
924,-1,121.25286102294922,125.90956115722656,166.74700927734375,218.89749145507812,0.5130228996276855,-1,-1,-1
925,-1,120.83753967285156,125.58411407470703,166.7485809326172,219.01934814453125,0.5397319793701172,-1,-1,-1
926,-1,119.44466400146484,125.6800308227539,167.93350219726562,219.29270935058594,0.645222008228302,-1,-1,-1
928,-1,121.36963653564453,127.80542755126953,168.12254333496094,217.8490447998047,0.6269938349723816,-1,-1,-1
929,-1,121.34227752685547,127.7686767578125,168.16537475585938,217.83309936523438,0.6371849179267883,-1,-1,-1
930,-1,120.31302642822266,127.86647033691406,168.71263122558594,217.91561889648438,0.6217678189277649,-1,-1,-1
931,-1,120.19901275634766,128.0315704345703,169.06370544433594,217.695556640625,0.5815049409866333,-1,-1,-1
936,-1,121.6937255859375,129.0859832763672,168.47303771972656,216.75381469726562,0.6635544896125793,-1,-1,-1
937,-1,121.27999877929688,127.88140106201172,168.1582489013672,218.05319213867188,0.8354089856147766,-1,-1,-1
938,-1,121.97056579589844,127.06919860839844,166.65650939941406,218.52549743652344,0.7380049824714661,-1,-1,-1
939,-1,121.90242004394531,126.08255004882812,167.1214141845703,219.07989501953125,0.6934788227081299,-1,-1,-1
940,-1,120.17058563232422,126.02152252197266,166.12103271484375,219.17431640625,0.5364168286323547,-1,-1,-1
941,-1,120.18500518798828,126.00785827636719,166.06304931640625,219.2034454345703,0.5478986501693726,-1,-1,-1
960,-1,121.05982971191406,125.14080047607422,170.04681396484375,220.0403289794922,0.5379161238670349,-1,-1,-1
961,-1,121.16287994384766,125.77371215820312,169.68748474121094,219.7119903564453,0.589262068271637,-1,-1,-1
962,-1,120.6839370727539,126.05435180664062,170.12188720703125,219.5318145751953,0.5569479465484619,-1,-1,-1
966,-1,120.75135040283203,123.84194946289062,170.30091857910156,220.6922607421875,0.61361163854599,-1,-1,-1
967,-1,120.13890075683594,122.50106048583984,171.10525512695312,221.9098358154297,0.7007807493209839,-1,-1,-1
968,-1,119.843505859375,123.10842895507812,171.2399139404297,220.90847778320312,0.7446004748344421,-1,-1,-1
970,-1,117.36675262451172,123.73322296142578,170.14122009277344,221.59042358398438,0.8014562726020813,-1,-1,-1
971,-1,117.34038543701172,123.7336196899414,170.1101531982422,221.58944702148438,0.8025018572807312,-1,-1,-1
972,-1,118.47097778320312,124.25128173828125,170.0059814453125,220.89833068847656,0.6412003636360168,-1,-1,-1
982,-1,121.80679321289062,123.68109130859375,168.158935546875,220.73019409179688,0.6615815758705139,-1,-1,-1
983,-1,121.80553436279297,123.69535827636719,168.1572723388672,220.70777893066406,0.6680065393447876,-1,-1,-1
984,-1,121.65414428710938,123.58976745605469,167.59814453125,220.69317626953125,0.7234494090080261,-1,-1,-1
985,-1,119.35342407226562,123.79161071777344,168.62303161621094,221.2890625,0.7420459389686584,-1,-1,-1
986,-1,116.39568328857422,123.69429779052734,169.025390625,221.1268768310547,0.8097724914550781,-1,-1,-1
987,-1,115.37748718261719,123.9998550415039,169.32403564453125,220.84829711914062,0.8929347395896912,-1,-1,-1
988,-1,116.04461669921875,123.74493408203125,169.63824462890625,220.96145629882812,0.8659315705299377,-1,-1,-1
989,-1,115.9886245727539,123.76786804199219,169.65750122070312,220.91526794433594,0.8668419122695923,-1,-1,-1
990,-1,115.75653076171875,124.3820571899414,169.62294006347656,220.47166442871094,0.8908002376556396,-1,-1,-1
991,-1,115.66162872314453,124.7643051147461,169.582763671875,220.2139129638672,0.9028486609458923,-1,-1,-1
992,-1,116.13140106201172,124.42032623291016,169.67825317382812,220.5982208251953,0.9006461501121521,-1,-1,-1
993,-1,116.12808227539062,124.71682739257812,169.73233032226562,220.3984832763672,0.8971821665763855,-1,-1,-1
994,-1,115.86323547363281,124.03754425048828,169.92933654785156,220.62051391601562,0.8915532231330872,-1,-1,-1
995,-1,115.85859680175781,124.0678482055664,169.94102478027344,220.60543823242188,0.8929203748703003,-1,-1,-1
996,-1,116.06013488769531,123.89527130126953,169.8063507080078,220.67640686035156,0.8900624513626099,-1,-1,-1
997,-1,116.10438537597656,123.72856903076172,169.81167602539062,220.64695739746094,0.9087722897529602,-1,-1,-1
998,-1,115.89712524414062,123.39067077636719,169.2592010498047,220.911376953125,0.9098094701766968,-1,-1,-1
999,-1,115.5550537109375,123.22154235839844,169.5436248779297,220.6493377685547,0.9134023189544678,-1,-1,-1
1000,-1,115.53327941894531,123.27062225341797,169.2447509765625,220.9413299560547,0.9147975444793701,-1,-1,-1
1001,-1,115.57206726074219,123.47517395019531,169.07823181152344,220.7548370361328,0.9215729236602783,-1,-1,-1
1002,-1,115.42781829833984,123.6203842163086,169.0269775390625,220.85598754882812,0.9123367667198181,-1,-1,-1
1003,-1,116.59709930419922,123.47669982910156,168.7320098876953,220.8581085205078,0.8625890612602234,-1,-1,-1
1004,-1,117.80376434326172,124.30180358886719,168.61680603027344,219.95962524414062,0.8244741559028625,-1,-1,-1
1005,-1,118.73103332519531,124.38627624511719,168.37815856933594,219.93614196777344,0.796448290348053,-1,-1,-1
1006,-1,117.9981918334961,124.63124084472656,168.20616149902344,219.92446899414062,0.7586853504180908,-1,-1,-1
1007,-1,117.98584747314453,124.62059783935547,168.2135772705078,219.92808532714844,0.7545787692070007,-1,-1,-1
1008,-1,118.31230926513672,124.56980895996094,168.23915100097656,219.90982055664062,0.7459354996681213,-1,-1,-1
1009,-1,117.94993591308594,124.6747817993164,168.2927703857422,219.9969482421875,0.7918112874031067,-1,-1,-1
1010,-1,118.07079315185547,124.37413024902344,168.5625,220.40225219726562,0.8049991726875305,-1,-1,-1
1011,-1,117.68370056152344,124.47480010986328,168.39439392089844,220.36541748046875,0.822357714176178,-1,-1,-1
1012,-1,116.96714782714844,124.29605102539062,168.31849670410156,220.2997589111328,0.8756474852561951,-1,-1,-1
1013,-1,116.84798431396484,124.22362518310547,168.36611938476562,220.33953857421875,0.8749693036079407,-1,-1,-1
1014,-1,115.83026885986328,123.68744659423828,168.50218200683594,220.5010223388672,0.895804762840271,-1,-1,-1
1015,-1,115.58856964111328,123.82105255126953,168.47494506835938,220.53811645507812,0.9117713570594788,-1,-1,-1
1016,-1,115.21168518066406,123.6750717163086,168.66802978515625,220.6329803466797,0.9131584763526917,-1,-1,-1
1017,-1,115.45040130615234,123.57124328613281,168.4927520751953,220.6987762451172,0.9011802673339844,-1,-1,-1
1018,-1,115.5613784790039,123.5868911743164,168.3188018798828,220.66110229492188,0.9017513990402222,-1,-1,-1
1019,-1,115.53837585449219,123.57766723632812,168.33740234375,220.65911865234375,0.9022347331047058,-1,-1,-1
1020,-1,115.59243774414062,123.7876968383789,168.04441833496094,220.6103057861328,0.9028058052062988,-1,-1,-1
1021,-1,115.1808853149414,123.87319946289062,168.39511108398438,220.6387176513672,0.8911696672439575,-1,-1,-1
1022,-1,115.70344543457031,123.10492706298828,168.107421875,221.29232788085938,0.8487592339515686,-1,-1,-1
1023,-1,116.1581039428711,122.7961654663086,169.755126953125,221.0116729736328,0.8968355059623718,-1,-1,-1
1024,-1,117.1949691772461,123.27588653564453,169.57589721679688,220.6128692626953,0.8755238056182861,-1,-1,-1
1025,-1,117.19371032714844,123.2966537475586,169.54039001464844,220.59390258789062,0.8779568076133728,-1,-1,-1
1026,-1,117.73881530761719,123.79576110839844,168.72958374023438,220.49217224121094,0.7815071940422058,-1,-1,-1
1027,-1,116.87448120117188,123.33551025390625,168.1179962158203,220.9521026611328,0.6180404424667358,-1,-1,-1
1038,-1,119.79015350341797,128.09649658203125,169.80726623535156,219.46368408203125,0.5666993856430054,-1,-1,-1
1039,-1,119.96479034423828,127.45030212402344,170.10446166992188,220.0428466796875,0.6582345366477966,-1,-1,-1
1040,-1,119.54712677001953,126.78068542480469,170.56581115722656,220.23292541503906,0.6021298170089722,-1,-1,-1
1041,-1,119.14820861816406,126.87346649169922,170.38429260253906,220.5850372314453,0.6920587420463562,-1,-1,-1
1042,-1,118.69530487060547,125.87776947021484,169.73106384277344,220.95111083984375,0.7799882292747498,-1,-1,-1
1043,-1,118.66226196289062,125.80879211425781,169.7245635986328,220.9683837890625,0.7776877284049988,-1,-1,-1
1044,-1,117.77497100830078,124.66381072998047,169.85671997070312,220.8170623779297,0.7788811922073364,-1,-1,-1
1045,-1,119.66271209716797,124.61219787597656,169.32138061523438,220.72039794921875,0.7816135287284851,-1,-1,-1
1046,-1,120.75753021240234,125.05718994140625,169.29429626464844,219.78253173828125,0.8077937960624695,-1,-1,-1
1047,-1,118.81880187988281,123.78347778320312,169.3718719482422,221.12718200683594,0.6823649406433105,-1,-1,-1
1048,-1,119.03547668457031,122.9149398803711,168.4811248779297,221.298095703125,0.5271717309951782,-1,-1,-1
1049,-1,119.0283203125,122.94283294677734,168.47247314453125,221.29855346679688,0.5215035676956177,-1,-1,-1
