41,-1,203.31361389160156,106.7286605834961,247.5853271484375,137.62850952148438,0.5172467827796936,-1,-1,-1
50,-1,190.755126953125,103.11470794677734,238.6317596435547,139.99212646484375,0.6162578463554382,-1,-1,-1
51,-1,188.1769561767578,103.08993530273438,237.98916625976562,140.6888427734375,0.7350062727928162,-1,-1,-1
52,-1,188.01693725585938,102.8697509765625,237.24928283691406,141.50914001464844,0.5488385558128357,-1,-1,-1
54,-1,181.43495178222656,102.17681884765625,232.078125,142.48184204101562,0.5820782780647278,-1,-1,-1
55,-1,179.21920776367188,102.28709411621094,231.73851013183594,142.56741333007812,0.7238883972167969,-1,-1,-1
56,-1,179.29171752929688,102.06442260742188,230.89974975585938,142.92710876464844,0.7895988821983337,-1,-1,-1
57,-1,179.79034423828125,103.40497589111328,227.8724365234375,142.22805786132812,0.543816089630127,-1,-1,-1
58,-1,180.152587890625,103.61345672607422,227.56222534179688,143.03860473632812,0.7154359817504883,-1,-1,-1
59,-1,180.16995239257812,104.4604263305664,227.0356903076172,142.3096923828125,0.9238535761833191,-1,-1,-1
60,-1,180.68942260742188,104.74656677246094,224.3573760986328,141.98092651367188,0.8037924766540527,-1,-1,-1
61,-1,180.074462890625,104.44292449951172,223.94888305664062,143.22354125976562,0.8791347146034241,-1,-1,-1
62,-1,179.14785766601562,104.68921661376953,221.85665893554688,144.60902404785156,0.7361711263656616,-1,-1,-1
63,-1,179.26516723632812,105.19755554199219,220.828857421875,145.8608856201172,0.8123791813850403,-1,-1,-1
64,-1,178.44927978515625,104.71784210205078,220.90284729003906,145.3331756591797,0.6696130633354187,-1,-1,-1
65,-1,174.18695068359375,105.31047821044922,216.21875,144.84478759765625,0.6980117559432983,-1,-1,-1
66,-1,174.2015380859375,105.26712036132812,215.6609344482422,145.5706329345703,0.6131811738014221,-1,-1,-1
68,-1,171.5887451171875,106.04571533203125,215.11048889160156,146.82530212402344,0.6625081300735474,-1,-1,-1
69,-1,170.60699462890625,106.0748519897461,213.7669219970703,148.52947998046875,0.7645925879478455,-1,-1,-1
70,-1,170.19485473632812,106.35415649414062,212.21310424804688,147.23431396484375,0.5717892050743103,-1,-1,-1
90,-1,139.0518341064453,115.3055191040039,177.8787078857422,155.61666870117188,0.728410005569458,-1,-1,-1
91,-1,137.09524536132812,115.95783233642578,177.36448669433594,155.89698791503906,0.7176880836486816,-1,-1,-1
92,-1,136.15399169921875,116.13710021972656,176.224853515625,156.53981018066406,0.944564938545227,-1,-1,-1
93,-1,135.03884887695312,116.2365951538086,174.9439239501953,156.62692260742188,0.7329249978065491,-1,-1,-1
94,-1,134.11306762695312,116.54719543457031,173.56875610351562,157.4028778076172,0.5567447543144226,-1,-1,-1
95,-1,133.7429962158203,116.06488037109375,171.45767211914062,156.84890747070312,0.6979477405548096,-1,-1,-1
96,-1,131.55458068847656,116.01056671142578,170.35549926757812,157.6352081298828,0.5760936141014099,-1,-1,-1
97,-1,131.38800048828125,116.7547378540039,169.7058868408203,157.62557983398438,0.7766343951225281,-1,-1,-1
98,-1,130.42486572265625,116.5475082397461,169.5335235595703,157.5848388671875,0.8116788268089294,-1,-1,-1
99,-1,126.10027313232422,118.14805603027344,164.88197326660156,157.65167236328125,0.7133354544639587,-1,-1,-1
100,-1,125.9139404296875,118.59518432617188,164.42080688476562,158.12472534179688,0.891530454158783,-1,-1,-1
101,-1,124.37103271484375,119.3720932006836,162.48870849609375,156.5616912841797,0.8941957950592041,-1,-1,-1
102,-1,124.0763931274414,120.11251068115234,162.31854248046875,156.74180603027344,0.811846911907196,-1,-1,-1
103,-1,124.47572326660156,118.96076202392578,161.53114318847656,157.53125,0.7247087955474854,-1,-1,-1
105,-1,122.32395935058594,117.84856414794922,159.69447326660156,157.86529541015625,0.508634626865387,-1,-1,-1
105,-1,261.34661865234375,87.4444580078125,316.89288330078125,159.45428466796875,0.5078675746917725,-1,-1,-1
106,-1,261.3657531738281,87.3299789428711,316.82122802734375,159.570556640625,0.5097100734710693,-1,-1,-1
107,-1,119.87294006347656,118.99931335449219,156.82650756835938,156.6015625,0.561528205871582,-1,-1,-1
107,-1,261.3711853027344,87.30406188964844,316.8191223144531,159.6230010986328,0.5003495216369629,-1,-1,-1
116,-1,261.20849609375,87.25523376464844,316.4056396484375,159.46380615234375,0.5316577553749084,-1,-1,-1
117,-1,261.15283203125,87.33973693847656,316.2917785644531,159.12841796875,0.5385264754295349,-1,-1,-1
119,-1,261.32501220703125,87.73688507080078,316.11651611328125,158.7754669189453,0.5378891229629517,-1,-1,-1
124,-1,90.0474624633789,111.09349060058594,164.82260131835938,143.3939208984375,0.6346477270126343,-1,-1,-1
125,-1,90.78968048095703,110.04583740234375,163.925048828125,141.56915283203125,0.7705071568489075,-1,-1,-1
126,-1,87.726806640625,110.65564727783203,150.01097106933594,144.00042724609375,0.5491158962249756,-1,-1,-1
127,-1,87.92591857910156,110.9747314453125,149.765380859375,143.36573791503906,0.5870335698127747,-1,-1,-1
128,-1,87.68830108642578,110.55140686035156,148.04078674316406,141.3116455078125,0.6537460684776306,-1,-1,-1
129,-1,87.19694519042969,110.61537170410156,146.96336364746094,141.15521240234375,0.5308210849761963,-1,-1,-1
130,-1,86.23712158203125,109.97264862060547,147.0546417236328,141.4503631591797,0.6660474538803101,-1,-1,-1
131,-1,84.68743896484375,109.87985229492188,146.56198120117188,141.1698760986328,0.7433286309242249,-1,-1,-1
132,-1,83.33512878417969,109.93335723876953,147.2774200439453,140.3118438720703,0.7921227216720581,-1,-1,-1
133,-1,83.90167999267578,110.12213134765625,146.92694091796875,139.09080505371094,0.6109472513198853,-1,-1,-1
143,-1,73.79973602294922,111.51563262939453,134.4221649169922,137.60147094726562,0.5396504998207092,-1,-1,-1
145,-1,72.0467529296875,110.56796264648438,133.06524658203125,137.652587890625,0.5460951924324036,-1,-1,-1
146,-1,70.55239868164062,110.69820404052734,133.41506958007812,137.48545837402344,0.6187465190887451,-1,-1,-1
147,-1,70.01319122314453,110.5213623046875,133.0594024658203,136.76593017578125,0.6110050678253174,-1,-1,-1
148,-1,69.23346710205078,110.42120361328125,133.370849609375,136.4251708984375,0.525600016117096,-1,-1,-1
149,-1,67.97157287597656,109.82311248779297,134.52740478515625,137.0280303955078,0.5627462863922119,-1,-1,-1
150,-1,68.31094360351562,109.18212890625,133.96022033691406,136.6171875,0.5927795767784119,-1,-1,-1
151,-1,69.35897827148438,108.39517211914062,131.53863525390625,136.59400939941406,0.7664534449577332,-1,-1,-1
152,-1,67.48724365234375,108.21066284179688,132.5520477294922,136.6048126220703,0.5857533812522888,-1,-1,-1
153,-1,62.15520477294922,108.88553619384766,129.9406280517578,136.4560089111328,0.5710986852645874,-1,-1,-1
154,-1,60.137210845947266,108.85206604003906,129.7343292236328,136.64967346191406,0.5747392773628235,-1,-1,-1
155,-1,58.51224899291992,108.59423065185547,128.469482421875,137.4047088623047,0.6664828658103943,-1,-1,-1
156,-1,56.72919845581055,108.18833923339844,129.1956787109375,138.66043090820312,0.7819421887397766,-1,-1,-1
157,-1,57.631813049316406,108.53271484375,127.83967590332031,138.3482208251953,0.5701383948326111,-1,-1,-1
158,-1,57.586891174316406,108.48878479003906,126.8318099975586,138.76231384277344,0.5748242735862732,-1,-1,-1
159,-1,57.35386657714844,108.01255798339844,127.01729583740234,138.48976135253906,0.6962710618972778,-1,-1,-1
160,-1,58.759376525878906,107.99695587158203,125.34938049316406,137.65499877929688,0.8087601661682129,-1,-1,-1
161,-1,58.660560607910156,108.05825805664062,124.53520202636719,138.2361602783203,0.7814843654632568,-1,-1,-1
162,-1,58.639801025390625,107.83279418945312,124.54247283935547,137.97390747070312,0.8461609482765198,-1,-1,-1
162,-1,87.61641693115234,154.56727600097656,149.58001708984375,196.38819885253906,0.5650707483291626,-1,-1,-1
163,-1,59.100006103515625,108.20748138427734,123.0122299194336,137.6640167236328,0.7392869591712952,-1,-1,-1
163,-1,89.76939392089844,153.1520538330078,148.41505432128906,196.73802185058594,0.5669914484024048,-1,-1,-1
164,-1,91.35013580322266,153.94265747070312,148.1038360595703,196.68515014648438,0.6142406463623047,-1,-1,-1
164,-1,58.52702331542969,108.84635162353516,122.94900512695312,138.1785125732422,0.5386067628860474,-1,-1,-1
169,-1,55.38492202758789,110.21324920654297,124.38553619384766,137.49229431152344,0.5466173887252808,-1,-1,-1
171,-1,54.018714904785156,110.68467712402344,124.92361450195312,137.911376953125,0.5055914521217346,-1,-1,-1
172,-1,53.65585708618164,111.14547729492188,124.76414489746094,138.79400634765625,0.5867083072662354,-1,-1,-1
173,-1,54.42717742919922,111.05390167236328,122.76725006103516,139.33255004882812,0.8163342475891113,-1,-1,-1
174,-1,54.34646987915039,110.69043731689453,122.7275161743164,140.05221557617188,0.6049027442932129,-1,-1,-1
175,-1,50.40848159790039,113.52957153320312,112.14472961425781,141.01271057128906,0.8323709964752197,-1,-1,-1
176,-1,50.128055572509766,114.57658386230469,110.20730590820312,141.60308837890625,0.6840844750404358,-1,-1,-1
177,-1,49.199073791503906,115.25305938720703,109.19132995605469,141.6349334716797,0.8697333335876465,-1,-1,-1
178,-1,49.337486267089844,115.1788330078125,107.41561889648438,141.80848693847656,0.7088205814361572,-1,-1,-1
180,-1,48.2184944152832,114.27354431152344,105.99598693847656,141.19522094726562,0.536200225353241,-1,-1,-1
206,-1,177.5425567626953,128.02517700195312,252.37855529785156,207.02650451660156,0.6416475176811218,-1,-1,-1
207,-1,178.30517578125,126.55674743652344,251.70748901367188,206.13772583007812,0.6988813281059265,-1,-1,-1
208,-1,177.38482666015625,123.15477752685547,253.90005493164062,206.94786071777344,0.8183308243751526,-1,-1,-1
209,-1,178.01658630371094,123.6438980102539,252.65028381347656,204.71937561035156,0.6277899146080017,-1,-1,-1
264,-1,31.9521427154541,148.8071746826172,96.80419158935547,174.18849182128906,0.5017955303192139,-1,-1,-1
562,-1,44.2143440246582,121.18193054199219,118.02108001708984,147.72508239746094,0.5152899622917175,-1,-1,-1
596,-1,182.3893585205078,44.86488723754883,224.06272888183594,104.54114532470703,0.5947675704956055,-1,-1,-1
623,-1,75.72205352783203,34.133182525634766,149.72433471679688,88.67828369140625,0.6167275905609131,-1,-1,-1
632,-1,56.25300598144531,43.53707504272461,135.32342529296875,92.21866607666016,0.612872302532196,-1,-1,-1
633,-1,54.114051818847656,48.242523193359375,133.27793884277344,86.9346694946289,0.7810536623001099,-1,-1,-1
639,-1,36.84085464477539,132.9191131591797,95.26923370361328,153.99661254882812,0.6041330695152283,-1,-1,-1
640,-1,36.6638069152832,132.534423828125,96.54501342773438,154.12652587890625,0.6678768992424011,-1,-1,-1
641,-1,35.519893646240234,134.35513305664062,96.3623046875,156.88906860351562,0.7427312135696411,-1,-1,-1
641,-1,40.481300354003906,56.89589309692383,117.97454833984375,90.58154296875,0.5261223912239075,-1,-1,-1
642,-1,35.62229537963867,134.1404266357422,97.19610595703125,157.34600830078125,0.596565306186676,-1,-1,-1
643,-1,37.47581100463867,134.5940399169922,98.80965423583984,157.22607421875,0.5116349458694458,-1,-1,-1
646,-1,37.07711410522461,61.17951202392578,118.9495849609375,92.39925384521484,0.6201924085617065,-1,-1,-1
647,-1,36.0419807434082,61.655487060546875,116.98619079589844,93.59811401367188,0.8435860872268677,-1,-1,-1
647,-1,36.75474548339844,134.3560791015625,101.25392150878906,157.68775939941406,0.7890001535415649,-1,-1,-1
648,-1,37.157798767089844,133.79148864746094,100.52499389648438,158.4128875732422,0.8357641100883484,-1,-1,-1
648,-1,36.34712600708008,63.086814880371094,116.9913330078125,93.9217300415039,0.7731893658638,-1,-1,-1
649,-1,35.30704116821289,64.06964874267578,105.6148681640625,93.37084197998047,0.8122142553329468,-1,-1,-1
649,-1,37.466033935546875,133.096435546875,100.73030090332031,158.96499633789062,0.6666730642318726,-1,-1,-1
650,-1,33.29173278808594,65.05730438232422,103.12861633300781,93.22653198242188,0.8750261068344116,-1,-1,-1
651,-1,34.167999267578125,64.77665710449219,99.95768737792969,93.11323547363281,0.7113153338432312,-1,-1,-1
652,-1,32.90076446533203,66.35946655273438,97.14070129394531,93.80767822265625,0.5208017230033875,-1,-1,-1
658,-1,46.05852508544922,130.37289428710938,106.61522674560547,161.3851318359375,0.5415142774581909,-1,-1,-1
667,-1,48.10798645019531,125.81088256835938,117.37028503417969,156.94058227539062,0.506872832775116,-1,-1,-1
683,-1,71.56195068359375,113.33868408203125,137.3654022216797,147.28097534179688,0.6240023970603943,-1,-1,-1
684,-1,72.17130279541016,112.87947082519531,137.8002471923828,147.53257751464844,0.6246592998504639,-1,-1,-1
685,-1,72.09223937988281,112.37635040283203,138.85977172851562,147.094482421875,0.6189730167388916,-1,-1,-1
686,-1,71.32584381103516,112.40310668945312,138.13912963867188,146.53225708007812,0.7084313631057739,-1,-1,-1
688,-1,72.4781265258789,111.16928100585938,140.1400909423828,146.48410034179688,0.5591520071029663,-1,-1,-1
689,-1,84.26647186279297,110.46858978271484,142.9687042236328,144.7975311279297,0.537955641746521,-1,-1,-1
726,-1,161.05874633789062,82.08585357666016,218.57424926757812,119.6808090209961,0.5677859783172607,-1,-1,-1
727,-1,191.65753173828125,142.76055908203125,266.9060363769531,202.33645629882812,0.5607510805130005,-1,-1,-1
728,-1,189.6749725341797,141.39019775390625,240.04408264160156,182.0751495361328,0.6385100483894348,-1,-1,-1
734,-1,168.45440673828125,137.66696166992188,217.41616821289062,182.25079345703125,0.6023111343383789,-1,-1,-1
735,-1,170.57054138183594,135.8276824951172,211.13278198242188,174.37521362304688,0.5350018739700317,-1,-1,-1
738,-1,164.91610717773438,136.34158325195312,200.5264129638672,172.3816680908203,0.5283454656600952,-1,-1,-1
739,-1,165.24325561523438,137.1415252685547,196.0963592529297,188.17623901367188,0.511621356010437,-1,-1,-1
774,-1,49.58498001098633,135.84652709960938,114.384765625,165.9681854248047,0.511411726474762,-1,-1,-1
775,-1,48.58702087402344,135.73367309570312,114.7970962524414,164.66064453125,0.7162021994590759,-1,-1,-1
776,-1,47.386417388916016,136.6551055908203,115.16554260253906,164.867431640625,0.6211493015289307,-1,-1,-1
778,-1,47.05184555053711,136.88719177246094,113.29110717773438,163.7853546142578,0.5342931747436523,-1,-1,-1
