71,-1,89.26078033447266,66.93504333496094,124.74562072753906,82.11466979980469,0.635484516620636,-1,-1,-1
72,-1,88.96589660644531,66.76628112792969,125.22002410888672,82.43175506591797,0.7846078276634216,-1,-1,-1
76,-1,95.81368255615234,66.55404663085938,130.9867401123047,84.93840026855469,0.5921189188957214,-1,-1,-1
77,-1,95.21119689941406,66.3577880859375,131.8886260986328,85.4914321899414,0.7311380505561829,-1,-1,-1
78,-1,95.29798889160156,66.38311004638672,131.99386596679688,85.46940612792969,0.7183396220207214,-1,-1,-1
79,-1,94.46650695800781,66.92366027832031,133.83702087402344,88.07974243164062,0.8738162517547607,-1,-1,-1
80,-1,92.23206329345703,66.12291717529297,137.50318908691406,87.84906005859375,0.8642688989639282,-1,-1,-1
81,-1,92.30027770996094,65.93933868408203,137.505615234375,87.77750396728516,0.8719180822372437,-1,-1,-1
82,-1,92.84764099121094,65.90100860595703,138.1535186767578,88.09757232666016,0.9212466478347778,-1,-1,-1
83,-1,92.83830261230469,65.90432739257812,138.0751190185547,88.1561508178711,0.9267095923423767,-1,-1,-1
84,-1,92.75816345214844,65.95059967041016,138.1394805908203,88.21615600585938,0.9207144975662231,-1,-1,-1
85,-1,94.74571228027344,65.47106170654297,140.6656494140625,90.26469421386719,0.922980546951294,-1,-1,-1
86,-1,94.34220886230469,66.32476806640625,142.42808532714844,90.81275177001953,0.8370758295059204,-1,-1,-1
87,-1,94.47927856445312,66.59954071044922,142.91159057617188,90.87813568115234,0.8520770072937012,-1,-1,-1
88,-1,94.76777648925781,67.15544891357422,144.35308837890625,91.21858215332031,0.8701287508010864,-1,-1,-1
89,-1,96.9859390258789,67.19879150390625,145.9598846435547,92.42530059814453,0.870730459690094,-1,-1,-1
90,-1,97.08334350585938,67.27703094482422,145.92893981933594,92.57498168945312,0.8771677613258362,-1,-1,-1
91,-1,97.28931427001953,67.38446044921875,146.7823944091797,93.60783386230469,0.8822396993637085,-1,-1,-1
92,-1,97.48759460449219,67.41112518310547,146.6609649658203,93.72093963623047,0.8829624652862549,-1,-1,-1
93,-1,97.34882354736328,67.4085922241211,146.714111328125,93.9019775390625,0.8914672136306763,-1,-1,-1
94,-1,99.9344253540039,67.5597915649414,151.5645294189453,94.83360290527344,0.9215129017829895,-1,-1,-1
95,-1,101.28123474121094,67.19271087646484,152.5143585205078,94.88783264160156,0.9610347747802734,-1,-1,-1
96,-1,101.17694854736328,67.23111724853516,152.608154296875,94.83112335205078,0.9595540761947632,-1,-1,-1
97,-1,102.77973937988281,67.02230834960938,152.95059204101562,95.07789611816406,0.9361009001731873,-1,-1,-1
98,-1,102.77622985839844,66.97480010986328,153.1195526123047,95.1894302368164,0.9357819557189941,-1,-1,-1
99,-1,103.78630828857422,68.69976043701172,158.2999267578125,100.91355895996094,0.9145821928977966,-1,-1,-1
100,-1,103.93451690673828,68.99419403076172,159.24737548828125,101.24662017822266,0.8820741176605225,-1,-1,-1
100,-1,90.08319854736328,104.34503173828125,195.018310546875,174.30084228515625,0.5224935412406921,-1,-1,-1
101,-1,104.13353729248047,69.28081512451172,159.0828857421875,101.28739166259766,0.8891296982765198,-1,-1,-1
102,-1,104.04155731201172,69.37281799316406,159.2690887451172,101.177490234375,0.852668285369873,-1,-1,-1
103,-1,105.77217864990234,68.59700012207031,161.76007080078125,101.77611541748047,0.881672739982605,-1,-1,-1
103,-1,90.7315673828125,101.55020141601562,194.4987335205078,174.09580993652344,0.6507266759872437,-1,-1,-1
104,-1,109.03005981445312,68.6734619140625,165.0739288330078,104.023681640625,0.9291685819625854,-1,-1,-1
104,-1,90.80033874511719,102.33808898925781,193.3705291748047,173.4467010498047,0.7019173502922058,-1,-1,-1
105,-1,108.9771957397461,68.68437957763672,165.01284790039062,104.16531372070312,0.9254485368728638,-1,-1,-1
105,-1,91.39436340332031,102.62117767333984,193.4524688720703,173.32374572753906,0.7556012272834778,-1,-1,-1
106,-1,109.88419342041016,68.64952087402344,166.50962829589844,105.26103973388672,0.9246436953544617,-1,-1,-1
106,-1,91.63260650634766,103.34693908691406,193.7840576171875,173.29383850097656,0.7342134714126587,-1,-1,-1
107,-1,109.771728515625,68.41587829589844,166.59603881835938,105.39529418945312,0.9338465332984924,-1,-1,-1
107,-1,91.64363098144531,103.26956176757812,193.78268432617188,173.291748046875,0.746425211429596,-1,-1,-1
108,-1,109.74168395996094,68.36985778808594,166.7086944580078,105.27886962890625,0.9227821230888367,-1,-1,-1
108,-1,91.61309814453125,103.2770004272461,193.7679443359375,173.330810546875,0.7652621269226074,-1,-1,-1
109,-1,110.78096008300781,67.38629913330078,169.82699584960938,107.4277572631836,0.9440492987632751,-1,-1,-1
109,-1,91.37811279296875,104.2956771850586,194.32725524902344,172.9108123779297,0.7629907727241516,-1,-1,-1
110,-1,112.79895782470703,67.4395980834961,172.99459838867188,107.62702941894531,0.9328678250312805,-1,-1,-1
110,-1,92.99633026123047,103.93142700195312,192.72874450683594,173.27842712402344,0.8417108058929443,-1,-1,-1
111,-1,112.91805267333984,67.33720397949219,173.3213653564453,107.81123352050781,0.9126036763191223,-1,-1,-1
111,-1,93.45482635498047,103.95974731445312,192.48455810546875,173.2173309326172,0.8455737233161926,-1,-1,-1
112,-1,113.77117156982422,67.52983093261719,174.53451538085938,109.13835144042969,0.9372254610061646,-1,-1,-1
112,-1,93.45862579345703,103.86868286132812,192.73480224609375,173.33653259277344,0.8853875398635864,-1,-1,-1
113,-1,114.44126892089844,67.30191802978516,177.88450622558594,108.43437957763672,0.924355149269104,-1,-1,-1
113,-1,93.8272933959961,103.07241821289062,192.1149444580078,173.43661499023438,0.8588278293609619,-1,-1,-1
114,-1,114.53642272949219,67.38819122314453,177.83642578125,108.43902587890625,0.928747832775116,-1,-1,-1
114,-1,94.25823974609375,103.15618896484375,191.57858276367188,173.47467041015625,0.8381712436676025,-1,-1,-1
115,-1,121.79438781738281,68.55912017822266,178.5787811279297,110.9544448852539,0.9282132387161255,-1,-1,-1
115,-1,94.15476989746094,102.58132934570312,192.01658630371094,173.3815460205078,0.7706001996994019,-1,-1,-1
116,-1,121.99789428710938,68.68109893798828,178.65435791015625,111.02318572998047,0.9232239127159119,-1,-1,-1
116,-1,94.14546966552734,102.48374938964844,192.00497436523438,173.36447143554688,0.7777509093284607,-1,-1,-1
117,-1,121.87462615966797,68.94206237792969,182.39442443847656,114.46524810791016,0.7753907442092896,-1,-1,-1
117,-1,92.22733306884766,101.85330963134766,193.65853881835938,172.930419921875,0.6913766860961914,-1,-1,-1
118,-1,121.60879516601562,69.73377227783203,185.47340393066406,112.88945007324219,0.7317403554916382,-1,-1,-1
118,-1,92.85530090332031,101.39779663085938,192.17222595214844,172.99057006835938,0.5174394845962524,-1,-1,-1
119,-1,121.43817901611328,69.85578155517578,187.7597198486328,111.2583236694336,0.6117528080940247,-1,-1,-1
120,-1,121.66143798828125,69.78600311279297,187.57662963867188,111.25328826904297,0.5835610032081604,-1,-1,-1
121,-1,122.043701171875,70.44194030761719,190.57000732421875,110.4655532836914,0.9087388515472412,-1,-1,-1
121,-1,93.59717559814453,101.27171325683594,191.8972930908203,173.42515563964844,0.6514747738838196,-1,-1,-1
122,-1,121.92098999023438,70.22721099853516,190.48631286621094,110.18899536132812,0.8994520902633667,-1,-1,-1
122,-1,95.01313018798828,100.9352035522461,191.0316162109375,173.25645446777344,0.6153492331504822,-1,-1,-1
130,-1,137.367919921875,69.60771942138672,211.01254272460938,123.88848876953125,0.7096574902534485,-1,-1,-1
130,-1,94.66510772705078,101.92296600341797,191.1941680908203,173.4675750732422,0.6909893751144409,-1,-1,-1
131,-1,137.4815216064453,69.69632720947266,210.92454528808594,123.79896545410156,0.7114797234535217,-1,-1,-1
131,-1,94.20111083984375,101.82109069824219,191.3416748046875,173.5586395263672,0.704990565776825,-1,-1,-1
132,-1,137.489990234375,70.28160858154297,213.2819366455078,125.6817626953125,0.604075014591217,-1,-1,-1
133,-1,136.77297973632812,70.71855926513672,214.7539520263672,126.51600646972656,0.6301612257957458,-1,-1,-1
133,-1,94.63451385498047,100.98442840576172,191.20497131347656,174.69444274902344,0.6006776690483093,-1,-1,-1
134,-1,94.57389068603516,101.09612274169922,191.2684326171875,174.647705078125,0.6085341572761536,-1,-1,-1
134,-1,136.7326202392578,70.90353393554688,214.68728637695312,126.2280044555664,0.6065955758094788,-1,-1,-1
135,-1,93.87187194824219,100.73473358154297,191.75747680664062,174.825927734375,0.62324458360672,-1,-1,-1
135,-1,136.56900024414062,70.97055053710938,214.68116760253906,126.2238998413086,0.5497671365737915,-1,-1,-1
136,-1,136.52439880371094,69.46495819091797,225.43832397460938,132.33877563476562,0.6911525130271912,-1,-1,-1
136,-1,91.8723373413086,98.40122985839844,193.59213256835938,175.42820739746094,0.6257010102272034,-1,-1,-1
137,-1,136.6637725830078,69.5219955444336,225.22207641601562,132.54541015625,0.7217696905136108,-1,-1,-1
137,-1,92.13034057617188,98.75989532470703,193.4503936767578,175.40980529785156,0.6980726718902588,-1,-1,-1
138,-1,92.31233215332031,99.61700439453125,193.89784240722656,174.46963500976562,0.6034812927246094,-1,-1,-1
139,-1,91.86804962158203,98.76544189453125,194.3551483154297,174.8277130126953,0.5080335736274719,-1,-1,-1
140,-1,91.8021011352539,99.3607406616211,194.9777069091797,174.73641967773438,0.6822206974029541,-1,-1,-1
141,-1,91.3748779296875,98.99754333496094,195.3975067138672,174.7551727294922,0.6933001279830933,-1,-1,-1
142,-1,91.61360931396484,100.34480285644531,196.08985900878906,174.4079132080078,0.7512953877449036,-1,-1,-1
142,-1,145.0947723388672,72.31170654296875,232.81851196289062,134.33462524414062,0.5096766948699951,-1,-1,-1
143,-1,91.408935546875,99.92425537109375,196.14930725097656,174.48101806640625,0.7700303792953491,-1,-1,-1
143,-1,144.9412384033203,72.2305679321289,233.04556274414062,134.6826171875,0.515755295753479,-1,-1,-1
144,-1,92.00981903076172,100.27394104003906,195.8745574951172,175.01785278320312,0.6003280282020569,-1,-1,-1
145,-1,90.63014221191406,98.83008575439453,196.68893432617188,175.54515075683594,0.6843832731246948,-1,-1,-1
145,-1,148.8850860595703,77.430908203125,237.56976318359375,143.44786071777344,0.5013245344161987,-1,-1,-1
146,-1,90.6539077758789,98.72782897949219,196.84707641601562,175.6378631591797,0.6406885981559753,-1,-1,-1
146,-1,148.7832489013672,77.37870788574219,238.81614685058594,145.33279418945312,0.5600810050964355,-1,-1,-1
147,-1,90.68378448486328,98.71904754638672,196.949462890625,175.55767822265625,0.6145908832550049,-1,-1,-1
147,-1,148.59591674804688,77.27499389648438,238.95677185058594,145.4588623046875,0.5207341909408569,-1,-1,-1
148,-1,91.33071899414062,98.72675323486328,196.42510986328125,175.47877502441406,0.5702070593833923,-1,-1,-1
149,-1,91.71809387207031,98.75070190429688,196.02542114257812,175.56422424316406,0.7624554634094238,-1,-1,-1
150,-1,91.4084701538086,98.9778823852539,196.2904052734375,175.3700714111328,0.7734073996543884,-1,-1,-1
151,-1,91.80754852294922,96.93254852294922,196.32427978515625,175.5809326171875,0.7320106625556946,-1,-1,-1
152,-1,91.75799560546875,96.94572448730469,196.28713989257812,175.548828125,0.7449930906295776,-1,-1,-1
153,-1,63.47742462158203,66.99781799316406,211.49935913085938,174.61965942382812,0.5526537299156189,-1,-1,-1
154,-1,160.7986297607422,77.15750122070312,255.71652221679688,159.53602600097656,0.7041109800338745,-1,-1,-1
154,-1,64.11106872558594,66.65177917480469,207.5849609375,174.72808837890625,0.5404235124588013,-1,-1,-1
155,-1,162.8209228515625,81.93963623046875,258.3999938964844,158.6737518310547,0.6797711849212646,-1,-1,-1
155,-1,162.8209228515625,81.93963623046875,258.3999938964844,158.6737518310547,0.565932035446167,-1,-1,-1
155,-1,64.76536560058594,66.80814361572266,207.36390686035156,174.6268768310547,0.5312287211418152,-1,-1,-1
156,-1,162.5192108154297,81.64653015136719,258.6257629394531,158.84791564941406,0.6289753913879395,-1,-1,-1
156,-1,162.5192108154297,81.64653015136719,258.6257629394531,158.84791564941406,0.6177146434783936,-1,-1,-1
156,-1,64.86687469482422,66.93579864501953,206.9129638671875,174.5050048828125,0.5338290929794312,-1,-1,-1
157,-1,163.4400177001953,81.58165740966797,259.1607360839844,160.13719177246094,0.7419428825378418,-1,-1,-1
157,-1,93.39933776855469,100.44377136230469,193.4112548828125,175.11260986328125,0.5813703536987305,-1,-1,-1
158,-1,92.58625030517578,101.19755554199219,193.8426513671875,174.70790100097656,0.807776927947998,-1,-1,-1
158,-1,163.82498168945312,83.44927215576172,263.8623962402344,160.08827209472656,0.7396126389503479,-1,-1,-1
159,-1,92.07037353515625,100.75701141357422,194.46963500976562,174.31729125976562,0.8599925637245178,-1,-1,-1
159,-1,164.07415771484375,83.05644226074219,263.16326904296875,160.19403076171875,0.7566503286361694,-1,-1,-1
160,-1,92.57708740234375,99.89459991455078,194.1331329345703,174.62010192871094,0.8423060774803162,-1,-1,-1
160,-1,167.04916381835938,82.2267837524414,264.31475830078125,161.0497589111328,0.6733981966972351,-1,-1,-1
161,-1,167.69898986816406,82.53068542480469,263.5788879394531,160.98292541503906,0.6553957462310791,-1,-1,-1
161,-1,67.10002136230469,66.6964111328125,203.6152801513672,175.16705322265625,0.5032420754432678,-1,-1,-1
162,-1,179.0986785888672,87.31676483154297,268.2779846191406,161.5185546875,0.6023660898208618,-1,-1,-1
162,-1,92.26400756835938,100.38154602050781,194.21998596191406,174.03602600097656,0.5568178296089172,-1,-1,-1
162,-1,167.1505584716797,81.92096710205078,265.8111572265625,162.0904998779297,0.5394496917724609,-1,-1,-1
163,-1,178.34104919433594,87.24775695800781,269.6502990722656,163.2476348876953,0.7292272448539734,-1,-1,-1
163,-1,68.1083984375,66.98331451416016,200.48971557617188,176.04881286621094,0.5931603312492371,-1,-1,-1
164,-1,177.82650756835938,87.28842163085938,270.3998107910156,163.31993103027344,0.7415619492530823,-1,-1,-1
164,-1,67.43521881103516,67.00543975830078,200.25808715820312,175.93150329589844,0.5713354349136353,-1,-1,-1
165,-1,177.91085815429688,87.31236267089844,270.3648681640625,163.36634826660156,0.7326317429542542,-1,-1,-1
165,-1,67.35885620117188,67.1405029296875,200.31480407714844,175.9607696533203,0.5502127408981323,-1,-1,-1
167,-1,173.81341552734375,85.33961486816406,275.5359191894531,168.2771453857422,0.5250683426856995,-1,-1,-1
168,-1,171.03712463378906,86.55522155761719,281.43328857421875,168.93775939941406,0.7536839246749878,-1,-1,-1
172,-1,59.40970993041992,69.20770263671875,273.336669921875,176.12582397460938,0.501826822757721,-1,-1,-1
174,-1,93.7149429321289,102.90804290771484,192.0667724609375,174.2907257080078,0.6785642504692078,-1,-1,-1
174,-1,172.12301635742188,85.69599151611328,284.83831787109375,172.15846252441406,0.5862903594970703,-1,-1,-1
175,-1,92.76115417480469,103.31136322021484,192.6296844482422,174.19338989257812,0.7556015253067017,-1,-1,-1
175,-1,172.57662963867188,85.99386596679688,287.200439453125,171.654541015625,0.6001577377319336,-1,-1,-1
176,-1,92.25940704345703,102.64798736572266,193.2518768310547,174.20849609375,0.8126189708709717,-1,-1,-1
176,-1,176.0430908203125,95.48904418945312,291.5096435546875,175.33413696289062,0.5059027671813965,-1,-1,-1
177,-1,92.05194091796875,102.7043685913086,193.21414184570312,174.4618682861328,0.8178593516349792,-1,-1,-1
177,-1,175.95314025878906,95.21676635742188,290.7061462402344,175.5374298095703,0.522752046585083,-1,-1,-1
178,-1,92.0755615234375,103.08028411865234,193.61813354492188,174.314453125,0.8470569849014282,-1,-1,-1
178,-1,176.57369995117188,94.91474914550781,290.47979736328125,175.7855224609375,0.616691529750824,-1,-1,-1
178,-1,174.8851318359375,86.38469696044922,287.42266845703125,171.71620178222656,0.5596900582313538,-1,-1,-1
179,-1,91.96932983398438,103.1354751586914,193.7400665283203,174.27392578125,0.8398871421813965,-1,-1,-1
179,-1,176.70358276367188,95.44939422607422,291.5921325683594,175.36940002441406,0.6336313486099243,-1,-1,-1
179,-1,175.22630310058594,86.76332092285156,288.3773498535156,171.35731506347656,0.5433056354522705,-1,-1,-1
180,-1,92.60897827148438,102.3547134399414,193.3844757080078,174.46798706054688,0.776555061340332,-1,-1,-1
180,-1,165.6256103515625,79.86531066894531,304.103759765625,173.2107391357422,0.5903289914131165,-1,-1,-1
181,-1,91.7807388305664,102.7804183959961,192.9055633544922,173.95188903808594,0.8253271579742432,-1,-1,-1
182,-1,91.68009948730469,102.12625122070312,192.91622924804688,174.49783325195312,0.6965068578720093,-1,-1,-1
182,-1,165.1785430908203,78.8238296508789,309.4196472167969,174.6024932861328,0.5995541214942932,-1,-1,-1
183,-1,91.60256958007812,102.08885955810547,192.9132843017578,174.50732421875,0.6853136420249939,-1,-1,-1
183,-1,164.63528442382812,78.13392639160156,310.1266784667969,174.99093627929688,0.5404348969459534,-1,-1,-1
185,-1,93.17131805419922,105.57478332519531,192.14154052734375,172.8363494873047,0.5162182450294495,-1,-1,-1
186,-1,92.79450225830078,105.18428039550781,192.3577117919922,172.860595703125,0.5273798704147339,-1,-1,-1
187,-1,92.84020233154297,105.22042846679688,192.3249969482422,172.85922241210938,0.558574378490448,-1,-1,-1
187,-1,173.3686065673828,97.5793685913086,308.48590087890625,174.5880126953125,0.522644579410553,-1,-1,-1
188,-1,93.36184692382812,104.83319091796875,191.8163299560547,172.82855224609375,0.6129325032234192,-1,-1,-1
188,-1,173.34808349609375,97.3813247680664,309.1431884765625,174.44903564453125,0.5193904638290405,-1,-1,-1
189,-1,93.40951538085938,105.24223327636719,191.8197784423828,172.68995666503906,0.6010980010032654,-1,-1,-1
189,-1,173.7344207763672,98.07855224609375,308.6988220214844,174.5887451171875,0.5834258198738098,-1,-1,-1
193,-1,190.5592498779297,99.51188659667969,315.9261169433594,173.7603302001953,0.5467209815979004,-1,-1,-1
193,-1,94.98458099365234,107.00738525390625,190.98280334472656,172.16403198242188,0.5433070063591003,-1,-1,-1
194,-1,189.7843780517578,101.4144287109375,315.7047424316406,174.08700561523438,0.7848323583602905,-1,-1,-1
194,-1,95.2407455444336,107.78508758544922,191.3160858154297,172.01004028320312,0.5249720811843872,-1,-1,-1
195,-1,189.5695343017578,101.94477844238281,316.6470947265625,173.90419006347656,0.6148914098739624,-1,-1,-1
196,-1,191.1675262451172,102.38915252685547,317.32489013671875,174.1570281982422,0.5365910530090332,-1,-1,-1
197,-1,192.1249542236328,103.79825592041016,316.3586730957031,173.95738220214844,0.5199599862098694,-1,-1,-1
199,-1,194.1324462890625,104.7403335571289,318.5924987792969,172.77792358398438,0.5459365844726562,-1,-1,-1
200,-1,194.315673828125,105.22817993164062,318.72357177734375,172.5260772705078,0.5042527318000793,-1,-1,-1
201,-1,194.28115844726562,104.94245147705078,318.3826904296875,172.57061767578125,0.5445373058319092,-1,-1,-1
209,-1,93.592529296875,107.25269317626953,191.98851013183594,173.12289428710938,0.6462804079055786,-1,-1,-1
210,-1,93.70796966552734,107.55021667480469,191.88824462890625,173.12974548339844,0.6471197605133057,-1,-1,-1
211,-1,93.66600799560547,107.26548767089844,192.02200317382812,173.23861694335938,0.7133034467697144,-1,-1,-1
212,-1,93.26226806640625,107.2890396118164,192.74029541015625,173.33045959472656,0.7939123511314392,-1,-1,-1
213,-1,92.48226928710938,107.33060455322266,192.86012268066406,172.98593139648438,0.5592453479766846,-1,-1,-1
214,-1,92.4559326171875,107.40699005126953,193.0284423828125,173.0205841064453,0.5787827968597412,-1,-1,-1
215,-1,91.85946655273438,107.18233489990234,193.22691345214844,173.03269958496094,0.5659423470497131,-1,-1,-1
216,-1,91.80107879638672,106.99169158935547,193.61390686035156,173.11305236816406,0.6697219014167786,-1,-1,-1
236,-1,39.913002014160156,63.683937072753906,319.84393310546875,180.27413940429688,0.5757986903190613,-1,-1,-1
271,-1,94.63453674316406,105.94641876220703,190.81204223632812,173.41529846191406,0.5137776732444763,-1,-1,-1
272,-1,94.59046936035156,105.98123168945312,190.82562255859375,173.42010498046875,0.5116944909095764,-1,-1,-1
