1,-1,102.5373764038086,60.838531494140625,202.909423828125,210.70242309570312,0.9929777383804321,-1,-1,-1
2,-1,102.31945037841797,60.93475341796875,202.9268035888672,210.71510314941406,0.9927899837493896,-1,-1,-1
3,-1,102.32559967041016,60.90140914916992,202.85787963867188,210.766845703125,0.9924638867378235,-1,-1,-1
4,-1,102.36593627929688,61.041847229003906,202.7700653076172,210.70037841796875,0.9928993582725525,-1,-1,-1
5,-1,102.35009002685547,61.007389068603516,202.7691650390625,210.78709411621094,0.9927598237991333,-1,-1,-1
6,-1,102.34305572509766,61.049652099609375,202.80006408691406,210.69082641601562,0.9928905367851257,-1,-1,-1
7,-1,102.34305572509766,61.049652099609375,202.80006408691406,210.69082641601562,0.9928905367851257,-1,-1,-1
8,-1,102.40345001220703,61.09445571899414,202.83465576171875,210.68577575683594,0.9926515817642212,-1,-1,-1
9,-1,102.59683227539062,61.26972198486328,202.60801696777344,210.57986450195312,0.9922713041305542,-1,-1,-1
10,-1,103.66178894042969,61.23539733886719,201.78550720214844,210.85910034179688,0.9928492307662964,-1,-1,-1
11,-1,103.03187561035156,60.83599090576172,202.0244140625,211.19615173339844,0.9935283660888672,-1,-1,-1
12,-1,102.33654022216797,60.65304946899414,202.21231079101562,211.63243103027344,0.9939097166061401,-1,-1,-1
13,-1,102.71712493896484,60.871925354003906,202.0806121826172,211.3146514892578,0.9939817190170288,-1,-1,-1
14,-1,102.32229614257812,60.82827377319336,202.28070068359375,211.3395233154297,0.9942283034324646,-1,-1,-1
15,-1,102.41255950927734,60.83614730834961,202.3202362060547,211.3799591064453,0.9938712120056152,-1,-1,-1
16,-1,102.46009063720703,60.776973724365234,202.29168701171875,211.47250366210938,0.9939860105514526,-1,-1,-1
17,-1,102.35655212402344,60.76390075683594,202.2795867919922,211.4782257080078,0.9941237568855286,-1,-1,-1
18,-1,102.29790496826172,60.82830810546875,202.29922485351562,211.36940002441406,0.9941596984863281,-1,-1,-1
19,-1,102.44831085205078,60.9027099609375,202.23492431640625,211.33175659179688,0.9939798712730408,-1,-1,-1
20,-1,102.49421691894531,60.8681640625,202.22088623046875,211.37939453125,0.9940500855445862,-1,-1,-1
21,-1,102.43925476074219,60.878684997558594,202.25511169433594,211.3305206298828,0.9940778017044067,-1,-1,-1
22,-1,102.3832778930664,60.98339080810547,202.28955078125,211.21072387695312,0.9941697716712952,-1,-1,-1
23,-1,102.45207214355469,60.943763732910156,202.27403259277344,211.28419494628906,0.9940218925476074,-1,-1,-1
24,-1,102.51390075683594,60.91105651855469,202.25054931640625,211.35784912109375,0.9940712451934814,-1,-1,-1
25,-1,102.4671859741211,60.92258071899414,202.2572479248047,211.31629943847656,0.9941573739051819,-1,-1,-1
26,-1,102.4107437133789,60.99625778198242,202.28411865234375,211.2053985595703,0.9942067265510559,-1,-1,-1
27,-1,102.48053741455078,60.95362854003906,202.27255249023438,211.27862548828125,0.9940423965454102,-1,-1,-1
28,-1,102.52365112304688,60.90517807006836,202.25364685058594,211.37489318847656,0.9940687417984009,-1,-1,-1
29,-1,102.47699737548828,60.91501235961914,202.2590789794922,211.334228515625,0.9941616654396057,-1,-1,-1
30,-1,104.91502380371094,63.15140914916992,200.70738220214844,210.87319946289062,0.996248185634613,-1,-1,-1
31,-1,105.11056518554688,63.24602508544922,200.55538940429688,210.75794982910156,0.9963268041610718,-1,-1,-1
32,-1,104.88815307617188,63.03510284423828,200.4266357421875,210.62232971191406,0.9963542222976685,-1,-1,-1
33,-1,104.91133117675781,63.045021057128906,200.44151306152344,210.50296020507812,0.9962711334228516,-1,-1,-1
34,-1,103.36015319824219,68.09033203125,199.5808563232422,212.26768493652344,0.9952168464660645,-1,-1,-1
35,-1,103.18241119384766,67.99751281738281,199.62521362304688,212.25611877441406,0.9949951767921448,-1,-1,-1
36,-1,102.32868194580078,64.84124755859375,201.06253051757812,212.66737365722656,0.9953733682632446,-1,-1,-1
37,-1,102.85747528076172,64.86363220214844,200.896728515625,212.47042846679688,0.994809627532959,-1,-1,-1
38,-1,101.91551971435547,63.1888313293457,201.80789184570312,214.10336303710938,0.9954946041107178,-1,-1,-1
39,-1,101.71202087402344,62.96500778198242,201.90798950195312,213.8672332763672,0.9958196878433228,-1,-1,-1
40,-1,90.9700698852539,62.395042419433594,197.9107666015625,214.710693359375,0.9970280528068542,-1,-1,-1
41,-1,91.0470962524414,62.240623474121094,197.87229919433594,215.0367431640625,0.9968746304512024,-1,-1,-1
42,-1,90.28450012207031,63.02884292602539,198.68869018554688,210.6898651123047,0.9966903328895569,-1,-1,-1
43,-1,90.1962890625,63.03351974487305,198.8143768310547,210.5963592529297,0.9969122409820557,-1,-1,-1
44,-1,90.64242553710938,62.15200424194336,197.6409149169922,212.53404235839844,0.9960269331932068,-1,-1,-1
45,-1,90.52127838134766,62.36612319946289,197.78817749023438,212.40663146972656,0.9961636662483215,-1,-1,-1
46,-1,90.8426513671875,63.32997131347656,196.6644287109375,211.59869384765625,0.9955964088439941,-1,-1,-1
47,-1,90.85099029541016,63.251808166503906,196.6767578125,211.7672576904297,0.9956212639808655,-1,-1,-1
48,-1,89.67070770263672,64.60289001464844,197.7627410888672,210.0692138671875,0.9952816367149353,-1,-1,-1
49,-1,89.64379119873047,64.83978271484375,197.81394958496094,209.88119506835938,0.9951857328414917,-1,-1,-1
50,-1,91.2394790649414,64.22832489013672,196.0706787109375,211.6055450439453,0.9953921437263489,-1,-1,-1
51,-1,91.3069076538086,64.09170532226562,195.86578369140625,211.5941925048828,0.995121419429779,-1,-1,-1
52,-1,90.2078857421875,63.32218933105469,196.33164978027344,209.9435272216797,0.9968087077140808,-1,-1,-1
53,-1,90.13441467285156,63.258216857910156,196.48129272460938,209.82382202148438,0.9967718720436096,-1,-1,-1
54,-1,90.6221923828125,62.142662048339844,196.2649688720703,212.1227569580078,0.9980994462966919,-1,-1,-1
55,-1,90.60011291503906,61.90326690673828,196.42086791992188,212.36148071289062,0.9980901479721069,-1,-1,-1
56,-1,91.42698669433594,65.01815795898438,196.1016082763672,208.83126831054688,0.997169554233551,-1,-1,-1
57,-1,91.46589660644531,64.90424346923828,196.05899047851562,209.0104217529297,0.9972033500671387,-1,-1,-1
58,-1,88.2626953125,63.17103576660156,197.55291748046875,209.23846435546875,0.9987795948982239,-1,-1,-1
59,-1,88.07918548583984,63.00699234008789,197.7185821533203,209.26467895507812,0.9987325668334961,-1,-1,-1
60,-1,91.05335998535156,69.75172424316406,193.7506866455078,206.80458068847656,0.9992496371269226,-1,-1,-1
61,-1,91.12733459472656,69.34986114501953,193.72727966308594,206.86758422851562,0.9992749094963074,-1,-1,-1
62,-1,91.8380355834961,68.51780700683594,194.2589111328125,209.02606201171875,0.9988495111465454,-1,-1,-1
63,-1,91.61929321289062,68.36627197265625,194.25462341308594,209.0052947998047,0.9988777041435242,-1,-1,-1
64,-1,90.58001708984375,63.75377655029297,195.97708129882812,209.60693359375,0.999053418636322,-1,-1,-1
65,-1,90.71449279785156,63.7289924621582,195.914794921875,209.62062072753906,0.9991193413734436,-1,-1,-1
66,-1,88.52568054199219,64.23025512695312,196.91323852539062,207.1647186279297,0.9992644786834717,-1,-1,-1
67,-1,88.60162353515625,64.19419860839844,196.8511962890625,207.2850341796875,0.9992900490760803,-1,-1,-1
68,-1,88.162841796875,62.50151443481445,198.17147827148438,208.99945068359375,0.9992160201072693,-1,-1,-1
69,-1,88.16978454589844,62.36003112792969,198.1857147216797,209.3297882080078,0.999238908290863,-1,-1,-1
70,-1,86.68539428710938,61.76603698730469,199.66673278808594,209.52865600585938,0.9992784857749939,-1,-1,-1
71,-1,86.79019927978516,61.79756546020508,199.5303192138672,209.50514221191406,0.9992441534996033,-1,-1,-1
72,-1,86.95148468017578,63.029388427734375,198.40115356445312,209.53892517089844,0.9992000460624695,-1,-1,-1
73,-1,86.81672668457031,62.93571853637695,198.55032348632812,209.553955078125,0.9991589188575745,-1,-1,-1
74,-1,88.53294372558594,62.10270690917969,197.71681213378906,209.67041015625,0.9991170167922974,-1,-1,-1
74,-1,254.62379455566406,132.1549835205078,294.7772216796875,164.88775634765625,0.5778806805610657,-1,-1,-1
75,-1,88.51958465576172,62.215667724609375,197.73562622070312,209.6094207763672,0.9990915656089783,-1,-1,-1
75,-1,254.96722412109375,132.12022399902344,294.7436218261719,164.93045043945312,0.584157407283783,-1,-1,-1
76,-1,88.385498046875,62.60881042480469,196.791259765625,208.92579650878906,0.9986129403114319,-1,-1,-1
76,-1,251.87539672851562,132.86038208007812,294.981201171875,165.21829223632812,0.6222542524337769,-1,-1,-1
77,-1,88.31718444824219,62.49565505981445,196.9395294189453,209.01708984375,0.9986507892608643,-1,-1,-1
77,-1,251.81539916992188,132.89707946777344,295.0182800292969,165.28945922851562,0.6170093417167664,-1,-1,-1
78,-1,89.90800476074219,61.454795837402344,194.8838653564453,209.584716796875,0.998881459236145,-1,-1,-1
79,-1,90.13679504394531,61.533363342285156,194.7760772705078,209.4862518310547,0.9988991022109985,-1,-1,-1
80,-1,87.70889282226562,61.43263626098633,196.75460815429688,209.64443969726562,0.9985362887382507,-1,-1,-1
80,-1,253.21194458007812,132.70127868652344,295.076416015625,165.30776977539062,0.5013222098350525,-1,-1,-1
81,-1,87.58050537109375,61.44820022583008,196.7939453125,209.54486083984375,0.9985252022743225,-1,-1,-1
82,-1,87.21851348876953,60.4354133605957,198.26760864257812,209.7794647216797,0.9986851215362549,-1,-1,-1
83,-1,87.1456298828125,60.501007080078125,198.12103271484375,209.75607299804688,0.9987783432006836,-1,-1,-1
84,-1,85.93367004394531,59.01125717163086,199.21714782714844,210.82591247558594,0.9986360669136047,-1,-1,-1
84,-1,252.47535705566406,133.1483154296875,294.3874816894531,165.68203735351562,0.5811446905136108,-1,-1,-1
85,-1,86.00706481933594,58.849273681640625,199.21751403808594,210.95249938964844,0.9984612464904785,-1,-1,-1
85,-1,252.659423828125,133.10736083984375,294.36370849609375,165.62179565429688,0.577479898929596,-1,-1,-1
86,-1,85.26930236816406,59.31113815307617,199.44749450683594,210.68560791015625,0.9985471367835999,-1,-1,-1
87,-1,85.18614959716797,59.311805725097656,199.5596160888672,210.72279357910156,0.9985783696174622,-1,-1,-1
88,-1,83.92851257324219,60.503849029541016,199.54745483398438,209.22122192382812,0.9978026747703552,-1,-1,-1
89,-1,83.9195327758789,60.46154022216797,199.76319885253906,209.27610778808594,0.9980024695396423,-1,-1,-1
90,-1,82.75531768798828,59.81503677368164,202.43385314941406,208.51080322265625,0.9900257587432861,-1,-1,-1
91,-1,82.80139923095703,59.65522003173828,202.49642944335938,208.64422607421875,0.9891056418418884,-1,-1,-1
92,-1,82.90859985351562,59.90977478027344,202.53634643554688,209.08033752441406,0.9979135990142822,-1,-1,-1
93,-1,83.07766723632812,59.93907165527344,202.36114501953125,209.08734130859375,0.9978132247924805,-1,-1,-1
94,-1,82.87311553955078,60.03415298461914,201.01449584960938,209.03480529785156,0.9984071850776672,-1,-1,-1
95,-1,82.7457504272461,59.892662048339844,201.0108184814453,209.09466552734375,0.998414158821106,-1,-1,-1
96,-1,80.79696655273438,58.16326904296875,202.06866455078125,210.40719604492188,0.9953992962837219,-1,-1,-1
96,-1,254.01795959472656,133.6003875732422,295.0079650878906,166.1201171875,0.6044607162475586,-1,-1,-1
97,-1,80.8782958984375,58.21288299560547,201.732177734375,210.318603515625,0.9950960874557495,-1,-1,-1
97,-1,254.03817749023438,133.60240173339844,295.0184020996094,166.11314392089844,0.6111404299736023,-1,-1,-1
98,-1,82.31856536865234,59.35916519165039,202.70677185058594,209.64913940429688,0.9954835772514343,-1,-1,-1
99,-1,82.41853332519531,59.26680374145508,202.6894989013672,209.74874877929688,0.9956631064414978,-1,-1,-1
100,-1,82.92404174804688,59.0853157043457,202.083740234375,209.6929473876953,0.9950565695762634,-1,-1,-1
100,-1,252.57032775878906,134.72364807128906,294.9048156738281,166.0855255126953,0.6583399176597595,-1,-1,-1
101,-1,82.86477661132812,59.09153747558594,202.00990295410156,209.74900817871094,0.9947203993797302,-1,-1,-1
101,-1,252.6742401123047,134.54315185546875,294.96807861328125,165.98728942871094,0.665108859539032,-1,-1,-1
102,-1,82.53826904296875,58.44496536254883,204.22109985351562,210.81350708007812,0.9939689040184021,-1,-1,-1
103,-1,82.46592712402344,58.30808639526367,204.37014770507812,210.9169158935547,0.993969202041626,-1,-1,-1
104,-1,84.20604705810547,57.40846252441406,204.0814208984375,211.7288055419922,0.9952848553657532,-1,-1,-1
105,-1,84.21085357666016,57.54131317138672,204.00299072265625,211.60086059570312,0.9958376288414001,-1,-1,-1
106,-1,84.45870971679688,57.10523986816406,203.8257598876953,211.72705078125,0.997098982334137,-1,-1,-1
107,-1,84.42129516601562,57.28160095214844,203.74453735351562,211.53659057617188,0.9973828196525574,-1,-1,-1
108,-1,84.19184875488281,57.59969711303711,203.8184814453125,211.341552734375,0.9937682747840881,-1,-1,-1
108,-1,252.7728271484375,134.05055236816406,294.9163818359375,165.51222229003906,0.5526065230369568,-1,-1,-1
109,-1,84.22852325439453,57.63904571533203,203.8534698486328,211.2989959716797,0.9936033487319946,-1,-1,-1
109,-1,252.59019470214844,134.085205078125,294.91839599609375,165.48382568359375,0.5660958886146545,-1,-1,-1
110,-1,85.1541976928711,54.4537467956543,203.8369903564453,214.14231872558594,0.9857076406478882,-1,-1,-1
111,-1,84.99583435058594,54.56962585449219,203.95530700683594,214.0565948486328,0.9852651953697205,-1,-1,-1
112,-1,80.5227279663086,47.37062072753906,207.08961486816406,211.36387634277344,0.9874147772789001,-1,-1,-1
112,-1,252.75132751464844,133.51824951171875,294.72674560546875,166.44509887695312,0.6986639499664307,-1,-1,-1
113,-1,80.5141830444336,47.5218505859375,206.9751739501953,211.26954650878906,0.9873526692390442,-1,-1,-1
113,-1,252.85133361816406,133.50537109375,294.7344055175781,166.48529052734375,0.694126307964325,-1,-1,-1
114,-1,86.34246063232422,56.0091438293457,203.21014404296875,213.5889434814453,0.9823473691940308,-1,-1,-1
114,-1,252.0043182373047,134.53660583496094,294.69677734375,165.29443359375,0.5710008144378662,-1,-1,-1
115,-1,86.41232299804688,55.94860076904297,203.17018127441406,213.63584899902344,0.9832157492637634,-1,-1,-1
115,-1,251.7996063232422,134.44122314453125,294.7471923828125,165.18719482421875,0.579428493976593,-1,-1,-1
116,-1,93.91571044921875,55.814491271972656,207.9807891845703,213.47853088378906,0.9502354860305786,-1,-1,-1
117,-1,94.0035400390625,55.87468719482422,207.88327026367188,213.51116943359375,0.9508652091026306,-1,-1,-1
118,-1,96.4030532836914,57.02726364135742,205.50738525390625,211.3685302734375,0.9679710268974304,-1,-1,-1
119,-1,96.33340454101562,57.298736572265625,205.7048797607422,211.11346435546875,0.9567816853523254,-1,-1,-1
120,-1,92.5472640991211,55.04441452026367,209.70004272460938,213.07057189941406,0.8622720241546631,-1,-1,-1
121,-1,92.61175537109375,54.82373809814453,209.57012939453125,213.24049377441406,0.882313072681427,-1,-1,-1
122,-1,93.37042999267578,53.57090759277344,208.9456024169922,214.42369079589844,0.9270311594009399,-1,-1,-1
123,-1,93.35961151123047,53.716156005859375,208.90419006347656,214.25999450683594,0.9195085167884827,-1,-1,-1
124,-1,85.0503158569336,54.918556213378906,204.36575317382812,214.0966339111328,0.8243960738182068,-1,-1,-1
124,-1,252.47576904296875,134.35772705078125,294.4914855957031,166.6460723876953,0.5760759711265564,-1,-1,-1
125,-1,84.86500549316406,54.85233688354492,204.5858917236328,214.14254760742188,0.839759349822998,-1,-1,-1
125,-1,252.57591247558594,134.29910278320312,294.44476318359375,166.67269897460938,0.58745938539505,-1,-1,-1
126,-1,82.82439422607422,56.03782653808594,206.59481811523438,214.4365692138672,0.6863901019096375,-1,-1,-1
127,-1,82.67913055419922,56.097442626953125,206.697998046875,214.39724731445312,0.6637865304946899,-1,-1,-1
128,-1,77.54071044921875,42.736366271972656,211.3487091064453,209.6790008544922,0.8766249418258667,-1,-1,-1
128,-1,253.15997314453125,133.615234375,294.36767578125,165.9824981689453,0.5924416184425354,-1,-1,-1
129,-1,77.59518432617188,42.72431182861328,211.29396057128906,209.72113037109375,0.8788639903068542,-1,-1,-1
129,-1,253.18458557128906,133.62318420410156,294.4131774902344,166.00015258789062,0.5943348407745361,-1,-1,-1
130,-1,90.2567367553711,43.2214469909668,211.8700408935547,206.65554809570312,0.9867127537727356,-1,-1,-1
130,-1,244.74073791503906,133.40371704101562,292.1332092285156,165.95367431640625,0.5452095866203308,-1,-1,-1
131,-1,90.27120971679688,43.01485061645508,211.76710510253906,206.8132781982422,0.9869673848152161,-1,-1,-1
131,-1,244.66810607910156,133.384521484375,292.16900634765625,165.93687438964844,0.5598680973052979,-1,-1,-1
132,-1,92.21210479736328,57.144500732421875,208.89891052246094,212.49349975585938,0.9883104562759399,-1,-1,-1
132,-1,244.7956085205078,133.93145751953125,291.8798522949219,165.85836791992188,0.5982773303985596,-1,-1,-1
133,-1,92.16596984863281,57.466651916503906,208.99732971191406,212.26153564453125,0.9882030487060547,-1,-1,-1
133,-1,244.735595703125,133.9698944091797,291.89404296875,165.84754943847656,0.6021128296852112,-1,-1,-1
134,-1,90.82391357421875,40.089149475097656,210.85787963867188,209.2448272705078,0.9861915111541748,-1,-1,-1
134,-1,244.31016540527344,133.53509521484375,292.11376953125,166.43275451660156,0.5453030467033386,-1,-1,-1
135,-1,91.05945587158203,40.359249114990234,210.88369750976562,209.25442504882812,0.9851369857788086,-1,-1,-1
135,-1,244.20472717285156,133.45712280273438,292.1544189453125,166.47216796875,0.5887457132339478,-1,-1,-1
136,-1,89.05287170410156,68.3052749633789,199.19696044921875,209.68736267089844,0.9651957154273987,-1,-1,-1
136,-1,243.4317169189453,133.15623474121094,292.7579345703125,166.56201171875,0.6120951175689697,-1,-1,-1
137,-1,89.0828857421875,68.4225082397461,199.10081481933594,209.61021423339844,0.9662472605705261,-1,-1,-1
137,-1,243.59373474121094,133.08029174804688,292.72698974609375,166.36585998535156,0.6310692429542542,-1,-1,-1
138,-1,84.79180908203125,37.662715911865234,193.2960662841797,213.07833862304688,0.9493454694747925,-1,-1,-1
139,-1,84.89877319335938,38.01970291137695,193.14736938476562,212.96128845214844,0.9500744342803955,-1,-1,-1
140,-1,82.32711029052734,34.67070388793945,192.8752899169922,215.71022033691406,0.8777860999107361,-1,-1,-1
141,-1,82.26492309570312,34.44447326660156,192.86180114746094,215.81707763671875,0.8845628499984741,-1,-1,-1
142,-1,81.01704406738281,73.97417449951172,199.6334991455078,207.37530517578125,0.653200089931488,-1,-1,-1
143,-1,81.25453186035156,74.19235229492188,199.57171630859375,207.3452606201172,0.6404561996459961,-1,-1,-1
144,-1,72.28377532958984,38.20587921142578,199.1549835205078,209.2637939453125,0.5426437258720398,-1,-1,-1
145,-1,72.23777770996094,38.477012634277344,199.3051300048828,208.97373962402344,0.5130333304405212,-1,-1,-1
148,-1,76.25666809082031,73.49044036865234,192.4153289794922,214.06044006347656,0.6340377330780029,-1,-1,-1
149,-1,76.51974487304688,73.58910369873047,192.00164794921875,214.19091796875,0.6541869044303894,-1,-1,-1
152,-1,45.739967346191406,63.950477600097656,187.3556365966797,213.25096130371094,0.5083911418914795,-1,-1,-1
153,-1,45.97211837768555,64.09264373779297,187.12786865234375,213.2611846923828,0.5313301682472229,-1,-1,-1
154,-1,53.00527572631836,71.58821105957031,177.73907470703125,207.13427734375,0.7471107244491577,-1,-1,-1
155,-1,53.080474853515625,71.62521362304688,177.2743377685547,206.82235717773438,0.7356946468353271,-1,-1,-1
156,-1,54.958072662353516,83.6553726196289,178.89859008789062,205.96530151367188,0.7119380831718445,-1,-1,-1
157,-1,55.25933074951172,84.15078735351562,178.74331665039062,206.02825927734375,0.7227014303207397,-1,-1,-1
158,-1,56.02102279663086,84.25260162353516,178.14161682128906,207.8568878173828,0.6061326265335083,-1,-1,-1
159,-1,55.87317657470703,84.41355895996094,178.30813598632812,207.6848907470703,0.624752402305603,-1,-1,-1
160,-1,55.98046112060547,88.14508819580078,178.6233367919922,207.87640380859375,0.6052725315093994,-1,-1,-1
161,-1,55.64132308959961,88.08422088623047,178.79061889648438,207.67947387695312,0.5932366847991943,-1,-1,-1
162,-1,58.42258071899414,85.44801330566406,196.96669006347656,209.58848571777344,0.8381291031837463,-1,-1,-1
163,-1,58.40211868286133,85.22705078125,197.1558837890625,209.85220336914062,0.8408058881759644,-1,-1,-1
164,-1,58.2978515625,81.67525482177734,199.03536987304688,208.46771240234375,0.8018282651901245,-1,-1,-1
165,-1,58.32223892211914,81.59297180175781,199.0451202392578,208.3314208984375,0.7875794768333435,-1,-1,-1
166,-1,59.01898956298828,85.14575958251953,199.35626220703125,208.48440551757812,0.646428644657135,-1,-1,-1
167,-1,58.91825866699219,85.15225982666016,199.30274963378906,208.4900360107422,0.6779413223266602,-1,-1,-1
170,-1,53.94062805175781,74.4486312866211,179.36016845703125,208.18246459960938,0.6714454889297485,-1,-1,-1
171,-1,53.667808532714844,74.01161193847656,179.65867614746094,208.24871826171875,0.6863458156585693,-1,-1,-1
172,-1,49.047630310058594,75.37512969970703,181.78038024902344,207.31689453125,0.8041892051696777,-1,-1,-1
173,-1,49.259490966796875,75.21512603759766,181.80972290039062,207.1746063232422,0.7984829545021057,-1,-1,-1
174,-1,48.93895721435547,80.48905944824219,184.16647338867188,208.35919189453125,0.6211247444152832,-1,-1,-1
175,-1,49.01179504394531,81.12361145019531,184.06008911132812,208.3692626953125,0.6135746836662292,-1,-1,-1
176,-1,45.99785614013672,72.5555419921875,185.34584045410156,209.2902069091797,0.544518232345581,-1,-1,-1
177,-1,46.08823776245117,72.66315460205078,185.0169677734375,209.43075561523438,0.5385968089103699,-1,-1,-1
180,-1,59.69462966918945,81.2860107421875,199.9791259765625,213.73977661132812,0.7423491477966309,-1,-1,-1
181,-1,60.07548522949219,81.50118255615234,199.87571716308594,213.80386352539062,0.7487130165100098,-1,-1,-1
182,-1,58.5142822265625,79.63285064697266,200.1685333251953,212.9860076904297,0.7771111130714417,-1,-1,-1
182,-1,35.171138763427734,53.1268196105957,189.76380920410156,203.31683349609375,0.518555223941803,-1,-1,-1
183,-1,58.59820556640625,80.38385009765625,199.97984313964844,212.82455444335938,0.7752524018287659,-1,-1,-1
183,-1,45.04180145263672,68.38108825683594,185.6098175048828,211.06564331054688,0.5297487378120422,-1,-1,-1
184,-1,62.045650482177734,87.92634582519531,198.7985076904297,213.09518432617188,0.8426375985145569,-1,-1,-1
185,-1,62.37798309326172,88.44532012939453,198.68426513671875,212.8563232421875,0.8440366387367249,-1,-1,-1
186,-1,59.179805755615234,83.50541687011719,200.95947265625,211.9561309814453,0.5449021458625793,-1,-1,-1
188,-1,58.400489807128906,79.99101257324219,199.71580505371094,214.10610961914062,0.6033382415771484,-1,-1,-1
189,-1,58.62566375732422,80.42069244384766,199.6524200439453,213.7583465576172,0.6194078326225281,-1,-1,-1
190,-1,61.71681213378906,84.02616119384766,196.86569213867188,215.4962158203125,0.6413558721542358,-1,-1,-1
191,-1,61.66809844970703,84.18051147460938,196.82650756835938,215.2621612548828,0.6282560229301453,-1,-1,-1
192,-1,48.53433609008789,68.81880187988281,182.16250610351562,211.331787109375,0.6574202179908752,-1,-1,-1
193,-1,49.31519317626953,71.36736297607422,182.24119567871094,211.32945251464844,0.6060662865638733,-1,-1,-1
194,-1,61.102928161621094,83.93864440917969,199.65274047851562,211.47019958496094,0.7672273516654968,-1,-1,-1
195,-1,61.0040283203125,84.31560516357422,199.8328399658203,211.5740966796875,0.7738156318664551,-1,-1,-1
196,-1,55.24380111694336,76.91333770751953,170.81068420410156,206.74534606933594,0.8049276471138,-1,-1,-1
197,-1,55.11100769042969,76.55563354492188,170.77049255371094,206.67860412597656,0.8045815825462341,-1,-1,-1
198,-1,62.92437744140625,78.4004135131836,199.00352478027344,210.23013305664062,0.8958303332328796,-1,-1,-1
199,-1,63.17511749267578,78.0929946899414,198.67312622070312,210.2270050048828,0.8936677575111389,-1,-1,-1
200,-1,43.19541549682617,52.24140167236328,181.27444458007812,203.20077514648438,0.9473369121551514,-1,-1,-1
201,-1,43.33004379272461,52.19560623168945,181.11575317382812,203.19480895996094,0.949155330657959,-1,-1,-1
202,-1,49.248374938964844,52.77878952026367,179.41598510742188,199.2323760986328,0.8913220763206482,-1,-1,-1
203,-1,49.28748321533203,52.65629196166992,179.32565307617188,199.5483856201172,0.8971306085586548,-1,-1,-1
204,-1,66.29348754882812,54.98029327392578,192.08290100097656,201.03298950195312,0.8432255983352661,-1,-1,-1
205,-1,66.25431823730469,54.89155197143555,192.07862854003906,201.23736572265625,0.8518433570861816,-1,-1,-1
206,-1,74.94554138183594,47.550941467285156,189.2225799560547,203.478271484375,0.936057984828949,-1,-1,-1
207,-1,74.72695922851562,47.698829650878906,189.63076782226562,203.23890686035156,0.9423613548278809,-1,-1,-1
208,-1,77.5982894897461,55.86993408203125,205.07510375976562,215.73928833007812,0.8762874603271484,-1,-1,-1
209,-1,77.32034301757812,55.96541213989258,205.298583984375,215.65028381347656,0.8728299736976624,-1,-1,-1
210,-1,79.56136322021484,49.68986129760742,200.62623596191406,203.98587036132812,0.5536494255065918,-1,-1,-1
211,-1,79.225341796875,49.60557174682617,200.68515014648438,204.14633178710938,0.552367091178894,-1,-1,-1
212,-1,83.8002700805664,48.38957595825195,198.98318481445312,206.0299072265625,0.840575635433197,-1,-1,-1
213,-1,83.78556060791016,48.51691436767578,198.99044799804688,205.87864685058594,0.8401844501495361,-1,-1,-1
214,-1,91.91547393798828,63.750892639160156,214.71170043945312,210.96343994140625,0.8855518102645874,-1,-1,-1
215,-1,92.26553344726562,63.810367584228516,214.50531005859375,210.93051147460938,0.8823873996734619,-1,-1,-1
216,-1,87.75028228759766,50.94401550292969,218.2888946533203,206.7245330810547,0.9254587888717651,-1,-1,-1
217,-1,87.49846649169922,51.10163116455078,218.35350036621094,206.4733123779297,0.9244164228439331,-1,-1,-1
218,-1,88.25643920898438,49.565101623535156,219.08448791503906,207.89268493652344,0.9705063700675964,-1,-1,-1
219,-1,88.23014068603516,49.5226936340332,219.1448211669922,207.9181365966797,0.9708816409111023,-1,-1,-1
220,-1,82.69075012207031,58.179683685302734,202.65737915039062,216.59622192382812,0.9405134320259094,-1,-1,-1
221,-1,82.93911743164062,58.07210159301758,202.39488220214844,216.66775512695312,0.9393736720085144,-1,-1,-1
222,-1,89.06653594970703,63.6612663269043,218.89712524414062,213.13931274414062,0.9144756197929382,-1,-1,-1
223,-1,89.19992065429688,63.838199615478516,218.8135986328125,212.9383544921875,0.9156795144081116,-1,-1,-1
224,-1,90.25640869140625,60.21097183227539,217.07034301757812,213.0967559814453,0.9414247870445251,-1,-1,-1
225,-1,90.62775421142578,60.25516128540039,216.83224487304688,213.07789611816406,0.9414137005805969,-1,-1,-1
226,-1,91.06021881103516,57.395267486572266,217.13975524902344,214.26968383789062,0.9406120777130127,-1,-1,-1
227,-1,91.00241088867188,57.6057243347168,217.09397888183594,214.0883026123047,0.9421392679214478,-1,-1,-1
228,-1,90.66993713378906,45.17510223388672,216.39625549316406,212.3143768310547,0.8572250604629517,-1,-1,-1
229,-1,90.24591064453125,56.923458099365234,217.47915649414062,214.5593719482422,0.8379168510437012,-1,-1,-1
230,-1,87.91313171386719,44.906185150146484,217.16778564453125,212.16749572753906,0.9582447409629822,-1,-1,-1
231,-1,87.99309539794922,44.93303680419922,217.11228942871094,212.1709747314453,0.9612809419631958,-1,-1,-1
232,-1,88.74441528320312,43.71315383911133,216.69236755371094,212.45460510253906,0.9716925621032715,-1,-1,-1
233,-1,88.80723571777344,43.715789794921875,216.65650939941406,212.3364715576172,0.9732147455215454,-1,-1,-1
234,-1,86.45162963867188,55.622459411621094,218.6952362060547,216.1103057861328,0.9768890738487244,-1,-1,-1
235,-1,86.48835754394531,55.529151916503906,218.6599884033203,216.2150421142578,0.9779037833213806,-1,-1,-1
236,-1,87.51717376708984,55.31729507446289,217.2398223876953,215.766357421875,0.9738864302635193,-1,-1,-1
237,-1,87.48412322998047,55.42948532104492,217.36412048339844,215.61639404296875,0.973967969417572,-1,-1,-1
238,-1,88.09138488769531,54.63169479370117,217.43710327148438,216.18914794921875,0.9696686267852783,-1,-1,-1
239,-1,87.96326446533203,54.706844329833984,217.4386749267578,216.1526336669922,0.9687188267707825,-1,-1,-1
240,-1,82.64802551269531,55.24524688720703,207.23736572265625,216.25440979003906,0.984778642654419,-1,-1,-1
240,-1,253.99758911132812,134.95407104492188,295.3127746582031,166.2309112548828,0.7720448970794678,-1,-1,-1
241,-1,82.5576400756836,55.2935791015625,207.27613830566406,216.33816528320312,0.9856502413749695,-1,-1,-1
241,-1,253.65130615234375,134.80020141601562,295.3152770996094,166.0937957763672,0.7925325632095337,-1,-1,-1
242,-1,87.89391326904297,57.85927963256836,216.2213897705078,214.39991760253906,0.968113362789154,-1,-1,-1
242,-1,255.94766235351562,135.10662841796875,294.76116943359375,166.6356201171875,0.5414344072341919,-1,-1,-1
243,-1,88.0433349609375,57.979461669921875,216.2350616455078,214.29400634765625,0.9691246747970581,-1,-1,-1
243,-1,255.9349365234375,135.0397491455078,294.78411865234375,166.6335906982422,0.5187702775001526,-1,-1,-1
244,-1,86.61579132080078,60.490936279296875,216.71231079101562,213.84854125976562,0.9708043932914734,-1,-1,-1
244,-1,252.48731994628906,135.0947723388672,294.8523254394531,165.80068969726562,0.7018125653266907,-1,-1,-1
245,-1,86.96469116210938,60.52952575683594,216.54449462890625,213.7782440185547,0.9712513089179993,-1,-1,-1
245,-1,252.45379638671875,135.1148223876953,294.9154357910156,165.83993530273438,0.7086566090583801,-1,-1,-1
246,-1,82.9184341430664,57.71578598022461,205.09085083007812,216.10008239746094,0.9851234555244446,-1,-1,-1
246,-1,251.9175567626953,135.97654724121094,294.6323547363281,165.88536071777344,0.6897852420806885,-1,-1,-1
247,-1,82.81556701660156,57.703311920166016,205.1982421875,216.12234497070312,0.9855154752731323,-1,-1,-1
247,-1,251.77276611328125,135.89878845214844,294.70684814453125,165.88311767578125,0.6656873822212219,-1,-1,-1
248,-1,86.0054702758789,60.00928497314453,217.1332550048828,213.9995880126953,0.9822967052459717,-1,-1,-1
248,-1,251.40139770507812,135.75840759277344,294.6412353515625,165.1759033203125,0.5711557269096375,-1,-1,-1
249,-1,85.78254699707031,59.92198944091797,217.23019409179688,214.02810668945312,0.9828710556030273,-1,-1,-1
249,-1,251.3070526123047,135.7877197265625,294.7982177734375,165.18939208984375,0.5484556555747986,-1,-1,-1
250,-1,85.60662078857422,58.728580474853516,217.3243865966797,214.66746520996094,0.9778980612754822,-1,-1,-1
250,-1,244.69430541992188,135.4589385986328,292.1744079589844,165.588134765625,0.6771047115325928,-1,-1,-1
251,-1,85.94639587402344,58.515235900878906,217.18080139160156,214.75294494628906,0.977644145488739,-1,-1,-1
251,-1,244.7578582763672,135.42620849609375,292.3305358886719,165.6607208251953,0.6919140219688416,-1,-1,-1
252,-1,85.71575927734375,57.678916931152344,217.2012176513672,214.67941284179688,0.9815112352371216,-1,-1,-1
252,-1,243.7073974609375,135.90286254882812,292.83380126953125,165.7149200439453,0.6238157749176025,-1,-1,-1
253,-1,85.76859283447266,57.75531005859375,217.14134216308594,214.6233673095703,0.9816470146179199,-1,-1,-1
253,-1,243.7847137451172,135.9053192138672,292.8353576660156,165.67486572265625,0.6245095133781433,-1,-1,-1
254,-1,85.96017456054688,60.08960723876953,217.8046875,214.84666442871094,0.9752019047737122,-1,-1,-1
254,-1,250.3258056640625,135.49415588378906,295.93121337890625,165.65289306640625,0.6011252999305725,-1,-1,-1
255,-1,86.17903900146484,60.21761703491211,217.6539306640625,214.86380004882812,0.9732069969177246,-1,-1,-1
255,-1,250.21023559570312,135.44049072265625,296.0784606933594,165.6030731201172,0.5949292778968811,-1,-1,-1
256,-1,85.84092712402344,60.60596466064453,217.32627868652344,213.7751922607422,0.9796981811523438,-1,-1,-1
256,-1,250.41226196289062,135.04620361328125,295.2757568359375,165.4849395751953,0.6492730379104614,-1,-1,-1
257,-1,85.84893798828125,60.78150939941406,217.37933349609375,213.65234375,0.9789024591445923,-1,-1,-1
257,-1,250.56602478027344,135.01902770996094,295.118896484375,165.36160278320312,0.6714927554130554,-1,-1,-1
258,-1,85.70919036865234,62.91344451904297,217.4904022216797,213.16371154785156,0.9762442708015442,-1,-1,-1
259,-1,85.99506378173828,63.495059967041016,217.410888671875,212.83590698242188,0.9737931489944458,-1,-1,-1
260,-1,82.3165054321289,60.130699157714844,204.84194946289062,213.8831024169922,0.9832831621170044,-1,-1,-1
261,-1,82.11227416992188,59.47195053100586,205.16653442382812,214.06703186035156,0.9843626022338867,-1,-1,-1
262,-1,83.52545166015625,58.19548416137695,203.48602294921875,215.97999572753906,0.983513593673706,-1,-1,-1
263,-1,83.53857421875,58.236995697021484,203.4127960205078,215.9517059326172,0.9820952415466309,-1,-1,-1
264,-1,90.22006225585938,62.82853698730469,213.72561645507812,213.57861328125,0.9844123125076294,-1,-1,-1
264,-1,245.13088989257812,133.50563049316406,292.08770751953125,164.71112060546875,0.6093725562095642,-1,-1,-1
265,-1,90.06560516357422,63.077980041503906,213.8192596435547,213.64968872070312,0.983751118183136,-1,-1,-1
265,-1,245.01646423339844,133.3746337890625,292.1668701171875,164.73851013183594,0.6258948445320129,-1,-1,-1
266,-1,88.24799346923828,64.86398315429688,215.3829803466797,213.06228637695312,0.977219820022583,-1,-1,-1
266,-1,252.3485107421875,134.3774871826172,294.60430908203125,165.17494201660156,0.5562623739242554,-1,-1,-1
267,-1,88.29390716552734,64.62557220458984,215.33404541015625,213.10462951660156,0.9773162603378296,-1,-1,-1
267,-1,252.50755310058594,134.4503173828125,294.6072998046875,165.2479705810547,0.5533735752105713,-1,-1,-1
268,-1,87.4188232421875,68.06519317626953,216.19219970703125,212.26422119140625,0.9783421754837036,-1,-1,-1
269,-1,87.64512634277344,68.10111236572266,216.14227294921875,211.95114135742188,0.9777313470840454,-1,-1,-1
270,-1,92.99612426757812,65.11241912841797,214.93844604492188,211.4117889404297,0.8953205943107605,-1,-1,-1
271,-1,93.08899688720703,64.93074798583984,214.84579467773438,211.62994384765625,0.8956570625305176,-1,-1,-1
272,-1,84.94866943359375,61.182952880859375,198.43914794921875,213.9517059326172,0.9240425229072571,-1,-1,-1
273,-1,84.92941284179688,61.19448471069336,198.48672485351562,214.024658203125,0.9249984622001648,-1,-1,-1
274,-1,92.057373046875,66.78983306884766,215.672607421875,211.8689422607422,0.9242221713066101,-1,-1,-1
275,-1,92.25971221923828,66.85369110107422,215.68467712402344,211.80006408691406,0.9236087203025818,-1,-1,-1
276,-1,91.49919128417969,63.748661041259766,214.41110229492188,212.40707397460938,0.947022557258606,-1,-1,-1
277,-1,91.44110107421875,63.29521942138672,214.48312377929688,212.54922485351562,0.9518226385116577,-1,-1,-1
278,-1,90.63713836669922,62.00273132324219,214.97332763671875,212.43870544433594,0.9495946764945984,-1,-1,-1
279,-1,90.36629486083984,62.18434143066406,215.1711883544922,212.31533813476562,0.9500336647033691,-1,-1,-1
280,-1,84.26603698730469,59.021549224853516,202.7850341796875,215.23080444335938,0.97090083360672,-1,-1,-1
281,-1,84.39439392089844,59.106224060058594,202.42251586914062,215.03836059570312,0.9703024625778198,-1,-1,-1
282,-1,91.15860748291016,60.15757751464844,214.00193786621094,214.21981811523438,0.9606478810310364,-1,-1,-1
283,-1,91.16163635253906,60.221343994140625,213.95831298828125,214.21205139160156,0.9617372751235962,-1,-1,-1
284,-1,90.8506088256836,61.281646728515625,214.38555908203125,213.4654998779297,0.9481061697006226,-1,-1,-1
285,-1,90.85778045654297,61.37986373901367,214.35220336914062,213.3829803466797,0.951205313205719,-1,-1,-1
286,-1,87.49073791503906,62.60203552246094,216.4166259765625,213.45530700683594,0.935894787311554,-1,-1,-1
287,-1,87.4610824584961,62.572322845458984,216.4246368408203,213.3497772216797,0.9343698620796204,-1,-1,-1
288,-1,87.70186614990234,61.97673797607422,216.84506225585938,212.7029266357422,0.9465035200119019,-1,-1,-1
289,-1,87.81785583496094,61.913761138916016,216.73500061035156,212.97242736816406,0.9491490125656128,-1,-1,-1
290,-1,83.05245208740234,58.04938507080078,203.88546752929688,216.26524353027344,0.9690452814102173,-1,-1,-1
291,-1,83.14055633544922,58.08381271362305,203.7942657470703,216.1328125,0.9676147699356079,-1,-1,-1
292,-1,87.44744110107422,62.46487808227539,216.47540283203125,213.46182250976562,0.9414646029472351,-1,-1,-1
293,-1,87.29072570800781,62.582889556884766,216.60519409179688,213.51730346679688,0.9406644105911255,-1,-1,-1
294,-1,86.90245819091797,62.3514518737793,216.2143096923828,213.77919006347656,0.9629054665565491,-1,-1,-1
294,-1,252.8543243408203,134.63214111328125,294.9512634277344,165.9266357421875,0.5449275374412537,-1,-1,-1
295,-1,86.96427154541016,61.765079498291016,216.12966918945312,213.92311096191406,0.9636933207511902,-1,-1,-1
295,-1,252.77090454101562,134.61671447753906,294.9669494628906,165.89999389648438,0.531029462814331,-1,-1,-1
296,-1,83.85758972167969,57.06804275512695,202.06321716308594,216.41845703125,0.9636404514312744,-1,-1,-1
296,-1,244.16259765625,133.09239196777344,292.626220703125,166.00265502929688,0.6700668334960938,-1,-1,-1
297,-1,84.07548522949219,57.12571334838867,201.6825714111328,216.38546752929688,0.9616324305534363,-1,-1,-1
297,-1,244.03077697753906,133.2406768798828,292.616455078125,165.98965454101562,0.6937904357910156,-1,-1,-1
298,-1,83.52296447753906,57.6909294128418,201.798095703125,216.24595642089844,0.9445558190345764,-1,-1,-1
298,-1,244.83436584472656,133.02639770507812,291.8783874511719,165.98045349121094,0.5774862170219421,-1,-1,-1
299,-1,83.50711822509766,57.7928352355957,201.9293212890625,216.0410919189453,0.9482742547988892,-1,-1,-1
299,-1,244.85398864746094,133.04885864257812,291.8416748046875,166.14959716796875,0.5517299175262451,-1,-1,-1
300,-1,88.05789947509766,63.05110168457031,217.05780029296875,212.8150634765625,0.9186148047447205,-1,-1,-1
301,-1,88.23118591308594,63.70054626464844,217.17181396484375,212.69818115234375,0.9165416955947876,-1,-1,-1
302,-1,86.73246765136719,68.82544708251953,217.2061004638672,212.0548095703125,0.9393001198768616,-1,-1,-1
303,-1,86.9935531616211,69.2178955078125,217.11509704589844,211.93495178222656,0.9357714056968689,-1,-1,-1
304,-1,85.78779602050781,61.76239013671875,217.55642700195312,213.67169189453125,0.8867124319076538,-1,-1,-1
305,-1,85.68037414550781,61.723514556884766,217.66552734375,213.68971252441406,0.8877236247062683,-1,-1,-1
306,-1,84.2874526977539,57.518333435058594,202.45358276367188,215.51661682128906,0.837276816368103,-1,-1,-1
307,-1,84.46821594238281,57.710166931152344,202.22796630859375,215.27772521972656,0.8369080424308777,-1,-1,-1
308,-1,89.21809387207031,61.6469612121582,215.78976440429688,212.45152282714844,0.9523788690567017,-1,-1,-1
309,-1,89.62155151367188,61.77954864501953,215.61871337890625,212.21824645996094,0.952755331993103,-1,-1,-1
310,-1,86.89508056640625,69.32146453857422,217.54681396484375,212.10116577148438,0.9316745400428772,-1,-1,-1
311,-1,86.91735076904297,69.44599151611328,217.54251098632812,212.11865234375,0.9363478422164917,-1,-1,-1
312,-1,87.91116333007812,64.64824676513672,216.96514892578125,212.7580108642578,0.9547073245048523,-1,-1,-1
313,-1,88.378662109375,64.56048583984375,216.70396423339844,212.74215698242188,0.9518430829048157,-1,-1,-1
314,-1,88.8175277709961,63.91141128540039,216.74314880371094,213.18153381347656,0.9411998987197876,-1,-1,-1
315,-1,88.62773132324219,63.81575393676758,216.93478393554688,213.25038146972656,0.9413907527923584,-1,-1,-1
316,-1,82.41307067871094,62.2067985534668,202.2698974609375,215.1733856201172,0.9570457935333252,-1,-1,-1
317,-1,82.36283111572266,62.34965133666992,202.13375854492188,215.14723205566406,0.9539508819580078,-1,-1,-1
318,-1,91.4864273071289,65.56375122070312,214.5205535888672,210.72311401367188,0.9479524493217468,-1,-1,-1
318,-1,253.22967529296875,134.74472045898438,295.3763122558594,167.4763946533203,0.5563893914222717,-1,-1,-1
319,-1,91.32263946533203,65.37996673583984,214.60630798339844,211.0546112060547,0.9501519799232483,-1,-1,-1
319,-1,253.298828125,134.7262420654297,295.37078857421875,167.4492950439453,0.5834669470787048,-1,-1,-1
320,-1,89.76446533203125,62.915740966796875,214.15406799316406,213.0487518310547,0.9923120737075806,-1,-1,-1
321,-1,89.76245880126953,63.05519485473633,214.36444091796875,212.85260009765625,0.9911752939224243,-1,-1,-1
322,-1,83.33792114257812,63.650184631347656,204.63772583007812,213.82167053222656,0.9954190850257874,-1,-1,-1
323,-1,83.25755310058594,63.58986282348633,204.66909790039062,213.8814697265625,0.9953195452690125,-1,-1,-1
324,-1,83.79279327392578,65.75645446777344,203.27833557128906,213.08334350585938,0.995711088180542,-1,-1,-1
325,-1,83.65415954589844,65.643310546875,203.47586059570312,213.27069091796875,0.9959904551506042,-1,-1,-1
326,-1,84.61128997802734,68.96649169921875,201.58973693847656,211.93466186523438,0.9835687279701233,-1,-1,-1
327,-1,84.99729919433594,68.92402648925781,201.2451934814453,211.6126708984375,0.9803584218025208,-1,-1,-1
328,-1,102.2747802734375,73.29618072509766,212.71897888183594,212.84103393554688,0.9839590787887573,-1,-1,-1
328,-1,168.45037841796875,105.29360961914062,208.50704956054688,200.55186462402344,0.6013233661651611,-1,-1,-1
329,-1,103.33226013183594,73.05503845214844,212.78536987304688,212.91580200195312,0.9837941527366638,-1,-1,-1
329,-1,168.33924865722656,105.29066467285156,208.62979125976562,200.38169860839844,0.6544366478919983,-1,-1,-1
330,-1,94.92633056640625,73.32237243652344,215.91224670410156,210.77207946777344,0.9898563623428345,-1,-1,-1
331,-1,94.9594497680664,73.50078582763672,216.0214080810547,210.66006469726562,0.9899285435676575,-1,-1,-1
332,-1,89.6578140258789,78.97286224365234,217.9735565185547,211.46633911132812,0.996891438961029,-1,-1,-1
333,-1,90.03543090820312,78.87150573730469,217.69229125976562,211.71104431152344,0.9969000220298767,-1,-1,-1
334,-1,92.53781127929688,83.3323974609375,217.92335510253906,211.16488647460938,0.9961611032485962,-1,-1,-1
335,-1,92.58622741699219,83.33712005615234,217.95733642578125,211.10203552246094,0.9960662722587585,-1,-1,-1
336,-1,92.01274871826172,91.08818054199219,220.1547393798828,208.72340393066406,0.9934897422790527,-1,-1,-1
336,-1,183.65689086914062,110.5694808959961,190.50369262695312,121.87899017333984,0.6622217893600464,-1,-1,-1
337,-1,92.34877014160156,91.08380889892578,220.0778045654297,208.79249572753906,0.9933773875236511,-1,-1,-1
337,-1,183.65081787109375,110.58528137207031,190.4979248046875,121.85789489746094,0.6395923495292664,-1,-1,-1
338,-1,94.06379699707031,98.17424774169922,223.17037963867188,208.55987548828125,0.9876147508621216,-1,-1,-1
338,-1,168.3914337158203,119.58309173583984,215.84303283691406,204.950439453125,0.7874928116798401,-1,-1,-1
339,-1,94.116455078125,98.16734313964844,223.12298583984375,208.6255340576172,0.9872861504554749,-1,-1,-1
339,-1,168.30101013183594,119.54035186767578,215.82589721679688,204.9602813720703,0.7955988645553589,-1,-1,-1
340,-1,179.22361755371094,119.87922668457031,220.74217224121094,204.9718780517578,0.8807310461997986,-1,-1,-1
340,-1,127.62958526611328,91.81415557861328,225.48809814453125,212.57174682617188,0.7747083306312561,-1,-1,-1
341,-1,179.24557495117188,119.91616821289062,220.77391052246094,204.9254608154297,0.8798450231552124,-1,-1,-1
341,-1,127.70282745361328,91.6919174194336,225.44049072265625,212.5994873046875,0.7737711071968079,-1,-1,-1
342,-1,143.93899536132812,117.98433685302734,225.9634552001953,212.15069580078125,0.6579208970069885,-1,-1,-1
343,-1,143.80560302734375,118.03876495361328,225.82827758789062,212.005126953125,0.6271166205406189,-1,-1,-1
354,-1,200.4531707763672,120.61663818359375,222.03932189941406,202.82278442382812,0.7403159737586975,-1,-1,-1
354,-1,245.16754150390625,134.4712677001953,291.6253356933594,166.07131958007812,0.6326359510421753,-1,-1,-1
355,-1,200.4254913330078,120.61885070800781,221.97813415527344,202.79832458496094,0.7282642722129822,-1,-1,-1
355,-1,245.04896545410156,134.46905517578125,291.6630859375,166.0662841796875,0.6423795819282532,-1,-1,-1
356,-1,202.53981018066406,119.06098175048828,221.1907958984375,187.95509338378906,0.7702552676200867,-1,-1,-1
356,-1,252.7658233642578,135.22463989257812,294.89093017578125,166.72401428222656,0.5473477244377136,-1,-1,-1
357,-1,202.53842163085938,118.85892486572266,221.13304138183594,188.13095092773438,0.7549808621406555,-1,-1,-1
357,-1,253.01361083984375,135.39608764648438,294.799072265625,166.73068237304688,0.5116483569145203,-1,-1,-1
358,-1,201.50491333007812,116.97640991210938,222.95681762695312,187.1824951171875,0.782467246055603,-1,-1,-1
359,-1,201.48008728027344,117.02932739257812,222.88389587402344,187.322998046875,0.7862029075622559,-1,-1,-1
360,-1,199.67343139648438,118.84009552001953,223.40313720703125,184.8186798095703,0.654168963432312,-1,-1,-1
360,-1,244.2819061279297,133.61105346679688,291.9330139160156,166.84500122070312,0.5760682821273804,-1,-1,-1
361,-1,199.65269470214844,118.97578430175781,223.37159729003906,184.80560302734375,0.6971030235290527,-1,-1,-1
361,-1,244.15872192382812,133.5892791748047,292.07073974609375,166.90440368652344,0.5618458390235901,-1,-1,-1
362,-1,244.0298614501953,132.4539337158203,291.7896423339844,166.9739990234375,0.5828154683113098,-1,-1,-1
363,-1,244.06930541992188,132.55523681640625,291.84124755859375,166.9371795654297,0.5768121480941772,-1,-1,-1
364,-1,243.51454162597656,131.6001434326172,292.3186340332031,166.2897491455078,0.6021611094474792,-1,-1,-1
365,-1,243.49610900878906,131.55270385742188,292.4239807128906,166.2348175048828,0.5858216285705566,-1,-1,-1
366,-1,243.9467010498047,131.39474487304688,291.86236572265625,166.81626892089844,0.6664788126945496,-1,-1,-1
367,-1,243.88018798828125,131.37107849121094,291.88720703125,166.88784790039062,0.6691111326217651,-1,-1,-1
368,-1,244.99246215820312,132.8007049560547,291.29534912109375,166.4279327392578,0.5904326438903809,-1,-1,-1
369,-1,244.85791015625,132.79318237304688,291.3484802246094,166.44862365722656,0.5960155725479126,-1,-1,-1
374,-1,254.05111694335938,134.46324157714844,294.7144775390625,166.77432250976562,0.5524317622184753,-1,-1,-1
375,-1,253.92568969726562,134.43190002441406,294.6471252441406,166.69935607910156,0.5387752652168274,-1,-1,-1
390,-1,244.90512084960938,133.6676025390625,292.03594970703125,165.79489135742188,0.5326638221740723,-1,-1,-1
391,-1,244.86952209472656,133.54319763183594,292.0660095214844,165.79940795898438,0.5288498997688293,-1,-1,-1
420,-1,252.13059997558594,133.57684326171875,294.67633056640625,165.1409912109375,0.6369478106498718,-1,-1,-1
421,-1,252.60067749023438,133.46168518066406,294.5421447753906,165.26318359375,0.6054521203041077,-1,-1,-1
422,-1,251.30662536621094,134.51919555664062,294.7071533203125,164.6575927734375,0.647121787071228,-1,-1,-1
423,-1,251.47080993652344,134.89230346679688,294.6646728515625,164.88134765625,0.6335377097129822,-1,-1,-1
426,-1,250.55345153808594,135.80577087402344,294.9901428222656,165.23419189453125,0.6693506836891174,-1,-1,-1
427,-1,250.6001434326172,135.76705932617188,294.95574951171875,165.32142639160156,0.674493134021759,-1,-1,-1
428,-1,251.91429138183594,136.22772216796875,294.8769836425781,165.11378479003906,0.628361701965332,-1,-1,-1
429,-1,251.8639373779297,136.1650390625,294.8760681152344,165.1132354736328,0.6543984413146973,-1,-1,-1
430,-1,252.26959228515625,136.25791931152344,294.45550537109375,165.29296875,0.5101054310798645,-1,-1,-1
431,-1,252.22947692871094,136.14501953125,294.4549255371094,165.327392578125,0.5358108282089233,-1,-1,-1
432,-1,252.5157470703125,135.1584930419922,294.09051513671875,165.49935913085938,0.569739818572998,-1,-1,-1
433,-1,252.70729064941406,135.36927795410156,294.1705627441406,165.62298583984375,0.5672826766967773,-1,-1,-1
434,-1,251.81683349609375,135.15603637695312,294.4216613769531,165.37551879882812,0.5916848182678223,-1,-1,-1
435,-1,251.91082763671875,135.1477508544922,294.4228515625,165.3765869140625,0.5746755003929138,-1,-1,-1
436,-1,245.32386779785156,133.37661743164062,292.2767333984375,165.39492797851562,0.627726137638092,-1,-1,-1
437,-1,245.25216674804688,133.40061950683594,292.2863464355469,165.4185791015625,0.6017783284187317,-1,-1,-1
438,-1,245.5132293701172,134.16709899902344,292.089111328125,165.099365234375,0.6544955968856812,-1,-1,-1
439,-1,245.47842407226562,134.05116271972656,292.0990905761719,165.1280517578125,0.6779319047927856,-1,-1,-1
440,-1,251.602294921875,135.1263427734375,294.4082946777344,165.7017364501953,0.5841790437698364,-1,-1,-1
441,-1,251.60911560058594,135.01329040527344,294.3524169921875,165.82928466796875,0.5993101596832275,-1,-1,-1
442,-1,246.011474609375,134.53082275390625,291.9173278808594,165.09939575195312,0.6134810447692871,-1,-1,-1
443,-1,246.07058715820312,134.62806701660156,291.8607177734375,165.17259216308594,0.594401478767395,-1,-1,-1
444,-1,245.7974090576172,135.041259765625,291.7336730957031,164.81858825683594,0.5148733258247375,-1,-1,-1
445,-1,245.85910034179688,134.92747497558594,291.7369384765625,164.77493286132812,0.545783519744873,-1,-1,-1
446,-1,251.85813903808594,135.8179473876953,294.44970703125,166.13539123535156,0.5686759948730469,-1,-1,-1
447,-1,251.88241577148438,135.87078857421875,294.50665283203125,166.1217498779297,0.5728608965873718,-1,-1,-1
448,-1,252.20541381835938,135.8020477294922,294.13726806640625,166.29681396484375,0.5418115258216858,-1,-1,-1
449,-1,252.20660400390625,135.87567138671875,294.1278991699219,166.31011962890625,0.5512359738349915,-1,-1,-1
478,-1,254.23858642578125,136.30459594726562,295.18487548828125,166.00245666503906,0.5878003239631653,-1,-1,-1
479,-1,253.77256774902344,136.26686096191406,295.1866455078125,165.87188720703125,0.605512261390686,-1,-1,-1
481,-1,252.47618103027344,134.021484375,294.79827880859375,166.6553192138672,0.5148313045501709,-1,-1,-1
494,-1,252.1820831298828,134.74473571777344,294.5632019042969,166.71517944335938,0.6227538585662842,-1,-1,-1
495,-1,252.08859252929688,134.7014617919922,294.6045837402344,166.68948364257812,0.6257654428482056,-1,-1,-1
496,-1,245.14178466796875,132.41165161132812,292.33837890625,165.70346069335938,0.5482770800590515,-1,-1,-1
497,-1,245.133056640625,132.3404998779297,292.3426208496094,165.6544189453125,0.5538902282714844,-1,-1,-1
504,-1,253.44921875,135.71722412109375,293.9933166503906,166.92935180664062,0.5186671614646912,-1,-1,-1
505,-1,253.44412231445312,135.71434020996094,294.017822265625,166.92794799804688,0.517593502998352,-1,-1,-1
506,-1,252.0228729248047,135.3534393310547,294.3524475097656,166.85940551757812,0.5230739712715149,-1,-1,-1
507,-1,252.0633087158203,135.2825927734375,294.33001708984375,166.9882354736328,0.516934335231781,-1,-1,-1
530,-1,252.25242614746094,136.031005859375,294.7658996582031,165.98892211914062,0.5075734257698059,-1,-1,-1
531,-1,252.33328247070312,135.9221954345703,294.7232666015625,165.98866271972656,0.5129303932189941,-1,-1,-1
532,-1,251.9967498779297,136.14913940429688,294.94140625,166.05010986328125,0.5647645592689514,-1,-1,-1
533,-1,251.84042358398438,136.0797882080078,294.9719543457031,166.07742309570312,0.5840635299682617,-1,-1,-1
534,-1,251.85752868652344,136.07997131347656,295.2218933105469,166.09097290039062,0.5455402135848999,-1,-1,-1
535,-1,251.85629272460938,136.1400909423828,295.2157287597656,166.10821533203125,0.5511017441749573,-1,-1,-1
540,-1,250.92713928222656,135.1246337890625,294.3725891113281,164.34222412109375,0.5729118585586548,-1,-1,-1
541,-1,251.0877227783203,135.08770751953125,294.3733825683594,164.39060974121094,0.5697085857391357,-1,-1,-1
544,-1,253.06336975097656,134.0780029296875,294.0404052734375,164.93698120117188,0.5878728628158569,-1,-1,-1
545,-1,253.01168823242188,134.1490478515625,294.0515441894531,165.0420379638672,0.5767888426780701,-1,-1,-1
546,-1,251.81724548339844,133.94992065429688,294.43603515625,164.1799774169922,0.6878169178962708,-1,-1,-1
547,-1,251.80300903320312,133.97625732421875,294.4373779296875,164.1741180419922,0.7067544460296631,-1,-1,-1
548,-1,251.08782958984375,134.5222625732422,294.569580078125,164.9586181640625,0.6989556550979614,-1,-1,-1
549,-1,251.10374450683594,134.5322723388672,294.5617980957031,165.07763671875,0.6968090534210205,-1,-1,-1
550,-1,252.03286743164062,134.98013305664062,294.282958984375,165.30523681640625,0.672927975654602,-1,-1,-1
551,-1,252.14556884765625,135.0193634033203,294.21978759765625,165.2816925048828,0.6743162870407104,-1,-1,-1
552,-1,252.36550903320312,134.36862182617188,294.1676940917969,165.93772888183594,0.5576530694961548,-1,-1,-1
553,-1,252.21954345703125,134.42501831054688,294.2108459472656,165.98638916015625,0.5564895272254944,-1,-1,-1
554,-1,252.62977600097656,134.85467529296875,294.26513671875,165.75343322753906,0.512893795967102,-1,-1,-1
555,-1,252.75587463378906,134.85501098632812,294.2515869140625,165.83590698242188,0.5325413346290588,-1,-1,-1
556,-1,252.9598846435547,134.74708557128906,294.3165283203125,166.42770385742188,0.519304633140564,-1,-1,-1
557,-1,253.2362060546875,134.86221313476562,294.2811279296875,166.44630432128906,0.5052067637443542,-1,-1,-1
558,-1,253.2595977783203,134.602783203125,294.2053527832031,165.72454833984375,0.5539112091064453,-1,-1,-1
559,-1,253.360595703125,134.52853393554688,294.1473693847656,165.7422332763672,0.5580989122390747,-1,-1,-1
560,-1,245.44186401367188,134.10853576660156,291.2608947753906,165.3576202392578,0.5501684546470642,-1,-1,-1
561,-1,245.55523681640625,134.12091064453125,291.2122497558594,165.31240844726562,0.5436496138572693,-1,-1,-1
572,-1,253.29653930664062,135.42633056640625,294.3854675292969,165.69345092773438,0.5103710293769836,-1,-1,-1
573,-1,253.34002685546875,135.43341064453125,294.3716735839844,165.70840454101562,0.5080538392066956,-1,-1,-1
574,-1,253.421142578125,135.53756713867188,294.4567565917969,165.32395935058594,0.5867047905921936,-1,-1,-1
575,-1,253.47607421875,135.53189086914062,294.4481201171875,165.2597198486328,0.5768939852714539,-1,-1,-1
582,-1,245.6366729736328,132.9511260986328,291.67449951171875,165.08953857421875,0.5024844408035278,-1,-1,-1
583,-1,245.62132263183594,132.96510314941406,291.67022705078125,165.05079650878906,0.5291852951049805,-1,-1,-1
584,-1,246.17257690429688,133.26370239257812,291.64385986328125,164.7286376953125,0.6508104801177979,-1,-1,-1
585,-1,246.14492797851562,133.1714630126953,291.66278076171875,164.69403076171875,0.6366661190986633,-1,-1,-1
586,-1,245.87704467773438,133.72335815429688,291.8232421875,164.91354370117188,0.5898194313049316,-1,-1,-1
587,-1,245.9410400390625,133.868408203125,291.7801208496094,164.9195098876953,0.5819608569145203,-1,-1,-1
588,-1,245.4446563720703,133.4438018798828,292.13177490234375,165.27919006347656,0.5181182622909546,-1,-1,-1
589,-1,245.4512176513672,133.3994140625,292.1380310058594,165.27056884765625,0.5164485573768616,-1,-1,-1
592,-1,245.04983520507812,132.88270568847656,292.0476989746094,165.0973358154297,0.6424052119255066,-1,-1,-1
593,-1,244.96827697753906,132.87367248535156,292.1054992675781,165.11634826660156,0.6622068881988525,-1,-1,-1
594,-1,244.99917602539062,133.40151977539062,291.96337890625,165.42611694335938,0.566940426826477,-1,-1,-1
595,-1,244.83624267578125,133.46707153320312,292.044189453125,165.45138549804688,0.5937842130661011,-1,-1,-1
605,-1,252.16224670410156,136.48165893554688,294.5654296875,165.18109130859375,0.5014022588729858,-1,-1,-1
614,-1,244.82022094726562,135.00177001953125,292.16949462890625,165.14389038085938,0.5194417238235474,-1,-1,-1
615,-1,244.80349731445312,134.90382385253906,292.1374206542969,165.12120056152344,0.5201048851013184,-1,-1,-1
616,-1,244.68020629882812,134.50257873535156,292.2469482421875,165.7476806640625,0.5315613746643066,-1,-1,-1
617,-1,244.65847778320312,134.4091339111328,292.2615661621094,165.95559692382812,0.5199117660522461,-1,-1,-1
632,-1,256.2353210449219,136.2715606689453,294.2969665527344,167.10134887695312,0.5039032697677612,-1,-1,-1
660,-1,253.39337158203125,135.26597595214844,294.70074462890625,165.9286346435547,0.5189695954322815,-1,-1,-1
661,-1,253.56153869628906,135.2415771484375,294.551513671875,165.89549255371094,0.5137563347816467,-1,-1,-1
662,-1,252.02389526367188,135.71139526367188,294.47955322265625,165.3533477783203,0.586207389831543,-1,-1,-1
663,-1,252.10391235351562,135.53524780273438,294.4595642089844,165.25137329101562,0.584769070148468,-1,-1,-1
666,-1,251.65711975097656,135.2643585205078,294.4960632324219,165.6384735107422,0.6434237360954285,-1,-1,-1
667,-1,251.80172729492188,135.21006774902344,294.4281311035156,165.81991577148438,0.6431499123573303,-1,-1,-1
698,-1,253.67593383789062,134.9626922607422,295.51116943359375,165.62823486328125,0.5025964975357056,-1,-1,-1
702,-1,252.99391174316406,134.66635131835938,294.637451171875,165.78831481933594,0.5181991457939148,-1,-1,-1
703,-1,252.75572204589844,134.61524963378906,294.7032470703125,165.68331909179688,0.5219103097915649,-1,-1,-1
750,-1,254.332275390625,134.6392364501953,294.02423095703125,166.6343231201172,0.5030806660652161,-1,-1,-1
756,-1,252.4388427734375,133.71629333496094,294.73443603515625,166.98577880859375,0.5686578154563904,-1,-1,-1
757,-1,252.61492919921875,133.8312225341797,294.66534423828125,166.9448699951172,0.5511252880096436,-1,-1,-1
758,-1,253.7008514404297,134.17185974121094,294.7060852050781,166.73046875,0.5547708868980408,-1,-1,-1
759,-1,253.6506805419922,134.0979461669922,294.6658020019531,166.66419982910156,0.5598662495613098,-1,-1,-1
760,-1,255.13967895507812,133.7729949951172,294.78289794921875,166.80165100097656,0.5079489946365356,-1,-1,-1
780,-1,255.09275817871094,134.96817016601562,294.2922058105469,166.54766845703125,0.5811225175857544,-1,-1,-1
781,-1,254.92007446289062,134.9940185546875,294.3201904296875,166.59628295898438,0.5733113288879395,-1,-1,-1
782,-1,254.72076416015625,134.8271484375,294.12237548828125,166.03750610351562,0.5418967604637146,-1,-1,-1
783,-1,254.63327026367188,134.7552490234375,294.1175231933594,165.93472290039062,0.5703461766242981,-1,-1,-1
784,-1,254.10874938964844,134.68345642089844,294.93609619140625,166.80552673339844,0.5235368609428406,-1,-1,-1
785,-1,254.32620239257812,134.8013153076172,294.9396057128906,166.8145751953125,0.513347864151001,-1,-1,-1
790,-1,253.25538635253906,134.34730529785156,295.1256408691406,166.66043090820312,0.634943962097168,-1,-1,-1
791,-1,253.21275329589844,134.342529296875,295.1590576171875,166.61019897460938,0.6333290338516235,-1,-1,-1
792,-1,253.6288604736328,135.0418701171875,295.4642333984375,166.19708251953125,0.5126807689666748,-1,-1,-1
793,-1,253.72056579589844,135.03292846679688,295.4427490234375,166.25485229492188,0.5065852999687195,-1,-1,-1
798,-1,252.06520080566406,134.71969604492188,295.400146484375,166.97999572753906,0.5708444118499756,-1,-1,-1
799,-1,252.01353454589844,134.61851501464844,295.39410400390625,166.99130249023438,0.6022742986679077,-1,-1,-1
810,-1,251.8461456298828,134.62330627441406,295.1336975097656,166.12448120117188,0.6471021175384521,-1,-1,-1
811,-1,252.27886962890625,134.67750549316406,295.1437683105469,166.16452026367188,0.6724419593811035,-1,-1,-1
812,-1,252.8041229248047,134.36370849609375,294.4932861328125,165.48797607421875,0.5037925243377686,-1,-1,-1
841,-1,243.04766845703125,134.9925994873047,292.9214782714844,164.78189086914062,0.516948938369751,-1,-1,-1
864,-1,252.69998168945312,134.93771362304688,294.2821044921875,166.13385009765625,0.5708632469177246,-1,-1,-1
865,-1,252.76370239257812,134.9329376220703,294.2847595214844,166.084716796875,0.565980076789856,-1,-1,-1
940,-1,252.5945281982422,134.8370361328125,294.01287841796875,166.29615783691406,0.5173894166946411,-1,-1,-1
941,-1,252.73129272460938,134.86013793945312,294.036865234375,166.3576202392578,0.5087097883224487,-1,-1,-1
942,-1,253.16819763183594,134.89614868164062,294.1887512207031,166.4164581298828,0.529549241065979,-1,-1,-1
943,-1,253.2493896484375,134.87669372558594,294.1946716308594,166.44091796875,0.5509272813796997,-1,-1,-1
986,-1,253.4535369873047,135.06272888183594,293.84710693359375,167.21978759765625,0.5118315815925598,-1,-1,-1
988,-1,246.541748046875,133.71168518066406,290.6932678222656,165.7092742919922,0.5273264646530151,-1,-1,-1
989,-1,246.58143615722656,133.6267852783203,290.69342041015625,165.68927001953125,0.5250309109687805,-1,-1,-1
1012,-1,252.3674774169922,135.32733154296875,294.03936767578125,166.99124145507812,0.5032417178153992,-1,-1,-1
1013,-1,252.29490661621094,135.38536071777344,294.029052734375,167.01400756835938,0.5023654103279114,-1,-1,-1
1114,-1,251.11236572265625,135.25205993652344,294.52960205078125,166.0870819091797,0.6391586065292358,-1,-1,-1
1115,-1,251.14988708496094,135.29771423339844,294.52789306640625,166.09104919433594,0.6261298656463623,-1,-1,-1
1116,-1,245.9766387939453,133.31265258789062,291.5673522949219,165.1845703125,0.516427218914032,-1,-1,-1
1117,-1,251.4884796142578,134.49020385742188,294.2026672363281,165.74537658691406,0.5004184246063232,-1,-1,-1
1122,-1,251.57289123535156,135.7600860595703,294.3666687011719,166.11431884765625,0.5007001757621765,-1,-1,-1
1126,-1,245.78500366210938,132.95840454101562,291.70263671875,164.8539581298828,0.5740854740142822,-1,-1,-1
1127,-1,245.6747283935547,132.89515686035156,291.749755859375,164.90464782714844,0.5462309122085571,-1,-1,-1
1128,-1,245.72877502441406,132.88722229003906,291.8618469238281,164.915771484375,0.5391602516174316,-1,-1,-1
1129,-1,245.8831024169922,133.04931640625,291.79693603515625,165.002197265625,0.5239812731742859,-1,-1,-1
1132,-1,245.4876708984375,133.63002014160156,291.56451416015625,164.97946166992188,0.6337723731994629,-1,-1,-1
1133,-1,245.28245544433594,133.48773193359375,291.5801696777344,165.17813110351562,0.6103659868240356,-1,-1,-1
1145,-1,252.12425231933594,133.89859008789062,294.436279296875,164.27932739257812,0.512732207775116,-1,-1,-1
1154,-1,246.0206756591797,132.84686279296875,292.1848449707031,164.5272216796875,0.6587619781494141,-1,-1,-1
1155,-1,246.10067749023438,132.93878173828125,292.107421875,164.51345825195312,0.655225396156311,-1,-1,-1
1156,-1,244.7599639892578,133.6707000732422,292.1215515136719,165.38247680664062,0.7192286849021912,-1,-1,-1
1157,-1,244.671142578125,133.5657196044922,292.1151428222656,165.50558471679688,0.7118727564811707,-1,-1,-1
1158,-1,243.8174285888672,134.27818298339844,292.4886474609375,165.42996215820312,0.6885637640953064,-1,-1,-1
1159,-1,243.6599884033203,134.23974609375,292.4854736328125,165.50924682617188,0.695039689540863,-1,-1,-1
1160,-1,243.44940185546875,133.46665954589844,292.40924072265625,166.08255004882812,0.6827165484428406,-1,-1,-1
1161,-1,243.47451782226562,133.4528350830078,292.36700439453125,165.97100830078125,0.6758231520652771,-1,-1,-1
1162,-1,243.30752563476562,133.15777587890625,292.4920349121094,165.75450134277344,0.7719770669937134,-1,-1,-1
1163,-1,243.30902099609375,133.22581481933594,292.4805908203125,165.74966430664062,0.7581400871276855,-1,-1,-1
1164,-1,244.95614624023438,133.49319458007812,291.7843933105469,164.74705505371094,0.7250529527664185,-1,-1,-1
1165,-1,245.0428924560547,133.4556121826172,291.7635192871094,164.7007598876953,0.7148246169090271,-1,-1,-1
1166,-1,243.7627410888672,133.31118774414062,292.31072998046875,165.9613800048828,0.7750865817070007,-1,-1,-1
1167,-1,243.67562866210938,133.31202697753906,292.3402099609375,165.998046875,0.7783379554748535,-1,-1,-1
1168,-1,244.64657592773438,133.3113250732422,292.3272399902344,165.05409240722656,0.7779161930084229,-1,-1,-1
1169,-1,244.66351318359375,133.33343505859375,292.299560546875,165.1183319091797,0.7673475742340088,-1,-1,-1
1254,-1,253.07655334472656,135.43980407714844,294.298583984375,166.2799530029297,0.6041298508644104,-1,-1,-1
1255,-1,252.97019958496094,135.36599731445312,294.3185729980469,166.28504943847656,0.6128486394882202,-1,-1,-1
1256,-1,252.65785217285156,134.80328369140625,294.07568359375,165.29171752929688,0.6188362836837769,-1,-1,-1
1257,-1,252.5140380859375,134.8015899658203,294.1201171875,165.20687866210938,0.609790027141571,-1,-1,-1
1258,-1,252.18960571289062,134.96414184570312,294.3965759277344,165.6187744140625,0.5275193452835083,-1,-1,-1
1259,-1,252.21266174316406,134.96412658691406,294.3831787109375,165.62094116210938,0.5264695286750793,-1,-1,-1
