1,-1,192.39218139648438,107.40343475341797,257.9756774902344,187.94949340820312,0.992900550365448,-1,-1,-1
2,-1,192.3914794921875,107.3816146850586,257.9794616699219,187.9338836669922,0.9929392337799072,-1,-1,-1
3,-1,190.8371124267578,106.60132598876953,257.84161376953125,189.3460693359375,0.9937136173248291,-1,-1,-1
4,-1,189.64254760742188,107.06651306152344,259.31646728515625,190.97006225585938,0.994913637638092,-1,-1,-1
5,-1,189.64454650878906,107.0318832397461,259.383056640625,191.1138916015625,0.9947501420974731,-1,-1,-1
6,-1,189.18821716308594,105.82919311523438,259.75140380859375,192.22927856445312,0.9969445466995239,-1,-1,-1
7,-1,188.27560424804688,106.02020263671875,258.13623046875,192.91270446777344,0.9956082105636597,-1,-1,-1
8,-1,185.90667724609375,104.16024780273438,251.05621337890625,185.75112915039062,0.9980279803276062,-1,-1,-1
9,-1,183.9307403564453,103.13275909423828,248.2239990234375,182.783203125,0.9987722039222717,-1,-1,-1
10,-1,181.22134399414062,103.21025085449219,246.69090270996094,182.914306640625,0.9975700378417969,-1,-1,-1
11,-1,181.42474365234375,103.0118637084961,246.70677185058594,182.68443298339844,0.9973964691162109,-1,-1,-1
12,-1,180.79544067382812,96.61455535888672,244.32180786132812,180.07118225097656,0.9969891309738159,-1,-1,-1
13,-1,180.74851989746094,95.49677276611328,241.81814575195312,178.9349822998047,0.9956305027008057,-1,-1,-1
14,-1,175.9409942626953,100.5438232421875,242.52713012695312,177.26589965820312,0.9883192181587219,-1,-1,-1
15,-1,176.8804168701172,95.4846420288086,237.0752716064453,176.858642578125,0.981596052646637,-1,-1,-1
16,-1,171.89840698242188,97.17266082763672,238.64073181152344,178.04132080078125,0.9842888712882996,-1,-1,-1
17,-1,171.85366821289062,97.13410186767578,238.62265014648438,177.87982177734375,0.9853182435035706,-1,-1,-1
18,-1,171.29318237304688,95.94904327392578,236.87086486816406,178.1901397705078,0.993770182132721,-1,-1,-1
19,-1,169.92662048339844,95.23982238769531,234.58743286132812,176.2997283935547,0.991044819355011,-1,-1,-1
20,-1,168.24476623535156,95.03303527832031,234.9350128173828,179.70274353027344,0.9868034720420837,-1,-1,-1
21,-1,167.0801544189453,94.15043640136719,234.0381622314453,180.59539794921875,0.9888826608657837,-1,-1,-1
22,-1,166.24398803710938,94.11064147949219,233.31118774414062,181.16680908203125,0.9855167269706726,-1,-1,-1
23,-1,166.2940216064453,94.1895980834961,233.30230712890625,181.06491088867188,0.9856849908828735,-1,-1,-1
24,-1,166.6352996826172,91.75830841064453,233.4001922607422,183.20303344726562,0.9797038435935974,-1,-1,-1
25,-1,165.83518981933594,91.34015655517578,233.545654296875,183.48329162597656,0.9824655055999756,-1,-1,-1
26,-1,164.35894775390625,91.35386657714844,233.7533416748047,187.1714630126953,0.9663636684417725,-1,-1,-1
27,-1,163.73704528808594,90.14306640625,234.21450805664062,186.0643768310547,0.978182852268219,-1,-1,-1
28,-1,163.5838165283203,88.01812744140625,233.81735229492188,190.37428283691406,0.9827303886413574,-1,-1,-1
29,-1,163.52725219726562,88.18132019042969,233.81094360351562,190.20606994628906,0.9833037257194519,-1,-1,-1
30,-1,163.85330200195312,86.52963256835938,233.18345642089844,192.5084228515625,0.9815516471862793,-1,-1,-1
31,-1,159.06820678710938,83.056884765625,231.4256591796875,194.93914794921875,0.9839964509010315,-1,-1,-1
32,-1,158.40493774414062,80.66478729248047,231.41358947753906,194.90980529785156,0.9800621867179871,-1,-1,-1
33,-1,156.8894805908203,81.18218994140625,231.9292449951172,173.69590759277344,0.9907408356666565,-1,-1,-1
34,-1,155.05543518066406,78.51374053955078,231.3821563720703,172.77005004882812,0.9753214716911316,-1,-1,-1
35,-1,155.09332275390625,78.5716552734375,231.3375701904297,172.8211212158203,0.9743557572364807,-1,-1,-1
36,-1,152.4073944091797,76.76081848144531,231.058349609375,174.2035369873047,0.9908404350280762,-1,-1,-1
37,-1,148.8424835205078,75.37567138671875,230.73605346679688,173.51226806640625,0.9903770685195923,-1,-1,-1
38,-1,148.9003448486328,73.42051696777344,229.89976501464844,172.03387451171875,0.9911357760429382,-1,-1,-1
39,-1,146.98690795898438,73.57392120361328,229.01101684570312,172.28610229492188,0.9840413928031921,-1,-1,-1
40,-1,142.6624755859375,71.01148986816406,230.14273071289062,208.32955932617188,0.9606284499168396,-1,-1,-1
41,-1,142.72898864746094,71.05689239501953,230.1229705810547,208.34022521972656,0.963170051574707,-1,-1,-1
42,-1,141.0415496826172,70.7403335571289,229.74383544921875,206.2892608642578,0.9903110265731812,-1,-1,-1
43,-1,142.03369140625,68.54203796386719,226.75692749023438,209.04396057128906,0.9957877993583679,-1,-1,-1
44,-1,141.004638671875,67.16075897216797,225.6637420654297,208.59959411621094,0.9961939454078674,-1,-1,-1
45,-1,138.96241760253906,66.2048568725586,224.65084838867188,206.4181671142578,0.9955354332923889,-1,-1,-1
46,-1,134.520263671875,65.3326644897461,222.08570861816406,206.85665893554688,0.9904677867889404,-1,-1,-1
47,-1,134.32174682617188,65.2947769165039,222.17933654785156,206.8829345703125,0.9903215765953064,-1,-1,-1
48,-1,133.1274871826172,65.7757797241211,219.25559997558594,205.70997619628906,0.9868242740631104,-1,-1,-1
49,-1,128.4945526123047,64.5631332397461,220.01812744140625,192.80299377441406,0.9790279269218445,-1,-1,-1
50,-1,119.72361755371094,66.6790771484375,211.7477264404297,204.1149139404297,0.9917176365852356,-1,-1,-1
51,-1,114.12383270263672,65.10610961914062,209.9105987548828,204.79510498046875,0.9927393198013306,-1,-1,-1
52,-1,109.24436950683594,58.37913131713867,205.19186401367188,192.93804931640625,0.9927536845207214,-1,-1,-1
53,-1,109.38238525390625,58.29725646972656,205.33602905273438,193.00318908691406,0.9921342134475708,-1,-1,-1
54,-1,109.40807342529297,55.6724853515625,205.16136169433594,217.05465698242188,0.987747311592102,-1,-1,-1
55,-1,101.6297836303711,52.4694709777832,200.23760986328125,190.7642059326172,0.9747010469436646,-1,-1,-1
56,-1,92.13004302978516,51.86292266845703,193.49697875976562,184.7255859375,0.9701467752456665,-1,-1,-1
57,-1,87.06038665771484,50.056034088134766,194.34750366210938,186.90553283691406,0.9858688116073608,-1,-1,-1
58,-1,82.15023803710938,47.82611083984375,192.8440704345703,191.6913299560547,0.9864111542701721,-1,-1,-1
59,-1,82.08528137207031,47.86361312866211,192.86215209960938,191.58969116210938,0.9867342710494995,-1,-1,-1
60,-1,81.6257553100586,46.01506423950195,188.80087280273438,187.43682861328125,0.9840430617332458,-1,-1,-1
61,-1,79.42992401123047,43.76396560668945,185.71627807617188,188.6988525390625,0.9716806411743164,-1,-1,-1
62,-1,71.98197174072266,41.20589828491211,185.2960205078125,159.29774475097656,0.9850401878356934,-1,-1,-1
63,-1,70.4054183959961,39.19212341308594,183.18093872070312,159.0630340576172,0.9811103940010071,-1,-1,-1
64,-1,67.0335464477539,37.74287033081055,184.35240173339844,158.76235961914062,0.9764963984489441,-1,-1,-1
65,-1,66.99845123291016,37.6861457824707,184.36441040039062,158.9241943359375,0.9764713644981384,-1,-1,-1
66,-1,58.25049591064453,38.755821228027344,180.42584228515625,156.28582763671875,0.9821152687072754,-1,-1,-1
67,-1,56.83318328857422,36.711090087890625,178.2794952392578,157.59854125976562,0.9898689389228821,-1,-1,-1
68,-1,54.7678337097168,37.36539840698242,175.1465606689453,160.35092163085938,0.992563009262085,-1,-1,-1
69,-1,53.933937072753906,37.14823913574219,174.0780792236328,160.13873291015625,0.9851231575012207,-1,-1,-1
70,-1,51.143272399902344,34.393985748291016,172.07369995117188,161.27899169921875,0.9790344834327698,-1,-1,-1
71,-1,51.16188049316406,34.360172271728516,172.07374572753906,161.41220092773438,0.9793233871459961,-1,-1,-1
72,-1,48.75877380371094,32.788917541503906,169.919921875,161.65443420410156,0.9875723719596863,-1,-1,-1
73,-1,43.82636260986328,30.881956100463867,168.0464324951172,160.00282287597656,0.980999231338501,-1,-1,-1
74,-1,36.66183853149414,30.60066795349121,167.1629180908203,159.36199951171875,0.9601243138313293,-1,-1,-1
75,-1,33.00563049316406,33.771385192871094,158.1936492919922,151.12356567382812,0.9483931660652161,-1,-1,-1
76,-1,27.11043930053711,33.48412322998047,159.3274383544922,153.69418334960938,0.9283892512321472,-1,-1,-1
77,-1,27.126846313476562,33.430240631103516,159.36793518066406,153.70960998535156,0.9311461448669434,-1,-1,-1
78,-1,27.402965545654297,32.14011764526367,157.95643615722656,152.6284942626953,0.828975260257721,-1,-1,-1
79,-1,20.643638610839844,32.47816848754883,161.0017547607422,149.5890655517578,0.8139760494232178,-1,-1,-1
80,-1,17.918350219726562,31.870405197143555,156.24053955078125,149.5613555908203,0.7723303437232971,-1,-1,-1
81,-1,11.850234031677246,31.68985939025879,158.49755859375,147.4288330078125,0.7173120379447937,-1,-1,-1
82,-1,10.33477783203125,32.5587158203125,156.83424377441406,149.06097412109375,0.5984287858009338,-1,-1,-1
83,-1,10.215283393859863,32.459720611572266,157.000732421875,149.24778747558594,0.5876591801643372,-1,-1,-1
