3,-1,109.33885192871094,131.99420166015625,133.21409606933594,174.04690551757812,0.505048930644989,-1,-1,-1
3,-1,251.44754028320312,55.000587463378906,261.27191162109375,78.28624725341797,0.5020999312400818,-1,-1,-1
4,-1,109.38360595703125,131.93881225585938,133.2784423828125,173.8854522705078,0.5465466380119324,-1,-1,-1
5,-1,109.3868637084961,131.96263122558594,133.2961883544922,173.89918518066406,0.5498147010803223,-1,-1,-1
6,-1,109.06895446777344,131.24093627929688,133.3821258544922,173.53472900390625,0.5343585014343262,-1,-1,-1
7,-1,108.70524597167969,131.30868530273438,133.5433807373047,174.14073181152344,0.5457380414009094,-1,-1,-1
12,-1,138.6495819091797,86.39089965820312,153.75779724121094,110.58406066894531,0.5370792746543884,-1,-1,-1
13,-1,138.60899353027344,86.40056610107422,153.84967041015625,110.58096313476562,0.6234964728355408,-1,-1,-1
14,-1,110.12664031982422,132.85189819335938,133.46133422851562,171.32186889648438,0.7551348805427551,-1,-1,-1
14,-1,138.560546875,86.5524673461914,153.9622344970703,110.64414978027344,0.6663493514060974,-1,-1,-1
14,-1,115.90935516357422,90.90943145751953,132.50927734375,116.67157745361328,0.5002195239067078,-1,-1,-1
15,-1,109.5939712524414,132.89315795898438,133.71080017089844,171.57740783691406,0.7778794765472412,-1,-1,-1
15,-1,138.54685974121094,86.49928283691406,153.91275024414062,110.72603607177734,0.6965351700782776,-1,-1,-1
16,-1,109.51729583740234,132.58819580078125,134.00466918945312,172.4420928955078,0.8022504448890686,-1,-1,-1
16,-1,138.51170349121094,86.35939025878906,153.8789520263672,110.93029022216797,0.7051400542259216,-1,-1,-1
17,-1,109.47566986083984,132.535400390625,134.00393676757812,172.43067932128906,0.7991839647293091,-1,-1,-1
17,-1,138.5155792236328,86.32398986816406,153.8673553466797,110.95709991455078,0.6925522685050964,-1,-1,-1
18,-1,112.592529296875,132.17745971679688,135.1259307861328,172.50685119628906,0.6888959407806396,-1,-1,-1
18,-1,138.46347045898438,85.99476623535156,153.8564910888672,111.12641906738281,0.6489747166633606,-1,-1,-1
19,-1,108.95597839355469,131.51242065429688,134.44723510742188,173.90365600585938,0.707592785358429,-1,-1,-1
19,-1,138.53143310546875,86.15105438232422,153.8248291015625,111.07355499267578,0.5845022201538086,-1,-1,-1
20,-1,109.05640411376953,131.48709106445312,134.28782653808594,173.9513702392578,0.6763373017311096,-1,-1,-1
20,-1,138.5678253173828,86.20332336425781,153.8009796142578,110.92838287353516,0.5522456169128418,-1,-1,-1
21,-1,138.48095703125,86.09467315673828,153.78668212890625,110.78659057617188,0.5449337363243103,-1,-1,-1
22,-1,113.1399154663086,131.42938232421875,134.98348999023438,172.8350830078125,0.5597228407859802,-1,-1,-1
22,-1,138.53298950195312,86.28718566894531,153.738037109375,110.42341613769531,0.5305865406990051,-1,-1,-1
23,-1,113.14706420898438,131.355224609375,134.9844207763672,172.83995056152344,0.5708261728286743,-1,-1,-1
23,-1,138.53280639648438,86.29150390625,153.72315979003906,110.39207458496094,0.5242111086845398,-1,-1,-1
24,-1,112.93102264404297,131.34043884277344,135.08200073242188,171.87571716308594,0.7322404384613037,-1,-1,-1
24,-1,138.5550537109375,86.30010986328125,153.7423095703125,110.32316589355469,0.5006096959114075,-1,-1,-1
25,-1,113.23235321044922,131.15951538085938,135.1197967529297,171.5375213623047,0.7505977749824524,-1,-1,-1
26,-1,113.60977172851562,131.45578002929688,135.2023162841797,171.00381469726562,0.7372843027114868,-1,-1,-1
27,-1,113.17237091064453,130.728759765625,135.3834686279297,170.4576416015625,0.6410982012748718,-1,-1,-1
28,-1,105.72106170654297,129.8667755126953,135.16427612304688,173.00889587402344,0.6329357028007507,-1,-1,-1
29,-1,105.68907165527344,129.89878845214844,135.17950439453125,173.05953979492188,0.6465224027633667,-1,-1,-1
30,-1,106.01420593261719,129.6978302001953,135.2864532470703,172.49041748046875,0.613316535949707,-1,-1,-1
31,-1,106.29924774169922,130.27662658691406,135.2545623779297,172.17242431640625,0.6155714392662048,-1,-1,-1
32,-1,106.48204803466797,130.0404815673828,135.00120544433594,172.8267364501953,0.6487279534339905,-1,-1,-1
51,-1,115.62274932861328,129.82528686523438,135.42626953125,168.103271484375,0.7006953358650208,-1,-1,-1
51,-1,192.38888549804688,59.3636360168457,204.94921875,88.88871765136719,0.5207675099372864,-1,-1,-1
52,-1,115.28330993652344,129.96290588378906,135.52188110351562,168.18775939941406,0.8083754777908325,-1,-1,-1
52,-1,192.6585693359375,59.38463592529297,204.88084411621094,88.85306549072266,0.5074087977409363,-1,-1,-1
53,-1,115.2614517211914,129.94493103027344,135.51467895507812,168.17420959472656,0.807715892791748,-1,-1,-1
53,-1,192.66912841796875,59.38813400268555,204.8826904296875,88.84339904785156,0.5041372179985046,-1,-1,-1
54,-1,114.99479675292969,129.49349975585938,135.61375427246094,167.73345947265625,0.7879630923271179,-1,-1,-1
54,-1,192.98460388183594,59.52979278564453,204.930908203125,88.86796569824219,0.585805356502533,-1,-1,-1
55,-1,114.97940063476562,129.55523681640625,135.7530059814453,167.80137634277344,0.7969313263893127,-1,-1,-1
55,-1,193.49136352539062,60.134525299072266,205.14212036132812,88.36652374267578,0.6825122237205505,-1,-1,-1
56,-1,114.87222290039062,129.94654846191406,135.53147888183594,167.65045166015625,0.793175458908081,-1,-1,-1
56,-1,193.19766235351562,60.41015625,205.20404052734375,88.15446472167969,0.6833600997924805,-1,-1,-1
57,-1,114.93043518066406,129.82354736328125,135.42303466796875,168.06544494628906,0.7099463939666748,-1,-1,-1
57,-1,192.8941650390625,60.423397064208984,205.1653289794922,88.17230224609375,0.6757467985153198,-1,-1,-1
58,-1,114.90680694580078,130.04237365722656,135.39083862304688,168.0150146484375,0.6551433205604553,-1,-1,-1
58,-1,192.78054809570312,60.217193603515625,205.1976776123047,88.30270385742188,0.644299328327179,-1,-1,-1
59,-1,114.92462921142578,130.05043029785156,135.39920043945312,168.0088653564453,0.656484067440033,-1,-1,-1
59,-1,192.811767578125,60.230533599853516,205.21604919433594,88.28461456298828,0.6430654525756836,-1,-1,-1
60,-1,114.87065124511719,130.52647399902344,135.33905029296875,168.3320770263672,0.7406476736068726,-1,-1,-1
60,-1,193.21493530273438,60.21304702758789,205.101806640625,88.14689636230469,0.6123961806297302,-1,-1,-1
61,-1,114.96272277832031,130.85501098632812,135.2495880126953,168.9855499267578,0.6703543066978455,-1,-1,-1
61,-1,193.5594024658203,59.88383483886719,205.09559631347656,88.388916015625,0.5745582580566406,-1,-1,-1
62,-1,114.6945571899414,130.7312469482422,135.2267608642578,169.26953125,0.7075868844985962,-1,-1,-1
62,-1,193.76136779785156,59.8626594543457,205.21908569335938,88.28177642822266,0.6368128657341003,-1,-1,-1
63,-1,114.61327362060547,130.6910858154297,135.19500732421875,169.07064819335938,0.7033905386924744,-1,-1,-1
63,-1,193.67295837402344,59.751060485839844,205.220947265625,88.32276916503906,0.5506892800331116,-1,-1,-1
64,-1,114.4261245727539,130.67852783203125,135.32179260253906,168.7793426513672,0.753790020942688,-1,-1,-1
65,-1,114.43714904785156,130.67494201660156,135.31777954101562,168.77850341796875,0.753041684627533,-1,-1,-1
66,-1,114.41188049316406,131.10498046875,135.53857421875,168.326416015625,0.7909310460090637,-1,-1,-1
66,-1,102.37371826171875,86.98253631591797,121.8918685913086,136.48370361328125,0.7476013898849487,-1,-1,-1
67,-1,114.26191711425781,131.38858032226562,135.50596618652344,167.88442993164062,0.8443077802658081,-1,-1,-1
67,-1,103.20514678955078,87.06730651855469,121.33490753173828,136.46437072753906,0.7132986187934875,-1,-1,-1
67,-1,194.6943359375,59.590877532958984,205.0895538330078,88.28707122802734,0.5519194006919861,-1,-1,-1
68,-1,114.13661193847656,131.3348388671875,135.52438354492188,168.04690551757812,0.821938157081604,-1,-1,-1
68,-1,194.7480010986328,59.82493591308594,205.03204345703125,88.08470153808594,0.5758516192436218,-1,-1,-1
69,-1,113.9827880859375,131.43435668945312,135.2322998046875,168.71206665039062,0.7776576280593872,-1,-1,-1
69,-1,194.63525390625,59.572998046875,205.20022583007812,88.25593566894531,0.5785737037658691,-1,-1,-1
70,-1,114.0279541015625,131.44158935546875,134.89801025390625,168.96554565429688,0.7941870093345642,-1,-1,-1
70,-1,103.916259765625,87.32305908203125,122.86075592041016,136.11904907226562,0.6280706524848938,-1,-1,-1
70,-1,194.6654052734375,59.4796142578125,205.14077758789062,87.995849609375,0.5985150337219238,-1,-1,-1
71,-1,114.03423309326172,131.44146728515625,134.89515686035156,168.970947265625,0.7967533469200134,-1,-1,-1
71,-1,103.912353515625,87.3243179321289,122.86224365234375,135.9912872314453,0.6288287043571472,-1,-1,-1
71,-1,194.67300415039062,59.49175262451172,205.13552856445312,87.98876190185547,0.6011572480201721,-1,-1,-1
72,-1,113.93072509765625,131.40185546875,134.91575622558594,168.73936462402344,0.8372320532798767,-1,-1,-1
72,-1,104.76913452148438,88.36444854736328,123.48802185058594,136.97288513183594,0.6584238409996033,-1,-1,-1
72,-1,194.4662628173828,59.36941146850586,205.09402465820312,87.9966812133789,0.5855486989021301,-1,-1,-1
73,-1,105.97616577148438,89.26336669921875,124.161376953125,136.52403259277344,0.8326218128204346,-1,-1,-1
73,-1,113.69822692871094,131.67880249023438,135.09169006347656,169.00234985351562,0.7976567149162292,-1,-1,-1
74,-1,106.20543670654297,89.29674530029297,124.7225341796875,138.48934936523438,0.8593631982803345,-1,-1,-1
74,-1,113.80341339111328,131.07290649414062,135.20632934570312,168.6380157470703,0.8018439412117004,-1,-1,-1
75,-1,106.2735366821289,89.72341918945312,125.51848602294922,140.47291564941406,0.8865996599197388,-1,-1,-1
75,-1,113.87586975097656,131.37257385253906,135.26943969726562,168.873291015625,0.8258994221687317,-1,-1,-1
76,-1,106.38932037353516,90.24010467529297,125.44219970703125,140.71241760253906,0.8728728890419006,-1,-1,-1
76,-1,113.91259002685547,131.53346252441406,135.2521209716797,169.000732421875,0.809096097946167,-1,-1,-1
77,-1,106.39836120605469,90.28382873535156,125.46489715576172,140.67074584960938,0.8741787672042847,-1,-1,-1
77,-1,113.91867065429688,131.5352783203125,135.25392150878906,168.9954376220703,0.8106095194816589,-1,-1,-1
78,-1,113.60274505615234,131.34310913085938,135.35520935058594,169.27342224121094,0.8222025632858276,-1,-1,-1
78,-1,106.2899169921875,89.53515625,126.50102233886719,140.15675354003906,0.8119714260101318,-1,-1,-1
79,-1,113.59954833984375,131.4288787841797,135.35426330566406,169.03733825683594,0.8120135068893433,-1,-1,-1
79,-1,106.64112091064453,89.58840942382812,126.63853454589844,139.70431518554688,0.6756650805473328,-1,-1,-1
80,-1,113.77376556396484,131.12611389160156,135.295654296875,168.81495666503906,0.8489808440208435,-1,-1,-1
80,-1,107.15508270263672,91.05298614501953,126.64515686035156,138.7904052734375,0.6002760529518127,-1,-1,-1
81,-1,113.78106689453125,131.3321075439453,135.24908447265625,169.13755798339844,0.8562319278717041,-1,-1,-1
81,-1,107.38485717773438,91.28160858154297,126.41508483886719,140.15164184570312,0.7260957360267639,-1,-1,-1
82,-1,113.60595703125,131.1089630126953,135.1998748779297,169.5276336669922,0.8182595372200012,-1,-1,-1
83,-1,113.61225891113281,131.1001434326172,135.2009735107422,169.5171661376953,0.8183764815330505,-1,-1,-1
84,-1,113.77775573730469,131.48187255859375,135.1849365234375,169.68296813964844,0.7732614874839783,-1,-1,-1
85,-1,113.83560943603516,131.5691375732422,135.37652587890625,169.39076232910156,0.7855154871940613,-1,-1,-1
86,-1,113.85099792480469,131.3700408935547,135.21636962890625,169.4340362548828,0.831593930721283,-1,-1,-1
87,-1,113.71749877929688,131.085693359375,135.23703002929688,169.79736328125,0.8442681431770325,-1,-1,-1
88,-1,113.57796478271484,131.4447021484375,135.0857696533203,169.7109375,0.8550708293914795,-1,-1,-1
89,-1,113.56940460205078,131.44505310058594,135.09141540527344,169.7325897216797,0.8548897504806519,-1,-1,-1
90,-1,113.48336791992188,131.5341796875,135.2330322265625,170.21087646484375,0.8754442930221558,-1,-1,-1
91,-1,113.35261535644531,131.4119873046875,135.29318237304688,170.56515502929688,0.821114182472229,-1,-1,-1
92,-1,113.43062591552734,131.9521026611328,135.3599395751953,169.9048309326172,0.8494619727134705,-1,-1,-1
92,-1,109.4631118774414,93.03349304199219,129.59161376953125,139.90025329589844,0.5143126845359802,-1,-1,-1
92,-1,136.71035766601562,83.60081481933594,152.80789184570312,110.52467346191406,0.5126634240150452,-1,-1,-1
93,-1,113.33099365234375,131.97792053222656,135.34222412109375,169.57247924804688,0.840092122554779,-1,-1,-1
93,-1,109.72990417480469,93.27728271484375,128.77484130859375,138.85598754882812,0.5465395450592041,-1,-1,-1
94,-1,113.4195327758789,131.9377899169922,135.45542907714844,169.07315063476562,0.8474911451339722,-1,-1,-1
94,-1,109.53440856933594,92.98072052001953,128.80612182617188,139.11668395996094,0.5258474349975586,-1,-1,-1
95,-1,113.448486328125,131.9342041015625,135.44027709960938,169.00747680664062,0.8484376668930054,-1,-1,-1
95,-1,109.53924560546875,93.00748443603516,128.80242919921875,139.08612060546875,0.5262861847877502,-1,-1,-1
96,-1,113.60447692871094,132.23031616210938,135.4339599609375,169.03028869628906,0.8407264947891235,-1,-1,-1
96,-1,110.05061340332031,93.0485610961914,128.755126953125,138.4248504638672,0.5162937045097351,-1,-1,-1
97,-1,114.15772247314453,132.3035430908203,135.29531860351562,169.01568603515625,0.7962660193443298,-1,-1,-1
98,-1,114.31128692626953,132.51678466796875,135.33116149902344,169.19142150878906,0.7845349311828613,-1,-1,-1
98,-1,117.82378387451172,89.58885955810547,132.616943359375,117.28295135498047,0.5793920755386353,-1,-1,-1
99,-1,114.2477035522461,132.0244140625,135.4482421875,169.3609161376953,0.7576090097427368,-1,-1,-1
99,-1,117.65853118896484,89.70372009277344,132.67721557617188,117.37173461914062,0.621253252029419,-1,-1,-1
100,-1,114.10385131835938,131.7084197998047,135.5148468017578,169.26473999023438,0.7690100073814392,-1,-1,-1
100,-1,117.41519927978516,89.87784576416016,132.63345336914062,117.38275146484375,0.6554869413375854,-1,-1,-1
101,-1,114.10304260253906,131.71058654785156,135.5157470703125,169.26829528808594,0.7704483270645142,-1,-1,-1
101,-1,117.412109375,89.88040924072266,132.6378173828125,117.34737396240234,0.6525194644927979,-1,-1,-1
102,-1,114.20822143554688,131.6588897705078,135.51222229003906,169.2514190673828,0.7862415909767151,-1,-1,-1
102,-1,117.02357482910156,89.482421875,132.4610595703125,118.39850616455078,0.5472458600997925,-1,-1,-1
103,-1,114.59725189208984,131.33364868164062,135.39700317382812,169.3763427734375,0.7627550363540649,-1,-1,-1
103,-1,116.8941879272461,89.36035919189453,132.21910095214844,118.35265350341797,0.5219892263412476,-1,-1,-1
104,-1,114.95712280273438,131.31935119628906,135.30416870117188,169.53298950195312,0.7712886929512024,-1,-1,-1
105,-1,115.05870056152344,130.8017578125,135.1517791748047,169.486572265625,0.7139771580696106,-1,-1,-1
106,-1,114.44924926757812,130.82920837402344,135.28372192382812,169.8778839111328,0.7493776679039001,-1,-1,-1
107,-1,114.43441772460938,130.8034210205078,135.28585815429688,169.90335083007812,0.753107488155365,-1,-1,-1
108,-1,113.68959045410156,130.97988891601562,135.32662963867188,170.2217254638672,0.7761820554733276,-1,-1,-1
109,-1,113.60696411132812,130.86766052246094,135.21127319335938,169.9434051513672,0.8226189017295837,-1,-1,-1
110,-1,113.83241271972656,131.22012329101562,135.11239624023438,169.56423950195312,0.7403055429458618,-1,-1,-1
111,-1,114.0713119506836,131.17477416992188,134.91156005859375,169.14280700683594,0.8017478585243225,-1,-1,-1
112,-1,114.10507202148438,130.93557739257812,135.05873107910156,169.0510711669922,0.8406938910484314,-1,-1,-1
113,-1,114.10781860351562,130.93881225585938,135.04736328125,169.05897521972656,0.8406318426132202,-1,-1,-1
114,-1,114.22398376464844,130.3679962158203,134.7198028564453,168.22251892089844,0.812382161617279,-1,-1,-1
115,-1,114.34744262695312,130.18948364257812,134.82814025878906,168.66017150878906,0.7812148332595825,-1,-1,-1
116,-1,114.23226165771484,130.1900634765625,134.5333709716797,169.19190979003906,0.7489970922470093,-1,-1,-1
117,-1,114.01660919189453,130.15090942382812,134.66775512695312,169.33425903320312,0.696229100227356,-1,-1,-1
117,-1,195.63653564453125,59.99047088623047,206.14462280273438,88.47581481933594,0.5138850212097168,-1,-1,-1
118,-1,113.72183227539062,129.78359985351562,134.9984130859375,169.187744140625,0.7245919108390808,-1,-1,-1
118,-1,195.78651428222656,59.75992202758789,206.26644897460938,88.59276580810547,0.5777771472930908,-1,-1,-1
119,-1,113.74881744384766,129.77932739257812,134.99234008789062,169.1751708984375,0.7237759232521057,-1,-1,-1
119,-1,195.77268981933594,59.756317138671875,206.2663116455078,88.5758056640625,0.5805472135543823,-1,-1,-1
120,-1,113.58150482177734,128.927490234375,135.02572631835938,168.94833374023438,0.7313597798347473,-1,-1,-1
121,-1,113.1032485961914,128.5236358642578,135.4445343017578,169.51214599609375,0.730007529258728,-1,-1,-1
122,-1,113.23719787597656,128.72438049316406,135.55784606933594,169.53115844726562,0.749075710773468,-1,-1,-1
123,-1,112.66714477539062,128.51995849609375,136.06004333496094,169.50531005859375,0.7615683078765869,-1,-1,-1
124,-1,113.05977630615234,128.1143798828125,135.79710388183594,169.07984924316406,0.7252392172813416,-1,-1,-1
125,-1,113.04096221923828,128.13125610351562,135.80343627929688,169.13888549804688,0.724796712398529,-1,-1,-1
126,-1,112.34449768066406,127.37297058105469,136.2454833984375,169.65333557128906,0.7000739574432373,-1,-1,-1
127,-1,112.9518814086914,127.19046783447266,136.21017456054688,170.6115264892578,0.7981960773468018,-1,-1,-1
128,-1,113.21709442138672,126.15387725830078,136.7825164794922,169.84906005859375,0.8494717478752136,-1,-1,-1
128,-1,107.65819549560547,87.6694107055664,126.31629180908203,135.27862548828125,0.533163845539093,-1,-1,-1
129,-1,112.1858139038086,125.84809112548828,137.5167236328125,171.11549377441406,0.7645726799964905,-1,-1,-1
129,-1,107.41510009765625,87.24323272705078,126.81108093261719,136.6729736328125,0.6497144103050232,-1,-1,-1
130,-1,111.93002319335938,125.11859893798828,137.85997009277344,170.63433837890625,0.754443883895874,-1,-1,-1
130,-1,106.70500946044922,87.195556640625,126.06514739990234,137.2595672607422,0.7140296697616577,-1,-1,-1
131,-1,111.9217529296875,125.12450408935547,137.84146118164062,170.6532440185547,0.7530705332756042,-1,-1,-1
131,-1,106.76524353027344,87.17359924316406,126.08871459960938,137.3462371826172,0.7182567715644836,-1,-1,-1
132,-1,111.24047088623047,124.17568969726562,138.38204956054688,173.30242919921875,0.8087557554244995,-1,-1,-1
132,-1,107.89785766601562,87.29418182373047,126.65126037597656,137.30970764160156,0.6799810528755188,-1,-1,-1
133,-1,111.16899108886719,122.75114440917969,138.66087341308594,174.14402770996094,0.7943596243858337,-1,-1,-1
133,-1,109.2503433227539,87.58625030517578,127.01439666748047,136.82357788085938,0.6328911185264587,-1,-1,-1
134,-1,111.13579559326172,121.83351135253906,139.04083251953125,174.30438232421875,0.6681731939315796,-1,-1,-1
134,-1,109.20970916748047,88.05778503417969,126.91265106201172,135.73886108398438,0.61712247133255,-1,-1,-1
135,-1,108.95819854736328,88.47054290771484,127.56636810302734,135.56214904785156,0.5644968152046204,-1,-1,-1
135,-1,111.02706909179688,122.13851165771484,139.17974853515625,173.8688201904297,0.5167146921157837,-1,-1,-1
136,-1,111.55598449707031,122.80963897705078,140.1082305908203,174.30322265625,0.6846905946731567,-1,-1,-1
136,-1,108.74317169189453,88.73834228515625,127.40454864501953,135.94607543945312,0.6563056111335754,-1,-1,-1
137,-1,111.51909637451172,122.84073638916016,140.13201904296875,174.29432678222656,0.6898480653762817,-1,-1,-1
137,-1,108.74085998535156,88.74822998046875,127.37696838378906,135.93701171875,0.6500706672668457,-1,-1,-1
138,-1,108.56644439697266,88.88765716552734,128.0640869140625,135.5836639404297,0.5930870771408081,-1,-1,-1
139,-1,108.2557601928711,88.17192840576172,128.8366241455078,134.41371154785156,0.5866840481758118,-1,-1,-1
140,-1,107.77883911132812,88.33441925048828,128.87625122070312,136.0685577392578,0.5045615434646606,-1,-1,-1
141,-1,108.0325698852539,87.33518981933594,129.19802856445312,137.84335327148438,0.6180181503295898,-1,-1,-1
142,-1,107.75818634033203,87.53694152832031,128.75881958007812,137.99302673339844,0.6366289258003235,-1,-1,-1
143,-1,107.76978302001953,87.488525390625,128.779541015625,138.10191345214844,0.6378117203712463,-1,-1,-1
144,-1,108.15760803222656,87.29901123046875,129.3714599609375,138.74392700195312,0.7535242438316345,-1,-1,-1
145,-1,121.6420669555664,123.18999481201172,138.0660400390625,172.4945068359375,0.6762714982032776,-1,-1,-1
145,-1,195.95187377929688,61.005306243896484,207.0814666748047,89.37130737304688,0.5243068337440491,-1,-1,-1
146,-1,121.592041015625,122.77041625976562,139.33297729492188,174.85031127929688,0.7345597147941589,-1,-1,-1
147,-1,121.77200317382812,123.12796020507812,139.3924102783203,174.60536193847656,0.7201746702194214,-1,-1,-1
148,-1,122.27217864990234,122.69645690917969,140.28726196289062,174.37530517578125,0.717776894569397,-1,-1,-1
149,-1,122.31887817382812,122.70279693603516,140.25704956054688,174.23672485351562,0.7098737359046936,-1,-1,-1
150,-1,122.0108642578125,122.08043670654297,141.34823608398438,173.97164916992188,0.8070446252822876,-1,-1,-1
150,-1,109.53369140625,87.76100158691406,131.63809204101562,134.7911834716797,0.5861523747444153,-1,-1,-1
150,-1,195.6798553466797,61.3210563659668,207.48348999023438,88.26335906982422,0.5153099894523621,-1,-1,-1
151,-1,121.71733093261719,121.85208129882812,139.14181518554688,174.1727752685547,0.8574572205543518,-1,-1,-1
151,-1,110.68276977539062,87.79192352294922,131.46165466308594,134.906494140625,0.6588380932807922,-1,-1,-1
151,-1,195.6092987060547,61.32880783081055,207.43345642089844,88.73269653320312,0.5989577174186707,-1,-1,-1
152,-1,121.62867736816406,121.00593566894531,138.47581481933594,175.37388610839844,0.8507000207901001,-1,-1,-1
152,-1,195.8279266357422,61.228851318359375,207.61798095703125,88.82038116455078,0.6336193680763245,-1,-1,-1
152,-1,111.07527160644531,87.01821899414062,131.87356567382812,134.978515625,0.5921477675437927,-1,-1,-1
153,-1,122.30872344970703,122.17341613769531,139.35659790039062,172.68948364257812,0.8266008496284485,-1,-1,-1
153,-1,195.81764221191406,61.175228118896484,207.50692749023438,88.88347625732422,0.6453140377998352,-1,-1,-1
154,-1,122.89747619628906,121.93761444091797,139.03591918945312,172.0067901611328,0.7648615837097168,-1,-1,-1
154,-1,195.74293518066406,61.224788665771484,207.51483154296875,88.97787475585938,0.6173692941665649,-1,-1,-1
155,-1,122.86434173583984,122.00862121582031,139.06423950195312,171.98040771484375,0.7670416831970215,-1,-1,-1
155,-1,195.7449188232422,61.192230224609375,207.48670959472656,88.96392822265625,0.5960479378700256,-1,-1,-1
156,-1,195.8693084716797,61.322750091552734,207.56736755371094,89.13196563720703,0.6752272844314575,-1,-1,-1
156,-1,123.15713500976562,122.95430755615234,139.3580780029297,171.0117950439453,0.6458637714385986,-1,-1,-1
157,-1,196.5296173095703,61.10377502441406,207.6027069091797,88.84150695800781,0.7133301496505737,-1,-1,-1
158,-1,196.7494354248047,61.03534698486328,207.61016845703125,88.35416412353516,0.5756545066833496,-1,-1,-1
162,-1,124.5633773803711,124.99240112304688,142.88829040527344,169.51467895507812,0.6275366544723511,-1,-1,-1
162,-1,207.1680908203125,46.47270965576172,219.38558959960938,76.06977844238281,0.6125575304031372,-1,-1,-1
163,-1,124.81033325195312,125.81671905517578,143.39208984375,169.32115173339844,0.7393777370452881,-1,-1,-1
163,-1,206.1227569580078,46.01240921020508,218.37826538085938,77.7775650024414,0.5037519335746765,-1,-1,-1
164,-1,125.03968048095703,126.10469055175781,142.98773193359375,169.31796264648438,0.7091769576072693,-1,-1,-1
164,-1,205.6859130859375,45.09139633178711,217.62025451660156,77.70664978027344,0.6265138387680054,-1,-1,-1
165,-1,204.97967529296875,44.843536376953125,217.06607055664062,77.2584228515625,0.6964313387870789,-1,-1,-1
165,-1,125.13233184814453,127.09183502197266,142.52145385742188,170.20388793945312,0.6329993605613708,-1,-1,-1
166,-1,125.02539825439453,128.26852416992188,143.139892578125,170.51429748535156,0.717229962348938,-1,-1,-1
166,-1,204.2257537841797,44.154014587402344,216.73809814453125,77.48593139648438,0.5490657091140747,-1,-1,-1
167,-1,125.02175903320312,128.2806396484375,143.14942932128906,170.5443878173828,0.7221713066101074,-1,-1,-1
167,-1,204.23887634277344,44.16337966918945,216.74533081054688,77.50311279296875,0.5511937141418457,-1,-1,-1
168,-1,124.72401428222656,129.18209838867188,143.83560180664062,171.47442626953125,0.7565035820007324,-1,-1,-1
169,-1,124.88789367675781,130.23765563964844,144.2056427001953,169.6739501953125,0.6032087802886963,-1,-1,-1
171,-1,124.87348937988281,130.61529541015625,144.34988403320312,170.66302490234375,0.6138118505477905,-1,-1,-1
172,-1,124.78956604003906,130.75323486328125,144.3924560546875,171.48211669921875,0.7305974960327148,-1,-1,-1
173,-1,124.78692626953125,130.67633056640625,144.4038848876953,171.51669311523438,0.7341110706329346,-1,-1,-1
174,-1,124.61253356933594,131.58706665039062,144.64292907714844,171.64584350585938,0.7384704947471619,-1,-1,-1
175,-1,124.67214965820312,131.68731689453125,144.7361602783203,172.34942626953125,0.8203531503677368,-1,-1,-1
176,-1,124.74243927001953,131.9004669189453,144.70053100585938,171.9492950439453,0.8251577019691467,-1,-1,-1
177,-1,124.89457702636719,131.9387664794922,144.6194305419922,171.0930633544922,0.830227255821228,-1,-1,-1
178,-1,124.96784210205078,131.8603515625,144.55657958984375,171.722412109375,0.8605413436889648,-1,-1,-1
179,-1,124.97620391845703,131.86892700195312,144.54942321777344,171.76145935058594,0.8619495034217834,-1,-1,-1
180,-1,125.0638198852539,131.89523315429688,144.51060485839844,172.39715576171875,0.8725125789642334,-1,-1,-1
181,-1,124.95812225341797,132.10357666015625,144.4967041015625,171.62701416015625,0.8664209246635437,-1,-1,-1
182,-1,124.96754455566406,132.20791625976562,144.5682373046875,172.02682495117188,0.8572467565536499,-1,-1,-1
183,-1,125.06071472167969,132.2762451171875,144.42327880859375,171.3544464111328,0.8327553272247314,-1,-1,-1
183,-1,113.5688705444336,82.83296203613281,139.97018432617188,119.98451232910156,0.5055133104324341,-1,-1,-1
183,-1,195.65184020996094,44.75444793701172,211.3479766845703,87.44976043701172,0.5038461685180664,-1,-1,-1
184,-1,125.14244842529297,132.2653350830078,144.32537841796875,171.58546447753906,0.7969586849212646,-1,-1,-1
185,-1,125.14176177978516,132.2902374267578,144.3293914794922,171.57305908203125,0.7955676913261414,-1,-1,-1
186,-1,124.99011993408203,132.77870178222656,144.5160369873047,171.45399475097656,0.7535908818244934,-1,-1,-1
187,-1,124.99761962890625,132.6600341796875,144.5204620361328,171.6478729248047,0.781215488910675,-1,-1,-1
188,-1,124.93608093261719,132.75778198242188,144.55455017089844,170.98538208007812,0.798229992389679,-1,-1,-1
189,-1,124.88778686523438,132.8404998779297,144.6156005859375,170.806884765625,0.7804071307182312,-1,-1,-1
190,-1,124.84330749511719,132.95797729492188,144.70933532714844,170.63006591796875,0.768887996673584,-1,-1,-1
191,-1,124.8427734375,132.97625732421875,144.70657348632812,170.62562561035156,0.7712581157684326,-1,-1,-1
192,-1,125.29954528808594,132.3540802001953,147.6768341064453,171.91372680664062,0.7763179540634155,-1,-1,-1
193,-1,124.8359603881836,132.78439331054688,144.7586212158203,170.95838928222656,0.7601770758628845,-1,-1,-1
194,-1,124.74079895019531,132.95150756835938,144.8557586669922,171.21014404296875,0.773080050945282,-1,-1,-1
194,-1,114.28849029541016,83.26993560791016,138.51414489746094,118.84178924560547,0.55267733335495,-1,-1,-1
195,-1,124.7770767211914,132.87188720703125,144.73748779296875,171.35638427734375,0.7803825736045837,-1,-1,-1
195,-1,114.3266372680664,83.77254486083984,138.8526611328125,119.26641845703125,0.5659812092781067,-1,-1,-1
196,-1,124.69538879394531,132.91099548339844,144.81797790527344,171.3662109375,0.7982101440429688,-1,-1,-1
197,-1,124.70310974121094,132.90667724609375,144.80992126464844,171.3640899658203,0.7958945631980896,-1,-1,-1
198,-1,124.64224243164062,132.88600158691406,144.8606719970703,171.4602508544922,0.804628849029541,-1,-1,-1
199,-1,124.64268493652344,132.90606689453125,144.77655029296875,171.58792114257812,0.7434859871864319,-1,-1,-1
200,-1,124.62493896484375,132.45693969726562,144.71148681640625,171.44610595703125,0.703702986240387,-1,-1,-1
200,-1,114.14379119873047,84.06993103027344,138.88279724121094,119.20488739013672,0.5350324511528015,-1,-1,-1
201,-1,124.46359252929688,132.1335906982422,144.73504638671875,170.67550659179688,0.5689445734024048,-1,-1,-1
202,-1,124.63858032226562,131.97235107421875,144.6751708984375,170.8031005859375,0.6870439052581787,-1,-1,-1
203,-1,124.6290512084961,131.98272705078125,144.6816864013672,170.83055114746094,0.6909105777740479,-1,-1,-1
300,-1,90.49200439453125,144.34938049316406,114.1642074584961,182.71707153320312,0.5830627679824829,-1,-1,-1
301,-1,90.31620025634766,144.41114807128906,114.1544418334961,182.7139892578125,0.5391659140586853,-1,-1,-1
302,-1,90.23766326904297,144.48626708984375,113.98493957519531,182.45895385742188,0.5128341317176819,-1,-1,-1
303,-1,89.38754272460938,143.424072265625,113.64759826660156,182.33506774902344,0.6954828500747681,-1,-1,-1
304,-1,89.34638214111328,142.75494384765625,113.50067138671875,182.31947326660156,0.6796412467956543,-1,-1,-1
305,-1,89.32906341552734,142.75115966796875,113.50424194335938,182.3105010986328,0.6834089159965515,-1,-1,-1
308,-1,89.27728271484375,141.3573455810547,112.9201889038086,182.54458618164062,0.5859431028366089,-1,-1,-1
308,-1,186.92730712890625,87.64955139160156,214.8245391845703,112.38916015625,0.5368640422821045,-1,-1,-1
309,-1,186.67926025390625,87.61492156982422,214.86280822753906,112.40796661376953,0.5408620834350586,-1,-1,-1
313,-1,187.03973388671875,87.66918182373047,214.9908447265625,112.27729034423828,0.5563873648643494,-1,-1,-1
314,-1,187.11297607421875,87.55462646484375,215.02439880371094,112.38023376464844,0.5580089092254639,-1,-1,-1
315,-1,187.1415557861328,87.57884979248047,215.06439208984375,112.35950469970703,0.5385450124740601,-1,-1,-1
315,-1,89.85719299316406,140.14503479003906,112.8482666015625,179.98150634765625,0.5037609338760376,-1,-1,-1
316,-1,89.95525360107422,139.7997589111328,112.83151245117188,180.48654174804688,0.6554477214813232,-1,-1,-1
316,-1,187.0188751220703,87.44747161865234,215.17361450195312,112.45172119140625,0.5726624727249146,-1,-1,-1
317,-1,89.94725036621094,139.8595428466797,112.85307312011719,180.47061157226562,0.6517741084098816,-1,-1,-1
317,-1,186.98348999023438,87.50409698486328,215.15687561035156,112.43223571777344,0.561585009098053,-1,-1,-1
318,-1,89.9061508178711,140.03038024902344,112.76360321044922,180.46603393554688,0.7866581678390503,-1,-1,-1
318,-1,187.1060028076172,87.56121826171875,215.10276794433594,112.46347045898438,0.5400918126106262,-1,-1,-1
319,-1,89.54011535644531,139.72557067871094,112.63856506347656,180.67955017089844,0.7824020385742188,-1,-1,-1
319,-1,186.95263671875,87.54671478271484,215.2242889404297,112.5291519165039,0.5974873304367065,-1,-1,-1
320,-1,89.55974578857422,138.96795654296875,112.73443603515625,181.0337677001953,0.6052292585372925,-1,-1,-1
320,-1,186.8912353515625,87.64700317382812,215.2328643798828,112.48821258544922,0.5940954089164734,-1,-1,-1
321,-1,186.86077880859375,87.57540893554688,215.26426696777344,112.5031509399414,0.6133079528808594,-1,-1,-1
321,-1,89.89785766601562,138.55728149414062,112.9974365234375,181.03323364257812,0.5613476634025574,-1,-1,-1
322,-1,89.99720764160156,138.2985382080078,112.89274597167969,181.27772521972656,0.6522951126098633,-1,-1,-1
322,-1,186.7577362060547,87.61300659179688,215.33419799804688,112.4688949584961,0.6292199492454529,-1,-1,-1
323,-1,90.00129699707031,138.30868530273438,112.89036560058594,181.27169799804688,0.6588827967643738,-1,-1,-1
323,-1,186.75291442871094,87.60646057128906,215.33602905273438,112.47164154052734,0.6297912001609802,-1,-1,-1
324,-1,186.74960327148438,87.74518585205078,215.2906951904297,112.34808349609375,0.5664623975753784,-1,-1,-1
328,-1,91.04156494140625,133.80657958984375,113.32337951660156,176.11175537109375,0.6997867226600647,-1,-1,-1
329,-1,91.05789947509766,133.81234741210938,113.31902313232422,176.11688232421875,0.6968613862991333,-1,-1,-1
330,-1,91.16238403320312,133.26234436035156,114.55087280273438,176.23074340820312,0.8035638928413391,-1,-1,-1
330,-1,188.34033203125,87.36727142333984,214.6690673828125,112.5115737915039,0.5420195460319519,-1,-1,-1
330,-1,118.64996337890625,124.0101547241211,145.43569946289062,170.14285278320312,0.5025548934936523,-1,-1,-1
331,-1,91.61759948730469,132.7980499267578,115.8114242553711,176.70260620117188,0.7887506484985352,-1,-1,-1
331,-1,188.27963256835938,87.40180206298828,214.6788330078125,112.65711975097656,0.5297992825508118,-1,-1,-1
332,-1,91.86621856689453,134.23226928710938,116.94525146484375,183.78915405273438,0.8043551445007324,-1,-1,-1
332,-1,188.17999267578125,87.42318725585938,214.7974853515625,112.76641845703125,0.5046988725662231,-1,-1,-1
333,-1,92.29969024658203,134.43177795410156,118.50945281982422,183.70352172851562,0.8122313022613525,-1,-1,-1
333,-1,119.24068450927734,124.83599853515625,145.47413635253906,169.73385620117188,0.5501840114593506,-1,-1,-1
333,-1,188.34561157226562,87.1871337890625,214.756591796875,112.84971618652344,0.5085610747337341,-1,-1,-1
334,-1,92.82029724121094,133.39907836914062,119.16246032714844,176.18154907226562,0.7151960134506226,-1,-1,-1
334,-1,118.98260498046875,124.89836883544922,145.3419952392578,169.19140625,0.5322252511978149,-1,-1,-1
335,-1,92.82670593261719,133.33627319335938,119.19982147216797,176.23316955566406,0.7184224128723145,-1,-1,-1
335,-1,118.95084381103516,124.8701171875,145.36373901367188,169.20896911621094,0.5347024202346802,-1,-1,-1
336,-1,119.10781860351562,124.51902770996094,145.18466186523438,169.31564331054688,0.7919278144836426,-1,-1,-1
336,-1,92.42753601074219,133.4039306640625,119.90289306640625,175.72471618652344,0.6148307919502258,-1,-1,-1
336,-1,188.34458923339844,87.31940460205078,214.72149658203125,112.77400207519531,0.5056251883506775,-1,-1,-1
337,-1,118.30512237548828,125.30489349365234,145.84808349609375,169.03611755371094,0.7705287337303162,-1,-1,-1
337,-1,92.8642349243164,133.21351623535156,122.02564239501953,176.104248046875,0.6222658753395081,-1,-1,-1
337,-1,187.95785522460938,87.3709716796875,215.00257873535156,112.77952575683594,0.5540300011634827,-1,-1,-1
338,-1,118.2510757446289,125.85639953613281,146.86334228515625,168.34317016601562,0.7605763673782349,-1,-1,-1
338,-1,93.08314514160156,133.48007202148438,121.94359588623047,175.687744140625,0.6569393873214722,-1,-1,-1
339,-1,118.82695007324219,126.01072692871094,146.19638061523438,168.1708984375,0.7582544684410095,-1,-1,-1
339,-1,93.43553161621094,133.33340454101562,121.62115478515625,175.34698486328125,0.5090557932853699,-1,-1,-1
340,-1,118.73917388916016,126.12067413330078,147.61134338378906,168.6792449951172,0.8264486789703369,-1,-1,-1
340,-1,93.83302307128906,134.64329528808594,121.26036071777344,175.51629638671875,0.6765809059143066,-1,-1,-1
341,-1,118.71287536621094,126.13179016113281,147.64271545410156,168.65879821777344,0.8290917277336121,-1,-1,-1
341,-1,93.86382293701172,134.68971252441406,121.3595962524414,175.4969482421875,0.6822219491004944,-1,-1,-1
342,-1,118.86415100097656,125.86416625976562,147.35848999023438,168.7646026611328,0.8552303314208984,-1,-1,-1
342,-1,94.614013671875,134.9309844970703,119.91585540771484,175.2416534423828,0.590519368648529,-1,-1,-1
343,-1,119.4290771484375,126.11981201171875,147.5222930908203,168.94921875,0.8732834458351135,-1,-1,-1
343,-1,94.84080505371094,138.36529541015625,119.49476623535156,178.6005096435547,0.5909548401832581,-1,-1,-1
344,-1,119.8320083618164,126.33366394042969,147.09039306640625,168.96014404296875,0.8394045829772949,-1,-1,-1
344,-1,95.32596588134766,138.2919921875,119.02268981933594,178.71502685546875,0.7346386313438416,-1,-1,-1
345,-1,119.89864349365234,127.11338806152344,146.6166534423828,168.90333557128906,0.8040737509727478,-1,-1,-1
345,-1,95.5938720703125,138.4639129638672,118.22561645507812,178.9427490234375,0.7810573577880859,-1,-1,-1
346,-1,119.5552749633789,127.59712982177734,146.7672576904297,170.15455627441406,0.8161646723747253,-1,-1,-1
346,-1,95.18208312988281,138.72959899902344,117.8140640258789,178.85585021972656,0.8063070178031921,-1,-1,-1
347,-1,119.56669616699219,127.57237243652344,146.78541564941406,170.1746368408203,0.8139840960502625,-1,-1,-1
347,-1,95.18461608886719,138.72091674804688,117.81975555419922,178.85707092285156,0.8047620058059692,-1,-1,-1
348,-1,94.94454956054688,138.83766174316406,117.88229370117188,179.15115356445312,0.8421210646629333,-1,-1,-1
348,-1,119.46197509765625,127.75788879394531,146.48268127441406,169.9727020263672,0.8160428404808044,-1,-1,-1
349,-1,94.45549011230469,138.60475158691406,118.25212097167969,179.42156982421875,0.7706969380378723,-1,-1,-1
349,-1,119.12886810302734,127.96925354003906,147.1235809326172,169.7036895751953,0.7521965503692627,-1,-1,-1
350,-1,94.50651550292969,138.46897888183594,118.10552978515625,179.4187469482422,0.7165172696113586,-1,-1,-1
350,-1,119.67276000976562,128.2147979736328,146.6223602294922,170.11183166503906,0.6547248959541321,-1,-1,-1
351,-1,94.4356918334961,138.4337158203125,118.46350860595703,179.4103240966797,0.7635611295700073,-1,-1,-1
351,-1,119.35958862304688,128.15792846679688,146.75042724609375,169.50633239746094,0.650081992149353,-1,-1,-1
352,-1,94.59097290039062,138.4058837890625,118.58409881591797,179.62814331054688,0.7405416965484619,-1,-1,-1
352,-1,119.87760925292969,128.24740600585938,146.02972412109375,169.3444366455078,0.5887399911880493,-1,-1,-1
353,-1,94.57872009277344,138.3119354248047,118.59864807128906,179.62484741210938,0.73897784948349,-1,-1,-1
353,-1,119.82756805419922,128.24534606933594,146.0677947998047,169.3719482421875,0.5922801494598389,-1,-1,-1
354,-1,94.55162811279297,138.3125,118.54470825195312,179.70095825195312,0.7479366660118103,-1,-1,-1
354,-1,120.439453125,128.20191955566406,144.895263671875,168.79266357421875,0.5667098164558411,-1,-1,-1
355,-1,94.47122192382812,138.56790161132812,118.92327117919922,179.63299560546875,0.7201027870178223,-1,-1,-1
355,-1,120.98123168945312,128.2364044189453,144.39300537109375,168.5459442138672,0.5898876190185547,-1,-1,-1
356,-1,94.49234008789062,138.51544189453125,118.67445373535156,179.43226623535156,0.5846500992774963,-1,-1,-1
356,-1,121.16492462158203,128.1517333984375,144.15274047851562,168.26422119140625,0.5269943475723267,-1,-1,-1
364,-1,121.49948120117188,128.4637451171875,141.36416625976562,167.90277099609375,0.7279841303825378,-1,-1,-1
365,-1,121.51177215576172,128.4679412841797,141.35435485839844,167.8956756591797,0.7342819571495056,-1,-1,-1
366,-1,121.05622863769531,128.75094604492188,141.3168487548828,167.82371520996094,0.6834909915924072,-1,-1,-1
366,-1,94.71139526367188,139.74819946289062,118.24584197998047,178.7444610595703,0.5032187700271606,-1,-1,-1
367,-1,121.0617904663086,128.84552001953125,141.6922149658203,168.2439422607422,0.7206221222877502,-1,-1,-1
367,-1,94.74358367919922,139.77810668945312,117.92252349853516,178.756103515625,0.5155550837516785,-1,-1,-1
368,-1,121.44374084472656,128.63136291503906,141.90721130371094,168.42393493652344,0.7969183325767517,-1,-1,-1
368,-1,94.85198211669922,139.65606689453125,118.13482666015625,178.74951171875,0.5727465152740479,-1,-1,-1
369,-1,121.41352844238281,128.79910278320312,142.02301025390625,167.96047973632812,0.7515937089920044,-1,-1,-1
369,-1,95.00201416015625,139.71290588378906,118.27615356445312,178.64088439941406,0.6164610981941223,-1,-1,-1
370,-1,122.25269317626953,128.63352966308594,141.62994384765625,167.06005859375,0.8055692315101624,-1,-1,-1
370,-1,94.81194305419922,139.63209533691406,118.9546127319336,178.6786346435547,0.651841938495636,-1,-1,-1
370,-1,118.3049087524414,87.12413024902344,131.46543884277344,110.1851806640625,0.5104753971099854,-1,-1,-1
371,-1,122.251953125,128.64517211914062,141.63999938964844,167.03204345703125,0.8070792555809021,-1,-1,-1
371,-1,94.80497741699219,139.6285400390625,118.99773406982422,178.6749725341797,0.657432496547699,-1,-1,-1
371,-1,118.30610656738281,87.12512969970703,131.4725341796875,110.1861572265625,0.5119152069091797,-1,-1,-1
372,-1,122.55806732177734,128.72003173828125,142.66122436523438,167.91259765625,0.8681408166885376,-1,-1,-1
372,-1,94.8331069946289,139.77346801757812,118.88428497314453,178.65769958496094,0.7336798310279846,-1,-1,-1
372,-1,118.3918685913086,87.2469482421875,131.52223205566406,110.17082214355469,0.5158915519714355,-1,-1,-1
373,-1,122.47892761230469,128.90394592285156,144.05560302734375,168.8549346923828,0.8527212738990784,-1,-1,-1
373,-1,94.79240417480469,139.71218872070312,118.88782501220703,178.63059997558594,0.7631073594093323,-1,-1,-1
374,-1,122.635498046875,129.0752716064453,144.521484375,168.36819458007812,0.7758177518844604,-1,-1,-1
374,-1,95.14380645751953,140.14114379882812,118.21476745605469,178.62879943847656,0.5634819269180298,-1,-1,-1
375,-1,121.97418212890625,128.8905029296875,145.55474853515625,168.64097595214844,0.6030169725418091,-1,-1,-1
376,-1,123.60589599609375,129.0984649658203,150.96604919433594,169.6551055908203,0.5251854062080383,-1,-1,-1
377,-1,123.59223937988281,129.1226348876953,150.99539184570312,169.6820526123047,0.5355990529060364,-1,-1,-1
378,-1,123.20178985595703,129.06724548339844,151.47271728515625,170.1301727294922,0.6768009066581726,-1,-1,-1
379,-1,123.18683624267578,128.9365692138672,151.1783447265625,170.55471801757812,0.5674605369567871,-1,-1,-1
380,-1,122.0130844116211,128.7413330078125,145.2499542236328,168.202392578125,0.5356542468070984,-1,-1,-1
382,-1,94.51628875732422,138.8067626953125,121.2772445678711,179.22352600097656,0.5166978240013123,-1,-1,-1
383,-1,94.52894592285156,138.81930541992188,121.22501373291016,179.22421264648438,0.5093227624893188,-1,-1,-1
384,-1,94.72003173828125,139.01817321777344,120.91073608398438,179.0093536376953,0.5459339022636414,-1,-1,-1
386,-1,124.12360382080078,131.10707092285156,149.54852294921875,169.98104858398438,0.5397149324417114,-1,-1,-1
391,-1,94.78176879882812,139.88880920410156,120.72882080078125,178.85891723632812,0.5605787634849548,-1,-1,-1
391,-1,122.18924713134766,129.77963256835938,145.278076171875,167.03900146484375,0.5263829231262207,-1,-1,-1
392,-1,94.69482421875,139.73553466796875,121.25764465332031,178.91293334960938,0.6141077876091003,-1,-1,-1
392,-1,122.07762908935547,129.5186767578125,145.58993530273438,167.971435546875,0.5353102684020996,-1,-1,-1
393,-1,94.77860260009766,139.59335327148438,120.75531005859375,178.8299560546875,0.532787561416626,-1,-1,-1
397,-1,109.40690612792969,84.86035919189453,130.45115661621094,138.81036376953125,0.5469685792922974,-1,-1,-1
398,-1,109.20569610595703,83.37364959716797,131.17222595214844,139.72251892089844,0.5905691385269165,-1,-1,-1
399,-1,109.2179183959961,83.52153015136719,131.74166870117188,138.34429931640625,0.5045300722122192,-1,-1,-1
400,-1,93.748291015625,138.45339965820312,122.23785400390625,179.5428009033203,0.512404203414917,-1,-1,-1
402,-1,93.74634552001953,138.76063537597656,122.03861236572266,179.38803100585938,0.5323036909103394,-1,-1,-1
403,-1,93.64861297607422,138.8870391845703,122.02346801757812,179.08241271972656,0.779362678527832,-1,-1,-1
403,-1,111.14970397949219,85.37043762207031,131.8516082763672,120.98965454101562,0.5330610275268555,-1,-1,-1
404,-1,93.85834503173828,138.34957885742188,121.39617156982422,179.2731475830078,0.7763673067092896,-1,-1,-1
404,-1,111.4326400756836,84.51952362060547,132.18975830078125,120.7481460571289,0.5220133662223816,-1,-1,-1
405,-1,93.68742370605469,138.08612060546875,121.54590606689453,179.58392333984375,0.7980167269706726,-1,-1,-1
405,-1,111.91211700439453,84.02949523925781,131.90138244628906,120.37188720703125,0.5292154550552368,-1,-1,-1
406,-1,93.69609832763672,138.13571166992188,120.7783432006836,179.37913513183594,0.6882755756378174,-1,-1,-1
406,-1,111.95558166503906,83.48397064208984,131.7655792236328,120.2989501953125,0.5003989338874817,-1,-1,-1
407,-1,93.68028259277344,138.10833740234375,120.78983306884766,179.4293212890625,0.6863712072372437,-1,-1,-1
408,-1,93.62361907958984,137.98211669921875,121.17228698730469,179.5923614501953,0.5458641648292542,-1,-1,-1
410,-1,111.88111114501953,81.67924499511719,131.96832275390625,117.76944732666016,0.5600088238716125,-1,-1,-1
410,-1,131.6695556640625,85.68561553955078,143.9840087890625,112.92802429199219,0.5141147375106812,-1,-1,-1
411,-1,111.9293212890625,81.30950927734375,131.76654052734375,118.07086944580078,0.5055850744247437,-1,-1,-1
414,-1,112.05836486816406,81.43397521972656,131.28160095214844,119.1515884399414,0.5250828862190247,-1,-1,-1
415,-1,112.13089752197266,81.1895751953125,130.9449462890625,120.05294036865234,0.5724501609802246,-1,-1,-1
416,-1,112.16800689697266,81.37006378173828,129.68569946289062,120.73716735839844,0.5429685115814209,-1,-1,-1
417,-1,112.20677185058594,81.08539581298828,129.55198669433594,120.39712524414062,0.5899203419685364,-1,-1,-1
418,-1,120.62409973144531,128.6758270263672,144.5352783203125,167.463134765625,0.6313275098800659,-1,-1,-1
418,-1,94.05548095703125,138.9185028076172,120.97352600097656,179.22467041015625,0.5565699338912964,-1,-1,-1
418,-1,112.18525695800781,80.94874572753906,129.1287078857422,119.99559020996094,0.5546849966049194,-1,-1,-1
419,-1,120.63777923583984,128.69216918945312,144.5413055419922,167.42018127441406,0.6364378333091736,-1,-1,-1
419,-1,94.0488510131836,138.91665649414062,121.00785064697266,179.2109375,0.5699542760848999,-1,-1,-1
419,-1,112.18306732177734,80.93507385253906,129.13125610351562,120.00853729248047,0.5582663416862488,-1,-1,-1
420,-1,120.22217559814453,128.07501220703125,144.2971954345703,168.15611267089844,0.6204994320869446,-1,-1,-1
420,-1,94.02230834960938,139.33526611328125,120.55352020263672,179.11366271972656,0.5801268815994263,-1,-1,-1
421,-1,119.96436309814453,128.12693786621094,144.8278350830078,169.1357879638672,0.6064828634262085,-1,-1,-1
421,-1,94.08561706542969,139.3424835205078,120.32561492919922,178.61917114257812,0.5211838483810425,-1,-1,-1
422,-1,119.09210968017578,128.19073486328125,145.12628173828125,169.6253662109375,0.5358925461769104,-1,-1,-1
422,-1,94.07349395751953,139.9668731689453,119.49406433105469,178.3457794189453,0.529308021068573,-1,-1,-1
424,-1,94.26365661621094,140.2575225830078,118.43785095214844,178.53408813476562,0.503799319267273,-1,-1,-1
425,-1,94.27005767822266,140.22451782226562,118.50727081298828,178.53366088867188,0.524151623249054,-1,-1,-1
426,-1,94.23506164550781,140.3094482421875,118.74755096435547,178.4392852783203,0.5375254154205322,-1,-1,-1
446,-1,95.27830505371094,141.27293395996094,118.94001007080078,178.595458984375,0.6482387781143188,-1,-1,-1
447,-1,95.5052261352539,141.4235382080078,118.0430679321289,178.73348999023438,0.6345641016960144,-1,-1,-1
448,-1,95.48875427246094,140.53756713867188,118.39354705810547,178.63235473632812,0.785286545753479,-1,-1,-1
449,-1,95.47752380371094,140.54843139648438,118.39148712158203,178.64154052734375,0.7865980267524719,-1,-1,-1
450,-1,95.50062561035156,140.6426544189453,119.0925521850586,178.35121154785156,0.7946727275848389,-1,-1,-1
451,-1,95.55850982666016,141.17027282714844,119.2996597290039,178.1849365234375,0.569534957408905,-1,-1,-1
453,-1,121.23098754882812,83.3577880859375,142.47776794433594,123.68585205078125,0.5606750845909119,-1,-1,-1
462,-1,124.04602813720703,85.65641021728516,141.7478790283203,136.37860107421875,0.6246568560600281,-1,-1,-1
463,-1,124.27032470703125,86.33512115478516,141.76544189453125,135.0321502685547,0.598681628704071,-1,-1,-1
464,-1,124.38750457763672,87.03729248046875,141.5775604248047,134.34815979003906,0.5652334094047546,-1,-1,-1
465,-1,124.2283706665039,87.30447387695312,141.520263671875,134.6659393310547,0.5298337936401367,-1,-1,-1
469,-1,123.54093933105469,89.95320129394531,141.6270294189453,135.5673828125,0.6345685720443726,-1,-1,-1
470,-1,123.5556640625,89.36114501953125,141.19186401367188,135.83090209960938,0.5694271326065063,-1,-1,-1
471,-1,123.2200698852539,88.87117004394531,141.21311950683594,137.47683715820312,0.6168196797370911,-1,-1,-1
472,-1,123.14173889160156,89.12358093261719,141.69671630859375,138.61279296875,0.7000266909599304,-1,-1,-1
473,-1,123.13980865478516,89.11529541015625,141.69119262695312,138.55609130859375,0.6966859698295593,-1,-1,-1
474,-1,123.2979965209961,89.49336242675781,141.2923126220703,137.40286254882812,0.6839118003845215,-1,-1,-1
