63,-1,116.36770629882812,99.1130142211914,144.64501953125,133.62705993652344,0.5786126852035522,-1,-1,-1
71,-1,59.40145492553711,106.77802276611328,164.66490173339844,243.09637451171875,0.7413199543952942,-1,-1,-1
75,-1,62.06378173828125,92.32742309570312,168.01959228515625,238.723388671875,0.871238648891449,-1,-1,-1
76,-1,63.3336067199707,98.61910247802734,168.9365997314453,237.6126708984375,0.6076865792274475,-1,-1,-1
77,-1,64.76432800292969,93.14888000488281,169.36300659179688,236.00991821289062,0.6472108960151672,-1,-1,-1
89,-1,63.65291976928711,105.59713745117188,172.63731384277344,238.927490234375,0.5028547048568726,-1,-1,-1
95,-1,66.01374053955078,101.70327758789062,170.43739318847656,239.12863159179688,0.7321592569351196,-1,-1,-1
101,-1,75.24372863769531,96.43529510498047,158.13279724121094,200.18617248535156,0.6069638133049011,-1,-1,-1
102,-1,65.98136138916016,76.75833892822266,160.6813201904297,215.79824829101562,0.5578864812850952,-1,-1,-1
103,-1,65.97434997558594,76.67621612548828,160.58229064941406,215.84872436523438,0.5573859214782715,-1,-1,-1
104,-1,65.28917694091797,69.96678161621094,159.32920837402344,224.19046020507812,0.5412095785140991,-1,-1,-1
105,-1,65.1725082397461,70.69438171386719,153.9237823486328,223.74676513671875,0.7242310047149658,-1,-1,-1
106,-1,66.15948486328125,68.99080657958984,151.4209442138672,220.91151428222656,0.9310022592544556,-1,-1,-1
107,-1,64.91510009765625,65.56377410888672,152.2200164794922,228.52305603027344,0.8611215949058533,-1,-1,-1
108,-1,62.103694915771484,65.28545379638672,152.38706970214844,231.2346954345703,0.8583184480667114,-1,-1,-1
109,-1,62.24008560180664,64.81458282470703,152.4801025390625,231.7315216064453,0.8470620512962341,-1,-1,-1
110,-1,55.620750427246094,69.39730072021484,152.44912719726562,220.31692504882812,0.7037039995193481,-1,-1,-1
111,-1,54.106502532958984,70.50796508789062,152.72518920898438,221.64315795898438,0.6788617372512817,-1,-1,-1
112,-1,52.1639289855957,77.31390380859375,154.24020385742188,220.3012237548828,0.6859627962112427,-1,-1,-1
113,-1,55.56394577026367,90.33867645263672,155.9361572265625,237.38345336914062,0.5211289525032043,-1,-1,-1
114,-1,55.60594940185547,93.19971466064453,154.38638305664062,238.70335388183594,0.7240204215049744,-1,-1,-1
115,-1,56.01093673706055,93.69049072265625,153.98179626464844,238.61817932128906,0.7233876585960388,-1,-1,-1
116,-1,54.63450622558594,92.54006958007812,153.8059539794922,238.26451110839844,0.5932677984237671,-1,-1,-1
117,-1,54.7520637512207,89.55012512207031,153.4412841796875,240.17892456054688,0.5417212247848511,-1,-1,-1
118,-1,53.983863830566406,92.44192504882812,152.48788452148438,239.813232421875,0.8114286661148071,-1,-1,-1
119,-1,52.014434814453125,90.8890151977539,154.3814239501953,239.24147033691406,0.7045221924781799,-1,-1,-1
120,-1,51.58063888549805,93.1074447631836,154.5718536376953,237.662109375,0.7417520880699158,-1,-1,-1
121,-1,51.58973693847656,93.03400421142578,154.4346466064453,237.6272430419922,0.7553567290306091,-1,-1,-1
122,-1,51.952598571777344,88.27035522460938,153.3832244873047,237.8661651611328,0.9330815076828003,-1,-1,-1
123,-1,51.855979919433594,86.54491424560547,152.87939453125,239.23858642578125,0.9374052286148071,-1,-1,-1
124,-1,52.811283111572266,83.01445007324219,151.708984375,240.34835815429688,0.9375403523445129,-1,-1,-1
125,-1,53.01258850097656,86.45271301269531,150.98094177246094,239.10806274414062,0.9512825608253479,-1,-1,-1
126,-1,52.61602020263672,86.90178680419922,151.11456298828125,239.7682647705078,0.9490915536880493,-1,-1,-1
127,-1,52.60219955444336,87.13401794433594,151.05398559570312,239.63909912109375,0.949569046497345,-1,-1,-1
128,-1,53.51383590698242,88.47614288330078,150.5734100341797,239.86526489257812,0.957240104675293,-1,-1,-1
129,-1,52.742584228515625,88.66276550292969,152.04498291015625,239.21734619140625,0.9159019589424133,-1,-1,-1
130,-1,49.33283996582031,72.11662292480469,140.8717498779297,228.11192321777344,0.9009733200073242,-1,-1,-1
131,-1,53.89834976196289,86.44810485839844,150.2963104248047,239.59869384765625,0.9282459020614624,-1,-1,-1
132,-1,54.237213134765625,85.02265930175781,149.93551635742188,240.3492431640625,0.9247004389762878,-1,-1,-1
133,-1,54.17001724243164,85.06351470947266,150.01072692871094,240.32606506347656,0.9213983416557312,-1,-1,-1
134,-1,53.35456085205078,84.4305191040039,151.02635192871094,240.68521118164062,0.9169970750808716,-1,-1,-1
135,-1,54.06582260131836,82.80951690673828,150.66403198242188,241.13348388671875,0.9550671577453613,-1,-1,-1
136,-1,53.65110397338867,89.48758697509766,150.78565979003906,240.23695373535156,0.9348324537277222,-1,-1,-1
137,-1,54.166751861572266,90.35208129882812,150.8380584716797,240.5032196044922,0.9203393459320068,-1,-1,-1
138,-1,54.350440979003906,93.50996398925781,150.94381713867188,240.260986328125,0.906909704208374,-1,-1,-1
139,-1,54.34175491333008,93.21150207519531,150.9767303466797,240.28933715820312,0.9070248603820801,-1,-1,-1
140,-1,54.59625244140625,92.63414001464844,151.21649169921875,240.3525390625,0.9313234686851501,-1,-1,-1
141,-1,57.042823791503906,93.10449981689453,151.93167114257812,241.4146270751953,0.9401723742485046,-1,-1,-1
142,-1,56.487430572509766,89.2627182006836,151.6987762451172,241.21275329589844,0.9468145966529846,-1,-1,-1
143,-1,55.37405014038086,92.242431640625,151.9065704345703,241.22506713867188,0.9402186870574951,-1,-1,-1
144,-1,55.48230743408203,96.8017578125,151.03871154785156,240.86366271972656,0.9509559869766235,-1,-1,-1
145,-1,55.432456970214844,97.21282958984375,151.08689880371094,240.83807373046875,0.9508982300758362,-1,-1,-1
146,-1,55.25147247314453,97.4832992553711,150.6754608154297,241.07247924804688,0.9512591361999512,-1,-1,-1
147,-1,55.452850341796875,99.87251281738281,150.78216552734375,241.0013885498047,0.9564229249954224,-1,-1,-1
148,-1,56.50326156616211,99.57813262939453,150.54519653320312,240.36984252929688,0.9607319831848145,-1,-1,-1
149,-1,56.42647171020508,97.58682250976562,150.75503540039062,240.3994598388672,0.9620404243469238,-1,-1,-1
150,-1,55.90260314941406,93.32218933105469,150.1583251953125,240.43235778808594,0.9558104276657104,-1,-1,-1
151,-1,55.99205780029297,93.25216674804688,150.04766845703125,240.50059509277344,0.9557883143424988,-1,-1,-1
152,-1,55.67757034301758,95.59342956542969,153.56307983398438,239.15126037597656,0.8478029370307922,-1,-1,-1
153,-1,56.72793960571289,96.31082153320312,152.6277313232422,239.58840942382812,0.8241935968399048,-1,-1,-1
154,-1,57.43205261230469,98.6114501953125,152.9530487060547,239.43885803222656,0.781943142414093,-1,-1,-1
155,-1,58.23851776123047,99.17672729492188,154.17092895507812,240.32330322265625,0.762010395526886,-1,-1,-1
156,-1,58.492637634277344,102.24726867675781,154.4415740966797,239.61660766601562,0.6632641553878784,-1,-1,-1
157,-1,58.50994873046875,102.38166046142578,154.3993682861328,239.68260192871094,0.6704093217849731,-1,-1,-1
158,-1,57.70558166503906,104.37359619140625,156.37918090820312,239.56167602539062,0.6671462655067444,-1,-1,-1
159,-1,58.040687561035156,103.70145416259766,156.59185791015625,238.92367553710938,0.6142279505729675,-1,-1,-1
160,-1,59.88197708129883,103.87012481689453,155.61984252929688,239.6155548095703,0.6882374882698059,-1,-1,-1
161,-1,60.50816345214844,102.23662567138672,155.0950469970703,239.0731964111328,0.6762668490409851,-1,-1,-1
162,-1,60.425567626953125,99.77682495117188,154.15432739257812,238.10755920410156,0.7745591998100281,-1,-1,-1
163,-1,60.46758270263672,99.58221435546875,153.84645080566406,238.35391235351562,0.783176064491272,-1,-1,-1
164,-1,60.1331672668457,99.34274291992188,152.30093383789062,238.0988006591797,0.8531640768051147,-1,-1,-1
165,-1,64.6944580078125,110.92364501953125,141.65689086914062,211.74969482421875,0.7939243316650391,-1,-1,-1
166,-1,63.01421356201172,101.03738403320312,141.46180725097656,203.025146484375,0.7258415222167969,-1,-1,-1
167,-1,66.15835571289062,112.12576293945312,142.0294189453125,210.89158630371094,0.7914829254150391,-1,-1,-1
168,-1,66.66931915283203,110.50276184082031,142.9684295654297,212.3792724609375,0.7718929052352905,-1,-1,-1
169,-1,66.67805480957031,110.41664123535156,143.0674285888672,212.4648895263672,0.7661645412445068,-1,-1,-1
170,-1,61.96733474731445,90.92415618896484,152.7957000732422,238.28378295898438,0.7578219175338745,-1,-1,-1
171,-1,63.60142517089844,92.78838348388672,150.53802490234375,237.90147399902344,0.8404052257537842,-1,-1,-1
172,-1,67.11965942382812,110.81777954101562,144.4256134033203,211.7987518310547,0.8404818773269653,-1,-1,-1
173,-1,63.60802459716797,99.139892578125,145.48544311523438,202.48704528808594,0.8760823607444763,-1,-1,-1
174,-1,63.209537506103516,98.68991088867188,144.89659118652344,203.33642578125,0.8502062559127808,-1,-1,-1
175,-1,63.216552734375,98.39797973632812,144.91986083984375,203.3532257080078,0.8535179495811462,-1,-1,-1
176,-1,61.5169563293457,81.29991149902344,151.66131591796875,215.457763671875,0.8201631307601929,-1,-1,-1
177,-1,64.58346557617188,97.79473876953125,146.4980010986328,202.46253967285156,0.6974427103996277,-1,-1,-1
178,-1,60.936004638671875,91.44157409667969,157.27764892578125,236.57412719726562,0.7065761685371399,-1,-1,-1
179,-1,61.64609909057617,74.4364013671875,156.77610778808594,217.5354461669922,0.816798985004425,-1,-1,-1
180,-1,61.64789581298828,73.6021728515625,156.66677856445312,219.3775177001953,0.6660826802253723,-1,-1,-1
181,-1,61.63963317871094,74.06260681152344,156.76976013183594,219.3591766357422,0.6755629777908325,-1,-1,-1
182,-1,107.93516540527344,1.9974164962768555,152.18804931640625,73.71246337890625,0.7002067565917969,-1,-1,-1
183,-1,108.14978790283203,2.472463846206665,152.21632385253906,73.57347869873047,0.7046716213226318,-1,-1,-1
183,-1,64.24742889404297,98.14958190917969,158.639404296875,238.31846618652344,0.5675954222679138,-1,-1,-1
184,-1,65.22494506835938,96.5058822631836,158.9751739501953,240.26095581054688,0.5624808073043823,-1,-1,-1
184,-1,108.14248657226562,2.020017147064209,153.38592529296875,73.6675033569336,0.5383379459381104,-1,-1,-1
185,-1,63.98031234741211,96.12440490722656,158.52024841308594,240.03170776367188,0.5705313682556152,-1,-1,-1
186,-1,63.08603286743164,89.30362701416016,161.08070373535156,242.95950317382812,0.6318716406822205,-1,-1,-1
187,-1,63.0893669128418,89.31553649902344,161.00552368164062,243.0292510986328,0.6366372108459473,-1,-1,-1
188,-1,109.25360870361328,1.847475528717041,153.4977569580078,74.45275115966797,0.7911418676376343,-1,-1,-1
188,-1,62.48332214355469,88.3686752319336,159.7859649658203,242.5248260498047,0.7019922137260437,-1,-1,-1
189,-1,109.5456771850586,0.9809346795082092,153.13491821289062,74.70731353759766,0.8191567659378052,-1,-1,-1
189,-1,61.283321380615234,88.73504638671875,158.71449279785156,241.41600036621094,0.756115734577179,-1,-1,-1
190,-1,109.16459655761719,1.9117413759231567,152.04637145996094,74.922119140625,0.8957726359367371,-1,-1,-1
190,-1,62.47807312011719,71.39881134033203,156.8140106201172,222.0966339111328,0.8626490831375122,-1,-1,-1
191,-1,109.64640808105469,2.221855640411377,152.60133361816406,75.2689208984375,0.8595638871192932,-1,-1,-1
192,-1,110.13700866699219,1.9464198350906372,152.55758666992188,75.04708099365234,0.6649135947227478,-1,-1,-1
193,-1,110.14481353759766,1.9770138263702393,152.547119140625,75.01493835449219,0.6796281337738037,-1,-1,-1
194,-1,109.72441864013672,2.151888132095337,152.59249877929688,73.98336791992188,0.7826598882675171,-1,-1,-1
194,-1,56.059349060058594,69.61170196533203,156.24708557128906,222.47471618652344,0.5565072298049927,-1,-1,-1
195,-1,109.67889404296875,2.4080393314361572,152.71548461914062,72.95218658447266,0.9262629151344299,-1,-1,-1
196,-1,109.93758392333984,2.4652392864227295,152.77752685546875,75.50758361816406,0.9182030558586121,-1,-1,-1
197,-1,109.32315826416016,1.2864274978637695,152.6016845703125,76.35636901855469,0.6699458956718445,-1,-1,-1
198,-1,109.0693588256836,1.272735595703125,152.78684997558594,76.17973327636719,0.8836676478385925,-1,-1,-1
199,-1,109.06483459472656,1.2624447345733643,152.79306030273438,76.16966247558594,0.8846313953399658,-1,-1,-1
200,-1,108.88121795654297,0.93647301197052,153.21212768554688,75.9301528930664,0.8770906925201416,-1,-1,-1
201,-1,109.7172622680664,0.7305702567100525,152.90692138671875,75.6912841796875,0.8668972849845886,-1,-1,-1
202,-1,109.44163513183594,0.692391037940979,152.84532165527344,76.47505950927734,0.7311651110649109,-1,-1,-1
202,-1,41.879638671875,100.0420913696289,130.5509033203125,237.61688232421875,0.6794813275337219,-1,-1,-1
203,-1,109.13487243652344,0.7542272806167603,152.6437225341797,76.28704833984375,0.6241732239723206,-1,-1,-1
204,-1,109.60435485839844,1.132753849029541,152.88308715820312,75.51392364501953,0.6175510883331299,-1,-1,-1
205,-1,109.6505126953125,1.1592072248458862,152.8654022216797,75.47074890136719,0.6306805610656738,-1,-1,-1
206,-1,109.27880859375,1.2799248695373535,153.0587158203125,75.1649398803711,0.579287588596344,-1,-1,-1
207,-1,108.9143295288086,1.4333313703536987,152.7700958251953,75.23174285888672,0.7654004693031311,-1,-1,-1
208,-1,109.55331420898438,1.9022340774536133,152.9000701904297,75.45149993896484,0.7575464844703674,-1,-1,-1
208,-1,36.987159729003906,81.5661392211914,124.31610870361328,240.4392852783203,0.5670490264892578,-1,-1,-1
209,-1,110.09210205078125,1.8110392093658447,153.08099365234375,75.9090805053711,0.6635854244232178,-1,-1,-1
209,-1,33.29909896850586,77.03861999511719,131.02903747558594,227.04037475585938,0.5277137756347656,-1,-1,-1
210,-1,110.12678527832031,1.4324569702148438,152.94752502441406,76.14686584472656,0.61589115858078,-1,-1,-1
210,-1,32.6650276184082,77.475341796875,129.64537048339844,226.32887268066406,0.521751344203949,-1,-1,-1
211,-1,110.13861846923828,1.4374806880950928,152.9485626220703,76.13752746582031,0.6232767105102539,-1,-1,-1
211,-1,32.356876373291016,77.50719451904297,129.992919921875,226.2528076171875,0.5180367231369019,-1,-1,-1
221,-1,111.04247283935547,-0.8511029481887817,152.35134887695312,75.82078552246094,0.6020088195800781,-1,-1,-1
222,-1,111.61197662353516,-0.2872995138168335,152.1053009033203,75.45096588134766,0.6392695903778076,-1,-1,-1
223,-1,111.65898132324219,-0.274253249168396,152.11766052246094,75.45050811767578,0.6199952363967896,-1,-1,-1
245,-1,122.60697174072266,2.0850608348846436,160.58175659179688,78.51468658447266,0.6519586443901062,-1,-1,-1
246,-1,123.37718200683594,1.862851619720459,160.7235107421875,77.27218627929688,0.6308301687240601,-1,-1,-1
247,-1,123.41012573242188,1.8652373552322388,160.7137908935547,77.29324340820312,0.6399804949760437,-1,-1,-1
368,-1,214.6595001220703,64.6572265625,265.16766357421875,133.66357421875,0.5676419138908386,-1,-1,-1
369,-1,213.59632873535156,65.08920288085938,264.555419921875,134.34144592285156,0.6082556843757629,-1,-1,-1
370,-1,214.73101806640625,65.28102111816406,265.2895812988281,133.55242919921875,0.7334717512130737,-1,-1,-1
407,-1,96.32440185546875,6.256828308105469,181.16650390625,91.02337646484375,0.6722249388694763,-1,-1,-1
408,-1,98.84286499023438,5.934762001037598,182.17105102539062,91.41835021972656,0.945740818977356,-1,-1,-1
409,-1,98.46238708496094,5.732072830200195,182.2252197265625,91.37718963623047,0.9455078840255737,-1,-1,-1
410,-1,104.00885009765625,5.697658538818359,180.47950744628906,91.30709838867188,0.7876105904579163,-1,-1,-1
411,-1,105.30751037597656,6.711261749267578,179.1658172607422,91.0788345336914,0.7157514691352844,-1,-1,-1
412,-1,126.5754623413086,8.092915534973145,179.92245483398438,94.91865539550781,0.8060717582702637,-1,-1,-1
413,-1,114.77716064453125,7.751526832580566,187.09226989746094,94.40139770507812,0.7128439545631409,-1,-1,-1
416,-1,116.25975036621094,8.1838960647583,195.63528442382812,97.07250213623047,0.8347107768058777,-1,-1,-1
417,-1,117.47692108154297,6.73711633682251,195.64849853515625,98.48667907714844,0.7479149103164673,-1,-1,-1
418,-1,119.04048156738281,7.368607044219971,196.99476623535156,97.57342529296875,0.8694911003112793,-1,-1,-1
419,-1,119.24082946777344,7.402252674102783,195.82186889648438,99.08499145507812,0.8631492853164673,-1,-1,-1
420,-1,134.68008422851562,6.87449836730957,192.0651092529297,101.83541107177734,0.8728044629096985,-1,-1,-1
421,-1,134.71856689453125,6.874917984008789,192.072998046875,101.84040832519531,0.8721444010734558,-1,-1,-1
425,-1,121.24439239501953,7.360396862030029,202.2329559326172,96.07201385498047,0.6042916178703308,-1,-1,-1
