1,-1,127.56430053710938,69.18199157714844,138.8673095703125,105.82831573486328,0.9731547832489014,-1,-1,-1
1,-1,107.42435455322266,99.79769134521484,129.53952026367188,145.85818481445312,0.9600914716720581,-1,-1,-1
1,-1,112.5411376953125,130.0010528564453,137.7493896484375,178.89334106445312,0.9453282952308655,-1,-1,-1
1,-1,200.43722534179688,59.92008972167969,210.46664428710938,85.29728698730469,0.6519265174865723,-1,-1,-1
2,-1,127.3675537109375,69.61558532714844,138.796142578125,105.28765106201172,0.967739999294281,-1,-1,-1
2,-1,107.2499008178711,100.40269470214844,129.1330108642578,145.7141876220703,0.9428552389144897,-1,-1,-1
2,-1,111.54534912109375,131.5451202392578,138.61709594726562,177.48391723632812,0.8915300965309143,-1,-1,-1
2,-1,200.61256408691406,59.6740837097168,210.52955627441406,85.43225860595703,0.7933843731880188,-1,-1,-1
2,-1,136.85964965820312,119.21178436279297,150.166015625,150.846435546875,0.6164606213569641,-1,-1,-1
3,-1,127.21086120605469,69.5987777709961,138.6514892578125,105.07283782958984,0.9553828835487366,-1,-1,-1
3,-1,107.24081420898438,100.43775177001953,128.86033630371094,145.87278747558594,0.9459331631660461,-1,-1,-1
3,-1,200.72317504882812,60.11956787109375,210.6900177001953,85.55348205566406,0.7702645659446716,-1,-1,-1
3,-1,112.49261474609375,131.7129669189453,138.45993041992188,177.12806701660156,0.7082782983779907,-1,-1,-1
3,-1,136.73573303222656,119.63143920898438,150.43699645996094,150.76718139648438,0.6336644291877747,-1,-1,-1
4,-1,106.24693298339844,102.12820434570312,129.20506286621094,144.58175659179688,0.9562540054321289,-1,-1,-1
4,-1,127.14537048339844,70.09030151367188,138.71661376953125,104.62234497070312,0.9491347670555115,-1,-1,-1
4,-1,111.14742279052734,131.6186065673828,138.12637329101562,177.3341064453125,0.8507315516471863,-1,-1,-1
4,-1,200.79266357421875,60.42572021484375,210.8670196533203,85.26174926757812,0.7678420543670654,-1,-1,-1
4,-1,135.73587036132812,119.01256561279297,150.4566650390625,150.25912475585938,0.5333133339881897,-1,-1,-1
5,-1,126.87613677978516,70.89453887939453,138.7501983642578,103.917236328125,0.9284787178039551,-1,-1,-1
5,-1,105.59708404541016,102.24356079101562,128.53433227539062,145.9467010498047,0.9249871969223022,-1,-1,-1
5,-1,109.19111633300781,130.24928283691406,134.0937957763672,176.6919708251953,0.8754969239234924,-1,-1,-1
5,-1,200.71749877929688,60.42729187011719,210.95396423339844,85.30010223388672,0.7981966137886047,-1,-1,-1
5,-1,133.1436004638672,116.60359191894531,153.7716827392578,154.55726623535156,0.6304168701171875,-1,-1,-1
6,-1,126.69239807128906,71.62263488769531,138.42745971679688,103.29088592529297,0.8832688331604004,-1,-1,-1
6,-1,111.2113265991211,127.80109405517578,137.36705017089844,179.79412841796875,0.8263297080993652,-1,-1,-1
6,-1,105.50645446777344,103.17971801757812,127.96711730957031,146.99636840820312,0.7022749185562134,-1,-1,-1
6,-1,200.5782928466797,60.95790100097656,211.05953979492188,85.65887451171875,0.6990473866462708,-1,-1,-1
6,-1,132.81973266601562,116.78291320800781,153.48291015625,154.9556427001953,0.5628646612167358,-1,-1,-1
7,-1,126.5890884399414,71.46553039550781,138.2541046142578,103.87049865722656,0.9250757694244385,-1,-1,-1
7,-1,105.21307373046875,104.42610931396484,127.80460357666016,147.90731811523438,0.8406025767326355,-1,-1,-1
7,-1,200.5587921142578,60.84620666503906,211.08839416503906,85.53556060791016,0.7325378656387329,-1,-1,-1
7,-1,135.5888214111328,119.68733215332031,150.98434448242188,152.43450927734375,0.7168298363685608,-1,-1,-1
7,-1,110.39191436767578,126.62837219238281,138.07774353027344,182.1880340576172,0.6963564157485962,-1,-1,-1
8,-1,105.13884735107422,104.79095458984375,127.29798126220703,150.11495971679688,0.8990925550460815,-1,-1,-1
8,-1,126.35974884033203,71.52002716064453,137.930908203125,103.56073760986328,0.8567869067192078,-1,-1,-1
8,-1,200.27902221679688,60.44905090332031,211.31539916992188,85.55535125732422,0.7501205205917358,-1,-1,-1
8,-1,135.45809936523438,120.28022003173828,150.94288635253906,151.69943237304688,0.5742186307907104,-1,-1,-1
9,-1,105.01832580566406,104.7784652709961,125.60877990722656,150.54251098632812,0.9011561274528503,-1,-1,-1
9,-1,200.19000244140625,60.17109680175781,211.25125122070312,86.42621612548828,0.7774358987808228,-1,-1,-1
9,-1,126.7917251586914,75.04808807373047,138.66476440429688,106.45945739746094,0.6612498164176941,-1,-1,-1
10,-1,104.9055404663086,104.98731231689453,126.1509780883789,150.88223266601562,0.8949299454689026,-1,-1,-1
10,-1,111.19430541992188,137.47402954101562,138.4879608154297,190.9622344970703,0.8590911626815796,-1,-1,-1
10,-1,126.77830505371094,73.12966918945312,138.86221313476562,108.37773132324219,0.8114364147186279,-1,-1,-1
10,-1,200.18716430664062,60.198726654052734,211.27285766601562,86.39218139648438,0.7657727003097534,-1,-1,-1
10,-1,133.08035278320312,118.17757415771484,155.62913513183594,157.52540588378906,0.6175591349601746,-1,-1,-1
11,-1,104.58695983886719,105.48978424072266,125.44091796875,151.22549438476562,0.8894948363304138,-1,-1,-1
11,-1,126.54326629638672,73.3453369140625,138.81320190429688,108.62767028808594,0.8382954597473145,-1,-1,-1
11,-1,200.08653259277344,60.07450866699219,211.41488647460938,86.0412368774414,0.8149168491363525,-1,-1,-1
11,-1,133.02334594726562,119.41043853759766,155.43394470214844,160.09852600097656,0.6852115988731384,-1,-1,-1
12,-1,123.50736999511719,72.46435546875,139.2781219482422,112.74140930175781,0.8850076794624329,-1,-1,-1
12,-1,104.69982147216797,107.68357849121094,127.32746124267578,166.0528564453125,0.864132821559906,-1,-1,-1
12,-1,200.0308380126953,61.31072235107422,211.32815551757812,85.15403747558594,0.6109593510627747,-1,-1,-1
12,-1,132.88365173339844,122.18863677978516,154.22669982910156,158.68710327148438,0.5583599209785461,-1,-1,-1
13,-1,126.25931549072266,73.06281280517578,138.5460968017578,110.80374145507812,0.9068461060523987,-1,-1,-1
13,-1,103.75336456298828,108.5271987915039,127.927001953125,165.82708740234375,0.76800537109375,-1,-1,-1
13,-1,132.4381561279297,123.30583953857422,154.55123901367188,158.81634521484375,0.5486258268356323,-1,-1,-1
13,-1,200.13650512695312,61.43252182006836,211.1195068359375,85.3218002319336,0.5436100959777832,-1,-1,-1
14,-1,126.0427474975586,72.39250183105469,138.44554138183594,111.17512512207031,0.9243744015693665,-1,-1,-1
14,-1,132.73904418945312,125.01863098144531,153.8118896484375,159.52728271484375,0.7507590055465698,-1,-1,-1
14,-1,102.68006896972656,108.79920196533203,127.29734802246094,164.78598022460938,0.7119678854942322,-1,-1,-1
14,-1,200.25514221191406,60.413604736328125,211.0991668701172,85.87285614013672,0.7044742703437805,-1,-1,-1
15,-1,123.39473724365234,72.51680755615234,138.92698669433594,113.25707244873047,0.8815771341323853,-1,-1,-1
15,-1,132.61410522460938,125.33392333984375,154.53604125976562,159.46083068847656,0.8354671597480774,-1,-1,-1
15,-1,200.34014892578125,60.791236877441406,211.09877014160156,85.63341522216797,0.6824451088905334,-1,-1,-1
15,-1,101.54026794433594,106.68912506103516,134.14794921875,192.440185546875,0.6219137907028198,-1,-1,-1
15,-1,101.75838470458984,109.54753112792969,125.96305084228516,164.63638305664062,0.5282003879547119,-1,-1,-1
16,-1,131.10342407226562,125.519287109375,155.34056091308594,160.96307373046875,0.8772231936454773,-1,-1,-1
16,-1,123.37772369384766,72.1871337890625,138.4822540283203,114.73236846923828,0.8617207407951355,-1,-1,-1
16,-1,200.22225952148438,60.39570617675781,211.4419708251953,86.06951141357422,0.810342013835907,-1,-1,-1
16,-1,100.8534164428711,107.51907348632812,133.4765625,191.6165008544922,0.795207679271698,-1,-1,-1
17,-1,200.16725158691406,60.34217071533203,211.64732360839844,86.45331573486328,0.8778520226478577,-1,-1,-1
17,-1,100.1449966430664,109.89318084716797,126.59175872802734,164.20692443847656,0.8003149628639221,-1,-1,-1
17,-1,123.15982818603516,72.20667266845703,138.347412109375,114.542236328125,0.7926445007324219,-1,-1,-1
17,-1,128.84133911132812,126.15247344970703,154.7694549560547,168.7885284423828,0.7015374302864075,-1,-1,-1
18,-1,200.4482879638672,60.56301498413086,211.52137756347656,87.05137634277344,0.8582427501678467,-1,-1,-1
18,-1,128.6430206298828,126.81665802001953,154.87844848632812,166.2505645751953,0.8503161072731018,-1,-1,-1
18,-1,122.74735260009766,72.2404556274414,138.03648376464844,114.48026275634766,0.8464409112930298,-1,-1,-1
18,-1,99.75029754638672,109.59078216552734,134.09986877441406,193.91891479492188,0.8008787035942078,-1,-1,-1
18,-1,100.06722259521484,110.16425323486328,127.18379974365234,162.54953002929688,0.5748225450515747,-1,-1,-1
19,-1,200.5449676513672,60.77885437011719,211.38720703125,87.24205017089844,0.8422715067863464,-1,-1,-1
19,-1,99.61014556884766,111.147216796875,126.36554718017578,161.20443725585938,0.8247262835502625,-1,-1,-1
19,-1,122.33891296386719,72.63325500488281,137.9361114501953,113.8236312866211,0.8171910643577576,-1,-1,-1
19,-1,129.2615966796875,127.65769958496094,155.0379638671875,165.70608520507812,0.7991781830787659,-1,-1,-1
19,-1,112.14933776855469,149.4031219482422,136.93963623046875,195.08409118652344,0.6374144554138184,-1,-1,-1
20,-1,111.01072692871094,148.74667358398438,138.65277099609375,198.96034240722656,0.9244633316993713,-1,-1,-1
20,-1,99.5921401977539,112.95254516601562,126.30148315429688,162.032470703125,0.8988808989524841,-1,-1,-1
20,-1,129.53482055664062,128.3123321533203,155.65374755859375,166.92527770996094,0.8328931927680969,-1,-1,-1
20,-1,200.606689453125,61.21168518066406,211.4639434814453,86.9871826171875,0.8045787811279297,-1,-1,-1
20,-1,121.66830444335938,72.93037414550781,137.7476348876953,112.33330535888672,0.7062757015228271,-1,-1,-1
21,-1,99.89127349853516,113.60429382324219,126.13053894042969,162.8797607421875,0.9117624759674072,-1,-1,-1
21,-1,200.4969482421875,61.31991958618164,211.49331665039062,86.95630645751953,0.8279920220375061,-1,-1,-1
21,-1,129.7842559814453,129.0943145751953,154.63174438476562,165.61952209472656,0.8142305016517639,-1,-1,-1
21,-1,121.75663757324219,72.92940521240234,137.2366485595703,113.62692260742188,0.795841634273529,-1,-1,-1
21,-1,111.71247863769531,151.3812713623047,138.02914428710938,201.03289794921875,0.7915741801261902,-1,-1,-1
22,-1,200.08985900878906,61.14752197265625,211.4151153564453,87.12598419189453,0.8904932737350464,-1,-1,-1
22,-1,121.59239196777344,72.56903076171875,136.8814239501953,114.81500244140625,0.8642240762710571,-1,-1,-1
22,-1,99.45336151123047,114.55884552001953,127.01786804199219,162.97950744628906,0.8246198296546936,-1,-1,-1
22,-1,129.1457977294922,129.3046112060547,154.6061553955078,166.49070739746094,0.8030049204826355,-1,-1,-1
22,-1,111.52912139892578,154.0869598388672,137.76834106445312,199.96121215820312,0.778911292552948,-1,-1,-1
23,-1,108.4672622680664,152.59661865234375,135.25439453125,205.0558624267578,0.8751132488250732,-1,-1,-1
23,-1,200.0645294189453,61.15985870361328,211.37295532226562,87.29025268554688,0.8676097393035889,-1,-1,-1
23,-1,127.57051086425781,129.5449981689453,154.12745666503906,168.03448486328125,0.7568088173866272,-1,-1,-1
23,-1,121.57158660888672,72.65160369873047,136.85699462890625,114.71513366699219,0.6837213635444641,-1,-1,-1
23,-1,99.01775360107422,115.70858001708984,126.76860809326172,164.786376953125,0.6357842087745667,-1,-1,-1
24,-1,199.96609497070312,61.43356704711914,211.3031768798828,87.19652557373047,0.869590163230896,-1,-1,-1
24,-1,109.07781982421875,154.98609924316406,134.73385620117188,202.67112731933594,0.8210182189941406,-1,-1,-1
24,-1,126.83747863769531,130.40621948242188,151.80398559570312,167.90310668945312,0.732109010219574,-1,-1,-1
24,-1,121.6495361328125,75.37946319580078,135.83517456054688,117.81173706054688,0.6998862028121948,-1,-1,-1
24,-1,98.95838928222656,118.17048645019531,127.42013549804688,179.31991577148438,0.5973367691040039,-1,-1,-1
25,-1,199.92051696777344,61.47201919555664,211.1258087158203,87.10933685302734,0.8462367653846741,-1,-1,-1
25,-1,98.17351531982422,118.2000732421875,127.2317123413086,178.62391662597656,0.8130477666854858,-1,-1,-1
25,-1,127.419677734375,131.57168579101562,150.66183471679688,168.37232971191406,0.800536572933197,-1,-1,-1
25,-1,112.95264434814453,157.06491088867188,135.4617462158203,209.78660583496094,0.7162177562713623,-1,-1,-1
25,-1,121.34888458251953,75.28118133544922,135.85768127441406,118.22437286376953,0.529940128326416,-1,-1,-1
26,-1,95.03982543945312,117.45173645019531,123.81272888183594,179.52099609375,0.9321602582931519,-1,-1,-1
26,-1,199.94529724121094,61.47817611694336,210.99530029296875,87.44393920898438,0.8589478731155396,-1,-1,-1
26,-1,127.29622650146484,131.74346923828125,149.8173370361328,168.64093017578125,0.766507625579834,-1,-1,-1
26,-1,121.38032531738281,75.3619155883789,135.7974090576172,118.10594177246094,0.5574504733085632,-1,-1,-1
27,-1,95.00639343261719,118.36781311035156,123.36132049560547,178.9664764404297,0.9221276640892029,-1,-1,-1
27,-1,199.8634490966797,61.67924118041992,211.0240936279297,87.67815399169922,0.8995622396469116,-1,-1,-1
27,-1,125.77472686767578,135.04953002929688,148.1761016845703,171.00823974609375,0.8616589903831482,-1,-1,-1
27,-1,121.68102264404297,75.27439880371094,136.1027374267578,118.62313842773438,0.5565985441207886,-1,-1,-1
28,-1,94.52005004882812,118.69969177246094,123.07530212402344,181.02207946777344,0.922284722328186,-1,-1,-1
28,-1,125.46528625488281,135.257080078125,147.69729614257812,172.39508056640625,0.8803087472915649,-1,-1,-1
28,-1,199.9952392578125,61.8918571472168,210.9092559814453,87.6069564819336,0.8628207445144653,-1,-1,-1
28,-1,110.69416809082031,163.63941955566406,132.35227966308594,208.49110412597656,0.5961182713508606,-1,-1,-1
28,-1,121.43502807617188,74.67308807373047,135.59617614746094,119.41686248779297,0.5078011751174927,-1,-1,-1
29,-1,94.76233673095703,119.88207244873047,122.28038787841797,178.18882751464844,0.9604129195213318,-1,-1,-1
29,-1,121.24324035644531,74.64494323730469,135.39804077148438,119.77510833740234,0.8868290185928345,-1,-1,-1
29,-1,125.23138427734375,135.36322021484375,147.59291076660156,172.36280822753906,0.8146045804023743,-1,-1,-1
29,-1,200.16802978515625,61.93867874145508,210.76393127441406,87.86636352539062,0.7761942744255066,-1,-1,-1
29,-1,110.28045654296875,166.95062255859375,133.07814025878906,208.7159881591797,0.6458315253257751,-1,-1,-1
30,-1,120.9830093383789,74.24657440185547,135.1724853515625,120.73938751220703,0.9271664023399353,-1,-1,-1
30,-1,94.47413635253906,120.74864196777344,120.22010040283203,176.99725341796875,0.9042702913284302,-1,-1,-1
30,-1,108.44813537597656,167.55787658691406,132.54473876953125,207.59117126464844,0.7907764315605164,-1,-1,-1
30,-1,125.03346252441406,136.67269897460938,147.81724548339844,173.20762634277344,0.7454191446304321,-1,-1,-1
30,-1,200.1387176513672,62.43669128417969,210.66709899902344,87.38272094726562,0.6475573778152466,-1,-1,-1
31,-1,120.23622131347656,74.78949737548828,134.80604553222656,120.78300476074219,0.9686839580535889,-1,-1,-1
31,-1,93.93037414550781,121.77234649658203,121.13133239746094,176.28575134277344,0.9628326892852783,-1,-1,-1
31,-1,123.53034210205078,137.39125061035156,144.71334838867188,173.55581665039062,0.8613502383232117,-1,-1,-1
31,-1,107.30170440673828,168.57772827148438,132.88059997558594,207.61875915527344,0.8339254856109619,-1,-1,-1
31,-1,199.48851013183594,69.74174499511719,210.31637573242188,90.9632797241211,0.648715078830719,-1,-1,-1
32,-1,120.49358367919922,75.15443420410156,134.81227111816406,120.76940155029297,0.9583566188812256,-1,-1,-1
32,-1,93.73739624023438,120.92134857177734,120.59864044189453,178.49461364746094,0.8638595342636108,-1,-1,-1
32,-1,107.83905029296875,168.80587768554688,132.9500732421875,207.70953369140625,0.785341739654541,-1,-1,-1
32,-1,199.50924682617188,69.43049621582031,210.27931213378906,91.62381744384766,0.7351719737052917,-1,-1,-1
32,-1,123.70110321044922,136.69906616210938,143.77716064453125,174.16119384765625,0.7046488523483276,-1,-1,-1
33,-1,120.31300354003906,75.39578247070312,134.57212829589844,121.00300598144531,0.9499445557594299,-1,-1,-1
33,-1,93.13793182373047,123.4001693725586,118.61143493652344,174.80862426757812,0.920295238494873,-1,-1,-1
33,-1,199.47938537597656,68.154541015625,210.5567169189453,91.95292663574219,0.7392513155937195,-1,-1,-1
33,-1,107.47367095947266,169.28550720214844,132.6748809814453,207.87974548339844,0.6654545664787292,-1,-1,-1
33,-1,123.13261413574219,139.19784545898438,141.2606201171875,177.96124267578125,0.5997664332389832,-1,-1,-1
34,-1,120.0802993774414,76.03971099853516,134.58432006835938,121.3237075805664,0.9606658220291138,-1,-1,-1
34,-1,92.80162048339844,123.98046875,119.41658782958984,177.6543731689453,0.8842002153396606,-1,-1,-1
34,-1,199.48284912109375,67.29534149169922,210.75584411621094,92.06273651123047,0.71979159116745,-1,-1,-1
34,-1,107.41509246826172,170.98834228515625,132.4827423095703,208.5531005859375,0.6596543192863464,-1,-1,-1
34,-1,121.66832733154297,139.02330017089844,140.92027282714844,179.53871154785156,0.5690015554428101,-1,-1,-1
35,-1,119.90016174316406,76.08838653564453,134.4718017578125,121.57908630371094,0.9618386030197144,-1,-1,-1
35,-1,92.3893814086914,124.17794036865234,118.94446563720703,177.9962615966797,0.8240482807159424,-1,-1,-1
35,-1,199.5869140625,67.82415771484375,210.97349548339844,91.87303924560547,0.6390087604522705,-1,-1,-1
35,-1,121.6231918334961,139.14932250976562,140.1218719482422,181.81126403808594,0.6364250183105469,-1,-1,-1
35,-1,107.65198516845703,173.0988311767578,132.48117065429688,207.32264709472656,0.5455711483955383,-1,-1,-1
36,-1,119.37469482421875,76.0732192993164,134.29238891601562,121.27616119384766,0.9614875316619873,-1,-1,-1
36,-1,91.74562072753906,125.12312316894531,117.35299682617188,176.59609985351562,0.9434434771537781,-1,-1,-1
36,-1,105.89707946777344,174.69985961914062,132.32650756835938,207.47943115234375,0.7725896835327148,-1,-1,-1
36,-1,199.632568359375,67.77381896972656,210.98956298828125,91.9253921508789,0.6610584259033203,-1,-1,-1
37,-1,119.20980834960938,76.08282470703125,134.10064697265625,121.6958999633789,0.9656401872634888,-1,-1,-1
37,-1,91.11283111572266,125.64295196533203,117.51251220703125,178.6878662109375,0.9222299456596375,-1,-1,-1
37,-1,199.75872802734375,67.33345031738281,211.04444885253906,91.85322570800781,0.6992047429084778,-1,-1,-1
38,-1,119.07354736328125,75.99362182617188,134.09173583984375,122.01929473876953,0.9746570587158203,-1,-1,-1
38,-1,199.77206420898438,66.39292907714844,211.14712524414062,91.78218841552734,0.8364301323890686,-1,-1,-1
38,-1,90.31149291992188,127.23133850097656,117.04277801513672,179.5181427001953,0.8194794058799744,-1,-1,-1
38,-1,120.78807067871094,143.9314422607422,138.75851440429688,189.26487731933594,0.615369975566864,-1,-1,-1
39,-1,118.82650756835938,75.81686401367188,134.29075622558594,122.4561996459961,0.9762739539146423,-1,-1,-1
39,-1,199.75205993652344,66.27540588378906,211.1767578125,92.17115783691406,0.9065613746643066,-1,-1,-1
39,-1,91.06024169921875,128.01748657226562,117.86469268798828,192.967529296875,0.8623234629631042,-1,-1,-1
39,-1,119.26423645019531,148.0807342529297,136.9224853515625,195.35276794433594,0.6662095785140991,-1,-1,-1
40,-1,118.77391052246094,75.82923126220703,134.26693725585938,122.44880676269531,0.9736660718917847,-1,-1,-1
40,-1,199.70298767089844,66.8924560546875,211.42372131347656,91.9832763671875,0.9042251110076904,-1,-1,-1
40,-1,106.08128356933594,184.14381408691406,130.77902221679688,210.38499450683594,0.7237022519111633,-1,-1,-1
40,-1,90.5826416015625,129.7792205810547,115.18302154541016,193.7981414794922,0.7165185809135437,-1,-1,-1
40,-1,119.39838409423828,148.49136352539062,137.01873779296875,195.27915954589844,0.5068711638450623,-1,-1,-1
41,-1,118.36410522460938,76.04698181152344,134.23284912109375,121.54503631591797,0.9671155214309692,-1,-1,-1
41,-1,199.62313842773438,66.2032241821289,211.61337280273438,92.23706817626953,0.884246826171875,-1,-1,-1
41,-1,120.35110473632812,148.57598876953125,136.79452514648438,195.95367431640625,0.6943910717964172,-1,-1,-1
41,-1,106.25575256347656,185.60891723632812,129.61566162109375,210.95211791992188,0.6770144701004028,-1,-1,-1
41,-1,88.99415588378906,131.04013061523438,114.33134460449219,191.3199462890625,0.573577880859375,-1,-1,-1
42,-1,117.92738342285156,76.73668670654297,134.08197021484375,121.01750946044922,0.9301988482475281,-1,-1,-1
42,-1,199.54324340820312,66.34626007080078,211.63906860351562,91.83658599853516,0.8732537031173706,-1,-1,-1
42,-1,84.09972381591797,131.067626953125,109.83383178710938,186.89004516601562,0.7193371653556824,-1,-1,-1
43,-1,117.99360656738281,78.67390441894531,134.08204650878906,122.23713684082031,0.9145520925521851,-1,-1,-1
43,-1,83.3304672241211,132.47828674316406,110.03239440917969,186.3304443359375,0.9048452377319336,-1,-1,-1
43,-1,199.45579528808594,66.89241790771484,211.64471435546875,91.7547607421875,0.83719402551651,-1,-1,-1
43,-1,124.96347045898438,156.18128967285156,136.87835693359375,188.63104248046875,0.6288525462150574,-1,-1,-1
44,-1,117.88192749023438,79.4506607055664,134.46572875976562,123.29194641113281,0.9728507995605469,-1,-1,-1
44,-1,82.63179779052734,132.8370819091797,109.80711364746094,187.10977172851562,0.9286853075027466,-1,-1,-1
44,-1,199.38133239746094,66.1153564453125,211.76348876953125,92.20882415771484,0.8667059540748596,-1,-1,-1
44,-1,124.83235168457031,157.3346405029297,136.37973022460938,187.74925231933594,0.5060425996780396,-1,-1,-1
45,-1,117.68183898925781,79.37061309814453,134.32664489746094,124.25144958496094,0.9847060441970825,-1,-1,-1
45,-1,81.3471908569336,134.77073669433594,110.74629974365234,189.32571411132812,0.967090368270874,-1,-1,-1
45,-1,199.34182739257812,65.13458251953125,211.87277221679688,92.84917449951172,0.915640652179718,-1,-1,-1
45,-1,124.34825134277344,157.63278198242188,136.79733276367188,188.11233520507812,0.6554260849952698,-1,-1,-1
45,-1,105.03631591796875,191.78359985351562,124.18264770507812,210.30751037597656,0.5428853034973145,-1,-1,-1
46,-1,117.69010925292969,80.70582580566406,134.54937744140625,124.4666748046875,0.9821557402610779,-1,-1,-1
46,-1,80.7761001586914,135.531005859375,110.0877456665039,189.42349243164062,0.9289041757583618,-1,-1,-1
46,-1,199.3010711669922,65.60433959960938,211.9642333984375,92.49657440185547,0.8943111896514893,-1,-1,-1
46,-1,120.96675872802734,158.06385803222656,135.4148406982422,185.73321533203125,0.547103762626648,-1,-1,-1
47,-1,117.10506439208984,80.91024017333984,134.51150512695312,124.95813751220703,0.981848418712616,-1,-1,-1
47,-1,79.7728271484375,136.18215942382812,109.87223815917969,189.38336181640625,0.9584313035011292,-1,-1,-1
47,-1,199.10479736328125,66.86092376708984,211.71456909179688,91.62333679199219,0.734208345413208,-1,-1,-1
47,-1,117.11432647705078,154.94264221191406,136.99659729003906,193.26394653320312,0.6962261199951172,-1,-1,-1
48,-1,117.1938705444336,80.86641693115234,134.2093963623047,125.44207763671875,0.9874561429023743,-1,-1,-1
48,-1,78.64180755615234,136.65623474121094,108.08122253417969,189.99537658691406,0.9555312991142273,-1,-1,-1
48,-1,116.98990631103516,156.32000732421875,137.15940856933594,194.19284057617188,0.842413604259491,-1,-1,-1
48,-1,199.2949676513672,65.98102569580078,211.93325805664062,92.35506439208984,0.7760738730430603,-1,-1,-1
49,-1,116.87351989746094,81.84490203857422,134.01776123046875,126.4387435913086,0.9811576008796692,-1,-1,-1
49,-1,77.65080261230469,137.2823028564453,106.78874969482422,192.29550170898438,0.9211926460266113,-1,-1,-1
49,-1,114.26666259765625,155.99339294433594,136.9637908935547,196.08819580078125,0.7757406234741211,-1,-1,-1
49,-1,199.41610717773438,65.65532684326172,211.93206787109375,92.98231506347656,0.7567359209060669,-1,-1,-1
50,-1,116.76544952392578,81.64696502685547,133.2083740234375,126.61614227294922,0.9850401282310486,-1,-1,-1
50,-1,76.54070281982422,137.98313903808594,105.89044189453125,192.7513885498047,0.9387432336807251,-1,-1,-1
50,-1,113.91592407226562,156.8915252685547,136.29098510742188,198.35841369628906,0.8740474581718445,-1,-1,-1
50,-1,199.5787811279297,65.90805053710938,211.80360412597656,93.05130004882812,0.7111358046531677,-1,-1,-1
51,-1,116.65901947021484,81.31820678710938,132.94619750976562,127.35272979736328,0.9860910177230835,-1,-1,-1
51,-1,75.29246520996094,139.2113037109375,105.48731994628906,192.70140075683594,0.9144320487976074,-1,-1,-1
51,-1,201.16839599609375,63.91194152832031,212.7340545654297,83.50051879882812,0.6685085296630859,-1,-1,-1
51,-1,113.47067260742188,157.48788452148438,136.79774475097656,198.90521240234375,0.6114898920059204,-1,-1,-1
52,-1,116.4774169921875,82.83623504638672,132.94862365722656,127.28430938720703,0.968345046043396,-1,-1,-1
52,-1,74.8346176147461,140.42747497558594,103.40300750732422,191.48358154296875,0.840765655040741,-1,-1,-1
52,-1,201.18978881835938,63.8836669921875,212.6133575439453,83.14894104003906,0.6577164530754089,-1,-1,-1
53,-1,116.33535766601562,82.90241241455078,132.82754516601562,127.51680755615234,0.9686046838760376,-1,-1,-1
53,-1,73.99292755126953,141.67625427246094,103.1699447631836,193.32928466796875,0.8653932213783264,-1,-1,-1
53,-1,201.63633728027344,63.862152099609375,212.5199737548828,82.96942138671875,0.6430330872535706,-1,-1,-1
54,-1,116.3650131225586,83.21694946289062,132.8177490234375,127.53408813476562,0.9649736285209656,-1,-1,-1
54,-1,73.79261779785156,145.1298828125,103.21675109863281,202.0445556640625,0.9341576099395752,-1,-1,-1
54,-1,201.6842498779297,63.97955322265625,212.47169494628906,83.2999267578125,0.5668718218803406,-1,-1,-1
54,-1,113.70926666259766,164.20680236816406,135.79649353027344,206.4802703857422,0.5314139723777771,-1,-1,-1
55,-1,116.17630767822266,83.7793960571289,132.2904052734375,127.19731903076172,0.9467370510101318,-1,-1,-1
55,-1,73.00381469726562,145.48385620117188,103.03890228271484,204.16978454589844,0.9437472820281982,-1,-1,-1
55,-1,112.7083511352539,165.26644897460938,136.45156860351562,207.4295654296875,0.6674825549125671,-1,-1,-1
55,-1,201.7694854736328,63.9949951171875,212.3438720703125,83.14076232910156,0.5607174634933472,-1,-1,-1
56,-1,116.18501281738281,83.96548461914062,131.77125549316406,127.42835998535156,0.9137147665023804,-1,-1,-1
56,-1,70.79150390625,144.41860961914062,97.6083755493164,202.52651977539062,0.6965753436088562,-1,-1,-1
56,-1,106.7892074584961,165.32127380371094,134.72422790527344,208.5155792236328,0.6367531418800354,-1,-1,-1
56,-1,201.63119506835938,63.96092224121094,212.28424072265625,83.5907211303711,0.5924218893051147,-1,-1,-1
57,-1,116.06047058105469,84.18830871582031,131.7465362548828,127.4543228149414,0.8902822732925415,-1,-1,-1
57,-1,70.0911636352539,147.66688537597656,97.13298797607422,201.82891845703125,0.6817744970321655,-1,-1,-1
57,-1,106.8359375,166.01492309570312,135.29803466796875,208.5235595703125,0.6709486246109009,-1,-1,-1
57,-1,201.23178100585938,64.0660400390625,212.27613830566406,83.66363525390625,0.6491152048110962,-1,-1,-1
58,-1,68.9343490600586,150.98414611816406,95.87916564941406,201.7211151123047,0.7612504363059998,-1,-1,-1
58,-1,116.05874633789062,84.16403198242188,131.7720947265625,128.04986572265625,0.7581753134727478,-1,-1,-1
58,-1,200.8957061767578,64.2229232788086,212.32281494140625,83.74773406982422,0.6472057104110718,-1,-1,-1
58,-1,107.097412109375,166.87049865722656,134.2648468017578,208.07522583007812,0.5180038809776306,-1,-1,-1
59,-1,116.23332214355469,84.35166931152344,131.7097930908203,127.74385833740234,0.8800843954086304,-1,-1,-1
59,-1,106.40084838867188,168.02227783203125,134.934326171875,208.31777954101562,0.8708353638648987,-1,-1,-1
59,-1,68.46756744384766,151.77218627929688,97.98957061767578,203.64576721191406,0.8388696312904358,-1,-1,-1
59,-1,199.5792999267578,65.41893005371094,211.7475128173828,93.65087890625,0.7327920794487,-1,-1,-1
60,-1,116.08683776855469,84.43793487548828,131.86105346679688,128.27291870117188,0.776157021522522,-1,-1,-1
60,-1,199.5113983154297,65.36674499511719,211.761474609375,93.638671875,0.687575101852417,-1,-1,-1
60,-1,67.9305191040039,154.4879608154297,96.47563171386719,202.07186889648438,0.681911826133728,-1,-1,-1
60,-1,112.61852264404297,170.0042724609375,137.49119567871094,208.26368713378906,0.5075135827064514,-1,-1,-1
61,-1,68.67398071289062,156.34481811523438,99.0139389038086,209.29122924804688,0.7655713558197021,-1,-1,-1
61,-1,113.35555267333984,85.55082702636719,130.66030883789062,132.50621032714844,0.6736276745796204,-1,-1,-1
61,-1,113.12815856933594,172.64984130859375,135.67947387695312,208.88270568847656,0.6458760499954224,-1,-1,-1
61,-1,200.43087768554688,64.45944213867188,212.33192443847656,83.4253158569336,0.6409382820129395,-1,-1,-1
62,-1,113.57880401611328,84.8251953125,130.27816772460938,134.5065460205078,0.7814900875091553,-1,-1,-1
62,-1,199.57313537597656,64.891357421875,211.65480041503906,93.99601745605469,0.6391080021858215,-1,-1,-1
62,-1,67.65448760986328,158.42982482910156,98.08716583251953,209.1145782470703,0.5671425461769104,-1,-1,-1
63,-1,116.31814575195312,85.54429626464844,131.33331298828125,135.42019653320312,0.8040667772293091,-1,-1,-1
63,-1,199.60140991210938,64.54462432861328,211.71485900878906,94.5495376586914,0.752883791923523,-1,-1,-1
63,-1,65.98532104492188,157.4163360595703,97.50753784179688,209.79962158203125,0.7488406300544739,-1,-1,-1
64,-1,63.84730911254883,158.3668212890625,94.83293151855469,209.70916748046875,0.8709203004837036,-1,-1,-1
64,-1,113.7014389038086,85.64901733398438,130.19436645507812,135.50367736816406,0.8659767508506775,-1,-1,-1
64,-1,199.76718139648438,64.64163208007812,211.7936553955078,94.73844146728516,0.7055953741073608,-1,-1,-1
65,-1,113.23680877685547,86.3686752319336,130.65525817871094,135.39324951171875,0.9011702537536621,-1,-1,-1
65,-1,63.60999298095703,158.7742919921875,94.7109375,210.57473754882812,0.8564417958259583,-1,-1,-1
65,-1,199.76785278320312,64.76544952392578,211.8572235107422,94.92134857177734,0.7329272627830505,-1,-1,-1
65,-1,111.5049057006836,180.50868225097656,131.6428985595703,204.23558044433594,0.5897734761238098,-1,-1,-1
66,-1,113.6014404296875,86.84693908691406,130.34963989257812,136.0980987548828,0.8719576001167297,-1,-1,-1
66,-1,63.2587890625,159.9459228515625,94.69561767578125,210.4976806640625,0.7577198147773743,-1,-1,-1
66,-1,199.23422241210938,75.3869400024414,210.50454711914062,97.75726318359375,0.6752759218215942,-1,-1,-1
67,-1,113.57695770263672,86.76966857910156,130.08616638183594,136.40599060058594,0.8729103803634644,-1,-1,-1
67,-1,200.0318603515625,66.06267547607422,211.8760528564453,94.87326049804688,0.720819354057312,-1,-1,-1
68,-1,113.33553314208984,87.19271087646484,130.01443481445312,136.58717346191406,0.8889574408531189,-1,-1,-1
68,-1,199.88421630859375,66.39581298828125,211.96951293945312,95.37720489501953,0.7362464666366577,-1,-1,-1
69,-1,113.34852600097656,87.66239929199219,129.92506408691406,137.12721252441406,0.9223589897155762,-1,-1,-1
69,-1,200.0695037841797,66.7279281616211,212.36727905273438,95.22216796875,0.7538267374038696,-1,-1,-1
70,-1,113.44361877441406,88.17586517333984,129.85105895996094,136.82188415527344,0.8426228165626526,-1,-1,-1
70,-1,201.058349609375,66.29413604736328,213.3352508544922,83.30084991455078,0.557685911655426,-1,-1,-1
70,-1,199.35659790039062,74.825439453125,211.32118225097656,98.255615234375,0.5217866897583008,-1,-1,-1
71,-1,112.94348907470703,88.43498229980469,129.9933319091797,137.54916381835938,0.8874543309211731,-1,-1,-1
71,-1,53.32738494873047,169.64797973632812,89.84866333007812,209.9066162109375,0.6693797707557678,-1,-1,-1
71,-1,103.58015441894531,186.23304748535156,126.4475326538086,209.75723266601562,0.6300026774406433,-1,-1,-1
71,-1,201.45150756835938,66.43101501464844,213.49290466308594,83.4327392578125,0.6256074905395508,-1,-1,-1
71,-1,199.50338745117188,74.25423431396484,211.1598358154297,98.44580078125,0.5247768759727478,-1,-1,-1
72,-1,112.59418487548828,89.18470764160156,129.88760375976562,138.1300506591797,0.8981977105140686,-1,-1,-1
72,-1,200.77777099609375,68.33683013916016,212.68328857421875,93.4092025756836,0.6741628646850586,-1,-1,-1
72,-1,52.03626251220703,172.20118713378906,89.89220428466797,209.95396423339844,0.5770930647850037,-1,-1,-1
73,-1,112.37903594970703,89.25711059570312,130.20135498046875,137.76068115234375,0.8918562531471252,-1,-1,-1
73,-1,199.8277587890625,72.81576538085938,211.74710083007812,98.44818115234375,0.7528373599052429,-1,-1,-1
74,-1,112.33174133300781,89.51777648925781,130.33152770996094,138.33346557617188,0.9297235608100891,-1,-1,-1
74,-1,199.82281494140625,72.04015350341797,212.01773071289062,98.27423095703125,0.8454840183258057,-1,-1,-1
75,-1,112.19841766357422,90.3363265991211,130.2609405517578,138.99111938476562,0.9513596892356873,-1,-1,-1
75,-1,199.98277282714844,72.21399688720703,212.32891845703125,98.00797271728516,0.8564226031303406,-1,-1,-1
76,-1,111.63127899169922,90.29985809326172,130.37313842773438,141.35830688476562,0.9747371077537537,-1,-1,-1
76,-1,200.1549072265625,72.52666473388672,212.84201049804688,98.00694274902344,0.8104735016822815,-1,-1,-1
77,-1,111.33129119873047,90.38009643554688,129.86903381347656,142.54052734375,0.9808365106582642,-1,-1,-1
77,-1,200.24127197265625,72.0547866821289,213.36917114257812,97.83317565917969,0.8220950961112976,-1,-1,-1
78,-1,110.62345886230469,90.52396392822266,129.45123291015625,144.48289489746094,0.9801155924797058,-1,-1,-1
78,-1,200.402099609375,72.06771850585938,213.6293182373047,98.07682037353516,0.8398119211196899,-1,-1,-1
79,-1,110.79728698730469,90.99211883544922,129.34271240234375,144.70608520507812,0.9772205948829651,-1,-1,-1
79,-1,201.109619140625,68.18228912353516,214.73426818847656,94.84876251220703,0.8247958421707153,-1,-1,-1
80,-1,111.10707092285156,92.329833984375,128.84706115722656,144.52420043945312,0.9205520153045654,-1,-1,-1
80,-1,200.53158569335938,71.83370208740234,213.82376098632812,98.38337707519531,0.7690563201904297,-1,-1,-1
81,-1,110.38870239257812,92.71040344238281,129.21670532226562,144.44180297851562,0.9461599588394165,-1,-1,-1
81,-1,200.52670288085938,72.43946838378906,213.99488830566406,98.1326904296875,0.6897484064102173,-1,-1,-1
82,-1,110.46092224121094,94.28157806396484,129.4723358154297,148.04444885253906,0.9526612162590027,-1,-1,-1
82,-1,200.517578125,73.09585571289062,214.10519409179688,98.1710433959961,0.5964644551277161,-1,-1,-1
83,-1,109.9179916381836,94.45741271972656,129.21517944335938,148.1942596435547,0.9693344831466675,-1,-1,-1
83,-1,200.4818878173828,73.2720947265625,214.06991577148438,98.32979583740234,0.5586157441139221,-1,-1,-1
84,-1,109.54374694824219,94.1058120727539,129.0206756591797,148.54855346679688,0.9819324612617493,-1,-1,-1
84,-1,201.47174072265625,70.54964447021484,214.7213897705078,90.48931121826172,0.54335618019104,-1,-1,-1
85,-1,109.16805267333984,95.58648681640625,128.4206085205078,148.17010498046875,0.9803392887115479,-1,-1,-1
85,-1,201.45668029785156,70.7909927368164,214.58152770996094,90.29016876220703,0.5713431239128113,-1,-1,-1
86,-1,108.53526306152344,95.7618179321289,128.43930053710938,148.1109161376953,0.9851406812667847,-1,-1,-1
86,-1,200.79942321777344,72.95914459228516,214.05010986328125,98.95951843261719,0.6306403875350952,-1,-1,-1
87,-1,108.41468048095703,96.21878051757812,128.1570587158203,148.606689453125,0.981509268283844,-1,-1,-1
87,-1,200.8538818359375,72.60289001464844,214.4869842529297,98.74962615966797,0.6247568726539612,-1,-1,-1
88,-1,107.84252166748047,96.52984619140625,127.14784240722656,148.9355010986328,0.9843865036964417,-1,-1,-1
88,-1,201.8909454345703,70.57681274414062,214.6360626220703,91.27487182617188,0.6592256426811218,-1,-1,-1
89,-1,107.81880187988281,96.99604034423828,126.672119140625,149.03338623046875,0.9824005961418152,-1,-1,-1
89,-1,201.89222717285156,71.21391296386719,214.70233154296875,90.73235321044922,0.5793272852897644,-1,-1,-1
90,-1,107.52997589111328,96.41654968261719,126.86558532714844,149.30250549316406,0.9832883477210999,-1,-1,-1
90,-1,201.62110900878906,71.35222625732422,214.96551513671875,90.70301818847656,0.6572505235671997,-1,-1,-1
91,-1,107.39790344238281,96.40126037597656,126.82799530029297,149.30267333984375,0.9835662245750427,-1,-1,-1
91,-1,201.84640502929688,71.32347869873047,214.89891052246094,90.10094451904297,0.6380016207695007,-1,-1,-1
92,-1,107.51809692382812,96.62858581542969,127.06552124023438,149.72238159179688,0.9765927195549011,-1,-1,-1
92,-1,201.9808807373047,71.46476745605469,214.88385009765625,90.38626098632812,0.5876555442810059,-1,-1,-1
93,-1,107.40385437011719,97.61566925048828,126.23389434814453,150.8896484375,0.9641899466514587,-1,-1,-1
93,-1,201.82476806640625,71.27581024169922,215.20338439941406,90.79827880859375,0.6565810441970825,-1,-1,-1
94,-1,107.20823669433594,97.38528442382812,125.69625091552734,151.9357452392578,0.9744954705238342,-1,-1,-1
94,-1,200.96405029296875,73.22393035888672,214.76197814941406,99.55462646484375,0.7533869743347168,-1,-1,-1
95,-1,107.30780792236328,98.55236053466797,126.0516357421875,154.70669555664062,0.9802075028419495,-1,-1,-1
95,-1,201.1753692626953,71.42179107666016,215.4829559326172,90.61591339111328,0.7455568909645081,-1,-1,-1
96,-1,107.11882781982422,98.95459747314453,126.7203598022461,156.18807983398438,0.9834696650505066,-1,-1,-1
96,-1,201.07591247558594,71.42045593261719,215.48194885253906,90.14408874511719,0.7567553520202637,-1,-1,-1
97,-1,106.7735366821289,100.24143981933594,126.06574249267578,157.98464965820312,0.9788545966148376,-1,-1,-1
97,-1,201.06427001953125,71.34156799316406,215.4449462890625,89.78058624267578,0.7275034785270691,-1,-1,-1
98,-1,106.37757873535156,100.91718292236328,126.47345733642578,158.26194763183594,0.983452558517456,-1,-1,-1
98,-1,201.12936401367188,71.1114273071289,215.37261962890625,90.0062255859375,0.62603759765625,-1,-1,-1
99,-1,106.31358337402344,101.26013946533203,126.31236267089844,159.2009735107422,0.9856551289558411,-1,-1,-1
99,-1,200.77879333496094,73.3600082397461,214.58006286621094,99.69989776611328,0.594732940196991,-1,-1,-1
100,-1,106.29898071289062,101.65738677978516,126.32576751708984,159.64559936523438,0.9880584478378296,-1,-1,-1
101,-1,106.31160736083984,102.1301040649414,126.43611907958984,159.27871704101562,0.987456202507019,-1,-1,-1
101,-1,200.8824920654297,73.09261322021484,214.78269958496094,99.50724029541016,0.5547887086868286,-1,-1,-1
102,-1,106.22605895996094,103.0257568359375,126.18855285644531,158.56214904785156,0.9819096326828003,-1,-1,-1
103,-1,106.20952606201172,103.86436462402344,126.5086441040039,158.00999450683594,0.9788342118263245,-1,-1,-1
104,-1,106.99319458007812,105.65509796142578,127.5971908569336,161.84303283691406,0.9828346371650696,-1,-1,-1
105,-1,106.841796875,105.83230590820312,127.96498107910156,161.6408233642578,0.9773209095001221,-1,-1,-1
106,-1,107.03594207763672,106.24700927734375,127.78291320800781,161.04576110839844,0.9657200574874878,-1,-1,-1
107,-1,106.67573547363281,106.61744689941406,128.01661682128906,161.00558471679688,0.9623026847839355,-1,-1,-1
108,-1,105.32606506347656,105.44952392578125,127.370361328125,154.9395751953125,0.9394475817680359,-1,-1,-1
109,-1,105.38507080078125,106.10025024414062,126.210693359375,152.7410125732422,0.913222074508667,-1,-1,-1
110,-1,106.12771606445312,109.19145965576172,126.31598663330078,163.45338439941406,0.8881967067718506,-1,-1,-1
111,-1,105.61079406738281,107.83273315429688,126.59972381591797,167.7580108642578,0.961696445941925,-1,-1,-1
111,-1,201.08619689941406,71.97338104248047,219.99697875976562,107.29135131835938,0.7118639945983887,-1,-1,-1
112,-1,105.25585174560547,108.38674926757812,126.26563262939453,168.37017822265625,0.9770869612693787,-1,-1,-1
112,-1,201.10415649414062,71.99479675292969,220.10597229003906,107.322509765625,0.7311092615127563,-1,-1,-1
113,-1,104.98419952392578,109.86045837402344,126.32533264160156,168.87860107421875,0.9750716686248779,-1,-1,-1
113,-1,201.2989959716797,71.71029663085938,220.1204071044922,107.50872802734375,0.7324087619781494,-1,-1,-1
113,-1,106.1863784790039,135.9393768310547,112.33491516113281,150.00389099121094,0.5636313557624817,-1,-1,-1
114,-1,104.85823059082031,110.96359252929688,126.33897399902344,170.74771118164062,0.9773446321487427,-1,-1,-1
114,-1,201.4311065673828,72.32391357421875,220.0172119140625,107.6696548461914,0.813061535358429,-1,-1,-1
115,-1,104.19905090332031,111.08781433105469,125.92581939697266,173.17262268066406,0.9862486124038696,-1,-1,-1
115,-1,201.63804626464844,72.52727508544922,219.96910095214844,107.90238952636719,0.8593508005142212,-1,-1,-1
116,-1,104.09015655517578,112.046142578125,125.46611785888672,173.19784545898438,0.9666157960891724,-1,-1,-1
116,-1,201.82473754882812,73.04513549804688,219.90936279296875,108.51231384277344,0.864025354385376,-1,-1,-1
117,-1,103.82274627685547,113.43738555908203,125.04220581054688,169.8840789794922,0.9525533318519592,-1,-1,-1
117,-1,202.0714111328125,73.3503646850586,219.7801971435547,108.76425170898438,0.8760075569152832,-1,-1,-1
118,-1,103.49777221679688,115.78611755371094,125.0643310546875,176.52798461914062,0.9508844614028931,-1,-1,-1
118,-1,202.28701782226562,72.87226104736328,220.08779907226562,108.39002990722656,0.8048232197761536,-1,-1,-1
119,-1,102.91082763671875,116.59986114501953,125.1834945678711,176.45928955078125,0.9741042852401733,-1,-1,-1
119,-1,202.45086669921875,73.05934143066406,220.2837371826172,108.79595947265625,0.7996619939804077,-1,-1,-1
120,-1,102.89884948730469,117.25391387939453,124.46409606933594,176.64715576171875,0.9525757431983948,-1,-1,-1
120,-1,202.95034790039062,72.52517700195312,220.84983825683594,108.47322082519531,0.6905179619789124,-1,-1,-1
121,-1,103.02555084228516,118.39588165283203,124.2484130859375,175.80691528320312,0.9719998836517334,-1,-1,-1
121,-1,205.63966369628906,76.70843505859375,219.5753631591797,106.25242614746094,0.5453240275382996,-1,-1,-1
122,-1,102.37060546875,118.42754364013672,123.47563171386719,176.19619750976562,0.972732663154602,-1,-1,-1
122,-1,205.98123168945312,77.54501342773438,219.65292358398438,106.05183410644531,0.501087486743927,-1,-1,-1
123,-1,102.08918762207031,118.25597381591797,122.21925354003906,166.94981384277344,0.8917902708053589,-1,-1,-1
123,-1,205.70314025878906,77.52277374267578,220.17335510253906,106.70414733886719,0.597395658493042,-1,-1,-1
124,-1,101.82470703125,119.7084732055664,122.28866577148438,165.85214233398438,0.8534648418426514,-1,-1,-1
125,-1,102.94930267333984,120.28191375732422,122.80908203125,173.89697265625,0.7913674116134644,-1,-1,-1
126,-1,102.00775909423828,121.37984466552734,123.10944366455078,176.66876220703125,0.8804017901420593,-1,-1,-1
126,-1,205.68504333496094,79.37242889404297,220.21121215820312,105.70539093017578,0.5054774284362793,-1,-1,-1
127,-1,101.55945587158203,123.11050415039062,123.55085754394531,179.9377899169922,0.8112655878067017,-1,-1,-1
127,-1,205.98056030273438,79.82568359375,220.45187377929688,105.4373779296875,0.5930629968643188,-1,-1,-1
128,-1,101.0422592163086,125.48139190673828,123.6061782836914,182.23501586914062,0.8411792516708374,-1,-1,-1
128,-1,206.56781005859375,79.93151092529297,219.99224853515625,105.81351470947266,0.5647430419921875,-1,-1,-1
129,-1,101.57289123535156,126.32443237304688,123.92216491699219,190.16220092773438,0.8631470799446106,-1,-1,-1
129,-1,206.78819274902344,79.9681625366211,219.94911193847656,105.90168762207031,0.5228617191314697,-1,-1,-1
130,-1,102.10808563232422,127.50363159179688,123.43486785888672,190.1011199951172,0.9037787914276123,-1,-1,-1
130,-1,206.4373779296875,79.46929931640625,220.3256378173828,106.20513916015625,0.5261788964271545,-1,-1,-1
131,-1,101.38299560546875,128.12290954589844,123.34550476074219,190.0511474609375,0.9731698632240295,-1,-1,-1
131,-1,204.7295379638672,73.39725494384766,222.63510131835938,111.15711975097656,0.5060776472091675,-1,-1,-1
132,-1,101.46957397460938,128.60635375976562,122.85833740234375,191.28475952148438,0.9282388687133789,-1,-1,-1
132,-1,97.44243621826172,128.56729125976562,118.24352264404297,172.92205810546875,0.50339275598526,-1,-1,-1
133,-1,101.82481384277344,129.81027221679688,122.82230377197266,191.8902130126953,0.9453713893890381,-1,-1,-1
134,-1,98.11650085449219,127.83402252197266,121.06069946289062,192.67970275878906,0.9550908803939819,-1,-1,-1
135,-1,97.62260437011719,129.9657440185547,121.37052917480469,192.0099639892578,0.9800703525543213,-1,-1,-1
135,-1,205.46237182617188,74.07650756835938,223.3190155029297,111.8093490600586,0.5059142708778381,-1,-1,-1
136,-1,97.38399505615234,131.79209899902344,121.68804168701172,192.61380004882812,0.9789156317710876,-1,-1,-1
137,-1,96.94014739990234,132.93173217773438,121.97455596923828,192.5701446533203,0.9835501313209534,-1,-1,-1
138,-1,96.20270538330078,134.7625732421875,122.11640930175781,191.8853759765625,0.9816501140594482,-1,-1,-1
139,-1,95.95429229736328,135.492919921875,122.56562042236328,192.1871337890625,0.9837909936904907,-1,-1,-1
140,-1,95.47364044189453,136.12258911132812,123.16071319580078,191.74212646484375,0.9803394675254822,-1,-1,-1
141,-1,95.20064544677734,137.14822387695312,123.09795379638672,191.42758178710938,0.9831282496452332,-1,-1,-1
142,-1,94.8643798828125,137.97390747070312,123.44229125976562,191.63818359375,0.9772778153419495,-1,-1,-1
143,-1,94.96632385253906,138.59828186035156,122.48050689697266,191.5703582763672,0.9651398658752441,-1,-1,-1
143,-1,206.34768676757812,82.97027587890625,227.0425262451172,118.75516510009766,0.6076546311378479,-1,-1,-1
144,-1,96.19966125488281,137.55926513671875,123.12152862548828,203.5199737548828,0.9827249050140381,-1,-1,-1
144,-1,206.4665985107422,83.93221282958984,227.613037109375,119.7472915649414,0.5545161962509155,-1,-1,-1
145,-1,95.49910736083984,140.79718017578125,123.08673858642578,204.5548095703125,0.9965133666992188,-1,-1,-1
146,-1,95.6724853515625,142.3977813720703,122.4322509765625,206.698974609375,0.9968822002410889,-1,-1,-1
146,-1,207.20928955078125,82.00132751464844,228.10922241210938,120.4306411743164,0.5282796025276184,-1,-1,-1
147,-1,94.92943572998047,143.9842071533203,121.11373138427734,207.1656494140625,0.993127167224884,-1,-1,-1
148,-1,94.37619018554688,146.08326721191406,121.78868103027344,206.8303985595703,0.9930310249328613,-1,-1,-1
148,-1,208.18368530273438,82.79935455322266,228.6501922607422,120.99356079101562,0.7848422527313232,-1,-1,-1
149,-1,93.45285034179688,147.30943298339844,121.04710388183594,206.82144165039062,0.9912229776382446,-1,-1,-1
149,-1,209.23387145996094,82.60753631591797,228.8491668701172,121.29425811767578,0.7908380031585693,-1,-1,-1
150,-1,92.7298812866211,148.50604248046875,121.08749389648438,205.19314575195312,0.9710391163825989,-1,-1,-1
150,-1,210.01626586914062,83.72894287109375,229.3138885498047,121.44496154785156,0.5496553778648376,-1,-1,-1
151,-1,92.2261962890625,149.50729370117188,121.13902282714844,204.2771453857422,0.9547887444496155,-1,-1,-1
151,-1,211.99789428710938,91.02550506591797,226.8450164794922,120.52031707763672,0.5203540325164795,-1,-1,-1
152,-1,90.90153503417969,149.92764282226562,119.54925537109375,204.18316650390625,0.9486766457557678,-1,-1,-1
152,-1,212.4298095703125,90.69622039794922,227.03138732910156,120.86396026611328,0.5682387351989746,-1,-1,-1
153,-1,90.51626586914062,152.5310516357422,118.37508392333984,199.82325744628906,0.8801131844520569,-1,-1,-1
154,-1,89.6488265991211,153.37806701660156,118.32881164550781,203.51345825195312,0.9700092077255249,-1,-1,-1
155,-1,89.73118591308594,155.24462890625,117.32199096679688,201.97872924804688,0.9134225249290466,-1,-1,-1
156,-1,89.9305648803711,157.08778381347656,118.11054229736328,209.44979858398438,0.9139037728309631,-1,-1,-1
157,-1,87.02787780761719,156.85813903808594,117.12299346923828,203.9925994873047,0.9712336659431458,-1,-1,-1
158,-1,85.87548828125,157.0301513671875,116.42567443847656,204.15139770507812,0.9759595990180969,-1,-1,-1
159,-1,85.04451751708984,159.77369689941406,115.89684295654297,206.53794860839844,0.9748885631561279,-1,-1,-1
159,-1,216.7109832763672,77.75606536865234,241.22679138183594,123.48596954345703,0.5010170936584473,-1,-1,-1
160,-1,85.52162170410156,161.1761474609375,114.98744201660156,207.94815063476562,0.9656268954277039,-1,-1,-1
161,-1,86.11884307861328,162.8236846923828,115.04446411132812,207.47659301757812,0.8358132243156433,-1,-1,-1
163,-1,86.57379913330078,167.5967254638672,113.90791320800781,209.09190368652344,0.9059481620788574,-1,-1,-1
164,-1,87.37655639648438,168.4208984375,113.4958267211914,209.4525909423828,0.8574477434158325,-1,-1,-1
165,-1,81.62066650390625,168.33343505859375,112.33834838867188,209.44644165039062,0.9540770649909973,-1,-1,-1
165,-1,218.28533935546875,77.84990692138672,241.8057098388672,123.9150390625,0.5707406401634216,-1,-1,-1
166,-1,81.78204345703125,169.57821655273438,111.34700012207031,210.14834594726562,0.8261406421661377,-1,-1,-1
167,-1,81.37470245361328,171.47007751464844,112.00382232666016,211.00311279296875,0.8994943499565125,-1,-1,-1
168,-1,79.86778259277344,172.4189910888672,112.74437713623047,208.298828125,0.855363130569458,-1,-1,-1
168,-1,218.30445861816406,104.79144287109375,232.8180694580078,127.11361694335938,0.5919896364212036,-1,-1,-1
169,-1,80.05923461914062,173.2667236328125,112.59972381591797,208.88331604003906,0.6996200084686279,-1,-1,-1
170,-1,79.86994934082031,174.73619079589844,111.76437377929688,208.7863006591797,0.747548520565033,-1,-1,-1
171,-1,79.4914321899414,176.2053985595703,111.5113754272461,208.90306091308594,0.7989421486854553,-1,-1,-1
173,-1,78.35249328613281,180.68478393554688,111.36150360107422,209.4764404296875,0.6993526816368103,-1,-1,-1
176,-1,76.52326202392578,184.67974853515625,102.46429443359375,211.9836883544922,0.5887385606765747,-1,-1,-1
186,-1,223.98912048339844,98.87508392333984,246.77725219726562,133.6213836669922,0.5907886028289795,-1,-1,-1
187,-1,224.5023956298828,97.63751220703125,246.7662353515625,133.8783721923828,0.6395782232284546,-1,-1,-1
188,-1,224.9878692626953,96.54503631591797,246.73623657226562,134.3333740234375,0.729814887046814,-1,-1,-1
189,-1,226.36827087402344,96.418701171875,247.44895935058594,135.47027587890625,0.7260470390319824,-1,-1,-1
190,-1,226.06092834472656,94.90171813964844,248.33396911621094,136.58680725097656,0.7565722465515137,-1,-1,-1
192,-1,227.9775848388672,97.26969146728516,249.52308654785156,137.6940155029297,0.6767945885658264,-1,-1,-1
193,-1,228.36749267578125,97.97602081298828,249.60411071777344,137.85340881347656,0.7209610939025879,-1,-1,-1
194,-1,228.56568908691406,97.04171752929688,250.88217163085938,138.8026123046875,0.8625915050506592,-1,-1,-1
195,-1,228.87220764160156,102.44499969482422,249.48483276367188,141.546142578125,0.7358638644218445,-1,-1,-1
196,-1,229.12657165527344,102.70956420898438,249.49563598632812,141.45916748046875,0.6775993704795837,-1,-1,-1
197,-1,229.30711364746094,102.48499298095703,249.7149658203125,141.92138671875,0.6742468476295471,-1,-1,-1
198,-1,229.67831420898438,102.53893280029297,250.49136352539062,142.1742706298828,0.6501972079277039,-1,-1,-1
200,-1,229.86148071289062,102.71404266357422,250.36521911621094,142.68386840820312,0.5389302968978882,-1,-1,-1
202,-1,230.15220642089844,101.75302124023438,251.33750915527344,143.02059936523438,0.5538597106933594,-1,-1,-1
203,-1,230.40283203125,100.56059265136719,252.33084106445312,142.85447692871094,0.7135277986526489,-1,-1,-1
204,-1,230.06784057617188,102.07772827148438,252.0904541015625,142.9767303466797,0.7275558710098267,-1,-1,-1
205,-1,230.06552124023438,102.03775024414062,252.349365234375,142.74082946777344,0.6373591423034668,-1,-1,-1
206,-1,230.5502166748047,101.91948699951172,253.07847595214844,142.54737854003906,0.573168158531189,-1,-1,-1
207,-1,231.02664184570312,101.92798614501953,253.77139282226562,142.18531799316406,0.5540017485618591,-1,-1,-1
209,-1,232.06417846679688,101.72979736328125,254.7323760986328,144.78961181640625,0.6674332022666931,-1,-1,-1
212,-1,232.7625732421875,105.24439239501953,255.0099334716797,148.50347900390625,0.7051088213920593,-1,-1,-1
213,-1,233.37393188476562,105.87884521484375,254.74012756347656,149.49649047851562,0.5905648469924927,-1,-1,-1
227,-1,240.2621307373047,103.15071105957031,263.886474609375,152.71865844726562,0.5161856412887573,-1,-1,-1
232,-1,240.490234375,116.78184509277344,263.15850830078125,160.85459899902344,0.5345802307128906,-1,-1,-1
233,-1,240.20423889160156,117.9174575805664,263.38427734375,162.22744750976562,0.7709371447563171,-1,-1,-1
234,-1,240.80178833007812,116.68265533447266,263.9080505371094,161.592041015625,0.6666060090065002,-1,-1,-1
235,-1,240.83326721191406,115.31768035888672,265.7041015625,162.08465576171875,0.861533522605896,-1,-1,-1
236,-1,240.55062866210938,115.2376708984375,266.30267333984375,161.81985473632812,0.900840699672699,-1,-1,-1
237,-1,240.14743041992188,115.68408966064453,266.54510498046875,162.2473602294922,0.9033638834953308,-1,-1,-1
238,-1,239.99330139160156,116.55845642089844,266.2256164550781,161.6279296875,0.828109622001648,-1,-1,-1
239,-1,240.125732421875,117.42914581298828,265.3582763671875,160.52734375,0.6949072480201721,-1,-1,-1
239,-1,285.5377502441406,105.8999252319336,296.59442138671875,124.92156219482422,0.505358099937439,-1,-1,-1
240,-1,240.7296600341797,117.45075225830078,265.2755432128906,159.03720092773438,0.5803314447402954,-1,-1,-1
240,-1,248.00010681152344,137.51426696777344,261.4830322265625,155.77133178710938,0.5327496528625488,-1,-1,-1
240,-1,285.5467529296875,105.85760498046875,296.68157958984375,124.97630310058594,0.5120956301689148,-1,-1,-1
241,-1,285.5542297363281,105.9462890625,296.7913513183594,125.0650863647461,0.5988337993621826,-1,-1,-1
241,-1,247.9840087890625,137.9457244873047,261.9716796875,157.07394409179688,0.5332780480384827,-1,-1,-1
241,-1,240.9432830810547,117.14064025878906,265.3020935058594,158.9684295654297,0.5161686539649963,-1,-1,-1
242,-1,285.470947265625,105.9954833984375,296.7469177246094,125.00155639648438,0.6258873343467712,-1,-1,-1
243,-1,285.51104736328125,105.87557220458984,296.8588562011719,125.02701568603516,0.5653201341629028,-1,-1,-1
244,-1,285.5380554199219,105.94062805175781,296.888671875,125.03244018554688,0.5522928833961487,-1,-1,-1
245,-1,285.6274108886719,106.03504180908203,296.79937744140625,125.06209564208984,0.5375741720199585,-1,-1,-1
246,-1,285.7587890625,106.0495834350586,296.79754638671875,125.097412109375,0.5152961015701294,-1,-1,-1
258,-1,246.1688995361328,125.07795715332031,275.41351318359375,173.97268676757812,0.5349410772323608,-1,-1,-1
264,-1,246.56251525878906,130.57168579101562,276.1269226074219,177.90870666503906,0.6126648783683777,-1,-1,-1
265,-1,245.6320343017578,132.5058135986328,276.533935546875,184.76463317871094,0.7485314011573792,-1,-1,-1
266,-1,245.2501220703125,132.68714904785156,277.1280212402344,185.59288024902344,0.8270516991615295,-1,-1,-1
267,-1,245.30699157714844,133.3364715576172,277.1578674316406,186.75057983398438,0.8261712193489075,-1,-1,-1
268,-1,246.26889038085938,134.39479064941406,278.0337829589844,186.54833984375,0.7855095267295837,-1,-1,-1
269,-1,246.50498962402344,134.93019104003906,277.9687805175781,186.99693298339844,0.707815408706665,-1,-1,-1
270,-1,246.32077026367188,135.9879608154297,278.2464599609375,187.40321350097656,0.8163872957229614,-1,-1,-1
271,-1,246.19180297851562,136.9330291748047,278.494384765625,186.96426391601562,0.8768324851989746,-1,-1,-1
272,-1,246.30789184570312,137.10952758789062,279.35894775390625,187.2755126953125,0.916172444820404,-1,-1,-1
273,-1,246.17318725585938,137.8057403564453,279.58355712890625,187.58370971679688,0.926426112651825,-1,-1,-1
274,-1,246.66993713378906,138.5054931640625,279.8165588378906,187.2391815185547,0.8001229166984558,-1,-1,-1
275,-1,246.51406860351562,139.20565795898438,279.43572998046875,187.62281799316406,0.7208962440490723,-1,-1,-1
276,-1,245.92787170410156,140.02630615234375,279.2821044921875,188.83810424804688,0.6768801212310791,-1,-1,-1
277,-1,243.0655059814453,140.9433135986328,283.179443359375,188.45651245117188,0.8658813238143921,-1,-1,-1
278,-1,248.5928192138672,140.98797607421875,281.2292175292969,190.6700439453125,0.7645385265350342,-1,-1,-1
279,-1,249.3333282470703,142.67576599121094,281.49908447265625,191.33203125,0.7977964282035828,-1,-1,-1
280,-1,246.39935302734375,144.86721801757812,279.1885681152344,197.75286865234375,0.7456156015396118,-1,-1,-1
281,-1,246.60848999023438,145.00595092773438,279.16064453125,199.6160888671875,0.8111009001731873,-1,-1,-1
282,-1,242.9700469970703,143.64776611328125,284.0927429199219,205.3085479736328,0.8808498382568359,-1,-1,-1
283,-1,242.71018981933594,148.02511596679688,284.5858459472656,197.15298461914062,0.6670148968696594,-1,-1,-1
285,-1,243.5500946044922,150.41831970214844,285.23486328125,197.98175048828125,0.6259292960166931,-1,-1,-1
