231,-1,127.77587890625,207.6881866455078,164.0104522705078,238.85321044921875,0.5836971998214722,-1,-1,-1
232,-1,127.94854736328125,207.4706573486328,163.2024383544922,238.4497528076172,0.5372031331062317,-1,-1,-1
233,-1,127.96661376953125,207.4480743408203,163.23690795898438,238.45115661621094,0.5303313732147217,-1,-1,-1
238,-1,126.10810089111328,207.57798767089844,163.00538635253906,238.4430389404297,0.5612792372703552,-1,-1,-1
239,-1,126.14726257324219,207.5371856689453,162.97645568847656,238.4054412841797,0.5742436647415161,-1,-1,-1
240,-1,125.06942749023438,206.64599609375,164.1568145751953,238.4233856201172,0.7568604350090027,-1,-1,-1
241,-1,124.64019012451172,206.7718963623047,164.5177001953125,238.9309539794922,0.7992830872535706,-1,-1,-1
242,-1,123.21461486816406,206.86834716796875,164.09849548339844,238.60687255859375,0.7819963693618774,-1,-1,-1
243,-1,123.68101501464844,206.3226776123047,163.68563842773438,238.507080078125,0.6300179362297058,-1,-1,-1
244,-1,122.68441009521484,205.4340057373047,163.48065185546875,238.6785888671875,0.6679126620292664,-1,-1,-1
245,-1,122.68810272216797,205.1403045654297,163.4770965576172,238.64622497558594,0.6534443497657776,-1,-1,-1
246,-1,121.774658203125,206.4667510986328,164.6348419189453,238.893310546875,0.7763078808784485,-1,-1,-1
247,-1,119.76280975341797,205.58660888671875,164.1050567626953,239.50282287597656,0.6752262115478516,-1,-1,-1
248,-1,120.13626098632812,205.6691131591797,164.61053466796875,239.3214111328125,0.6115255951881409,-1,-1,-1
249,-1,118.63990020751953,205.85545349121094,163.24049377441406,238.87368774414062,0.6070401668548584,-1,-1,-1
252,-1,118.33094787597656,206.22349548339844,163.3433380126953,238.95664978027344,0.5081101655960083,-1,-1,-1
332,-1,112.603759765625,202.0981903076172,166.6619873046875,239.85903930664062,0.5225136280059814,-1,-1,-1
354,-1,121.40259552001953,200.91464233398438,161.39071655273438,239.10531616210938,0.5887768864631653,-1,-1,-1
355,-1,120.64712524414062,202.62713623046875,161.23193359375,238.85122680664062,0.5554778575897217,-1,-1,-1
356,-1,120.77154541015625,202.9130859375,161.57110595703125,238.92974853515625,0.532110869884491,-1,-1,-1
358,-1,120.6839370727539,201.73501586914062,162.54641723632812,238.80612182617188,0.602401614189148,-1,-1,-1
359,-1,120.66712951660156,201.70755004882812,162.52859497070312,238.80270385742188,0.6067386865615845,-1,-1,-1
360,-1,120.6148910522461,202.27069091796875,161.7147216796875,238.69544982910156,0.6306967735290527,-1,-1,-1
363,-1,119.64710998535156,202.38058471679688,161.11122131347656,238.7938232421875,0.5978457927703857,-1,-1,-1
367,-1,120.46794128417969,202.7028045654297,161.01882934570312,238.54676818847656,0.5662645697593689,-1,-1,-1
368,-1,120.98554992675781,202.24069213867188,161.52952575683594,238.52383422851562,0.5764318108558655,-1,-1,-1
369,-1,121.41793823242188,202.6747283935547,161.36050415039062,238.68043518066406,0.6723249554634094,-1,-1,-1
370,-1,121.0135726928711,202.15048217773438,161.05848693847656,238.7144775390625,0.6682476997375488,-1,-1,-1
371,-1,121.04431915283203,202.12452697753906,161.08401489257812,238.77484130859375,0.6747696995735168,-1,-1,-1
372,-1,121.23655700683594,202.61366271972656,161.85194396972656,238.57989501953125,0.7057831883430481,-1,-1,-1
378,-1,119.12542724609375,201.934814453125,162.57736206054688,237.8783721923828,0.5902436375617981,-1,-1,-1
381,-1,116.41847229003906,202.35125732421875,161.32931518554688,238.27528381347656,0.5062460899353027,-1,-1,-1
386,-1,110.791015625,200.58145141601562,153.61070251464844,238.86932373046875,0.5423551797866821,-1,-1,-1
392,-1,112.98588562011719,198.65408325195312,165.98583984375,240.494384765625,0.6720215678215027,-1,-1,-1
393,-1,114.52294921875,197.91921997070312,163.76502990722656,240.99566650390625,0.5567482709884644,-1,-1,-1
394,-1,112.09742736816406,193.61795043945312,164.94972229003906,240.87315368652344,0.5882411599159241,-1,-1,-1
395,-1,112.11892700195312,193.60003662109375,164.85696411132812,240.9030303955078,0.5966266989707947,-1,-1,-1
398,-1,113.6990966796875,200.4324493408203,163.4469757080078,240.0424346923828,0.5665665864944458,-1,-1,-1
399,-1,114.68344116210938,200.9735870361328,163.92030334472656,239.26820373535156,0.8319298028945923,-1,-1,-1
400,-1,114.17176055908203,201.84854125976562,163.7600860595703,239.66883850097656,0.622226893901825,-1,-1,-1
401,-1,114.23675537109375,201.78785705566406,163.82249450683594,239.71661376953125,0.621501624584198,-1,-1,-1
402,-1,114.25495910644531,199.60641479492188,163.94288635253906,240.47116088867188,0.7008849382400513,-1,-1,-1
403,-1,113.86247253417969,200.33338928222656,164.07659912109375,240.22901916503906,0.7990875244140625,-1,-1,-1
404,-1,114.79051208496094,201.02098083496094,161.95462036132812,239.87347412109375,0.6367849111557007,-1,-1,-1
405,-1,114.55886840820312,201.0702362060547,162.1678924560547,239.654541015625,0.7285385727882385,-1,-1,-1
406,-1,114.9721908569336,200.71783447265625,162.0677947998047,239.8285675048828,0.7394023537635803,-1,-1,-1
407,-1,115.00067138671875,200.73818969726562,162.03741455078125,239.8248748779297,0.7363067269325256,-1,-1,-1
408,-1,114.75431823730469,202.49984741210938,162.43409729003906,239.59408569335938,0.7243427038192749,-1,-1,-1
409,-1,114.44436645507812,201.35025024414062,162.65591430664062,240.06500244140625,0.5531003475189209,-1,-1,-1
411,-1,115.41142272949219,200.50242614746094,161.96316528320312,239.3378143310547,0.5493919253349304,-1,-1,-1
412,-1,115.15860748291016,202.95941162109375,162.28662109375,238.95831298828125,0.6771038770675659,-1,-1,-1
413,-1,115.17686462402344,202.90719604492188,162.29620361328125,238.94520568847656,0.6824398040771484,-1,-1,-1
414,-1,116.03873443603516,202.1316680908203,161.175048828125,238.90554809570312,0.6170808672904968,-1,-1,-1
415,-1,114.03339385986328,201.20303344726562,163.27914428710938,239.54742431640625,0.5567560195922852,-1,-1,-1
416,-1,113.30133056640625,200.75332641601562,163.28753662109375,239.96044921875,0.5497724413871765,-1,-1,-1
417,-1,113.44573974609375,200.82199096679688,162.8720245361328,239.29151916503906,0.6399580836296082,-1,-1,-1
418,-1,109.76700592041016,200.81578063964844,156.5272216796875,239.19796752929688,0.6454232931137085,-1,-1,-1
419,-1,110.0076904296875,200.8206329345703,156.3230438232422,239.15151977539062,0.6279172897338867,-1,-1,-1
420,-1,109.81848907470703,200.49578857421875,155.57875061035156,239.085693359375,0.6817663311958313,-1,-1,-1
421,-1,110.1192398071289,200.9374237060547,156.06874084472656,238.60133361816406,0.7474689483642578,-1,-1,-1
422,-1,108.19189453125,200.9899444580078,155.4043426513672,238.95123291015625,0.5301771759986877,-1,-1,-1
425,-1,113.75225067138672,201.6693878173828,164.0481719970703,239.6510467529297,0.5045397281646729,-1,-1,-1
426,-1,109.9356918334961,200.64788818359375,156.67733764648438,238.63429260253906,0.6845718026161194,-1,-1,-1
427,-1,109.49641418457031,200.95584106445312,156.02874755859375,238.68138122558594,0.5398598313331604,-1,-1,-1
429,-1,109.22557830810547,200.0561065673828,153.83998107910156,238.93109130859375,0.5795435905456543,-1,-1,-1
430,-1,109.07474517822266,199.0546875,154.37954711914062,239.70645141601562,0.6077584028244019,-1,-1,-1
431,-1,109.05242156982422,198.9893035888672,154.50418090820312,239.76895141601562,0.6101203560829163,-1,-1,-1
432,-1,112.72261810302734,194.84295654296875,162.71759033203125,240.20948791503906,0.703264057636261,-1,-1,-1
434,-1,112.24433135986328,192.66346740722656,164.76441955566406,242.05552673339844,0.6000767946243286,-1,-1,-1
435,-1,112.02713775634766,193.6414337158203,164.7583770751953,241.55328369140625,0.5466762781143188,-1,-1,-1
439,-1,112.40779876708984,192.13209533691406,163.79412841796875,242.7138214111328,0.5317737460136414,-1,-1,-1
441,-1,110.88141632080078,191.610595703125,166.229248046875,242.30072021484375,0.7722757458686829,-1,-1,-1
442,-1,111.76786804199219,191.55535888671875,164.15280151367188,242.27476501464844,0.7855154275894165,-1,-1,-1
442,-1,263.9167175292969,157.31137084960938,315.93365478515625,239.9525146484375,0.5176788568496704,-1,-1,-1
443,-1,111.80976104736328,191.54725646972656,164.09080505371094,242.25640869140625,0.791139543056488,-1,-1,-1
443,-1,263.972412109375,157.19003295898438,315.96722412109375,240.05186462402344,0.5181677341461182,-1,-1,-1
444,-1,111.20360565185547,190.65570068359375,164.2556610107422,243.313232421875,0.5535064935684204,-1,-1,-1
446,-1,109.16854095458984,190.0355682373047,165.6670379638672,243.2096405029297,0.6291289925575256,-1,-1,-1
448,-1,108.14380645751953,190.5330047607422,166.57144165039062,242.84689331054688,0.6515855193138123,-1,-1,-1
449,-1,108.12432098388672,190.56011962890625,166.59706115722656,242.84912109375,0.6584509015083313,-1,-1,-1
452,-1,104.64043426513672,188.03170776367188,154.57371520996094,239.573974609375,0.5982409715652466,-1,-1,-1
453,-1,102.01023864746094,188.52151489257812,156.499755859375,239.53643798828125,0.7750353813171387,-1,-1,-1
454,-1,100.32749938964844,188.31861877441406,157.04014587402344,239.4730224609375,0.7797367572784424,-1,-1,-1
455,-1,100.46334838867188,188.33143615722656,157.04443359375,239.2962646484375,0.7809640765190125,-1,-1,-1
456,-1,100.938720703125,189.4372100830078,157.1450653076172,240.26475524902344,0.8761167526245117,-1,-1,-1
457,-1,98.53871154785156,187.95762634277344,156.36398315429688,241.74293518066406,0.7798523306846619,-1,-1,-1
458,-1,99.30328369140625,187.93785095214844,155.9190216064453,241.3717803955078,0.8953334093093872,-1,-1,-1
459,-1,98.10009002685547,187.5774688720703,155.35064697265625,241.66639709472656,0.7224031686782837,-1,-1,-1
460,-1,97.96865844726562,188.15525817871094,154.9218292236328,241.44590759277344,0.675022304058075,-1,-1,-1
461,-1,97.96243286132812,188.17967224121094,154.89122009277344,241.41815185546875,0.6797640323638916,-1,-1,-1
495,-1,96.61304473876953,190.42034912109375,154.0316925048828,242.38658142089844,0.5985522866249084,-1,-1,-1
506,-1,95.58958435058594,190.46290588378906,154.79249572753906,242.5596466064453,0.721899151802063,-1,-1,-1
507,-1,95.81948852539062,191.23341369628906,154.58319091796875,241.9077606201172,0.8184710741043091,-1,-1,-1
508,-1,96.5689697265625,191.59620666503906,153.7997283935547,241.59066772460938,0.7430113554000854,-1,-1,-1
509,-1,96.6606216430664,191.57333374023438,153.757080078125,241.59249877929688,0.7347961664199829,-1,-1,-1
510,-1,97.30413818359375,191.8474884033203,154.8770751953125,241.45620727539062,0.7904585003852844,-1,-1,-1
511,-1,96.69322204589844,191.55116271972656,154.61109924316406,241.71572875976562,0.878111720085144,-1,-1,-1
512,-1,96.98188018798828,191.7833251953125,153.8818359375,241.59890747070312,0.9436081051826477,-1,-1,-1
512,-1,168.05221557617188,229.63763427734375,194.01028442382812,240.8896026611328,0.525583803653717,-1,-1,-1
513,-1,96.1055908203125,191.73797607421875,154.02670288085938,241.299072265625,0.9154084324836731,-1,-1,-1
514,-1,96.57200622558594,191.77621459960938,153.4637451171875,241.48635864257812,0.849458634853363,-1,-1,-1
515,-1,96.52576446533203,191.8231964111328,153.5316162109375,241.45431518554688,0.8476073145866394,-1,-1,-1
516,-1,94.64361572265625,192.946044921875,155.8186492919922,240.9336395263672,0.7975844740867615,-1,-1,-1
517,-1,95.42206573486328,193.04995727539062,155.35452270507812,240.77244567871094,0.8867931962013245,-1,-1,-1
518,-1,98.47076416015625,192.80767822265625,154.54908752441406,241.95196533203125,0.7230217456817627,-1,-1,-1
519,-1,99.08079528808594,192.89817810058594,153.6436309814453,241.70579528808594,0.647664487361908,-1,-1,-1
520,-1,97.96250915527344,192.58953857421875,154.69068908691406,241.87059020996094,0.6876121759414673,-1,-1,-1
521,-1,98.1162338256836,192.52899169921875,154.59242248535156,241.89817810058594,0.6834827065467834,-1,-1,-1
522,-1,97.48434448242188,192.34580993652344,155.1942138671875,242.1933135986328,0.762848436832428,-1,-1,-1
524,-1,97.9666519165039,192.82814025878906,156.86376953125,242.05252075195312,0.6770443320274353,-1,-1,-1
526,-1,96.24884796142578,192.9002227783203,155.37481689453125,241.49929809570312,0.5190768837928772,-1,-1,-1
527,-1,96.27565002441406,192.88250732421875,155.31256103515625,241.48635864257812,0.518853485584259,-1,-1,-1
529,-1,94.62271881103516,193.33816528320312,156.48675537109375,240.71522521972656,0.6120356321334839,-1,-1,-1
530,-1,95.10334014892578,193.02967834472656,156.1289825439453,241.28164672851562,0.6119009256362915,-1,-1,-1
531,-1,94.03535461425781,193.0092010498047,156.2914581298828,241.2034912109375,0.5396866202354431,-1,-1,-1
536,-1,94.20146179199219,193.80545043945312,156.66848754882812,240.92408752441406,0.6661905646324158,-1,-1,-1
546,-1,88.86865234375,201.0421905517578,146.87295532226562,240.6814422607422,0.5195886492729187,-1,-1,-1
550,-1,93.55882263183594,203.63027954101562,143.3914337158203,240.28123474121094,0.5351466536521912,-1,-1,-1
551,-1,93.55607604980469,203.5910186767578,143.4762420654297,240.27357482910156,0.5268205404281616,-1,-1,-1
668,-1,267.3792419433594,147.22084045410156,311.4785461425781,231.66297912597656,0.608360767364502,-1,-1,-1
777,-1,85.11723327636719,119.14586639404297,125.97954559326172,199.6992645263672,0.7282772660255432,-1,-1,-1
778,-1,86.47563934326172,117.95405578613281,125.42607116699219,201.6405792236328,0.5706970691680908,-1,-1,-1
779,-1,86.62273406982422,117.99935913085938,125.37728881835938,201.61297607421875,0.5629521608352661,-1,-1,-1
784,-1,85.26976013183594,120.20496368408203,126.37355041503906,199.0906982421875,0.705852210521698,-1,-1,-1
785,-1,85.24237060546875,120.17704010009766,126.32141876220703,199.0926971435547,0.7047789692878723,-1,-1,-1
786,-1,84.50748443603516,120.3123550415039,126.98165130615234,199.45909118652344,0.5758951902389526,-1,-1,-1
876,-1,87.61146545410156,109.1025161743164,124.51094818115234,199.29608154296875,0.7828652858734131,-1,-1,-1
877,-1,87.26014709472656,110.13655090332031,125.55274200439453,198.43252563476562,0.5654622316360474,-1,-1,-1
878,-1,87.6395263671875,109.72338104248047,124.68408203125,199.37164306640625,0.6269540190696716,-1,-1,-1
882,-1,88.18513488769531,118.42700958251953,127.39173126220703,201.1231689453125,0.7470957636833191,-1,-1,-1
888,-1,85.69825744628906,116.55318450927734,127.84191131591797,202.20916748046875,0.5679935216903687,-1,-1,-1
889,-1,85.50200653076172,116.46575164794922,127.4269790649414,202.25892639160156,0.6898320913314819,-1,-1,-1
891,-1,85.34539031982422,105.4833984375,126.90222930908203,200.79052734375,0.600200891494751,-1,-1,-1
892,-1,84.3556900024414,117.109130859375,125.92830657958984,201.41714477539062,0.6878932118415833,-1,-1,-1
893,-1,84.33914947509766,117.15789794921875,126.08598327636719,201.25180053710938,0.6814517974853516,-1,-1,-1
894,-1,84.68756866455078,117.54966735839844,125.16014862060547,201.47727966308594,0.646802544593811,-1,-1,-1
895,-1,83.65052795410156,118.9239501953125,125.91071319580078,201.15370178222656,0.5546329617500305,-1,-1,-1
896,-1,83.98056030273438,119.4010238647461,127.04722595214844,202.64402770996094,0.5896504521369934,-1,-1,-1
897,-1,82.04428100585938,117.02338409423828,125.01427459716797,205.8460235595703,0.5120981335639954,-1,-1,-1
898,-1,83.16651916503906,120.29278564453125,123.57020568847656,204.7628936767578,0.6510382294654846,-1,-1,-1
899,-1,83.24652099609375,120.24807739257812,123.48526000976562,204.76239013671875,0.6270014643669128,-1,-1,-1
900,-1,84.62322235107422,118.96279907226562,123.17920684814453,206.34617614746094,0.6160409450531006,-1,-1,-1
901,-1,84.65630340576172,116.78239440917969,123.76802062988281,207.82815551757812,0.6076814532279968,-1,-1,-1
901,-1,95.64026641845703,132.55343627929688,121.65299987792969,167.98605346679688,0.5168642401695251,-1,-1,-1
902,-1,84.39490509033203,114.98616790771484,122.4348373413086,207.2322235107422,0.7559508681297302,-1,-1,-1
903,-1,83.7467041015625,112.28189086914062,122.38714599609375,210.13392639160156,0.6578046679496765,-1,-1,-1
934,-1,82.31444549560547,125.85875701904297,127.40193176269531,224.9730987548828,0.6000626087188721,-1,-1,-1
935,-1,82.42633056640625,125.7681655883789,127.44217681884766,225.00083923339844,0.5912750959396362,-1,-1,-1
938,-1,84.18155670166016,127.32476043701172,128.92251586914062,226.0430145263672,0.7067299485206604,-1,-1,-1
939,-1,82.32476806640625,130.94161987304688,129.77005004882812,240.83570861816406,0.8236715793609619,-1,-1,-1
940,-1,81.90804290771484,132.75347900390625,129.29946899414062,240.27978515625,0.6851646900177002,-1,-1,-1
941,-1,81.66744232177734,132.66433715820312,129.3832550048828,240.6846160888672,0.7068940997123718,-1,-1,-1
942,-1,82.32646942138672,132.5255584716797,130.0833282470703,241.71275329589844,0.6246911883354187,-1,-1,-1
943,-1,82.6095962524414,134.33982849121094,130.09410095214844,239.46434020996094,0.6822587847709656,-1,-1,-1
944,-1,81.83123779296875,132.2110137939453,131.73101806640625,241.8065948486328,0.6285913586616516,-1,-1,-1
945,-1,81.9436264038086,132.12437438964844,131.04421997070312,239.76353454589844,0.6414972543716431,-1,-1,-1
946,-1,82.16644287109375,132.91036987304688,131.32699584960938,240.3001708984375,0.6981449127197266,-1,-1,-1
947,-1,82.16674041748047,132.7792510986328,131.3802490234375,240.21299743652344,0.7295323610305786,-1,-1,-1
950,-1,81.98629760742188,135.88128662109375,132.642333984375,239.23440551757812,0.6055550575256348,-1,-1,-1
951,-1,81.94401550292969,134.01760864257812,131.6895751953125,241.2087860107422,0.8268460631370544,-1,-1,-1
952,-1,82.47267150878906,136.43360900878906,131.52354431152344,241.40968322753906,0.7865772247314453,-1,-1,-1
953,-1,82.46382904052734,136.443603515625,131.5391082763672,241.3466796875,0.7657696008682251,-1,-1,-1
954,-1,81.07472229003906,140.0084686279297,130.96871948242188,238.51768493652344,0.7838529348373413,-1,-1,-1
955,-1,85.08662414550781,140.2537384033203,129.6124725341797,237.77215576171875,0.9540075659751892,-1,-1,-1
956,-1,83.55521392822266,139.79791259765625,129.8836669921875,239.85691833496094,0.9485159516334534,-1,-1,-1
957,-1,85.2151870727539,141.25103759765625,129.44589233398438,239.85157775878906,0.8592134118080139,-1,-1,-1
958,-1,83.68999481201172,150.67645263671875,129.38768005371094,242.47662353515625,0.8509359955787659,-1,-1,-1
959,-1,84.35643005371094,143.0284423828125,129.98744201660156,238.60447692871094,0.8564023971557617,-1,-1,-1
960,-1,84.21051788330078,151.74729919433594,130.346923828125,242.05979919433594,0.8052347302436829,-1,-1,-1
961,-1,84.6011962890625,153.45947265625,131.62326049804688,240.9637908935547,0.73631751537323,-1,-1,-1
962,-1,84.86995697021484,151.65342712402344,129.9392852783203,242.1779022216797,0.7595195174217224,-1,-1,-1
963,-1,82.80461120605469,152.16275024414062,131.1828155517578,241.6805877685547,0.869414746761322,-1,-1,-1
964,-1,84.37025451660156,153.91928100585938,129.50062561035156,239.77023315429688,0.7869417667388916,-1,-1,-1
965,-1,84.42585754394531,153.97994995117188,129.4667510986328,239.7347869873047,0.779973566532135,-1,-1,-1
966,-1,84.99055480957031,152.9540252685547,130.14418029785156,240.948974609375,0.8685072064399719,-1,-1,-1
967,-1,84.2778091430664,154.6009521484375,130.44073486328125,241.09751892089844,0.8210328221321106,-1,-1,-1
968,-1,85.2109146118164,157.22377014160156,130.25381469726562,239.890625,0.7143532037734985,-1,-1,-1
969,-1,84.43505859375,158.69708251953125,130.06494140625,238.222412109375,0.5236842036247253,-1,-1,-1
970,-1,85.27369689941406,158.82765197753906,129.5068359375,239.32650756835938,0.6170375347137451,-1,-1,-1
971,-1,85.23164367675781,158.8756103515625,129.53770446777344,239.2481689453125,0.6272298693656921,-1,-1,-1
973,-1,83.28732299804688,159.8404541015625,130.86474609375,241.18698120117188,0.5873721241950989,-1,-1,-1
980,-1,90.18382263183594,165.3602752685547,136.35694885253906,239.94627380371094,0.6301194429397583,-1,-1,-1
981,-1,90.30167388916016,165.74630737304688,137.09547424316406,240.11212158203125,0.7783327698707581,-1,-1,-1
982,-1,90.3384780883789,166.8006591796875,138.69761657714844,240.14248657226562,0.5405932664871216,-1,-1,-1
983,-1,90.18742370605469,166.8080596923828,138.76739501953125,240.15069580078125,0.5310856103897095,-1,-1,-1
984,-1,90.08529663085938,166.76377868652344,138.9420623779297,239.5745391845703,0.5864595770835876,-1,-1,-1
985,-1,90.93751525878906,166.2518310546875,140.39605712890625,239.94886779785156,0.7318846583366394,-1,-1,-1
986,-1,92.35093688964844,165.7628936767578,140.3831329345703,240.74252319335938,0.763449490070343,-1,-1,-1
987,-1,91.69992065429688,167.77130126953125,142.59857177734375,239.51686096191406,0.6793310046195984,-1,-1,-1
988,-1,92.07161712646484,167.71786499023438,144.2390594482422,239.79898071289062,0.589741587638855,-1,-1,-1
989,-1,92.12306213378906,167.73245239257812,144.25271606445312,239.86549377441406,0.6007373332977295,-1,-1,-1
1011,-1,107.02981567382812,174.26089477539062,153.19300842285156,241.5409698486328,0.5081857442855835,-1,-1,-1
1012,-1,106.78653717041016,175.3417205810547,153.03475952148438,241.7375030517578,0.6429555416107178,-1,-1,-1
1013,-1,106.73039245605469,175.3721466064453,153.0807342529297,241.78919982910156,0.640876829624176,-1,-1,-1
1014,-1,107.28934478759766,175.39410400390625,153.3054656982422,240.73052978515625,0.7248321175575256,-1,-1,-1
1015,-1,106.3358383178711,175.8881072998047,153.3345184326172,241.6033477783203,0.5523506999015808,-1,-1,-1
1029,-1,105.62338256835938,176.6520233154297,155.12640380859375,241.7842254638672,0.559346079826355,-1,-1,-1
1030,-1,105.97126770019531,176.63739013671875,153.62222290039062,241.30361938476562,0.7211571335792542,-1,-1,-1
1031,-1,105.9457015991211,176.6436767578125,153.64068603515625,241.2924346923828,0.7159035801887512,-1,-1,-1
1032,-1,107.13461303710938,175.37753295898438,153.85589599609375,241.61819458007812,0.622713565826416,-1,-1,-1
1033,-1,107.2004623413086,175.9349822998047,153.66845703125,241.40748596191406,0.6735243797302246,-1,-1,-1
1034,-1,108.10253143310547,175.81190490722656,153.40989685058594,241.0864715576172,0.6878892183303833,-1,-1,-1
1036,-1,107.72200775146484,176.52113342285156,153.96859741210938,240.2465362548828,0.7376933097839355,-1,-1,-1
1037,-1,107.7214126586914,176.5240478515625,153.973876953125,240.2460174560547,0.7471292018890381,-1,-1,-1
1038,-1,108.04462432861328,176.60218811035156,154.9476318359375,240.28097534179688,0.8088784217834473,-1,-1,-1
1039,-1,108.78691864013672,177.07064819335938,154.43846130371094,241.103271484375,0.8523465394973755,-1,-1,-1
1040,-1,107.88397216796875,176.49859619140625,154.52947998046875,241.07937622070312,0.8596614003181458,-1,-1,-1
1041,-1,108.47163391113281,177.04925537109375,155.01953125,241.05772399902344,0.7953625917434692,-1,-1,-1
1042,-1,108.50333404541016,177.33160400390625,154.94517517089844,241.52481079101562,0.704272449016571,-1,-1,-1
1043,-1,108.66738891601562,177.3457489013672,154.8623809814453,241.3826446533203,0.7167887687683105,-1,-1,-1
1044,-1,108.41468048095703,177.36468505859375,154.4268798828125,241.40765380859375,0.5845426917076111,-1,-1,-1
1046,-1,107.39628601074219,177.01226806640625,154.34173583984375,242.74758911132812,0.5229270458221436,-1,-1,-1
1047,-1,106.80424499511719,177.3192901611328,154.4349365234375,243.9254150390625,0.5963029265403748,-1,-1,-1
1048,-1,107.86673736572266,176.10385131835938,154.67100524902344,242.28941345214844,0.7221121788024902,-1,-1,-1
1049,-1,107.84349060058594,176.3936309814453,154.6207275390625,242.32537841796875,0.7236074209213257,-1,-1,-1
1050,-1,108.73495483398438,176.443603515625,154.43406677246094,242.96075439453125,0.7281316518783569,-1,-1,-1
1051,-1,108.43672943115234,176.07952880859375,154.7799072265625,241.83668518066406,0.8091536164283752,-1,-1,-1
1052,-1,108.18093872070312,175.83941650390625,154.8751220703125,241.75146484375,0.8360843658447266,-1,-1,-1
1053,-1,108.61906433105469,176.61343383789062,153.9567413330078,241.42361450195312,0.8713051676750183,-1,-1,-1
1054,-1,107.54861450195312,176.0640106201172,154.35499572753906,241.71641540527344,0.8337332606315613,-1,-1,-1
1055,-1,107.55494689941406,176.06895446777344,154.3620147705078,241.716552734375,0.8364686369895935,-1,-1,-1
1056,-1,106.2632064819336,175.8037872314453,155.50076293945312,241.87814331054688,0.7110522985458374,-1,-1,-1
1057,-1,106.83513641357422,175.72067260742188,154.52932739257812,241.85858154296875,0.6695045232772827,-1,-1,-1
1058,-1,105.61318969726562,175.37353515625,155.24049377441406,241.79547119140625,0.657732367515564,-1,-1,-1
1059,-1,105.96226501464844,175.5171356201172,154.99627685546875,241.87437438964844,0.6347130537033081,-1,-1,-1
1060,-1,106.17911529541016,176.54483032226562,156.10568237304688,241.37083435058594,0.6943508982658386,-1,-1,-1
1061,-1,106.17802429199219,176.65623474121094,156.10841369628906,241.29421997070312,0.7082017064094543,-1,-1,-1
1062,-1,106.34321594238281,176.0365753173828,154.81268310546875,241.9705352783203,0.6815156936645508,-1,-1,-1
1063,-1,106.83232116699219,178.1985321044922,154.40931701660156,241.75437927246094,0.773567259311676,-1,-1,-1
1064,-1,106.48616027832031,178.58502197265625,154.6824493408203,241.75277709960938,0.7772859930992126,-1,-1,-1
1065,-1,106.49285125732422,178.5963592529297,155.19674682617188,241.095458984375,0.8421275615692139,-1,-1,-1
1066,-1,105.56441497802734,177.94090270996094,154.7867431640625,241.37570190429688,0.7887012958526611,-1,-1,-1
1067,-1,105.6223373413086,177.97283935546875,154.76296997070312,241.35877990722656,0.7932841181755066,-1,-1,-1
1068,-1,105.46879577636719,176.1501007080078,154.47317504882812,242.29470825195312,0.6688371300697327,-1,-1,-1
1069,-1,105.3855209350586,175.04135131835938,155.67864990234375,242.38677978515625,0.5969020128250122,-1,-1,-1
1071,-1,105.38871002197266,175.25244140625,155.27426147460938,242.6951141357422,0.5429692268371582,-1,-1,-1
1072,-1,104.93221282958984,176.12835693359375,155.4244384765625,243.0388946533203,0.7777575254440308,-1,-1,-1
1073,-1,104.93089294433594,176.15382385253906,155.34262084960938,243.2182159423828,0.7624650001525879,-1,-1,-1
1074,-1,105.50663757324219,176.86663818359375,155.8775177001953,243.32022094726562,0.6868396997451782,-1,-1,-1
1075,-1,106.67875671386719,176.67376708984375,155.0089874267578,242.35577392578125,0.5323166847229004,-1,-1,-1
1076,-1,106.8807601928711,176.832275390625,154.95050048828125,242.09332275390625,0.6002070903778076,-1,-1,-1
1078,-1,107.47590637207031,177.85174560546875,155.03289794921875,241.75523376464844,0.529987633228302,-1,-1,-1
1079,-1,107.4837417602539,177.86773681640625,155.0138702392578,241.77432250976562,0.5299455523490906,-1,-1,-1
1080,-1,108.14253234863281,177.59051513671875,157.36032104492188,241.05181884765625,0.6337008476257324,-1,-1,-1
1083,-1,108.44001007080078,176.3781280517578,159.4189910888672,243.03668212890625,0.5451036691665649,-1,-1,-1
1088,-1,110.86597442626953,177.59396362304688,163.52325439453125,241.33477783203125,0.5772777795791626,-1,-1,-1
1089,-1,109.65185546875,177.0550079345703,163.7543487548828,241.5145721435547,0.6340949535369873,-1,-1,-1
1090,-1,106.36174011230469,175.82388305664062,161.95782470703125,242.50115966796875,0.6910299062728882,-1,-1,-1
1091,-1,106.2411117553711,175.67391967773438,162.05030822753906,242.5448455810547,0.6834692358970642,-1,-1,-1
1092,-1,108.70329284667969,177.1432647705078,163.9396514892578,240.61978149414062,0.6398400664329529,-1,-1,-1
1093,-1,106.42704010009766,176.0174560546875,162.08642578125,241.67630004882812,0.6727430820465088,-1,-1,-1
1094,-1,106.29327392578125,175.2924041748047,161.80630493164062,242.60983276367188,0.696625292301178,-1,-1,-1
1096,-1,106.73721313476562,174.83016967773438,160.50840759277344,241.76931762695312,0.7779645323753357,-1,-1,-1
1097,-1,106.81239318847656,174.8912353515625,160.5000457763672,241.800048828125,0.7703763246536255,-1,-1,-1
1098,-1,105.50216674804688,175.106689453125,159.81539916992188,241.7333221435547,0.7885997295379639,-1,-1,-1
1099,-1,106.1473159790039,175.5296173095703,160.21359252929688,241.55152893066406,0.6585143208503723,-1,-1,-1
1107,-1,106.18645477294922,180.23280334472656,156.31509399414062,239.73831176757812,0.5308279991149902,-1,-1,-1
1108,-1,105.79315948486328,180.50827026367188,155.60610961914062,240.7290802001953,0.606155276298523,-1,-1,-1
1109,-1,106.06978607177734,180.37733459472656,155.5967559814453,240.8371124267578,0.6030371785163879,-1,-1,-1
1110,-1,107.1915283203125,180.66790771484375,153.40975952148438,240.54087829589844,0.5029926300048828,-1,-1,-1
1113,-1,105.95301818847656,187.5335235595703,153.2174072265625,239.5224609375,0.5350304841995239,-1,-1,-1
1114,-1,107.35346984863281,187.49887084960938,151.090576171875,239.83642578125,0.5088474750518799,-1,-1,-1
1115,-1,107.40011596679688,187.4815673828125,151.0480194091797,239.82667541503906,0.5069478750228882,-1,-1,-1
1122,-1,107.02030944824219,196.74803161621094,153.14637756347656,242.5419921875,0.533270537853241,-1,-1,-1
1123,-1,105.60987854003906,198.09857177734375,154.0689697265625,241.15618896484375,0.8133513331413269,-1,-1,-1
1124,-1,106.95057678222656,198.09228515625,152.7645721435547,241.11219787597656,0.698464572429657,-1,-1,-1
1290,-1,94.31309509277344,201.12896728515625,144.60508728027344,240.43264770507812,0.6734386682510376,-1,-1,-1
1315,-1,85.68721008300781,191.41925048828125,129.6245880126953,240.3774871826172,0.6410786509513855,-1,-1,-1
1320,-1,91.45885467529297,191.1231689453125,134.39422607421875,241.31443786621094,0.6985360980033875,-1,-1,-1
1350,-1,91.35572814941406,189.3798828125,134.36021423339844,240.87149047851562,0.5567201375961304,-1,-1,-1
1376,-1,94.909912109375,172.48704528808594,139.44961547851562,243.31192016601562,0.5762631297111511,-1,-1,-1
1410,-1,85.7767562866211,134.3006591796875,128.83128356933594,240.6600341796875,0.6933474540710449,-1,-1,-1
1411,-1,85.69962310791016,132.98243713378906,128.95733642578125,241.43316650390625,0.6355658769607544,-1,-1,-1
1412,-1,94.93064880371094,138.43673706054688,131.08827209472656,236.95785522460938,0.713776171207428,-1,-1,-1
1413,-1,95.00724029541016,135.76731872558594,130.0577392578125,237.50924682617188,0.8169337511062622,-1,-1,-1
1414,-1,95.62168884277344,136.1182861328125,130.4565887451172,237.15855407714844,0.8343802094459534,-1,-1,-1
1415,-1,95.57958984375,136.0362548828125,130.6222381591797,237.3686981201172,0.8205352425575256,-1,-1,-1
1416,-1,85.32804870605469,131.14993286132812,129.4445343017578,239.57533264160156,0.8547928333282471,-1,-1,-1
1417,-1,86.80927276611328,131.2188720703125,127.97459411621094,237.9326934814453,0.6599240303039551,-1,-1,-1
1418,-1,97.03369903564453,131.78990173339844,129.30136108398438,237.16696166992188,0.810814380645752,-1,-1,-1
1419,-1,97.48933410644531,131.06883239746094,129.70956420898438,237.43869018554688,0.6930870413780212,-1,-1,-1
1420,-1,97.27787780761719,131.38235473632812,130.0332489013672,235.9481658935547,0.7389011979103088,-1,-1,-1
1421,-1,97.66193389892578,131.71701049804688,129.76788330078125,235.9847869873047,0.714950442314148,-1,-1,-1
1423,-1,87.3240737915039,122.94981384277344,127.98694610595703,232.48272705078125,0.7386468052864075,-1,-1,-1
1424,-1,94.78118133544922,119.64973449707031,130.51705932617188,234.64212036132812,0.6265528202056885,-1,-1,-1
1425,-1,96.14500427246094,121.79121398925781,129.4457550048828,231.3692169189453,0.5114231705665588,-1,-1,-1
1432,-1,93.24996948242188,114.98583984375,123.06270599365234,167.97625732421875,0.6515729427337646,-1,-1,-1
1433,-1,93.25672149658203,114.9566421508789,123.06886291503906,167.97216796875,0.6400139927864075,-1,-1,-1
1434,-1,93.48870849609375,114.66604614257812,122.99529266357422,167.11849975585938,0.6751030087471008,-1,-1,-1
1435,-1,93.05540466308594,114.16036987304688,122.39340209960938,166.67950439453125,0.59470534324646,-1,-1,-1
1436,-1,92.70519256591797,113.31512451171875,122.19432830810547,163.9148406982422,0.6318438649177551,-1,-1,-1
1542,-1,91.80490112304688,100.66754150390625,116.49749755859375,173.19383239746094,0.5024880170822144,-1,-1,-1
1567,-1,92.22891235351562,103.16802978515625,116.16246032714844,172.58316040039062,0.6114153265953064,-1,-1,-1
1568,-1,91.38217163085938,103.3656005859375,115.97843933105469,172.94424438476562,0.52933669090271,-1,-1,-1
1569,-1,90.92019653320312,101.66822814941406,115.7185287475586,173.2050018310547,0.6183072328567505,-1,-1,-1
1570,-1,87.57621002197266,95.61857604980469,118.66878509521484,174.88638305664062,0.5898663401603699,-1,-1,-1
1571,-1,87.526611328125,95.58248901367188,118.60853576660156,175.00270080566406,0.5605778098106384,-1,-1,-1
1574,-1,86.98165893554688,96.21436309814453,121.37516021728516,174.8077392578125,0.5308365821838379,-1,-1,-1
1580,-1,86.8637924194336,96.09529876708984,123.09614562988281,175.16909790039062,0.5210582613945007,-1,-1,-1
1581,-1,86.97271728515625,96.64857482910156,122.1598129272461,174.8145751953125,0.5341262817382812,-1,-1,-1
1582,-1,87.84127044677734,97.71712493896484,121.18052673339844,174.47731018066406,0.5630391240119934,-1,-1,-1
1583,-1,87.83855438232422,97.86385345458984,121.23009490966797,174.46824645996094,0.5474975109100342,-1,-1,-1
1585,-1,88.04940032958984,98.60565185546875,120.85328674316406,173.51803588867188,0.6732153296470642,-1,-1,-1
1586,-1,91.37442016601562,101.15545654296875,117.58263397216797,171.3568572998047,0.6160780191421509,-1,-1,-1
1587,-1,87.96678161621094,98.4411392211914,121.14257049560547,174.40586853027344,0.5183247327804565,-1,-1,-1
1588,-1,86.79106903076172,96.34358215332031,121.53189086914062,173.88568115234375,0.6626431345939636,-1,-1,-1
1589,-1,86.85603332519531,96.38826751708984,121.58557891845703,173.8242950439453,0.6433914303779602,-1,-1,-1
1590,-1,86.8064193725586,97.48167419433594,121.60462188720703,173.99134826660156,0.8351152539253235,-1,-1,-1
1593,-1,86.4828872680664,97.49677276611328,120.6991958618164,173.8853302001953,0.6253502368927002,-1,-1,-1
1594,-1,87.61946105957031,96.70101928710938,121.52169036865234,174.2999725341797,0.7858521342277527,-1,-1,-1
1595,-1,87.55517578125,96.73921203613281,121.52069854736328,174.2261962890625,0.7819863557815552,-1,-1,-1
1596,-1,87.13005828857422,95.52324676513672,121.68834686279297,174.53717041015625,0.7835115194320679,-1,-1,-1
1597,-1,87.14896392822266,96.35517120361328,121.657470703125,174.4090118408203,0.7693337202072144,-1,-1,-1
1598,-1,86.69908142089844,95.47335052490234,121.80830383300781,174.71966552734375,0.7526955008506775,-1,-1,-1
1599,-1,87.11975860595703,95.8826675415039,121.99227142333984,174.58204650878906,0.7669148445129395,-1,-1,-1
1600,-1,87.67456817626953,96.59705352783203,122.1469497680664,174.50408935546875,0.7554977536201477,-1,-1,-1
1601,-1,87.73700714111328,96.62615203857422,122.06877136230469,174.53953552246094,0.7706186771392822,-1,-1,-1
1602,-1,87.134521484375,97.51152038574219,122.20733642578125,175.04107666015625,0.6924422383308411,-1,-1,-1
1603,-1,86.9322280883789,98.65234375,122.06488800048828,174.36990356445312,0.7398437261581421,-1,-1,-1
1604,-1,86.74358367919922,97.4876937866211,122.12190246582031,175.15081787109375,0.6202532649040222,-1,-1,-1
1605,-1,86.95537567138672,99.17447662353516,122.06019592285156,174.72508239746094,0.7127282023429871,-1,-1,-1
1606,-1,86.95491790771484,101.37704467773438,121.96659088134766,175.25827026367188,0.6550495028495789,-1,-1,-1
1607,-1,86.98943328857422,101.46333312988281,122.0058822631836,175.18087768554688,0.6412181854248047,-1,-1,-1
1608,-1,86.23370361328125,96.88545989990234,120.79033660888672,176.0961456298828,0.6680999398231506,-1,-1,-1
1609,-1,86.14127349853516,97.50115966796875,120.27531433105469,176.0951385498047,0.763209879398346,-1,-1,-1
1610,-1,86.01917266845703,96.81359100341797,120.58058166503906,176.26475524902344,0.7631012201309204,-1,-1,-1
1611,-1,85.65815734863281,94.16613006591797,120.06356048583984,175.63807678222656,0.8258894681930542,-1,-1,-1
1612,-1,85.10777282714844,95.1632308959961,121.03181457519531,175.11993408203125,0.8008397817611694,-1,-1,-1
1613,-1,85.12074279785156,95.15777587890625,121.1135482788086,175.10240173339844,0.7929060459136963,-1,-1,-1
1614,-1,85.59677124023438,95.66643524169922,121.78456115722656,174.51724243164062,0.7186983227729797,-1,-1,-1
1615,-1,85.30181121826172,95.29762268066406,121.29551696777344,175.32005310058594,0.6644700765609741,-1,-1,-1
1616,-1,85.30937957763672,94.47712707519531,121.85333251953125,175.53701782226562,0.6794006824493408,-1,-1,-1
1617,-1,85.56260681152344,95.50485229492188,122.24497985839844,175.2205047607422,0.6754686832427979,-1,-1,-1
1618,-1,85.75272369384766,96.26558685302734,122.2857666015625,175.20770263671875,0.6949858665466309,-1,-1,-1
1619,-1,85.7394790649414,96.25586700439453,122.28270721435547,175.20298767089844,0.7000889182090759,-1,-1,-1
1620,-1,85.82975769042969,96.01475524902344,122.26123809814453,175.17271423339844,0.5720425248146057,-1,-1,-1
1621,-1,85.689453125,94.0401840209961,119.57875061035156,175.01168823242188,0.8210293650627136,-1,-1,-1
1622,-1,85.73909759521484,95.64562225341797,120.12884521484375,174.73464965820312,0.8743674755096436,-1,-1,-1
1623,-1,86.22511291503906,94.2687759399414,119.91626739501953,175.50250244140625,0.8410619497299194,-1,-1,-1
1624,-1,86.34602355957031,94.40850067138672,120.37002563476562,175.8738250732422,0.7959388494491577,-1,-1,-1
1625,-1,86.24174499511719,94.12785339355469,120.22457122802734,175.74755859375,0.8195314407348633,-1,-1,-1
1626,-1,86.1832504272461,94.32685089111328,119.99040222167969,175.9653778076172,0.8489007949829102,-1,-1,-1
1627,-1,86.39888000488281,96.36192321777344,120.77075958251953,175.5321502685547,0.7618887424468994,-1,-1,-1
1628,-1,87.80488586425781,97.1820297241211,121.27783966064453,176.28929138183594,0.5452877283096313,-1,-1,-1
1629,-1,87.8036117553711,96.16007232666016,120.16363525390625,174.81533813476562,0.6682469248771667,-1,-1,-1
1630,-1,87.3265151977539,97.48046875,120.83827209472656,174.73292541503906,0.6024590134620667,-1,-1,-1
1631,-1,87.29987335205078,97.39347076416016,120.80860137939453,174.71133422851562,0.5994690656661987,-1,-1,-1
1632,-1,87.21211242675781,95.41075134277344,119.91845703125,174.84774780273438,0.67190021276474,-1,-1,-1
1633,-1,87.08633422851562,95.2811279296875,120.03296661376953,175.08432006835938,0.6591082215309143,-1,-1,-1
1634,-1,87.21791076660156,94.90734100341797,119.7908935546875,175.23480224609375,0.6425831317901611,-1,-1,-1
1635,-1,87.40070343017578,95.82544708251953,119.74628448486328,175.2677459716797,0.640498697757721,-1,-1,-1
1636,-1,87.83372497558594,96.11336517333984,120.03350067138672,174.80494689941406,0.7376962304115295,-1,-1,-1
1637,-1,87.793212890625,96.15413665771484,120.0246353149414,174.77369689941406,0.734184205532074,-1,-1,-1
1638,-1,87.14698791503906,96.26068115234375,120.27105712890625,175.20326232910156,0.7537689805030823,-1,-1,-1
1639,-1,85.20972442626953,95.67623138427734,121.62532043457031,174.45944213867188,0.6927094459533691,-1,-1,-1
1640,-1,85.36457824707031,96.07549285888672,121.50309753417969,174.25741577148438,0.7149645090103149,-1,-1,-1
1641,-1,85.59502410888672,96.0615234375,121.12306213378906,173.92466735839844,0.6745670437812805,-1,-1,-1
1642,-1,85.60005950927734,96.00520324707031,120.93730163574219,174.07046508789062,0.610737144947052,-1,-1,-1
1643,-1,85.5904312133789,95.94444274902344,120.95225524902344,174.1821746826172,0.6646651029586792,-1,-1,-1
1644,-1,85.9977798461914,96.02940368652344,121.00543975830078,174.04261779785156,0.7075468301773071,-1,-1,-1
1645,-1,86.43092346191406,97.74334716796875,121.51961517333984,173.82260131835938,0.6952299475669861,-1,-1,-1
1646,-1,86.21186065673828,94.45270538330078,120.42031860351562,174.624755859375,0.7373524904251099,-1,-1,-1
1647,-1,86.11762237548828,95.83367919921875,121.60650634765625,173.9940948486328,0.7320508360862732,-1,-1,-1
1648,-1,86.64733123779297,96.0281753540039,121.27294921875,174.77182006835938,0.7138854265213013,-1,-1,-1
1649,-1,86.59326171875,95.74491119384766,121.37940216064453,174.8477020263672,0.7125792503356934,-1,-1,-1
1650,-1,86.1837158203125,96.16276550292969,121.11461639404297,174.45692443847656,0.7152047157287598,-1,-1,-1
1651,-1,85.30760192871094,95.31269073486328,120.75377655029297,174.87957763671875,0.6546280980110168,-1,-1,-1
1652,-1,85.9261703491211,95.06005859375,120.40971374511719,174.8203125,0.7101905941963196,-1,-1,-1
1653,-1,87.5047378540039,95.72451782226562,120.07038116455078,175.14218139648438,0.6114842891693115,-1,-1,-1
1654,-1,86.5562515258789,96.432861328125,121.61921691894531,174.9865264892578,0.5524490475654602,-1,-1,-1
1655,-1,86.50007629394531,96.38961029052734,121.74977111816406,174.94229125976562,0.5492947101593018,-1,-1,-1
1656,-1,86.85777282714844,95.44526672363281,121.01205444335938,174.83697509765625,0.7034286856651306,-1,-1,-1
1657,-1,86.08839416503906,96.43777465820312,119.74812316894531,173.49993896484375,0.6303058862686157,-1,-1,-1
1658,-1,86.84638214111328,97.96739959716797,120.96995544433594,173.4488525390625,0.629877507686615,-1,-1,-1
1659,-1,87.22164154052734,99.45777893066406,120.48085021972656,174.05226135253906,0.6345703601837158,-1,-1,-1
1660,-1,87.13224792480469,98.478759765625,120.93982696533203,174.0487823486328,0.6120561957359314,-1,-1,-1
1661,-1,87.15717315673828,98.47827911376953,120.8967514038086,174.02163696289062,0.6177077889442444,-1,-1,-1
1662,-1,85.49783325195312,99.77606964111328,119.71172332763672,173.66319274902344,0.7667288184165955,-1,-1,-1
1663,-1,84.87489318847656,97.87876892089844,118.89608764648438,172.8135986328125,0.7242318391799927,-1,-1,-1
1664,-1,85.54757690429688,96.3669662475586,120.23916625976562,173.85894775390625,0.6328489780426025,-1,-1,-1
1665,-1,84.56925964355469,97.35547637939453,119.62263488769531,172.16070556640625,0.6382439136505127,-1,-1,-1
1666,-1,85.35301971435547,96.56987762451172,119.58761596679688,171.93313598632812,0.5077320337295532,-1,-1,-1
1702,-1,81.72062683105469,90.29151916503906,120.46568298339844,164.47027587890625,0.5044916272163391,-1,-1,-1
1747,-1,82.4045639038086,90.04296112060547,122.96342468261719,165.74755859375,0.6726387739181519,-1,-1,-1
1748,-1,83.2368392944336,90.98351287841797,123.9271469116211,166.1062469482422,0.5972058773040771,-1,-1,-1
1749,-1,83.05513000488281,91.57979583740234,123.08434295654297,165.50997924804688,0.5715264678001404,-1,-1,-1
1752,-1,83.47238159179688,92.87985229492188,122.24855041503906,165.89065551757812,0.590842604637146,-1,-1,-1
1753,-1,83.60245513916016,92.9298324584961,122.13502502441406,165.818603515625,0.6693232655525208,-1,-1,-1
1755,-1,84.40931701660156,92.47415161132812,122.71973419189453,165.60813903808594,0.5963737964630127,-1,-1,-1
1758,-1,84.15274810791016,92.08464050292969,122.27710723876953,165.90008544921875,0.5063461065292358,-1,-1,-1
1759,-1,84.20027923583984,92.45348358154297,122.29682159423828,165.3193817138672,0.5877910256385803,-1,-1,-1
1760,-1,84.92207336425781,91.33041381835938,121.97076416015625,165.91163635253906,0.5046642422676086,-1,-1,-1
1762,-1,84.4837646484375,90.61799621582031,121.90740966796875,165.99478149414062,0.5763789415359497,-1,-1,-1
1763,-1,84.48359680175781,90.66077423095703,121.87318420410156,166.048583984375,0.5755356550216675,-1,-1,-1
1766,-1,81.43730163574219,88.66204833984375,121.24042510986328,165.14727783203125,0.6051009893417358,-1,-1,-1
1774,-1,82.60074615478516,90.8481216430664,119.42169952392578,165.0714111328125,0.5867370367050171,-1,-1,-1
1775,-1,82.5870590209961,90.83468627929688,119.42794036865234,165.0751495361328,0.5898275375366211,-1,-1,-1
1776,-1,82.31169128417969,89.72067260742188,119.77767181396484,165.71762084960938,0.7248333692550659,-1,-1,-1
1777,-1,82.70344543457031,91.29338073730469,119.26161193847656,164.17515563964844,0.6881474852561951,-1,-1,-1
1778,-1,83.28733825683594,89.9778823852539,118.27530670166016,164.47946166992188,0.6469830870628357,-1,-1,-1
1779,-1,82.4613265991211,90.11015319824219,121.29484558105469,164.1547393798828,0.6080796122550964,-1,-1,-1
1795,-1,84.2923583984375,89.20673370361328,118.6324234008789,165.39627075195312,0.7357461452484131,-1,-1,-1
1796,-1,84.6303939819336,89.39331817626953,118.506103515625,165.4867706298828,0.7865502834320068,-1,-1,-1
1797,-1,84.61014556884766,89.26934814453125,118.8290023803711,165.08145141601562,0.8744794726371765,-1,-1,-1
1798,-1,85.015380859375,88.2409439086914,119.40296936035156,165.4585418701172,0.8059608936309814,-1,-1,-1
1799,-1,84.90462493896484,88.18915557861328,119.43070220947266,165.4339141845703,0.8189379572868347,-1,-1,-1
1800,-1,84.73397827148438,87.99424743652344,119.19248962402344,165.056884765625,0.854669451713562,-1,-1,-1
1801,-1,84.72293090820312,82.22085571289062,117.87403869628906,167.725830078125,0.7411918640136719,-1,-1,-1
1802,-1,85.7039566040039,82.73782348632812,117.53163146972656,166.9639129638672,0.7745134234428406,-1,-1,-1
1803,-1,85.40306854248047,83.14361572265625,117.37162780761719,168.854736328125,0.7605715394020081,-1,-1,-1
1804,-1,85.09497833251953,84.93415069580078,120.56361389160156,167.40707397460938,0.8032235503196716,-1,-1,-1
1805,-1,85.13925170898438,85.20317077636719,120.64366149902344,167.36724853515625,0.7967051863670349,-1,-1,-1
1806,-1,83.86347961425781,82.63804626464844,119.47211456298828,168.7191619873047,0.7327030301094055,-1,-1,-1
1807,-1,85.60914611816406,82.11050415039062,118.83599853515625,168.4010772705078,0.7500350475311279,-1,-1,-1
1809,-1,84.72001647949219,84.32341766357422,119.37552642822266,167.54795837402344,0.5925776362419128,-1,-1,-1
1812,-1,83.09264373779297,82.75033569335938,119.87657165527344,168.24685668945312,0.5542311072349548,-1,-1,-1
1813,-1,83.51219940185547,81.33895874023438,118.39820098876953,167.93988037109375,0.7810359597206116,-1,-1,-1
1814,-1,83.63883972167969,82.55364990234375,118.73518371582031,168.1771697998047,0.6829456686973572,-1,-1,-1
1815,-1,83.17664337158203,83.62999725341797,118.44728088378906,167.92066955566406,0.7709959745407104,-1,-1,-1
1816,-1,82.56890106201172,85.52173614501953,119.07372283935547,168.2714080810547,0.6232119798660278,-1,-1,-1
1817,-1,82.55973052978516,85.72644805908203,119.21906280517578,168.39126586914062,0.6003628373146057,-1,-1,-1
1818,-1,82.65850067138672,85.6973648071289,118.58055877685547,167.72244262695312,0.7844028472900391,-1,-1,-1
1927,-1,82.19818878173828,87.99748229980469,119.46099853515625,167.34707641601562,0.7122255563735962,-1,-1,-1
1928,-1,82.76203918457031,84.03028869628906,118.49396514892578,168.87579345703125,0.5592947006225586,-1,-1,-1
1930,-1,83.22465515136719,89.14590454101562,117.90419006347656,168.42501831054688,0.6023671627044678,-1,-1,-1
1931,-1,83.1344985961914,89.65113067626953,117.87673950195312,168.22113037109375,0.6171682476997375,-1,-1,-1
1940,-1,84.10917663574219,90.11215209960938,116.72006225585938,169.06480407714844,0.5020040273666382,-1,-1,-1
1954,-1,79.23754119873047,86.14241027832031,114.89295196533203,168.264404296875,0.5301279425621033,-1,-1,-1
1955,-1,79.35511779785156,86.64746856689453,114.84806060791016,168.24557495117188,0.5192387104034424,-1,-1,-1
2060,-1,81.8337173461914,72.28208923339844,103.51363372802734,132.6759796142578,0.696844756603241,-1,-1,-1
2067,-1,80.31201171875,69.03935241699219,102.33241271972656,132.83718872070312,0.6212917566299438,-1,-1,-1
2071,-1,79.06048583984375,67.98918151855469,100.94325256347656,131.3665008544922,0.705984354019165,-1,-1,-1
2072,-1,79.23021697998047,68.12757873535156,100.63844299316406,130.99266052246094,0.5348238945007324,-1,-1,-1
2073,-1,79.98849487304688,67.85603332519531,99.76113891601562,132.1256561279297,0.7229248881340027,-1,-1,-1
2076,-1,80.02667236328125,67.9075927734375,100.01013946533203,130.5641632080078,0.7109923958778381,-1,-1,-1
2077,-1,80.45787811279297,67.22711944580078,100.04630279541016,130.397216796875,0.5967682003974915,-1,-1,-1
2080,-1,79.54682922363281,68.34611511230469,100.08843231201172,130.23973083496094,0.7101844549179077,-1,-1,-1
2081,-1,79.56143188476562,68.36336517333984,100.10447692871094,130.1396026611328,0.7324092388153076,-1,-1,-1
2082,-1,79.33377075195312,67.11656188964844,99.83479309082031,130.71621704101562,0.6766446828842163,-1,-1,-1
2083,-1,79.51445770263672,68.96980285644531,99.51714324951172,129.38136291503906,0.6592230200767517,-1,-1,-1
2160,-1,84.03269958496094,84.26400756835938,106.11495971679688,164.25003051757812,0.6028754115104675,-1,-1,-1
2192,-1,84.18465423583984,97.22677612304688,119.22801208496094,201.0516357421875,0.5511364936828613,-1,-1,-1
2193,-1,83.47238159179688,97.63599395751953,120.71190643310547,202.6707763671875,0.5641217231750488,-1,-1,-1
2194,-1,84.24907684326172,96.36940002441406,119.90931701660156,200.91961669921875,0.7491904497146606,-1,-1,-1
2195,-1,84.30327606201172,96.28855895996094,119.87908935546875,200.98648071289062,0.7493758201599121,-1,-1,-1
2220,-1,87.12508392333984,120.64250183105469,126.39805603027344,209.99713134765625,0.6339406967163086,-1,-1,-1
2221,-1,96.73722076416016,120.38223266601562,129.33984375,211.74766540527344,0.5182061791419983,-1,-1,-1
2222,-1,86.56362915039062,117.6318588256836,127.24564361572266,210.91165161132812,0.6221238374710083,-1,-1,-1
2223,-1,85.8479232788086,116.60868835449219,126.278076171875,208.8811798095703,0.6534870266914368,-1,-1,-1
2226,-1,80.87601470947266,97.65001678466797,156.18325805664062,234.81459045410156,0.514254093170166,-1,-1,-1
2228,-1,87.34668731689453,101.09123229980469,123.41477966308594,195.629150390625,0.876194417476654,-1,-1,-1
2230,-1,87.18794250488281,101.02648162841797,123.24585723876953,194.81097412109375,0.8713015913963318,-1,-1,-1
2231,-1,87.15213775634766,100.95076751708984,123.29715728759766,194.83807373046875,0.8715223073959351,-1,-1,-1
2233,-1,87.28935241699219,102.12480163574219,122.96072387695312,195.24313354492188,0.5683345794677734,-1,-1,-1
2238,-1,83.66043853759766,101.19436645507812,121.36788940429688,194.78916931152344,0.501194179058075,-1,-1,-1
2240,-1,82.7724609375,102.94303131103516,124.29833984375,194.30616760253906,0.530351459980011,-1,-1,-1
2268,-1,80.3477783203125,79.16387176513672,107.54631805419922,120.62108612060547,0.6553366780281067,-1,-1,-1
2356,-1,77.82318115234375,69.54693603515625,99.32234954833984,134.6638641357422,0.5677928328514099,-1,-1,-1
2357,-1,77.82260131835938,69.4925765991211,99.25642395019531,134.74429321289062,0.575188159942627,-1,-1,-1
2383,-1,79.02017211914062,74.03409576416016,102.76648712158203,131.91946411132812,0.5293659567832947,-1,-1,-1
2446,-1,86.38904571533203,109.33210754394531,127.10221099853516,217.17372131347656,0.5621076226234436,-1,-1,-1
2447,-1,86.29669189453125,109.23168182373047,127.04570770263672,217.2974853515625,0.563683807849884,-1,-1,-1
2499,-1,105.09830474853516,186.7729949951172,152.9951934814453,238.5960693359375,0.6632400155067444,-1,-1,-1
2500,-1,105.62744903564453,188.9703369140625,155.60850524902344,239.19302368164062,0.8139210343360901,-1,-1,-1
2501,-1,105.68409729003906,188.51271057128906,154.97177124023438,239.23934936523438,0.8077267408370972,-1,-1,-1
2502,-1,106.56182861328125,188.82594299316406,156.2556610107422,239.91537475585938,0.7266791462898254,-1,-1,-1
2504,-1,107.12838745117188,193.6437530517578,159.12144470214844,240.1132354736328,0.7731948494911194,-1,-1,-1
2505,-1,109.13890075683594,195.50450134277344,158.62045288085938,238.2195281982422,0.6110431551933289,-1,-1,-1
2506,-1,111.97198486328125,199.0094451904297,162.60450744628906,240.6473388671875,0.5459597110748291,-1,-1,-1
2507,-1,111.98350524902344,199.03277587890625,162.60317993164062,240.62527465820312,0.5466875433921814,-1,-1,-1
2508,-1,112.67161560058594,198.32606506347656,162.3351287841797,240.92039489746094,0.5170824527740479,-1,-1,-1
2509,-1,115.43440246582031,200.14654541015625,162.47755432128906,240.29237365722656,0.5750386118888855,-1,-1,-1
