253,-1,114.7743148803711,46.60236740112305,172.76170349121094,78.81112670898438,0.589258074760437,-1,-1,-1
254,-1,114.2042465209961,46.350868225097656,173.37319946289062,78.2713623046875,0.5484045743942261,-1,-1,-1
255,-1,105.86183166503906,48.26973342895508,159.42686462402344,76.928955078125,0.6210618019104004,-1,-1,-1
257,-1,74.51506805419922,57.36604690551758,133.56362915039062,89.99067687988281,0.6106462478637695,-1,-1,-1
258,-1,75.83299255371094,58.601898193359375,129.2710723876953,88.93653869628906,0.6484680771827698,-1,-1,-1
458,-1,246.69203186035156,36.43558883666992,272.1370849609375,60.22904586791992,0.6031243801116943,-1,-1,-1
459,-1,246.52365112304688,36.20235824584961,272.20770263671875,60.30303955078125,0.606616735458374,-1,-1,-1
460,-1,236.94276428222656,35.63563919067383,274.1820983886719,67.77379608154297,0.5603779554367065,-1,-1,-1
464,-1,242.63558959960938,37.678829193115234,269.62664794921875,60.205169677734375,0.7491418123245239,-1,-1,-1
500,-1,169.3721923828125,44.008235931396484,219.93492126464844,78.70381927490234,0.5267302393913269,-1,-1,-1
535,-1,98.95182800292969,43.184242248535156,165.6211700439453,79.07206726074219,0.6404454112052917,-1,-1,-1
536,-1,98.72883605957031,43.02303695678711,161.97720336914062,80.16584014892578,0.795018196105957,-1,-1,-1
537,-1,96.28185272216797,43.89909744262695,160.04769897460938,79.8901596069336,0.5530077219009399,-1,-1,-1
538,-1,95.8292465209961,44.43844223022461,157.50448608398438,79.45602416992188,0.5390531420707703,-1,-1,-1
539,-1,95.81227111816406,44.10587692260742,157.0268096923828,79.747314453125,0.711071789264679,-1,-1,-1
544,-1,88.60209655761719,46.799591064453125,144.59756469726562,78.08917236328125,0.6124406456947327,-1,-1,-1
545,-1,89.69116973876953,47.00218200683594,144.74954223632812,77.64421081542969,0.5439384579658508,-1,-1,-1
546,-1,87.08586883544922,49.15464401245117,142.82781982421875,76.4294662475586,0.684230625629425,-1,-1,-1
547,-1,86.50645446777344,46.684539794921875,140.35333251953125,76.17251586914062,0.5256097912788391,-1,-1,-1
548,-1,87.32158660888672,48.35514450073242,138.90489196777344,76.80298614501953,0.5285387635231018,-1,-1,-1
549,-1,77.24609375,49.29473876953125,133.8296661376953,79.39722442626953,0.7430093288421631,-1,-1,-1
550,-1,79.31253814697266,49.25651550292969,130.58724975585938,79.54486083984375,0.6678707599639893,-1,-1,-1
551,-1,80.0545654296875,48.845985412597656,130.19784545898438,78.58567810058594,0.56771320104599,-1,-1,-1
553,-1,76.1582260131836,51.37353515625,124.86214447021484,78.46248626708984,0.8325775861740112,-1,-1,-1
554,-1,62.568607330322266,51.447513580322266,120.95035552978516,83.93022155761719,0.9418114423751831,-1,-1,-1
555,-1,61.7047119140625,51.65116500854492,119.92046356201172,83.80265045166016,0.8913499116897583,-1,-1,-1
556,-1,62.21653747558594,51.84330749511719,117.68113708496094,83.64701080322266,0.8880526423454285,-1,-1,-1
557,-1,61.762271881103516,51.49116516113281,117.1419906616211,83.13665771484375,0.8566878437995911,-1,-1,-1
562,-1,49.19764709472656,52.89093017578125,103.21415710449219,80.44210815429688,0.7234957218170166,-1,-1,-1
563,-1,49.040122985839844,52.644935607910156,103.24960327148438,80.13495635986328,0.7348232865333557,-1,-1,-1
564,-1,40.27625274658203,56.640777587890625,98.2328872680664,90.73194122314453,0.6502025127410889,-1,-1,-1
565,-1,37.94502639770508,57.263816833496094,98.11637115478516,92.35272216796875,0.8784820437431335,-1,-1,-1
566,-1,37.33843231201172,56.65359115600586,93.9277572631836,91.13713836669922,0.89903724193573,-1,-1,-1
567,-1,34.115535736083984,57.5152702331543,94.03160858154297,92.78988647460938,0.8068670034408569,-1,-1,-1
568,-1,26.741525650024414,57.919593811035156,90.60072326660156,96.24784088134766,0.8194324970245361,-1,-1,-1
569,-1,26.564613342285156,57.907012939453125,90.86418914794922,96.53228759765625,0.8276817798614502,-1,-1,-1
570,-1,24.16663932800293,58.93000793457031,89.46023559570312,95.4272232055664,0.7263532876968384,-1,-1,-1
571,-1,21.93110466003418,58.56283187866211,87.35111999511719,94.11642456054688,0.639960527420044,-1,-1,-1
572,-1,23.221529006958008,60.1473503112793,84.49942779541016,93.47545623779297,0.6343927979469299,-1,-1,-1
577,-1,23.238807678222656,58.8277587890625,71.03339385986328,96.99205780029297,0.5755681395530701,-1,-1,-1
579,-1,24.98529815673828,59.22661590576172,64.45797729492188,96.44573211669922,0.639811098575592,-1,-1,-1
597,-1,200.0892333984375,29.57758903503418,224.04019165039062,44.918785095214844,0.5004594326019287,-1,-1,-1
716,-1,71.5149917602539,76.9488754272461,84.58744049072266,108.72123718261719,0.5027848482131958,-1,-1,-1
727,-1,75.90031433105469,76.3106918334961,87.57611083984375,108.7252426147461,0.5340111255645752,-1,-1,-1
731,-1,64.22337341308594,177.5141143798828,114.67483520507812,220.3138427734375,0.5144999623298645,-1,-1,-1
754,-1,127.5848388671875,26.16890525817871,207.3707275390625,59.6447868347168,0.6171488165855408,-1,-1,-1
755,-1,96.72283172607422,77.42276000976562,108.01756286621094,96.18387603759766,0.6060478091239929,-1,-1,-1
756,-1,96.54084014892578,77.3367691040039,108.8393783569336,95.60592651367188,0.5223434567451477,-1,-1,-1
766,-1,110.94544219970703,77.8053970336914,120.9981460571289,108.9969482421875,0.5997353792190552,-1,-1,-1
767,-1,112.5811767578125,77.27468872070312,123.83296203613281,109.8907470703125,0.6240497827529907,-1,-1,-1
768,-1,112.56278228759766,77.04476165771484,123.99397277832031,109.76570892333984,0.5864099860191345,-1,-1,-1
769,-1,112.43450164794922,77.580810546875,124.42223358154297,108.82989501953125,0.626599907875061,-1,-1,-1
770,-1,107.89409637451172,33.13802719116211,208.0145263671875,94.39485931396484,0.5570613741874695,-1,-1,-1
794,-1,65.20001983642578,175.15625,112.63185119628906,219.91929626464844,0.5211700797080994,-1,-1,-1
796,-1,65.19047546386719,175.72288513183594,113.22350311279297,220.26016235351562,0.5664300322532654,-1,-1,-1
797,-1,65.18036651611328,175.6208038330078,113.0544204711914,220.09683227539062,0.5360866189002991,-1,-1,-1
798,-1,65.09062957763672,175.63511657714844,113.02725219726562,219.9994659423828,0.5094555020332336,-1,-1,-1
800,-1,65.18494415283203,175.76589965820312,113.01802825927734,220.15850830078125,0.5204115509986877,-1,-1,-1
1033,-1,65.59202575683594,174.35757446289062,112.69007873535156,219.65731811523438,0.5467749834060669,-1,-1,-1
1034,-1,65.64989471435547,174.26341247558594,112.62999725341797,219.76577758789062,0.5053201913833618,-1,-1,-1
1040,-1,65.45732116699219,174.2816162109375,112.82782745361328,219.731689453125,0.5184078812599182,-1,-1,-1
1042,-1,65.4386978149414,174.4434356689453,112.88031005859375,219.12623596191406,0.5277314186096191,-1,-1,-1
1052,-1,44.594337463378906,81.3336410522461,63.011253356933594,142.10305786132812,0.6689515113830566,-1,-1,-1
1052,-1,60.602996826171875,172.67178344726562,107.62785339355469,222.13162231445312,0.5482053160667419,-1,-1,-1
1053,-1,44.629093170166016,81.0630111694336,63.28989028930664,142.02728271484375,0.6319402456283569,-1,-1,-1
1053,-1,60.490234375,173.0169677734375,107.42623138427734,221.83627319335938,0.5004202127456665,-1,-1,-1
1054,-1,44.73638916015625,80.85377502441406,62.969261169433594,141.78048706054688,0.6579649448394775,-1,-1,-1
1054,-1,60.622257232666016,172.9076385498047,107.29402160644531,221.8797607421875,0.5498669743537903,-1,-1,-1
1055,-1,45.16651153564453,80.93122100830078,62.88380432128906,142.06985473632812,0.6397349238395691,-1,-1,-1
1055,-1,60.60271453857422,172.82464599609375,107.23805236816406,221.90328979492188,0.5668217539787292,-1,-1,-1
1056,-1,46.07841491699219,81.73531341552734,63.74823760986328,141.5653533935547,0.6043851375579834,-1,-1,-1
1056,-1,60.60687255859375,172.78843688964844,107.2854995727539,221.9117431640625,0.5667166113853455,-1,-1,-1
1057,-1,60.60928726196289,172.7659454345703,107.31735229492188,221.93638610839844,0.5571078658103943,-1,-1,-1
1057,-1,46.01469039916992,82.19094848632812,63.75048828125,141.15574645996094,0.5549493432044983,-1,-1,-1
1058,-1,60.52131271362305,172.85922241210938,107.29452514648438,221.87452697753906,0.5585364699363708,-1,-1,-1
1059,-1,60.521846771240234,172.76937866210938,107.32079315185547,221.9334259033203,0.5758333206176758,-1,-1,-1
1060,-1,60.482460021972656,172.81454467773438,107.28939056396484,221.9083709716797,0.5483596920967102,-1,-1,-1
1061,-1,60.678707122802734,172.63308715820312,107.15116882324219,222.07305908203125,0.5695260167121887,-1,-1,-1
1061,-1,46.04302215576172,81.70536041259766,63.59794235229492,141.67010498046875,0.567889928817749,-1,-1,-1
1062,-1,45.81707000732422,81.53347778320312,62.84062957763672,141.80648803710938,0.6107933521270752,-1,-1,-1
1062,-1,60.748565673828125,172.53627014160156,107.06680297851562,222.14483642578125,0.583122193813324,-1,-1,-1
1063,-1,60.74412536621094,172.55162048339844,107.11380004882812,222.122314453125,0.5730714797973633,-1,-1,-1
1063,-1,45.992774963378906,81.87293243408203,63.34001541137695,141.43101501464844,0.5170291662216187,-1,-1,-1
1064,-1,60.76481628417969,172.74928283691406,107.06114196777344,221.93502807617188,0.5385448932647705,-1,-1,-1
1065,-1,60.71949768066406,172.7270050048828,107.10836791992188,221.92210388183594,0.5056347846984863,-1,-1,-1
1124,-1,45.651580810546875,78.3187255859375,65.80665588378906,127.25048828125,0.509406566619873,-1,-1,-1
1126,-1,46.10347366333008,77.57101440429688,66.06562042236328,127.53042602539062,0.5280594229698181,-1,-1,-1
1143,-1,44.80572509765625,77.9763412475586,64.54412078857422,126.72332000732422,0.5065679550170898,-1,-1,-1
1144,-1,44.91194152832031,77.47758483886719,64.71383666992188,127.11603546142578,0.5249269008636475,-1,-1,-1
1145,-1,44.85683059692383,77.43931579589844,64.443359375,127.18803405761719,0.546410322189331,-1,-1,-1
1151,-1,45.72612380981445,77.76589965820312,64.82989501953125,126.81803131103516,0.5071438550949097,-1,-1,-1
1152,-1,45.500709533691406,77.77066802978516,63.850433349609375,130.06544494628906,0.6706045269966125,-1,-1,-1
1153,-1,45.564937591552734,77.44197082519531,63.03540802001953,130.4315643310547,0.6168856024742126,-1,-1,-1
1154,-1,45.80781936645508,77.22101593017578,63.16828918457031,130.87237548828125,0.6235829591751099,-1,-1,-1
1155,-1,45.69213104248047,77.03474426269531,63.352081298828125,131.0819854736328,0.6220476627349854,-1,-1,-1
1156,-1,45.83633804321289,77.41667938232422,63.51206970214844,130.39202880859375,0.5938587784767151,-1,-1,-1
1157,-1,46.02863693237305,77.17254638671875,63.50801467895508,130.33642578125,0.5818570852279663,-1,-1,-1
1158,-1,46.193077087402344,77.07832336425781,62.95484161376953,131.5489501953125,0.650455892086029,-1,-1,-1
1159,-1,46.40407180786133,77.5946273803711,63.0711784362793,130.3931427001953,0.5644306540489197,-1,-1,-1
1160,-1,46.309017181396484,77.69383239746094,63.14875793457031,130.4541778564453,0.5443025827407837,-1,-1,-1
1161,-1,46.29866027832031,77.66773986816406,62.76140213012695,130.47613525390625,0.5097939372062683,-1,-1,-1
1168,-1,46.24837875366211,77.24836730957031,63.136314392089844,129.9248809814453,0.5739564895629883,-1,-1,-1
1169,-1,46.1798095703125,77.38577270507812,63.72414016723633,130.04238891601562,0.5656678080558777,-1,-1,-1
1170,-1,45.92031478881836,77.09115600585938,63.073272705078125,132.08383178710938,0.701878547668457,-1,-1,-1
1171,-1,46.05855941772461,77.14327239990234,63.162254333496094,131.72560119628906,0.6807292103767395,-1,-1,-1
1172,-1,46.673423767089844,76.80082702636719,63.93260192871094,131.95919799804688,0.637389063835144,-1,-1,-1
1173,-1,47.27497863769531,76.89279174804688,64.02751159667969,131.5458221435547,0.6219065189361572,-1,-1,-1
1174,-1,47.91639709472656,75.13258361816406,66.28811645507812,144.35072326660156,0.7341230511665344,-1,-1,-1
1175,-1,47.73451232910156,75.6585922241211,65.38399505615234,143.8809814453125,0.7634263038635254,-1,-1,-1
1176,-1,46.88022994995117,75.55802917480469,64.54359436035156,143.15353393554688,0.8386514782905579,-1,-1,-1
1177,-1,47.03321075439453,75.16329193115234,62.476806640625,133.00967407226562,0.6432768702507019,-1,-1,-1
1178,-1,46.68400573730469,75.50279998779297,62.335872650146484,132.61817932128906,0.6270241737365723,-1,-1,-1
1179,-1,46.086021423339844,74.4647445678711,61.99814224243164,132.1241912841797,0.5811330080032349,-1,-1,-1
1180,-1,46.73157501220703,75.74827575683594,63.247352600097656,132.20513916015625,0.5943096876144409,-1,-1,-1
1181,-1,46.52448654174805,76.0724105834961,63.72391128540039,132.069580078125,0.5789342522621155,-1,-1,-1
1182,-1,45.69022750854492,74.89183807373047,61.02190399169922,135.49378967285156,0.6771683692932129,-1,-1,-1
1183,-1,44.736183166503906,76.18399047851562,62.62767028808594,143.52137756347656,0.7746165990829468,-1,-1,-1
1184,-1,44.59198760986328,76.06816101074219,62.73765182495117,143.6136474609375,0.7233276963233948,-1,-1,-1
1190,-1,45.840763092041016,75.06401062011719,63.802677154541016,134.398193359375,0.5359948873519897,-1,-1,-1
1191,-1,45.926734924316406,75.44042205810547,63.24225997924805,134.14047241210938,0.5515578389167786,-1,-1,-1
1195,-1,46.71245574951172,75.7767105102539,64.16502380371094,134.19810485839844,0.5178067684173584,-1,-1,-1
1196,-1,46.2263069152832,75.06802368164062,62.3725471496582,133.7730255126953,0.503089189529419,-1,-1,-1
1197,-1,45.37479019165039,75.62666320800781,62.25685501098633,133.25537109375,0.5539870262145996,-1,-1,-1
1199,-1,44.58930206298828,76.42223358154297,61.491615295410156,132.36865234375,0.6136919260025024,-1,-1,-1
1200,-1,44.20489501953125,76.10482788085938,61.581520080566406,132.77024841308594,0.6285008192062378,-1,-1,-1
1200,-1,63.76272201538086,175.7435760498047,113.59323120117188,220.7435760498047,0.5917670130729675,-1,-1,-1
1201,-1,43.58851623535156,76.5307388305664,62.80823516845703,144.01834106445312,0.7174974679946899,-1,-1,-1
1202,-1,42.170806884765625,76.4775161743164,65.67739868164062,146.26744079589844,0.5640922784805298,-1,-1,-1
1203,-1,60.777000427246094,175.19322204589844,108.09123992919922,221.94216918945312,0.568946361541748,-1,-1,-1
1204,-1,60.73588562011719,175.1581268310547,108.13037872314453,221.95518493652344,0.5138298869132996,-1,-1,-1
1228,-1,43.2286262512207,77.33465576171875,65.90035247802734,144.1721649169922,0.5193007588386536,-1,-1,-1
1229,-1,43.854698181152344,77.15406036376953,65.53246307373047,144.01687622070312,0.5084307193756104,-1,-1,-1
1248,-1,45.720062255859375,76.76830291748047,64.05768585205078,143.50579833984375,0.5442678332328796,-1,-1,-1
1249,-1,45.50554275512695,77.64588928222656,63.24272155761719,142.4166259765625,0.5340859293937683,-1,-1,-1
1250,-1,46.16342544555664,77.04753875732422,62.67554473876953,132.1306915283203,0.5086151361465454,-1,-1,-1
1251,-1,46.25236129760742,76.77572631835938,63.853309631347656,142.55506896972656,0.5980170965194702,-1,-1,-1
