1,-1,10.572088241577148,1.589449405670166,303.3399353027344,234.45260620117188,0.736392080783844,-1,-1,-1
2,-1,8.990772247314453,3.485072135925293,303.5306091308594,232.91241455078125,0.7649393081665039,-1,-1,-1
3,-1,6.509047031402588,3.809896469116211,306.08831787109375,233.5989990234375,0.755738377571106,-1,-1,-1
4,-1,8.036534309387207,4.296158790588379,307.004638671875,234.95797729492188,0.7145772576332092,-1,-1,-1
5,-1,7.465456962585449,4.232095718383789,307.6318664550781,235.50096130371094,0.6653615236282349,-1,-1,-1
6,-1,11.031283378601074,4.141469955444336,302.1446533203125,237.49522399902344,0.7284021377563477,-1,-1,-1
12,-1,14.4115629196167,-2.864579439163208,300.4290466308594,241.89425659179688,0.715564489364624,-1,-1,-1
13,-1,10.791497230529785,1.485137939453125,303.2739562988281,237.25784301757812,0.8024535179138184,-1,-1,-1
14,-1,11.68698787689209,3.794179916381836,301.70977783203125,234.48878479003906,0.8794084191322327,-1,-1,-1
15,-1,10.255573272705078,-1.3618704080581665,303.05389404296875,237.35240173339844,0.9284979701042175,-1,-1,-1
16,-1,12.4847993850708,1.6019145250320435,310.0823974609375,235.2213897705078,0.8707551956176758,-1,-1,-1
17,-1,12.492992401123047,1.1534353494644165,309.5250549316406,235.70167541503906,0.8592122197151184,-1,-1,-1
18,-1,10.850818634033203,0.02706674486398697,308.3348693847656,237.69549560546875,0.8432012796401978,-1,-1,-1
19,-1,11.81799030303955,-4.146986484527588,305.466796875,245.49986267089844,0.7318207621574402,-1,-1,-1
24,-1,3.608644962310791,0.08085983991622925,280.653564453125,241.75656127929688,0.5299842357635498,-1,-1,-1
31,-1,29.693204879760742,-8.046089172363281,295.1676025390625,248.62864685058594,0.6114084124565125,-1,-1,-1
32,-1,27.23785400390625,-8.086688995361328,298.014892578125,246.69384765625,0.7587197422981262,-1,-1,-1
32,-1,26.93830108642578,28.088178634643555,300.0673828125,250.7681427001953,0.6219450831413269,-1,-1,-1
33,-1,25.137622833251953,30.73955726623535,301.624755859375,250.0869140625,0.6447333097457886,-1,-1,-1
34,-1,27.820798873901367,-12.82191276550293,299.7063903808594,253.14779663085938,0.5815393328666687,-1,-1,-1
35,-1,27.32434844970703,-12.800493240356445,299.9127197265625,253.38697814941406,0.5804829597473145,-1,-1,-1
36,-1,25.884000778198242,-11.570212364196777,300.00079345703125,249.3551483154297,0.5419080257415771,-1,-1,-1
37,-1,16.26426124572754,-11.412705421447754,304.4000549316406,253.2369842529297,0.6387844681739807,-1,-1,-1
37,-1,16.26426124572754,-11.412705421447754,304.4000549316406,253.2369842529297,0.5757918953895569,-1,-1,-1
39,-1,8.681652069091797,-8.022871971130371,309.2367858886719,245.6142120361328,0.8482193350791931,-1,-1,-1
40,-1,9.790214538574219,-10.899211883544922,309.55609130859375,249.67672729492188,0.7942882180213928,-1,-1,-1
41,-1,10.519561767578125,-10.674121856689453,309.2519836425781,250.0162353515625,0.7864522933959961,-1,-1,-1
42,-1,10.383077621459961,-10.031222343444824,310.7442626953125,248.0623321533203,0.5810534954071045,-1,-1,-1
43,-1,13.641158103942871,-5.442117691040039,307.3326416015625,241.36602783203125,0.7878202199935913,-1,-1,-1
44,-1,12.478555679321289,-3.746971845626831,304.6055908203125,241.29055786132812,0.5264349579811096,-1,-1,-1
45,-1,13.28216552734375,-3.028822660446167,304.0219421386719,241.00096130371094,0.6198817491531372,-1,-1,-1
46,-1,18.260873794555664,-4.562999725341797,303.6242980957031,244.76980590820312,0.5046287775039673,-1,-1,-1
47,-1,17.402671813964844,-4.60341215133667,304.1384582519531,244.40036010742188,0.5194071531295776,-1,-1,-1
48,-1,12.189294815063477,-7.583441734313965,306.5966491699219,248.11993408203125,0.5075599551200867,-1,-1,-1
49,-1,15.262967109680176,-1.712716817855835,303.675048828125,243.1793670654297,0.6372599601745605,-1,-1,-1
50,-1,21.033689498901367,36.74851608276367,302.83795166015625,241.37277221679688,0.571803629398346,-1,-1,-1
51,-1,20.257946014404297,2.423424243927002,302.9259948730469,238.75228881835938,0.8719028830528259,-1,-1,-1
52,-1,21.54865074157715,-1.2786043882369995,301.4822692871094,242.17449951171875,0.6280122995376587,-1,-1,-1
53,-1,21.596996307373047,-1.7816162109375,301.3190612792969,242.71868896484375,0.6276276111602783,-1,-1,-1
54,-1,19.358661651611328,0.11545034497976303,299.9920349121094,241.09915161132812,0.5430451035499573,-1,-1,-1
55,-1,17.943151473999023,-2.390606164932251,302.043701171875,240.21051025390625,0.5542958974838257,-1,-1,-1
57,-1,20.459278106689453,4.418558120727539,298.25665283203125,236.26051330566406,0.5751709938049316,-1,-1,-1
58,-1,18.162384033203125,3.56284499168396,298.68060302734375,236.06060791015625,0.5224446058273315,-1,-1,-1
59,-1,18.132335662841797,2.318467378616333,298.8970642089844,236.8135223388672,0.5383114814758301,-1,-1,-1
63,-1,15.733795166015625,4.688380241394043,294.4137878417969,229.852294921875,0.5130683183670044,-1,-1,-1
64,-1,14.861626625061035,5.164020538330078,296.1650695800781,230.83128356933594,0.6159075498580933,-1,-1,-1
65,-1,15.280984878540039,6.497015953063965,295.9731750488281,230.43728637695312,0.6126271486282349,-1,-1,-1
66,-1,14.649892807006836,2.21968412399292,297.5340881347656,232.70672607421875,0.6859320402145386,-1,-1,-1
67,-1,13.434564590454102,10.22674560546875,298.7327880859375,230.41636657714844,0.5558326244354248,-1,-1,-1
67,-1,13.434564590454102,10.22674560546875,298.7327880859375,230.41636657714844,0.5222526788711548,-1,-1,-1
68,-1,11.751814842224121,8.372568130493164,299.5541687011719,230.29876708984375,0.5193684697151184,-1,-1,-1
69,-1,11.963817596435547,8.30596923828125,298.459716796875,232.20004272460938,0.6652954816818237,-1,-1,-1
72,-1,11.080556869506836,3.980583667755127,298.303466796875,238.6358642578125,0.5855783820152283,-1,-1,-1
73,-1,11.447543144226074,5.872074604034424,298.84869384765625,236.9194793701172,0.6221257448196411,-1,-1,-1
75,-1,11.860280990600586,0.998945951461792,296.7386779785156,238.522705078125,0.6974389553070068,-1,-1,-1
76,-1,9.899608612060547,-2.852431058883667,296.6416015625,240.94424438476562,0.575716495513916,-1,-1,-1
77,-1,9.864912986755371,-2.638479471206665,296.5978698730469,240.99978637695312,0.5892726182937622,-1,-1,-1
78,-1,13.200143814086914,-0.9701537489891052,298.6377258300781,239.05813598632812,0.5003665685653687,-1,-1,-1
79,-1,8.09045696258545,-4.699636459350586,301.6421203613281,243.7155303955078,0.645535945892334,-1,-1,-1
80,-1,9.387312889099121,-5.144911289215088,299.21038818359375,242.25331115722656,0.53533536195755,-1,-1,-1
81,-1,8.998824119567871,-1.615107536315918,299.3706970214844,237.70997619628906,0.5477848649024963,-1,-1,-1
418,-1,165.64358520507812,22.079631805419922,183.53675842285156,84.02845764160156,0.7021147012710571,-1,-1,-1
419,-1,165.4700469970703,21.265398025512695,182.7652130126953,85.45255279541016,0.7569881677627563,-1,-1,-1
421,-1,165.74789428710938,22.292966842651367,182.69126892089844,86.29953002929688,0.5291242003440857,-1,-1,-1
432,-1,164.75709533691406,31.91365623474121,185.2126922607422,94.54275512695312,0.9193934202194214,-1,-1,-1
433,-1,164.7055206298828,31.968490600585938,185.24122619628906,94.5415267944336,0.916350245475769,-1,-1,-1
434,-1,164.69158935546875,32.12934112548828,184.786865234375,94.7250747680664,0.9611555933952332,-1,-1,-1
435,-1,165.04583740234375,35.23027801513672,184.7000274658203,95.6522216796875,0.9525071382522583,-1,-1,-1
436,-1,165.42294311523438,37.93097686767578,184.3767547607422,98.63977813720703,0.9449529051780701,-1,-1,-1
437,-1,165.33592224121094,38.994972229003906,184.40924072265625,98.79522705078125,0.9314444065093994,-1,-1,-1
438,-1,166.3240203857422,45.381690979003906,185.413330078125,100.67402648925781,0.6795323491096497,-1,-1,-1
439,-1,166.29660034179688,45.337135314941406,185.4470977783203,100.71930694580078,0.6800418496131897,-1,-1,-1
441,-1,167.06591796875,46.069618225097656,185.81674194335938,101.7107925415039,0.6155279874801636,-1,-1,-1
442,-1,166.82437133789062,45.026702880859375,185.9996337890625,102.22236633300781,0.8132760524749756,-1,-1,-1
443,-1,167.5656280517578,45.25918197631836,186.18568420410156,103.6181411743164,0.5218173265457153,-1,-1,-1
444,-1,167.95925903320312,45.246604919433594,188.3692169189453,103.48611450195312,0.6176137924194336,-1,-1,-1
445,-1,168.00856018066406,45.210845947265625,188.34439086914062,103.47015380859375,0.620578944683075,-1,-1,-1
448,-1,167.1281280517578,42.233551025390625,190.5250244140625,106.06607055664062,0.6883404850959778,-1,-1,-1
449,-1,167.6324462890625,45.37529373168945,189.9311065673828,109.2999038696289,0.5766562223434448,-1,-1,-1
461,-1,163.16815185546875,28.916427612304688,194.71633911132812,122.24495697021484,0.6080940961837769,-1,-1,-1
466,-1,167.4443817138672,39.760536193847656,195.62350463867188,135.7354278564453,0.6112391948699951,-1,-1,-1
467,-1,166.95416259765625,36.856624603271484,195.67684936523438,139.6887664794922,0.7174310088157654,-1,-1,-1
468,-1,167.3658905029297,44.36737823486328,195.19439697265625,139.5365447998047,0.5176407694816589,-1,-1,-1
468,-1,170.56588745117188,51.945045471191406,191.942138671875,132.28973388671875,0.5078734755516052,-1,-1,-1
469,-1,167.4786376953125,44.37561798095703,195.15811157226562,139.63571166992188,0.5571417808532715,-1,-1,-1
469,-1,170.60150146484375,51.758697509765625,191.94927978515625,132.5189666748047,0.5327507257461548,-1,-1,-1
470,-1,166.39161682128906,44.51016616821289,193.91038513183594,138.73191833496094,0.7244440317153931,-1,-1,-1
471,-1,169.39590454101562,50.66075134277344,190.69302368164062,134.99806213378906,0.5510756969451904,-1,-1,-1
471,-1,166.36892700195312,45.96590805053711,194.1615447998047,139.27642822265625,0.5381453633308411,-1,-1,-1
472,-1,168.1526336669922,52.01628875732422,190.44371032714844,134.89108276367188,0.5108808875083923,-1,-1,-1
474,-1,162.26304626464844,53.95404052734375,192.4810791015625,143.07400512695312,0.9457220435142517,-1,-1,-1
475,-1,162.28895568847656,53.76210021972656,192.45364379882812,143.050537109375,0.9489779472351074,-1,-1,-1
476,-1,160.7847900390625,49.803810119628906,193.3621063232422,146.50982666015625,0.9218355417251587,-1,-1,-1
477,-1,156.3815155029297,53.999549865722656,193.90771484375,148.54214477539062,0.9366472959518433,-1,-1,-1
478,-1,155.16851806640625,54.142887115478516,194.0325164794922,150.6979522705078,0.951387345790863,-1,-1,-1
479,-1,155.29815673828125,53.208072662353516,193.19044494628906,154.3040008544922,0.9390620589256287,-1,-1,-1
480,-1,155.384521484375,60.1675910949707,193.5232391357422,159.5885772705078,0.917070209980011,-1,-1,-1
481,-1,155.4734649658203,60.35016632080078,193.51942443847656,159.37716674804688,0.9138558506965637,-1,-1,-1
482,-1,155.74163818359375,61.657081604003906,193.51791381835938,158.75830078125,0.9565854072570801,-1,-1,-1
483,-1,153.29879760742188,61.28133773803711,194.5546875,160.72608947753906,0.8198978900909424,-1,-1,-1
484,-1,154.5249786376953,61.9533576965332,193.05056762695312,160.59393310546875,0.6752601265907288,-1,-1,-1
486,-1,155.8865203857422,62.54756164550781,194.98684692382812,161.86802673339844,0.5860586166381836,-1,-1,-1
487,-1,155.91989135742188,62.534366607666016,194.9738311767578,161.9077911376953,0.6094799041748047,-1,-1,-1
488,-1,156.54913330078125,61.11558532714844,195.67288208007812,164.52926635742188,0.703461766242981,-1,-1,-1
489,-1,157.96505737304688,60.0412712097168,196.18777465820312,167.33828735351562,0.8277177810668945,-1,-1,-1
490,-1,158.62913513183594,58.63250732421875,196.96458435058594,167.36773681640625,0.9238395094871521,-1,-1,-1
491,-1,159.783447265625,59.10637283325195,197.2075653076172,168.37950134277344,0.8661177754402161,-1,-1,-1
492,-1,158.97447204589844,62.15841293334961,199.77017211914062,168.552978515625,0.8798806071281433,-1,-1,-1
493,-1,158.94529724121094,62.2186164855957,199.79336547851562,168.59046936035156,0.879060685634613,-1,-1,-1
494,-1,158.6922607421875,63.405059814453125,201.34909057617188,167.54751586914062,0.9420415163040161,-1,-1,-1
495,-1,158.03811645507812,63.821598052978516,202.61959838867188,168.76004028320312,0.9540808200836182,-1,-1,-1
496,-1,158.7576446533203,65.30043029785156,205.1722869873047,168.4276123046875,0.9808531999588013,-1,-1,-1
497,-1,157.91065979003906,66.16419219970703,207.90487670898438,167.94613647460938,0.9711948037147522,-1,-1,-1
498,-1,158.9414825439453,77.21927642822266,214.60772705078125,167.16510009765625,0.9587447643280029,-1,-1,-1
499,-1,158.9852294921875,77.14876556396484,214.585693359375,167.20712280273438,0.9608580470085144,-1,-1,-1
500,-1,161.31369018554688,79.84358215332031,215.75228881835938,166.5495147705078,0.9306184649467468,-1,-1,-1
501,-1,166.34519958496094,81.22079467773438,216.5574951171875,168.0301055908203,0.7134400606155396,-1,-1,-1
502,-1,170.5757293701172,82.03264617919922,219.4950714111328,170.7928924560547,0.7887545228004456,-1,-1,-1
502,-1,173.85984802246094,83.79058837890625,223.5834503173828,169.34945678710938,0.6365058422088623,-1,-1,-1
503,-1,166.98365783691406,82.21731567382812,224.20535278320312,173.7188262939453,0.5969952344894409,-1,-1,-1
506,-1,178.12811279296875,87.8642578125,231.04061889648438,169.66738891601562,0.8733786940574646,-1,-1,-1
507,-1,186.01792907714844,87.99172973632812,239.48748779296875,169.50848388671875,0.8610792756080627,-1,-1,-1
507,-1,173.651123046875,85.39743041992188,250.35763549804688,169.8194580078125,0.5641738772392273,-1,-1,-1
508,-1,178.7382354736328,80.70938110351562,250.9698486328125,174.00660705566406,0.7376437783241272,-1,-1,-1
509,-1,187.6290740966797,81.60661315917969,247.23899841308594,173.66400146484375,0.7629755139350891,-1,-1,-1
509,-1,178.72129821777344,79.77511596679688,256.15545654296875,176.68191528320312,0.6640912890434265,-1,-1,-1
510,-1,185.7864227294922,87.84689331054688,265.8697204589844,173.03675842285156,0.71175217628479,-1,-1,-1
516,-1,218.46910095214844,95.38055419921875,268.240478515625,182.85165405273438,0.5814322233200073,-1,-1,-1
517,-1,221.56689453125,106.46590423583984,276.84466552734375,188.15240478515625,0.621226966381073,-1,-1,-1
518,-1,221.66949462890625,106.5184555053711,276.7908935546875,188.12049865722656,0.583433985710144,-1,-1,-1
519,-1,223.3743133544922,100.52565002441406,277.426025390625,182.0979461669922,0.534426748752594,-1,-1,-1
527,-1,15.327277183532715,57.45647048950195,294.04193115234375,231.27598571777344,0.511054515838623,-1,-1,-1
528,-1,12.616155624389648,51.434566497802734,291.97698974609375,236.04440307617188,0.6602500081062317,-1,-1,-1
529,-1,253.240966796875,100.40972900390625,291.5066223144531,194.36245727539062,0.5503197312355042,-1,-1,-1
530,-1,253.34515380859375,100.66931915283203,291.3653869628906,194.28271484375,0.5700329542160034,-1,-1,-1
531,-1,251.55874633789062,100.88821411132812,286.636474609375,194.42086791992188,0.5702569484710693,-1,-1,-1
533,-1,248.1529083251953,84.86457061767578,286.2316589355469,191.52426147460938,0.8871249556541443,-1,-1,-1
534,-1,245.84014892578125,69.96067810058594,285.0677185058594,185.66258239746094,0.642699122428894,-1,-1,-1
538,-1,228.6996612548828,79.42514038085938,279.628173828125,173.41233825683594,0.7246232628822327,-1,-1,-1
538,-1,17.556833267211914,57.72261428833008,295.0599365234375,233.5155792236328,0.5407399535179138,-1,-1,-1
538,-1,228.6996612548828,79.42514038085938,279.628173828125,173.41233825683594,0.5321704149246216,-1,-1,-1
539,-1,226.55191040039062,77.89030456542969,278.8988037109375,170.90072631835938,0.9268868565559387,-1,-1,-1
539,-1,12.1631441116333,54.166019439697266,298.6388244628906,234.13821411132812,0.6034948825836182,-1,-1,-1
540,-1,229.83172607421875,73.91162109375,275.3552551269531,171.99192810058594,0.8559713959693909,-1,-1,-1
541,-1,229.50772094726562,72.34352111816406,273.3559265136719,172.00767517089844,0.6539232730865479,-1,-1,-1
542,-1,229.495361328125,72.26947784423828,273.3492126464844,172.04344177246094,0.6549729108810425,-1,-1,-1
543,-1,228.00148010253906,63.40134811401367,274.257568359375,171.02098083496094,0.7175906896591187,-1,-1,-1
544,-1,227.88291931152344,63.08074951171875,272.4548034667969,170.74896240234375,0.777218222618103,-1,-1,-1
547,-1,224.50857543945312,56.05864334106445,260.330078125,146.91989135742188,0.7881499528884888,-1,-1,-1
548,-1,224.3736572265625,55.92977523803711,260.44061279296875,147.06668090820312,0.784959614276886,-1,-1,-1
549,-1,223.39456176757812,54.66315460205078,260.2361755371094,145.21035766601562,0.9832476377487183,-1,-1,-1
550,-1,224.0147247314453,52.858001708984375,259.7820739746094,145.50350952148438,0.9733805060386658,-1,-1,-1
551,-1,226.99301147460938,49.09227752685547,260.46368408203125,146.204833984375,0.7850611209869385,-1,-1,-1
553,-1,11.147660255432129,56.75547790527344,302.1241455078125,231.83822631835938,0.567326545715332,-1,-1,-1
554,-1,11.26501178741455,56.95912170410156,302.19744873046875,231.80992126464844,0.5634409785270691,-1,-1,-1
555,-1,12.501431465148926,57.982810974121094,301.3085632324219,232.80621337890625,0.6252830624580383,-1,-1,-1
556,-1,5.938333511352539,56.370079040527344,307.9964904785156,233.19711303710938,0.5883567929267883,-1,-1,-1
557,-1,10.701177597045898,54.60641098022461,304.7276916503906,232.52548217773438,0.8297606110572815,-1,-1,-1
558,-1,15.296712875366211,56.93770217895508,303.0486145019531,232.0606231689453,0.8482980728149414,-1,-1,-1
559,-1,15.625515937805176,55.1150016784668,299.30615234375,234.64749145507812,0.8464776873588562,-1,-1,-1
560,-1,15.472705841064453,54.954246520996094,299.5125732421875,234.6082000732422,0.8434844613075256,-1,-1,-1
561,-1,15.684579849243164,52.21244812011719,300.45574951171875,234.11705017089844,0.8598541617393494,-1,-1,-1
562,-1,16.119525909423828,53.55674743652344,301.105712890625,232.9547576904297,0.8129485249519348,-1,-1,-1
563,-1,13.917952537536621,53.825828552246094,302.5231628417969,232.82955932617188,0.8091394901275635,-1,-1,-1
564,-1,12.335474014282227,53.97765350341797,302.131591796875,226.66171264648438,0.5992382764816284,-1,-1,-1
565,-1,13.044528007507324,52.94434356689453,302.9508361816406,228.99923706054688,0.582274854183197,-1,-1,-1
566,-1,13.123132705688477,52.82554626464844,302.66796875,228.87872314453125,0.5745899081230164,-1,-1,-1
571,-1,14.365703582763672,59.06505584716797,300.0350646972656,228.27322387695312,0.5191392302513123,-1,-1,-1
572,-1,14.363931655883789,59.3902587890625,300.2068786621094,228.00453186035156,0.5270265340805054,-1,-1,-1
573,-1,15.507401466369629,61.34650421142578,300.94195556640625,226.39285278320312,0.5613623857498169,-1,-1,-1
574,-1,15.505722999572754,61.944156646728516,298.8872375488281,226.97714233398438,0.6023894548416138,-1,-1,-1
575,-1,13.964715003967285,65.64618682861328,298.3388671875,225.9407958984375,0.5542908310890198,-1,-1,-1
576,-1,13.248091697692871,63.169979095458984,299.535888671875,228.55503845214844,0.5928666591644287,-1,-1,-1
583,-1,17.652236938476562,61.185428619384766,293.79986572265625,226.9439239501953,0.5427963733673096,-1,-1,-1
584,-1,17.643644332885742,60.71424102783203,293.9240417480469,227.22059631347656,0.5468170046806335,-1,-1,-1
593,-1,11.230010986328125,58.42570495605469,299.42578125,232.44244384765625,0.5446033477783203,-1,-1,-1
594,-1,13.386441230773926,57.15983581542969,298.59765625,229.29119873046875,0.5306468605995178,-1,-1,-1
595,-1,14.268457412719727,58.751914978027344,297.7230224609375,230.39593505859375,0.6525914072990417,-1,-1,-1
596,-1,13.83825397491455,57.95302200317383,298.064453125,231.01101684570312,0.6761687994003296,-1,-1,-1
597,-1,13.578902244567871,58.405189514160156,299.82464599609375,230.369384765625,0.6863658428192139,-1,-1,-1
598,-1,12.214531898498535,59.01028823852539,298.2974853515625,230.33840942382812,0.590286135673523,-1,-1,-1
599,-1,14.753276824951172,58.602474212646484,296.0517578125,229.27723693847656,0.5280430912971497,-1,-1,-1
600,-1,17.166725158691406,62.8134880065918,294.786865234375,228.6370849609375,0.6288929581642151,-1,-1,-1
601,-1,16.11122703552246,62.840904235839844,295.3351745605469,229.0857696533203,0.578522264957428,-1,-1,-1
602,-1,15.777411460876465,62.72599792480469,295.5640869140625,229.03915405273438,0.5813658237457275,-1,-1,-1
603,-1,14.632662773132324,59.997161865234375,295.136474609375,228.6950225830078,0.5244228839874268,-1,-1,-1
604,-1,15.387984275817871,63.62126159667969,296.0434265136719,228.74676513671875,0.5082884430885315,-1,-1,-1
605,-1,15.127704620361328,63.56779479980469,295.322265625,229.0764923095703,0.5904261469841003,-1,-1,-1
606,-1,16.505163192749023,58.96508026123047,293.81396484375,227.96337890625,0.6781315207481384,-1,-1,-1
607,-1,17.479248046875,60.14525604248047,292.508056640625,227.1703643798828,0.6290417313575745,-1,-1,-1
608,-1,17.323959350585938,60.124454498291016,292.6370544433594,227.24281311035156,0.6313244700431824,-1,-1,-1
609,-1,17.78664207458496,60.584129333496094,292.3563232421875,227.4644775390625,0.5722779035568237,-1,-1,-1
610,-1,16.36971092224121,61.026729583740234,293.39111328125,228.97120666503906,0.6237857341766357,-1,-1,-1
611,-1,19.509746551513672,65.2984848022461,292.6080017089844,227.7935333251953,0.5504649877548218,-1,-1,-1
612,-1,20.177812576293945,67.47496795654297,291.6827392578125,226.74221801757812,0.5239583849906921,-1,-1,-1
613,-1,19.24125099182129,66.16339111328125,292.2034912109375,227.20895385742188,0.5444633364677429,-1,-1,-1
614,-1,19.296052932739258,66.22953033447266,292.15283203125,227.19229125976562,0.544248104095459,-1,-1,-1
615,-1,19.304702758789062,61.33235168457031,290.0991516113281,227.82806396484375,0.644980788230896,-1,-1,-1
616,-1,21.059337615966797,63.186248779296875,289.8480529785156,227.12127685546875,0.6630731821060181,-1,-1,-1
617,-1,20.650714874267578,62.79521179199219,291.0425109863281,227.5381317138672,0.6467472910881042,-1,-1,-1
618,-1,19.507949829101562,60.955596923828125,292.6572265625,230.40414428710938,0.6404613256454468,-1,-1,-1
619,-1,18.845766067504883,64.92471313476562,292.9590759277344,229.32333374023438,0.6694560647010803,-1,-1,-1
620,-1,18.89320945739746,64.89776611328125,293.0390625,229.36277770996094,0.6708272695541382,-1,-1,-1
621,-1,18.934255599975586,65.04962921142578,293.2628173828125,228.87733459472656,0.54680997133255,-1,-1,-1
622,-1,19.55649757385254,67.3521957397461,292.7143249511719,225.93783569335938,0.5590763092041016,-1,-1,-1
623,-1,19.008859634399414,66.20441436767578,294.1524658203125,224.59918212890625,0.5241773724555969,-1,-1,-1
624,-1,20.63031768798828,67.00135040283203,291.4210205078125,225.4803466796875,0.5830829739570618,-1,-1,-1
625,-1,19.763336181640625,66.60796356201172,292.4981384277344,226.7351837158203,0.5680834054946899,-1,-1,-1
626,-1,19.86427879333496,66.737548828125,292.4834899902344,226.66111755371094,0.5700712203979492,-1,-1,-1
627,-1,19.731176376342773,66.74750518798828,292.6385498046875,226.4605712890625,0.5742742419242859,-1,-1,-1
629,-1,18.517257690429688,67.2088394165039,291.612548828125,225.346435546875,0.5214845538139343,-1,-1,-1
630,-1,19.0485782623291,67.45962524414062,291.4638366699219,225.39837646484375,0.5772106647491455,-1,-1,-1
631,-1,18.706405639648438,67.00733184814453,291.4202880859375,224.71560668945312,0.5641052722930908,-1,-1,-1
632,-1,18.7086124420166,66.97315216064453,291.4822692871094,224.69883728027344,0.5599373579025269,-1,-1,-1
633,-1,19.172632217407227,67.73985290527344,291.327880859375,224.55421447753906,0.5275917053222656,-1,-1,-1
697,-1,161.03878784179688,16.15581703186035,180.55142211914062,60.45486831665039,0.5474759340286255,-1,-1,-1
698,-1,160.8981475830078,16.520526885986328,180.46554565429688,60.406951904296875,0.5296931862831116,-1,-1,-1
817,-1,5.1947021484375,55.405269622802734,274.59271240234375,233.94052124023438,0.662479043006897,-1,-1,-1
818,-1,18.685279846191406,19.47165870666504,294.6064147949219,219.7876434326172,0.5271684527397156,-1,-1,-1
819,-1,18.723426818847656,19.452280044555664,294.63909912109375,219.93624877929688,0.5326786041259766,-1,-1,-1
827,-1,11.88809871673584,55.99016189575195,303.8634948730469,235.10877990722656,0.5132627487182617,-1,-1,-1
828,-1,14.256063461303711,56.57467269897461,301.51934814453125,234.42547607421875,0.5292412042617798,-1,-1,-1
829,-1,14.027545928955078,58.00341796875,302.53790283203125,233.97137451171875,0.5271076560020447,-1,-1,-1
832,-1,12.277233123779297,57.972618103027344,302.34820556640625,234.49862670898438,0.518858790397644,-1,-1,-1
833,-1,11.633535385131836,57.81884002685547,303.6573486328125,233.7801971435547,0.541703999042511,-1,-1,-1
834,-1,11.638418197631836,54.30281448364258,302.60894775390625,235.85983276367188,0.5600963234901428,-1,-1,-1
942,-1,15.51816463470459,55.77668380737305,303.9359436035156,235.71852111816406,0.718696653842926,-1,-1,-1
943,-1,16.582923889160156,57.48208236694336,304.3869323730469,233.5279083251953,0.5629484057426453,-1,-1,-1
944,-1,17.506572723388672,56.50028610229492,303.1930847167969,234.81808471679688,0.6999900937080383,-1,-1,-1
945,-1,17.984878540039062,55.22044372558594,300.3725891113281,235.1903839111328,0.7602359056472778,-1,-1,-1
946,-1,17.883769989013672,55.18034362792969,300.2854309082031,235.32553100585938,0.762671947479248,-1,-1,-1
947,-1,17.401674270629883,54.06501007080078,300.11431884765625,234.01446533203125,0.6968884468078613,-1,-1,-1
948,-1,16.30328941345215,54.19082260131836,303.3291320800781,235.16232299804688,0.6134646534919739,-1,-1,-1
949,-1,15.562908172607422,53.68712615966797,303.248779296875,232.8892364501953,0.559455394744873,-1,-1,-1
950,-1,13.973647117614746,55.28479766845703,302.87127685546875,231.00091552734375,0.6044098138809204,-1,-1,-1
1176,-1,13.52669906616211,64.88211822509766,202.62088012695312,227.22360229492188,0.5251882076263428,-1,-1,-1
1177,-1,14.10311222076416,64.95675659179688,201.90335083007812,227.36151123046875,0.5038701891899109,-1,-1,-1
1178,-1,13.857280731201172,65.01783752441406,201.7495880126953,227.32998657226562,0.5102229118347168,-1,-1,-1
