1,-1,108.65357971191406,44.41328811645508,133.0237274169922,101.96125030517578,0.625696063041687,-1,-1,-1
1,-1,90.52944946289062,58.73457717895508,123.01509857177734,146.43951416015625,0.5898899435997009,-1,-1,-1
2,-1,108.65291595458984,44.58525466918945,132.98062133789062,101.97572326660156,0.5494368672370911,-1,-1,-1
2,-1,90.61880493164062,58.17339324951172,123.23261260986328,146.85540771484375,0.5427623987197876,-1,-1,-1
3,-1,108.5505599975586,44.36808776855469,133.11944580078125,102.05354309082031,0.5906329154968262,-1,-1,-1
3,-1,90.64044952392578,58.64397430419922,123.32149505615234,146.79156494140625,0.5546377897262573,-1,-1,-1
4,-1,108.60220336914062,44.304054260253906,133.104248046875,102.0764389038086,0.6154145002365112,-1,-1,-1
4,-1,90.61447143554688,58.80876922607422,123.2143783569336,146.8105010986328,0.5844353437423706,-1,-1,-1
5,-1,108.65349578857422,44.269081115722656,133.12623596191406,102.07404327392578,0.629345178604126,-1,-1,-1
5,-1,90.58610534667969,58.74851989746094,123.1741714477539,146.7479705810547,0.5760264992713928,-1,-1,-1
6,-1,108.65250396728516,44.274566650390625,133.1321563720703,102.04446411132812,0.6262615919113159,-1,-1,-1
6,-1,90.562255859375,58.67304992675781,123.15977478027344,146.71661376953125,0.5936999320983887,-1,-1,-1
7,-1,108.6524887084961,44.26796340942383,133.13433837890625,102.0516586303711,0.6259240508079529,-1,-1,-1
7,-1,90.56336212158203,58.67539596557617,123.16267395019531,146.7221221923828,0.5955891609191895,-1,-1,-1
8,-1,108.65670776367188,44.293174743652344,133.1339111328125,102.05000305175781,0.6214300394058228,-1,-1,-1
8,-1,90.5575942993164,58.66793441772461,123.1514892578125,146.70062255859375,0.5988578200340271,-1,-1,-1
9,-1,108.65153503417969,44.29798126220703,133.14500427246094,102.02092742919922,0.6250835061073303,-1,-1,-1
9,-1,90.5733413696289,58.64990234375,123.19640350341797,146.7230682373047,0.5893732905387878,-1,-1,-1
10,-1,108.71459197998047,44.25769805908203,133.09609985351562,102.04580688476562,0.633288562297821,-1,-1,-1
10,-1,90.53841400146484,58.70283889770508,123.11214447021484,146.6277618408203,0.5832007527351379,-1,-1,-1
11,-1,108.69007110595703,44.296539306640625,133.18646240234375,101.88988494873047,0.6705388426780701,-1,-1,-1
11,-1,90.58561706542969,59.082313537597656,122.98882293701172,146.57870483398438,0.5994228720664978,-1,-1,-1
12,-1,90.50782775878906,58.942649841308594,122.85172271728516,146.70286560058594,0.6691300868988037,-1,-1,-1
12,-1,108.77994537353516,44.36372756958008,133.17808532714844,101.78724670410156,0.6580712199211121,-1,-1,-1
13,-1,90.37010955810547,59.02934265136719,122.74974822998047,146.529541015625,0.6982336640357971,-1,-1,-1
13,-1,108.69783020019531,44.443241119384766,133.1833038330078,101.55543518066406,0.6852126717567444,-1,-1,-1
14,-1,108.6714859008789,44.42886734008789,133.23898315429688,101.61656188964844,0.6467045545578003,-1,-1,-1
14,-1,90.48880004882812,58.901615142822266,122.78487396240234,146.5699005126953,0.614763081073761,-1,-1,-1
15,-1,108.69744873046875,44.48875045776367,133.2191925048828,101.52951049804688,0.6503382921218872,-1,-1,-1
15,-1,90.58612060546875,59.36532974243164,123.0458755493164,145.9942169189453,0.6348159313201904,-1,-1,-1
16,-1,108.74764251708984,44.53788757324219,133.102783203125,101.45974731445312,0.6605586409568787,-1,-1,-1
16,-1,90.65059661865234,59.39167785644531,123.04940032958984,146.11631774902344,0.6564260125160217,-1,-1,-1
17,-1,90.68109130859375,59.43980407714844,123.0966796875,146.0895538330078,0.6592510342597961,-1,-1,-1
17,-1,108.77381134033203,44.51695251464844,133.09690856933594,101.45808410644531,0.6557976007461548,-1,-1,-1
18,-1,90.71717071533203,59.25789260864258,123.21894836425781,146.1157684326172,0.6246392726898193,-1,-1,-1
18,-1,108.79067993164062,44.609439849853516,133.1014404296875,101.51594543457031,0.6237041354179382,-1,-1,-1
19,-1,90.67643737792969,59.373897552490234,123.20677185058594,146.0050048828125,0.639121413230896,-1,-1,-1
19,-1,108.79670715332031,44.609893798828125,133.09938049316406,101.46939849853516,0.6334402561187744,-1,-1,-1
20,-1,109.45021057128906,40.24913024902344,133.81056213378906,96.2521743774414,0.8853210210800171,-1,-1,-1
20,-1,90.27324676513672,61.37435531616211,121.3519287109375,146.3421630859375,0.8570956587791443,-1,-1,-1
21,-1,109.4419937133789,40.19976043701172,133.8624267578125,96.2703857421875,0.8950046896934509,-1,-1,-1
21,-1,90.23138427734375,61.39336013793945,121.24390411376953,146.33592224121094,0.866570234298706,-1,-1,-1
22,-1,109.48627471923828,40.00724411010742,133.8424530029297,96.37034606933594,0.892987847328186,-1,-1,-1
22,-1,90.3281021118164,61.539493560791016,121.30438232421875,146.27108764648438,0.8658697009086609,-1,-1,-1
23,-1,109.45873260498047,40.0098876953125,133.81085205078125,96.2792739868164,0.8905206322669983,-1,-1,-1
23,-1,90.34112548828125,61.5194091796875,121.30562591552734,146.36782836914062,0.8606772422790527,-1,-1,-1
24,-1,109.44383239746094,40.0752067565918,133.85604858398438,96.25189971923828,0.8984323740005493,-1,-1,-1
24,-1,90.39546966552734,61.769107818603516,121.28677368164062,146.10842895507812,0.876969039440155,-1,-1,-1
25,-1,109.4120101928711,40.10443878173828,133.90414428710938,96.15650177001953,0.896397054195404,-1,-1,-1
25,-1,90.31845092773438,61.508216857910156,121.24298858642578,146.3136749267578,0.8719885945320129,-1,-1,-1
26,-1,114.44019317626953,41.31371307373047,134.4314422607422,95.12995910644531,0.9208196401596069,-1,-1,-1
26,-1,90.79373168945312,62.31513214111328,121.8948745727539,145.6165313720703,0.7486900687217712,-1,-1,-1
27,-1,114.45265197753906,41.35890197753906,134.42752075195312,95.10340881347656,0.916837751865387,-1,-1,-1
27,-1,90.80501556396484,62.158226013183594,121.95674896240234,145.6574249267578,0.7056447863578796,-1,-1,-1
28,-1,114.31864929199219,41.23058319091797,134.45309448242188,95.25928497314453,0.9308428168296814,-1,-1,-1
28,-1,90.69091796875,62.17594909667969,121.70966339111328,145.75393676757812,0.7431492209434509,-1,-1,-1
29,-1,114.32466125488281,41.236488342285156,134.4503173828125,95.27725219726562,0.933164119720459,-1,-1,-1
29,-1,90.64996337890625,62.013851165771484,121.66381072998047,145.8126678466797,0.7512170076370239,-1,-1,-1
30,-1,114.44176483154297,40.889915466308594,134.320556640625,95.20037841796875,0.964681088924408,-1,-1,-1
30,-1,90.49068450927734,62.2768669128418,121.93927764892578,145.55252075195312,0.8015795350074768,-1,-1,-1
31,-1,114.48906707763672,40.81349563598633,134.3184814453125,95.22848510742188,0.9613662958145142,-1,-1,-1
31,-1,90.52832794189453,62.3004264831543,122.0646743774414,145.514892578125,0.7994985580444336,-1,-1,-1
32,-1,114.48966217041016,40.81966781616211,134.31883239746094,95.236572265625,0.9612051844596863,-1,-1,-1
32,-1,90.53483581542969,62.298397064208984,122.07365417480469,145.52728271484375,0.7978799939155579,-1,-1,-1
33,-1,117.16471862792969,40.709556579589844,135.15980529785156,96.2402114868164,0.9445234537124634,-1,-1,-1
33,-1,90.53843688964844,62.933956146240234,122.44200897216797,145.57354736328125,0.8729457259178162,-1,-1,-1
34,-1,117.18048095703125,40.659027099609375,135.18162536621094,96.25048065185547,0.945080041885376,-1,-1,-1
34,-1,90.53633117675781,62.89975357055664,122.19432067871094,145.728271484375,0.8793880939483643,-1,-1,-1
35,-1,117.16969299316406,40.680625915527344,135.19406127929688,96.21289825439453,0.9477343559265137,-1,-1,-1
35,-1,90.49732208251953,62.802406311035156,122.17494201660156,145.79615783691406,0.8830454349517822,-1,-1,-1
36,-1,117.16812133789062,40.6750373840332,135.1937713623047,96.22474670410156,0.9479697346687317,-1,-1,-1
36,-1,90.47879028320312,62.74555969238281,122.17154693603516,145.83645629882812,0.884678840637207,-1,-1,-1
37,-1,117.21284484863281,40.691795349121094,135.1871337890625,96.2882308959961,0.9434192180633545,-1,-1,-1
37,-1,90.59012603759766,63.17268753051758,122.64903259277344,145.40646362304688,0.8720710873603821,-1,-1,-1
38,-1,117.19901275634766,40.67463684082031,135.19180297851562,96.27565002441406,0.9430627822875977,-1,-1,-1
38,-1,90.59571838378906,63.195213317871094,122.65354919433594,145.38241577148438,0.8704438805580139,-1,-1,-1
39,-1,118.74726867675781,39.84523010253906,136.854736328125,96.7419662475586,0.9558873772621155,-1,-1,-1
39,-1,90.55607604980469,62.92731857299805,121.51396179199219,146.2066192626953,0.8981462717056274,-1,-1,-1
40,-1,118.69223022460938,39.85530471801758,136.8118896484375,96.7620620727539,0.9564930200576782,-1,-1,-1
40,-1,90.57242584228516,62.979434967041016,121.47457122802734,146.18260192871094,0.896507203578949,-1,-1,-1
41,-1,118.7161865234375,39.90597152709961,136.74998474121094,96.75392150878906,0.9553452134132385,-1,-1,-1
41,-1,90.58586120605469,63.09775924682617,121.51947021484375,146.09873962402344,0.8944494128227234,-1,-1,-1
42,-1,118.6923599243164,39.87017059326172,136.76785278320312,96.75310516357422,0.9559739828109741,-1,-1,-1
42,-1,90.55487823486328,63.06029510498047,121.3839340209961,146.17559814453125,0.8938016295433044,-1,-1,-1
43,-1,119.24017333984375,40.261905670166016,137.86764526367188,96.72212982177734,0.9601842164993286,-1,-1,-1
43,-1,90.66209411621094,63.24761199951172,122.16278839111328,145.6798095703125,0.9095560908317566,-1,-1,-1
44,-1,119.26334381103516,40.28167724609375,137.8762969970703,96.71792602539062,0.9597880840301514,-1,-1,-1
44,-1,90.65545654296875,63.28007507324219,122.14735412597656,145.6358642578125,0.9089421033859253,-1,-1,-1
45,-1,120.15015411376953,39.64064407348633,138.63876342773438,97.91156768798828,0.9715911746025085,-1,-1,-1
45,-1,90.80040740966797,65.59712982177734,121.20484924316406,154.0067596435547,0.9393587708473206,-1,-1,-1
46,-1,120.10777282714844,39.6411247253418,138.63336181640625,97.89971923828125,0.9717687368392944,-1,-1,-1
46,-1,90.75016021728516,65.54953002929688,121.1800537109375,154.0730438232422,0.9429445266723633,-1,-1,-1
47,-1,120.12028503417969,39.638248443603516,138.6497802734375,97.90552520751953,0.9715739488601685,-1,-1,-1
47,-1,90.7558364868164,65.56098937988281,121.18788146972656,154.06304931640625,0.9431924223899841,-1,-1,-1
48,-1,119.95136260986328,39.57041931152344,138.69203186035156,97.966064453125,0.9713801741600037,-1,-1,-1
48,-1,90.59947967529297,65.6962661743164,121.15042114257812,153.91314697265625,0.9423859715461731,-1,-1,-1
49,-1,119.97152709960938,39.5698356628418,138.71046447753906,97.98017883300781,0.9713945388793945,-1,-1,-1
49,-1,90.52909088134766,65.68433380126953,121.14247131347656,153.9252471923828,0.9414269924163818,-1,-1,-1
50,-1,119.9912338256836,39.67116165161133,138.72763061523438,97.78913879394531,0.9688688516616821,-1,-1,-1
50,-1,90.41293334960938,65.66883087158203,121.10580444335938,153.9290008544922,0.9501537084579468,-1,-1,-1
51,-1,119.9903793334961,39.665916442871094,138.71722412109375,97.79924774169922,0.9686344265937805,-1,-1,-1
51,-1,90.44463348388672,65.64598846435547,121.10319519042969,153.95419311523438,0.9501140713691711,-1,-1,-1
52,-1,120.02364349365234,39.67176055908203,138.71173095703125,97.80393981933594,0.9689741730690002,-1,-1,-1
52,-1,90.3800048828125,65.64827728271484,121.10778045654297,153.958251953125,0.9493346214294434,-1,-1,-1
53,-1,120.02730560302734,39.66801452636719,138.7193603515625,97.81214141845703,0.9690721035003662,-1,-1,-1
53,-1,90.35956573486328,65.59564971923828,121.10253143310547,154.01100158691406,0.9503293037414551,-1,-1,-1
54,-1,120.19029235839844,39.68004608154297,138.60841369628906,97.71539306640625,0.9706759452819824,-1,-1,-1
54,-1,90.26053619384766,65.60688781738281,121.08402252197266,154.0611114501953,0.9466966986656189,-1,-1,-1
55,-1,120.18436431884766,39.687469482421875,138.61636352539062,97.71089935302734,0.9713042974472046,-1,-1,-1
55,-1,90.25558471679688,65.6005859375,121.08368682861328,154.05892944335938,0.9463277459144592,-1,-1,-1
56,-1,120.47450256347656,39.81400680541992,138.63954162597656,97.90837860107422,0.9747597575187683,-1,-1,-1
56,-1,90.14501953125,65.33026885986328,121.06526184082031,154.3415069580078,0.9422282576560974,-1,-1,-1
57,-1,120.47440338134766,39.81333923339844,138.61021423339844,97.91087341308594,0.974543571472168,-1,-1,-1
57,-1,90.15799713134766,65.33045959472656,121.06136322021484,154.35227966308594,0.943488359451294,-1,-1,-1
58,-1,120.49697875976562,39.82512664794922,138.59669494628906,97.8680648803711,0.9754066467285156,-1,-1,-1
58,-1,90.13975524902344,65.35905456542969,121.09757232666016,154.35885620117188,0.9453262686729431,-1,-1,-1
59,-1,120.50110626220703,39.834625244140625,138.59852600097656,97.87445068359375,0.9754440784454346,-1,-1,-1
59,-1,90.14939880371094,65.35478973388672,121.10066223144531,154.3697052001953,0.945871889591217,-1,-1,-1
60,-1,120.49523162841797,39.90182113647461,138.664306640625,97.78287506103516,0.977311909198761,-1,-1,-1
60,-1,90.17279052734375,65.41496276855469,121.09815979003906,154.32437133789062,0.950265109539032,-1,-1,-1
61,-1,120.51380920410156,39.91994857788086,138.6613006591797,97.76888275146484,0.9774276614189148,-1,-1,-1
61,-1,90.17089080810547,65.41976928710938,121.09554290771484,154.313720703125,0.949816107749939,-1,-1,-1
62,-1,120.51372528076172,39.920013427734375,138.6612548828125,97.76834106445312,0.977431058883667,-1,-1,-1
62,-1,90.17086029052734,65.41957092285156,121.09561920166016,154.3138885498047,0.94981849193573,-1,-1,-1
63,-1,120.24573516845703,39.90329360961914,138.59576416015625,97.68309020996094,0.9686357378959656,-1,-1,-1
63,-1,90.02310180664062,65.4980239868164,121.15189361572266,154.26612854003906,0.9497783780097961,-1,-1,-1
64,-1,120.20767974853516,39.879920959472656,138.55555725097656,97.69244384765625,0.9678532481193542,-1,-1,-1
64,-1,90.00848388671875,65.5314712524414,121.16278076171875,154.20684814453125,0.9493892788887024,-1,-1,-1
65,-1,120.21470642089844,39.753440856933594,138.4843292236328,97.76210021972656,0.9686131477355957,-1,-1,-1
65,-1,90.1224365234375,65.64567565917969,121.00586700439453,154.30255126953125,0.9502007961273193,-1,-1,-1
66,-1,120.2378158569336,39.76667022705078,138.4921875,97.75901794433594,0.9683385491371155,-1,-1,-1
66,-1,90.13084411621094,65.64090728759766,121.03050994873047,154.2789306640625,0.9502840638160706,-1,-1,-1
67,-1,119.86808013916016,39.689788818359375,138.67214965820312,97.7213134765625,0.9705163240432739,-1,-1,-1
67,-1,89.98999786376953,65.70101165771484,121.05711364746094,154.22157287597656,0.9382842183113098,-1,-1,-1
68,-1,119.85892486572266,39.691162109375,138.6391143798828,97.73916625976562,0.9705325961112976,-1,-1,-1
68,-1,90.01244354248047,65.70997619628906,121.06316375732422,154.21519470214844,0.9390161633491516,-1,-1,-1
69,-1,119.52965545654297,39.47456359863281,139.16490173339844,97.82646179199219,0.973196804523468,-1,-1,-1
69,-1,89.98324584960938,65.78465270996094,121.076416015625,154.08798217773438,0.9343719482421875,-1,-1,-1
70,-1,119.53311920166016,39.4799919128418,139.15133666992188,97.80624389648438,0.9731447100639343,-1,-1,-1
70,-1,89.97308349609375,65.79069519042969,121.0824966430664,154.08982849121094,0.9348501563072205,-1,-1,-1
71,-1,119.4748764038086,39.420528411865234,139.13705444335938,97.83673858642578,0.9720134735107422,-1,-1,-1
71,-1,89.99370574951172,65.82292938232422,121.10452270507812,154.04232788085938,0.9365901947021484,-1,-1,-1
72,-1,119.46467590332031,39.420677185058594,139.12942504882812,97.823486328125,0.9719638228416443,-1,-1,-1
72,-1,90.00804138183594,65.86127471923828,121.1177749633789,154.00958251953125,0.9368159770965576,-1,-1,-1
73,-1,119.44894409179688,39.397010803222656,139.08587646484375,97.80733489990234,0.9712735414505005,-1,-1,-1
73,-1,90.03083038330078,65.82508087158203,121.09893035888672,154.0766143798828,0.9369760751724243,-1,-1,-1
74,-1,119.45733642578125,39.39801788330078,139.0951385498047,97.80709075927734,0.9713446497917175,-1,-1,-1
74,-1,90.03410339355469,65.8141860961914,121.09745788574219,154.07943725585938,0.9369831085205078,-1,-1,-1
75,-1,119.29218292236328,39.47773361206055,139.3563995361328,97.67495727539062,0.9738970994949341,-1,-1,-1
75,-1,90.05296325683594,65.93191528320312,121.05904388427734,153.9566192626953,0.9363836050033569,-1,-1,-1
76,-1,119.27860260009766,39.50648498535156,139.32357788085938,97.70597076416016,0.9751370549201965,-1,-1,-1
76,-1,90.07000732421875,65.90460205078125,121.05332946777344,153.95706176757812,0.9372186660766602,-1,-1,-1
77,-1,119.27153015136719,39.50592803955078,139.32408142089844,97.70502471923828,0.9750827550888062,-1,-1,-1
77,-1,90.06887817382812,65.90558624267578,121.05278778076172,153.95687866210938,0.9367169141769409,-1,-1,-1
78,-1,119.16696166992188,39.65005874633789,139.3128662109375,97.85116577148438,0.9742852449417114,-1,-1,-1
78,-1,90.15453338623047,65.80736541748047,121.04400634765625,154.01722717285156,0.9367105960845947,-1,-1,-1
79,-1,119.15693664550781,39.663108825683594,139.31829833984375,97.83454895019531,0.9738993644714355,-1,-1,-1
79,-1,90.1639633178711,65.78761291503906,121.07788848876953,154.01963806152344,0.9344622492790222,-1,-1,-1
80,-1,119.19450378417969,39.51182556152344,139.09140014648438,97.65992736816406,0.9712858200073242,-1,-1,-1
80,-1,90.25595092773438,65.69463348388672,121.15917205810547,154.0424041748047,0.947645366191864,-1,-1,-1
81,-1,119.22333526611328,39.53657913208008,139.10781860351562,97.66792297363281,0.9718917608261108,-1,-1,-1
81,-1,90.28075408935547,65.70135498046875,121.17277526855469,154.05284118652344,0.9493902325630188,-1,-1,-1
82,-1,119.27326202392578,39.53024673461914,139.06781005859375,97.71183776855469,0.9734395742416382,-1,-1,-1
82,-1,90.35221099853516,65.60163116455078,121.115966796875,154.1924285888672,0.9475087523460388,-1,-1,-1
83,-1,119.27710723876953,39.5372200012207,139.05421447753906,97.69872283935547,0.9732045531272888,-1,-1,-1
83,-1,90.35293579101562,65.62974548339844,121.12808227539062,154.15513610839844,0.9469858407974243,-1,-1,-1
84,-1,119.30083465576172,39.58407974243164,139.02532958984375,97.70039367675781,0.9723779559135437,-1,-1,-1
84,-1,90.3680419921875,65.64888000488281,121.13684844970703,154.12095642089844,0.9455857276916504,-1,-1,-1
85,-1,119.3064193725586,39.57530975341797,139.02577209472656,97.70502471923828,0.9724651575088501,-1,-1,-1
85,-1,90.37449645996094,65.67981719970703,121.14619445800781,154.0721893310547,0.9465620517730713,-1,-1,-1
86,-1,119.73540496826172,39.91240692138672,138.79225158691406,97.75897979736328,0.9696084856987,-1,-1,-1
86,-1,90.36438751220703,65.70169067382812,121.19287109375,154.06959533691406,0.9562467336654663,-1,-1,-1
87,-1,119.75379180908203,39.93407440185547,138.78369140625,97.733154296875,0.9692586660385132,-1,-1,-1
87,-1,90.3658447265625,65.70474243164062,121.1997299194336,154.0846405029297,0.9566075205802917,-1,-1,-1
88,-1,119.7395248413086,39.94588851928711,138.81048583984375,97.6788558959961,0.9692308306694031,-1,-1,-1
88,-1,90.34210205078125,65.61325073242188,121.17013549804688,154.1501922607422,0.9548799991607666,-1,-1,-1
89,-1,119.72967529296875,39.94096755981445,138.80819702148438,97.68991088867188,0.969278872013092,-1,-1,-1
89,-1,90.343017578125,65.61682891845703,121.16697692871094,154.1424560546875,0.955057680606842,-1,-1,-1
90,-1,119.57122802734375,39.65702819824219,138.4853515625,97.77883911132812,0.9678407907485962,-1,-1,-1
90,-1,90.34367370605469,65.81552124023438,121.1260986328125,153.85601806640625,0.9500048756599426,-1,-1,-1
91,-1,119.57138061523438,39.65953063964844,138.4791717529297,97.77130889892578,0.9676355719566345,-1,-1,-1
91,-1,90.341796875,65.80492401123047,121.12781524658203,153.87245178222656,0.9504997134208679,-1,-1,-1
92,-1,119.5722885131836,39.658782958984375,138.47975158691406,97.77141571044922,0.9676650762557983,-1,-1,-1
92,-1,90.34110260009766,65.80548858642578,121.12629699707031,153.86962890625,0.9504440426826477,-1,-1,-1
93,-1,119.39224243164062,39.59562301635742,137.8395233154297,97.88973236083984,0.9456580281257629,-1,-1,-1
93,-1,90.3232421875,65.86735534667969,121.11502838134766,153.8143768310547,0.9419302940368652,-1,-1,-1
94,-1,119.41326141357422,39.59944534301758,137.84552001953125,97.86965942382812,0.9448216557502747,-1,-1,-1
94,-1,90.30547332763672,65.81571197509766,121.10359954833984,153.87307739257812,0.9414134621620178,-1,-1,-1
95,-1,119.45616149902344,39.61562728881836,137.7694091796875,97.86734008789062,0.9463514089584351,-1,-1,-1
95,-1,90.406982421875,65.8349609375,121.09993743896484,153.90872192382812,0.9414805173873901,-1,-1,-1
96,-1,119.47296905517578,39.64513397216797,137.74603271484375,97.83374786376953,0.9457197785377502,-1,-1,-1
96,-1,90.41973114013672,65.90110778808594,121.10311889648438,153.8603057861328,0.9420374035835266,-1,-1,-1
97,-1,119.38383483886719,39.71744155883789,137.6913299560547,97.63994598388672,0.9575372934341431,-1,-1,-1
97,-1,90.18596649169922,65.74789428710938,121.09233856201172,153.9623565673828,0.926146924495697,-1,-1,-1
98,-1,119.4186019897461,39.68663024902344,137.74118041992188,97.66535949707031,0.9542762041091919,-1,-1,-1
98,-1,90.22039794921875,65.7013168334961,121.07127380371094,154.0289306640625,0.9197028279304504,-1,-1,-1
99,-1,119.57198333740234,40.20724868774414,137.46446228027344,97.60992431640625,0.9594186544418335,-1,-1,-1
99,-1,90.10623931884766,65.55033111572266,121.03530883789062,154.10494995117188,0.9321503043174744,-1,-1,-1
100,-1,119.56243896484375,40.17851638793945,137.4692840576172,97.63542175292969,0.95989590883255,-1,-1,-1
100,-1,90.09005737304688,65.52723693847656,121.03951263427734,154.14761352539062,0.933109700679779,-1,-1,-1
101,-1,119.63087463378906,40.19868087768555,137.4552001953125,97.63189697265625,0.9599042534828186,-1,-1,-1
101,-1,90.0905532836914,65.48726654052734,121.00936889648438,154.23655700683594,0.932756245136261,-1,-1,-1
102,-1,119.60804748535156,40.18911361694336,137.45101928710938,97.642822265625,0.9597201943397522,-1,-1,-1
102,-1,90.09024810791016,65.46939849853516,121.00653076171875,154.24920654296875,0.9333028197288513,-1,-1,-1
103,-1,119.70709991455078,40.25582504272461,137.3707733154297,97.68785095214844,0.9602271914482117,-1,-1,-1
103,-1,90.10089874267578,65.34178924560547,121.01912689208984,154.35604858398438,0.9265841245651245,-1,-1,-1
104,-1,119.71785736083984,40.25782775878906,137.37672424316406,97.6818618774414,0.959869384765625,-1,-1,-1
104,-1,90.09523010253906,65.32029724121094,121.01828002929688,154.38449096679688,0.9266728162765503,-1,-1,-1
105,-1,119.63485717773438,40.42032241821289,137.46322631835938,97.73777770996094,0.961642324924469,-1,-1,-1
105,-1,90.11646270751953,65.26069641113281,120.93038940429688,154.41656494140625,0.9339835047721863,-1,-1,-1
106,-1,119.61922454833984,40.44538116455078,137.4270782470703,97.72229766845703,0.9611210227012634,-1,-1,-1
106,-1,90.11898040771484,65.26467895507812,120.9353256225586,154.40834045410156,0.9330602288246155,-1,-1,-1
107,-1,119.63627624511719,40.44805145263672,137.42413330078125,97.72371673583984,0.9609650373458862,-1,-1,-1
107,-1,90.11666870117188,65.25719451904297,120.93453979492188,154.41690063476562,0.9327130913734436,-1,-1,-1
108,-1,119.75203704833984,40.36540222167969,137.52874755859375,97.73530578613281,0.9607852697372437,-1,-1,-1
108,-1,90.22810363769531,65.24818420410156,120.8883285522461,154.43243408203125,0.9398327469825745,-1,-1,-1
109,-1,119.7336196899414,40.357582092285156,137.53302001953125,97.7422103881836,0.9608630537986755,-1,-1,-1
109,-1,90.26533508300781,65.27287292480469,120.92133331298828,154.4024658203125,0.9422995448112488,-1,-1,-1
110,-1,119.69300842285156,40.35365295410156,137.55758666992188,97.74066925048828,0.9580078721046448,-1,-1,-1
110,-1,90.32827758789062,65.17772674560547,120.8157958984375,154.53573608398438,0.9374451637268066,-1,-1,-1
111,-1,119.6988296508789,40.343360900878906,137.55520629882812,97.74065399169922,0.9583953619003296,-1,-1,-1
111,-1,90.30467224121094,65.12737274169922,120.78721618652344,154.6004180908203,0.9368634223937988,-1,-1,-1
112,-1,119.73751068115234,40.35623550415039,137.53045654296875,97.7940673828125,0.9603658318519592,-1,-1,-1
112,-1,90.2728271484375,64.94617462158203,120.76392364501953,154.775390625,0.9368955492973328,-1,-1,-1
113,-1,119.7469253540039,40.36196517944336,137.5216064453125,97.80423736572266,0.9599947333335876,-1,-1,-1
113,-1,90.2830581665039,64.94902801513672,120.80097198486328,154.75875854492188,0.9371160864830017,-1,-1,-1
114,-1,119.76070404052734,40.325069427490234,137.51681518554688,97.59381866455078,0.9591279029846191,-1,-1,-1
114,-1,90.44685363769531,65.15663146972656,120.89984893798828,154.55056762695312,0.9331586360931396,-1,-1,-1
115,-1,119.75975799560547,40.31742858886719,137.5153045654297,97.59429931640625,0.9594916105270386,-1,-1,-1
115,-1,90.43646240234375,65.152587890625,120.87113952636719,154.55123901367188,0.9321033954620361,-1,-1,-1
116,-1,119.95645141601562,40.24261474609375,137.54168701171875,97.58763122558594,0.9580222964286804,-1,-1,-1
116,-1,90.26978302001953,65.14102935791016,120.78490447998047,154.6136474609375,0.9410772323608398,-1,-1,-1
117,-1,119.95809936523438,40.22526550292969,137.5587615966797,97.5867919921875,0.9577124714851379,-1,-1,-1
117,-1,90.26024627685547,65.1597671508789,120.80071258544922,154.6148681640625,0.9400073885917664,-1,-1,-1
118,-1,120.00664520263672,40.24040985107422,137.55152893066406,97.54887390136719,0.9567715525627136,-1,-1,-1
118,-1,90.26129150390625,65.20587158203125,120.80946350097656,154.5784149169922,0.936276912689209,-1,-1,-1
119,-1,119.9917984008789,40.23708724975586,137.54583740234375,97.55648803710938,0.9568148851394653,-1,-1,-1
119,-1,90.26713562011719,65.18783569335938,120.80882263183594,154.60723876953125,0.9375730156898499,-1,-1,-1
120,-1,119.94975280761719,40.24053192138672,137.51950073242188,97.60964965820312,0.9575406312942505,-1,-1,-1
120,-1,90.27775573730469,65.15855407714844,120.78205108642578,154.6497802734375,0.9396950006484985,-1,-1,-1
121,-1,119.95088195800781,40.234256744384766,137.51992797851562,97.61943817138672,0.9572839736938477,-1,-1,-1
121,-1,90.27678680419922,65.14520263671875,120.79168701171875,154.67236328125,0.9392537474632263,-1,-1,-1
122,-1,119.95136260986328,40.234764099121094,137.51962280273438,97.61771392822266,0.9573509097099304,-1,-1,-1
122,-1,90.28438568115234,65.14378356933594,120.78942108154297,154.6746826171875,0.9391568899154663,-1,-1,-1
123,-1,120.11088562011719,40.18065643310547,137.5411834716797,97.72545623779297,0.956978440284729,-1,-1,-1
123,-1,90.26248168945312,65.2520980834961,120.7779312133789,154.64366149902344,0.9318442344665527,-1,-1,-1
124,-1,120.10985565185547,40.1794548034668,137.54684448242188,97.73138427734375,0.9563093781471252,-1,-1,-1
124,-1,90.27344512939453,65.2764892578125,120.7792739868164,154.6281280517578,0.9301943182945251,-1,-1,-1
125,-1,120.07859802246094,40.2164421081543,137.5687255859375,97.73954010009766,0.9567832350730896,-1,-1,-1
125,-1,90.21830749511719,65.1656494140625,120.77088165283203,154.687255859375,0.9312288165092468,-1,-1,-1
126,-1,120.08995819091797,40.22484588623047,137.56288146972656,97.73655700683594,0.9568313956260681,-1,-1,-1
126,-1,90.21251678466797,65.17467498779297,120.76716613769531,154.67904663085938,0.9310656785964966,-1,-1,-1
127,-1,119.8406982421875,40.09043884277344,137.61216735839844,97.73506927490234,0.9525331854820251,-1,-1,-1
127,-1,90.1480712890625,65.12664794921875,120.70719909667969,154.77963256835938,0.9280986189842224,-1,-1,-1
128,-1,119.87596130371094,40.08907699584961,137.66183471679688,97.71013641357422,0.9526292085647583,-1,-1,-1
128,-1,90.14192199707031,65.1241455078125,120.70450592041016,154.77964782714844,0.9278258681297302,-1,-1,-1
129,-1,119.81822967529297,40.28730392456055,137.79885864257812,97.60105895996094,0.9612107276916504,-1,-1,-1
129,-1,90.31421661376953,65.25265502929688,120.87413787841797,154.71136474609375,0.9430319666862488,-1,-1,-1
130,-1,119.84152221679688,40.288963317871094,137.822265625,97.61043548583984,0.9617050886154175,-1,-1,-1
130,-1,90.34595489501953,65.23319244384766,120.89527893066406,154.71157836914062,0.9420703053474426,-1,-1,-1
131,-1,119.82756042480469,40.29631423950195,137.78268432617188,97.54928588867188,0.9603691101074219,-1,-1,-1
131,-1,90.38600158691406,65.3718032836914,120.950927734375,154.5924072265625,0.9400950074195862,-1,-1,-1
132,-1,119.83145904541016,40.279869079589844,137.78797912597656,97.56814575195312,0.9602848291397095,-1,-1,-1
132,-1,90.37930297851562,65.37179565429688,120.95943450927734,154.59194946289062,0.9395487308502197,-1,-1,-1
133,-1,119.8184814453125,40.2648811340332,137.86227416992188,97.53590393066406,0.958967387676239,-1,-1,-1
133,-1,90.39714813232422,65.36820983886719,120.94834899902344,154.61752319335938,0.9376060962677002,-1,-1,-1
134,-1,119.8172607421875,40.26943588256836,137.86962890625,97.53111267089844,0.9596280455589294,-1,-1,-1
134,-1,90.39488983154297,65.35625457763672,120.94612884521484,154.62289428710938,0.93783038854599,-1,-1,-1
135,-1,119.96282958984375,40.472869873046875,138.24595642089844,97.44865417480469,0.9695562124252319,-1,-1,-1
135,-1,90.4054946899414,65.24128723144531,120.9487075805664,154.65560913085938,0.9501463770866394,-1,-1,-1
136,-1,119.95814514160156,40.46382141113281,138.2429656982422,97.45572662353516,0.9693622589111328,-1,-1,-1
136,-1,90.3829116821289,65.1961898803711,120.92915344238281,154.7418670654297,0.9501870274543762,-1,-1,-1
137,-1,119.96186065673828,40.46214294433594,138.24452209472656,97.45465850830078,0.9691662192344666,-1,-1,-1
137,-1,90.39054107666016,65.1992416381836,120.9310531616211,154.74351501464844,0.9494069218635559,-1,-1,-1
138,-1,119.97664642333984,40.1550407409668,138.75421142578125,97.51632690429688,0.968528687953949,-1,-1,-1
138,-1,90.38277435302734,65.25113677978516,120.94827270507812,154.4996337890625,0.9449186325073242,-1,-1,-1
139,-1,119.98683166503906,40.180782318115234,138.7445068359375,97.49906158447266,0.9689003825187683,-1,-1,-1
139,-1,90.43280029296875,65.24421691894531,120.940185546875,154.55465698242188,0.9455642104148865,-1,-1,-1
140,-1,120.09856414794922,40.054378509521484,139.17239379882812,97.45291900634766,0.9638444185256958,-1,-1,-1
140,-1,90.51545715332031,65.47660827636719,120.97169494628906,154.33786010742188,0.9452576637268066,-1,-1,-1
141,-1,120.09263610839844,40.04736328125,139.16261291503906,97.4783935546875,0.963477373123169,-1,-1,-1
141,-1,90.52500915527344,65.50005340576172,120.9804458618164,154.2856903076172,0.9455412030220032,-1,-1,-1
142,-1,120.0157241821289,40.09914779663086,139.15887451171875,97.44564056396484,0.9644721150398254,-1,-1,-1
142,-1,90.7351303100586,65.60948944091797,121.04618072509766,154.05555725097656,0.9465267062187195,-1,-1,-1
143,-1,120.01725769042969,40.09833908081055,139.1532440185547,97.44596099853516,0.9643082022666931,-1,-1,-1
143,-1,90.73897552490234,65.60039520263672,121.03339385986328,154.0718231201172,0.9447734951972961,-1,-1,-1
144,-1,119.99443817138672,40.084991455078125,139.0413818359375,97.43873596191406,0.9661264419555664,-1,-1,-1
144,-1,90.69351959228516,65.55250549316406,121.00559997558594,154.07322692871094,0.9430019855499268,-1,-1,-1
145,-1,119.99703216552734,40.084815979003906,139.02957153320312,97.44004821777344,0.9663394689559937,-1,-1,-1
145,-1,90.6919174194336,65.54957580566406,121.01678466796875,154.0773162841797,0.9437419176101685,-1,-1,-1
146,-1,119.64041137695312,39.98494338989258,139.472900390625,97.67739868164062,0.9752177596092224,-1,-1,-1
146,-1,90.65785217285156,65.38233184814453,120.72257232666016,154.21900939941406,0.9585344195365906,-1,-1,-1
147,-1,119.64432525634766,39.980655670166016,139.48016357421875,97.68050384521484,0.9753919243812561,-1,-1,-1
147,-1,90.66692352294922,65.3865737915039,120.73324584960938,154.20799255371094,0.9582439661026001,-1,-1,-1
148,-1,119.59640502929688,39.979515075683594,139.46328735351562,97.68492126464844,0.9752804636955261,-1,-1,-1
148,-1,90.5880126953125,65.2956314086914,120.70939636230469,154.2989959716797,0.9571952819824219,-1,-1,-1
149,-1,119.58212280273438,39.973106384277344,139.48716735839844,97.71236419677734,0.9762137532234192,-1,-1,-1
149,-1,90.58448028564453,65.27108764648438,120.71025848388672,154.31765747070312,0.9576588273048401,-1,-1,-1
150,-1,119.47066497802734,39.772483825683594,139.7704620361328,97.88607025146484,0.9794702529907227,-1,-1,-1
150,-1,90.50491333007812,65.31465148925781,120.71884155273438,154.25726318359375,0.9605326056480408,-1,-1,-1
151,-1,119.4891357421875,39.774253845214844,139.76641845703125,97.92286682128906,0.9796013832092285,-1,-1,-1
151,-1,90.46402740478516,65.23094177246094,120.69772338867188,154.34695434570312,0.9622501730918884,-1,-1,-1
152,-1,119.4901351928711,39.77467346191406,139.76612854003906,97.92240142822266,0.9795869588851929,-1,-1,-1
152,-1,90.46532440185547,65.23387145996094,120.69778442382812,154.34486389160156,0.9620991945266724,-1,-1,-1
153,-1,119.48368072509766,39.60060119628906,139.3528594970703,97.87541961669922,0.9736003279685974,-1,-1,-1
153,-1,90.021484375,65.0628662109375,120.65296173095703,154.7088165283203,0.9607123136520386,-1,-1,-1
154,-1,119.46054077148438,39.62922286987305,139.38206481933594,97.85842895507812,0.9734055399894714,-1,-1,-1
154,-1,90.05075073242188,65.05223083496094,120.65281677246094,154.71250915527344,0.9609346985816956,-1,-1,-1
155,-1,119.48632049560547,39.56745147705078,139.35540771484375,97.8552474975586,0.9745170474052429,-1,-1,-1
155,-1,90.04171752929688,65.18087768554688,120.68016815185547,154.55276489257812,0.9609355330467224,-1,-1,-1
156,-1,119.48548889160156,39.58486557006836,139.357666015625,97.86351776123047,0.9747416377067566,-1,-1,-1
156,-1,90.037841796875,65.16126251220703,120.67511749267578,154.57220458984375,0.9606412649154663,-1,-1,-1
157,-1,119.52499389648438,39.59186935424805,139.38226318359375,97.90029907226562,0.975405216217041,-1,-1,-1
157,-1,89.95741271972656,64.99687957763672,120.59246063232422,154.65550231933594,0.9628922343254089,-1,-1,-1
158,-1,119.53540802001953,39.618797302246094,139.37132263183594,97.88228607177734,0.9750387072563171,-1,-1,-1
158,-1,89.96952819824219,65.031494140625,120.59166717529297,154.62060546875,0.9632613658905029,-1,-1,-1
159,-1,119.25363159179688,39.899654388427734,138.80589294433594,97.98751831054688,0.9680750370025635,-1,-1,-1
159,-1,90.00816345214844,60.301021575927734,119.95140838623047,148.50674438476562,0.9594069719314575,-1,-1,-1
160,-1,119.2442398071289,39.901309967041016,138.796630859375,97.9833984375,0.9679310917854309,-1,-1,-1
160,-1,89.99197387695312,60.32538986206055,119.96125793457031,148.48118591308594,0.9593492746353149,-1,-1,-1
161,-1,119.13506317138672,39.909725189208984,138.76341247558594,98.07174682617188,0.9679707884788513,-1,-1,-1
161,-1,90.14543151855469,60.225563049316406,119.77507781982422,148.6332244873047,0.9541124105453491,-1,-1,-1
162,-1,119.11864471435547,39.95983123779297,138.79000854492188,98.07784271240234,0.9681860208511353,-1,-1,-1
162,-1,90.14105987548828,60.207515716552734,119.7808837890625,148.72122192382812,0.9542795419692993,-1,-1,-1
163,-1,119.07523345947266,40.3345832824707,138.69325256347656,97.81193542480469,0.9684316515922546,-1,-1,-1
163,-1,89.94469451904297,59.669212341308594,120.04396057128906,149.39260864257812,0.9632729887962341,-1,-1,-1
164,-1,119.11819458007812,40.34205627441406,138.71148681640625,97.80492401123047,0.9677659869194031,-1,-1,-1
164,-1,89.92741394042969,59.77275085449219,120.05580139160156,149.32907104492188,0.9645311832427979,-1,-1,-1
165,-1,118.42601013183594,40.453773498535156,138.38198852539062,97.41593933105469,0.9647847414016724,-1,-1,-1
165,-1,89.73641967773438,64.953369140625,120.72010040283203,154.1749725341797,0.9435147047042847,-1,-1,-1
166,-1,118.39152526855469,40.46369171142578,138.3931427001953,97.411865234375,0.9646667838096619,-1,-1,-1
166,-1,89.7410888671875,64.9035415649414,120.7082290649414,154.2274169921875,0.9465240836143494,-1,-1,-1
167,-1,118.39292907714844,40.4620361328125,138.39425659179688,97.41267395019531,0.9645668268203735,-1,-1,-1
167,-1,89.75312805175781,64.90222930908203,120.71192932128906,154.23068237304688,0.9466181993484497,-1,-1,-1
168,-1,118.22403717041016,40.48190689086914,138.3792266845703,97.39656066894531,0.9686543345451355,-1,-1,-1
168,-1,89.77069854736328,64.79899597167969,120.59291076660156,154.48617553710938,0.9438818693161011,-1,-1,-1
169,-1,118.22681427001953,40.47886276245117,138.38536071777344,97.39410400390625,0.968934178352356,-1,-1,-1
169,-1,89.7841796875,64.82797241210938,120.62028503417969,154.46853637695312,0.9437239170074463,-1,-1,-1
170,-1,117.7896957397461,40.32952117919922,138.14761352539062,97.40348815917969,0.9649025201797485,-1,-1,-1
170,-1,88.41126251220703,66.45230865478516,120.73711395263672,154.27838134765625,0.8831407427787781,-1,-1,-1
171,-1,117.78202056884766,40.345909118652344,138.1569366455078,97.38882446289062,0.9641671776771545,-1,-1,-1
171,-1,88.3945541381836,66.53620910644531,120.7497329711914,154.22320556640625,0.8795479536056519,-1,-1,-1
172,-1,117.7726058959961,40.36504364013672,138.18258666992188,97.39633178710938,0.9652548432350159,-1,-1,-1
172,-1,88.46267700195312,66.52230834960938,120.77630615234375,154.09701538085938,0.8822134137153625,-1,-1,-1
173,-1,117.76192474365234,40.38584899902344,138.1925811767578,97.36709594726562,0.9659340977668762,-1,-1,-1
173,-1,88.46686553955078,66.49073791503906,120.76313018798828,154.0869598388672,0.8826503753662109,-1,-1,-1
174,-1,117.66783142089844,40.24074172973633,138.19276428222656,97.56883239746094,0.9645776152610779,-1,-1,-1
174,-1,88.30608367919922,65.83550262451172,120.79035949707031,154.73594665527344,0.9049823880195618,-1,-1,-1
175,-1,117.6565933227539,40.22349548339844,138.17568969726562,97.61419677734375,0.9645929336547852,-1,-1,-1
175,-1,88.31613159179688,65.85122680664062,120.7862777709961,154.7352294921875,0.9031056761741638,-1,-1,-1
176,-1,117.55979919433594,40.440616607666016,138.1232147216797,97.40040588378906,0.9681270122528076,-1,-1,-1
176,-1,88.45701599121094,65.53734588623047,120.96637725830078,154.7489471435547,0.9006455540657043,-1,-1,-1
177,-1,117.55863952636719,40.449005126953125,138.11143493652344,97.39541625976562,0.9685429334640503,-1,-1,-1
177,-1,88.47183990478516,65.56050872802734,120.98712921142578,154.73727416992188,0.9021150469779968,-1,-1,-1
178,-1,117.58072662353516,40.48981857299805,138.10633850097656,97.3555679321289,0.9691170454025269,-1,-1,-1
178,-1,88.44254302978516,65.64215850830078,121.00381469726562,154.69029235839844,0.9007243514060974,-1,-1,-1
179,-1,117.59654235839844,40.49668502807617,138.1057891845703,97.3510513305664,0.96925950050354,-1,-1,-1
179,-1,88.41193389892578,65.59715270996094,121.00123596191406,154.7174530029297,0.9005371332168579,-1,-1,-1
180,-1,117.61003112792969,40.50714111328125,138.16604614257812,97.26676177978516,0.969109058380127,-1,-1,-1
180,-1,88.4597396850586,65.65689849853516,121.05703735351562,154.66482543945312,0.8946548700332642,-1,-1,-1
181,-1,117.61112976074219,40.50585174560547,138.15164184570312,97.28761291503906,0.9687485098838806,-1,-1,-1
181,-1,88.45825958251953,65.64956665039062,121.06136322021484,154.65830993652344,0.8956347107887268,-1,-1,-1
182,-1,117.61125183105469,40.505943298339844,138.15158081054688,97.28753662109375,0.9687663316726685,-1,-1,-1
182,-1,88.45821380615234,65.64920806884766,121.06149291992188,154.65853881835938,0.8956471681594849,-1,-1,-1
183,-1,117.58091735839844,40.57196807861328,138.3927001953125,97.2442398071289,0.9708127975463867,-1,-1,-1
183,-1,88.8648681640625,65.2781982421875,121.2466049194336,155.04861450195312,0.8900637626647949,-1,-1,-1
184,-1,117.58000183105469,40.56979751586914,138.3882293701172,97.24396514892578,0.9707408547401428,-1,-1,-1
184,-1,88.84868621826172,65.32238006591797,121.25532531738281,155.03929138183594,0.8863674998283386,-1,-1,-1
185,-1,117.6487045288086,40.494720458984375,138.3845672607422,97.27034759521484,0.9699375629425049,-1,-1,-1
185,-1,88.80382537841797,65.3332290649414,121.31995391845703,154.92393493652344,0.8890127539634705,-1,-1,-1
186,-1,117.63723754882812,40.486602783203125,138.38160705566406,97.28675842285156,0.9698467254638672,-1,-1,-1
186,-1,88.81221771240234,65.29325103759766,121.3204345703125,154.9353790283203,0.8899781107902527,-1,-1,-1
187,-1,117.66739654541016,40.51487731933594,138.4366455078125,97.1941909790039,0.9665533304214478,-1,-1,-1
187,-1,88.91239166259766,65.52721405029297,121.40234375,154.98155212402344,0.8707270622253418,-1,-1,-1
188,-1,117.69712829589844,40.51104736328125,138.44769287109375,97.1874771118164,0.9659818410873413,-1,-1,-1
188,-1,88.87866973876953,65.5603256225586,121.36653137207031,154.99673461914062,0.8655758500099182,-1,-1,-1
189,-1,117.67520904541016,40.50479507446289,138.70738220214844,97.22530364990234,0.9686468839645386,-1,-1,-1
189,-1,88.84452056884766,65.34764862060547,121.86865234375,154.41152954101562,0.8960940837860107,-1,-1,-1
190,-1,117.68258666992188,40.508453369140625,138.7122039794922,97.21142578125,0.9686319231987,-1,-1,-1
190,-1,88.8541030883789,65.34378051757812,121.85157012939453,154.4175262451172,0.8992535471916199,-1,-1,-1
191,-1,117.71742248535156,40.51372528076172,138.7272186279297,97.142333984375,0.9680384993553162,-1,-1,-1
191,-1,88.76163482666016,65.55633544921875,121.84754943847656,154.21853637695312,0.8805034160614014,-1,-1,-1
192,-1,117.72352600097656,40.530513763427734,138.72120666503906,97.12663269042969,0.9680793881416321,-1,-1,-1
192,-1,88.74535369873047,65.55020904541016,121.81947326660156,154.26039123535156,0.8804758787155151,-1,-1,-1
193,-1,117.6657485961914,40.44762420654297,138.67886352539062,97.1783447265625,0.9738025665283203,-1,-1,-1
193,-1,88.69535827636719,65.51943969726562,121.74552154541016,154.31808471679688,0.9023234248161316,-1,-1,-1
194,-1,117.68029022216797,40.4786376953125,138.6595458984375,97.17263793945312,0.9738810658454895,-1,-1,-1
194,-1,88.71270751953125,65.54154205322266,121.7559814453125,154.27220153808594,0.9075009822845459,-1,-1,-1
195,-1,117.77740478515625,40.51500701904297,138.8150177001953,97.20356750488281,0.9755088686943054,-1,-1,-1
195,-1,88.65998840332031,65.59907531738281,121.94469451904297,154.29443359375,0.9076222777366638,-1,-1,-1
196,-1,117.78069305419922,40.52821731567383,138.81658935546875,97.18545532226562,0.9752487540245056,-1,-1,-1
196,-1,88.70188903808594,65.61651611328125,121.96990203857422,154.24220275878906,0.9063000679016113,-1,-1,-1
197,-1,117.78731536865234,40.52269744873047,138.8251190185547,97.19200134277344,0.9752423167228699,-1,-1,-1
197,-1,88.70616912841797,65.60446166992188,121.97219848632812,154.25808715820312,0.9070304036140442,-1,-1,-1
198,-1,117.83374786376953,40.446205139160156,139.06251525878906,97.31825256347656,0.9767301678657532,-1,-1,-1
198,-1,88.55986022949219,65.46096801757812,122.11918640136719,154.43215942382812,0.8944573998451233,-1,-1,-1
199,-1,117.847900390625,40.439605712890625,139.06146240234375,97.31371307373047,0.9764436483383179,-1,-1,-1
199,-1,88.57757568359375,65.43009948730469,122.0939712524414,154.44973754882812,0.8946470022201538,-1,-1,-1
200,-1,117.97738647460938,40.488739013671875,139.05027770996094,97.27998352050781,0.9767415523529053,-1,-1,-1
200,-1,88.56419372558594,65.47148132324219,122.04498291015625,154.50332641601562,0.8980251550674438,-1,-1,-1
201,-1,117.98904418945312,40.52409362792969,139.05381774902344,97.27355194091797,0.9763035774230957,-1,-1,-1
201,-1,88.56998443603516,65.53205108642578,122.04997253417969,154.46559143066406,0.8977972865104675,-1,-1,-1
202,-1,117.92675018310547,40.5291633605957,139.084228515625,97.26741790771484,0.9768810272216797,-1,-1,-1
202,-1,88.57179260253906,65.56616973876953,122.03370666503906,154.50985717773438,0.8961997032165527,-1,-1,-1
203,-1,117.92868041992188,40.53624725341797,139.0815887451172,97.26959228515625,0.9772801995277405,-1,-1,-1
203,-1,88.62239837646484,65.47528839111328,122.01363372802734,154.56765747070312,0.9028025269508362,-1,-1,-1
204,-1,117.9301528930664,40.54423522949219,139.07212829589844,97.2635498046875,0.9769986867904663,-1,-1,-1
204,-1,88.65834045410156,65.50755310058594,122.05155944824219,154.5450439453125,0.9007045030593872,-1,-1,-1
205,-1,117.92992401123047,40.5450439453125,139.07235717773438,97.2637939453125,0.9769894480705261,-1,-1,-1
205,-1,88.65593719482422,65.5171890258789,122.0577392578125,154.5377655029297,0.9005154371261597,-1,-1,-1
206,-1,117.88777160644531,40.564002990722656,139.08436584472656,97.31510162353516,0.9794945120811462,-1,-1,-1
206,-1,88.84588623046875,65.28980255126953,121.81559753417969,154.55398559570312,0.9174520969390869,-1,-1,-1
207,-1,117.8974838256836,40.55952835083008,139.0762939453125,97.31623840332031,0.9794701337814331,-1,-1,-1
207,-1,88.84504699707031,65.29347229003906,121.81632232666016,154.55418395996094,0.9176777601242065,-1,-1,-1
208,-1,117.88745880126953,40.54576110839844,139.09619140625,97.32505798339844,0.9795438051223755,-1,-1,-1
208,-1,88.83485412597656,65.3143081665039,121.8324966430664,154.52430725097656,0.9159207940101624,-1,-1,-1
209,-1,117.87677764892578,40.54838562011719,139.09506225585938,97.32337188720703,0.9798122644424438,-1,-1,-1
209,-1,88.8533935546875,65.30538940429688,121.8331069946289,154.53427124023438,0.9167611002922058,-1,-1,-1
