1,-1,198.54147338867188,30.12834930419922,271.9028625488281,96.62869262695312,0.8734404444694519,-1,-1,-1
2,-1,198.81797790527344,29.577659606933594,271.9503479003906,96.8512191772461,0.8413717150688171,-1,-1,-1
3,-1,198.88816833496094,29.562448501586914,271.9786376953125,96.61611938476562,0.8316850662231445,-1,-1,-1
4,-1,198.24893188476562,29.589990615844727,271.2930603027344,97.26900482177734,0.8236692547798157,-1,-1,-1
5,-1,198.34219360351562,29.551849365234375,271.3372497558594,97.31660461425781,0.8204955458641052,-1,-1,-1
6,-1,198.06314086914062,29.34054946899414,271.6054382324219,98.24073791503906,0.8574938774108887,-1,-1,-1
7,-1,198.08773803710938,29.335702896118164,271.59228515625,98.21990966796875,0.8579229712486267,-1,-1,-1
8,-1,198.0240020751953,29.289920806884766,271.71795654296875,99.0350570678711,0.8281452655792236,-1,-1,-1
8,-1,211.1217498779297,126.82554626464844,296.08782958984375,209.91969299316406,0.6358873248100281,-1,-1,-1
9,-1,197.73155212402344,29.10173797607422,271.4478454589844,99.19122314453125,0.8512611985206604,-1,-1,-1
10,-1,197.83029174804688,29.17650604248047,271.91943359375,98.5019760131836,0.8472122550010681,-1,-1,-1
10,-1,212.77658081054688,121.61273193359375,295.8859558105469,209.78793334960938,0.7038635611534119,-1,-1,-1
11,-1,198.09619140625,29.164440155029297,271.773193359375,98.64737701416016,0.8327682614326477,-1,-1,-1
11,-1,212.6905517578125,121.72637176513672,295.6863098144531,209.8540802001953,0.7588567137718201,-1,-1,-1
12,-1,211.90640258789062,118.54991912841797,296.6923828125,210.1988067626953,0.8467893600463867,-1,-1,-1
12,-1,198.10311889648438,29.64948272705078,271.8811950683594,97.99127197265625,0.818163275718689,-1,-1,-1
13,-1,198.7360382080078,29.682289123535156,271.73809814453125,98.73434448242188,0.8641115427017212,-1,-1,-1
13,-1,212.0310821533203,117.8309326171875,296.1962585449219,210.3029327392578,0.8285068273544312,-1,-1,-1
14,-1,198.48123168945312,30.100143432617188,271.84857177734375,97.78573608398438,0.8375360369682312,-1,-1,-1
14,-1,213.30081176757812,117.36656188964844,293.92498779296875,209.27383422851562,0.7886815667152405,-1,-1,-1
15,-1,198.60780334472656,30.357391357421875,271.78216552734375,97.21792602539062,0.8378048539161682,-1,-1,-1
15,-1,212.95034790039062,116.805908203125,294.0813293457031,209.67503356933594,0.8118014931678772,-1,-1,-1
16,-1,198.46559143066406,30.803844451904297,271.56427001953125,97.11055755615234,0.8586711883544922,-1,-1,-1
16,-1,213.38661193847656,114.94209289550781,293.95343017578125,211.10397338867188,0.7635468244552612,-1,-1,-1
17,-1,198.45411682128906,30.713241577148438,271.5140380859375,96.98340606689453,0.8544187545776367,-1,-1,-1
17,-1,213.47491455078125,114.5201644897461,293.7582702636719,211.1835479736328,0.7719026207923889,-1,-1,-1
18,-1,199.55752563476562,30.498432159423828,270.8814392089844,97.04525756835938,0.8628019094467163,-1,-1,-1
18,-1,213.44175720214844,117.00733947753906,293.1520690917969,210.159423828125,0.813540518283844,-1,-1,-1
19,-1,199.466552734375,30.590404510498047,270.8570556640625,96.92694854736328,0.851885974407196,-1,-1,-1
19,-1,213.33169555664062,117.04864501953125,293.1344299316406,210.2369842529297,0.834679901599884,-1,-1,-1
20,-1,212.70620727539062,113.22383880615234,291.94073486328125,210.2793731689453,0.9443592429161072,-1,-1,-1
20,-1,199.1879119873047,30.833587646484375,271.2392578125,96.79273223876953,0.799457311630249,-1,-1,-1
21,-1,212.66339111328125,113.21305084228516,291.8319396972656,210.30905151367188,0.9451828598976135,-1,-1,-1
21,-1,199.1643524169922,30.847824096679688,271.1397399902344,96.95026397705078,0.798506498336792,-1,-1,-1
22,-1,212.8773193359375,97.96763610839844,292.9223327636719,207.72470092773438,0.9567961096763611,-1,-1,-1
22,-1,198.91976928710938,30.77943229675293,270.6781311035156,96.73784637451172,0.8222756385803223,-1,-1,-1
23,-1,212.83203125,98.08277130126953,293.0107727050781,207.4207305908203,0.9539324641227722,-1,-1,-1
23,-1,198.9218292236328,30.734392166137695,270.7458190917969,96.67086029052734,0.8188306093215942,-1,-1,-1
24,-1,199.0043487548828,30.493362426757812,271.22100830078125,96.56253814697266,0.8241517543792725,-1,-1,-1
24,-1,209.56922912597656,83.18063354492188,292.6120300292969,207.76077270507812,0.8037850260734558,-1,-1,-1
25,-1,198.86915588378906,30.659191131591797,271.4956970214844,96.45128631591797,0.8236949443817139,-1,-1,-1
25,-1,209.4853057861328,83.31945037841797,292.6954345703125,207.78477478027344,0.815437912940979,-1,-1,-1
26,-1,198.76736450195312,31.151018142700195,272.103759765625,96.1519775390625,0.8576841354370117,-1,-1,-1
26,-1,208.3080291748047,84.13822174072266,294.4396667480469,208.2208251953125,0.8161217570304871,-1,-1,-1
27,-1,198.8888397216797,31.266231536865234,272.2220458984375,96.1263656616211,0.8645474910736084,-1,-1,-1
27,-1,208.2224884033203,83.97673034667969,294.6036071777344,208.35186767578125,0.818274974822998,-1,-1,-1
28,-1,208.80197143554688,83.27017211914062,295.01995849609375,207.9440155029297,0.9334882497787476,-1,-1,-1
28,-1,198.45765686035156,31.189434051513672,271.5697937011719,95.94038391113281,0.7794673442840576,-1,-1,-1
29,-1,208.84193420410156,83.24695587158203,294.9071044921875,207.7886505126953,0.9319319128990173,-1,-1,-1
29,-1,198.49440002441406,31.120136260986328,271.5868225097656,95.99835205078125,0.7785766124725342,-1,-1,-1
30,-1,198.90737915039062,30.75564956665039,272.605712890625,94.81047058105469,0.7420362830162048,-1,-1,-1
30,-1,207.92620849609375,80.4014663696289,296.1187438964844,208.463623046875,0.6397693157196045,-1,-1,-1
31,-1,198.8595428466797,30.79501724243164,272.58160400390625,94.90440368652344,0.7585294246673584,-1,-1,-1
31,-1,207.74758911132812,79.87648010253906,296.23272705078125,208.24038696289062,0.621110737323761,-1,-1,-1
32,-1,197.7749481201172,28.209087371826172,270.4521789550781,83.89595794677734,0.7723570466041565,-1,-1,-1
32,-1,207.42282104492188,79.15826416015625,296.19451904296875,208.37115478515625,0.5134469866752625,-1,-1,-1
33,-1,197.53846740722656,28.352754592895508,270.5948791503906,83.7048110961914,0.7656632661819458,-1,-1,-1
34,-1,196.9197235107422,28.278942108154297,271.1999816894531,83.80453491210938,0.757756769657135,-1,-1,-1
35,-1,196.9784393310547,28.271690368652344,271.1394958496094,83.77007293701172,0.7627266049385071,-1,-1,-1
36,-1,198.37037658691406,29.436588287353516,274.5802917480469,95.42847442626953,0.8843969106674194,-1,-1,-1
36,-1,206.75729370117188,79.67041015625,301.23974609375,210.3439483642578,0.5157738327980042,-1,-1,-1
37,-1,198.3505401611328,29.42020034790039,274.82464599609375,95.42274475097656,0.892431914806366,-1,-1,-1
37,-1,206.7461395263672,79.70220184326172,301.0791320800781,210.2453155517578,0.5246790647506714,-1,-1,-1
38,-1,197.20855712890625,28.570262908935547,271.060302734375,84.08527374267578,0.8284611701965332,-1,-1,-1
39,-1,197.16970825195312,28.508230209350586,271.0693054199219,84.12159729003906,0.8175604939460754,-1,-1,-1
40,-1,194.73269653320312,29.677770614624023,273.76385498046875,80.60505676269531,0.5381796956062317,-1,-1,-1
41,-1,194.74945068359375,29.57379913330078,273.75372314453125,80.67398071289062,0.5340083837509155,-1,-1,-1
44,-1,196.54776000976562,26.611604690551758,275.20831298828125,80.17833709716797,0.7966928482055664,-1,-1,-1
45,-1,196.5223846435547,26.604591369628906,275.2715148925781,80.04646301269531,0.8048458099365234,-1,-1,-1
46,-1,196.85205078125,25.858001708984375,275.7027893066406,80.97991180419922,0.81545490026474,-1,-1,-1
47,-1,196.81500244140625,25.869340896606445,275.7811584472656,80.99275207519531,0.8271925449371338,-1,-1,-1
48,-1,196.1094512939453,25.753244400024414,275.06951904296875,80.42517852783203,0.6667860746383667,-1,-1,-1
49,-1,196.02926635742188,25.800722122192383,275.1072082519531,80.30821228027344,0.6551617980003357,-1,-1,-1
50,-1,196.2313690185547,25.539825439453125,274.2778625488281,80.93212127685547,0.5899924039840698,-1,-1,-1
51,-1,196.2265167236328,25.586618423461914,274.2884521484375,80.93624114990234,0.5942027568817139,-1,-1,-1
52,-1,196.7913055419922,25.48221206665039,273.93841552734375,80.48908233642578,0.6079637408256531,-1,-1,-1
53,-1,196.8356170654297,25.518938064575195,273.83526611328125,80.47311401367188,0.6074604392051697,-1,-1,-1
54,-1,197.3319854736328,25.542015075683594,272.7247314453125,80.57565307617188,0.7128757238388062,-1,-1,-1
54,-1,221.01304626464844,141.0763397216797,301.634765625,212.7099151611328,0.5037280321121216,-1,-1,-1
55,-1,197.39205932617188,25.461835861206055,272.78302001953125,80.61903381347656,0.6867197751998901,-1,-1,-1
55,-1,221.18020629882812,140.82809448242188,301.5249938964844,212.74977111816406,0.5113754868507385,-1,-1,-1
56,-1,196.7202606201172,25.489320755004883,272.171142578125,80.68758392333984,0.6063046455383301,-1,-1,-1
57,-1,196.69532775878906,25.34515380859375,272.061767578125,80.67802429199219,0.6096535921096802,-1,-1,-1
58,-1,197.46563720703125,25.65060043334961,271.3671569824219,80.11248779296875,0.5312510132789612,-1,-1,-1
59,-1,197.38905334472656,25.74964714050293,271.3922424316406,80.16950988769531,0.5338535904884338,-1,-1,-1
60,-1,198.31332397460938,25.961380004882812,271.4877014160156,81.00334930419922,0.7860581278800964,-1,-1,-1
61,-1,198.23646545410156,25.91115951538086,271.6455993652344,81.13816833496094,0.790644645690918,-1,-1,-1
62,-1,198.2896728515625,26.44626235961914,271.2764587402344,80.75511169433594,0.8343369960784912,-1,-1,-1
63,-1,198.25357055664062,26.442548751831055,271.2740783691406,80.71477508544922,0.8385383486747742,-1,-1,-1
64,-1,197.26173400878906,26.670427322387695,270.8804626464844,80.62693786621094,0.6128885746002197,-1,-1,-1
65,-1,197.33253479003906,26.679088592529297,270.9688720703125,80.61163330078125,0.6476929187774658,-1,-1,-1
66,-1,196.97557067871094,26.348854064941406,270.7191162109375,80.58832550048828,0.6539974212646484,-1,-1,-1
67,-1,196.97584533691406,26.455699920654297,270.7287902832031,80.56401062011719,0.6378134489059448,-1,-1,-1
68,-1,197.1751708984375,26.405364990234375,270.59759521484375,80.43125915527344,0.7682098746299744,-1,-1,-1
69,-1,197.25289916992188,26.440916061401367,270.57965087890625,80.45205688476562,0.7680192589759827,-1,-1,-1
70,-1,196.86550903320312,26.268627166748047,271.19793701171875,80.39205932617188,0.8326656818389893,-1,-1,-1
71,-1,196.69546508789062,26.39291000366211,271.1766662597656,80.38862609863281,0.8500540852546692,-1,-1,-1
72,-1,196.76150512695312,25.903427124023438,270.6528015136719,80.90037536621094,0.798310399055481,-1,-1,-1
73,-1,196.69189453125,25.982074737548828,270.7783203125,80.92703247070312,0.8256910443305969,-1,-1,-1
74,-1,196.89576721191406,25.811906814575195,271.09759521484375,81.10040283203125,0.8419814109802246,-1,-1,-1
75,-1,196.88275146484375,25.78813934326172,270.9808349609375,81.07583618164062,0.840835452079773,-1,-1,-1
76,-1,197.06179809570312,25.898075103759766,271.4096374511719,81.6908950805664,0.8714203834533691,-1,-1,-1
77,-1,197.0247039794922,25.715309143066406,271.48907470703125,81.68539428710938,0.8752026557922363,-1,-1,-1
78,-1,197.73052978515625,26.107952117919922,271.44940185546875,81.69169616699219,0.8611121773719788,-1,-1,-1
79,-1,197.7480926513672,26.046707153320312,271.459228515625,81.74085998535156,0.8643393516540527,-1,-1,-1
80,-1,197.3363494873047,26.296621322631836,271.53741455078125,81.22586059570312,0.8480718731880188,-1,-1,-1
81,-1,197.3236846923828,26.253263473510742,271.6023864746094,81.19123077392578,0.8521466255187988,-1,-1,-1
82,-1,196.35484313964844,26.597126007080078,271.3756408691406,81.65636444091797,0.8257402777671814,-1,-1,-1
83,-1,196.34742736816406,26.596742630004883,271.2124328613281,81.68182373046875,0.8163928985595703,-1,-1,-1
84,-1,196.24879455566406,26.169795989990234,271.30950927734375,81.6900634765625,0.8203192353248596,-1,-1,-1
85,-1,196.2991180419922,26.20644187927246,271.35211181640625,81.72655487060547,0.8296180963516235,-1,-1,-1
86,-1,195.95806884765625,25.751001358032227,271.09283447265625,81.63561248779297,0.785433292388916,-1,-1,-1
87,-1,195.9823455810547,25.772306442260742,271.17266845703125,81.72607421875,0.803226888179779,-1,-1,-1
88,-1,196.04971313476562,26.13345718383789,271.3549499511719,81.12035369873047,0.8461505770683289,-1,-1,-1
89,-1,196.0559844970703,26.147531509399414,271.29644775390625,81.06141662597656,0.8388086557388306,-1,-1,-1
90,-1,195.73812866210938,26.17574691772461,271.6873474121094,80.11148071289062,0.7367703914642334,-1,-1,-1
91,-1,195.64979553222656,26.205692291259766,271.7146911621094,80.10655212402344,0.7048529982566833,-1,-1,-1
92,-1,194.9869384765625,26.09641456604004,272.142822265625,79.712890625,0.7178947925567627,-1,-1,-1
93,-1,194.84701538085938,26.051042556762695,272.1750793457031,79.7143783569336,0.7120636105537415,-1,-1,-1
94,-1,195.21771240234375,25.819843292236328,272.50567626953125,79.4467544555664,0.765873908996582,-1,-1,-1
95,-1,195.30377197265625,25.852706909179688,272.5338439941406,79.5353012084961,0.7610234618186951,-1,-1,-1
96,-1,195.67575073242188,25.893108367919922,272.1078796386719,79.81629943847656,0.7419348359107971,-1,-1,-1
97,-1,195.778076171875,25.979366302490234,272.1906433105469,79.83467864990234,0.7212878465652466,-1,-1,-1
98,-1,195.8267059326172,25.875186920166016,272.02105712890625,79.67733764648438,0.7462145090103149,-1,-1,-1
99,-1,195.95504760742188,25.85017204284668,271.92767333984375,79.71337127685547,0.754919707775116,-1,-1,-1
100,-1,196.22068786621094,25.70931625366211,271.35601806640625,80.49171447753906,0.7147371768951416,-1,-1,-1
101,-1,196.26803588867188,25.69417953491211,271.41790771484375,80.45503997802734,0.7332191467285156,-1,-1,-1
102,-1,196.8555908203125,26.20356559753418,270.6957702636719,80.67428588867188,0.8457891345024109,-1,-1,-1
103,-1,196.85142517089844,26.203285217285156,270.7309265136719,80.65126037597656,0.8459001183509827,-1,-1,-1
104,-1,196.1990203857422,26.0345516204834,270.6491394042969,80.880126953125,0.8034022450447083,-1,-1,-1
105,-1,196.2495574951172,26.073139190673828,270.56842041015625,80.9616928100586,0.8150643706321716,-1,-1,-1
112,-1,195.06991577148438,26.530275344848633,271.6394348144531,80.23137664794922,0.5765037536621094,-1,-1,-1
113,-1,194.8984375,26.625320434570312,271.6986083984375,80.20784759521484,0.5908428430557251,-1,-1,-1
114,-1,194.5124053955078,28.358705520629883,274.9061279296875,80.79226684570312,0.5530748963356018,-1,-1,-1
115,-1,194.40029907226562,28.410444259643555,274.968994140625,80.702880859375,0.5372355580329895,-1,-1,-1
116,-1,196.63363647460938,29.370716094970703,274.7742919921875,82.24312591552734,0.6934438347816467,-1,-1,-1
117,-1,196.59014892578125,29.382343292236328,274.7429504394531,82.1930160522461,0.6938527822494507,-1,-1,-1
118,-1,197.28451538085938,30.393125534057617,275.6475524902344,92.49488830566406,0.847172200679779,-1,-1,-1
119,-1,197.4486083984375,30.320180892944336,275.6727294921875,92.5597915649414,0.8405186533927917,-1,-1,-1
120,-1,197.6974639892578,29.277067184448242,276.28704833984375,94.49166870117188,0.9178811311721802,-1,-1,-1
121,-1,197.6050567626953,29.306827545166016,276.25079345703125,94.32306671142578,0.9146086573600769,-1,-1,-1
122,-1,198.32533264160156,29.451011657714844,276.62646484375,94.6754150390625,0.832872748374939,-1,-1,-1
123,-1,198.3372344970703,29.47307777404785,276.5926208496094,94.63536834716797,0.82906174659729,-1,-1,-1
126,-1,197.4427490234375,27.97578239440918,277.0254211425781,96.96891784667969,0.6976715922355652,-1,-1,-1
127,-1,197.59600830078125,27.909658432006836,276.9547119140625,97.04611206054688,0.7291914224624634,-1,-1,-1
128,-1,196.2661590576172,28.200183868408203,276.9958190917969,96.88458251953125,0.8349810838699341,-1,-1,-1
129,-1,196.21742248535156,28.292652130126953,276.9835205078125,96.78119659423828,0.8189496994018555,-1,-1,-1
130,-1,194.8062744140625,27.539955139160156,277.6302185058594,99.54451751708984,0.8722175359725952,-1,-1,-1
131,-1,194.78884887695312,27.55069351196289,277.6584167480469,99.50384521484375,0.8756054043769836,-1,-1,-1
132,-1,196.30642700195312,27.484336853027344,276.2569885253906,99.28004455566406,0.9229552745819092,-1,-1,-1
133,-1,196.41766357421875,27.57477378845215,276.249755859375,99.09038543701172,0.9138998985290527,-1,-1,-1
134,-1,194.55567932128906,27.19341468811035,277.1744079589844,103.1121826171875,0.6782741546630859,-1,-1,-1
135,-1,194.54241943359375,27.157791137695312,277.2650146484375,103.32865142822266,0.6992670297622681,-1,-1,-1
136,-1,193.9224853515625,28.063377380371094,274.1492919921875,103.16866302490234,0.6626038551330566,-1,-1,-1
137,-1,193.99685668945312,28.102140426635742,273.95599365234375,103.37345886230469,0.6571065187454224,-1,-1,-1
138,-1,194.24110412597656,27.849802017211914,272.67315673828125,103.4674072265625,0.7059110999107361,-1,-1,-1
139,-1,194.11582946777344,27.83094024658203,272.7255859375,103.44515991210938,0.6751858592033386,-1,-1,-1
140,-1,194.44444274902344,28.26022720336914,273.5281066894531,105.09940338134766,0.5724616646766663,-1,-1,-1
141,-1,194.6145477294922,28.185571670532227,273.8605041503906,105.37069702148438,0.5231703519821167,-1,-1,-1
142,-1,195.48028564453125,28.84773826599121,271.86474609375,102.90830993652344,0.5172151327133179,-1,-1,-1
144,-1,197.08120727539062,28.982656478881836,271.1578369140625,102.30621337890625,0.6922789812088013,-1,-1,-1
145,-1,196.9084014892578,29.053661346435547,271.28057861328125,102.47174835205078,0.686349093914032,-1,-1,-1
146,-1,195.42727661132812,30.18267250061035,271.3921203613281,103.33563232421875,0.8130060434341431,-1,-1,-1
147,-1,195.40528869628906,30.106651306152344,271.42718505859375,103.30289459228516,0.8033862709999084,-1,-1,-1
148,-1,194.3332061767578,30.51601791381836,270.55316162109375,106.87297058105469,0.6094938516616821,-1,-1,-1
149,-1,194.29380798339844,30.539091110229492,270.6308288574219,107.15504455566406,0.6059674620628357,-1,-1,-1
150,-1,196.14535522460938,30.2465877532959,270.19854736328125,103.66300201416016,0.8039677143096924,-1,-1,-1
151,-1,196.28028869628906,30.215713500976562,270.07666015625,103.63716125488281,0.7855197191238403,-1,-1,-1
152,-1,196.70057678222656,29.681514739990234,272.19586181640625,108.40986633300781,0.9323770403862,-1,-1,-1
153,-1,196.75424194335938,29.77277946472168,272.2405090332031,108.32146453857422,0.9295409321784973,-1,-1,-1
156,-1,197.93344116210938,26.431686401367188,270.79913330078125,100.8242416381836,0.7300341725349426,-1,-1,-1
156,-1,227.755126953125,130.93719482421875,306.0944519042969,209.35609436035156,0.5999627113342285,-1,-1,-1
157,-1,197.92428588867188,26.421039581298828,270.734375,100.81817626953125,0.7223081588745117,-1,-1,-1
157,-1,227.83108520507812,130.84420776367188,306.0750427246094,209.331298828125,0.613560140132904,-1,-1,-1
158,-1,224.97344970703125,127.06301879882812,308.4106140136719,209.67083740234375,0.7187665700912476,-1,-1,-1
159,-1,224.95242309570312,127.2835464477539,308.4516296386719,209.6619415283203,0.727205753326416,-1,-1,-1
162,-1,226.83245849609375,140.72010803222656,301.9488220214844,211.51211547851562,0.8052593469619751,-1,-1,-1
163,-1,226.84042358398438,140.92010498046875,301.8838806152344,211.46646118164062,0.8001020550727844,-1,-1,-1
166,-1,224.59510803222656,153.961181640625,309.4700927734375,213.19378662109375,0.6501403450965881,-1,-1,-1
167,-1,227.592041015625,146.54629516601562,304.65838623046875,211.61175537109375,0.6718795299530029,-1,-1,-1
168,-1,220.9423828125,154.26010131835938,312.38385009765625,213.89752197265625,0.7528523206710815,-1,-1,-1
169,-1,220.78189086914062,154.19207763671875,312.52520751953125,213.91845703125,0.7484335899353027,-1,-1,-1
170,-1,221.43785095214844,155.454345703125,311.3751220703125,213.883056640625,0.5830400586128235,-1,-1,-1
171,-1,221.4837646484375,155.52394104003906,311.2832946777344,213.8133087158203,0.5548104643821716,-1,-1,-1
180,-1,202.06556701660156,28.834932327270508,277.2174377441406,81.01937866210938,0.5272141695022583,-1,-1,-1
181,-1,202.01856994628906,28.821693420410156,277.13763427734375,81.03790283203125,0.5503988265991211,-1,-1,-1
198,-1,211.2244415283203,28.844242095947266,288.70892333984375,80.53972625732422,0.7610676884651184,-1,-1,-1
199,-1,211.16067504882812,28.949514389038086,288.9172668457031,80.50468444824219,0.7628514170646667,-1,-1,-1
200,-1,213.81643676757812,28.32680320739746,290.66510009765625,80.66372680664062,0.8704771399497986,-1,-1,-1
201,-1,213.8524169921875,28.33300018310547,290.7583312988281,80.71239471435547,0.8675557374954224,-1,-1,-1
204,-1,217.0522918701172,27.378246307373047,295.74481201171875,80.6026611328125,0.7413235902786255,-1,-1,-1
205,-1,217.04832458496094,27.38582992553711,295.83331298828125,80.56550598144531,0.7391021251678467,-1,-1,-1
206,-1,220.0384521484375,27.364795684814453,294.03704833984375,82.36544036865234,0.9086465835571289,-1,-1,-1
207,-1,220.08934020996094,27.44118309020996,294.0060119628906,82.37724304199219,0.9041573405265808,-1,-1,-1
208,-1,221.29310607910156,29.261966705322266,301.4385681152344,81.09050750732422,0.7440980076789856,-1,-1,-1
208,-1,225.1510772705078,144.72679138183594,307.5772705078125,213.43228149414062,0.5527297854423523,-1,-1,-1
209,-1,221.36416625976562,29.272296905517578,301.56268310546875,81.06671905517578,0.7459005117416382,-1,-1,-1
209,-1,225.17486572265625,144.60926818847656,307.43878173828125,213.5067596435547,0.5374348163604736,-1,-1,-1
210,-1,223.6436309814453,27.42375946044922,306.34307861328125,80.87928009033203,0.5571401119232178,-1,-1,-1
211,-1,223.55343627929688,27.481548309326172,306.57733154296875,80.7537841796875,0.5503097772598267,-1,-1,-1
214,-1,223.0262908935547,155.43362426757812,310.3678283691406,214.14987182617188,0.541597843170166,-1,-1,-1
215,-1,222.98556518554688,155.39268493652344,310.37371826171875,214.1607666015625,0.5527344942092896,-1,-1,-1
218,-1,224.92352294921875,154.14639282226562,309.4564208984375,214.1162567138672,0.5377612113952637,-1,-1,-1
219,-1,225.0208740234375,154.25318908691406,309.3185729980469,214.12799072265625,0.5260759592056274,-1,-1,-1
220,-1,226.20013427734375,152.93128967285156,307.5872497558594,214.37109375,0.650574266910553,-1,-1,-1
221,-1,226.26568603515625,152.94837951660156,307.4959716796875,214.42672729492188,0.6620737314224243,-1,-1,-1
222,-1,227.52183532714844,152.41114807128906,306.6130676269531,214.7690887451172,0.8304843902587891,-1,-1,-1
223,-1,227.51840209960938,152.4475555419922,306.5665283203125,214.71426391601562,0.8200925588607788,-1,-1,-1
224,-1,225.16522216796875,153.64474487304688,308.44708251953125,213.8928680419922,0.8511740565299988,-1,-1,-1
225,-1,225.1630401611328,153.66555786132812,308.4434814453125,213.8936004638672,0.8526758551597595,-1,-1,-1
226,-1,224.61500549316406,151.89471435546875,308.58966064453125,214.84141540527344,0.8333040475845337,-1,-1,-1
226,-1,223.06283569335938,27.319499969482422,326.5838317871094,203.09707641601562,0.6018098592758179,-1,-1,-1
227,-1,224.59165954589844,151.8529815673828,308.5644226074219,214.8382110595703,0.8271464109420776,-1,-1,-1
227,-1,223.09765625,27.4102840423584,326.685546875,202.99697875976562,0.5975491404533386,-1,-1,-1
228,-1,223.72271728515625,151.5986785888672,308.3160705566406,214.89772033691406,0.8235172033309937,-1,-1,-1
228,-1,223.89280700683594,30.07329559326172,326.840576171875,203.43243408203125,0.6919069886207581,-1,-1,-1
229,-1,223.68328857421875,151.67018127441406,308.2795104980469,214.8644256591797,0.8196191191673279,-1,-1,-1
229,-1,223.75537109375,30.135133743286133,326.8438415527344,203.3922882080078,0.7077176570892334,-1,-1,-1
230,-1,222.404052734375,151.1877899169922,309.92083740234375,215.1243133544922,0.8504559993743896,-1,-1,-1
230,-1,223.66026306152344,32.651702880859375,326.63604736328125,199.9152069091797,0.643680214881897,-1,-1,-1
231,-1,222.1904296875,151.1557159423828,310.02703857421875,215.17578125,0.8506792783737183,-1,-1,-1
231,-1,223.47914123535156,32.4523811340332,326.6935729980469,199.90895080566406,0.6653667688369751,-1,-1,-1
232,-1,221.28329467773438,151.97068786621094,311.6177062988281,214.531494140625,0.8487542867660522,-1,-1,-1
232,-1,224.96185302734375,30.541873931884766,325.5893249511719,199.80233764648438,0.6187977194786072,-1,-1,-1
233,-1,221.27392578125,151.9477996826172,311.6470642089844,214.5484161376953,0.8550869822502136,-1,-1,-1
233,-1,224.8900604248047,30.948110580444336,325.5734558105469,199.52784729003906,0.6245277523994446,-1,-1,-1
234,-1,220.826416015625,151.39309692382812,311.2582092285156,215.02452087402344,0.8583523631095886,-1,-1,-1
235,-1,220.87506103515625,151.33065795898438,311.1889953613281,215.08395385742188,0.8534405827522278,-1,-1,-1
236,-1,223.85118103027344,152.3045654296875,309.0467529296875,214.77944946289062,0.830205500125885,-1,-1,-1
236,-1,226.38601684570312,31.496593475341797,324.4079284667969,202.37295532226562,0.5737910270690918,-1,-1,-1
237,-1,223.8174591064453,152.28350830078125,309.13427734375,214.809814453125,0.8333212733268738,-1,-1,-1
237,-1,226.34835815429688,31.475547790527344,324.5246887207031,202.43295288085938,0.5974972248077393,-1,-1,-1
238,-1,223.17068481445312,153.13612365722656,308.8856201171875,214.36180114746094,0.7400028109550476,-1,-1,-1
238,-1,224.36361694335938,32.15166473388672,325.3475646972656,200.43563842773438,0.6708970069885254,-1,-1,-1
239,-1,223.23605346679688,153.1762237548828,308.7738342285156,214.32827758789062,0.7423186898231506,-1,-1,-1
239,-1,224.50653076171875,32.16840744018555,325.33087158203125,200.24493408203125,0.6593194007873535,-1,-1,-1
240,-1,207.06472778320312,42.467979431152344,322.6996154785156,201.84231567382812,0.5957131385803223,-1,-1,-1
241,-1,207.19439697265625,42.388431549072266,322.58551025390625,201.809326171875,0.6064396500587463,-1,-1,-1
242,-1,228.88023376464844,154.801025390625,305.9281005859375,213.41041564941406,0.7560155391693115,-1,-1,-1
243,-1,228.88609313964844,154.7864532470703,306.0397033691406,213.3470916748047,0.7740393877029419,-1,-1,-1
246,-1,225.36451721191406,155.41844177246094,305.6124267578125,213.26939392089844,0.7514735460281372,-1,-1,-1
247,-1,225.3346405029297,155.4134063720703,305.47540283203125,213.29571533203125,0.7468625903129578,-1,-1,-1
248,-1,230.9254608154297,153.50816345214844,306.10040283203125,214.1614227294922,0.811305046081543,-1,-1,-1
248,-1,226.69839477539062,29.43876838684082,323.9835205078125,204.74290466308594,0.5513235926628113,-1,-1,-1
249,-1,230.95375061035156,153.4728240966797,306.0509948730469,214.1913604736328,0.8189893364906311,-1,-1,-1
249,-1,226.57879638671875,29.566068649291992,324.03155517578125,204.77801513671875,0.5517153739929199,-1,-1,-1
250,-1,231.75894165039062,155.83763122558594,314.12274169921875,211.97604370117188,0.8508309125900269,-1,-1,-1
250,-1,226.75070190429688,27.919679641723633,324.07403564453125,205.90194702148438,0.5439170598983765,-1,-1,-1
251,-1,231.79627990722656,155.76473999023438,314.15460205078125,211.99105834960938,0.8532540798187256,-1,-1,-1
251,-1,226.68719482421875,28.386329650878906,324.16668701171875,205.61802673339844,0.5396071672439575,-1,-1,-1
252,-1,233.0264434814453,158.10011291503906,312.71343994140625,212.484130859375,0.836402177810669,-1,-1,-1
252,-1,225.50621032714844,27.876934051513672,324.2856140136719,208.88198852539062,0.6556244492530823,-1,-1,-1
253,-1,232.958251953125,158.075439453125,312.7691955566406,212.48275756835938,0.8350562453269958,-1,-1,-1
253,-1,225.49130249023438,27.716880798339844,324.2638854980469,209.09439086914062,0.659035861492157,-1,-1,-1
254,-1,233.14561462402344,157.0593719482422,313.7472839355469,213.1127471923828,0.9552680850028992,-1,-1,-1
254,-1,225.30322265625,27.797914505004883,324.47821044921875,208.38516235351562,0.715403139591217,-1,-1,-1
255,-1,233.16653442382812,157.05369567871094,313.7121887207031,213.08480834960938,0.9556146264076233,-1,-1,-1
255,-1,225.28482055664062,27.813180923461914,324.47808837890625,208.38742065429688,0.7196813821792603,-1,-1,-1
256,-1,233.68215942382812,156.4805908203125,314.92138671875,212.9523468017578,0.8876737356185913,-1,-1,-1
256,-1,224.67681884765625,27.3585205078125,324.3636779785156,209.48330688476562,0.7680456042289734,-1,-1,-1
257,-1,233.64004516601562,156.45504760742188,314.9927978515625,212.9999237060547,0.8864821791648865,-1,-1,-1
257,-1,224.70730590820312,27.516984939575195,324.36004638671875,209.35800170898438,0.7666723132133484,-1,-1,-1
258,-1,233.64381408691406,158.22496032714844,314.53912353515625,214.06582641601562,0.8509442806243896,-1,-1,-1
258,-1,225.2987518310547,28.747800827026367,323.87896728515625,208.63931274414062,0.7500004768371582,-1,-1,-1
259,-1,233.71487426757812,158.15530395507812,314.48760986328125,213.9500732421875,0.8580049276351929,-1,-1,-1
259,-1,225.35787963867188,28.97569465637207,323.8835144042969,208.4402313232422,0.7286881804466248,-1,-1,-1
260,-1,237.2968292236328,154.4816131591797,314.8572082519531,215.65586853027344,0.7194114923477173,-1,-1,-1
260,-1,226.21463012695312,26.123153686523438,323.9479064941406,209.94229125976562,0.6537128686904907,-1,-1,-1
261,-1,237.30532836914062,154.476806640625,314.8980407714844,215.5894775390625,0.7301155924797058,-1,-1,-1
261,-1,226.22032165527344,26.12126350402832,323.9785461425781,209.93016052246094,0.6430567502975464,-1,-1,-1
262,-1,207.17449951171875,41.584808349609375,323.1731872558594,203.10513305664062,0.5769639015197754,-1,-1,-1
262,-1,234.90447998046875,158.8188018798828,314.1562194824219,214.9683380126953,0.5454062223434448,-1,-1,-1
263,-1,207.25982666015625,41.818660736083984,323.1709289550781,202.97987365722656,0.609218180179596,-1,-1,-1
263,-1,234.7199249267578,158.74774169921875,314.29156494140625,214.9322967529297,0.5678858160972595,-1,-1,-1
266,-1,238.086669921875,158.435791015625,315.3963317871094,215.1259307861328,0.6838878393173218,-1,-1,-1
266,-1,228.7722625732422,25.456871032714844,321.1904602050781,167.85757446289062,0.5027384161949158,-1,-1,-1
267,-1,237.6494598388672,158.3964080810547,315.4810791015625,214.9205322265625,0.6923076510429382,-1,-1,-1
267,-1,228.71005249023438,25.39131736755371,321.1970520019531,167.94639587402344,0.5199040770530701,-1,-1,-1
270,-1,237.37893676757812,157.0502166748047,315.5651550292969,212.13577270507812,0.8528210520744324,-1,-1,-1
270,-1,228.472412109375,25.088411331176758,320.9654541015625,167.79078674316406,0.5632920265197754,-1,-1,-1
271,-1,237.43896484375,157.04161071777344,315.6048583984375,212.1239013671875,0.8516897559165955,-1,-1,-1
271,-1,228.5203857421875,25.133527755737305,320.9605407714844,167.8081817626953,0.5444496870040894,-1,-1,-1
272,-1,237.9770050048828,148.63177490234375,314.8497619628906,210.95687866210938,0.8562734127044678,-1,-1,-1
272,-1,228.62521362304688,24.910701751708984,320.43878173828125,167.69515991210938,0.6602253913879395,-1,-1,-1
273,-1,237.96141052246094,148.5161590576172,314.84088134765625,211.0419464111328,0.8497011065483093,-1,-1,-1
273,-1,228.59927368164062,24.93813133239746,320.46087646484375,167.57647705078125,0.6499050855636597,-1,-1,-1
274,-1,238.19273376464844,156.1914825439453,316.4385681152344,213.71392822265625,0.7921728491783142,-1,-1,-1
274,-1,228.88226318359375,25.324872970581055,320.59307861328125,167.58908081054688,0.5501876473426819,-1,-1,-1
275,-1,238.14186096191406,156.2050323486328,316.4307861328125,213.7361297607422,0.7964248657226562,-1,-1,-1
275,-1,228.8827362060547,25.32541275024414,320.58648681640625,167.70220947265625,0.5460103750228882,-1,-1,-1
276,-1,242.34164428710938,157.49966430664062,315.8714599609375,214.34283447265625,0.8573489785194397,-1,-1,-1
276,-1,228.12591552734375,24.78891372680664,320.8502502441406,169.11424255371094,0.5820056796073914,-1,-1,-1
277,-1,242.4083251953125,157.50755310058594,315.88446044921875,214.29705810546875,0.8613036870956421,-1,-1,-1
277,-1,228.15887451171875,24.832746505737305,320.8526306152344,168.94696044921875,0.5830099582672119,-1,-1,-1
278,-1,243.995361328125,157.9464111328125,316.8826904296875,215.40545654296875,0.8610279560089111,-1,-1,-1
278,-1,226.95950317382812,23.993261337280273,321.1807556152344,171.2700958251953,0.6757655739784241,-1,-1,-1
279,-1,243.81727600097656,157.84423828125,316.89678955078125,215.4040069580078,0.8632912635803223,-1,-1,-1
279,-1,226.96145629882812,23.985923767089844,321.180908203125,171.0876922607422,0.6925998330116272,-1,-1,-1
280,-1,243.9454345703125,157.79776000976562,316.26666259765625,214.85609436035156,0.8596104383468628,-1,-1,-1
280,-1,227.0619354248047,25.99418067932129,321.6567687988281,167.94879150390625,0.727354109287262,-1,-1,-1
281,-1,243.9254608154297,157.73756408691406,316.22393798828125,214.89524841308594,0.8642539381980896,-1,-1,-1
281,-1,227.08761596679688,25.929195404052734,321.6464538574219,167.88467407226562,0.7306972146034241,-1,-1,-1
282,-1,242.76329040527344,157.71092224121094,316.2018737792969,215.3769989013672,0.8758710622787476,-1,-1,-1
282,-1,227.9688720703125,24.820316314697266,321.087890625,169.81622314453125,0.6199021935462952,-1,-1,-1
283,-1,242.75027465820312,157.76846313476562,316.1603088378906,215.28884887695312,0.8774762749671936,-1,-1,-1
283,-1,227.92498779296875,24.819053649902344,321.1499328613281,169.81857299804688,0.6244022846221924,-1,-1,-1
284,-1,241.02491760253906,158.5052032470703,316.1929626464844,214.55303955078125,0.883293092250824,-1,-1,-1
285,-1,241.0324249267578,158.53843688964844,316.3070983886719,214.54115295410156,0.880034863948822,-1,-1,-1
286,-1,241.64498901367188,158.3469696044922,315.520263671875,214.12899780273438,0.9273464679718018,-1,-1,-1
287,-1,241.67471313476562,158.28529357910156,315.4794006347656,214.1461639404297,0.9289982318878174,-1,-1,-1
288,-1,238.00978088378906,159.0911865234375,317.2033386230469,212.8765411376953,0.9142122268676758,-1,-1,-1
289,-1,238.00250244140625,159.01974487304688,317.1953430175781,212.90478515625,0.9182788729667664,-1,-1,-1
290,-1,239.82296752929688,160.42942810058594,313.4005432128906,213.9403076171875,0.5069045424461365,-1,-1,-1
291,-1,240.00079345703125,160.2591094970703,313.468505859375,214.00978088378906,0.5503044128417969,-1,-1,-1
292,-1,239.1537628173828,158.625732421875,314.87567138671875,213.62318420410156,0.8181770443916321,-1,-1,-1
293,-1,239.05758666992188,158.73687744140625,314.7464294433594,213.50466918945312,0.7992926239967346,-1,-1,-1
294,-1,237.526123046875,159.0526580810547,315.37359619140625,213.67462158203125,0.9025591015815735,-1,-1,-1
295,-1,237.5505828857422,158.97982788085938,315.4061584472656,213.73272705078125,0.9037437438964844,-1,-1,-1
296,-1,237.1295928955078,158.63253784179688,314.68218994140625,213.67202758789062,0.888482928276062,-1,-1,-1
297,-1,237.07440185546875,158.65609741210938,314.6450500488281,213.6401824951172,0.8929409384727478,-1,-1,-1
298,-1,236.07652282714844,159.55340576171875,315.687255859375,212.7551727294922,0.8543965220451355,-1,-1,-1
299,-1,235.9710693359375,159.52247619628906,315.6828918457031,212.71328735351562,0.8552639484405518,-1,-1,-1
300,-1,233.7091064453125,158.4661407470703,316.25592041015625,213.76727294921875,0.7999083399772644,-1,-1,-1
301,-1,233.81117248535156,158.79690551757812,316.169921875,213.80662536621094,0.7971053123474121,-1,-1,-1
302,-1,230.9824981689453,157.81695556640625,318.2981262207031,213.16026306152344,0.8560183644294739,-1,-1,-1
303,-1,230.78004455566406,157.90884399414062,318.45391845703125,213.0041961669922,0.8573691844940186,-1,-1,-1
304,-1,231.23440551757812,160.4373016357422,317.45050048828125,214.28598022460938,0.6691959500312805,-1,-1,-1
304,-1,227.09642028808594,28.300071716308594,321.5823059082031,79.63392639160156,0.6012197136878967,-1,-1,-1
305,-1,231.30784606933594,160.4770050048828,317.3236083984375,214.27627563476562,0.6636269688606262,-1,-1,-1
305,-1,227.11459350585938,28.30470085144043,321.6129150390625,79.62202453613281,0.6033871173858643,-1,-1,-1
306,-1,229.88528442382812,161.27662658691406,317.5816650390625,212.8686065673828,0.7452275156974792,-1,-1,-1
306,-1,227.65200805664062,26.015830993652344,320.01727294921875,80.302734375,0.5979451537132263,-1,-1,-1
307,-1,229.89437866210938,161.25567626953125,317.5650634765625,212.83399963378906,0.74449622631073,-1,-1,-1
307,-1,227.69692993164062,26.021886825561523,319.97515869140625,80.3015365600586,0.6070603132247925,-1,-1,-1
308,-1,228.83924865722656,25.95842742919922,321.73358154296875,171.15304565429688,0.8658370971679688,-1,-1,-1
308,-1,228.62815856933594,163.93463134765625,320.2740783691406,212.78726196289062,0.5657190680503845,-1,-1,-1
309,-1,228.90576171875,26.008800506591797,321.7012023925781,171.20997619628906,0.8586252927780151,-1,-1,-1
309,-1,228.60108947753906,163.87635803222656,320.28778076171875,212.72523498535156,0.574664831161499,-1,-1,-1
310,-1,229.14492797851562,27.30485725402832,320.60504150390625,169.39588928222656,0.8680515289306641,-1,-1,-1
310,-1,228.19204711914062,161.25350952148438,320.3923034667969,212.0372772216797,0.7437031865119934,-1,-1,-1
311,-1,229.0902862548828,27.340463638305664,320.65362548828125,169.28089904785156,0.8708343505859375,-1,-1,-1
311,-1,228.16403198242188,161.37835693359375,320.4841613769531,211.97494506835938,0.747223973274231,-1,-1,-1
312,-1,228.66319274902344,159.0629119873047,320.0494689941406,211.90975952148438,0.8111807107925415,-1,-1,-1
312,-1,230.3622283935547,27.339595794677734,318.14898681640625,80.390625,0.6445202231407166,-1,-1,-1
313,-1,228.61837768554688,159.0561065673828,320.034912109375,211.935791015625,0.8075195550918579,-1,-1,-1
313,-1,230.50320434570312,27.32047462463379,318.1504211425781,80.47987365722656,0.6496718525886536,-1,-1,-1
314,-1,228.56703186035156,157.95297241210938,319.75299072265625,211.8603973388672,0.8623306155204773,-1,-1,-1
315,-1,228.54647827148438,157.89700317382812,319.79547119140625,211.8424072265625,0.8596581816673279,-1,-1,-1
316,-1,228.24063110351562,158.44708251953125,319.34954833984375,211.640625,0.8680102229118347,-1,-1,-1
316,-1,224.95835876464844,27.597545623779297,325.87237548828125,202.99362182617188,0.5988118052482605,-1,-1,-1
317,-1,228.23028564453125,158.37356567382812,319.33074951171875,211.6630859375,0.8630993366241455,-1,-1,-1
317,-1,224.9667205810547,27.664794921875,325.8468017578125,202.98512268066406,0.6082528829574585,-1,-1,-1
318,-1,229.4702911376953,158.6725311279297,316.3997497558594,212.26397705078125,0.9055154919624329,-1,-1,-1
319,-1,229.46490478515625,158.5335235595703,316.43963623046875,212.2339630126953,0.9061270952224731,-1,-1,-1
320,-1,229.1787567138672,157.7874755859375,307.28289794921875,214.81182861328125,0.8817020058631897,-1,-1,-1
321,-1,229.0768280029297,157.83302307128906,307.4038391113281,214.70716857910156,0.8808974027633667,-1,-1,-1
322,-1,232.01455688476562,136.71009826660156,315.4014892578125,212.1251983642578,0.7986400127410889,-1,-1,-1
323,-1,232.0065460205078,136.58848571777344,315.4031677246094,212.14085388183594,0.8020776510238647,-1,-1,-1
328,-1,223.9810333251953,107.9776840209961,308.5090026855469,213.37594604492188,0.8224884867668152,-1,-1,-1
329,-1,224.00392150878906,107.7203598022461,308.52447509765625,213.4629669189453,0.8311469554901123,-1,-1,-1
332,-1,208.94970703125,24.287073135375977,292.3666076660156,82.47088623046875,0.6615586876869202,-1,-1,-1
333,-1,208.9635009765625,24.300607681274414,292.2098083496094,82.43900299072266,0.6589013934135437,-1,-1,-1
334,-1,247.92161560058594,95.1617431640625,300.38287353515625,211.8470916748047,0.6401852965354919,-1,-1,-1
334,-1,206.49925231933594,28.880191802978516,279.60986328125,92.13548278808594,0.5580987334251404,-1,-1,-1
335,-1,248.06265258789062,95.0408706665039,300.31451416015625,211.968017578125,0.6239621639251709,-1,-1,-1
335,-1,206.46360778808594,28.887775421142578,279.6380310058594,92.13660430908203,0.5543851852416992,-1,-1,-1
336,-1,208.4510955810547,29.631629943847656,277.1799011230469,97.29566955566406,0.8139140605926514,-1,-1,-1
336,-1,239.94204711914062,91.28861999511719,296.49761962890625,215.22384643554688,0.6412203907966614,-1,-1,-1
337,-1,208.4489288330078,29.60105323791504,277.2231750488281,97.43400573730469,0.809111475944519,-1,-1,-1
337,-1,239.86585998535156,91.21295928955078,296.4797668457031,215.33023071289062,0.6608209609985352,-1,-1,-1
338,-1,207.20510864257812,29.83759880065918,277.13671875,106.62786102294922,0.6744899749755859,-1,-1,-1
338,-1,239.89443969726562,94.50116729736328,296.95599365234375,211.17718505859375,0.5803828239440918,-1,-1,-1
339,-1,207.2659149169922,29.864566802978516,277.0807800292969,106.53923797607422,0.666341245174408,-1,-1,-1
339,-1,239.86570739746094,94.48184967041016,296.87176513671875,211.31085205078125,0.5915653109550476,-1,-1,-1
340,-1,210.0865478515625,29.334049224853516,287.0302429199219,111.36180114746094,0.8276047110557556,-1,-1,-1
340,-1,239.9832305908203,95.36978912353516,296.7406921386719,210.2899627685547,0.7940121293067932,-1,-1,-1
341,-1,210.16488647460938,29.47880744934082,286.9849853515625,111.40470123291016,0.8319143652915955,-1,-1,-1
341,-1,240.17202758789062,95.53189849853516,296.7041015625,210.1676788330078,0.7754766345024109,-1,-1,-1
342,-1,210.60594177246094,30.338212966918945,285.362548828125,116.96561431884766,0.6611855626106262,-1,-1,-1
343,-1,210.50123596191406,30.34873390197754,285.43115234375,117.23312377929688,0.6774544715881348,-1,-1,-1
344,-1,211.12557983398438,29.857648849487305,284.7256774902344,116.00008392333984,0.509692370891571,-1,-1,-1
345,-1,211.2273406982422,29.90503692626953,284.5995788574219,115.67291259765625,0.514496386051178,-1,-1,-1
346,-1,210.32147216796875,30.028438568115234,285.4659423828125,119.60131072998047,0.543298065662384,-1,-1,-1
347,-1,210.2303924560547,30.05039405822754,285.5127258300781,119.65170288085938,0.5652969479560852,-1,-1,-1
348,-1,210.30210876464844,29.73479652404785,285.1767883300781,120.26524353027344,0.8059025406837463,-1,-1,-1
348,-1,238.0963897705078,95.62860107421875,297.37359619140625,208.81973266601562,0.5675872564315796,-1,-1,-1
349,-1,210.23153686523438,29.736949920654297,285.2095642089844,120.27983856201172,0.8084753155708313,-1,-1,-1
349,-1,238.24923706054688,95.57443237304688,297.2431640625,208.7501678466797,0.5664481520652771,-1,-1,-1
350,-1,210.9329071044922,29.572471618652344,284.681396484375,114.18968200683594,0.6998656392097473,-1,-1,-1
351,-1,210.95297241210938,29.595354080200195,284.61541748046875,113.8195571899414,0.7048923969268799,-1,-1,-1
352,-1,207.57254028320312,31.39500617980957,278.74005126953125,113.05885314941406,0.7920266389846802,-1,-1,-1
353,-1,207.46925354003906,31.336870193481445,278.8213195800781,113.05400085449219,0.793929398059845,-1,-1,-1
354,-1,207.30398559570312,32.21659851074219,276.91937255859375,111.82151794433594,0.852775514125824,-1,-1,-1
354,-1,220.0187530517578,155.55267333984375,304.55303955078125,214.6002960205078,0.5418933033943176,-1,-1,-1
355,-1,207.36541748046875,32.17881393432617,276.9515686035156,111.72029876708984,0.8438724875450134,-1,-1,-1
355,-1,219.94203186035156,155.67478942871094,304.617431640625,214.62033081054688,0.5413265824317932,-1,-1,-1
356,-1,206.48851013183594,32.53105926513672,276.3623352050781,109.6435775756836,0.5206828713417053,-1,-1,-1
357,-1,206.3116455078125,32.52097702026367,276.43109130859375,109.79615783691406,0.5444436073303223,-1,-1,-1
357,-1,219.69541931152344,154.29486083984375,304.0371398925781,213.69357299804688,0.504522979259491,-1,-1,-1
360,-1,217.26280212402344,157.84156799316406,307.97320556640625,212.85414123535156,0.6341202259063721,-1,-1,-1
360,-1,205.45135498046875,32.85003662109375,277.6278381347656,109.38439178466797,0.5065104365348816,-1,-1,-1
361,-1,217.19435119628906,157.9847869873047,308.028564453125,212.83102416992188,0.6497947573661804,-1,-1,-1
370,-1,205.4539337158203,32.418212890625,275.3628234863281,106.26229858398438,0.5477532148361206,-1,-1,-1
371,-1,205.36611938476562,32.32329177856445,275.3663024902344,106.52544403076172,0.5547770261764526,-1,-1,-1
372,-1,205.6127166748047,31.58556365966797,276.4407653808594,108.90184783935547,0.5420573949813843,-1,-1,-1
373,-1,205.59190368652344,31.482038497924805,276.3125,108.66395568847656,0.5384947061538696,-1,-1,-1
378,-1,224.18536376953125,123.91706848144531,312.631591796875,208.7665557861328,0.7549170255661011,-1,-1,-1
379,-1,224.3668975830078,123.71459197998047,312.55731201171875,208.65948486328125,0.7532099485397339,-1,-1,-1
380,-1,232.28750610351562,123.20433044433594,316.5046081542969,210.2445526123047,0.7141159176826477,-1,-1,-1
380,-1,214.83412170410156,32.51045227050781,260.7483825683594,102.7863998413086,0.6648962497711182,-1,-1,-1
381,-1,232.2423553466797,122.87405395507812,316.5390319824219,210.26165771484375,0.7171828746795654,-1,-1,-1
381,-1,214.8678436279297,32.607269287109375,260.8089599609375,102.58435821533203,0.6774605512619019,-1,-1,-1
382,-1,214.6253662109375,31.53617286682129,261.7271728515625,101.80437469482422,0.904818594455719,-1,-1,-1
382,-1,233.0287322998047,132.2012939453125,316.78851318359375,211.70071411132812,0.8229150176048279,-1,-1,-1
383,-1,214.6654510498047,31.547853469848633,261.69342041015625,101.90943908691406,0.888468861579895,-1,-1,-1
383,-1,233.048583984375,131.7715301513672,316.7032165527344,211.65802001953125,0.825883686542511,-1,-1,-1
384,-1,233.27798461914062,127.82146453857422,315.5846862792969,209.97216796875,0.8084128499031067,-1,-1,-1
384,-1,214.55018615722656,32.36520767211914,261.7224426269531,99.61212158203125,0.6723671555519104,-1,-1,-1
385,-1,233.36668395996094,127.86499786376953,315.53924560546875,210.06385803222656,0.8229906558990479,-1,-1,-1
385,-1,214.50865173339844,32.4129638671875,261.70660400390625,99.45447540283203,0.6847579479217529,-1,-1,-1
386,-1,233.75079345703125,125.82180786132812,315.1112060546875,209.79209899902344,0.5341479182243347,-1,-1,-1
386,-1,217.63327026367188,30.441001892089844,262.5374450683594,79.45611572265625,0.505708634853363,-1,-1,-1
387,-1,233.75759887695312,125.7961196899414,315.10614013671875,209.796875,0.5173720121383667,-1,-1,-1
388,-1,220.38047790527344,32.299007415771484,260.3355712890625,97.77191162109375,0.6067668795585632,-1,-1,-1
389,-1,220.4220428466797,32.325706481933594,260.37152099609375,97.73823547363281,0.6015705466270447,-1,-1,-1
