20,-1,163.1187744140625,65.50640106201172,192.4063262939453,111.67516326904297,0.5485126972198486,-1,-1,-1
21,-1,163.125732421875,65.4679183959961,192.4320831298828,111.70831298828125,0.5465613603591919,-1,-1,-1
68,-1,162.70053100585938,66.72251892089844,192.2337646484375,108.913330078125,0.5141740441322327,-1,-1,-1
69,-1,162.6534423828125,66.71370697021484,192.20201110839844,109.04137420654297,0.5048101544380188,-1,-1,-1
70,-1,162.56439208984375,66.51128387451172,192.2712860107422,109.15400695800781,0.5271141529083252,-1,-1,-1
71,-1,162.54713439941406,66.5081558227539,192.23681640625,109.07841491699219,0.5129315257072449,-1,-1,-1
72,-1,162.11972045898438,66.75483703613281,191.9039306640625,109.40414428710938,0.5152567028999329,-1,-1,-1
78,-1,161.96466064453125,66.7650146484375,192.08889770507812,109.30330657958984,0.5078790783882141,-1,-1,-1
81,-1,162.19534301757812,66.71866607666016,192.2141876220703,109.1036148071289,0.5041240453720093,-1,-1,-1
82,-1,162.04714965820312,66.79105377197266,192.04847717285156,109.36030578613281,0.5317395329475403,-1,-1,-1
83,-1,162.0317840576172,66.63312530517578,192.1591033935547,109.5917739868164,0.5422253012657166,-1,-1,-1
84,-1,162.10101318359375,66.66639709472656,192.1031036376953,109.48716735839844,0.5182660818099976,-1,-1,-1
85,-1,162.08157348632812,66.59381103515625,192.14053344726562,109.8077621459961,0.5061799883842468,-1,-1,-1
86,-1,162.1312255859375,66.69335174560547,192.02349853515625,109.60676574707031,0.5206772089004517,-1,-1,-1
87,-1,162.268798828125,66.79925537109375,192.097412109375,108.99006652832031,0.553714394569397,-1,-1,-1
88,-1,162.43603515625,67.01521301269531,191.96678161621094,108.85458374023438,0.5507205128669739,-1,-1,-1
89,-1,162.3194580078125,66.92447662353516,192.06114196777344,109.23949432373047,0.5540210008621216,-1,-1,-1
90,-1,162.09214782714844,66.49425506591797,192.06988525390625,110.18472290039062,0.5115002393722534,-1,-1,-1
91,-1,162.13336181640625,66.51826477050781,192.05841064453125,110.09152221679688,0.5053234696388245,-1,-1,-1
93,-1,162.0099639892578,66.44478607177734,192.1602783203125,110.14823150634766,0.5520226955413818,-1,-1,-1
94,-1,162.03359985351562,66.36331176757812,192.14724731445312,110.09805297851562,0.5280200242996216,-1,-1,-1
96,-1,161.9071807861328,66.3665771484375,192.16207885742188,110.34635162353516,0.5038243532180786,-1,-1,-1
105,-1,162.53395080566406,66.02984619140625,192.53790283203125,110.50389099121094,0.5173296928405762,-1,-1,-1
106,-1,162.4318084716797,66.0025405883789,192.47210693359375,110.54686737060547,0.5040164589881897,-1,-1,-1
114,-1,162.08511352539062,66.32732391357422,192.35784912109375,109.63670349121094,0.5075956583023071,-1,-1,-1
115,-1,161.86474609375,66.75273132324219,192.44691467285156,109.52710723876953,0.5477990508079529,-1,-1,-1
116,-1,161.84934997558594,66.70574188232422,192.4720458984375,109.41655731201172,0.5540878176689148,-1,-1,-1
117,-1,161.74594116210938,66.72018432617188,192.58303833007812,109.52458953857422,0.5300498604774475,-1,-1,-1
118,-1,161.7524871826172,66.79656982421875,192.59188842773438,109.46977233886719,0.5376520752906799,-1,-1,-1
119,-1,161.70706176757812,66.84074401855469,192.56590270996094,109.45854187011719,0.5302309989929199,-1,-1,-1
120,-1,161.6318359375,67.02643585205078,192.5648651123047,109.329345703125,0.5427000522613525,-1,-1,-1
121,-1,161.59439086914062,67.06915283203125,192.52239990234375,109.6303939819336,0.5357915163040161,-1,-1,-1
122,-1,161.61083984375,67.10502624511719,192.51939392089844,109.83985900878906,0.5272141098976135,-1,-1,-1
123,-1,161.60067749023438,67.06867218017578,192.49722290039062,109.864013671875,0.5211153030395508,-1,-1,-1
124,-1,161.55809020996094,67.10782623291016,192.45314025878906,109.80548858642578,0.5191440582275391,-1,-1,-1
125,-1,161.52359008789062,67.06378936767578,192.3680419921875,109.51200103759766,0.535718560218811,-1,-1,-1
126,-1,161.6251220703125,67.10038757324219,192.40411376953125,109.64207458496094,0.525905191898346,-1,-1,-1
127,-1,161.63421630859375,67.04637145996094,192.49102783203125,109.66627502441406,0.5385816097259521,-1,-1,-1
128,-1,161.64712524414062,67.05488586425781,192.50364685058594,109.67533874511719,0.5364173650741577,-1,-1,-1
129,-1,161.66119384765625,66.98357391357422,192.5002899169922,109.64036560058594,0.556000292301178,-1,-1,-1
130,-1,161.55508422851562,66.93392181396484,192.41616821289062,109.50066375732422,0.5366368889808655,-1,-1,-1
131,-1,161.59326171875,66.95643615722656,192.4313201904297,109.42389678955078,0.5497610569000244,-1,-1,-1
132,-1,161.6496124267578,66.98429870605469,192.37872314453125,109.35734558105469,0.5452103018760681,-1,-1,-1
134,-1,161.65066528320312,67.1041030883789,192.2395477294922,109.80096435546875,0.5009470582008362,-1,-1,-1
140,-1,161.75982666015625,67.1728744506836,192.64329528808594,110.5445785522461,0.5161881446838379,-1,-1,-1
143,-1,161.85377502441406,67.09707641601562,192.59275817871094,110.11785125732422,0.5100491642951965,-1,-1,-1
144,-1,161.86422729492188,67.12567901611328,192.5668182373047,110.10124206542969,0.5091985464096069,-1,-1,-1
145,-1,161.85086059570312,67.28069305419922,192.51712036132812,109.85445404052734,0.5153957009315491,-1,-1,-1
146,-1,161.77352905273438,67.21017456054688,192.38815307617188,109.70611572265625,0.5025936365127563,-1,-1,-1
147,-1,161.7727813720703,67.22450256347656,192.38870239257812,109.64884948730469,0.5192937254905701,-1,-1,-1
158,-1,162.07711791992188,67.76107788085938,192.0347900390625,110.16246032714844,0.5104702711105347,-1,-1,-1
159,-1,162.11590576171875,67.72200012207031,192.07960510253906,109.82887268066406,0.5275248289108276,-1,-1,-1
160,-1,162.1318817138672,67.742919921875,192.08680725097656,109.75640106201172,0.5382270812988281,-1,-1,-1
161,-1,162.1375274658203,67.7440414428711,192.0932159423828,109.8143539428711,0.5332872271537781,-1,-1,-1
162,-1,162.18258666992188,67.78996276855469,192.12417602539062,109.61148834228516,0.5487328767776489,-1,-1,-1
163,-1,162.24993896484375,67.69339752197266,192.08721923828125,109.56224822998047,0.5469353199005127,-1,-1,-1
164,-1,162.19581604003906,67.70555877685547,192.06768798828125,109.55905151367188,0.546334981918335,-1,-1,-1
165,-1,162.18202209472656,67.72022247314453,192.10153198242188,109.5362548828125,0.5609801411628723,-1,-1,-1
166,-1,162.17527770996094,67.71589660644531,192.0887451171875,109.5574951171875,0.5575782656669617,-1,-1,-1
167,-1,162.2125244140625,67.73328399658203,192.12998962402344,109.64307403564453,0.5628804564476013,-1,-1,-1
168,-1,162.2329864501953,67.73869323730469,192.1485595703125,109.64289855957031,0.5714113712310791,-1,-1,-1
169,-1,162.23660278320312,67.71865844726562,192.22622680664062,109.40930938720703,0.595278799533844,-1,-1,-1
170,-1,162.22003173828125,67.66964721679688,192.21926879882812,109.3886947631836,0.6133024096488953,-1,-1,-1
171,-1,162.18544006347656,67.68927001953125,192.2247314453125,109.42862701416016,0.6123645901679993,-1,-1,-1
172,-1,162.15757751464844,67.56822204589844,192.2140655517578,109.67385864257812,0.6083308458328247,-1,-1,-1
173,-1,162.03948974609375,67.3666763305664,192.1226348876953,109.30592346191406,0.6077719926834106,-1,-1,-1
174,-1,162.0478515625,67.2757568359375,192.15660095214844,109.40045928955078,0.6115482449531555,-1,-1,-1
175,-1,162.00543212890625,67.28736114501953,192.19613647460938,109.25037384033203,0.6194882988929749,-1,-1,-1
176,-1,162.07579040527344,67.20162963867188,192.31703186035156,109.12593078613281,0.6480395793914795,-1,-1,-1
177,-1,162.0917510986328,67.22933197021484,192.3286590576172,109.10081481933594,0.6512378454208374,-1,-1,-1
178,-1,162.13229370117188,67.15597534179688,192.2947540283203,109.08768463134766,0.6501647233963013,-1,-1,-1
179,-1,162.21275329589844,67.11284637451172,192.28553771972656,109.11956787109375,0.6358876824378967,-1,-1,-1
180,-1,162.186767578125,67.08534240722656,192.2724609375,108.89482879638672,0.6325145959854126,-1,-1,-1
181,-1,162.14637756347656,67.03117370605469,192.3147735595703,109.10465240478516,0.6357594132423401,-1,-1,-1
182,-1,162.1333465576172,66.99951171875,192.32986450195312,109.090576171875,0.6387039422988892,-1,-1,-1
183,-1,162.1695556640625,66.89866638183594,192.2407684326172,109.4642562866211,0.5624712705612183,-1,-1,-1
184,-1,162.1009979248047,66.9543685913086,192.16921997070312,109.54927825927734,0.5419064164161682,-1,-1,-1
260,-1,109.64262390136719,66.58912658691406,141.16529846191406,115.15046691894531,0.5045403838157654,-1,-1,-1
262,-1,110.24178314208984,63.96065139770508,142.52481079101562,116.0216293334961,0.5675306916236877,-1,-1,-1
263,-1,110.2372817993164,63.952117919921875,142.5555877685547,116.0309066772461,0.5698500871658325,-1,-1,-1
264,-1,110.50172424316406,62.4875602722168,143.2066192626953,115.67662048339844,0.6813824772834778,-1,-1,-1
271,-1,107.7362060546875,57.21390914916992,147.65939331054688,120.04312896728516,0.5590682625770569,-1,-1,-1
293,-1,104.01200103759766,62.98659896850586,148.64739990234375,140.31951904296875,0.5652377009391785,-1,-1,-1
294,-1,103.2423324584961,63.18265151977539,149.434814453125,139.04879760742188,0.6366655230522156,-1,-1,-1
295,-1,103.27978515625,63.20079040527344,149.4864501953125,138.84303283691406,0.6442033052444458,-1,-1,-1
301,-1,106.71812438964844,59.918766021728516,157.34205627441406,141.79127502441406,0.6811193823814392,-1,-1,-1
302,-1,106.42599487304688,61.485809326171875,158.34481811523438,135.67913818359375,0.5620772242546082,-1,-1,-1
303,-1,113.86193084716797,60.46755599975586,162.1617889404297,138.39100646972656,0.775716245174408,-1,-1,-1
304,-1,112.34126281738281,60.249332427978516,162.98582458496094,140.37667846679688,0.8758123517036438,-1,-1,-1
304,-1,108.0975341796875,60.89348220825195,159.73814392089844,139.6713104248047,0.5408156514167786,-1,-1,-1
305,-1,111.79530334472656,60.85370635986328,163.41653442382812,139.39678955078125,0.8240274786949158,-1,-1,-1
306,-1,111.87066650390625,60.82696533203125,163.38560485839844,139.4770965576172,0.8225659132003784,-1,-1,-1
307,-1,112.39200592041016,61.74288558959961,163.40936279296875,139.67567443847656,0.5543263554573059,-1,-1,-1
308,-1,113.40132141113281,60.571144104003906,167.0813751220703,142.85086059570312,0.8090819716453552,-1,-1,-1
309,-1,115.27686309814453,60.37459945678711,167.89553833007812,140.575439453125,0.7077898979187012,-1,-1,-1
310,-1,118.76410675048828,59.425140380859375,170.2272186279297,142.662353515625,0.8371638059616089,-1,-1,-1
311,-1,118.74553680419922,59.411773681640625,170.2574005126953,142.7503662109375,0.8332129716873169,-1,-1,-1
312,-1,123.78009796142578,60.96928405761719,177.05665588378906,142.72647094726562,0.8393299579620361,-1,-1,-1
313,-1,122.31573486328125,59.729095458984375,178.54058837890625,141.53634643554688,0.8552289605140686,-1,-1,-1
314,-1,121.22852325439453,58.86161422729492,182.06951904296875,144.06649780273438,0.902273416519165,-1,-1,-1
315,-1,120.96156311035156,58.764896392822266,182.3839569091797,144.7188262939453,0.8671087026596069,-1,-1,-1
316,-1,121.01166534423828,58.85145950317383,182.50123596191406,144.907958984375,0.858965277671814,-1,-1,-1
318,-1,126.43992614746094,62.36024475097656,199.572265625,131.70864868164062,0.5213475823402405,-1,-1,-1
321,-1,127.9703369140625,60.14115524291992,201.4150848388672,133.7042999267578,0.6008487343788147,-1,-1,-1
322,-1,127.9559326171875,60.17957305908203,201.27340698242188,133.395751953125,0.6298955082893372,-1,-1,-1
330,-1,142.90625,66.01415252685547,215.49649047851562,140.75460815429688,0.6232044100761414,-1,-1,-1
335,-1,148.60025024414062,62.27180099487305,205.35952758789062,143.62965393066406,0.651336133480072,-1,-1,-1
336,-1,156.0457763671875,64.85693359375,227.168701171875,143.7825469970703,0.8396803736686707,-1,-1,-1
337,-1,154.6463165283203,63.00468826293945,230.8534393310547,146.42442321777344,0.7835739254951477,-1,-1,-1
338,-1,154.72657775878906,63.10393142700195,230.88987731933594,146.38475036621094,0.7876511216163635,-1,-1,-1
339,-1,156.70343017578125,63.93832778930664,231.38272094726562,145.77481079101562,0.833970844745636,-1,-1,-1
339,-1,155.5550994873047,69.82447052001953,232.31649780273438,152.9411163330078,0.5828251242637634,-1,-1,-1
340,-1,157.48867797851562,59.86659240722656,232.03433227539062,148.8701629638672,0.86937415599823,-1,-1,-1
341,-1,164.96676635742188,70.1395034790039,232.42037963867188,150.38128662109375,0.7358494997024536,-1,-1,-1
342,-1,166.90142822265625,71.85706329345703,235.12451171875,149.735595703125,0.755721390247345,-1,-1,-1
342,-1,167.2264404296875,67.29769134521484,240.64698791503906,143.40045166015625,0.6067880392074585,-1,-1,-1
343,-1,166.7410430908203,71.83930969238281,235.07728576660156,149.87747192382812,0.7321057915687561,-1,-1,-1
343,-1,167.0710906982422,67.16741943359375,240.69851684570312,143.5306396484375,0.6291928887367249,-1,-1,-1
344,-1,166.05877685546875,71.87980651855469,238.74270629882812,151.0867919921875,0.8851225972175598,-1,-1,-1
344,-1,166.98072814941406,67.55549621582031,243.33204650878906,143.09368896484375,0.5909658074378967,-1,-1,-1
345,-1,166.90956115722656,76.8863296508789,240.44451904296875,147.5718231201172,0.9677062034606934,-1,-1,-1
346,-1,166.93789672851562,78.15255737304688,238.42965698242188,147.6329345703125,0.8918478488922119,-1,-1,-1
347,-1,172.26229858398438,75.62628936767578,240.01278686523438,149.03707885742188,0.7443448305130005,-1,-1,-1
347,-1,172.76406860351562,68.87052154541016,242.4168243408203,139.72625732421875,0.5718512535095215,-1,-1,-1
348,-1,173.77845764160156,68.88076782226562,242.13116455078125,138.98300170898438,0.6751697063446045,-1,-1,-1
349,-1,173.73660278320312,68.67799377441406,242.07623291015625,139.09129333496094,0.658801794052124,-1,-1,-1
350,-1,172.1400146484375,72.16930389404297,243.66677856445312,150.59130859375,0.8357007503509521,-1,-1,-1
351,-1,172.33062744140625,69.81729125976562,242.9869384765625,152.36328125,0.9510083198547363,-1,-1,-1
352,-1,174.69821166992188,72.428466796875,242.3248291015625,150.41766357421875,0.826622724533081,-1,-1,-1
353,-1,176.1782989501953,74.02925872802734,247.83755493164062,148.9232177734375,0.9113249182701111,-1,-1,-1
354,-1,176.50875854492188,73.97576904296875,248.15115356445312,148.92515563964844,0.9090569615364075,-1,-1,-1
355,-1,176.9180450439453,70.73915100097656,249.6444854736328,152.28045654296875,0.9613345861434937,-1,-1,-1
356,-1,180.08389282226562,71.56613159179688,251.24021911621094,151.39865112304688,0.9813849329948425,-1,-1,-1
357,-1,180.79669189453125,71.56131744384766,253.20199584960938,150.60382080078125,0.9440049529075623,-1,-1,-1
358,-1,181.5181884765625,68.98238372802734,253.18124389648438,153.1152801513672,0.9745151996612549,-1,-1,-1
359,-1,181.7638397216797,69.1769027709961,253.1187286376953,153.08822631835938,0.970642626285553,-1,-1,-1
360,-1,183.79315185546875,69.41947937011719,251.71974182128906,153.05859375,0.9094188213348389,-1,-1,-1
360,-1,203.18185424804688,132.70928955078125,259.0456848144531,209.77456665039062,0.508287787437439,-1,-1,-1
361,-1,182.44276428222656,68.36200714111328,252.39633178710938,153.5699462890625,0.7074448466300964,-1,-1,-1
363,-1,193.81605529785156,72.1146240234375,257.1618347167969,148.5177459716797,0.7062303423881531,-1,-1,-1
363,-1,161.82090759277344,66.99231719970703,192.2647705078125,110.95103454589844,0.5551484823226929,-1,-1,-1
364,-1,196.07723999023438,72.00865936279297,258.8605651855469,148.6463165283203,0.6761668920516968,-1,-1,-1
364,-1,161.8733367919922,66.87517547607422,192.21652221679688,110.97209167480469,0.5230783820152283,-1,-1,-1
365,-1,195.93716430664062,72.0508041381836,258.82513427734375,148.4912567138672,0.6297322511672974,-1,-1,-1
365,-1,161.87730407714844,66.82417297363281,192.2563018798828,110.97538757324219,0.5209746360778809,-1,-1,-1
366,-1,194.97596740722656,71.74613952636719,257.4400634765625,149.3216094970703,0.8397541046142578,-1,-1,-1
366,-1,161.5470733642578,66.24656677246094,192.26406860351562,110.61346435546875,0.5390769839286804,-1,-1,-1
367,-1,161.76927185058594,66.33428955078125,192.28665161132812,109.76249694824219,0.5009257793426514,-1,-1,-1
368,-1,197.50267028808594,72.27898406982422,259.5773010253906,148.9100341796875,0.554196834564209,-1,-1,-1
368,-1,161.48724365234375,66.42351531982422,192.27830505371094,110.441650390625,0.5505589246749878,-1,-1,-1
369,-1,198.06887817382812,72.40374755859375,259.4426574707031,148.76197814941406,0.6759142875671387,-1,-1,-1
369,-1,161.444091796875,66.51941680908203,192.2798309326172,110.4041748046875,0.5702070593833923,-1,-1,-1
370,-1,198.11178588867188,72.40167236328125,259.500244140625,148.82730102539062,0.6577827334403992,-1,-1,-1
370,-1,161.43728637695312,66.54953002929688,192.28854370117188,110.34864044189453,0.5826804041862488,-1,-1,-1
371,-1,197.68917846679688,73.98323059082031,259.900390625,148.85768127441406,0.7790495157241821,-1,-1,-1
371,-1,161.4077606201172,66.7450942993164,192.30294799804688,110.18508911132812,0.609122633934021,-1,-1,-1
372,-1,196.4381561279297,74.02721405029297,258.562744140625,149.683837890625,0.7624621987342834,-1,-1,-1
372,-1,161.4795684814453,66.6611557006836,192.55963134765625,110.25142669677734,0.6029137372970581,-1,-1,-1
373,-1,161.42605590820312,66.60308837890625,192.6167449951172,110.31465911865234,0.5303926467895508,-1,-1,-1
374,-1,161.45326232910156,66.47740936279297,192.60198974609375,109.99568176269531,0.533470630645752,-1,-1,-1
375,-1,161.45401000976562,66.4400634765625,192.59454345703125,110.01654052734375,0.5236338973045349,-1,-1,-1
376,-1,161.46243286132812,66.33403778076172,192.5555419921875,109.94999694824219,0.559883713722229,-1,-1,-1
377,-1,161.45785522460938,66.34325408935547,192.56365966796875,109.9179916381836,0.5715025067329407,-1,-1,-1
382,-1,161.86532592773438,66.41490173339844,191.9515838623047,110.49925994873047,0.5300132036209106,-1,-1,-1
383,-1,161.99508666992188,66.52586364746094,191.99691772460938,110.46417999267578,0.5199763774871826,-1,-1,-1
384,-1,161.99659729003906,66.45801544189453,192.0432891845703,110.60089111328125,0.5531030893325806,-1,-1,-1
385,-1,162.09011840820312,66.60848999023438,192.21478271484375,110.3320083618164,0.613115668296814,-1,-1,-1
386,-1,162.0700225830078,66.5869140625,192.23141479492188,110.43785095214844,0.6109768152236938,-1,-1,-1
387,-1,161.94374084472656,66.73015594482422,192.310791015625,109.27864074707031,0.6402818560600281,-1,-1,-1
388,-1,161.98138427734375,66.74241638183594,192.345703125,109.03540802001953,0.6539942622184753,-1,-1,-1
389,-1,162.07992553710938,66.6448974609375,192.395263671875,109.08473205566406,0.6078733801841736,-1,-1,-1
390,-1,161.89979553222656,66.56056213378906,192.48045349121094,109.3118896484375,0.6469820737838745,-1,-1,-1
391,-1,228.58853149414062,77.96544647216797,268.14080810546875,140.8741455078125,0.7206580638885498,-1,-1,-1
391,-1,162.01446533203125,66.62515258789062,192.3597869873047,109.07144165039062,0.6816709041595459,-1,-1,-1
392,-1,228.53982543945312,77.96812438964844,268.10992431640625,140.8341522216797,0.723737359046936,-1,-1,-1
392,-1,162.05519104003906,66.62578582763672,192.34703063964844,109.06487274169922,0.6753002405166626,-1,-1,-1
393,-1,228.6424560546875,77.64392852783203,268.2503967285156,141.26617431640625,0.7292338609695435,-1,-1,-1
393,-1,161.93472290039062,66.7204818725586,192.30764770507812,109.20582580566406,0.6717436909675598,-1,-1,-1
394,-1,217.58432006835938,73.78583526611328,268.2358093261719,138.42881774902344,0.6997889876365662,-1,-1,-1
394,-1,161.7322998046875,66.61212158203125,192.3517608642578,109.75306701660156,0.6483097672462463,-1,-1,-1
395,-1,161.80856323242188,66.64117431640625,192.47572326660156,110.33685302734375,0.6232811808586121,-1,-1,-1
396,-1,161.95761108398438,66.6484146118164,192.48321533203125,110.32177734375,0.5872796177864075,-1,-1,-1
397,-1,161.95852661132812,66.64080047607422,192.45584106445312,110.33338165283203,0.5879717469215393,-1,-1,-1
398,-1,161.84530639648438,66.55818176269531,192.3460235595703,110.82299041748047,0.5981885194778442,-1,-1,-1
399,-1,161.84059143066406,66.52108001708984,192.36614990234375,111.35578918457031,0.5817000865936279,-1,-1,-1
400,-1,161.78909301757812,66.47594451904297,192.4351806640625,111.2665023803711,0.6033331751823425,-1,-1,-1
401,-1,228.5348663330078,73.79953002929688,271.4337463378906,135.42433166503906,0.8015483021736145,-1,-1,-1
401,-1,161.7872314453125,66.59557342529297,192.4229736328125,110.65721130371094,0.644098699092865,-1,-1,-1
402,-1,228.5034942626953,73.84286499023438,271.3955383300781,135.43934631347656,0.8041073083877563,-1,-1,-1
402,-1,161.7877960205078,66.59417724609375,192.40325927734375,110.63041687011719,0.6455000042915344,-1,-1,-1
403,-1,161.71389770507812,66.67135620117188,192.3722686767578,110.96002960205078,0.6114336252212524,-1,-1,-1
404,-1,161.69894409179688,66.5863265991211,192.4014434814453,110.71448516845703,0.637722373008728,-1,-1,-1
405,-1,161.74757385253906,66.59730529785156,192.46798706054688,110.54883575439453,0.6369519233703613,-1,-1,-1
405,-1,237.74179077148438,75.98384857177734,270.4314880371094,127.68568420410156,0.5612861514091492,-1,-1,-1
406,-1,161.7762451171875,66.5357666015625,192.52586364746094,110.26055145263672,0.6516647338867188,-1,-1,-1
407,-1,161.80853271484375,66.66417694091797,192.48492431640625,110.07972717285156,0.6322999596595764,-1,-1,-1
408,-1,161.82960510253906,66.63063049316406,192.4964141845703,110.1153793334961,0.6305931806564331,-1,-1,-1
409,-1,161.85305786132812,66.6974868774414,192.27642822265625,110.4526596069336,0.565331757068634,-1,-1,-1
410,-1,161.78855895996094,66.61767578125,192.3009490966797,110.58125305175781,0.5856415033340454,-1,-1,-1
411,-1,161.76394653320312,66.61736297607422,192.20913696289062,110.39434051513672,0.6103285551071167,-1,-1,-1
412,-1,161.64979553222656,66.56793212890625,192.21224975585938,110.78050994873047,0.5801425576210022,-1,-1,-1
413,-1,161.62884521484375,66.57488250732422,192.20750427246094,110.8291015625,0.5789991021156311,-1,-1,-1
414,-1,161.5357208251953,66.48152923583984,192.28170776367188,110.65023040771484,0.61906498670578,-1,-1,-1
415,-1,161.54466247558594,66.60602569580078,192.20115661621094,110.48069763183594,0.6110739707946777,-1,-1,-1
416,-1,161.53619384765625,66.79910278320312,192.0277557373047,110.54774475097656,0.5811067819595337,-1,-1,-1
417,-1,161.4297332763672,66.74736022949219,192.00851440429688,110.69944763183594,0.5564330220222473,-1,-1,-1
418,-1,161.42822265625,66.79522705078125,191.99093627929688,110.58506774902344,0.5554699301719666,-1,-1,-1
419,-1,161.3738250732422,66.69853210449219,192.08401489257812,110.92029571533203,0.5467531681060791,-1,-1,-1
420,-1,161.31813049316406,66.67816925048828,192.17628479003906,111.338134765625,0.5595502257347107,-1,-1,-1
421,-1,161.33470153808594,66.55797576904297,192.2439422607422,111.78096008300781,0.5444815158843994,-1,-1,-1
422,-1,161.3821258544922,66.5181884765625,192.25863647460938,111.70040130615234,0.548641562461853,-1,-1,-1
423,-1,161.39578247070312,66.60995483398438,192.29736328125,111.72491455078125,0.5365283489227295,-1,-1,-1
424,-1,161.40505981445312,66.5771484375,192.30816650390625,111.68278503417969,0.5438032150268555,-1,-1,-1
425,-1,161.27439880371094,66.6133804321289,192.34779357910156,111.39083862304688,0.5600688457489014,-1,-1,-1
426,-1,161.29913330078125,66.62967681884766,192.2756805419922,111.73481750488281,0.5148330926895142,-1,-1,-1
427,-1,161.37637329101562,66.61885833740234,192.41293334960938,111.31806945800781,0.5472851395606995,-1,-1,-1
428,-1,161.39202880859375,66.55830383300781,192.43606567382812,111.41282653808594,0.5475540161132812,-1,-1,-1
429,-1,161.36822509765625,66.55931091308594,192.46865844726562,111.44425201416016,0.5574880838394165,-1,-1,-1
430,-1,161.37442016601562,66.53131103515625,192.42794799804688,111.58349609375,0.5451676845550537,-1,-1,-1
431,-1,161.29818725585938,66.55081939697266,192.4271240234375,111.76284790039062,0.5527985692024231,-1,-1,-1
432,-1,161.2834930419922,66.50780487060547,192.41864013671875,111.80425262451172,0.5405866503715515,-1,-1,-1
433,-1,161.37977600097656,66.4697036743164,192.36952209472656,111.59097290039062,0.5293140411376953,-1,-1,-1
434,-1,161.32347106933594,66.46218872070312,192.34942626953125,111.54959106445312,0.5270432829856873,-1,-1,-1
435,-1,161.27459716796875,66.3757553100586,192.36000061035156,111.51445007324219,0.5383800268173218,-1,-1,-1
436,-1,161.26858520507812,66.37005615234375,192.35372924804688,111.41073608398438,0.5434423089027405,-1,-1,-1
437,-1,161.2759552001953,66.36809539794922,192.36634826660156,111.48773956298828,0.5361135005950928,-1,-1,-1
438,-1,161.2710723876953,66.34229278564453,192.36634826660156,111.41983032226562,0.5430898070335388,-1,-1,-1
457,-1,162.08285522460938,66.21804809570312,192.16976928710938,109.89025115966797,0.5032963752746582,-1,-1,-1
462,-1,161.92965698242188,66.3396987915039,192.14205932617188,109.89358520507812,0.5139096975326538,-1,-1,-1
463,-1,161.9096221923828,66.32872772216797,192.16734313964844,110.10382080078125,0.5123538374900818,-1,-1,-1
464,-1,161.7764434814453,66.23863983154297,192.2509002685547,110.28775787353516,0.523585319519043,-1,-1,-1
465,-1,161.81871032714844,66.19783782958984,192.24388122558594,110.24165344238281,0.5114579796791077,-1,-1,-1
466,-1,161.86285400390625,66.16876983642578,192.25985717773438,110.35128021240234,0.5107723474502563,-1,-1,-1
467,-1,161.848876953125,66.21646881103516,192.2592010498047,110.31452941894531,0.5127910375595093,-1,-1,-1
468,-1,161.886474609375,66.23846435546875,192.25421142578125,110.3604736328125,0.5009856224060059,-1,-1,-1
469,-1,161.85415649414062,66.24907684326172,192.26296997070312,110.43629455566406,0.5012136697769165,-1,-1,-1
489,-1,162.498046875,66.64459228515625,192.667724609375,110.53250885009766,0.5228907465934753,-1,-1,-1
490,-1,162.5210723876953,66.64730072021484,192.6326141357422,110.46709442138672,0.5167316198348999,-1,-1,-1
491,-1,162.61026000976562,66.73497009277344,192.70681762695312,110.57842254638672,0.5052105784416199,-1,-1,-1
492,-1,162.62454223632812,66.73650360107422,192.73907470703125,110.69463348388672,0.5102480053901672,-1,-1,-1
493,-1,162.67422485351562,66.69510650634766,192.79701232910156,110.7402114868164,0.5169700980186462,-1,-1,-1
494,-1,162.64559936523438,66.68911743164062,192.79153442382812,110.80682373046875,0.5114335417747498,-1,-1,-1
495,-1,162.70831298828125,66.94497680664062,192.6797332763672,110.23097229003906,0.5405707359313965,-1,-1,-1
496,-1,162.70591735839844,67.06730651855469,192.63079833984375,110.13719177246094,0.5556922554969788,-1,-1,-1
497,-1,162.65682983398438,67.13957214355469,192.59503173828125,110.24217987060547,0.5416476130485535,-1,-1,-1
498,-1,162.62615966796875,67.12205505371094,192.58253479003906,110.16157531738281,0.5643826127052307,-1,-1,-1
499,-1,162.62367248535156,67.15079498291016,192.55062866210938,110.12962341308594,0.561022162437439,-1,-1,-1
500,-1,162.6561279296875,67.13819885253906,192.56344604492188,110.04352569580078,0.5693419575691223,-1,-1,-1
501,-1,162.84669494628906,66.74954986572266,192.92715454101562,109.97675323486328,0.5076183080673218,-1,-1,-1
506,-1,162.78199768066406,66.87844848632812,192.81649780273438,109.81800079345703,0.5390945076942444,-1,-1,-1
509,-1,162.916748046875,66.82604217529297,192.75779724121094,110.05977630615234,0.5142223834991455,-1,-1,-1
510,-1,162.93057250976562,66.8494644165039,192.7478790283203,110.02135467529297,0.5191625356674194,-1,-1,-1
511,-1,162.9877471923828,66.93994140625,192.67440795898438,109.89148712158203,0.5248016119003296,-1,-1,-1
512,-1,162.83262634277344,66.69091796875,192.82211303710938,110.48568725585938,0.5359758734703064,-1,-1,-1
513,-1,162.87677001953125,66.63177490234375,192.84217834472656,110.48600769042969,0.5244197249412537,-1,-1,-1
514,-1,162.87088012695312,66.74081420898438,192.82501220703125,110.16065979003906,0.5518888831138611,-1,-1,-1
515,-1,162.91180419921875,66.7745132446289,192.83094787597656,110.12642669677734,0.5470212697982788,-1,-1,-1
516,-1,162.9012908935547,66.80436706542969,192.7735137939453,110.11132049560547,0.5249489545822144,-1,-1,-1
517,-1,162.899169921875,66.81661224365234,192.7918701171875,110.19499206542969,0.5302276611328125,-1,-1,-1
518,-1,162.97476196289062,66.99994659423828,192.71633911132812,110.33878326416016,0.5024009346961975,-1,-1,-1
519,-1,163.10743713378906,67.06900787353516,192.72596740722656,109.95977783203125,0.5156412720680237,-1,-1,-1
522,-1,163.02716064453125,66.81945037841797,192.63059997558594,110.19422149658203,0.5037276148796082,-1,-1,-1
523,-1,162.94923400878906,66.8823471069336,192.6957550048828,110.00605010986328,0.5288779139518738,-1,-1,-1
524,-1,162.8513946533203,66.60540008544922,192.72901916503906,110.1737060546875,0.5422503352165222,-1,-1,-1
525,-1,162.76976013183594,66.74654388427734,192.60531616210938,110.22834014892578,0.5079941749572754,-1,-1,-1
526,-1,162.75405883789062,66.71662139892578,192.6244354248047,110.15083312988281,0.5178582072257996,-1,-1,-1
527,-1,162.77513122558594,66.7820816040039,192.56944274902344,110.184814453125,0.5131363272666931,-1,-1,-1
528,-1,162.63528442382812,66.78363800048828,192.6320037841797,110.19671630859375,0.5296133756637573,-1,-1,-1
529,-1,162.6166534423828,66.71453857421875,192.6077880859375,109.97286987304688,0.5446454882621765,-1,-1,-1
530,-1,162.64080810546875,66.67849731445312,192.55027770996094,110.15278625488281,0.5368638038635254,-1,-1,-1
531,-1,162.61929321289062,66.65758514404297,192.56004333496094,110.2188491821289,0.5378391742706299,-1,-1,-1
532,-1,162.68154907226562,66.45555877685547,192.81689453125,110.3818588256836,0.5692484378814697,-1,-1,-1
533,-1,162.67767333984375,66.55706787109375,192.74598693847656,110.94937133789062,0.5246066451072693,-1,-1,-1
534,-1,162.56085205078125,66.57189178466797,192.60714721679688,110.61105346679688,0.5306969881057739,-1,-1,-1
535,-1,162.71212768554688,66.68745422363281,192.60366821289062,110.30716705322266,0.5348415970802307,-1,-1,-1
536,-1,162.69227600097656,66.43231201171875,192.80198669433594,110.672607421875,0.5491974353790283,-1,-1,-1
537,-1,162.6691436767578,66.42284393310547,192.79298400878906,110.70587158203125,0.5484169721603394,-1,-1,-1
538,-1,162.6434326171875,66.3136215209961,192.892578125,110.68342590332031,0.5529845356941223,-1,-1,-1
539,-1,162.5688934326172,66.3901596069336,192.78952026367188,110.67609405517578,0.5454820394515991,-1,-1,-1
540,-1,162.58145141601562,66.51138305664062,192.74473571777344,110.52136993408203,0.5519301295280457,-1,-1,-1
541,-1,162.653564453125,66.34536743164062,192.68734741210938,110.24324035644531,0.56253582239151,-1,-1,-1
542,-1,162.6887664794922,66.37149810791016,192.68606567382812,110.21627044677734,0.5613275170326233,-1,-1,-1
543,-1,162.62277221679688,66.35304260253906,192.669677734375,110.06816101074219,0.5678460597991943,-1,-1,-1
544,-1,162.6323699951172,66.29388427734375,192.8279266357422,109.97832489013672,0.5905293822288513,-1,-1,-1
545,-1,162.67718505859375,66.30680847167969,192.8032684326172,109.73957061767578,0.5933854579925537,-1,-1,-1
546,-1,162.76492309570312,66.35279083251953,192.9091796875,109.40152740478516,0.6021646857261658,-1,-1,-1
547,-1,162.74508666992188,66.3622817993164,192.89898681640625,109.39422607421875,0.5984547734260559,-1,-1,-1
548,-1,162.77252197265625,66.41259765625,192.91415405273438,109.28784942626953,0.6009645462036133,-1,-1,-1
549,-1,162.83493041992188,66.3653564453125,193.01210021972656,109.6355972290039,0.5880478024482727,-1,-1,-1
550,-1,162.7451934814453,66.30728149414062,192.94923400878906,109.82672882080078,0.5653237700462341,-1,-1,-1
551,-1,162.675048828125,66.31852722167969,193.05987548828125,110.21324920654297,0.5583690404891968,-1,-1,-1
552,-1,162.6500701904297,66.30104064941406,193.09373474121094,110.5975112915039,0.5483724474906921,-1,-1,-1
553,-1,162.6241455078125,66.30689239501953,193.0771026611328,110.45423126220703,0.5640919208526611,-1,-1,-1
554,-1,162.50714111328125,66.15847778320312,193.00259399414062,110.4195327758789,0.5634787082672119,-1,-1,-1
555,-1,162.57302856445312,66.2027587890625,193.03529357910156,110.435546875,0.5660262107849121,-1,-1,-1
557,-1,162.74781799316406,66.11925506591797,193.19227600097656,111.00950622558594,0.5071780681610107,-1,-1,-1
558,-1,162.7450714111328,66.14885711669922,193.2115936279297,110.96431732177734,0.5165694952011108,-1,-1,-1
559,-1,162.71156311035156,66.16377258300781,193.13824462890625,110.97630310058594,0.5015051960945129,-1,-1,-1
579,-1,162.73995971679688,65.98436737060547,192.31903076171875,110.8332290649414,0.532886803150177,-1,-1,-1
580,-1,162.7554168701172,65.99874877929688,192.30345153808594,110.87289428710938,0.5297302603721619,-1,-1,-1
584,-1,162.49923706054688,66.10072326660156,192.3697509765625,111.2023696899414,0.5331301689147949,-1,-1,-1
585,-1,162.454345703125,66.04998016357422,192.38661193847656,111.27881622314453,0.5402786731719971,-1,-1,-1
586,-1,162.51727294921875,66.03001403808594,192.31581115722656,110.93622589111328,0.5476537942886353,-1,-1,-1
587,-1,162.2339630126953,65.86029052734375,192.26683044433594,111.55889129638672,0.529273509979248,-1,-1,-1
591,-1,162.07583618164062,65.24220275878906,192.34231567382812,112.4638900756836,0.5445173382759094,-1,-1,-1
592,-1,162.182373046875,65.4400863647461,192.3997802734375,111.21347045898438,0.6305987238883972,-1,-1,-1
593,-1,162.1890869140625,64.96660614013672,192.36392211914062,111.74031066894531,0.5759045481681824,-1,-1,-1
594,-1,162.1900634765625,65.27206420898438,192.5120391845703,111.23008728027344,0.5970678925514221,-1,-1,-1
595,-1,162.0765380859375,65.4275894165039,192.3570556640625,111.30020141601562,0.5731976628303528,-1,-1,-1
596,-1,162.08212280273438,65.41548919677734,192.39244079589844,111.15860748291016,0.5835015773773193,-1,-1,-1
597,-1,162.1552276611328,65.74920654296875,192.3650360107422,110.40966796875,0.6294603943824768,-1,-1,-1
598,-1,162.1759796142578,65.34811401367188,192.39306640625,110.74458312988281,0.6102304458618164,-1,-1,-1
599,-1,162.32760620117188,65.36687469482422,192.4555206298828,110.4888687133789,0.6084775924682617,-1,-1,-1
600,-1,162.37936401367188,65.16385650634766,192.44403076171875,110.4559326171875,0.5655624270439148,-1,-1,-1
601,-1,162.39132690429688,65.15989685058594,192.45489501953125,110.47247314453125,0.5626720786094666,-1,-1,-1
602,-1,162.41065979003906,65.25536346435547,192.52276611328125,110.16793823242188,0.5596364140510559,-1,-1,-1
603,-1,162.45037841796875,65.15411376953125,192.43106079101562,110.28345489501953,0.5507122278213501,-1,-1,-1
604,-1,162.8391876220703,64.9893798828125,192.56744384765625,110.15966796875,0.542517900466919,-1,-1,-1
605,-1,162.77798461914062,65.08309936523438,192.6026611328125,109.8504409790039,0.5762580037117004,-1,-1,-1
606,-1,162.81591796875,65.07981872558594,192.62265014648438,109.82003784179688,0.5771716237068176,-1,-1,-1
607,-1,162.99607849121094,65.12248992919922,192.63978576660156,109.97582244873047,0.5826842784881592,-1,-1,-1
608,-1,163.0929412841797,65.02738189697266,192.54940795898438,110.33882904052734,0.5215383172035217,-1,-1,-1
662,-1,162.69967651367188,65.12124633789062,192.5668182373047,109.95899200439453,0.504690945148468,-1,-1,-1
663,-1,162.6665496826172,65.13810729980469,192.69090270996094,109.99490356445312,0.5184921622276306,-1,-1,-1
664,-1,162.79812622070312,65.0986099243164,192.7066192626953,109.75039672851562,0.5380483865737915,-1,-1,-1
665,-1,162.7322235107422,65.18682861328125,192.49163818359375,109.95980072021484,0.5005524158477783,-1,-1,-1
669,-1,162.86434936523438,65.27019500732422,192.4703826904297,109.99346923828125,0.5003283619880676,-1,-1,-1
670,-1,162.77784729003906,65.12863159179688,192.56849670410156,110.2066421508789,0.5325012803077698,-1,-1,-1
671,-1,162.78744506835938,65.10833740234375,192.56385803222656,110.11466979980469,0.535195529460907,-1,-1,-1
673,-1,162.72630310058594,65.20545196533203,192.54254150390625,110.24606323242188,0.5156733393669128,-1,-1,-1
694,-1,77.4671401977539,151.0257110595703,108.01323699951172,195.87872314453125,0.5418810844421387,-1,-1,-1
767,-1,72.64879608154297,155.10263061523438,114.34078216552734,195.89981079101562,0.5129734873771667,-1,-1,-1
768,-1,72.63189697265625,155.05191040039062,114.38689422607422,195.88128662109375,0.504346489906311,-1,-1,-1
769,-1,72.06420135498047,155.1753692626953,114.65382385253906,195.81460571289062,0.5019860863685608,-1,-1,-1
790,-1,73.19921112060547,154.097900390625,130.4269256591797,196.87762451171875,0.5082422494888306,-1,-1,-1
791,-1,72.9503173828125,154.29103088378906,130.60842895507812,197.0728302001953,0.5004771947860718,-1,-1,-1
792,-1,72.87098693847656,154.40150451660156,130.6459197998047,196.94337463378906,0.5139251947402954,-1,-1,-1
794,-1,73.2851333618164,153.99993896484375,130.38926696777344,196.77215576171875,0.5371022820472717,-1,-1,-1
795,-1,73.25421142578125,154.13070678710938,130.3985137939453,196.73670959472656,0.5396578311920166,-1,-1,-1
796,-1,73.14196014404297,154.07916259765625,130.41502380371094,196.697265625,0.5543853044509888,-1,-1,-1
797,-1,73.03900146484375,154.12701416015625,130.42684936523438,196.73724365234375,0.549494743347168,-1,-1,-1
798,-1,73.3087158203125,153.96591186523438,130.3016815185547,196.62014770507812,0.570775032043457,-1,-1,-1
799,-1,70.76958465576172,153.52523803710938,116.19833374023438,194.79818725585938,0.5569562911987305,-1,-1,-1
800,-1,70.75639343261719,153.55166625976562,116.32122039794922,194.75672912597656,0.5695182085037231,-1,-1,-1
800,-1,60.225643157958984,135.1437225341797,128.69737243652344,195.04666137695312,0.502590537071228,-1,-1,-1
801,-1,71.06987762451172,153.32705688476562,116.00614929199219,194.91168212890625,0.6564163565635681,-1,-1,-1
802,-1,70.83000946044922,153.3855743408203,116.43266296386719,194.7943572998047,0.6241365671157837,-1,-1,-1
803,-1,70.96756744384766,153.6243896484375,116.1844711303711,194.6509552001953,0.641728401184082,-1,-1,-1
804,-1,70.90166473388672,153.80812072753906,116.01724243164062,194.66758728027344,0.6247677206993103,-1,-1,-1
805,-1,70.86834716796875,153.89376831054688,116.06953430175781,194.67018127441406,0.6406514644622803,-1,-1,-1
806,-1,70.88117218017578,153.8324432373047,116.04685974121094,194.6796112060547,0.6689618229866028,-1,-1,-1
808,-1,71.27529907226562,154.50579833984375,115.13260650634766,195.3761444091797,0.6239956617355347,-1,-1,-1
809,-1,71.36421203613281,154.3603057861328,115.57220458984375,195.13951110839844,0.6682634949684143,-1,-1,-1
810,-1,71.923095703125,154.24134826660156,114.45433044433594,195.40115356445312,0.7458471059799194,-1,-1,-1
811,-1,72.09233093261719,154.20358276367188,114.18738555908203,195.41305541992188,0.7606909871101379,-1,-1,-1
812,-1,71.06391143798828,154.334228515625,115.10990142822266,195.02398681640625,0.7300504446029663,-1,-1,-1
813,-1,71.25515747070312,154.1463165283203,114.81724548339844,195.0599365234375,0.7543972730636597,-1,-1,-1
814,-1,71.66937255859375,154.00819396972656,114.70783233642578,195.126220703125,0.7363569736480713,-1,-1,-1
815,-1,71.9288558959961,153.9181671142578,114.5833511352539,195.37579345703125,0.7557993531227112,-1,-1,-1
816,-1,71.94683837890625,153.9371795654297,114.5860366821289,195.35797119140625,0.7606667280197144,-1,-1,-1
817,-1,72.35957336425781,154.12557983398438,114.42437744140625,195.21119689941406,0.7806022763252258,-1,-1,-1
818,-1,72.49048614501953,154.09925842285156,113.94902038574219,195.54705810546875,0.7950634360313416,-1,-1,-1
819,-1,72.26516723632812,154.24380493164062,114.16507720947266,195.58798217773438,0.7871879935264587,-1,-1,-1
820,-1,71.99028778076172,154.09230041503906,113.94766235351562,195.78475952148438,0.7592284083366394,-1,-1,-1
821,-1,72.00996398925781,154.10491943359375,113.93143463134766,195.77685546875,0.760470986366272,-1,-1,-1
822,-1,72.08069610595703,153.8880157470703,114.01763916015625,195.80178833007812,0.7468897700309753,-1,-1,-1
823,-1,72.44923400878906,153.76333618164062,113.94180297851562,195.5840606689453,0.7642395496368408,-1,-1,-1
824,-1,73.1939697265625,153.35482788085938,113.89983367919922,195.5640106201172,0.7921510338783264,-1,-1,-1
825,-1,73.3946304321289,153.88156127929688,114.39273834228516,195.05873107910156,0.728621244430542,-1,-1,-1
825,-1,161.8718719482422,65.81193542480469,192.10650634765625,111.39836120605469,0.5664761066436768,-1,-1,-1
826,-1,73.15215301513672,153.77777099609375,114.45829772949219,195.14614868164062,0.7063257098197937,-1,-1,-1
826,-1,161.8831787109375,65.59326171875,192.12908935546875,111.53787231445312,0.5495666861534119,-1,-1,-1
827,-1,73.09526824951172,153.79318237304688,114.47722625732422,195.17225646972656,0.7046546339988708,-1,-1,-1
827,-1,161.91641235351562,65.52837371826172,192.1624755859375,111.59996795654297,0.535694420337677,-1,-1,-1
828,-1,73.03181457519531,153.68853759765625,114.4511489868164,195.17501831054688,0.699095606803894,-1,-1,-1
828,-1,161.92979431152344,65.81230163574219,192.05819702148438,111.55970001220703,0.5025287866592407,-1,-1,-1
829,-1,73.49076080322266,153.99612426757812,114.04664611816406,195.20225524902344,0.7968785166740417,-1,-1,-1
830,-1,72.56849670410156,153.8144073486328,114.53833770751953,195.72894287109375,0.7137368321418762,-1,-1,-1
831,-1,73.1285400390625,153.34376525878906,114.44499969482422,195.76296997070312,0.6977166533470154,-1,-1,-1
832,-1,73.13611602783203,153.3634033203125,114.47149658203125,195.63021850585938,0.691861629486084,-1,-1,-1
833,-1,71.39027404785156,153.788330078125,115.51863861083984,195.93101501464844,0.616163432598114,-1,-1,-1
895,-1,162.14234924316406,66.18748474121094,191.84043884277344,109.79156494140625,0.5115717053413391,-1,-1,-1
903,-1,72.441650390625,152.78346252441406,115.0492172241211,194.9700164794922,0.5065557360649109,-1,-1,-1
904,-1,71.39437866210938,153.15066528320312,115.4066390991211,194.69195556640625,0.5360265374183655,-1,-1,-1
909,-1,59.523468017578125,133.5689239501953,129.26858520507812,196.1206817626953,0.5528543591499329,-1,-1,-1
1018,-1,79.19146728515625,151.74195861816406,127.68255615234375,195.73788452148438,0.5129910707473755,-1,-1,-1
1019,-1,79.3127212524414,152.3944091796875,126.92788696289062,196.42498779296875,0.6060689687728882,-1,-1,-1
1020,-1,79.27828216552734,152.34080505371094,126.92718505859375,196.48399353027344,0.610934317111969,-1,-1,-1
1021,-1,161.6714630126953,65.49850463867188,192.22373962402344,110.1194076538086,0.5893651247024536,-1,-1,-1
1021,-1,79.57955932617188,153.20346069335938,127.12866973876953,196.02536010742188,0.546478807926178,-1,-1,-1
1022,-1,161.77635192871094,65.44354248046875,192.26913452148438,110.41837310791016,0.5918119549751282,-1,-1,-1
1022,-1,72.25875854492188,153.00340270996094,115.43714904785156,194.74435424804688,0.5161119103431702,-1,-1,-1
1023,-1,161.88778686523438,65.65597534179688,192.14117431640625,110.10111999511719,0.5719503164291382,-1,-1,-1
1024,-1,161.8201446533203,65.59092712402344,192.16891479492188,110.34270477294922,0.5433671474456787,-1,-1,-1
1025,-1,162.04031372070312,65.97318267822266,191.93350219726562,110.02465057373047,0.5396564602851868,-1,-1,-1
1026,-1,162.04527282714844,65.99153900146484,191.89791870117188,109.99251556396484,0.5324050188064575,-1,-1,-1
1041,-1,162.3190460205078,66.47345733642578,191.44979858398438,109.1017074584961,0.500649094581604,-1,-1,-1
1042,-1,162.29859924316406,66.49756622314453,191.42733764648438,109.10731506347656,0.5030199289321899,-1,-1,-1
1043,-1,162.1311798095703,66.4212646484375,191.4412078857422,109.32339477539062,0.5164972543716431,-1,-1,-1
1044,-1,162.06295776367188,66.43824768066406,191.63015747070312,109.4921646118164,0.5582934021949768,-1,-1,-1
1045,-1,162.1237335205078,66.5146713256836,191.58201599121094,109.52006530761719,0.5015285611152649,-1,-1,-1
1097,-1,162.45831298828125,66.97532653808594,190.71022033691406,108.35123443603516,0.500546395778656,-1,-1,-1
1109,-1,163.6184539794922,67.04566192626953,191.22988891601562,107.07615661621094,0.5481435656547546,-1,-1,-1
1110,-1,163.71351623535156,67.17455291748047,191.19032287597656,106.38365173339844,0.659260630607605,-1,-1,-1
1111,-1,163.71542358398438,67.16869354248047,191.17703247070312,106.49712371826172,0.6516882181167603,-1,-1,-1
1112,-1,163.68971252441406,67.16326904296875,191.17758178710938,106.51263427734375,0.653465747833252,-1,-1,-1
1113,-1,163.11553955078125,66.87984466552734,191.4065704345703,107.54656219482422,0.6079189777374268,-1,-1,-1
1114,-1,163.09164428710938,67.0619888305664,191.44955444335938,107.8028335571289,0.541062593460083,-1,-1,-1
1115,-1,163.26138305664062,67.2017822265625,191.2446746826172,107.63278198242188,0.5517892241477966,-1,-1,-1
1116,-1,162.55389404296875,67.1219253540039,191.2777862548828,107.64781188964844,0.6194766759872437,-1,-1,-1
1117,-1,162.57789611816406,67.12767028808594,191.2608642578125,107.6553726196289,0.6208661198616028,-1,-1,-1
1118,-1,162.59849548339844,67.10233306884766,191.5293731689453,107.87891387939453,0.5937503576278687,-1,-1,-1
1123,-1,162.82240295410156,66.74137115478516,191.41567993164062,108.19928741455078,0.5247486233711243,-1,-1,-1
1124,-1,162.18162536621094,66.73353576660156,191.4044189453125,108.447265625,0.5184524059295654,-1,-1,-1
1127,-1,161.6298065185547,66.73181915283203,191.48257446289062,108.26305389404297,0.5014740228652954,-1,-1,-1
1128,-1,161.68402099609375,66.73673248291016,191.493408203125,108.27725982666016,0.5012181401252747,-1,-1,-1
1131,-1,161.80433654785156,66.55643463134766,191.6065673828125,108.2058334350586,0.5056504607200623,-1,-1,-1
1134,-1,162.55477905273438,66.62358093261719,191.77711486816406,107.7362289428711,0.5009805560112,-1,-1,-1
1135,-1,162.73455810546875,66.6741943359375,191.81842041015625,107.5696029663086,0.5234827995300293,-1,-1,-1
1136,-1,162.7693328857422,66.80029296875,191.75173950195312,107.2622299194336,0.5768009424209595,-1,-1,-1
1137,-1,162.93637084960938,67.08191680908203,191.45632934570312,106.8305435180664,0.5596769452095032,-1,-1,-1
1138,-1,162.92095947265625,67.08423614501953,191.45997619628906,106.85462188720703,0.5615940690040588,-1,-1,-1
1139,-1,162.79605102539062,66.97602844238281,191.5294189453125,106.71232604980469,0.6147574186325073,-1,-1,-1
1140,-1,163.09457397460938,66.71733093261719,191.76454162597656,106.64359283447266,0.6389415860176086,-1,-1,-1
1141,-1,163.18649291992188,66.98171997070312,191.53030395507812,106.34540557861328,0.6465201377868652,-1,-1,-1
1142,-1,163.11007690429688,66.93206787109375,191.56272888183594,106.63679504394531,0.6411064863204956,-1,-1,-1
1143,-1,163.1126708984375,67.04725646972656,191.46383666992188,106.66238403320312,0.6070383787155151,-1,-1,-1
1144,-1,163.0580291748047,67.0499038696289,191.4418182373047,106.67019653320312,0.604254961013794,-1,-1,-1
1145,-1,163.1686553955078,67.13280487060547,191.4966583251953,106.473388671875,0.6410960555076599,-1,-1,-1
1146,-1,163.12237548828125,67.15646362304688,191.4198455810547,106.52935028076172,0.6098132133483887,-1,-1,-1
1147,-1,162.9436492919922,66.9903564453125,191.57928466796875,107.01820373535156,0.5845162272453308,-1,-1,-1
1148,-1,162.56944274902344,66.87737274169922,191.45492553710938,107.37271881103516,0.5502256155014038,-1,-1,-1
1149,-1,162.51914978027344,66.85152435302734,191.42758178710938,107.51194763183594,0.5328347682952881,-1,-1,-1
1150,-1,162.61900329589844,67.0056381225586,191.47560119628906,106.8583755493164,0.608215868473053,-1,-1,-1
1151,-1,162.6320037841797,66.87934875488281,191.58363342285156,107.058349609375,0.607230007648468,-1,-1,-1
1152,-1,162.6215362548828,66.7392578125,191.66116333007812,107.44731140136719,0.6063833832740784,-1,-1,-1
1153,-1,162.97161865234375,66.8439712524414,191.64614868164062,107.21795654296875,0.5833391547203064,-1,-1,-1
1154,-1,163.2655029296875,67.1334228515625,191.4271240234375,106.9150390625,0.5532563328742981,-1,-1,-1
1155,-1,163.3303985595703,67.13565826416016,191.43359375,106.92436218261719,0.557452917098999,-1,-1,-1
1156,-1,163.8894500732422,67.39031219482422,191.1392059326172,106.5903091430664,0.5144616365432739,-1,-1,-1
1157,-1,163.92062377929688,67.27252960205078,191.3450469970703,106.6003189086914,0.5121984481811523,-1,-1,-1
1158,-1,163.69268798828125,67.32118225097656,191.32501220703125,106.83134460449219,0.5118601322174072,-1,-1,-1
1159,-1,163.54864501953125,67.03990936279297,191.55091857910156,106.97528839111328,0.5464317202568054,-1,-1,-1
1160,-1,163.49270629882812,67.04572296142578,191.50933837890625,106.96774291992188,0.5467522740364075,-1,-1,-1
1161,-1,163.89312744140625,67.17662048339844,191.4210205078125,107.16127014160156,0.5091742277145386,-1,-1,-1
1162,-1,163.9362335205078,67.26126098632812,191.4282989501953,106.85368347167969,0.5182077884674072,-1,-1,-1
1163,-1,164.16090393066406,67.34446716308594,191.41842651367188,106.69287109375,0.5114547610282898,-1,-1,-1
1164,-1,164.01278686523438,67.46449279785156,191.27597045898438,106.75956726074219,0.5063629150390625,-1,-1,-1
1169,-1,163.97378540039062,67.38053894042969,191.67636108398438,106.43327331542969,0.5014581084251404,-1,-1,-1
1170,-1,163.66712951660156,67.1735610961914,191.7700958251953,106.66666412353516,0.5340688228607178,-1,-1,-1
1171,-1,163.58045959472656,67.12450408935547,191.7961883544922,106.75691223144531,0.5439662337303162,-1,-1,-1
1172,-1,163.5118408203125,67.08041381835938,191.808349609375,106.95968627929688,0.5411787629127502,-1,-1,-1
1194,-1,161.69989013671875,67.1645278930664,191.6415557861328,108.92462158203125,0.5135692358016968,-1,-1,-1
1195,-1,161.72006225585938,67.21391296386719,191.82371520996094,109.20232391357422,0.544922411441803,-1,-1,-1
1196,-1,161.5370330810547,67.32694244384766,191.8531951904297,109.03301239013672,0.5317307114601135,-1,-1,-1
1197,-1,161.77146911621094,67.16378021240234,191.87701416015625,108.92151641845703,0.526627779006958,-1,-1,-1
1198,-1,161.78677368164062,67.1664047241211,191.89085388183594,108.82637786865234,0.5278361439704895,-1,-1,-1
1199,-1,161.9326934814453,66.99598693847656,191.89462280273438,108.91792297363281,0.5362101793289185,-1,-1,-1
1200,-1,161.79115295410156,67.12857818603516,191.91876220703125,108.63687133789062,0.5433258414268494,-1,-1,-1
1201,-1,161.76515197753906,67.10547637939453,191.92758178710938,108.61083984375,0.5349926948547363,-1,-1,-1
1202,-1,161.93408203125,67.05248260498047,191.92477416992188,108.21456909179688,0.5392593741416931,-1,-1,-1
1203,-1,161.87698364257812,67.05392456054688,191.91378784179688,108.2873764038086,0.5388566851615906,-1,-1,-1
1204,-1,161.95436096191406,66.97836303710938,191.89218139648438,108.23702239990234,0.5634334087371826,-1,-1,-1
1205,-1,161.94271850585938,66.84931945800781,191.85060119628906,108.45820617675781,0.5392935276031494,-1,-1,-1
1206,-1,162.03555297851562,66.81610107421875,191.97486877441406,108.72368621826172,0.5127158761024475,-1,-1,-1
1207,-1,162.0887908935547,66.83824157714844,192.0237579345703,108.56639862060547,0.5473318099975586,-1,-1,-1
1208,-1,162.11831665039062,66.84446716308594,192.01515197753906,108.52214050292969,0.5388982892036438,-1,-1,-1
1210,-1,162.64559936523438,66.7833251953125,192.1479034423828,108.61724853515625,0.5380803346633911,-1,-1,-1
1211,-1,162.66905212402344,66.65985870361328,192.12130737304688,108.6076889038086,0.5215457081794739,-1,-1,-1
1212,-1,162.76773071289062,66.61760711669922,192.17648315429688,108.66310119628906,0.5354928970336914,-1,-1,-1
1213,-1,162.729736328125,66.23714447021484,192.50552368164062,109.27948760986328,0.5515428781509399,-1,-1,-1
1214,-1,162.76242065429688,66.2638931274414,192.4854278564453,109.29696655273438,0.5594141483306885,-1,-1,-1
1215,-1,162.95042419433594,66.27912902832031,192.30099487304688,109.12052917480469,0.5525412559509277,-1,-1,-1
1216,-1,163.06639099121094,66.28812408447266,192.10528564453125,109.00273895263672,0.5906349420547485,-1,-1,-1
1217,-1,163.19151306152344,66.05970001220703,192.55276489257812,108.67549896240234,0.6486386656761169,-1,-1,-1
1218,-1,163.34933471679688,65.92176055908203,192.56761169433594,109.0402603149414,0.645502507686615,-1,-1,-1
1219,-1,163.38491821289062,65.86946105957031,192.59031677246094,109.0707778930664,0.6245015859603882,-1,-1,-1
1220,-1,163.37586975097656,65.80010223388672,192.42918395996094,108.93042755126953,0.6436935663223267,-1,-1,-1
1221,-1,163.1000518798828,65.62384033203125,192.24266052246094,109.63046264648438,0.6016718149185181,-1,-1,-1
1222,-1,162.92396545410156,65.11287689208984,192.17709350585938,110.78910064697266,0.6301936507225037,-1,-1,-1
1223,-1,165.48300170898438,64.1699447631836,191.68560791015625,98.97798919677734,0.6671936511993408,-1,-1,-1
1224,-1,165.4661865234375,64.18461608886719,191.63352966308594,98.94860076904297,0.6752568483352661,-1,-1,-1
1225,-1,165.58473205566406,64.13184356689453,191.63656616210938,98.82136535644531,0.6581059098243713,-1,-1,-1
1226,-1,165.52999877929688,64.26769256591797,191.60977172851562,98.80628967285156,0.6853461861610413,-1,-1,-1
1227,-1,165.48483276367188,64.44678497314453,191.32093811035156,98.77066040039062,0.6742420792579651,-1,-1,-1
1228,-1,164.92941284179688,64.05522155761719,191.13893127441406,99.0217514038086,0.7435752153396606,-1,-1,-1
1229,-1,164.86639404296875,64.1654052734375,191.042236328125,99.0038070678711,0.7315516471862793,-1,-1,-1
1230,-1,164.90045166015625,64.20307159423828,191.06411743164062,98.99364471435547,0.7307693362236023,-1,-1,-1
1231,-1,164.8721923828125,64.10533905029297,191.02566528320312,99.05052185058594,0.7293239831924438,-1,-1,-1
1232,-1,164.49562072753906,64.28438568115234,190.8015594482422,99.09857940673828,0.7187652587890625,-1,-1,-1
1233,-1,164.55751037597656,64.27970123291016,190.7492218017578,99.11244201660156,0.7196398377418518,-1,-1,-1
1234,-1,163.05697631835938,65.3167953491211,191.61932373046875,108.8743667602539,0.6232427954673767,-1,-1,-1
1235,-1,163.01654052734375,65.28561401367188,191.61866760253906,109.09762573242188,0.6117280721664429,-1,-1,-1
1236,-1,162.57957458496094,65.12017822265625,191.6163787841797,109.35069274902344,0.6209198832511902,-1,-1,-1
1237,-1,162.64498901367188,65.07194519042969,191.56887817382812,109.3936767578125,0.6822320222854614,-1,-1,-1
1238,-1,163.07888793945312,65.3466796875,191.40097045898438,108.87531280517578,0.686788022518158,-1,-1,-1
1239,-1,163.291015625,65.30542755126953,191.52188110351562,108.58467102050781,0.6714571118354797,-1,-1,-1
1240,-1,163.1336212158203,65.17311096191406,191.69248962402344,109.22530364990234,0.6876174211502075,-1,-1,-1
1241,-1,163.15884399414062,65.22010040283203,191.70005798339844,109.16839599609375,0.6838880181312561,-1,-1,-1
1242,-1,163.11279296875,65.11228942871094,191.6201934814453,109.08943939208984,0.6918404698371887,-1,-1,-1
1243,-1,162.8502197265625,65.14321899414062,191.50094604492188,109.2010726928711,0.668206512928009,-1,-1,-1
1244,-1,162.83155822753906,65.24261474609375,191.58631896972656,109.0226821899414,0.6719914674758911,-1,-1,-1
1245,-1,162.7382049560547,65.3652114868164,191.65818786621094,108.57028198242188,0.6835208535194397,-1,-1,-1
1246,-1,162.7836456298828,65.33197784423828,191.66358947753906,108.5798568725586,0.6870121359825134,-1,-1,-1
1247,-1,162.8199920654297,65.40435791015625,191.74783325195312,108.29134368896484,0.7216578125953674,-1,-1,-1
1248,-1,163.455078125,65.43991088867188,191.8739013671875,108.0685043334961,0.6920100450515747,-1,-1,-1
1249,-1,165.07093811035156,64.38072967529297,191.5070343017578,99.02857971191406,0.6654746532440186,-1,-1,-1
1250,-1,164.84573364257812,64.22034454345703,191.3990936279297,99.16285705566406,0.6547521948814392,-1,-1,-1
1251,-1,162.62356567382812,65.52471160888672,191.6223907470703,108.31254577636719,0.6147646307945251,-1,-1,-1
1252,-1,162.4803466796875,65.47071838378906,191.5135498046875,108.40559387207031,0.5662644505500793,-1,-1,-1
1253,-1,162.7495574951172,65.46339416503906,191.4198455810547,108.24746704101562,0.5542856454849243,-1,-1,-1
1309,-1,163.45579528808594,65.66566467285156,192.2655029296875,106.82168579101562,0.5168614387512207,-1,-1,-1
1310,-1,163.42530822753906,65.66709899902344,192.27777099609375,106.81521606445312,0.5122010707855225,-1,-1,-1
1312,-1,164.0902862548828,65.91705322265625,192.2067413330078,106.47003173828125,0.5580764412879944,-1,-1,-1
1313,-1,164.53298950195312,66.07107543945312,192.36895751953125,105.82000732421875,0.6315211653709412,-1,-1,-1
1314,-1,165.3150177001953,66.53909301757812,192.27169799804688,105.58605194091797,0.598884105682373,-1,-1,-1
1315,-1,164.89840698242188,66.63847351074219,192.3844757080078,105.22579193115234,0.6330699324607849,-1,-1,-1
1316,-1,164.9663543701172,66.64260864257812,192.38465881347656,105.25727844238281,0.6245232820510864,-1,-1,-1
1317,-1,165.42135620117188,66.76593017578125,192.07223510742188,105.20185852050781,0.5885074734687805,-1,-1,-1
1319,-1,165.72479248046875,66.58252716064453,192.11001586914062,104.91605377197266,0.5278217792510986,-1,-1,-1
1322,-1,166.47824096679688,66.20088195800781,191.89710998535156,105.23875427246094,0.5643089413642883,-1,-1,-1
1323,-1,166.61886596679688,66.2164535522461,191.84739685058594,105.2552490234375,0.5289455652236938,-1,-1,-1
1394,-1,164.73538208007812,65.7957992553711,191.3655242919922,106.17719268798828,0.5407000780105591,-1,-1,-1
1395,-1,164.3610382080078,65.83963775634766,191.27333068847656,106.54385375976562,0.5297439098358154,-1,-1,-1
1396,-1,164.3671417236328,65.8167495727539,191.2808380126953,106.5987319946289,0.5298892855644226,-1,-1,-1
1397,-1,164.93206787109375,66.06048583984375,191.0138702392578,105.74476623535156,0.6189135313034058,-1,-1,-1
1398,-1,165.37075805664062,66.17010498046875,190.88868713378906,105.95899200439453,0.6059370636940002,-1,-1,-1
1399,-1,166.1786651611328,66.02388763427734,190.98587036132812,106.07215118408203,0.598898708820343,-1,-1,-1
1400,-1,166.2083740234375,66.05508422851562,191.26564025878906,105.78374481201172,0.6518281102180481,-1,-1,-1
1401,-1,166.32473754882812,66.13146209716797,191.19586181640625,105.4653091430664,0.6372259855270386,-1,-1,-1
1402,-1,166.2389373779297,66.10041809082031,191.23300170898438,105.57161712646484,0.6460623145103455,-1,-1,-1
1403,-1,166.16867065429688,66.1465072631836,191.13174438476562,105.65423583984375,0.5995136499404907,-1,-1,-1
1404,-1,167.61544799804688,65.8034896850586,190.97547912597656,105.61026763916016,0.6205626130104065,-1,-1,-1
1405,-1,168.45574951171875,65.71483612060547,190.9517059326172,105.42729187011719,0.5962798595428467,-1,-1,-1
1406,-1,168.2744598388672,65.55439758300781,191.05995178222656,106.00248718261719,0.526954174041748,-1,-1,-1
1407,-1,168.26165771484375,65.53456115722656,191.0651397705078,106.03730773925781,0.5247784852981567,-1,-1,-1
1409,-1,167.5013427734375,65.90345001220703,191.02784729003906,105.23435974121094,0.5871918797492981,-1,-1,-1
1410,-1,167.53369140625,65.80278015136719,191.2275848388672,105.2777099609375,0.6285974979400635,-1,-1,-1
1411,-1,167.40602111816406,65.69591522216797,191.3784942626953,105.39146423339844,0.6191679239273071,-1,-1,-1
1412,-1,167.4034423828125,65.7010269165039,191.38246154785156,105.36627197265625,0.6278908848762512,-1,-1,-1
1413,-1,165.9927978515625,65.7839126586914,191.66583251953125,105.75144958496094,0.6062204241752625,-1,-1,-1
1414,-1,165.931640625,65.66545867919922,191.7452850341797,106.35661315917969,0.5678451657295227,-1,-1,-1
1415,-1,166.23538208007812,65.64730072021484,191.81512451171875,106.54881286621094,0.5513535141944885,-1,-1,-1
1416,-1,166.4179229736328,65.3771743774414,192.16763305664062,107.68770599365234,0.5883175730705261,-1,-1,-1
1417,-1,166.5693359375,65.39366149902344,192.12246704101562,107.73711395263672,0.5924396514892578,-1,-1,-1
1418,-1,166.55088806152344,65.36629486083984,192.0987548828125,107.7164306640625,0.5902112126350403,-1,-1,-1
1451,-1,166.61959838867188,65.14665985107422,192.4541473388672,109.15437316894531,0.5077736973762512,-1,-1,-1
1452,-1,165.9725799560547,64.97589111328125,192.62017822265625,109.09745788574219,0.5842092633247375,-1,-1,-1
1453,-1,166.34657287597656,65.19910430908203,192.42446899414062,108.59237670898438,0.5794700384140015,-1,-1,-1
1454,-1,166.21661376953125,65.01152801513672,192.64871215820312,108.68940734863281,0.5879244804382324,-1,-1,-1
1455,-1,166.2580108642578,65.06825256347656,192.57859802246094,108.57662200927734,0.6000233292579651,-1,-1,-1
1456,-1,167.08984375,64.44425201416016,192.30242919921875,109.39706420898438,0.5620408058166504,-1,-1,-1
1457,-1,167.3117218017578,64.6689682006836,192.24937438964844,109.28155517578125,0.5752564072608948,-1,-1,-1
1458,-1,166.5928955078125,64.21973419189453,192.6109619140625,109.82450103759766,0.5765813589096069,-1,-1,-1
1459,-1,166.16091918945312,64.09284210205078,192.64425659179688,110.20429229736328,0.5357645750045776,-1,-1,-1
1462,-1,166.75714111328125,64.24272918701172,192.73484802246094,110.26527404785156,0.5953754186630249,-1,-1,-1
1463,-1,166.70469665527344,64.45767974853516,192.72193908691406,109.88241577148438,0.5541462302207947,-1,-1,-1
1464,-1,166.6014404296875,64.46691131591797,192.71261596679688,110.01564025878906,0.5262324810028076,-1,-1,-1
1487,-1,165.79873657226562,64.981201171875,192.82107543945312,108.09274291992188,0.5035656690597534,-1,-1,-1
1489,-1,165.8543701171875,64.95069885253906,192.71424865722656,108.07817077636719,0.5341773629188538,-1,-1,-1
1490,-1,165.66143798828125,64.65249633789062,192.847412109375,108.77214050292969,0.542164146900177,-1,-1,-1
1491,-1,165.15408325195312,64.65422821044922,192.85423278808594,108.35626220703125,0.5666446089744568,-1,-1,-1
1492,-1,165.6199951171875,64.6151351928711,192.8807830810547,108.07170104980469,0.5074154138565063,-1,-1,-1
1493,-1,165.62115478515625,64.57498168945312,192.9258575439453,108.08302307128906,0.5151903629302979,-1,-1,-1
1494,-1,165.46292114257812,64.64408874511719,192.89996337890625,107.7166976928711,0.5321729183197021,-1,-1,-1
1499,-1,165.54827880859375,64.69110107421875,193.0082550048828,107.48721313476562,0.5385298132896423,-1,-1,-1
1500,-1,165.36312866210938,64.43978118896484,193.02188110351562,107.98784637451172,0.5330573916435242,-1,-1,-1
1501,-1,165.5856475830078,64.32390594482422,193.1071319580078,108.2381591796875,0.5330713391304016,-1,-1,-1
1502,-1,165.60336303710938,64.38211059570312,192.9519805908203,108.21403503417969,0.52683025598526,-1,-1,-1
1503,-1,165.58831787109375,64.34009552001953,193.11337280273438,108.08943176269531,0.6040338277816772,-1,-1,-1
1504,-1,165.63143920898438,64.33966827392578,193.1080322265625,107.97964477539062,0.6135092973709106,-1,-1,-1
1505,-1,165.63565063476562,64.22857666015625,193.1006622314453,108.24907684326172,0.638009250164032,-1,-1,-1
1506,-1,165.74264526367188,64.15994262695312,193.03347778320312,108.26986694335938,0.6123595237731934,-1,-1,-1
1507,-1,165.68417358398438,63.936553955078125,193.16806030273438,108.49463653564453,0.6256532073020935,-1,-1,-1
1508,-1,165.7209930419922,63.99521255493164,193.15711975097656,108.30179595947266,0.6130011081695557,-1,-1,-1
1509,-1,165.6804656982422,64.01786804199219,193.156494140625,108.29359436035156,0.6148902773857117,-1,-1,-1
1510,-1,165.8312225341797,64.14016723632812,192.9815673828125,107.95634460449219,0.6180983781814575,-1,-1,-1
1511,-1,165.6112823486328,64.29330444335938,192.87176513671875,107.7166748046875,0.6021918654441833,-1,-1,-1
1512,-1,166.17242431640625,64.25177764892578,192.75100708007812,108.03060913085938,0.5631198287010193,-1,-1,-1
1513,-1,166.12445068359375,64.16350555419922,192.86648559570312,108.67333984375,0.551184356212616,-1,-1,-1
1514,-1,166.16717529296875,64.20049285888672,192.91334533691406,108.7506332397461,0.5303129553794861,-1,-1,-1
1515,-1,166.16107177734375,64.24512481689453,192.87802124023438,108.68409729003906,0.5404439568519592,-1,-1,-1
1516,-1,166.4579620361328,64.2606201171875,192.75698852539062,108.49484252929688,0.5276277661323547,-1,-1,-1
1518,-1,166.6459503173828,64.03260803222656,192.67518615722656,108.713134765625,0.5154420733451843,-1,-1,-1
1519,-1,167.31298828125,64.06725311279297,192.5135498046875,108.65141296386719,0.5138658285140991,-1,-1,-1
1520,-1,167.35166931152344,64.07247924804688,192.5325164794922,108.68340301513672,0.5156797766685486,-1,-1,-1
1528,-1,165.84829711914062,63.63202667236328,193.01608276367188,110.78673553466797,0.506829559803009,-1,-1,-1
1529,-1,165.3504180908203,64.6576156616211,192.7680206298828,109.95701599121094,0.5044339299201965,-1,-1,-1
1532,-1,165.3795166015625,64.71223449707031,192.56137084960938,109.71456146240234,0.5224431753158569,-1,-1,-1
1533,-1,165.1763153076172,64.49661254882812,192.76498413085938,110.21636199951172,0.5315184593200684,-1,-1,-1
1534,-1,165.4719696044922,64.67424011230469,192.79110717773438,109.22010803222656,0.5738764405250549,-1,-1,-1
1535,-1,165.98684692382812,65.23152160644531,192.6006317138672,108.52742004394531,0.6199749112129211,-1,-1,-1
1536,-1,165.98800659179688,65.24308013916016,192.60299682617188,108.50167846679688,0.6272187232971191,-1,-1,-1
1537,-1,165.5858154296875,65.2659683227539,192.70399475097656,108.43191528320312,0.6432914733886719,-1,-1,-1
1538,-1,165.2640380859375,65.18877410888672,192.73126220703125,108.84508514404297,0.5863438844680786,-1,-1,-1
1539,-1,165.23251342773438,65.19283294677734,192.69595336914062,108.81803894042969,0.5834943652153015,-1,-1,-1
1540,-1,165.10379028320312,65.34130096435547,192.16123962402344,108.03229522705078,0.5596874356269836,-1,-1,-1
1541,-1,165.05450439453125,65.30857849121094,192.1732177734375,108.29547882080078,0.5485681891441345,-1,-1,-1
1542,-1,164.71328735351562,65.30524444580078,192.6273193359375,108.00342559814453,0.5978259444236755,-1,-1,-1
1543,-1,165.07125854492188,65.34033966064453,192.50125122070312,108.28059387207031,0.6453880667686462,-1,-1,-1
1544,-1,164.60317993164062,65.32447052001953,192.8111572265625,107.91525268554688,0.6496202349662781,-1,-1,-1
1545,-1,165.11904907226562,65.4387435913086,192.69102478027344,107.71537780761719,0.7383389472961426,-1,-1,-1
1546,-1,165.16798400878906,65.23701477050781,192.6927947998047,107.99658203125,0.7059167623519897,-1,-1,-1
1547,-1,165.1292266845703,65.23294067382812,192.6773681640625,108.07321166992188,0.7100166082382202,-1,-1,-1
1548,-1,165.61302185058594,65.20220947265625,192.55653381347656,107.90361022949219,0.6745885610580444,-1,-1,-1
1549,-1,165.6746063232422,65.1464614868164,192.6085662841797,107.89496612548828,0.6873264908790588,-1,-1,-1
1550,-1,165.69908142089844,65.11913299560547,192.40994262695312,107.74341583251953,0.7110939621925354,-1,-1,-1
1551,-1,165.79931640625,65.29338073730469,192.27479553222656,107.64250183105469,0.6774951219558716,-1,-1,-1
1552,-1,165.81195068359375,65.30853271484375,192.25633239746094,107.54972076416016,0.6730229258537292,-1,-1,-1
1553,-1,166.28768920898438,65.40104675292969,192.31158447265625,107.28890991210938,0.7398357391357422,-1,-1,-1
1554,-1,166.1627960205078,64.78536987304688,192.29052734375,108.0926742553711,0.6435751914978027,-1,-1,-1
1555,-1,166.11143493652344,64.74488830566406,192.3172149658203,108.31532287597656,0.6233033537864685,-1,-1,-1
1556,-1,166.47950744628906,64.8547592163086,192.13499450683594,107.96187591552734,0.6563156843185425,-1,-1,-1
1557,-1,166.23104858398438,65.09937286376953,192.29595947265625,107.77088165283203,0.7079237103462219,-1,-1,-1
1558,-1,166.24586486816406,65.14094543457031,192.27130126953125,107.71961212158203,0.7092860341072083,-1,-1,-1
1559,-1,165.84036254882812,65.33267211914062,192.30242919921875,107.61756896972656,0.7050202488899231,-1,-1,-1
1560,-1,166.47169494628906,65.31747436523438,192.11341857910156,107.24604797363281,0.7215036749839783,-1,-1,-1
1561,-1,166.57125854492188,65.1529541015625,192.24630737304688,107.26585388183594,0.7404000759124756,-1,-1,-1
1562,-1,166.44940185546875,65.2426528930664,192.24168395996094,106.96356201171875,0.7677006721496582,-1,-1,-1
1563,-1,166.490966796875,65.20201110839844,192.25706481933594,107.02828216552734,0.7619118094444275,-1,-1,-1
1564,-1,166.44911193847656,65.16584777832031,192.31015014648438,107.01010131835938,0.7688352465629578,-1,-1,-1
1565,-1,166.2983856201172,65.0608139038086,192.47897338867188,107.3435287475586,0.7388831377029419,-1,-1,-1
1566,-1,166.1957550048828,65.34455871582031,192.36468505859375,107.1396255493164,0.7284524440765381,-1,-1,-1
1567,-1,166.2189483642578,65.14802551269531,192.29696655273438,107.60826110839844,0.7337391376495361,-1,-1,-1
1568,-1,166.22572326660156,65.10865783691406,192.29539489746094,107.68586730957031,0.7259621620178223,-1,-1,-1
1569,-1,166.228759765625,65.16790771484375,192.264892578125,107.78302764892578,0.7460372447967529,-1,-1,-1
1570,-1,165.95944213867188,65.19076538085938,192.17068481445312,108.13768768310547,0.7114381194114685,-1,-1,-1
1571,-1,165.90684509277344,65.24102783203125,192.06297302246094,108.0765380859375,0.7181248664855957,-1,-1,-1
1572,-1,165.4215850830078,65.35832214355469,192.217529296875,107.89849090576172,0.7523160576820374,-1,-1,-1
1572,-1,70.17919921875,151.45359802246094,115.55924224853516,196.53956604003906,0.5957174897193909,-1,-1,-1
1573,-1,165.047119140625,65.3742904663086,192.28965759277344,108.76861572265625,0.7579811811447144,-1,-1,-1
1574,-1,165.05984497070312,65.4216079711914,192.2313690185547,108.72338104248047,0.7583012580871582,-1,-1,-1
1575,-1,165.07754516601562,65.36929321289062,192.289306640625,108.8069839477539,0.7621234059333801,-1,-1,-1
1576,-1,165.21206665039062,65.40306091308594,192.22032165527344,108.90219116210938,0.7569274306297302,-1,-1,-1
1577,-1,165.6354522705078,65.4666748046875,192.0679473876953,108.58888244628906,0.7485198378562927,-1,-1,-1
1578,-1,165.66758728027344,65.28215026855469,191.95529174804688,109.10478210449219,0.7413159608840942,-1,-1,-1
1579,-1,165.68246459960938,65.29146575927734,191.9369354248047,109.07566833496094,0.7377811670303345,-1,-1,-1
1580,-1,165.55067443847656,65.04287719726562,191.90771484375,109.39456939697266,0.7300853133201599,-1,-1,-1
1581,-1,165.5275115966797,64.85704040527344,191.90203857421875,110.07392120361328,0.7153835892677307,-1,-1,-1
1582,-1,165.6993408203125,65.22565460205078,191.81582641601562,108.94116973876953,0.7315471172332764,-1,-1,-1
1583,-1,165.76443481445312,65.26177978515625,191.7765655517578,108.51899719238281,0.6985824108123779,-1,-1,-1
1584,-1,165.728271484375,65.21973419189453,191.79037475585938,108.66322326660156,0.698387861251831,-1,-1,-1
1585,-1,165.81005859375,65.36216735839844,191.6637420654297,108.22567749023438,0.7287195324897766,-1,-1,-1
1586,-1,166.07113647460938,65.59645080566406,191.72300720214844,107.83851623535156,0.7151386141777039,-1,-1,-1
1587,-1,165.94662475585938,65.5871810913086,191.76622009277344,107.82804107666016,0.7473062872886658,-1,-1,-1
1588,-1,166.13792419433594,65.63155364990234,191.55458068847656,107.90250396728516,0.7249292135238647,-1,-1,-1
1589,-1,166.06381225585938,65.7936019897461,191.6436767578125,107.49337768554688,0.5485504269599915,-1,-1,-1
1590,-1,166.03219604492188,65.77071380615234,191.6436767578125,107.56753540039062,0.5360158681869507,-1,-1,-1
1624,-1,15.201931953430176,29.621458053588867,306.7109375,214.2307891845703,0.5389540791511536,-1,-1,-1
