46,-1,108.80218505859375,165.06129455566406,114.9534683227539,179.75682067871094,0.5089033246040344,-1,-1,-1
55,-1,108.89460754394531,165.01809692382812,114.97473907470703,179.6418914794922,0.5097525119781494,-1,-1,-1
151,-1,108.87791442871094,165.234375,115.17432403564453,179.48191833496094,0.500514030456543,-1,-1,-1
158,-1,204.28102111816406,129.60354614257812,217.02696228027344,154.76893615722656,0.5363081097602844,-1,-1,-1
159,-1,204.2705078125,129.60618591308594,217.0384063720703,154.7731170654297,0.537227988243103,-1,-1,-1
161,-1,204.1945037841797,129.47032165527344,217.0701904296875,155.20736694335938,0.5013487339019775,-1,-1,-1
166,-1,204.1228485107422,129.57627868652344,217.1901092529297,155.1335906982422,0.5540976524353027,-1,-1,-1
167,-1,204.13418579101562,129.64198303222656,217.2025909423828,155.04434204101562,0.5534828305244446,-1,-1,-1
168,-1,204.06781005859375,129.6180419921875,217.20872497558594,155.15365600585938,0.5504456758499146,-1,-1,-1
169,-1,204.0631103515625,129.61131286621094,217.2103729248047,155.161865234375,0.5489546060562134,-1,-1,-1
170,-1,189.009521484375,131.04937744140625,197.97616577148438,153.9352264404297,0.5248963832855225,-1,-1,-1
172,-1,189.0284881591797,131.13946533203125,197.91278076171875,153.9076385498047,0.5019084811210632,-1,-1,-1
173,-1,188.91110229492188,131.67770385742188,198.31460571289062,153.6956329345703,0.5269731879234314,-1,-1,-1
174,-1,188.90611267089844,131.69480895996094,198.30934143066406,153.64456176757812,0.515102744102478,-1,-1,-1
175,-1,188.89376831054688,131.74093627929688,198.33387756347656,153.53790283203125,0.5094471573829651,-1,-1,-1
252,-1,160.9658660888672,137.53147888183594,167.63165283203125,147.3163299560547,0.5118468999862671,-1,-1,-1
253,-1,160.97061157226562,137.5338897705078,167.6314697265625,147.3124542236328,0.5127641558647156,-1,-1,-1
254,-1,160.97335815429688,137.5341033935547,167.63079833984375,147.3104705810547,0.5129788517951965,-1,-1,-1
255,-1,160.9873809814453,137.55233764648438,167.6155242919922,147.2930145263672,0.5135158896446228,-1,-1,-1
265,-1,165.92510986328125,136.32870483398438,173.28915405273438,146.74945068359375,0.5009652972221375,-1,-1,-1
270,-1,165.69857788085938,136.41085815429688,173.2854461669922,146.51356506347656,0.5486751198768616,-1,-1,-1
271,-1,165.69932556152344,136.4373779296875,173.25674438476562,146.49917602539062,0.5397124290466309,-1,-1,-1
272,-1,165.70655822753906,136.4451904296875,173.2481231689453,146.47274780273438,0.5372969508171082,-1,-1,-1
273,-1,165.70278930664062,136.45521545410156,173.23651123046875,146.45970153808594,0.533432126045227,-1,-1,-1
274,-1,165.70359802246094,136.45590209960938,173.23753356933594,146.4600830078125,0.5326665639877319,-1,-1,-1
275,-1,165.69522094726562,136.4560089111328,173.2630615234375,146.45347595214844,0.52977055311203,-1,-1,-1
290,-1,165.6814727783203,136.39630126953125,173.4294891357422,146.08155822753906,0.5103347897529602,-1,-1,-1
291,-1,165.70675659179688,136.40032958984375,173.47145080566406,146.1766357421875,0.5231049060821533,-1,-1,-1
292,-1,165.6680145263672,136.35556030273438,173.51248168945312,146.3502655029297,0.5079940557479858,-1,-1,-1
293,-1,165.6953125,136.3682403564453,173.51132202148438,146.33575439453125,0.5068066716194153,-1,-1,-1
294,-1,165.6954803466797,136.36903381347656,173.52601623535156,146.3632049560547,0.5094101428985596,-1,-1,-1
295,-1,165.6977081298828,136.34251403808594,173.5032501220703,146.35826110839844,0.5120790004730225,-1,-1,-1
296,-1,165.3517303466797,136.3096923828125,173.1837615966797,146.65017700195312,0.5211941599845886,-1,-1,-1
297,-1,165.41790771484375,136.368408203125,173.15536499023438,146.65443420410156,0.5041948556900024,-1,-1,-1
301,-1,204.2548370361328,130.09866333007812,216.6014404296875,155.20291137695312,0.5636674165725708,-1,-1,-1
302,-1,204.25418090820312,130.11184692382812,216.60301208496094,155.21725463867188,0.5779140591621399,-1,-1,-1
303,-1,204.2589569091797,130.10662841796875,216.5912628173828,155.21572875976562,0.5749855637550354,-1,-1,-1
304,-1,204.2626953125,130.1044158935547,216.58526611328125,155.21131896972656,0.574360728263855,-1,-1,-1
305,-1,204.2685089111328,130.10643005371094,216.57057189941406,155.19984436035156,0.5764861106872559,-1,-1,-1
306,-1,204.11886596679688,130.04119873046875,216.661865234375,155.5454559326172,0.5408536195755005,-1,-1,-1
307,-1,204.16339111328125,130.1435546875,216.5542755126953,155.40020751953125,0.5634305477142334,-1,-1,-1
307,-1,165.37503051757812,136.31942749023438,173.46517944335938,147.24012756347656,0.501236617565155,-1,-1,-1
308,-1,204.1545867919922,130.13943481445312,216.55426025390625,155.42919921875,0.5597320199012756,-1,-1,-1
309,-1,204.1521453857422,130.143310546875,216.55252075195312,155.42434692382812,0.5611534118652344,-1,-1,-1
310,-1,204.0883026123047,130.0120391845703,216.5751953125,155.654052734375,0.5987113118171692,-1,-1,-1
311,-1,204.10244750976562,130.05657958984375,216.60494995117188,155.6665802001953,0.5592861771583557,-1,-1,-1
312,-1,204.10194396972656,130.0482177734375,216.59812927246094,155.68128967285156,0.5571944117546082,-1,-1,-1
313,-1,204.1083984375,130.0408172607422,216.5995635986328,155.69178771972656,0.5544347167015076,-1,-1,-1
314,-1,204.10952758789062,130.0403594970703,216.59786987304688,155.69371032714844,0.5538440942764282,-1,-1,-1
315,-1,204.11529541015625,130.03575134277344,216.5855255126953,155.67970275878906,0.5495775938034058,-1,-1,-1
316,-1,204.21632385253906,130.1990509033203,216.4856719970703,155.54542541503906,0.5747827291488647,-1,-1,-1
317,-1,204.23635864257812,130.19187927246094,216.46060180664062,155.51475524902344,0.5963523387908936,-1,-1,-1
318,-1,204.24940490722656,130.23594665527344,216.41915893554688,155.51612854003906,0.6082627177238464,-1,-1,-1
319,-1,204.25856018066406,130.22280883789062,216.39915466308594,155.5201416015625,0.6076498627662659,-1,-1,-1
320,-1,204.52975463867188,130.10658264160156,216.1876220703125,155.2751922607422,0.6629248857498169,-1,-1,-1
321,-1,204.54209899902344,130.13462829589844,216.25796508789062,155.16085815429688,0.6492783427238464,-1,-1,-1
321,-1,108.97108459472656,165.13063049316406,115.24535369873047,179.70274353027344,0.5018871426582336,-1,-1,-1
322,-1,158.66329956054688,157.41014099121094,168.72850036621094,185.26132202148438,0.6304651498794556,-1,-1,-1
322,-1,204.52197265625,130.18836975097656,216.393310546875,155.18475341796875,0.598499596118927,-1,-1,-1
323,-1,158.61520385742188,157.2271270751953,168.87936401367188,185.23109436035156,0.6161493062973022,-1,-1,-1
323,-1,204.4713134765625,130.0586700439453,216.50717163085938,155.3101348876953,0.588483452796936,-1,-1,-1
324,-1,158.6179962158203,157.21484375,168.8800811767578,185.25497436523438,0.6188235282897949,-1,-1,-1
324,-1,204.4661102294922,130.05270385742188,216.51223754882812,155.3030242919922,0.5803861021995544,-1,-1,-1
325,-1,158.61087036132812,157.15599060058594,168.8987579345703,185.28343200683594,0.6213979721069336,-1,-1,-1
325,-1,204.47125244140625,130.0550994873047,216.50648498535156,155.26048278808594,0.5494028329849243,-1,-1,-1
331,-1,204.23377990722656,129.9672393798828,216.9943389892578,154.89979553222656,0.5042339563369751,-1,-1,-1
332,-1,204.2285919189453,129.96067810058594,216.98275756835938,154.92520141601562,0.510533332824707,-1,-1,-1
333,-1,204.22462463378906,129.96649169921875,217.01280212402344,154.92996215820312,0.5094941854476929,-1,-1,-1
334,-1,204.2237548828125,129.96633911132812,217.01693725585938,154.93087768554688,0.5098228454589844,-1,-1,-1
336,-1,204.1370391845703,129.9281005859375,217.08447265625,154.81898498535156,0.537241518497467,-1,-1,-1
337,-1,204.16378784179688,129.95428466796875,217.05096435546875,154.85406494140625,0.600621223449707,-1,-1,-1
338,-1,204.1773681640625,129.8938446044922,217.1312255859375,154.8668975830078,0.585493266582489,-1,-1,-1
339,-1,204.17405700683594,129.88047790527344,217.11972045898438,154.87899780273438,0.5765799283981323,-1,-1,-1
340,-1,204.19090270996094,129.81130981445312,217.19712829589844,154.65542602539062,0.6027904748916626,-1,-1,-1
341,-1,204.1956329345703,129.85313415527344,217.1522674560547,154.62103271484375,0.5855314135551453,-1,-1,-1
342,-1,204.1309814453125,129.6465606689453,217.33888244628906,154.89210510253906,0.5578128099441528,-1,-1,-1
343,-1,204.0953369140625,129.7328643798828,217.37997436523438,154.87713623046875,0.5369683504104614,-1,-1,-1
344,-1,204.10885620117188,129.7056427001953,217.36402893066406,154.85365295410156,0.546576738357544,-1,-1,-1
345,-1,204.15785217285156,129.78578186035156,217.36209106445312,154.733154296875,0.5389337539672852,-1,-1,-1
346,-1,204.11460876464844,129.6250762939453,217.28929138183594,154.59048461914062,0.508769154548645,-1,-1,-1
347,-1,204.082763671875,129.65670776367188,217.22195434570312,154.71018981933594,0.5151517987251282,-1,-1,-1
348,-1,204.0753936767578,129.56417846679688,217.27296447753906,154.8505859375,0.5215865969657898,-1,-1,-1
349,-1,204.07545471191406,129.56231689453125,217.27679443359375,154.85182189941406,0.522979736328125,-1,-1,-1
352,-1,204.13311767578125,129.6268310546875,217.13768005371094,154.83522033691406,0.5169717073440552,-1,-1,-1
353,-1,204.09559631347656,129.4964141845703,217.2177276611328,154.9359130859375,0.5168002247810364,-1,-1,-1
354,-1,204.08926391601562,129.47898864746094,217.2222900390625,154.95242309570312,0.5250585675239563,-1,-1,-1
355,-1,204.0764617919922,129.43772888183594,217.2099151611328,154.98814392089844,0.521799623966217,-1,-1,-1
356,-1,204.07797241210938,129.35519409179688,217.1936798095703,155.013671875,0.5216400027275085,-1,-1,-1
359,-1,204.01181030273438,129.38650512695312,217.15135192871094,154.90725708007812,0.5019537806510925,-1,-1,-1
362,-1,203.9677734375,129.4421844482422,217.2374267578125,155.0261688232422,0.5008302330970764,-1,-1,-1
380,-1,96.2192611694336,113.64429473876953,107.35545349121094,141.7383575439453,0.5010014772415161,-1,-1,-1
381,-1,96.21275329589844,113.57804870605469,107.3788833618164,141.76260375976562,0.5035395622253418,-1,-1,-1
382,-1,96.07161712646484,113.37537384033203,107.63416290283203,141.66400146484375,0.5126975178718567,-1,-1,-1
383,-1,96.03060913085938,113.44007110595703,107.66316223144531,141.51199340820312,0.5223798751831055,-1,-1,-1
384,-1,96.01811218261719,113.4466323852539,107.66763305664062,141.5091094970703,0.522133469581604,-1,-1,-1
385,-1,96.03966522216797,113.43492889404297,107.65404510498047,141.51962280273438,0.5251239538192749,-1,-1,-1
386,-1,108.97996520996094,165.26419067382812,115.1254653930664,179.49180603027344,0.5109802484512329,-1,-1,-1
387,-1,108.95244598388672,165.20220947265625,115.14014434814453,179.47396850585938,0.5247347354888916,-1,-1,-1
388,-1,108.95024108886719,165.20298767089844,115.13310241699219,179.47300720214844,0.5271456241607666,-1,-1,-1
389,-1,108.9499740600586,165.1989288330078,115.13351440429688,179.4800262451172,0.5276999473571777,-1,-1,-1
390,-1,108.94428253173828,165.20034790039062,115.12873840332031,179.47903442382812,0.5342736840248108,-1,-1,-1
391,-1,108.93413543701172,165.19366455078125,115.1509017944336,179.47715759277344,0.5308024287223816,-1,-1,-1
392,-1,108.97938537597656,165.22079467773438,115.07371520996094,179.4980010986328,0.5700209140777588,-1,-1,-1
393,-1,108.98921203613281,165.25621032714844,115.02958679199219,179.5672607421875,0.5650692582130432,-1,-1,-1
394,-1,108.99073791503906,165.26023864746094,115.02845001220703,179.55776977539062,0.5681223273277283,-1,-1,-1
395,-1,108.93635559082031,165.24301147460938,115.04776000976562,179.56890869140625,0.5829582214355469,-1,-1,-1
396,-1,108.94972229003906,165.2201690673828,115.09403228759766,179.67076110839844,0.5533445477485657,-1,-1,-1
397,-1,108.95804595947266,165.21548461914062,115.07917785644531,179.64930725097656,0.5441177487373352,-1,-1,-1
398,-1,108.97093200683594,165.2317657470703,115.0608901977539,179.63180541992188,0.5533158183097839,-1,-1,-1
399,-1,108.96744537353516,165.22511291503906,115.04789733886719,179.6416778564453,0.5499098300933838,-1,-1,-1
400,-1,108.97023010253906,165.22467041015625,115.06144714355469,179.61456298828125,0.5464229583740234,-1,-1,-1
401,-1,108.96475219726562,165.21987915039062,115.0718765258789,179.62094116210938,0.5455668568611145,-1,-1,-1
406,-1,108.94385528564453,164.99717712402344,115.09919738769531,179.671630859375,0.5530509352684021,-1,-1,-1
407,-1,108.93738555908203,164.9989776611328,115.11367797851562,179.6788787841797,0.5492365956306458,-1,-1,-1
408,-1,108.93885803222656,165.00570678710938,115.10784149169922,179.68377685546875,0.5404654145240784,-1,-1,-1
409,-1,108.93977355957031,165.0067596435547,115.10824584960938,179.6851043701172,0.5393136143684387,-1,-1,-1
410,-1,108.9155502319336,164.9610595703125,115.09556579589844,179.7093048095703,0.5516561269760132,-1,-1,-1
411,-1,108.89982604980469,164.94078063964844,115.09744262695312,179.7245635986328,0.5634381175041199,-1,-1,-1
412,-1,108.97593688964844,164.99319458007812,115.04014587402344,179.65496826171875,0.5617828369140625,-1,-1,-1
413,-1,108.98020935058594,164.96441650390625,115.0076904296875,179.6715850830078,0.5698896646499634,-1,-1,-1
414,-1,108.97126770019531,164.96641540527344,115.0152587890625,179.6946563720703,0.574188232421875,-1,-1,-1
415,-1,108.998779296875,164.93167114257812,115.01168060302734,179.60464477539062,0.547688364982605,-1,-1,-1
416,-1,108.99092102050781,165.0156707763672,114.87379455566406,179.72296142578125,0.5254734754562378,-1,-1,-1
417,-1,108.99266052246094,165.0245819091797,114.91368103027344,179.5752716064453,0.5111591219902039,-1,-1,-1
418,-1,108.97594451904297,165.03684997558594,114.90025329589844,179.6158447265625,0.5088933110237122,-1,-1,-1
419,-1,108.972412109375,165.03536987304688,114.90797424316406,179.62295532226562,0.5075107216835022,-1,-1,-1
420,-1,108.96566772460938,165.04855346679688,114.91853332519531,179.62998962402344,0.5059428215026855,-1,-1,-1
421,-1,108.95793914794922,165.04986572265625,114.91720581054688,179.64199829101562,0.5071502923965454,-1,-1,-1
426,-1,109.03158569335938,165.04075622558594,114.93020629882812,179.6551513671875,0.5055636763572693,-1,-1,-1
427,-1,109.00542449951172,165.0372772216797,114.93904876708984,179.67271423339844,0.5036869049072266,-1,-1,-1
432,-1,108.93983459472656,165.0408477783203,114.98159790039062,179.6007843017578,0.5079048871994019,-1,-1,-1
436,-1,108.96438598632812,165.17562866210938,115.04933166503906,179.3553924560547,0.5162763595581055,-1,-1,-1
437,-1,108.96940612792969,165.18170166015625,115.03936767578125,179.37950134277344,0.5019506216049194,-1,-1,-1
438,-1,108.98062896728516,165.17015075683594,115.03956604003906,179.35678100585938,0.5040154457092285,-1,-1,-1
439,-1,108.98262786865234,165.17047119140625,115.0381851196289,179.35227966308594,0.5058343410491943,-1,-1,-1
440,-1,108.94354248046875,165.13916015625,115.0899658203125,179.33837890625,0.5170862078666687,-1,-1,-1
440,-1,204.0697021484375,129.8416290283203,217.17062377929688,155.19129943847656,0.5116402506828308,-1,-1,-1
441,-1,108.94415283203125,165.13685607910156,115.08045959472656,179.32659912109375,0.518199622631073,-1,-1,-1
441,-1,204.06027221679688,129.82391357421875,217.2181396484375,155.21995544433594,0.501934289932251,-1,-1,-1
442,-1,108.96796417236328,165.1414337158203,115.02220916748047,179.2811279296875,0.5069948434829712,-1,-1,-1
443,-1,204.07806396484375,129.7266845703125,217.3041534423828,155.00274658203125,0.5159683227539062,-1,-1,-1
443,-1,108.95816802978516,165.1292724609375,115.01822662353516,179.3015594482422,0.506853461265564,-1,-1,-1
444,-1,204.07752990722656,129.7270050048828,217.30201721191406,155.0020751953125,0.5158755779266357,-1,-1,-1
444,-1,108.9584732055664,165.12911987304688,115.016845703125,179.30123901367188,0.5068529844284058,-1,-1,-1
445,-1,204.07513427734375,129.71560668945312,217.3153839111328,154.9657745361328,0.5170169472694397,-1,-1,-1
445,-1,108.95762634277344,165.1275634765625,115.01963806152344,179.30189514160156,0.5064435005187988,-1,-1,-1
446,-1,203.99803161621094,129.64889526367188,217.4850616455078,154.9544219970703,0.5160163640975952,-1,-1,-1
447,-1,204.0183868408203,129.67007446289062,217.4651336669922,154.90328979492188,0.5345777869224548,-1,-1,-1
448,-1,204.01979064941406,129.6682891845703,217.4640655517578,154.90296936035156,0.5343281626701355,-1,-1,-1
449,-1,204.01956176757812,129.66867065429688,217.46397399902344,154.9027557373047,0.5345038771629333,-1,-1,-1
450,-1,204.0196990966797,129.6686553955078,217.46371459960938,154.9022216796875,0.5344785451889038,-1,-1,-1
451,-1,204.0701141357422,129.27406311035156,217.19830322265625,155.17398071289062,0.5815494656562805,-1,-1,-1
452,-1,204.0854034423828,129.3519287109375,217.07838439941406,154.97291564941406,0.5472286939620972,-1,-1,-1
452,-1,109.03819274902344,165.12271118164062,114.90611267089844,179.60240173339844,0.5060060024261475,-1,-1,-1
453,-1,204.07125854492188,129.31692504882812,217.08038330078125,155.06634521484375,0.5549160242080688,-1,-1,-1
453,-1,109.05204010009766,165.18284606933594,114.89945983886719,179.50047302246094,0.5043447613716125,-1,-1,-1
454,-1,204.0685272216797,129.30747985839844,217.0838623046875,155.0787811279297,0.5559442043304443,-1,-1,-1
454,-1,109.05116271972656,165.17526245117188,114.90218353271484,179.5077362060547,0.5045580863952637,-1,-1,-1
455,-1,204.05599975585938,129.29592895507812,217.0984649658203,155.0975341796875,0.5546826720237732,-1,-1,-1
456,-1,109.08970642089844,165.19183349609375,114.87600708007812,179.4107666015625,0.5129815936088562,-1,-1,-1
456,-1,204.02880859375,129.44317626953125,217.0445098876953,155.1983642578125,0.5026158094406128,-1,-1,-1
457,-1,204.0621795654297,129.4970703125,217.0269775390625,155.1575164794922,0.5356236100196838,-1,-1,-1
457,-1,109.06929779052734,165.2076873779297,114.86344909667969,179.53652954101562,0.5101263523101807,-1,-1,-1
458,-1,204.090087890625,129.55201721191406,217.03390502929688,155.11158752441406,0.545257031917572,-1,-1,-1
458,-1,109.02701568603516,165.19717407226562,114.87901306152344,179.51864624023438,0.5122501850128174,-1,-1,-1
459,-1,204.090576171875,129.54530334472656,217.02462768554688,155.09902954101562,0.5541417598724365,-1,-1,-1
459,-1,109.02741241455078,165.19989013671875,114.87532043457031,179.51516723632812,0.5140246152877808,-1,-1,-1
460,-1,204.0719451904297,129.5402374267578,217.02406311035156,155.1158447265625,0.5577385425567627,-1,-1,-1
460,-1,109.04179382324219,165.2039337158203,114.87547302246094,179.50051879882812,0.5146719217300415,-1,-1,-1
461,-1,204.05810546875,129.5532684326172,217.03062438964844,155.16082763671875,0.546983540058136,-1,-1,-1
461,-1,109.0373306274414,165.1922149658203,114.86365509033203,179.5563201904297,0.50260329246521,-1,-1,-1
462,-1,204.13259887695312,129.66517639160156,216.74203491210938,155.1793212890625,0.538912832736969,-1,-1,-1
463,-1,204.20533752441406,129.70481872558594,216.6847381591797,155.12744140625,0.5306372046470642,-1,-1,-1
464,-1,204.20663452148438,129.69876098632812,216.6750946044922,155.11334228515625,0.5297145843505859,-1,-1,-1
465,-1,204.24856567382812,129.73434448242188,216.60231018066406,155.00062561035156,0.5409061312675476,-1,-1,-1
466,-1,204.40879821777344,130.268798828125,216.06642150878906,155.34629821777344,0.5541985034942627,-1,-1,-1
466,-1,109.07649993896484,165.20167541503906,114.77955627441406,179.52117919921875,0.524626612663269,-1,-1,-1
467,-1,109.09605407714844,165.23294067382812,114.78081512451172,179.40333557128906,0.5397434830665588,-1,-1,-1
467,-1,204.3922119140625,130.29202270507812,216.14645385742188,155.48512268066406,0.5342129468917847,-1,-1,-1
468,-1,109.0792007446289,165.20452880859375,114.76547241210938,179.39334106445312,0.5549255013465881,-1,-1,-1
468,-1,204.4165802001953,130.24752807617188,216.14227294921875,155.45819091796875,0.5383783578872681,-1,-1,-1
469,-1,109.07965087890625,165.20089721679688,114.76637268066406,179.39505004882812,0.5516519546508789,-1,-1,-1
469,-1,204.41773986816406,130.2460174560547,216.1461639404297,155.46446228027344,0.5379801988601685,-1,-1,-1
470,-1,109.11724090576172,165.21273803710938,114.85980987548828,179.4299774169922,0.5417069792747498,-1,-1,-1
470,-1,204.44058227539062,130.49159240722656,216.0185546875,155.57598876953125,0.5392029285430908,-1,-1,-1
471,-1,109.07057189941406,165.1912078857422,114.84939575195312,179.4432830810547,0.5753880143165588,-1,-1,-1
471,-1,204.49603271484375,130.52842712402344,215.95985412597656,155.454833984375,0.5350461602210999,-1,-1,-1
472,-1,109.09933471679688,165.1715545654297,114.87905883789062,179.47918701171875,0.5424526929855347,-1,-1,-1
472,-1,204.48875427246094,130.4838104248047,215.9524688720703,155.0428466796875,0.5365778803825378,-1,-1,-1
473,-1,109.0989761352539,165.1860809326172,114.88814544677734,179.45526123046875,0.547538161277771,-1,-1,-1
473,-1,204.51992797851562,130.42103576660156,215.92813110351562,154.98031616210938,0.5350325107574463,-1,-1,-1
474,-1,109.10284423828125,165.18162536621094,114.89125061035156,179.45530700683594,0.5464503765106201,-1,-1,-1
474,-1,204.5187530517578,130.40570068359375,215.9036102294922,154.9661865234375,0.5302771925926208,-1,-1,-1
475,-1,109.09679412841797,165.20338439941406,114.90509033203125,179.4970703125,0.5386210680007935,-1,-1,-1
475,-1,204.47923278808594,130.29981994628906,215.93519592285156,155.0611572265625,0.5283446907997131,-1,-1,-1
476,-1,204.52023315429688,130.3468017578125,215.84902954101562,154.59970092773438,0.6104133725166321,-1,-1,-1
477,-1,204.5097198486328,130.4551239013672,215.84901428222656,154.4741973876953,0.6036198139190674,-1,-1,-1
478,-1,204.5176544189453,130.42813110351562,215.81907653808594,154.55506896972656,0.6056939959526062,-1,-1,-1
479,-1,204.51638793945312,130.43377685546875,215.8216552734375,154.55360412597656,0.6072576642036438,-1,-1,-1
480,-1,204.52561950683594,130.42283630371094,215.82994079589844,154.50241088867188,0.617405354976654,-1,-1,-1
481,-1,204.51881408691406,130.413330078125,215.76907348632812,154.5902862548828,0.6052542328834534,-1,-1,-1
482,-1,204.42941284179688,130.3496856689453,215.99102783203125,154.74513244628906,0.6051662564277649,-1,-1,-1
483,-1,204.42259216308594,130.32498168945312,216.04214477539062,154.77737426757812,0.5881959795951843,-1,-1,-1
484,-1,204.42013549804688,130.30712890625,216.02957153320312,154.77308654785156,0.5882583260536194,-1,-1,-1
485,-1,204.3995819091797,130.28651428222656,216.01409912109375,154.76292419433594,0.5768818259239197,-1,-1,-1
486,-1,204.41514587402344,130.3022918701172,215.97760009765625,154.69482421875,0.5753765106201172,-1,-1,-1
487,-1,204.41017150878906,130.33804321289062,215.98388671875,154.6884002685547,0.5783112645149231,-1,-1,-1
488,-1,204.36805725097656,130.33802795410156,216.02291870117188,154.79153442382812,0.5781651735305786,-1,-1,-1
489,-1,204.37295532226562,130.33718872070312,216.0084228515625,154.806884765625,0.5807635188102722,-1,-1,-1
490,-1,204.534912109375,130.21096801757812,215.79026794433594,154.64431762695312,0.549193799495697,-1,-1,-1
490,-1,109.15726470947266,165.19691467285156,114.84379577636719,179.01889038085938,0.5268213152885437,-1,-1,-1
491,-1,204.54454040527344,130.39581298828125,215.8230438232422,154.45498657226562,0.5531679391860962,-1,-1,-1
491,-1,109.12582397460938,165.22178649902344,114.82167053222656,179.0789337158203,0.5376918315887451,-1,-1,-1
492,-1,143.88967895507812,122.3368148803711,152.6707305908203,150.35885620117188,0.650978684425354,-1,-1,-1
492,-1,204.4465789794922,130.0994415283203,216.05287170410156,154.80691528320312,0.5624576210975647,-1,-1,-1
492,-1,109.1067123413086,165.1886749267578,114.93719482421875,179.10679626464844,0.517007052898407,-1,-1,-1
493,-1,143.8917236328125,122.37150573730469,152.6565399169922,150.34324645996094,0.6323776841163635,-1,-1,-1
493,-1,204.5074462890625,130.07809448242188,215.93849182128906,154.837158203125,0.6169374585151672,-1,-1,-1
493,-1,109.07878875732422,165.1019287109375,114.93072509765625,179.26467895507812,0.5293869376182556,-1,-1,-1
494,-1,143.89605712890625,122.37942504882812,152.6531982421875,150.29896545410156,0.6332367062568665,-1,-1,-1
494,-1,204.52053833007812,130.07859802246094,215.91033935546875,154.81651306152344,0.6189956068992615,-1,-1,-1
494,-1,109.08341979980469,165.10031127929688,114.933837890625,179.24989318847656,0.5269507169723511,-1,-1,-1
495,-1,204.49476623535156,130.08908081054688,215.91806030273438,154.81222534179688,0.6287328004837036,-1,-1,-1
495,-1,143.9091339111328,122.35751342773438,152.65016174316406,150.2877655029297,0.6153929829597473,-1,-1,-1
495,-1,109.0810317993164,165.10302734375,114.94032287597656,179.2375030517578,0.544116735458374,-1,-1,-1
496,-1,204.18496704101562,129.80633544921875,216.65133666992188,155.0017547607422,0.6429649591445923,-1,-1,-1
496,-1,109.09522247314453,165.1953125,114.92640686035156,179.2022705078125,0.5555705428123474,-1,-1,-1
497,-1,204.11550903320312,129.77658081054688,216.8231201171875,154.97311401367188,0.6363510489463806,-1,-1,-1
497,-1,109.08272552490234,165.23532104492188,114.91867065429688,179.28053283691406,0.5637146830558777,-1,-1,-1
498,-1,204.0814208984375,129.76402282714844,216.91331481933594,154.97727966308594,0.6153671145439148,-1,-1,-1
498,-1,109.106201171875,165.2125244140625,114.8959732055664,179.2987823486328,0.5640817284584045,-1,-1,-1
499,-1,204.0807342529297,129.76524353027344,216.91526794433594,154.97653198242188,0.6149253845214844,-1,-1,-1
499,-1,109.10735321044922,165.2134246826172,114.8978042602539,179.30027770996094,0.5636410117149353,-1,-1,-1
500,-1,203.98550415039062,129.66775512695312,216.94644165039062,155.02713012695312,0.6292749047279358,-1,-1,-1
500,-1,109.10333251953125,165.2649383544922,114.91566467285156,179.20254516601562,0.5938490629196167,-1,-1,-1
501,-1,109.08820343017578,165.3050079345703,114.97779083251953,179.07835388183594,0.5910448431968689,-1,-1,-1
501,-1,203.94735717773438,129.61050415039062,216.98403930664062,154.9646453857422,0.586651623249054,-1,-1,-1
502,-1,203.99380493164062,129.5298309326172,217.022216796875,154.89608764648438,0.5847002267837524,-1,-1,-1
502,-1,109.10783386230469,165.328369140625,115.03421783447266,179.0514678955078,0.5667250156402588,-1,-1,-1
502,-1,144.90530395507812,122.3636474609375,153.436767578125,134.50144958496094,0.5334742665290833,-1,-1,-1
503,-1,203.96981811523438,129.52720642089844,216.9759979248047,155.06387329101562,0.5942547917366028,-1,-1,-1
503,-1,109.08570098876953,165.34580993652344,114.99862670898438,179.0922393798828,0.5603413581848145,-1,-1,-1
503,-1,144.87852478027344,122.3592300415039,153.47918701171875,134.57411193847656,0.5433031916618347,-1,-1,-1
504,-1,203.96849060058594,129.52606201171875,216.975830078125,155.06666564941406,0.5937314033508301,-1,-1,-1
504,-1,109.09583282470703,165.35906982421875,115.00306701660156,179.07550048828125,0.5644595623016357,-1,-1,-1
504,-1,144.8848114013672,122.3576431274414,153.48117065429688,134.5670623779297,0.5421574711799622,-1,-1,-1
505,-1,203.92001342773438,129.51611328125,216.9660186767578,155.1673583984375,0.610077977180481,-1,-1,-1
505,-1,109.12108612060547,165.39788818359375,115.0155029296875,179.047119140625,0.550620973110199,-1,-1,-1
505,-1,144.860595703125,122.3536605834961,153.43661499023438,134.5765838623047,0.5278216004371643,-1,-1,-1
506,-1,204.0267791748047,129.53453063964844,216.92935180664062,154.94911193847656,0.5867837071418762,-1,-1,-1
506,-1,109.14143371582031,165.43060302734375,114.96063995361328,179.06491088867188,0.5643057227134705,-1,-1,-1
506,-1,145.62757873535156,121.94519805908203,153.79685974121094,133.93389892578125,0.5227733850479126,-1,-1,-1
507,-1,109.13590240478516,165.35409545898438,114.97038269042969,179.00856018066406,0.5774298906326294,-1,-1,-1
507,-1,203.94187927246094,129.5245819091797,217.0748748779297,154.94227600097656,0.5487104058265686,-1,-1,-1
507,-1,145.81240844726562,121.93110656738281,153.82887268066406,133.92605590820312,0.5032398700714111,-1,-1,-1
508,-1,109.11971282958984,165.31954956054688,114.96572875976562,179.02203369140625,0.5721966624259949,-1,-1,-1
508,-1,203.92984008789062,129.6006317138672,217.09982299804688,154.95669555664062,0.5048403143882751,-1,-1,-1
509,-1,109.1166000366211,165.31451416015625,114.97578430175781,179.03306579589844,0.5714473724365234,-1,-1,-1
510,-1,109.10548400878906,165.31167602539062,114.98439025878906,179.0452117919922,0.5764458775520325,-1,-1,-1
511,-1,109.08916473388672,165.30868530273438,114.99324035644531,179.05714416503906,0.5777384638786316,-1,-1,-1
511,-1,203.8918914794922,129.55673217773438,217.15440368652344,155.0205078125,0.5033636093139648,-1,-1,-1
512,-1,109.08141326904297,165.3155975341797,114.98932647705078,179.1040496826172,0.5817593336105347,-1,-1,-1
513,-1,109.02825164794922,165.3461151123047,115.01725006103516,179.13339233398438,0.5798225998878479,-1,-1,-1
513,-1,203.90164184570312,129.4652099609375,217.28758239746094,155.15536499023438,0.500697135925293,-1,-1,-1
514,-1,109.03327178955078,165.34115600585938,115.02002716064453,179.12307739257812,0.5746217370033264,-1,-1,-1
514,-1,203.90074157714844,129.46763610839844,217.28392028808594,155.14053344726562,0.5002462267875671,-1,-1,-1
515,-1,109.03520202636719,165.34646606445312,115.0118408203125,179.1173095703125,0.5764012932777405,-1,-1,-1
516,-1,109.03981018066406,165.35166931152344,115.00731658935547,179.12522888183594,0.5763372778892517,-1,-1,-1
516,-1,203.8806915283203,129.45655822753906,217.3207244873047,155.130615234375,0.5091070532798767,-1,-1,-1
517,-1,109.03871154785156,165.3585968017578,115.00255584716797,179.1253204345703,0.5751215219497681,-1,-1,-1
517,-1,203.89427185058594,129.45220947265625,217.29971313476562,155.10452270507812,0.509690523147583,-1,-1,-1
518,-1,109.0396728515625,165.36618041992188,115.00172424316406,179.14337158203125,0.5793442726135254,-1,-1,-1
518,-1,203.896484375,129.43946838378906,217.30093383789062,155.0936737060547,0.5137975811958313,-1,-1,-1
519,-1,109.03649139404297,165.36468505859375,115.00509643554688,179.14186096191406,0.5783663392066956,-1,-1,-1
519,-1,203.89434814453125,129.4385223388672,217.3051300048828,155.0950469970703,0.5134737491607666,-1,-1,-1
520,-1,109.10030364990234,165.34225463867188,114.9343490600586,179.11557006835938,0.5661765336990356,-1,-1,-1
520,-1,203.90463256835938,129.508056640625,217.3328399658203,154.75672912597656,0.5377071499824524,-1,-1,-1
521,-1,109.07958221435547,165.32028198242188,114.94866943359375,179.16995239257812,0.57712322473526,-1,-1,-1
521,-1,203.90733337402344,129.54544067382812,217.28253173828125,154.69493103027344,0.5290600657463074,-1,-1,-1
522,-1,148.15235900878906,120.2144775390625,153.90325927734375,129.31846618652344,0.6119491457939148,-1,-1,-1
522,-1,109.07952880859375,165.32589721679688,114.91031646728516,179.1620635986328,0.5815284848213196,-1,-1,-1
522,-1,203.9549102783203,129.5258026123047,217.2742919921875,154.3359375,0.5313841104507446,-1,-1,-1
523,-1,148.14732360839844,120.20264434814453,153.92373657226562,129.34539794921875,0.6313098669052124,-1,-1,-1
523,-1,109.11116790771484,165.37257385253906,114.93035125732422,179.09951782226562,0.5736340880393982,-1,-1,-1
523,-1,203.9469757080078,129.53062438964844,217.33615112304688,154.3950653076172,0.5579252243041992,-1,-1,-1
524,-1,148.140625,120.20909881591797,153.91635131835938,129.3496551513672,0.6350890398025513,-1,-1,-1
524,-1,109.10440063476562,165.36325073242188,114.90898895263672,179.12948608398438,0.5732381939888,-1,-1,-1
524,-1,203.946533203125,129.53431701660156,217.32357788085938,154.3775177001953,0.5546445250511169,-1,-1,-1
525,-1,148.1215362548828,120.2109146118164,153.93545532226562,129.3571014404297,0.6292137503623962,-1,-1,-1
525,-1,109.11040496826172,165.3585205078125,114.92198181152344,179.13043212890625,0.5705786347389221,-1,-1,-1
525,-1,203.93511962890625,129.5263214111328,217.33013916015625,154.37840270996094,0.5637716054916382,-1,-1,-1
526,-1,109.14378356933594,165.28904724121094,114.8897476196289,179.08575439453125,0.5649561285972595,-1,-1,-1
526,-1,203.96426391601562,129.17872619628906,217.57554626464844,154.33604431152344,0.509391725063324,-1,-1,-1
526,-1,148.7989959716797,119.65286254882812,154.29324340820312,127.97265625,0.5081421732902527,-1,-1,-1
527,-1,109.13219451904297,165.2720489501953,114.89869689941406,179.0891876220703,0.5800833106040955,-1,-1,-1
527,-1,203.97286987304688,129.1868896484375,217.56466674804688,154.28614807128906,0.5110054612159729,-1,-1,-1
528,-1,109.1281967163086,165.30999755859375,114.88458251953125,179.0977783203125,0.5737792253494263,-1,-1,-1
528,-1,203.9691925048828,129.18446350097656,217.56857299804688,154.29185485839844,0.5120677947998047,-1,-1,-1
529,-1,109.13055419921875,165.31179809570312,114.88372802734375,179.09681701660156,0.5732075572013855,-1,-1,-1
529,-1,203.9672088623047,129.18185424804688,217.56590270996094,154.29354858398438,0.5119987726211548,-1,-1,-1
530,-1,109.14744567871094,165.3203582763672,114.86930084228516,179.10675048828125,0.5641536116600037,-1,-1,-1
530,-1,149.025634765625,119.39112091064453,154.4257049560547,127.93891143798828,0.5457257628440857,-1,-1,-1
530,-1,203.97860717773438,129.2279815673828,217.40744018554688,154.4315643310547,0.5245233774185181,-1,-1,-1
531,-1,149.0101776123047,119.39293670654297,154.45016479492188,127.96856689453125,0.5604080557823181,-1,-1,-1
531,-1,109.14988708496094,165.37109375,114.88352966308594,179.0701904296875,0.5560541749000549,-1,-1,-1
531,-1,203.96310424804688,129.22030639648438,217.4069366455078,154.48593139648438,0.5153516530990601,-1,-1,-1
532,-1,149.2845458984375,119.43956756591797,154.73939514160156,128.66563415527344,0.6041384935379028,-1,-1,-1
532,-1,109.17049407958984,165.37570190429688,114.90522766113281,179.0445556640625,0.5526910424232483,-1,-1,-1
533,-1,149.27293395996094,119.43788146972656,154.74212646484375,128.67578125,0.6001582741737366,-1,-1,-1
533,-1,109.15058135986328,165.44139099121094,114.91204071044922,179.05967712402344,0.5489321947097778,-1,-1,-1
534,-1,149.27243041992188,119.43954467773438,154.73941040039062,128.6757354736328,0.6003755331039429,-1,-1,-1
534,-1,109.15633392333984,165.44573974609375,114.91119384765625,179.06326293945312,0.5492810606956482,-1,-1,-1
535,-1,149.29434204101562,119.42473602294922,154.7232666015625,128.6726837158203,0.6042508482933044,-1,-1,-1
535,-1,109.15892028808594,165.41873168945312,114.87689971923828,179.11581420898438,0.5415890216827393,-1,-1,-1
536,-1,109.1169662475586,165.27908325195312,114.86321258544922,179.2102508544922,0.5383616089820862,-1,-1,-1
536,-1,149.734375,119.61278533935547,154.972900390625,128.40676879882812,0.5122573375701904,-1,-1,-1
537,-1,109.10819244384766,165.26702880859375,114.85587310791016,179.1750030517578,0.5378546714782715,-1,-1,-1
537,-1,149.73422241210938,119.59298706054688,154.93162536621094,128.41233825683594,0.5188016891479492,-1,-1,-1
538,-1,109.10302734375,165.25621032714844,114.86552429199219,179.19363403320312,0.5408359169960022,-1,-1,-1
538,-1,149.73605346679688,119.59056091308594,154.9373321533203,128.40785217285156,0.5157055854797363,-1,-1,-1
539,-1,109.1007080078125,165.25714111328125,114.86296844482422,179.19580078125,0.5407861471176147,-1,-1,-1
539,-1,149.73648071289062,119.59439849853516,154.93467712402344,128.41139221191406,0.5165823698043823,-1,-1,-1
540,-1,109.10304260253906,165.2453155517578,114.86729431152344,179.19964599609375,0.5455090999603271,-1,-1,-1
540,-1,149.736328125,119.59518432617188,154.934814453125,128.4075927734375,0.5139141082763672,-1,-1,-1
541,-1,109.09007263183594,165.2354278564453,114.87129974365234,179.204833984375,0.5405421257019043,-1,-1,-1
541,-1,149.7310791015625,119.59561157226562,154.94967651367188,128.40013122558594,0.5181694626808167,-1,-1,-1
542,-1,204.11643981933594,129.76385498046875,216.52230834960938,154.81259155273438,0.5570695996284485,-1,-1,-1
542,-1,109.07463836669922,165.23272705078125,114.87781524658203,179.25790405273438,0.5358115434646606,-1,-1,-1
543,-1,204.1703643798828,129.85888671875,216.43032836914062,154.8663787841797,0.5513395071029663,-1,-1,-1
543,-1,109.10714721679688,165.25494384765625,114.87680053710938,179.25457763671875,0.5366621017456055,-1,-1,-1
544,-1,204.1720428466797,129.8511199951172,216.42446899414062,154.88169860839844,0.557991087436676,-1,-1,-1
544,-1,109.1048583984375,165.24993896484375,114.88106536865234,179.25601196289062,0.5329368710517883,-1,-1,-1
545,-1,204.15985107421875,129.8104248046875,216.3971710205078,154.99749755859375,0.5508610606193542,-1,-1,-1
545,-1,109.03707885742188,165.13986206054688,114.85044860839844,179.31246948242188,0.5443782210350037,-1,-1,-1
546,-1,204.20347595214844,129.84312438964844,216.41481018066406,154.93605041503906,0.5486013889312744,-1,-1,-1
546,-1,109.04048156738281,165.1304931640625,114.82524871826172,179.34463500976562,0.5309096574783325,-1,-1,-1
547,-1,204.19700622558594,129.76828002929688,216.38973999023438,154.99314880371094,0.5529842376708984,-1,-1,-1
547,-1,109.04093933105469,165.13653564453125,114.83198547363281,179.31228637695312,0.5105370283126831,-1,-1,-1
548,-1,204.2001190185547,129.7626953125,216.39340209960938,154.96961975097656,0.5548425912857056,-1,-1,-1
548,-1,109.02647399902344,165.13853454589844,114.82415008544922,179.31089782714844,0.5131123661994934,-1,-1,-1
549,-1,204.20596313476562,129.75039672851562,216.39732360839844,154.970947265625,0.5575706362724304,-1,-1,-1
549,-1,109.02999877929688,165.14486694335938,114.82756805419922,179.30606079101562,0.5156362652778625,-1,-1,-1
550,-1,204.15972900390625,130.04180908203125,216.5878143310547,155.0120391845703,0.5538105964660645,-1,-1,-1
550,-1,109.04144287109375,165.22482299804688,114.83292388916016,179.1918182373047,0.5134690403938293,-1,-1,-1
551,-1,204.10397338867188,130.0545654296875,216.6183319091797,155.2224884033203,0.5517967939376831,-1,-1,-1
551,-1,109.05842590332031,165.22463989257812,114.82608795166016,179.26365661621094,0.5327732563018799,-1,-1,-1
552,-1,204.16200256347656,130.10006713867188,216.5553436279297,154.85299682617188,0.5380061864852905,-1,-1,-1
552,-1,109.0785140991211,165.22422790527344,114.84534454345703,179.1796417236328,0.5285195112228394,-1,-1,-1
553,-1,204.1657257080078,130.16204833984375,216.62942504882812,154.78057861328125,0.5213653445243835,-1,-1,-1
553,-1,109.08893585205078,165.20387268066406,114.82921600341797,179.16726684570312,0.519576370716095,-1,-1,-1
554,-1,204.16175842285156,130.17076110839844,216.63414001464844,154.77406311035156,0.5242742300033569,-1,-1,-1
554,-1,109.08750915527344,165.20228576660156,114.84034729003906,179.1475067138672,0.5160191655158997,-1,-1,-1
555,-1,204.15347290039062,130.15428161621094,216.6702117919922,154.80397033691406,0.5238638520240784,-1,-1,-1
555,-1,109.08023834228516,165.2042999267578,114.81873321533203,179.16561889648438,0.5144469738006592,-1,-1,-1
556,-1,109.10539245605469,165.19252014160156,114.89179992675781,179.08355712890625,0.5126874446868896,-1,-1,-1
556,-1,204.1029510498047,130.18043518066406,216.7127685546875,154.86749267578125,0.5052292943000793,-1,-1,-1
557,-1,204.10508728027344,130.1628875732422,216.73199462890625,154.89901733398438,0.5075948238372803,-1,-1,-1
558,-1,109.11367797851562,165.20237731933594,114.87710571289062,178.999755859375,0.5104894638061523,-1,-1,-1
558,-1,204.1027069091797,130.1356964111328,216.83897399902344,154.88865661621094,0.5084584355354309,-1,-1,-1
559,-1,109.11400604248047,165.1996612548828,114.87669372558594,179.00167846679688,0.5101054906845093,-1,-1,-1
559,-1,204.1010284423828,130.13412475585938,216.8345947265625,154.8942413330078,0.5083209276199341,-1,-1,-1
560,-1,109.13082122802734,165.2171630859375,114.87735748291016,178.9845733642578,0.5009339451789856,-1,-1,-1
561,-1,109.12232971191406,165.20281982421875,114.87661743164062,179.02694702148438,0.5058358907699585,-1,-1,-1
562,-1,148.6993865966797,118.95278930664062,155.4407958984375,128.59571838378906,0.5259692668914795,-1,-1,-1
562,-1,109.10994720458984,165.16514587402344,114.89166259765625,179.00247192382812,0.5259099006652832,-1,-1,-1
563,-1,109.08120727539062,165.095703125,114.92133331298828,179.18975830078125,0.5570223927497864,-1,-1,-1
563,-1,148.68399047851562,118.87673950195312,155.43023681640625,128.42913818359375,0.5284910202026367,-1,-1,-1
564,-1,109.09368896484375,165.09613037109375,114.93987274169922,179.1768341064453,0.5462680459022522,-1,-1,-1
564,-1,148.69142150878906,118.88362121582031,155.42422485351562,128.42962646484375,0.5219420790672302,-1,-1,-1
565,-1,109.1219482421875,165.12281799316406,114.9728012084961,179.08523559570312,0.5379275679588318,-1,-1,-1
565,-1,148.7121124267578,118.86819458007812,155.41090393066406,128.4398193359375,0.5293543338775635,-1,-1,-1
566,-1,109.11204528808594,165.1390380859375,114.96822357177734,179.0431365966797,0.5433081388473511,-1,-1,-1
567,-1,109.11914825439453,165.1978302001953,115.00131225585938,178.94515991210938,0.5016171336174011,-1,-1,-1
569,-1,109.11174011230469,165.20455932617188,115.0088882446289,178.95616149902344,0.5003227591514587,-1,-1,-1
571,-1,109.13604736328125,165.23013305664062,114.99472045898438,178.97280883789062,0.5034160614013672,-1,-1,-1
572,-1,217.8868865966797,133.60476684570312,256.5700378417969,173.17236328125,0.5043996572494507,-1,-1,-1
573,-1,109.13980102539062,165.2081756591797,115.00171661376953,178.8772735595703,0.5113843679428101,-1,-1,-1
573,-1,217.8126220703125,133.49884033203125,256.5531311035156,173.22955322265625,0.5062677264213562,-1,-1,-1
574,-1,109.1390609741211,165.213623046875,115.0003433227539,178.87774658203125,0.5112476944923401,-1,-1,-1
574,-1,217.7613525390625,133.53652954101562,256.5133972167969,173.22360229492188,0.5014294981956482,-1,-1,-1
575,-1,109.14231872558594,165.21640014648438,114.98175048828125,178.8699493408203,0.5024580955505371,-1,-1,-1
576,-1,109.14363861083984,165.20028686523438,114.9569320678711,178.88868713378906,0.5077973008155823,-1,-1,-1
577,-1,109.13848114013672,165.1424560546875,114.96688842773438,178.96511840820312,0.5136311054229736,-1,-1,-1
578,-1,109.15165710449219,165.14988708496094,114.99401092529297,178.98687744140625,0.5197564363479614,-1,-1,-1
579,-1,109.15113830566406,165.14842224121094,114.99893188476562,178.98841857910156,0.5188030004501343,-1,-1,-1
580,-1,109.09419250488281,165.09825134277344,115.04730224609375,179.04440307617188,0.5248987078666687,-1,-1,-1
580,-1,217.7991485595703,133.5548095703125,256.51763916015625,173.27420043945312,0.523567795753479,-1,-1,-1
581,-1,217.83511352539062,133.52517700195312,256.6009521484375,173.33258056640625,0.5481320023536682,-1,-1,-1
581,-1,109.11255645751953,165.14295959472656,115.04329681396484,179.11306762695312,0.5147746205329895,-1,-1,-1
582,-1,203.98342895507812,130.0570068359375,216.3746795654297,155.0326385498047,0.5267593264579773,-1,-1,-1
582,-1,109.11742401123047,165.13381958007812,114.9911880493164,179.27529907226562,0.5096662640571594,-1,-1,-1
583,-1,109.07112884521484,165.1083984375,115.03190612792969,179.25537109375,0.5245190262794495,-1,-1,-1
583,-1,203.9644012451172,130.0994110107422,216.35313415527344,155.0542449951172,0.5106152892112732,-1,-1,-1
584,-1,109.06509399414062,165.10899353027344,115.02949523925781,179.24557495117188,0.523966908454895,-1,-1,-1
584,-1,203.97113037109375,130.09967041015625,216.34727478027344,155.05722045898438,0.5120490193367004,-1,-1,-1
585,-1,109.05704498291016,165.09609985351562,115.02716827392578,179.2779998779297,0.5188652873039246,-1,-1,-1
585,-1,203.97377014160156,130.0739288330078,216.31521606445312,155.0471954345703,0.5168342590332031,-1,-1,-1
586,-1,203.86610412597656,130.0119171142578,216.41868591308594,154.9938507080078,0.5324180126190186,-1,-1,-1
587,-1,203.7886199951172,130.01004028320312,216.56309509277344,155.13975524902344,0.5106164813041687,-1,-1,-1
587,-1,109.0054931640625,165.03372192382812,115.08377075195312,179.45640563964844,0.5066531300544739,-1,-1,-1
588,-1,203.8522491455078,130.0463409423828,216.47705078125,155.00489807128906,0.5066813826560974,-1,-1,-1
589,-1,203.86920166015625,130.04513549804688,216.47564697265625,155.03738403320312,0.5118051767349243,-1,-1,-1
590,-1,109.0147476196289,165.08291625976562,115.01707458496094,179.43592834472656,0.5076993107795715,-1,-1,-1
590,-1,203.91201782226562,130.10963439941406,216.5703582763672,154.88674926757812,0.5063846111297607,-1,-1,-1
591,-1,203.89434814453125,130.08489990234375,216.53958129882812,154.95826721191406,0.5235071182250977,-1,-1,-1
592,-1,204.00677490234375,129.99679565429688,216.50869750976562,154.77601623535156,0.5495979189872742,-1,-1,-1
592,-1,108.9836196899414,165.0886993408203,114.96067810058594,179.3970947265625,0.5114306807518005,-1,-1,-1
593,-1,204.01963806152344,130.03099060058594,216.45118713378906,154.65066528320312,0.5479995012283325,-1,-1,-1
593,-1,108.98574829101562,165.02304077148438,114.95369720458984,179.46054077148438,0.5127058029174805,-1,-1,-1
594,-1,204.0101318359375,130.0277099609375,216.4604949951172,154.63259887695312,0.5440175533294678,-1,-1,-1
594,-1,108.9896011352539,165.02410888671875,114.9501953125,179.4425506591797,0.5079447031021118,-1,-1,-1
595,-1,204.03273010253906,130.036376953125,216.4556884765625,154.69906616210938,0.5527634620666504,-1,-1,-1
595,-1,108.97335052490234,165.0248260498047,114.93317413330078,179.48211669921875,0.5158432126045227,-1,-1,-1
596,-1,204.1663818359375,130.0155487060547,216.26025390625,154.74502563476562,0.59088534116745,-1,-1,-1
596,-1,165.3386688232422,135.95948791503906,173.33265686035156,147.419921875,0.5183183550834656,-1,-1,-1
597,-1,204.1596221923828,130.00096130371094,216.3957061767578,154.7252197265625,0.5849741101264954,-1,-1,-1
597,-1,165.3072509765625,135.9749298095703,173.29331970214844,147.39456176757812,0.5246706008911133,-1,-1,-1
598,-1,204.13941955566406,129.9864501953125,216.48410034179688,154.76051330566406,0.5757012963294983,-1,-1,-1
598,-1,165.2930450439453,135.95217895507812,173.33859252929688,147.3500213623047,0.5181140303611755,-1,-1,-1
598,-1,108.98733520507812,165.13121032714844,114.91161346435547,179.2993927001953,0.5039601922035217,-1,-1,-1
599,-1,204.1396942138672,129.9849395751953,216.48414611816406,154.7620391845703,0.5753872394561768,-1,-1,-1
599,-1,165.29222106933594,135.95245361328125,173.33787536621094,147.34959411621094,0.5176869630813599,-1,-1,-1
599,-1,108.98908996582031,165.12759399414062,114.91486358642578,179.29998779296875,0.5002610087394714,-1,-1,-1
600,-1,204.1321563720703,129.99876403808594,216.49261474609375,154.71646118164062,0.5675477981567383,-1,-1,-1
600,-1,165.29544067382812,135.95584106445312,173.35043334960938,147.3515167236328,0.5226870179176331,-1,-1,-1
600,-1,108.98117065429688,165.1161346435547,114.91130065917969,179.3504180908203,0.514198362827301,-1,-1,-1
601,-1,187.531005859375,131.11288452148438,197.53099060058594,154.23452758789062,0.5581673979759216,-1,-1,-1
601,-1,108.91130065917969,165.20497131347656,114.95808410644531,179.3579559326172,0.5422143340110779,-1,-1,-1
601,-1,203.93817138671875,129.85202026367188,216.98936462402344,155.1204071044922,0.5332702994346619,-1,-1,-1
601,-1,165.17103576660156,135.89073181152344,173.66976928710938,147.20181274414062,0.5205422043800354,-1,-1,-1
602,-1,108.92515563964844,165.23953247070312,114.93931579589844,179.39292907714844,0.5356818437576294,-1,-1,-1
602,-1,165.16668701171875,135.9600372314453,173.68719482421875,146.95443725585938,0.5276480913162231,-1,-1,-1
603,-1,108.94937133789062,165.27134704589844,114.9351577758789,179.3748016357422,0.5215333104133606,-1,-1,-1
603,-1,165.1803741455078,135.9742431640625,173.660400390625,146.9809112548828,0.5152013301849365,-1,-1,-1
604,-1,108.9524154663086,165.27703857421875,114.92890167236328,179.33811950683594,0.5234226584434509,-1,-1,-1
604,-1,165.17935180664062,135.9747772216797,173.6647186279297,146.97918701171875,0.5163651704788208,-1,-1,-1
605,-1,108.95854187011719,165.2826385498047,114.93244934082031,179.3242950439453,0.5194879770278931,-1,-1,-1
605,-1,165.16693115234375,136.0003662109375,173.63491821289062,146.96002197265625,0.5117102265357971,-1,-1,-1
606,-1,108.95680236816406,165.2764434814453,114.9374771118164,179.32444763183594,0.5166589021682739,-1,-1,-1
606,-1,165.15460205078125,135.9993133544922,173.644287109375,146.95103454589844,0.5113738179206848,-1,-1,-1
607,-1,108.95867156982422,165.28028869628906,114.93684387207031,179.31874084472656,0.517120361328125,-1,-1,-1
607,-1,165.1621856689453,136.01148986816406,173.6363983154297,146.94879150390625,0.5102477073669434,-1,-1,-1
608,-1,108.95771026611328,165.27748107910156,114.93675994873047,179.31753540039062,0.5143980383872986,-1,-1,-1
608,-1,165.16212463378906,136.005859375,173.65618896484375,146.95236206054688,0.5072636008262634,-1,-1,-1
609,-1,108.95829010009766,165.27818298339844,114.93589782714844,179.31715393066406,0.5139433741569519,-1,-1,-1
609,-1,165.16232299804688,136.00685119628906,173.6518096923828,146.94989013671875,0.5068193674087524,-1,-1,-1
610,-1,108.89965057373047,165.27003479003906,114.92359161376953,179.33590698242188,0.5394071340560913,-1,-1,-1
610,-1,165.1553497314453,135.819091796875,173.60069274902344,147.24441528320312,0.5368641018867493,-1,-1,-1
610,-1,203.9881134033203,129.89964294433594,216.81947326660156,154.94898986816406,0.5174888968467712,-1,-1,-1
611,-1,165.12838745117188,135.8361053466797,173.6243896484375,147.32107543945312,0.5454612970352173,-1,-1,-1
611,-1,108.91417694091797,165.25042724609375,114.9410171508789,179.32763671875,0.5363048315048218,-1,-1,-1
611,-1,204.00631713867188,129.95541381835938,216.80960083007812,154.89190673828125,0.5091674327850342,-1,-1,-1
612,-1,165.38587951660156,135.86769104003906,173.61497497558594,147.48236083984375,0.5819488763809204,-1,-1,-1
612,-1,108.8948974609375,165.26553344726562,114.94554138183594,179.3543243408203,0.5301513075828552,-1,-1,-1
613,-1,165.31039428710938,135.91835021972656,173.403564453125,147.49533081054688,0.5888255834579468,-1,-1,-1
613,-1,108.88972473144531,165.27752685546875,114.94734954833984,179.35870361328125,0.5441724061965942,-1,-1,-1
614,-1,165.29281616210938,135.94012451171875,173.38534545898438,147.4799041748047,0.5849993824958801,-1,-1,-1
614,-1,108.89324188232422,165.27674865722656,114.94426727294922,179.35671997070312,0.5441144108772278,-1,-1,-1
615,-1,165.31231689453125,135.9337921142578,173.331298828125,147.48883056640625,0.5760732889175415,-1,-1,-1
615,-1,108.90052032470703,165.29127502441406,114.93363189697266,179.35806274414062,0.5467699766159058,-1,-1,-1
616,-1,108.90044403076172,165.2958221435547,114.90784454345703,179.2790069580078,0.5519671440124512,-1,-1,-1
616,-1,165.2546844482422,135.9775848388672,173.77484130859375,147.4947052001953,0.5472434163093567,-1,-1,-1
617,-1,108.87065124511719,165.29869079589844,114.94700622558594,179.3475341796875,0.5565459132194519,-1,-1,-1
617,-1,165.2446746826172,136.00074768066406,173.77877807617188,147.49050903320312,0.5408190488815308,-1,-1,-1
618,-1,108.87386322021484,165.3203125,114.94994354248047,179.29417419433594,0.5528398752212524,-1,-1,-1
618,-1,165.3141632080078,136.012451171875,173.7129364013672,147.5621337890625,0.5407592058181763,-1,-1,-1
619,-1,108.8726806640625,165.31838989257812,114.94976043701172,179.2903594970703,0.5525231957435608,-1,-1,-1
619,-1,165.31997680664062,136.01307678222656,173.71275329589844,147.57290649414062,0.5386030673980713,-1,-1,-1
620,-1,108.92811584472656,165.31333923339844,114.9788589477539,179.39109802246094,0.5339786410331726,-1,-1,-1
621,-1,108.94998168945312,165.34776306152344,114.98123931884766,179.3237762451172,0.5350063443183899,-1,-1,-1
622,-1,108.93624114990234,165.3303985595703,114.97257232666016,179.30140686035156,0.5243931412696838,-1,-1,-1
623,-1,108.93975067138672,165.35501098632812,114.96943664550781,179.2637939453125,0.5185825824737549,-1,-1,-1
624,-1,108.94062805175781,165.3603515625,114.96514892578125,179.25250244140625,0.5194095969200134,-1,-1,-1
625,-1,108.9346694946289,165.3743438720703,114.96235656738281,179.2591552734375,0.5224030017852783,-1,-1,-1
625,-1,147.47547912597656,110.83921813964844,154.62088012695312,120.80138397216797,0.5062386393547058,-1,-1,-1
626,-1,108.9726333618164,165.3849639892578,114.90009307861328,179.14768981933594,0.5290078520774841,-1,-1,-1
627,-1,108.99160766601562,165.36656188964844,114.8915023803711,179.13519287109375,0.5626393556594849,-1,-1,-1
627,-1,113.06377410888672,180.17567443847656,125.91307067871094,200.9722442626953,0.5048627853393555,-1,-1,-1
628,-1,109.0152359008789,165.35665893554688,114.88172912597656,179.1222381591797,0.5625432133674622,-1,-1,-1
629,-1,109.01165008544922,165.35748291015625,114.88435363769531,179.12771606445312,0.5624706745147705,-1,-1,-1
630,-1,108.98899841308594,165.3358612060547,114.88829040527344,179.15576171875,0.5623511075973511,-1,-1,-1
631,-1,108.99519348144531,165.32623291015625,114.88763427734375,179.1386260986328,0.5505633354187012,-1,-1,-1
632,-1,109.04155731201172,165.32647705078125,114.87818908691406,179.1155242919922,0.5557722449302673,-1,-1,-1
633,-1,109.04859924316406,165.28271484375,114.85469818115234,179.0250701904297,0.5346411466598511,-1,-1,-1
634,-1,109.05658721923828,165.2903594970703,114.86418151855469,179.01181030273438,0.5253133773803711,-1,-1,-1
635,-1,109.0571517944336,165.28790283203125,114.86296081542969,179.0154571533203,0.5234276056289673,-1,-1,-1
636,-1,109.06295776367188,165.30091857910156,114.85599517822266,178.99969482421875,0.5247345566749573,-1,-1,-1
637,-1,109.05516052246094,165.31536865234375,114.86485290527344,178.96267700195312,0.5247974991798401,-1,-1,-1
638,-1,108.99886322021484,165.24693298339844,114.86827850341797,179.10191345214844,0.5434861779212952,-1,-1,-1
639,-1,109.01316833496094,165.25279235839844,114.85585021972656,179.1852264404297,0.5347119569778442,-1,-1,-1
640,-1,109.00018310546875,165.2526397705078,114.82916259765625,179.25326538085938,0.5113688707351685,-1,-1,-1
641,-1,108.98794555664062,165.27880859375,114.8353500366211,179.2290496826172,0.5040590763092041,-1,-1,-1
642,-1,147.0225372314453,108.1177749633789,154.15615844726562,117.7962646484375,0.5969719886779785,-1,-1,-1
643,-1,147.05560302734375,108.1552734375,154.15274047851562,117.79669189453125,0.6283851265907288,-1,-1,-1
644,-1,147.06056213378906,108.15567779541016,154.1529998779297,117.79383850097656,0.6295276880264282,-1,-1,-1
644,-1,108.97837829589844,165.26693725585938,114.86138916015625,179.0863800048828,0.5046312808990479,-1,-1,-1
645,-1,147.044921875,108.1567611694336,154.15249633789062,117.78813934326172,0.6312998533248901,-1,-1,-1
656,-1,108.841796875,165.23609924316406,114.7799301147461,179.39552307128906,0.5006417632102966,-1,-1,-1
657,-1,108.90290069580078,165.19989013671875,114.853271484375,179.29112243652344,0.5074671506881714,-1,-1,-1
658,-1,108.90926361083984,165.2459716796875,114.795166015625,179.24937438964844,0.5252724289894104,-1,-1,-1
659,-1,108.92029571533203,165.2434539794922,114.79476928710938,179.2484893798828,0.5169115662574768,-1,-1,-1
660,-1,108.90081787109375,165.25399780273438,114.80082702636719,179.17654418945312,0.5263341665267944,-1,-1,-1
661,-1,108.91205596923828,165.29930114746094,114.7916259765625,179.2425537109375,0.5366488099098206,-1,-1,-1
662,-1,108.9187240600586,165.27462768554688,114.78868103027344,179.22825622558594,0.5658628344535828,-1,-1,-1
663,-1,108.91326904296875,165.2978973388672,114.7990493774414,179.25067138671875,0.566464900970459,-1,-1,-1
664,-1,108.91072082519531,165.2856903076172,114.79878234863281,179.2434844970703,0.568710446357727,-1,-1,-1
665,-1,108.91993713378906,165.24227905273438,114.81192016601562,179.29263305664062,0.5888420343399048,-1,-1,-1
666,-1,108.90328216552734,165.25399780273438,114.77603912353516,179.36752319335938,0.5782583355903625,-1,-1,-1
667,-1,108.90666961669922,165.24107360839844,114.78520202636719,179.3443603515625,0.572721540927887,-1,-1,-1
668,-1,108.89445495605469,165.25759887695312,114.77324676513672,179.3482208251953,0.5657037496566772,-1,-1,-1
669,-1,108.89537048339844,165.2584686279297,114.77342224121094,179.34664916992188,0.5648452639579773,-1,-1,-1
670,-1,145.62579345703125,105.04718780517578,151.601318359375,117.29496765136719,0.5653727650642395,-1,-1,-1
670,-1,108.91824340820312,165.28367614746094,114.79846954345703,179.32339477539062,0.5577023029327393,-1,-1,-1
671,-1,145.62774658203125,105.08856201171875,151.63055419921875,117.23287200927734,0.5795617699623108,-1,-1,-1
671,-1,108.92218780517578,165.29721069335938,114.79440307617188,179.37281799316406,0.5699750781059265,-1,-1,-1
672,-1,108.90361022949219,165.3306121826172,114.74378967285156,179.33314514160156,0.5707484483718872,-1,-1,-1
673,-1,108.93229675292969,165.2930908203125,114.76629638671875,179.21961975097656,0.5596129894256592,-1,-1,-1
674,-1,108.94898986816406,165.27842712402344,114.76316833496094,179.21282958984375,0.5531294345855713,-1,-1,-1
675,-1,108.92948913574219,165.28619384765625,114.74895477294922,179.27163696289062,0.5503791570663452,-1,-1,-1
676,-1,109.0958251953125,165.39634704589844,114.75157928466797,179.15283203125,0.5170245170593262,-1,-1,-1
677,-1,109.1087417602539,165.3930206298828,114.71367645263672,179.16639709472656,0.5143796801567078,-1,-1,-1
678,-1,109.10501098632812,165.39752197265625,114.71456909179688,179.17100524902344,0.5163785815238953,-1,-1,-1
679,-1,109.10398864746094,165.39718627929688,114.71411895751953,179.17144775390625,0.5164286494255066,-1,-1,-1
680,-1,109.09587097167969,165.37705993652344,114.72761535644531,179.16409301757812,0.5054064989089966,-1,-1,-1
681,-1,109.1049575805664,165.40675354003906,114.7177505493164,179.16305541992188,0.5039232969284058,-1,-1,-1
683,-1,109.08234405517578,165.42080688476562,114.73699951171875,179.16213989257812,0.5021753311157227,-1,-1,-1
684,-1,109.07856750488281,165.42213439941406,114.73748779296875,179.16433715820312,0.5035492181777954,-1,-1,-1
685,-1,109.0774154663086,165.41366577148438,114.73260498046875,179.15284729003906,0.5154569745063782,-1,-1,-1
686,-1,109.04837799072266,165.36834716796875,114.78450775146484,179.2442626953125,0.5241007208824158,-1,-1,-1
687,-1,109.05780792236328,165.4215850830078,114.7752456665039,179.2249755859375,0.5287590622901917,-1,-1,-1
688,-1,109.03955078125,165.37374877929688,114.7872085571289,179.24224853515625,0.5300460457801819,-1,-1,-1
689,-1,109.04064178466797,165.37559509277344,114.78572082519531,179.2415771484375,0.5315802097320557,-1,-1,-1
690,-1,109.03898620605469,165.38027954101562,114.77989959716797,179.2408447265625,0.5324118137359619,-1,-1,-1
691,-1,109.04090118408203,165.3750762939453,114.78001403808594,179.1995391845703,0.5355472564697266,-1,-1,-1
692,-1,109.01249694824219,165.31666564941406,114.8130874633789,179.25973510742188,0.5289821624755859,-1,-1,-1
693,-1,109.01615905761719,165.32113647460938,114.83522033691406,179.26498413085938,0.536529004573822,-1,-1,-1
694,-1,109.03319549560547,165.32008361816406,114.83544921875,179.2667999267578,0.5346961617469788,-1,-1,-1
698,-1,204.3113555908203,130.17929077148438,217.04652404785156,154.22396850585938,0.540202796459198,-1,-1,-1
699,-1,204.31578063964844,130.18170166015625,217.06149291992188,154.20709228515625,0.5381349921226501,-1,-1,-1
700,-1,204.28671264648438,130.17050170898438,217.11764526367188,154.2889404296875,0.5081632137298584,-1,-1,-1
701,-1,204.31558227539062,130.1720733642578,217.10206604003906,154.22718811035156,0.5015930533409119,-1,-1,-1
708,-1,204.12112426757812,130.30758666992188,216.63204956054688,155.19097900390625,0.5117884278297424,-1,-1,-1
709,-1,204.1545867919922,130.30409240722656,216.5720977783203,155.17742919921875,0.5240400433540344,-1,-1,-1
714,-1,204.2353515625,130.38275146484375,216.57321166992188,155.07984924316406,0.5004782676696777,-1,-1,-1
729,-1,204.34083557128906,130.68751525878906,216.84109497070312,155.05714416503906,0.5036190152168274,-1,-1,-1
740,-1,204.27725219726562,129.97320556640625,216.77781677246094,155.07809448242188,0.5071896910667419,-1,-1,-1
746,-1,204.18670654296875,130.02120971679688,216.9001922607422,155.2437744140625,0.534074068069458,-1,-1,-1
747,-1,204.1223907470703,129.963134765625,216.8828125,155.46774291992188,0.5430920124053955,-1,-1,-1
748,-1,204.1136932373047,129.9302215576172,216.84115600585938,155.49423217773438,0.5549716949462891,-1,-1,-1
749,-1,204.11607360839844,129.93922424316406,216.82537841796875,155.49603271484375,0.5625436902046204,-1,-1,-1
750,-1,204.14743041992188,129.95790100097656,216.83346557617188,155.3800048828125,0.530862033367157,-1,-1,-1
772,-1,204.20767211914062,129.71304321289062,217.41050720214844,154.43667602539062,0.5001127123832703,-1,-1,-1
773,-1,204.24252319335938,129.75234985351562,217.34783935546875,154.41976928710938,0.5274673700332642,-1,-1,-1
774,-1,204.2288360595703,129.7434539794922,217.35374450683594,154.43997192382812,0.5278010368347168,-1,-1,-1
775,-1,204.15504455566406,129.7109375,217.42474365234375,154.4717559814453,0.5328837037086487,-1,-1,-1
776,-1,204.14198303222656,129.76620483398438,217.44638061523438,154.4972686767578,0.5242388248443604,-1,-1,-1
777,-1,204.0994110107422,129.756591796875,217.41009521484375,154.490966796875,0.5557963848114014,-1,-1,-1
778,-1,204.08984375,129.7364044189453,217.4293212890625,154.50050354003906,0.5480780005455017,-1,-1,-1
779,-1,204.0884552001953,129.73953247070312,217.43228149414062,154.4994354248047,0.549005925655365,-1,-1,-1
780,-1,204.09658813476562,129.72909545898438,217.42001342773438,154.51820373535156,0.5541021823883057,-1,-1,-1
781,-1,204.09385681152344,129.73516845703125,217.41445922851562,154.51625061035156,0.5521188378334045,-1,-1,-1
782,-1,204.08322143554688,129.7161865234375,217.31483459472656,154.5424041748047,0.5225821733474731,-1,-1,-1
783,-1,204.10888671875,129.68565368652344,217.29107666015625,154.6102294921875,0.561835527420044,-1,-1,-1
784,-1,204.11256408691406,129.71218872070312,217.28799438476562,154.57640075683594,0.5576992630958557,-1,-1,-1
785,-1,204.1173095703125,129.7099609375,217.2615203857422,154.57455444335938,0.5619640350341797,-1,-1,-1
786,-1,204.10475158691406,129.70626831054688,217.21722412109375,154.64407348632812,0.5846362709999084,-1,-1,-1
787,-1,204.09706115722656,129.7001953125,217.23609924316406,154.62631225585938,0.566146194934845,-1,-1,-1
788,-1,204.0078582763672,129.72738647460938,217.25094604492188,154.7180938720703,0.544502854347229,-1,-1,-1
789,-1,203.9938201904297,129.73211669921875,217.2762908935547,154.71278381347656,0.5461931824684143,-1,-1,-1
790,-1,204.01284790039062,129.77914428710938,217.29034423828125,154.77374267578125,0.5482434630393982,-1,-1,-1
791,-1,204.0760955810547,129.79074096679688,217.2898712158203,154.71246337890625,0.5447282791137695,-1,-1,-1
792,-1,204.13839721679688,129.91220092773438,217.25311279296875,154.52166748046875,0.500929594039917,-1,-1,-1
793,-1,204.07717895507812,129.8783416748047,217.32562255859375,154.50038146972656,0.5277300477027893,-1,-1,-1
794,-1,204.08285522460938,129.8765869140625,217.32754516601562,154.4934539794922,0.5210484266281128,-1,-1,-1
795,-1,204.10818481445312,129.831787109375,217.29855346679688,154.39524841308594,0.5144248604774475,-1,-1,-1
796,-1,204.08175659179688,129.84835815429688,217.21861267089844,154.38499450683594,0.5156323909759521,-1,-1,-1
797,-1,204.11607360839844,129.89117431640625,217.19093322753906,154.36509704589844,0.5004400610923767,-1,-1,-1
798,-1,204.09970092773438,129.9456024169922,216.92237854003906,154.25074768066406,0.5348044633865356,-1,-1,-1
799,-1,204.10691833496094,129.96986389160156,216.9302520751953,154.22784423828125,0.5253085494041443,-1,-1,-1
800,-1,204.11044311523438,129.98451232910156,216.934326171875,154.2034454345703,0.5375087261199951,-1,-1,-1
801,-1,204.1233673095703,129.98483276367188,216.92262268066406,154.16461181640625,0.5407862663269043,-1,-1,-1
802,-1,204.1102752685547,130.01968383789062,217.02792358398438,154.28744506835938,0.5399487614631653,-1,-1,-1
803,-1,204.09396362304688,130.04684448242188,217.0277099609375,154.32296752929688,0.5273112058639526,-1,-1,-1
804,-1,204.09860229492188,130.04605102539062,217.01702880859375,154.30874633789062,0.5275994539260864,-1,-1,-1
805,-1,204.09681701660156,130.03421020507812,216.99542236328125,154.36717224121094,0.5169229507446289,-1,-1,-1
807,-1,204.06161499023438,130.16641235351562,216.96258544921875,154.34535217285156,0.5009113550186157,-1,-1,-1
845,-1,109.0377426147461,165.08013916015625,115.03571319580078,179.6825714111328,0.5131906270980835,-1,-1,-1
848,-1,109.0022201538086,165.04763793945312,115.00001525878906,179.66250610351562,0.5096489191055298,-1,-1,-1
849,-1,108.99458312988281,165.0535430908203,115.00015258789062,179.6602020263672,0.5052723288536072,-1,-1,-1
850,-1,109.00582122802734,165.02113342285156,114.99694061279297,179.65542602539062,0.5167312622070312,-1,-1,-1
851,-1,108.99456024169922,165.05096435546875,114.98905944824219,179.6071014404297,0.5103088617324829,-1,-1,-1
852,-1,109.01434326171875,165.13226318359375,115.01266479492188,179.5122833251953,0.5182434916496277,-1,-1,-1
862,-1,204.10902404785156,130.44265747070312,217.01373291015625,155.09962463378906,0.5023067593574524,-1,-1,-1
876,-1,204.3367156982422,130.7318115234375,216.6657257080078,154.79867553710938,0.6439369320869446,-1,-1,-1
877,-1,204.37997436523438,130.8602294921875,216.63433837890625,154.75743103027344,0.6234291195869446,-1,-1,-1
878,-1,204.37228393554688,130.87286376953125,216.69644165039062,154.7019805908203,0.5981839895248413,-1,-1,-1
879,-1,204.38021850585938,130.86122131347656,216.6895751953125,154.70948791503906,0.6011160612106323,-1,-1,-1
880,-1,204.41969299316406,130.9263916015625,216.65231323242188,154.5940399169922,0.6224826574325562,-1,-1,-1
881,-1,204.41148376464844,130.94613647460938,216.7050323486328,154.6253662109375,0.6114206910133362,-1,-1,-1
882,-1,204.31985473632812,130.89376831054688,216.84664916992188,154.67990112304688,0.6316936612129211,-1,-1,-1
883,-1,204.32533264160156,130.88604736328125,216.81903076171875,154.68971252441406,0.6163967251777649,-1,-1,-1
884,-1,204.30926513671875,130.84510803222656,216.81297302246094,154.72369384765625,0.6152628660202026,-1,-1,-1
885,-1,204.33087158203125,130.8661651611328,216.79400634765625,154.69570922851562,0.6064906716346741,-1,-1,-1
886,-1,204.34521484375,130.89479064941406,216.7863311767578,154.6737060546875,0.6182294487953186,-1,-1,-1
887,-1,204.3977508544922,130.9212188720703,216.88253784179688,154.6160430908203,0.6326432824134827,-1,-1,-1
888,-1,204.4981231689453,131.105224609375,216.86328125,154.4409637451172,0.6437221765518188,-1,-1,-1
889,-1,204.49232482910156,131.10421752929688,216.86988830566406,154.45382690429688,0.6429876685142517,-1,-1,-1
890,-1,204.44476318359375,131.0635528564453,216.87232971191406,154.43011474609375,0.6239901185035706,-1,-1,-1
891,-1,204.39349365234375,131.03207397460938,216.9854736328125,154.4519805908203,0.6016575694084167,-1,-1,-1
892,-1,204.39279174804688,131.02459716796875,216.98672485351562,154.44979858398438,0.6025658249855042,-1,-1,-1
893,-1,204.39344787597656,131.02481079101562,216.9869842529297,154.4502410888672,0.6024715900421143,-1,-1,-1
894,-1,204.39329528808594,131.02474975585938,216.98728942871094,154.45010375976562,0.6024152040481567,-1,-1,-1
895,-1,204.39292907714844,131.0244598388672,216.98936462402344,154.44984436035156,0.6020068526268005,-1,-1,-1
896,-1,204.34844970703125,130.9885711669922,217.0777130126953,154.43878173828125,0.6098341345787048,-1,-1,-1
897,-1,204.36282348632812,130.9891815185547,217.05763244628906,154.43817138671875,0.6114951968193054,-1,-1,-1
898,-1,204.4125518798828,130.81333923339844,217.09825134277344,154.51815795898438,0.5753951668739319,-1,-1,-1
899,-1,204.4080352783203,130.81561279296875,217.10084533691406,154.5243377685547,0.5741862654685974,-1,-1,-1
900,-1,204.40670776367188,130.81678771972656,217.10101318359375,154.52444458007812,0.5747838616371155,-1,-1,-1
901,-1,204.3170166015625,130.92623901367188,217.02049255371094,155.00015258789062,0.5092310309410095,-1,-1,-1
902,-1,204.30908203125,130.91110229492188,217.02134704589844,155.10060119628906,0.5119317173957825,-1,-1,-1
903,-1,204.30035400390625,130.90664672851562,217.0187225341797,155.125732421875,0.5176162719726562,-1,-1,-1
904,-1,204.3028106689453,130.90390014648438,217.01446533203125,155.1422882080078,0.5191255211830139,-1,-1,-1
905,-1,204.3092498779297,130.9049530029297,217.00778198242188,155.1203155517578,0.5173588991165161,-1,-1,-1
908,-1,204.06008911132812,130.5621795654297,217.37135314941406,155.28302001953125,0.5086039304733276,-1,-1,-1
909,-1,204.0614471435547,130.55567932128906,217.36727905273438,155.27545166015625,0.5025205612182617,-1,-1,-1
910,-1,204.043701171875,130.6359405517578,217.3485107421875,155.16514587402344,0.5138532519340515,-1,-1,-1
911,-1,204.0081787109375,130.63926696777344,217.40675354003906,155.2360076904297,0.5088309049606323,-1,-1,-1
911,-1,218.94122314453125,135.88287353515625,258.0374450683594,173.846435546875,0.5081510543823242,-1,-1,-1
912,-1,203.99024963378906,130.66493225097656,217.3422393798828,155.1929931640625,0.5360513925552368,-1,-1,-1
913,-1,203.9659881591797,130.69479370117188,217.341796875,155.15834045410156,0.5438157916069031,-1,-1,-1
914,-1,203.9655303955078,130.70816040039062,217.3310089111328,155.12310791015625,0.5450422167778015,-1,-1,-1
915,-1,203.96145629882812,130.71441650390625,217.3639678955078,155.14453125,0.5513964295387268,-1,-1,-1
916,-1,203.99436950683594,130.74844360351562,217.36370849609375,155.10366821289062,0.5385253429412842,-1,-1,-1
917,-1,203.9996337890625,130.73890686035156,217.40516662597656,155.0371856689453,0.5170502066612244,-1,-1,-1
918,-1,204.01263427734375,130.83177185058594,217.35389709472656,154.93580627441406,0.5167919397354126,-1,-1,-1
919,-1,204.0009307861328,130.8290557861328,217.3706817626953,154.95486450195312,0.5168026685714722,-1,-1,-1
920,-1,204.19808959960938,130.99050903320312,217.18753051757812,154.65359497070312,0.5484920740127563,-1,-1,-1
921,-1,204.21072387695312,131.03317260742188,217.20947265625,154.63803100585938,0.5238656401634216,-1,-1,-1
922,-1,204.37228393554688,134.34765625,217.8333740234375,159.2729034423828,0.5177124738693237,-1,-1,-1
923,-1,204.3662872314453,134.32742309570312,217.85215759277344,159.28268432617188,0.5171071887016296,-1,-1,-1
924,-1,204.37115478515625,134.31195068359375,217.85031127929688,159.29937744140625,0.5185518264770508,-1,-1,-1
925,-1,204.346923828125,134.362548828125,217.87030029296875,159.234619140625,0.5216721892356873,-1,-1,-1
926,-1,249.3900909423828,140.95382690429688,260.6961975097656,165.73367309570312,0.539069414138794,-1,-1,-1
926,-1,204.12306213378906,131.11021423339844,217.17323303222656,154.60301208496094,0.5365603566169739,-1,-1,-1
927,-1,249.3859100341797,140.8607635498047,260.64459228515625,165.92819213867188,0.5625885128974915,-1,-1,-1
927,-1,204.1444091796875,131.1306915283203,217.21800231933594,154.61346435546875,0.5352272987365723,-1,-1,-1
928,-1,249.72410583496094,141.092041015625,260.6815490722656,165.9945526123047,0.5702340006828308,-1,-1,-1
928,-1,204.15408325195312,131.03872680664062,217.24853515625,154.65354919433594,0.5038681030273438,-1,-1,-1
929,-1,249.72145080566406,141.09738159179688,260.6773681640625,165.98854064941406,0.5711480975151062,-1,-1,-1
929,-1,204.16761779785156,131.04776000976562,217.24905395507812,154.6522979736328,0.5072000026702881,-1,-1,-1
930,-1,249.72433471679688,141.12637329101562,260.68292236328125,165.8698272705078,0.5682408809661865,-1,-1,-1
931,-1,249.75233459472656,141.01275634765625,260.7038269042969,166.15313720703125,0.5820301175117493,-1,-1,-1
931,-1,109.02668762207031,165.18870544433594,114.85749053955078,179.33026123046875,0.5234475135803223,-1,-1,-1
932,-1,249.79022216796875,141.01544189453125,260.69580078125,166.12313842773438,0.5822108387947083,-1,-1,-1
932,-1,109.05271911621094,165.18341064453125,114.85327911376953,179.26792907714844,0.540350615978241,-1,-1,-1
933,-1,249.79673767089844,141.01454162597656,260.69561767578125,166.14781188964844,0.5834136605262756,-1,-1,-1
933,-1,109.04662322998047,165.17933654785156,114.8189468383789,179.27029418945312,0.530239999294281,-1,-1,-1
934,-1,249.79653930664062,141.01780700683594,260.694091796875,166.14202880859375,0.5825232267379761,-1,-1,-1
934,-1,109.04684448242188,165.1788330078125,114.8188705444336,179.2706756591797,0.5310696363449097,-1,-1,-1
935,-1,249.78651428222656,140.99339294433594,260.71063232421875,166.1584930419922,0.5742842555046082,-1,-1,-1
935,-1,109.04891967773438,165.1896209716797,114.82695770263672,179.28585815429688,0.5217156410217285,-1,-1,-1
936,-1,249.8483428955078,140.11532592773438,260.7440185546875,165.26419067382812,0.610170841217041,-1,-1,-1
936,-1,109.06043243408203,165.2294464111328,114.79310607910156,179.25645446777344,0.541263222694397,-1,-1,-1
937,-1,249.86541748046875,140.33592224121094,260.8818359375,165.00213623046875,0.6027683615684509,-1,-1,-1
937,-1,109.0695571899414,165.2447052001953,114.78270721435547,179.22828674316406,0.5497861504554749,-1,-1,-1
938,-1,249.81614685058594,139.55596923828125,260.744873046875,165.47479248046875,0.664958655834198,-1,-1,-1
938,-1,109.09169006347656,165.23353576660156,114.80937194824219,179.29974365234375,0.5354138612747192,-1,-1,-1
939,-1,249.81973266601562,139.57028198242188,260.73663330078125,165.46359252929688,0.6700822114944458,-1,-1,-1
939,-1,109.09717559814453,165.24081420898438,114.81227111816406,179.27236938476562,0.5308717489242554,-1,-1,-1
940,-1,249.8084716796875,139.5962371826172,260.7828674316406,165.48672485351562,0.6584393382072449,-1,-1,-1
940,-1,109.09140014648438,165.1794891357422,114.8176498413086,179.23179626464844,0.5719751119613647,-1,-1,-1
941,-1,249.8188018798828,139.57293701171875,260.80877685546875,165.50540161132812,0.6540047526359558,-1,-1,-1
941,-1,109.12097930908203,165.25686645507812,114.8358154296875,179.18536376953125,0.53985595703125,-1,-1,-1
942,-1,249.60061645507812,139.6355743408203,261.07806396484375,165.8136444091797,0.6393305063247681,-1,-1,-1
942,-1,204.2714080810547,130.8575897216797,216.60665893554688,154.49293518066406,0.5671133399009705,-1,-1,-1
942,-1,109.11026763916016,165.18875122070312,114.83613586425781,179.14990234375,0.5551691651344299,-1,-1,-1
943,-1,249.60592651367188,139.6168670654297,261.15240478515625,165.94651794433594,0.6437363028526306,-1,-1,-1
943,-1,204.2064666748047,130.74478149414062,216.6483917236328,154.4293212890625,0.5807264447212219,-1,-1,-1
943,-1,109.08926391601562,165.1842803955078,114.87548828125,179.17945861816406,0.5562851428985596,-1,-1,-1
944,-1,249.61093139648438,139.61749267578125,261.1477966308594,165.92149353027344,0.6419500708580017,-1,-1,-1
944,-1,204.20855712890625,130.75001525878906,216.64859008789062,154.40895080566406,0.5780593156814575,-1,-1,-1
944,-1,109.09074401855469,165.18450927734375,114.86930084228516,179.17616271972656,0.5581483840942383,-1,-1,-1
945,-1,249.6068572998047,139.59974670410156,261.17327880859375,166.01242065429688,0.6408193111419678,-1,-1,-1
945,-1,204.17123413085938,130.81626892089844,216.68154907226562,154.4049835205078,0.5662594437599182,-1,-1,-1
945,-1,109.09025573730469,165.19374084472656,114.85478210449219,179.17181396484375,0.5625187754631042,-1,-1,-1
946,-1,204.11781311035156,131.0275421142578,216.80340576171875,154.31936645507812,0.5678951740264893,-1,-1,-1
946,-1,249.7753143310547,139.44525146484375,261.2331848144531,166.73927307128906,0.5562619566917419,-1,-1,-1
946,-1,109.07904052734375,165.1951141357422,114.85609436035156,179.2808837890625,0.5433145761489868,-1,-1,-1
947,-1,204.1360626220703,131.0787811279297,216.7526092529297,154.32778930664062,0.5849603414535522,-1,-1,-1
947,-1,249.81137084960938,139.46359252929688,261.2982177734375,166.67758178710938,0.564967930316925,-1,-1,-1
947,-1,109.07508087158203,165.12852478027344,114.85189819335938,179.2863311767578,0.5531262159347534,-1,-1,-1
948,-1,204.0365753173828,131.30056762695312,216.51902770996094,154.6784210205078,0.5592841506004333,-1,-1,-1
948,-1,109.0609359741211,165.11448669433594,114.8677749633789,179.32962036132812,0.5575544238090515,-1,-1,-1
948,-1,249.88442993164062,139.28395080566406,261.45989990234375,166.7572021484375,0.5513944029808044,-1,-1,-1
948,-1,190.77699279785156,133.4552764892578,198.57876586914062,148.8211212158203,0.5411888957023621,-1,-1,-1
949,-1,109.06137084960938,165.10723876953125,114.86487579345703,179.33433532714844,0.5574371814727783,-1,-1,-1
949,-1,204.03897094726562,131.29811096191406,216.52487182617188,154.69964599609375,0.5572352409362793,-1,-1,-1
949,-1,249.86978149414062,139.26324462890625,261.4464111328125,166.74090576171875,0.5539603233337402,-1,-1,-1
949,-1,190.7903289794922,133.46420288085938,198.58187866210938,148.82525634765625,0.5353255867958069,-1,-1,-1
950,-1,204.0096893310547,131.2506561279297,216.55935668945312,154.75978088378906,0.5712695717811584,-1,-1,-1
950,-1,249.89320373535156,139.262939453125,261.4681701660156,166.6051025390625,0.5517683625221252,-1,-1,-1
950,-1,109.04265594482422,165.13194274902344,114.86286926269531,179.33180236816406,0.5491629838943481,-1,-1,-1
950,-1,190.7845916748047,133.47036743164062,198.5736846923828,148.75701904296875,0.5218803882598877,-1,-1,-1
951,-1,203.9816436767578,131.22628784179688,216.59385681152344,154.79991149902344,0.5677878260612488,-1,-1,-1
951,-1,109.04100036621094,165.13890075683594,114.86573028564453,179.3947296142578,0.545211911201477,-1,-1,-1
951,-1,249.90139770507812,139.21112060546875,261.4703674316406,166.7847900390625,0.529716432094574,-1,-1,-1
951,-1,190.78402709960938,133.4552459716797,198.5584716796875,148.7487335205078,0.5094051957130432,-1,-1,-1
952,-1,204.00997924804688,131.27670288085938,216.59048461914062,154.7600555419922,0.5607984066009521,-1,-1,-1
952,-1,109.03590393066406,165.1326446533203,114.86771392822266,179.39886474609375,0.5533736348152161,-1,-1,-1
952,-1,249.93624877929688,139.23403930664062,261.4681091308594,166.748046875,0.537913978099823,-1,-1,-1
952,-1,190.78453063964844,133.434326171875,198.54759216308594,148.7652587890625,0.5043630003929138,-1,-1,-1
953,-1,204.01669311523438,131.27259826660156,216.5847625732422,154.7593536376953,0.5616447925567627,-1,-1,-1
953,-1,109.03166198730469,165.13021850585938,114.86255645751953,179.3975067138672,0.5581824779510498,-1,-1,-1
953,-1,249.931640625,139.2444610595703,261.4609375,166.73159790039062,0.5442795157432556,-1,-1,-1
953,-1,190.78858947753906,133.4296417236328,198.5617218017578,148.76571655273438,0.5014556646347046,-1,-1,-1
954,-1,204.01651000976562,131.27346801757812,216.5863800048828,154.7582244873047,0.5619056820869446,-1,-1,-1
954,-1,109.03163146972656,165.12945556640625,114.86235046386719,179.3970947265625,0.5581867694854736,-1,-1,-1
954,-1,249.93125915527344,139.2447967529297,261.4615478515625,166.7298583984375,0.5445892810821533,-1,-1,-1
954,-1,190.78810119628906,133.42929077148438,198.5618896484375,148.76544189453125,0.5015031695365906,-1,-1,-1
955,-1,204.01455688476562,131.26620483398438,216.6059112548828,154.78045654296875,0.5593253374099731,-1,-1,-1
955,-1,109.05902862548828,165.17044067382812,114.85022735595703,179.3846435546875,0.5567808151245117,-1,-1,-1
955,-1,249.93673706054688,139.2583770751953,261.4528503417969,166.68504333496094,0.5510718822479248,-1,-1,-1
955,-1,190.77774047851562,133.41812133789062,198.56788635253906,148.7461395263672,0.5085625052452087,-1,-1,-1
956,-1,189.61013793945312,132.84335327148438,199.13204956054688,153.82862854003906,0.6714178323745728,-1,-1,-1
956,-1,204.22354125976562,131.1789093017578,216.75363159179688,154.54396057128906,0.6501771211624146,-1,-1,-1
956,-1,109.0275650024414,165.1628875732422,114.86354064941406,179.49766540527344,0.5686620473861694,-1,-1,-1
957,-1,189.6603240966797,132.97181701660156,199.1642608642578,153.82504272460938,0.6844266057014465,-1,-1,-1
957,-1,204.28515625,131.05166625976562,216.56922912597656,154.43698120117188,0.6726489663124084,-1,-1,-1
957,-1,109.08525085449219,165.17112731933594,114.87397003173828,179.47979736328125,0.519788920879364,-1,-1,-1
958,-1,189.5126495361328,133.1056671142578,198.84046936035156,158.53219604492188,0.6590779423713684,-1,-1,-1
958,-1,204.26266479492188,131.1366424560547,216.63429260253906,154.24832153320312,0.6174518465995789,-1,-1,-1
958,-1,109.10002899169922,165.14141845703125,114.96873474121094,179.48707580566406,0.522846519947052,-1,-1,-1
959,-1,189.50131225585938,133.11183166503906,198.83775329589844,158.54043579101562,0.6645475029945374,-1,-1,-1
959,-1,204.27919006347656,131.1417694091797,216.63668823242188,154.26626586914062,0.6163173317909241,-1,-1,-1
959,-1,109.09605407714844,165.14051818847656,114.96720123291016,179.49913024902344,0.5238513946533203,-1,-1,-1
960,-1,189.5345458984375,133.09982299804688,198.836181640625,158.52581787109375,0.6623625755310059,-1,-1,-1
960,-1,204.32345581054688,131.17938232421875,216.5946807861328,154.3022918701172,0.6153417825698853,-1,-1,-1
960,-1,109.03980255126953,165.107421875,114.94013977050781,179.53941345214844,0.5432876944541931,-1,-1,-1
961,-1,189.54043579101562,133.0643310546875,198.83192443847656,158.62222290039062,0.6578363180160522,-1,-1,-1
961,-1,204.34767150878906,131.1613311767578,216.57737731933594,154.2649688720703,0.6192379593849182,-1,-1,-1
961,-1,109.01872253417969,165.0938262939453,114.93768310546875,179.53062438964844,0.5685338377952576,-1,-1,-1
962,-1,189.51974487304688,132.9895782470703,198.8658447265625,158.69189453125,0.6482443809509277,-1,-1,-1
962,-1,204.342529296875,131.1729278564453,216.58660888671875,154.25112915039062,0.6194444894790649,-1,-1,-1
962,-1,109.03046417236328,165.1227569580078,114.92906188964844,179.48291015625,0.5714840292930603,-1,-1,-1
963,-1,189.51547241210938,132.9871063232422,198.87535095214844,158.67245483398438,0.6466899514198303,-1,-1,-1
963,-1,204.34373474121094,131.16943359375,216.57601928710938,154.2543182373047,0.6192754507064819,-1,-1,-1
963,-1,109.03865814208984,165.1252899169922,114.92012786865234,179.4081268310547,0.5489631295204163,-1,-1,-1
964,-1,189.5146484375,132.98614501953125,198.87399291992188,158.66961669921875,0.6433876752853394,-1,-1,-1
964,-1,204.344482421875,131.16990661621094,216.57962036132812,154.25662231445312,0.6186174750328064,-1,-1,-1
964,-1,109.03706359863281,165.12107849121094,114.92355346679688,179.41307067871094,0.5497111678123474,-1,-1,-1
965,-1,189.490478515625,132.9621124267578,198.8697509765625,158.70132446289062,0.6509569883346558,-1,-1,-1
965,-1,204.34225463867188,131.1728057861328,216.59422302246094,154.2451629638672,0.6234312057495117,-1,-1,-1
965,-1,109.05460357666016,165.03353881835938,114.9094009399414,179.42868041992188,0.5471657514572144,-1,-1,-1
966,-1,189.77520751953125,133.7800750732422,199.2683563232422,157.94772338867188,0.6224322319030762,-1,-1,-1
966,-1,204.48617553710938,131.22708129882812,216.39752197265625,154.11717224121094,0.6123706698417664,-1,-1,-1
966,-1,109.07630157470703,165.10699462890625,114.92616271972656,179.37710571289062,0.5057628750801086,-1,-1,-1
967,-1,189.77882385253906,133.7456512451172,199.30990600585938,157.97018432617188,0.6303688883781433,-1,-1,-1
967,-1,204.47364807128906,131.2286834716797,216.38450622558594,153.9969024658203,0.6133865714073181,-1,-1,-1
967,-1,109.09925842285156,165.16207885742188,114.97456359863281,179.23001098632812,0.5146484971046448,-1,-1,-1
968,-1,204.5514678955078,131.1466522216797,216.4915313720703,154.1252899169922,0.5985291600227356,-1,-1,-1
968,-1,109.12104797363281,165.15769958496094,114.97298431396484,179.1295928955078,0.5046994686126709,-1,-1,-1
969,-1,204.54803466796875,131.14556884765625,216.48233032226562,154.11065673828125,0.599361777305603,-1,-1,-1
969,-1,109.1208724975586,165.15220642089844,114.9745864868164,179.1326904296875,0.5024815201759338,-1,-1,-1
970,-1,204.5501708984375,131.1116943359375,216.51437377929688,154.1151885986328,0.6052054762840271,-1,-1,-1
971,-1,204.5601043701172,131.12289428710938,216.4790496826172,154.0969696044922,0.6106113791465759,-1,-1,-1
972,-1,109.1136245727539,165.1539306640625,114.95304870605469,179.18896484375,0.500146210193634,-1,-1,-1
973,-1,204.43345642089844,130.8542022705078,216.80564880371094,154.4579315185547,0.512164294719696,-1,-1,-1
974,-1,204.44419860839844,130.84884643554688,216.78627014160156,154.46490478515625,0.5131266117095947,-1,-1,-1
975,-1,204.4410400390625,130.8862762451172,216.80543518066406,154.5392303466797,0.5083799362182617,-1,-1,-1
975,-1,109.05902862548828,165.20892333984375,114.98358917236328,179.18495178222656,0.5017833709716797,-1,-1,-1
976,-1,189.94554138183594,133.40252685546875,199.25555419921875,159.640625,0.5416225790977478,-1,-1,-1
977,-1,189.95169067382812,133.40187072753906,199.2298126220703,159.60678100585938,0.5517759919166565,-1,-1,-1
996,-1,109.09545135498047,165.2772979736328,114.99165344238281,179.37159729003906,0.5194979310035706,-1,-1,-1
997,-1,109.09371185302734,165.2457275390625,114.99287414550781,179.26608276367188,0.5240512490272522,-1,-1,-1
998,-1,109.0740966796875,165.23727416992188,115.04119873046875,179.3255157470703,0.5128538012504578,-1,-1,-1
999,-1,109.07247924804688,165.23707580566406,115.029296875,179.31869506835938,0.5158135890960693,-1,-1,-1
1000,-1,109.04576110839844,165.2794952392578,115.06831359863281,179.32400512695312,0.5084759593009949,-1,-1,-1
1001,-1,109.0232162475586,165.23028564453125,115.07090759277344,179.24429321289062,0.5357023477554321,-1,-1,-1
1002,-1,109.04756164550781,165.22927856445312,115.06166076660156,179.2515411376953,0.5114630460739136,-1,-1,-1
1005,-1,109.10340881347656,165.2044677734375,115.08032989501953,179.2165985107422,0.5088024139404297,-1,-1,-1
1006,-1,248.8151397705078,137.8064727783203,259.79083251953125,160.10140991210938,0.5200028419494629,-1,-1,-1
1006,-1,109.04718017578125,165.20372009277344,115.05726623535156,179.26138305664062,0.5100589990615845,-1,-1,-1
1007,-1,109.03732299804688,165.19097900390625,115.0254135131836,179.26153564453125,0.5176208019256592,-1,-1,-1
1007,-1,248.65235900878906,137.73597717285156,259.83612060546875,160.07794189453125,0.5061584711074829,-1,-1,-1
1008,-1,109.03366088867188,165.20787048339844,115.05120849609375,179.16683959960938,0.5298119187355042,-1,-1,-1
1009,-1,109.02989196777344,165.1984405517578,115.05828857421875,179.16925048828125,0.5272332429885864,-1,-1,-1
1010,-1,109.01404571533203,165.19210815429688,115.05162048339844,179.21939086914062,0.5342468023300171,-1,-1,-1
1011,-1,109.00870513916016,165.19296264648438,115.04608917236328,179.20803833007812,0.5341710448265076,-1,-1,-1
1012,-1,109.02810668945312,165.20980834960938,115.04802703857422,179.19110107421875,0.5453312397003174,-1,-1,-1
1013,-1,109.02098846435547,165.18768310546875,114.97456359863281,179.1585235595703,0.5389613509178162,-1,-1,-1
1014,-1,109.0190200805664,165.18414306640625,114.97624206542969,179.16888427734375,0.5384459495544434,-1,-1,-1
1015,-1,109.04266357421875,165.17984008789062,114.93399047851562,179.10281372070312,0.5468030571937561,-1,-1,-1
1016,-1,109.03911590576172,165.2025146484375,115.06613159179688,179.08450317382812,0.5398145914077759,-1,-1,-1
1017,-1,109.02344512939453,165.2145233154297,115.03485107421875,179.13584899902344,0.5234875679016113,-1,-1,-1
1017,-1,204.27084350585938,130.80975341796875,217.123291015625,154.83172607421875,0.5019367933273315,-1,-1,-1
1018,-1,204.34317016601562,130.97215270996094,216.98158264160156,154.83181762695312,0.5415053963661194,-1,-1,-1
1019,-1,204.34011840820312,130.97413635253906,216.97805786132812,154.82870483398438,0.5388575196266174,-1,-1,-1
1020,-1,204.31881713867188,130.95358276367188,216.99354553222656,154.8677215576172,0.5382592082023621,-1,-1,-1
1021,-1,204.32269287109375,130.95291137695312,217.00303649902344,154.86155700683594,0.5366934537887573,-1,-1,-1
1022,-1,204.35850524902344,130.95565795898438,217.01658630371094,154.8184356689453,0.5378879308700562,-1,-1,-1
1023,-1,204.35992431640625,130.96974182128906,217.00985717773438,154.79701232910156,0.5464178323745728,-1,-1,-1
1024,-1,204.35899353027344,130.9588165283203,217.01657104492188,154.81361389160156,0.5434579253196716,-1,-1,-1
1025,-1,204.3509063720703,130.95462036132812,217.02105712890625,154.82147216796875,0.5379669070243835,-1,-1,-1
1026,-1,204.4850311279297,130.92604064941406,216.9737548828125,155.0538330078125,0.5177236795425415,-1,-1,-1
1027,-1,204.4971923828125,130.76025390625,217.0110321044922,155.21163940429688,0.5104286074638367,-1,-1,-1
1028,-1,204.44313049316406,130.6796875,217.00747680664062,155.1845245361328,0.5360291004180908,-1,-1,-1
1029,-1,204.44989013671875,130.67684936523438,217.00157165527344,155.17898559570312,0.535118579864502,-1,-1,-1
1030,-1,204.49928283691406,130.62197875976562,216.96580505371094,155.265869140625,0.5904310345649719,-1,-1,-1
1031,-1,204.49017333984375,130.57281494140625,216.96652221679688,155.30838012695312,0.5833977460861206,-1,-1,-1
1032,-1,204.53555297851562,130.51226806640625,217.20567321777344,155.4484100341797,0.5249383449554443,-1,-1,-1
1032,-1,109.00322723388672,165.2443084716797,114.95356750488281,179.1590576171875,0.505662739276886,-1,-1,-1
1033,-1,204.5750274658203,130.49615478515625,217.24913024902344,155.44712829589844,0.5298412442207336,-1,-1,-1
1033,-1,109.0116958618164,165.2118377685547,114.95987701416016,179.09385681152344,0.5179851651191711,-1,-1,-1
1034,-1,204.56491088867188,130.48858642578125,217.25650024414062,155.4541015625,0.5278797149658203,-1,-1,-1
1034,-1,109.01871490478516,165.21958923339844,114.96056365966797,179.07337951660156,0.5151405334472656,-1,-1,-1
1035,-1,204.59310913085938,130.54595947265625,217.2882843017578,155.38243103027344,0.5403091907501221,-1,-1,-1
1035,-1,109.02457427978516,165.19580078125,114.98810577392578,179.08839416503906,0.5174145102500916,-1,-1,-1
1036,-1,109.06685638427734,165.19915771484375,114.99459075927734,179.2095947265625,0.5493156313896179,-1,-1,-1
1036,-1,204.69483947753906,130.58270263671875,217.11282348632812,155.32228088378906,0.5038187503814697,-1,-1,-1
1037,-1,109.06098175048828,165.18023681640625,114.99006652832031,179.239501953125,0.5289441347122192,-1,-1,-1
1038,-1,109.05884552001953,165.1540985107422,114.9337387084961,179.28855895996094,0.5700975656509399,-1,-1,-1
1038,-1,204.68199157714844,130.7824249267578,217.1373748779297,154.9597625732422,0.5215650200843811,-1,-1,-1
1039,-1,109.05908203125,165.15472412109375,114.93155670166016,179.28924560546875,0.5684524774551392,-1,-1,-1
1039,-1,204.68568420410156,130.7677459716797,217.13743591308594,154.97349548339844,0.5214401483535767,-1,-1,-1
1040,-1,109.06875610351562,165.157958984375,114.94024658203125,179.25628662109375,0.5685197710990906,-1,-1,-1
1040,-1,204.7003173828125,130.75314331054688,217.1319580078125,154.96583557128906,0.5264362692832947,-1,-1,-1
1041,-1,109.0724105834961,165.15826416015625,114.95640563964844,179.25518798828125,0.5669878721237183,-1,-1,-1
1041,-1,204.6771240234375,130.75245666503906,217.1377410888672,154.977294921875,0.530106246471405,-1,-1,-1
1042,-1,109.07316589355469,165.15782165527344,114.96366882324219,179.2090606689453,0.5630958080291748,-1,-1,-1
1042,-1,204.67959594726562,130.76528930664062,217.11224365234375,154.9597625732422,0.5368518233299255,-1,-1,-1
1043,-1,109.0779800415039,165.151611328125,114.9637451171875,179.2371063232422,0.5602022409439087,-1,-1,-1
1043,-1,204.67425537109375,130.76258850097656,217.09414672851562,154.9569549560547,0.5456388592720032,-1,-1,-1
1044,-1,109.07786560058594,165.1507568359375,114.9636001586914,179.236083984375,0.5604592561721802,-1,-1,-1
1044,-1,204.67286682128906,130.76182556152344,217.0921630859375,154.95751953125,0.5456507205963135,-1,-1,-1
1045,-1,109.08600616455078,165.19097900390625,114.94557189941406,179.2662353515625,0.5614076256752014,-1,-1,-1
1045,-1,204.68258666992188,130.73037719726562,217.08900451660156,155.01126098632812,0.5452763438224792,-1,-1,-1
1046,-1,204.80691528320312,133.11322021484375,217.73226928710938,159.9214630126953,0.5207560658454895,-1,-1,-1
1046,-1,109.0897216796875,165.16876220703125,114.99160766601562,179.305908203125,0.504282534122467,-1,-1,-1
1048,-1,109.10010528564453,165.1647491455078,115.04551696777344,179.323974609375,0.5059298872947693,-1,-1,-1
1049,-1,109.09522247314453,165.158203125,115.0383071899414,179.32586669921875,0.5111784338951111,-1,-1,-1
1050,-1,109.12018585205078,165.20111083984375,115.03398132324219,179.28460693359375,0.5108564496040344,-1,-1,-1
1123,-1,204.27999877929688,130.28846740722656,216.5236053466797,155.22781372070312,0.5163147449493408,-1,-1,-1
1124,-1,204.2908935546875,130.2858428955078,216.52182006835938,155.23367309570312,0.5091121196746826,-1,-1,-1
1125,-1,204.30844116210938,130.33477783203125,216.500244140625,155.20101928710938,0.5353518724441528,-1,-1,-1
1126,-1,204.3544158935547,130.11044311523438,216.34124755859375,155.486328125,0.542612612247467,-1,-1,-1
1127,-1,204.346923828125,130.06129455566406,216.36944580078125,155.5131072998047,0.5327110290527344,-1,-1,-1
1128,-1,204.34713745117188,130.07044982910156,216.36373901367188,155.50196838378906,0.5360497832298279,-1,-1,-1
1129,-1,204.3477020263672,130.06838989257812,216.3615264892578,155.50347900390625,0.5356615781784058,-1,-1,-1
1130,-1,204.32923889160156,130.4505615234375,216.6094207763672,155.19796752929688,0.5138895511627197,-1,-1,-1
1131,-1,204.35061645507812,130.5019989013672,216.69931030273438,155.17269897460938,0.5026856660842896,-1,-1,-1
1132,-1,204.34832763671875,130.4604949951172,216.6562042236328,155.25389099121094,0.5085811614990234,-1,-1,-1
1133,-1,204.34994506835938,130.46714782714844,216.65606689453125,155.25706481933594,0.5105305314064026,-1,-1,-1
1134,-1,204.35037231445312,130.46641540527344,216.65499877929688,155.2577667236328,0.5107946395874023,-1,-1,-1
1135,-1,204.34532165527344,130.45323181152344,216.65611267089844,155.24923706054688,0.5062268972396851,-1,-1,-1
1141,-1,204.3348388671875,130.87303161621094,216.70806884765625,155.1395721435547,0.5091570615768433,-1,-1,-1
1148,-1,204.42771911621094,130.87332153320312,216.43612670898438,154.9518585205078,0.50359046459198,-1,-1,-1
1149,-1,204.4284210205078,130.8610382080078,216.44151306152344,154.94879150390625,0.5016035437583923,-1,-1,-1
1150,-1,204.50559997558594,131.08670043945312,216.2733612060547,154.78131103515625,0.542269229888916,-1,-1,-1
1151,-1,204.5065155029297,131.09970092773438,216.29652404785156,154.76954650878906,0.5484988689422607,-1,-1,-1
1152,-1,204.5246124267578,131.0955047607422,216.27500915527344,154.7786407470703,0.5487070083618164,-1,-1,-1
1153,-1,204.53448486328125,131.30723571777344,216.44168090820312,154.4052276611328,0.52494215965271,-1,-1,-1
1154,-1,204.53207397460938,131.31935119628906,216.45556640625,154.38722229003906,0.5265787839889526,-1,-1,-1
1155,-1,204.5472412109375,131.3940887451172,216.45140075683594,154.24240112304688,0.517042875289917,-1,-1,-1
1156,-1,204.56520080566406,131.35877990722656,216.38742065429688,154.28390502929688,0.5257466435432434,-1,-1,-1
1157,-1,204.53134155273438,131.38636779785156,216.4471435546875,154.2682647705078,0.5251600742340088,-1,-1,-1
1158,-1,204.51809692382812,131.4171905517578,216.42518615722656,154.26095581054688,0.5313341617584229,-1,-1,-1
1159,-1,204.51968383789062,131.4224853515625,216.4053192138672,154.23574829101562,0.5318157076835632,-1,-1,-1
1170,-1,204.1259765625,130.50949096679688,216.67503356933594,154.5660858154297,0.5245176553726196,-1,-1,-1
1171,-1,204.1163787841797,130.4928436279297,216.6680145263672,154.5547332763672,0.532808780670166,-1,-1,-1
1172,-1,204.09359741210938,130.49937438964844,216.73387145996094,154.61370849609375,0.5321745872497559,-1,-1,-1
1173,-1,204.0916748046875,130.50352478027344,216.713134765625,154.55288696289062,0.5261808037757874,-1,-1,-1
1174,-1,204.0933074951172,130.50375366210938,216.71142578125,154.550048828125,0.5268281698226929,-1,-1,-1
1175,-1,204.07907104492188,130.52035522460938,216.69541931152344,154.54806518554688,0.523734450340271,-1,-1,-1
1176,-1,203.8950958251953,130.31858825683594,217.02658081054688,154.8692626953125,0.5074827671051025,-1,-1,-1
1177,-1,203.85093688964844,130.3173065185547,217.03857421875,154.93675231933594,0.5145511627197266,-1,-1,-1
1178,-1,203.84646606445312,130.28805541992188,217.03915405273438,154.99478149414062,0.5326286554336548,-1,-1,-1
1179,-1,203.850830078125,130.2815704345703,217.0375213623047,154.97557067871094,0.531333863735199,-1,-1,-1
1183,-1,203.9222869873047,130.10739135742188,216.88995361328125,155.075439453125,0.5329748392105103,-1,-1,-1
1184,-1,203.899658203125,130.1199493408203,216.9166259765625,155.07839965820312,0.5319761037826538,-1,-1,-1
1185,-1,203.91482543945312,130.17579650878906,216.92645263671875,155.05355834960938,0.5206103920936584,-1,-1,-1
1186,-1,203.8999786376953,130.1367950439453,216.93663024902344,155.0585479736328,0.5294555425643921,-1,-1,-1
1187,-1,203.89669799804688,130.1037139892578,216.93521118164062,155.07923889160156,0.5329280495643616,-1,-1,-1
1188,-1,203.90621948242188,130.10879516601562,216.95687866210938,155.03656005859375,0.516120970249176,-1,-1,-1
1189,-1,203.91053771972656,130.10720825195312,216.9518280029297,155.0360565185547,0.5167862176895142,-1,-1,-1
1190,-1,203.89370727539062,130.57078552246094,216.92628479003906,154.3439483642578,0.5473892092704773,-1,-1,-1
1191,-1,203.8909149169922,130.51698303222656,216.9574737548828,154.40476989746094,0.545756995677948,-1,-1,-1
1192,-1,203.85549926757812,130.52354431152344,216.9662628173828,154.4248809814453,0.5489703416824341,-1,-1,-1
1193,-1,203.85231018066406,130.44561767578125,216.96475219726562,154.48519897460938,0.5545867085456848,-1,-1,-1
1194,-1,203.85205078125,130.44931030273438,216.96493530273438,154.4799041748047,0.5547032952308655,-1,-1,-1
1195,-1,203.8581085205078,130.45724487304688,216.9373321533203,154.46156311035156,0.5582869648933411,-1,-1,-1
1196,-1,187.21902465820312,128.1202392578125,196.8199920654297,156.6332244873047,0.656282365322113,-1,-1,-1
1196,-1,203.75149536132812,130.22378540039062,216.94052124023438,154.64756774902344,0.5869036912918091,-1,-1,-1
1197,-1,187.27691650390625,128.14007568359375,196.73887634277344,156.5961456298828,0.6645143032073975,-1,-1,-1
1197,-1,203.74708557128906,130.26742553710938,216.98814392089844,154.67066955566406,0.5700098276138306,-1,-1,-1
1198,-1,187.2926483154297,128.23895263671875,196.60997009277344,156.48365783691406,0.6600932478904724,-1,-1,-1
1198,-1,203.75027465820312,130.2440643310547,216.9713134765625,154.67921447753906,0.5770853161811829,-1,-1,-1
1199,-1,187.29103088378906,128.23207092285156,196.60752868652344,156.47323608398438,0.6632587313652039,-1,-1,-1
1199,-1,203.74911499023438,130.240234375,216.96939086914062,154.67616271972656,0.5781788229942322,-1,-1,-1
1200,-1,203.7851104736328,130.2919921875,216.81997680664062,154.61822509765625,0.5754064917564392,-1,-1,-1
1201,-1,203.90628051757812,130.25714111328125,216.74380493164062,154.2281036376953,0.5362537503242493,-1,-1,-1
1202,-1,203.93113708496094,130.1757049560547,216.6607666015625,154.17391967773438,0.5510905981063843,-1,-1,-1
1203,-1,203.91754150390625,130.1869354248047,216.6902313232422,154.17333984375,0.5496121048927307,-1,-1,-1
1204,-1,203.9183349609375,130.18641662597656,216.6877899169922,154.16941833496094,0.5496578216552734,-1,-1,-1
1205,-1,203.91744995117188,130.1891326904297,216.68943786621094,154.1639862060547,0.5500961542129517,-1,-1,-1
1240,-1,188.1287841796875,129.94964599609375,197.83596801757812,154.09274291992188,0.5193893909454346,-1,-1,-1
1241,-1,187.46153259277344,130.3228759765625,197.47901916503906,152.71780395507812,0.5847484469413757,-1,-1,-1
1245,-1,12.102860450744629,-8.690713882446289,300.7559509277344,246.73141479492188,0.5699664950370789,-1,-1,-1
