1486,-1,18.679492950439453,-6.851677417755127,309.2630310058594,240.19305419921875,0.5015849471092224,-1,-1,-1
1589,-1,18.067169189453125,55.93942642211914,309.2438659667969,235.62892150878906,0.5044223666191101,-1,-1,-1
1590,-1,17.375686645507812,54.224212646484375,309.3407897949219,236.1874542236328,0.5531916618347168,-1,-1,-1
1591,-1,16.196605682373047,53.3716926574707,310.6405944824219,235.97555541992188,0.5951059460639954,-1,-1,-1
1592,-1,16.231172561645508,53.38505172729492,310.65472412109375,236.02841186523438,0.6013336777687073,-1,-1,-1
1593,-1,17.522066116333008,54.031166076660156,309.41424560546875,235.60877990722656,0.5651476383209229,-1,-1,-1
1594,-1,16.318628311157227,53.75117874145508,311.2398986816406,235.55636596679688,0.5223960876464844,-1,-1,-1
1595,-1,16.38458251953125,53.76469421386719,311.13055419921875,235.63327026367188,0.522705078125,-1,-1,-1
1596,-1,15.869269371032715,54.27473068237305,310.9416809082031,235.62464904785156,0.5543133020401001,-1,-1,-1
1597,-1,16.455724716186523,54.19034957885742,310.33892822265625,235.44004821777344,0.5304434299468994,-1,-1,-1
1598,-1,16.838520050048828,53.75355911254883,310.1419372558594,235.35610961914062,0.5342450141906738,-1,-1,-1
1599,-1,17.005332946777344,53.12783432006836,309.6111755371094,235.4116668701172,0.5253283381462097,-1,-1,-1
1600,-1,16.903112411499023,52.55619812011719,309.7830810546875,235.81640625,0.5086355805397034,-1,-1,-1
1601,-1,16.9915771484375,52.5372314453125,309.6624755859375,235.8324737548828,0.5095524191856384,-1,-1,-1
1691,-1,24.756458282470703,58.17176818847656,303.7862548828125,235.43214416503906,0.5078121423721313,-1,-1,-1
1692,-1,24.534101486206055,57.146453857421875,304.3063049316406,235.70144653320312,0.5042081475257874,-1,-1,-1
1722,-1,22.423717498779297,52.306556701660156,305.9784240722656,236.84762573242188,0.5555991530418396,-1,-1,-1
1723,-1,25.361469268798828,52.598655700683594,304.2392578125,237.86917114257812,0.550883412361145,-1,-1,-1
1729,-1,20.84320068359375,44.0787239074707,309.6631164550781,238.56756591796875,0.5055181980133057,-1,-1,-1
1755,-1,145.98057556152344,52.64418411254883,177.45159912109375,129.98741149902344,0.5506184101104736,-1,-1,-1
1767,-1,164.62310791015625,61.275184631347656,189.2437744140625,132.83334350585938,0.6696522831916809,-1,-1,-1
1768,-1,164.361572265625,65.63394165039062,191.0375213623047,132.77081298828125,0.5887884497642517,-1,-1,-1
1769,-1,164.32785034179688,65.68225860595703,191.02227783203125,132.78639221191406,0.5913993716239929,-1,-1,-1
1771,-1,164.96142578125,62.736019134521484,196.1236572265625,140.46490478515625,0.5759210586547852,-1,-1,-1
1773,-1,163.9140625,66.90609741210938,199.7386474609375,142.15060424804688,0.6105110049247742,-1,-1,-1
1774,-1,164.31723022460938,70.17977142333984,200.57594299316406,141.9188995361328,0.7712307572364807,-1,-1,-1
1775,-1,164.32437133789062,70.11224365234375,200.57020568847656,141.9256591796875,0.7786893844604492,-1,-1,-1
1777,-1,167.1116943359375,70.6445083618164,206.26234436035156,148.1879119873047,0.5347583293914795,-1,-1,-1
1779,-1,168.22715759277344,71.7803955078125,209.28497314453125,147.13819885253906,0.6831533908843994,-1,-1,-1
1783,-1,177.29112243652344,74.82746124267578,212.25177001953125,149.4833526611328,0.8824019432067871,-1,-1,-1
1784,-1,179.42269897460938,76.00778198242188,211.97201538085938,149.50047302246094,0.8730127215385437,-1,-1,-1
1785,-1,181.0777130126953,76.8505859375,215.6062469482422,150.95980834960938,0.7243121266365051,-1,-1,-1
2460,-1,131.15476989746094,160.68260192871094,203.23182678222656,229.89305114746094,0.5016393065452576,-1,-1,-1
2461,-1,130.90208435058594,159.61575317382812,204.48495483398438,230.37005615234375,0.5691782236099243,-1,-1,-1
2469,-1,26.312150955200195,-7.970557689666748,304.6216125488281,242.44985961914062,0.5253385305404663,-1,-1,-1
2470,-1,26.196958541870117,-8.729530334472656,304.1116638183594,242.16107177734375,0.5507093667984009,-1,-1,-1
2471,-1,26.32343101501465,-8.703261375427246,303.9641418457031,242.1669158935547,0.5500995516777039,-1,-1,-1
2472,-1,26.835222244262695,-10.057514190673828,304.2037353515625,242.88697814941406,0.6485463380813599,-1,-1,-1
2473,-1,31.209375381469727,-9.78116512298584,299.124267578125,243.70416259765625,0.6202051639556885,-1,-1,-1
2544,-1,199.13909912109375,118.71088409423828,237.9261932373047,174.21755981445312,0.6500689387321472,-1,-1,-1
2545,-1,199.66355895996094,119.19527435302734,237.89991760253906,173.703369140625,0.7094268798828125,-1,-1,-1
2546,-1,200.62808227539062,120.02793884277344,238.69088745117188,173.99790954589844,0.5347397923469543,-1,-1,-1
2629,-1,206.10302734375,122.91857147216797,243.8935089111328,171.49302673339844,0.535528302192688,-1,-1,-1
2692,-1,144.2193603515625,86.5685806274414,180.19056701660156,167.87655639648438,0.7197819948196411,-1,-1,-1
2693,-1,144.1794891357422,86.57217407226562,180.12635803222656,167.85226440429688,0.7271353006362915,-1,-1,-1
2709,-1,118.82689666748047,61.81835174560547,156.25376892089844,145.63580322265625,0.5173625946044922,-1,-1,-1
2710,-1,119.1763687133789,58.657039642333984,155.8686981201172,145.24856567382812,0.9492496252059937,-1,-1,-1
2711,-1,119.16448974609375,58.69103240966797,155.83682250976562,145.1824188232422,0.9517220854759216,-1,-1,-1
2732,-1,55.16621398925781,56.0391731262207,312.5924072265625,235.90762329101562,0.5953174829483032,-1,-1,-1
2736,-1,52.77422332763672,59.59099578857422,311.7242736816406,235.3692626953125,0.5525974631309509,-1,-1,-1
2737,-1,53.280487060546875,58.688716888427734,311.7540283203125,236.44610595703125,0.6587485671043396,-1,-1,-1
2740,-1,30.876079559326172,60.67489242553711,298.7765197753906,232.97274780273438,0.5039690732955933,-1,-1,-1
2741,-1,31.032245635986328,60.5008659362793,298.7242736816406,233.02587890625,0.5026630759239197,-1,-1,-1
2742,-1,54.11948776245117,60.5173225402832,310.37579345703125,233.13174438476562,0.6309781670570374,-1,-1,-1
2743,-1,56.239784240722656,59.50171661376953,308.7661437988281,233.05136108398438,0.6207751035690308,-1,-1,-1
2744,-1,58.64397430419922,59.17697525024414,307.8990783691406,233.41262817382812,0.555738627910614,-1,-1,-1
3790,-1,19.902671813964844,0.8705373406410217,310.065185546875,231.1889190673828,0.5242840647697449,-1,-1,-1
3791,-1,19.959482192993164,0.8502079844474792,310.048095703125,231.24778747558594,0.5247449278831482,-1,-1,-1
3792,-1,19.974693298339844,1.2295297384262085,309.6826171875,230.72303771972656,0.5132962465286255,-1,-1,-1
4202,-1,17.891738891601562,-4.686537742614746,308.9678039550781,235.82362365722656,0.5572285652160645,-1,-1,-1
4203,-1,24.433521270751953,51.35272216796875,301.7527160644531,237.71835327148438,0.653773844242096,-1,-1,-1
4204,-1,23.424602508544922,50.86065673828125,302.322021484375,237.94691467285156,0.6563266515731812,-1,-1,-1
4205,-1,23.487348556518555,50.89027404785156,302.237060546875,237.94708251953125,0.6557279229164124,-1,-1,-1
4206,-1,23.34552574157715,51.02254867553711,302.35308837890625,238.01052856445312,0.6470368504524231,-1,-1,-1
4207,-1,25.701587677001953,52.913570404052734,301.32275390625,237.97344970703125,0.5115787982940674,-1,-1,-1
4215,-1,18.494813919067383,-3.308504581451416,310.439697265625,235.10826110839844,0.5173463821411133,-1,-1,-1
4219,-1,16.821887969970703,-3.809497594833374,310.8846740722656,235.70138549804688,0.5413523316383362,-1,-1,-1
