29,-1,141.58218383789062,50.47947692871094,162.54043579101562,104.9926528930664,0.5241100192070007,-1,-1,-1
30,-1,141.70201110839844,50.39238357543945,162.61354064941406,105.172119140625,0.5348119139671326,-1,-1,-1
30,-1,1.6422271728515625,112.86985778808594,51.498600006103516,210.36277770996094,0.511716365814209,-1,-1,-1
39,-1,26.928510665893555,73.54053497314453,61.873931884765625,106.76473999023438,0.6710079908370972,-1,-1,-1
40,-1,26.910778045654297,73.56385040283203,61.74815368652344,106.66070556640625,0.6976767182350159,-1,-1,-1
41,-1,26.958385467529297,73.60762786865234,61.747154235839844,106.6682357788086,0.6986479759216309,-1,-1,-1
42,-1,27.133460998535156,73.56939697265625,62.02884292602539,107.30094146728516,0.6642166972160339,-1,-1,-1
43,-1,27.07067108154297,73.7376708984375,62.04643249511719,107.38086700439453,0.6319671273231506,-1,-1,-1
44,-1,27.0314884185791,73.69927978515625,62.00047302246094,107.41130065917969,0.6294177174568176,-1,-1,-1
45,-1,27.135700225830078,73.72505187988281,62.0413932800293,107.10710144042969,0.6794610619544983,-1,-1,-1
46,-1,27.016210556030273,73.75151062011719,61.91994094848633,107.14958190917969,0.6538295149803162,-1,-1,-1
47,-1,27.129283905029297,73.6997299194336,62.14947509765625,107.3862075805664,0.5987962484359741,-1,-1,-1
48,-1,27.141429901123047,73.7225341796875,62.113853454589844,107.41525268554688,0.5765600204467773,-1,-1,-1
49,-1,27.100605010986328,73.712158203125,62.04895782470703,107.418212890625,0.575172483921051,-1,-1,-1
50,-1,27.10382843017578,73.73388671875,61.99132537841797,107.23760986328125,0.59224933385849,-1,-1,-1
51,-1,27.080411911010742,73.76546478271484,61.98052215576172,107.23723602294922,0.5852444171905518,-1,-1,-1
52,-1,27.08033561706543,73.7612533569336,61.98473358154297,107.23826599121094,0.5841206908226013,-1,-1,-1
53,-1,27.130849838256836,73.84156799316406,61.97789764404297,107.38838958740234,0.5762934684753418,-1,-1,-1
54,-1,27.01207160949707,73.83444213867188,61.97601318359375,106.9463882446289,0.5984718799591064,-1,-1,-1
55,-1,27.063156127929688,73.786865234375,61.98241424560547,106.93806457519531,0.6045099496841431,-1,-1,-1
56,-1,27.163198471069336,73.88365936279297,61.83610916137695,106.71087646484375,0.5718064904212952,-1,-1,-1
57,-1,27.06944465637207,73.88662719726562,61.79141616821289,106.81140899658203,0.570917010307312,-1,-1,-1
58,-1,27.047706604003906,73.88072967529297,61.79936218261719,106.85143280029297,0.5743042230606079,-1,-1,-1
59,-1,26.996488571166992,73.90357971191406,61.79252624511719,106.66874694824219,0.5958607792854309,-1,-1,-1
60,-1,27.01412010192871,73.89066314697266,61.70489501953125,106.697998046875,0.5733986496925354,-1,-1,-1
61,-1,26.966535568237305,73.74992370605469,61.71055603027344,106.8261489868164,0.5848296880722046,-1,-1,-1
62,-1,26.796979904174805,73.75960540771484,61.599021911621094,106.70436096191406,0.6224755644798279,-1,-1,-1
63,-1,26.913053512573242,73.75859832763672,61.575626373291016,106.49932861328125,0.6276307702064514,-1,-1,-1
64,-1,26.862781524658203,73.82341766357422,61.54326629638672,106.49407958984375,0.6300058364868164,-1,-1,-1
65,-1,26.88429832458496,73.77618408203125,61.420753479003906,106.4951171875,0.6252844333648682,-1,-1,-1
66,-1,26.861164093017578,73.70262145996094,61.465702056884766,106.66402435302734,0.6025528907775879,-1,-1,-1
67,-1,26.823272705078125,73.6929931640625,61.52797317504883,106.84491729736328,0.6061818599700928,-1,-1,-1
68,-1,26.822023391723633,73.70160675048828,61.52488708496094,106.88658905029297,0.596454918384552,-1,-1,-1
69,-1,26.783292770385742,73.88196563720703,61.446388244628906,106.59654998779297,0.6060060262680054,-1,-1,-1
70,-1,26.74801254272461,73.87030029296875,61.42019271850586,106.62584686279297,0.6012005805969238,-1,-1,-1
71,-1,26.732803344726562,73.93675994873047,61.39788055419922,106.56640625,0.6111098527908325,-1,-1,-1
72,-1,26.781579971313477,73.9761962890625,61.436317443847656,106.59107971191406,0.6206126809120178,-1,-1,-1
73,-1,26.755685806274414,73.74744415283203,61.372352600097656,106.8847427368164,0.6658274531364441,-1,-1,-1
74,-1,26.747846603393555,73.74787139892578,61.387855529785156,106.92778778076172,0.690971314907074,-1,-1,-1
75,-1,26.690364837646484,73.96896362304688,61.6478385925293,106.74988555908203,0.6027508974075317,-1,-1,-1
76,-1,26.617841720581055,73.75285339355469,61.62752151489258,106.71223449707031,0.5104051828384399,-1,-1,-1
77,-1,26.83333969116211,73.71874237060547,61.447139739990234,106.61539459228516,0.5156723856925964,-1,-1,-1
78,-1,92.19438171386719,29.134679794311523,134.72828674316406,129.56568908691406,0.8319957852363586,-1,-1,-1
78,-1,27.072982788085938,73.97884368896484,62.04267120361328,107.2170639038086,0.7696353793144226,-1,-1,-1
79,-1,26.598968505859375,73.59889221191406,61.58712387084961,106.37523651123047,0.8748138546943665,-1,-1,-1
79,-1,92.22639465332031,29.113910675048828,134.75999450683594,129.61260986328125,0.8317620158195496,-1,-1,-1
79,-1,35.495018005371094,120.12428283691406,60.17245864868164,139.0751190185547,0.5508288741111755,-1,-1,-1
80,-1,92.23513793945312,28.846059799194336,134.82470703125,129.27674865722656,0.9210799336433411,-1,-1,-1
80,-1,26.53496742248535,73.47640991210938,61.32245635986328,106.21148681640625,0.8878000378608704,-1,-1,-1
80,-1,35.52094650268555,120.25167083740234,60.063140869140625,139.2035675048828,0.506428062915802,-1,-1,-1
81,-1,92.7677993774414,36.467716217041016,140.01206970214844,136.9010467529297,0.9599235653877258,-1,-1,-1
81,-1,26.473806381225586,73.40287780761719,61.19211196899414,106.46735382080078,0.8899091482162476,-1,-1,-1
81,-1,35.534385681152344,120.25762176513672,60.065025329589844,139.12237548828125,0.5159285068511963,-1,-1,-1
82,-1,92.7706527709961,36.34135437011719,139.9093780517578,136.94259643554688,0.9604687094688416,-1,-1,-1
82,-1,26.430038452148438,73.4127197265625,61.09768295288086,106.49478149414062,0.8970749378204346,-1,-1,-1
82,-1,35.51226043701172,120.22855377197266,60.03399658203125,139.091796875,0.5331194400787354,-1,-1,-1
83,-1,92.72218322753906,36.34434127807617,140.0594482421875,136.93545532226562,0.9623491168022156,-1,-1,-1
83,-1,26.427518844604492,73.38664245605469,61.11471176147461,106.50220489501953,0.8994235396385193,-1,-1,-1
83,-1,35.51587677001953,120.23136901855469,60.03166961669922,139.083984375,0.5312274694442749,-1,-1,-1
84,-1,92.67477416992188,36.24418258666992,140.07847595214844,137.00086975097656,0.9618625044822693,-1,-1,-1
84,-1,26.364938735961914,73.39942169189453,61.21274948120117,106.70854187011719,0.8957386016845703,-1,-1,-1
85,-1,92.65557098388672,36.266197204589844,140.20664978027344,137.05157470703125,0.9553837180137634,-1,-1,-1
85,-1,26.39253807067871,73.3877944946289,61.219459533691406,106.70124816894531,0.8969148993492126,-1,-1,-1
86,-1,94.25090789794922,39.15642547607422,140.7976837158203,135.52272033691406,0.9540356397628784,-1,-1,-1
86,-1,26.298723220825195,73.60612487792969,61.292572021484375,106.57794952392578,0.9046093821525574,-1,-1,-1
86,-1,94.16421508789062,62.647727966308594,139.42323303222656,137.00474548339844,0.6994354724884033,-1,-1,-1
86,-1,35.583595275878906,120.14617156982422,59.99477767944336,139.1064453125,0.5405265688896179,-1,-1,-1
87,-1,95.20890045166016,38.25526428222656,141.16822814941406,136.9833221435547,0.9517000317573547,-1,-1,-1
87,-1,26.33600616455078,73.38555908203125,61.006778717041016,106.53204345703125,0.8627470135688782,-1,-1,-1
88,-1,95.24666595458984,38.257999420166016,141.03346252441406,136.945556640625,0.9492364525794983,-1,-1,-1
88,-1,26.342451095581055,73.40283966064453,61.02101135253906,106.51197052001953,0.8662461638450623,-1,-1,-1
89,-1,95.7956771850586,40.809173583984375,141.620849609375,136.24560546875,0.8943625092506409,-1,-1,-1
89,-1,26.237232208251953,73.21025848388672,60.83435821533203,106.59626007080078,0.8781967163085938,-1,-1,-1
90,-1,26.21493911743164,73.1571044921875,60.86269760131836,106.39358520507812,0.8841987252235413,-1,-1,-1
90,-1,95.90010833740234,40.97626876831055,141.8096466064453,136.34173583984375,0.8616235256195068,-1,-1,-1
91,-1,26.226707458496094,73.0065689086914,60.7213020324707,106.1534194946289,0.885502278804779,-1,-1,-1
91,-1,96.03099822998047,41.51482391357422,141.7086639404297,136.14239501953125,0.8501385450363159,-1,-1,-1
92,-1,96.03873443603516,40.2196044921875,144.54013061523438,139.05856323242188,0.9677716493606567,-1,-1,-1
92,-1,26.155620574951172,72.9249038696289,60.73255157470703,106.15895080566406,0.9049370884895325,-1,-1,-1
93,-1,96.43766784667969,38.151790618896484,144.40301513671875,140.10995483398438,0.9730910658836365,-1,-1,-1
93,-1,26.217538833618164,72.82478332519531,60.78017807006836,106.21050262451172,0.9136335849761963,-1,-1,-1
94,-1,96.4095458984375,38.30585861206055,144.4729766845703,139.97853088378906,0.9738293886184692,-1,-1,-1
94,-1,26.24728012084961,72.82779693603516,60.75225830078125,106.161865234375,0.9134094715118408,-1,-1,-1
95,-1,96.37147521972656,38.33167266845703,144.39488220214844,140.0149688720703,0.9751827120780945,-1,-1,-1
95,-1,26.206567764282227,72.74381256103516,60.84360122680664,106.13499450683594,0.9228314757347107,-1,-1,-1
96,-1,26.150279998779297,72.72982025146484,60.774383544921875,105.89258575439453,0.8950437307357788,-1,-1,-1
96,-1,97.35856628417969,41.88807678222656,145.07635498046875,140.87161254882812,0.7500729560852051,-1,-1,-1
97,-1,26.189401626586914,72.67173767089844,60.721275329589844,105.86126708984375,0.8996119499206543,-1,-1,-1
97,-1,97.27273559570312,41.45065689086914,145.11260986328125,141.02713012695312,0.775015115737915,-1,-1,-1
98,-1,26.137563705444336,72.62361907958984,60.76511001586914,105.89299011230469,0.8656924962997437,-1,-1,-1
98,-1,96.67549896240234,53.46703338623047,146.53448486328125,144.66213989257812,0.7542646527290344,-1,-1,-1
99,-1,26.223834991455078,72.7680892944336,60.912357330322266,106.48465728759766,0.8685924410820007,-1,-1,-1
99,-1,97.53594970703125,39.64905548095703,144.5985870361328,145.11715698242188,0.7338190078735352,-1,-1,-1
100,-1,26.187667846679688,72.86203002929688,60.84592819213867,106.52548217773438,0.856187641620636,-1,-1,-1
100,-1,97.53136444091797,39.71685791015625,144.6035919189453,145.06634521484375,0.7247798442840576,-1,-1,-1
101,-1,100.60367584228516,41.582923889160156,150.23928833007812,155.7000274658203,0.9181522130966187,-1,-1,-1
101,-1,26.27061653137207,72.90122985839844,60.83927536010742,106.34185791015625,0.7486828565597534,-1,-1,-1
102,-1,100.71400451660156,40.23452377319336,150.71971130371094,156.7345733642578,0.9457191228866577,-1,-1,-1
102,-1,26.052780151367188,73.21730041503906,60.756019592285156,106.19161987304688,0.7728877663612366,-1,-1,-1
103,-1,100.84397888183594,40.93806457519531,150.58172607421875,156.33299255371094,0.9312666058540344,-1,-1,-1
103,-1,25.916688919067383,73.25304412841797,60.77776336669922,106.07862091064453,0.7754449844360352,-1,-1,-1
104,-1,25.918338775634766,73.2080307006836,60.89798355102539,106.07588958740234,0.7870264649391174,-1,-1,-1
104,-1,102.15343475341797,43.41788101196289,151.0006866455078,155.98216247558594,0.7489198446273804,-1,-1,-1
105,-1,25.978626251220703,73.48584747314453,60.77912139892578,105.83513641357422,0.7174224257469177,-1,-1,-1
105,-1,102.17803192138672,46.34140396118164,151.13424682617188,153.93357849121094,0.6543896198272705,-1,-1,-1
106,-1,25.75517463684082,73.144287109375,60.64110565185547,105.49789428710938,0.7821294069290161,-1,-1,-1
106,-1,102.07324981689453,46.038795471191406,151.50926208496094,154.3131866455078,0.6537464261054993,-1,-1,-1
107,-1,25.792444229125977,73.2416000366211,60.826534271240234,105.53335571289062,0.7472850680351257,-1,-1,-1
107,-1,102.0123291015625,46.39879608154297,151.4315643310547,154.14308166503906,0.6256271600723267,-1,-1,-1
108,-1,25.864221572875977,73.42555236816406,60.46017074584961,105.58049774169922,0.7616373300552368,-1,-1,-1
108,-1,104.64080810546875,45.37810516357422,150.71669006347656,153.83676147460938,0.5162533521652222,-1,-1,-1
109,-1,25.791305541992188,73.40580749511719,60.54329299926758,105.78868865966797,0.7263297438621521,-1,-1,-1
109,-1,104.5463638305664,45.33253860473633,150.7342987060547,153.8052978515625,0.5372527241706848,-1,-1,-1
110,-1,103.30917358398438,45.79905319213867,152.77694702148438,155.70050048828125,0.8535462617874146,-1,-1,-1
110,-1,25.755891799926758,73.43384552001953,60.4356689453125,105.94286346435547,0.806968629360199,-1,-1,-1
111,-1,102.14399719238281,46.798919677734375,151.86898803710938,158.76913452148438,0.8467103242874146,-1,-1,-1
111,-1,26.268938064575195,73.6114273071289,60.90130615234375,105.9216537475586,0.7119701504707336,-1,-1,-1
112,-1,102.2867202758789,46.82473373413086,152.06362915039062,158.36888122558594,0.81187903881073,-1,-1,-1
112,-1,26.221654891967773,73.59920501708984,60.96867370605469,105.78262329101562,0.7134522795677185,-1,-1,-1
113,-1,102.31637573242188,47.74360656738281,152.0479736328125,157.57164001464844,0.7924212217330933,-1,-1,-1
113,-1,26.18177604675293,73.60328674316406,60.94541549682617,105.811767578125,0.7188700437545776,-1,-1,-1
114,-1,102.5178451538086,47.33531188964844,150.51443481445312,172.45510864257812,0.8569390773773193,-1,-1,-1
114,-1,26.5446834564209,73.78990936279297,61.2702522277832,106.22100830078125,0.7974083423614502,-1,-1,-1
115,-1,102.75129699707031,46.77895736694336,150.43081665039062,172.7749481201172,0.8883607983589172,-1,-1,-1
115,-1,26.459131240844727,73.81147766113281,61.299285888671875,106.12313842773438,0.8090623617172241,-1,-1,-1
116,-1,26.702762603759766,73.8729248046875,61.12118148803711,105.89657592773438,0.7815372943878174,-1,-1,-1
116,-1,103.0228500366211,51.04277420043945,151.1783905029297,171.01585388183594,0.7758204340934753,-1,-1,-1
117,-1,26.66761589050293,73.90396118164062,61.07666015625,106.36125946044922,0.798301637172699,-1,-1,-1
117,-1,103.00898742675781,51.19008255004883,151.35557556152344,170.98898315429688,0.7719116806983948,-1,-1,-1
118,-1,26.92203140258789,74.02655029296875,61.01890182495117,105.8072509765625,0.8063079714775085,-1,-1,-1
118,-1,35.48790740966797,120.19819641113281,59.8146858215332,139.52691650390625,0.5131710767745972,-1,-1,-1
119,-1,26.99711036682129,74.0318832397461,61.0413932800293,105.94300842285156,0.7934571504592896,-1,-1,-1
119,-1,35.494537353515625,120.2136459350586,59.83375930786133,139.50494384765625,0.5168368220329285,-1,-1,-1
120,-1,26.76692008972168,73.88700103759766,61.039459228515625,106.01998901367188,0.7935947775840759,-1,-1,-1
120,-1,35.42352294921875,120.21417236328125,59.83182907104492,139.5789794921875,0.5421639680862427,-1,-1,-1
121,-1,26.75990104675293,73.86260986328125,61.006263732910156,106.07583618164062,0.7805417776107788,-1,-1,-1
121,-1,35.4093017578125,120.21546173095703,59.810821533203125,139.58966064453125,0.5267626643180847,-1,-1,-1
122,-1,26.746862411499023,73.7455825805664,60.90682601928711,106.08623504638672,0.7830259203910828,-1,-1,-1
123,-1,26.826581954956055,73.83030700683594,60.40936279296875,105.83360290527344,0.8236497640609741,-1,-1,-1
124,-1,27.56878089904785,72.69645690917969,56.53538131713867,101.3022232055664,0.7978560328483582,-1,-1,-1
124,-1,35.42914962768555,120.10113525390625,59.93504333496094,139.55844116210938,0.5323792695999146,-1,-1,-1
125,-1,27.582805633544922,72.67941284179688,56.526302337646484,101.31297302246094,0.7989881634712219,-1,-1,-1
125,-1,35.45323181152344,120.09217071533203,59.92713928222656,139.55665588378906,0.5372887253761292,-1,-1,-1
126,-1,27.5760440826416,72.68009185791016,56.52658462524414,101.31646728515625,0.8003079891204834,-1,-1,-1
126,-1,35.48872375488281,120.08950805664062,59.93950653076172,139.55889892578125,0.5219057202339172,-1,-1,-1
127,-1,27.553264617919922,72.6938247680664,56.48670959472656,101.2569580078125,0.8177874088287354,-1,-1,-1
128,-1,27.417156219482422,72.70011901855469,56.64902114868164,100.78398132324219,0.78480064868927,-1,-1,-1
129,-1,26.660381317138672,73.48707580566406,60.66654968261719,105.91902160644531,0.7942187786102295,-1,-1,-1
130,-1,26.777055740356445,73.66259765625,60.844058990478516,105.85790252685547,0.7514321804046631,-1,-1,-1
130,-1,88.90313720703125,73.0633544921875,145.14247131347656,177.48800659179688,0.5690791606903076,-1,-1,-1
131,-1,26.79041862487793,73.64639282226562,60.86875915527344,105.9244613647461,0.7552449107170105,-1,-1,-1
131,-1,89.08610534667969,73.19542694091797,144.9916229248047,177.39093017578125,0.5898220539093018,-1,-1,-1
132,-1,26.71626091003418,73.58565521240234,60.76346969604492,105.81979370117188,0.7805497050285339,-1,-1,-1
132,-1,89.56855773925781,74.98239135742188,144.2842254638672,179.7364501953125,0.6068523526191711,-1,-1,-1
133,-1,26.701765060424805,73.59437561035156,60.770668029785156,105.80638122558594,0.7805617451667786,-1,-1,-1
133,-1,89.56297302246094,74.76673889160156,144.1942901611328,179.80816650390625,0.5579846501350403,-1,-1,-1
134,-1,27.06707191467285,73.9212646484375,60.9868049621582,105.40878295898438,0.6868448257446289,-1,-1,-1
134,-1,89.03662109375,84.81554412841797,141.68772888183594,187.45108032226562,0.5547742247581482,-1,-1,-1
135,-1,26.99652671813965,73.95580291748047,60.97615051269531,105.45248413085938,0.6918603777885437,-1,-1,-1
136,-1,27.016698837280273,73.7288589477539,61.59648132324219,105.75104522705078,0.7092291116714478,-1,-1,-1
137,-1,27.007244110107422,73.76777648925781,61.53801345825195,105.83300018310547,0.6917731165885925,-1,-1,-1
138,-1,27.05152130126953,73.81723022460938,61.62601852416992,105.89078521728516,0.6704328060150146,-1,-1,-1
139,-1,87.59185028076172,68.0230941772461,142.13412475585938,185.9111328125,0.7182460427284241,-1,-1,-1
139,-1,26.69998550415039,73.58930206298828,61.675575256347656,105.54122924804688,0.6573746204376221,-1,-1,-1
139,-1,35.81137466430664,120.0208740234375,59.79055404663086,139.55958557128906,0.51318359375,-1,-1,-1
140,-1,26.438766479492188,73.45114135742188,61.37847137451172,106.90281677246094,0.6500982046127319,-1,-1,-1
140,-1,69.84198760986328,72.91825866699219,144.2783203125,180.50845336914062,0.5423597097396851,-1,-1,-1
141,-1,26.446521759033203,73.46268463134766,61.33667755126953,106.92317199707031,0.6343949437141418,-1,-1,-1
141,-1,69.77908325195312,73.17399597167969,144.17124938964844,180.90505981445312,0.5543606281280518,-1,-1,-1
142,-1,68.29286193847656,71.04086303710938,144.85865783691406,176.83856201171875,0.9185823202133179,-1,-1,-1
142,-1,26.68082046508789,73.45889282226562,61.89924240112305,105.58441925048828,0.787665605545044,-1,-1,-1
142,-1,2.751488447189331,117.67622375488281,51.19460678100586,208.252685546875,0.5080974698066711,-1,-1,-1
143,-1,68.1709213256836,70.85254669189453,144.88446044921875,177.01556396484375,0.920894205570221,-1,-1,-1
143,-1,26.647109985351562,73.46502685546875,61.803531646728516,105.23314666748047,0.7979180812835693,-1,-1,-1
143,-1,2.7220652103424072,117.69937133789062,51.265586853027344,208.2374725341797,0.5147848129272461,-1,-1,-1
144,-1,67.93438720703125,71.69139862060547,144.4894256591797,177.5744171142578,0.9174994826316833,-1,-1,-1
144,-1,27.177770614624023,73.72734069824219,62.30253219604492,104.4857177734375,0.7881876230239868,-1,-1,-1
145,-1,67.8734130859375,71.26168823242188,144.3573455810547,178.77406311035156,0.915314257144928,-1,-1,-1
145,-1,27.174610137939453,73.71250915527344,62.40730667114258,104.44429779052734,0.7845897674560547,-1,-1,-1
145,-1,2.944211483001709,117.8582763671875,51.25741958618164,208.15945434570312,0.5049947500228882,-1,-1,-1
146,-1,62.04447937011719,69.59967041015625,145.2494659423828,180.77529907226562,0.9463616609573364,-1,-1,-1
146,-1,26.855485916137695,73.2646713256836,63.411964416503906,103.2076187133789,0.7030306458473206,-1,-1,-1
146,-1,2.8675973415374756,117.13701629638672,51.41350173950195,208.8849639892578,0.5096692442893982,-1,-1,-1
147,-1,62.5521125793457,69.51793670654297,145.20677185058594,180.3866424560547,0.9418255090713501,-1,-1,-1
147,-1,26.795854568481445,73.34451293945312,63.57933807373047,103.32044982910156,0.7404041290283203,-1,-1,-1
147,-1,2.8423383235931396,117.12162017822266,51.381534576416016,208.80271911621094,0.5183154940605164,-1,-1,-1
148,-1,26.332521438598633,73.38127899169922,60.913082122802734,104.3487548828125,0.5263912677764893,-1,-1,-1
149,-1,26.338741302490234,73.39590454101562,60.88477325439453,104.4415512084961,0.5780021548271179,-1,-1,-1
149,-1,2.989356756210327,117.52462768554688,51.21053695678711,208.72903442382812,0.5076715350151062,-1,-1,-1
150,-1,58.249088287353516,72.95877075195312,147.08172607421875,177.33822631835938,0.8786999583244324,-1,-1,-1
151,-1,56.958900451660156,73.63107299804688,147.94137573242188,174.12136840820312,0.8716177940368652,-1,-1,-1
151,-1,2.5046067237854004,116.91209411621094,51.82948684692383,210.67002868652344,0.5709829926490784,-1,-1,-1
156,-1,59.88380813598633,75.8611068725586,152.75442504882812,171.9546356201172,0.5269330739974976,-1,-1,-1
157,-1,62.32292556762695,76.43594360351562,155.9940948486328,170.665283203125,0.71451735496521,-1,-1,-1
158,-1,63.47412109375,76.46109008789062,155.7013397216797,169.0777130126953,0.6979197859764099,-1,-1,-1
159,-1,60.945987701416016,76.82412719726562,155.19802856445312,171.06178283691406,0.6353081464767456,-1,-1,-1
160,-1,59.6480598449707,75.67312622070312,161.71617126464844,200.22036743164062,0.9473535418510437,-1,-1,-1
161,-1,59.42024612426758,75.64421844482422,161.8104248046875,200.13380432128906,0.9423376321792603,-1,-1,-1
162,-1,58.1077766418457,76.48670196533203,163.8607940673828,200.3280792236328,0.940241813659668,-1,-1,-1
163,-1,58.028377532958984,76.74929809570312,163.81192016601562,200.2850799560547,0.9371461868286133,-1,-1,-1
164,-1,75.95327758789062,81.24378204345703,157.26690673828125,192.8689422607422,0.9804255962371826,-1,-1,-1
165,-1,75.86486053466797,81.5252456665039,157.2729034423828,192.77024841308594,0.9799590706825256,-1,-1,-1
166,-1,79.28748321533203,78.98625946044922,156.21278381347656,195.1240234375,0.9758949279785156,-1,-1,-1
166,-1,0.1550028920173645,117.24347686767578,53.076629638671875,212.32855224609375,0.6021811366081238,-1,-1,-1
167,-1,79.44962310791016,78.88734436035156,156.14759826660156,195.15597534179688,0.9754952192306519,-1,-1,-1
167,-1,0.37781640887260437,117.22994232177734,52.85997772216797,212.2729949951172,0.6464220285415649,-1,-1,-1
168,-1,76.69188690185547,78.16988372802734,154.2464599609375,194.72084045410156,0.9670543670654297,-1,-1,-1
169,-1,77.71187591552734,77.5360107421875,153.822021484375,194.1898651123047,0.9642237424850464,-1,-1,-1
170,-1,77.86028289794922,77.50862121582031,153.85482788085938,194.15072631835938,0.9674622416496277,-1,-1,-1
171,-1,77.96214294433594,77.41239166259766,153.81834411621094,194.22360229492188,0.965983510017395,-1,-1,-1
172,-1,74.88248443603516,79.23241424560547,151.6903076171875,193.32310485839844,0.9255563616752625,-1,-1,-1
173,-1,74.6494140625,79.4276351928711,151.47457885742188,193.22811889648438,0.9117147326469421,-1,-1,-1
174,-1,72.5887451171875,79.2953109741211,151.04615783691406,194.1894073486328,0.9442179203033447,-1,-1,-1
174,-1,4.219022750854492,118.2763900756836,53.2450065612793,210.5470428466797,0.6364948153495789,-1,-1,-1
175,-1,70.68894958496094,79.061279296875,150.08953857421875,194.3712158203125,0.9467384815216064,-1,-1,-1
176,-1,70.05181121826172,79.0156478881836,150.1660614013672,193.92645263671875,0.9631655216217041,-1,-1,-1
177,-1,69.92828369140625,78.96930694580078,150.3347625732422,194.15997314453125,0.966953694820404,-1,-1,-1
178,-1,70.95061492919922,79.88272094726562,150.24713134765625,194.58511352539062,0.9590781331062317,-1,-1,-1
179,-1,70.98443603515625,79.87718200683594,150.20819091796875,194.4184112548828,0.9581878781318665,-1,-1,-1
180,-1,71.7247085571289,80.49891662597656,150.07476806640625,194.1973419189453,0.9567516446113586,-1,-1,-1
181,-1,73.74008178710938,80.89183807373047,149.66055297851562,194.65887451171875,0.9276248812675476,-1,-1,-1
182,-1,74.30023193359375,79.92131042480469,150.0382843017578,195.62091064453125,0.9176409244537354,-1,-1,-1
183,-1,74.36612701416016,79.90581512451172,150.0834503173828,195.7266387939453,0.9181882739067078,-1,-1,-1
184,-1,68.96240997314453,75.58015441894531,152.31524658203125,203.2052459716797,0.9446404576301575,-1,-1,-1
185,-1,69.04705810546875,75.61605834960938,152.37518310546875,203.23687744140625,0.9465797543525696,-1,-1,-1
186,-1,69.1341323852539,75.63050842285156,152.26364135742188,203.30642700195312,0.9460956454277039,-1,-1,-1
187,-1,67.56096649169922,76.01374816894531,153.2372589111328,202.6964874267578,0.9710929989814758,-1,-1,-1
188,-1,61.56807327270508,76.02123260498047,153.01031494140625,200.679931640625,0.9891306161880493,-1,-1,-1
189,-1,58.664058685302734,76.04020690917969,153.3040008544922,200.76876831054688,0.989254891872406,-1,-1,-1
190,-1,59.83810806274414,76.22908020019531,155.38751220703125,199.86038208007812,0.9766894578933716,-1,-1,-1
191,-1,60.1406135559082,76.2286376953125,155.14234924316406,199.89231872558594,0.9752254486083984,-1,-1,-1
192,-1,60.0032844543457,76.17925262451172,155.02206420898438,199.86924743652344,0.975290060043335,-1,-1,-1
193,-1,60.044307708740234,76.1811752319336,155.07730102539062,199.88507080078125,0.9760627150535583,-1,-1,-1
194,-1,57.59359359741211,75.11737060546875,156.21746826171875,199.92405700683594,0.9808163046836853,-1,-1,-1
195,-1,58.6582145690918,75.47107696533203,157.37051391601562,200.3339080810547,0.9771470427513123,-1,-1,-1
196,-1,60.04241943359375,74.59952545166016,157.08848571777344,200.60533142089844,0.9792780876159668,-1,-1,-1
197,-1,59.967987060546875,74.66277313232422,157.171142578125,200.6344451904297,0.9804669618606567,-1,-1,-1
198,-1,60.44088363647461,74.23492431640625,156.5517578125,200.41722106933594,0.9818915128707886,-1,-1,-1
199,-1,74.6490707397461,81.51124572753906,154.06820678710938,192.2903289794922,0.9662882685661316,-1,-1,-1
200,-1,75.65457153320312,80.8326416015625,154.47219848632812,194.07766723632812,0.9774720668792725,-1,-1,-1
201,-1,75.78883361816406,80.47248840332031,154.5802001953125,194.2711639404297,0.9805801510810852,-1,-1,-1
202,-1,80.62654113769531,81.68588256835938,156.4622344970703,195.1592559814453,0.9796209931373596,-1,-1,-1
203,-1,80.82198333740234,81.45133972167969,156.3175811767578,195.37086486816406,0.9798861742019653,-1,-1,-1
204,-1,81.04267120361328,82.09123229980469,157.2001953125,197.12306213378906,0.9590200781822205,-1,-1,-1
205,-1,81.9887466430664,79.6112289428711,158.73501586914062,198.04928588867188,0.967293918132782,-1,-1,-1
206,-1,86.12594604492188,83.08944702148438,164.69100952148438,199.2340087890625,0.8499065041542053,-1,-1,-1
207,-1,86.13007354736328,83.20166015625,164.67164611816406,199.0417022705078,0.8540356755256653,-1,-1,-1
208,-1,95.2748031616211,82.13956451416016,162.72592163085938,196.39588928222656,0.9158456921577454,-1,-1,-1
209,-1,95.14693450927734,82.2577133178711,162.58352661132812,196.2376708984375,0.9172444343566895,-1,-1,-1
210,-1,99.40362548828125,81.6030044555664,162.73147583007812,195.84872436523438,0.7851656675338745,-1,-1,-1
210,-1,35.93662643432617,119.4393310546875,60.33422088623047,138.66209411621094,0.5675602555274963,-1,-1,-1
211,-1,99.47819519042969,81.60382843017578,162.48599243164062,195.6366424560547,0.6958965063095093,-1,-1,-1
211,-1,35.9254150390625,119.43041229248047,60.327964782714844,138.67469787597656,0.5508699417114258,-1,-1,-1
212,-1,99.44215393066406,81.4752426147461,162.54443359375,195.65109252929688,0.6677588224411011,-1,-1,-1
212,-1,35.94488525390625,119.4372329711914,60.30751037597656,138.66749572753906,0.5438665151596069,-1,-1,-1
214,-1,26.855409622192383,73.83185577392578,61.20513153076172,105.21736145019531,0.6780779957771301,-1,-1,-1
214,-1,99.28382110595703,79.44865417480469,159.0902557373047,174.23330688476562,0.5060750246047974,-1,-1,-1
215,-1,26.84901237487793,73.81245422363281,61.190792083740234,105.21562957763672,0.6833139657974243,-1,-1,-1
215,-1,99.22731018066406,79.49476623535156,159.0281982421875,173.9740753173828,0.5161451101303101,-1,-1,-1
216,-1,26.869430541992188,73.81009674072266,61.221927642822266,105.20892333984375,0.6717360615730286,-1,-1,-1
216,-1,99.20567321777344,79.51347351074219,159.0132293701172,173.8040008544922,0.5083648562431335,-1,-1,-1
217,-1,26.74100685119629,73.74288940429688,61.440887451171875,105.11801147460938,0.577630877494812,-1,-1,-1
218,-1,96.4617919921875,74.13430786132812,157.3414306640625,179.64151000976562,0.8528547286987305,-1,-1,-1
218,-1,26.785659790039062,73.70618438720703,61.57180404663086,105.39100646972656,0.6371876001358032,-1,-1,-1
219,-1,95.29717254638672,74.41398620605469,156.2087860107422,177.78366088867188,0.637904167175293,-1,-1,-1
219,-1,27.014257431030273,73.45674896240234,61.59176254272461,105.09129333496094,0.578184962272644,-1,-1,-1
220,-1,95.4094009399414,74.39258575439453,156.14154052734375,177.73695373535156,0.6006006002426147,-1,-1,-1
220,-1,26.94171714782715,73.5089111328125,61.727176666259766,105.25444793701172,0.5632852911949158,-1,-1,-1
221,-1,95.40623474121094,74.33580017089844,156.13938903808594,177.78427124023438,0.6014138460159302,-1,-1,-1
221,-1,26.95046615600586,73.51095581054688,61.71025848388672,105.2360610961914,0.5690131187438965,-1,-1,-1
222,-1,26.978172302246094,73.4124526977539,61.78860092163086,105.55931854248047,0.5400758981704712,-1,-1,-1
223,-1,94.55465698242188,71.62547302246094,156.25375366210938,180.05178833007812,0.737507700920105,-1,-1,-1
224,-1,94.66159057617188,71.90686798095703,156.1209716796875,180.66729736328125,0.7347820401191711,-1,-1,-1
225,-1,94.63957977294922,71.83575439453125,156.10894775390625,180.7261962890625,0.7372400164604187,-1,-1,-1
226,-1,96.71957397460938,74.1383056640625,160.79466247558594,194.63722229003906,0.8991772532463074,-1,-1,-1
226,-1,26.90967559814453,73.07215881347656,62.31166076660156,106.53604125976562,0.6657871007919312,-1,-1,-1
227,-1,96.77287292480469,74.0882797241211,160.76571655273438,194.69386291503906,0.9012606143951416,-1,-1,-1
227,-1,26.756824493408203,72.87074279785156,62.038673400878906,105.84325408935547,0.6600297093391418,-1,-1,-1
228,-1,96.79607391357422,74.05786895751953,160.7550811767578,194.7771759033203,0.9013702869415283,-1,-1,-1
228,-1,26.732669830322266,72.87857818603516,61.95246887207031,105.91836547851562,0.6769931316375732,-1,-1,-1
229,-1,96.71650695800781,74.10504913330078,160.71913146972656,194.77572631835938,0.901220440864563,-1,-1,-1
229,-1,26.70302963256836,72.87362670898438,62.03456497192383,105.95203399658203,0.671318531036377,-1,-1,-1
230,-1,98.1812973022461,73.56731414794922,159.8015899658203,195.66184997558594,0.865485429763794,-1,-1,-1
230,-1,26.736650466918945,72.93268585205078,62.04615783691406,105.67249298095703,0.6541724801063538,-1,-1,-1
231,-1,99.89363861083984,67.89400482177734,158.09844970703125,189.50843811035156,0.8312327861785889,-1,-1,-1
232,-1,99.57490539550781,67.8753662109375,158.26739501953125,189.1614227294922,0.7967112064361572,-1,-1,-1
233,-1,99.57377624511719,67.861328125,158.30313110351562,189.1686553955078,0.7958424091339111,-1,-1,-1
234,-1,99.24292755126953,69.91769409179688,159.2690887451172,186.09947204589844,0.5049387812614441,-1,-1,-1
235,-1,99.23725891113281,70.05815887451172,159.3081817626953,186.14413452148438,0.524151623249054,-1,-1,-1
237,-1,100.56944274902344,69.16917419433594,162.1142578125,184.28440856933594,0.5009874701499939,-1,-1,-1
238,-1,102.4324722290039,67.24147033691406,164.08505249023438,183.4387664794922,0.5853407382965088,-1,-1,-1
239,-1,102.53833770751953,67.51251220703125,163.94439697265625,183.4753875732422,0.6103410124778748,-1,-1,-1
240,-1,102.5373764038086,67.24571990966797,163.98841857910156,183.46038818359375,0.6249678134918213,-1,-1,-1
241,-1,104.9537582397461,68.49958801269531,172.34243774414062,180.60775756835938,0.506595253944397,-1,-1,-1
245,-1,108.53443908691406,78.35475158691406,179.51687622070312,178.06472778320312,0.5431278944015503,-1,-1,-1
247,-1,115.66192626953125,73.53807067871094,175.0479278564453,180.27748107910156,0.5903174877166748,-1,-1,-1
248,-1,117.30558776855469,73.07843780517578,175.32113647460938,180.13626098632812,0.6206409335136414,-1,-1,-1
249,-1,117.21827697753906,73.31986236572266,175.4619140625,179.91262817382812,0.6144164800643921,-1,-1,-1
252,-1,124.45677947998047,68.53941345214844,182.03631591796875,180.00775146484375,0.5960506796836853,-1,-1,-1
253,-1,127.03849029541016,68.90489196777344,182.45977783203125,180.3417510986328,0.8109341859817505,-1,-1,-1
254,-1,129.5573272705078,65.16012573242188,182.43115234375,182.12242126464844,0.5819981694221497,-1,-1,-1
255,-1,130.18966674804688,62.53544616699219,180.21267700195312,183.38763427734375,0.6317106485366821,-1,-1,-1
255,-1,26.88219451904297,73.37840270996094,57.662071228027344,99.98688507080078,0.5368094444274902,-1,-1,-1
256,-1,130.48350524902344,63.075477600097656,179.9506378173828,183.07345581054688,0.6480437517166138,-1,-1,-1
257,-1,130.35348510742188,62.865108489990234,180.0724639892578,183.1601104736328,0.651791512966156,-1,-1,-1
258,-1,26.67831039428711,73.59918975830078,57.58324432373047,100.1275634765625,0.6928278803825378,-1,-1,-1
267,-1,143.48155212402344,51.39666748046875,194.61715698242188,177.8132781982422,0.5940983891487122,-1,-1,-1
268,-1,26.69673728942871,73.22164154052734,57.67778778076172,100.17462158203125,0.7140510082244873,-1,-1,-1
268,-1,129.43560791015625,44.84816360473633,207.88815307617188,182.0540008544922,0.550141453742981,-1,-1,-1
269,-1,26.657943725585938,73.2098159790039,57.71519088745117,100.08129119873047,0.7045155763626099,-1,-1,-1
269,-1,129.7818603515625,44.82019805908203,207.61843872070312,181.92295837402344,0.5189905762672424,-1,-1,-1
270,-1,26.660472869873047,73.213623046875,57.71419143676758,100.0799560546875,0.6811695694923401,-1,-1,-1
270,-1,129.70223999023438,44.44429397583008,207.67884826660156,181.97900390625,0.6447400450706482,-1,-1,-1
271,-1,26.874149322509766,73.62389373779297,57.65039825439453,100.53213500976562,0.6373574137687683,-1,-1,-1
272,-1,149.5275421142578,58.97422409057617,206.64385986328125,173.72047424316406,0.6398687958717346,-1,-1,-1
273,-1,26.941545486450195,73.49639129638672,57.59234619140625,100.32546997070312,0.5430928468704224,-1,-1,-1
274,-1,26.762590408325195,73.5821304321289,57.68879699707031,100.41177368164062,0.6372742056846619,-1,-1,-1
275,-1,26.75912094116211,73.5499496459961,57.67848587036133,100.4625015258789,0.679279625415802,-1,-1,-1
276,-1,26.784475326538086,73.53871154785156,57.668907165527344,100.50369262695312,0.6843861937522888,-1,-1,-1
277,-1,26.706581115722656,73.44131469726562,61.44664001464844,103.45856475830078,0.6757058501243591,-1,-1,-1
277,-1,154.6429901123047,51.752872467041016,204.362060546875,176.11669921875,0.5276082754135132,-1,-1,-1
278,-1,27.0533390045166,73.17298889160156,57.39657974243164,100.36468505859375,0.7098124623298645,-1,-1,-1
279,-1,27.023649215698242,73.1942367553711,57.42089080810547,100.41577911376953,0.7197937369346619,-1,-1,-1
280,-1,152.4818115234375,71.44087219238281,209.43922424316406,177.2218017578125,0.9345219135284424,-1,-1,-1
280,-1,27.118629455566406,73.12935638427734,57.328895568847656,100.54293823242188,0.8055136203765869,-1,-1,-1
281,-1,152.48251342773438,71.59605407714844,209.54393005371094,177.07078552246094,0.9256277084350586,-1,-1,-1
281,-1,27.116474151611328,73.13233947753906,57.330406188964844,100.54383850097656,0.8056588768959045,-1,-1,-1
282,-1,152.3057861328125,71.44084930419922,209.61700439453125,177.26116943359375,0.9350336194038391,-1,-1,-1
282,-1,27.176284790039062,73.01560974121094,57.35471725463867,100.4919204711914,0.7757130265235901,-1,-1,-1
283,-1,150.82284545898438,70.62480926513672,211.98974609375,176.2353057861328,0.9860139489173889,-1,-1,-1
283,-1,27.234079360961914,73.00114440917969,57.273963928222656,100.3534164428711,0.7879453897476196,-1,-1,-1
284,-1,150.90692138671875,72.64786529541016,213.8042449951172,176.44940185546875,0.8726824522018433,-1,-1,-1
284,-1,27.128986358642578,73.09597778320312,57.43612289428711,100.09762573242188,0.7549700736999512,-1,-1,-1
285,-1,158.247314453125,70.89876556396484,215.9799041748047,176.58062744140625,0.9047582149505615,-1,-1,-1
285,-1,27.0882625579834,73.04886627197266,57.4416389465332,100.42395782470703,0.770623505115509,-1,-1,-1
286,-1,27.01412010192871,72.7862777709961,57.451358795166016,100.45126342773438,0.8104405403137207,-1,-1,-1
286,-1,161.8929901123047,34.782981872558594,186.5392303466797,66.63195037841797,0.5003287196159363,-1,-1,-1
287,-1,26.989341735839844,72.73882293701172,57.531883239746094,100.54771423339844,0.7794694900512695,-1,-1,-1
288,-1,26.494293212890625,73.12395477294922,61.53956985473633,102.89568328857422,0.7724419236183167,-1,-1,-1
289,-1,27.020368576049805,72.80266571044922,57.52415466308594,100.47280883789062,0.7564877271652222,-1,-1,-1
289,-1,142.1524658203125,50.18174362182617,161.9920654296875,104.63021850585938,0.5127028226852417,-1,-1,-1
290,-1,26.852489471435547,72.94548797607422,57.717491149902344,100.33184051513672,0.7056568264961243,-1,-1,-1
290,-1,142.15333557128906,50.19359588623047,161.96917724609375,104.71485137939453,0.5072358250617981,-1,-1,-1
291,-1,26.85755729675293,72.95650482177734,57.711177825927734,100.29744720458984,0.7295524477958679,-1,-1,-1
292,-1,26.929973602294922,72.96833038330078,57.69595718383789,100.30834197998047,0.6964572668075562,-1,-1,-1
293,-1,26.921764373779297,72.9645004272461,57.704490661621094,100.36595153808594,0.6965450048446655,-1,-1,-1
294,-1,26.850767135620117,73.02903747558594,57.756446838378906,100.34877014160156,0.6891208291053772,-1,-1,-1
295,-1,26.823976516723633,73.09202575683594,57.73954391479492,100.36455535888672,0.7718972563743591,-1,-1,-1
296,-1,26.947919845581055,73.11929321289062,57.645870208740234,100.4954605102539,0.8246250152587891,-1,-1,-1
297,-1,26.938678741455078,73.14155578613281,57.65528869628906,100.52071380615234,0.8302190899848938,-1,-1,-1
297,-1,187.9727325439453,66.87246704101562,239.45492553710938,181.4711151123047,0.5232791900634766,-1,-1,-1
298,-1,26.961374282836914,73.08981323242188,57.629276275634766,100.49234008789062,0.8185556530952454,-1,-1,-1
298,-1,188.55709838867188,69.32115936279297,239.90887451171875,177.78884887695312,0.6247762441635132,-1,-1,-1
299,-1,26.96720314025879,73.07901000976562,57.619991302490234,100.49755096435547,0.8251224756240845,-1,-1,-1
299,-1,188.55764770507812,69.43101501464844,239.90623474121094,177.7252655029297,0.6229321360588074,-1,-1,-1
300,-1,26.828144073486328,73.04027557373047,57.809261322021484,100.53060913085938,0.87565678358078,-1,-1,-1
300,-1,188.21617126464844,69.63226318359375,240.03038024902344,177.62747192382812,0.6818473935127258,-1,-1,-1
301,-1,26.756423950195312,72.73749542236328,60.76054382324219,103.7730484008789,0.7584980726242065,-1,-1,-1
301,-1,142.00814819335938,50.41579055786133,160.97230529785156,103.46247863769531,0.5995842218399048,-1,-1,-1
301,-1,190.00631713867188,75.20277404785156,241.0649871826172,176.23483276367188,0.53737473487854,-1,-1,-1
302,-1,26.81308937072754,72.7145004272461,61.1890754699707,104.21475219726562,0.7285813093185425,-1,-1,-1
302,-1,189.24720764160156,72.71817779541016,243.40834045410156,175.34310913085938,0.5850157737731934,-1,-1,-1
303,-1,26.888526916503906,72.71759033203125,61.16264343261719,104.17060089111328,0.7181049585342407,-1,-1,-1
303,-1,141.87448120117188,50.15803527832031,161.29319763183594,103.4826431274414,0.5688374042510986,-1,-1,-1
304,-1,26.92796516418457,72.7264633178711,61.2214241027832,104.21522521972656,0.7258957624435425,-1,-1,-1
304,-1,141.91946411132812,50.19868469238281,161.1394500732422,103.41336822509766,0.5276128649711609,-1,-1,-1
305,-1,26.74979019165039,72.62931060791016,61.1363639831543,104.02668762207031,0.7196282744407654,-1,-1,-1
305,-1,141.99168395996094,50.4083251953125,161.21182250976562,103.30848693847656,0.517829954624176,-1,-1,-1
306,-1,26.691818237304688,72.57396697998047,61.22418212890625,104.08158111572266,0.7111328840255737,-1,-1,-1
306,-1,142.00448608398438,50.48235321044922,161.26266479492188,103.2095947265625,0.5367973446846008,-1,-1,-1
307,-1,26.724933624267578,72.58100891113281,61.22501754760742,104.12744903564453,0.7170943021774292,-1,-1,-1
308,-1,26.721315383911133,72.62224578857422,61.2128791809082,104.09342956542969,0.7274911999702454,-1,-1,-1
309,-1,26.693838119506836,72.5726318359375,61.156925201416016,104.19539642333984,0.71610426902771,-1,-1,-1
310,-1,26.779033660888672,72.6318130493164,61.132652282714844,104.16104888916016,0.7318581938743591,-1,-1,-1
310,-1,197.34609985351562,60.718509674072266,257.4151916503906,173.6422882080078,0.7241283655166626,-1,-1,-1
311,-1,201.2024688720703,58.163787841796875,261.4429016113281,176.48057556152344,0.9583051204681396,-1,-1,-1
311,-1,26.77593231201172,72.686767578125,61.1185417175293,104.15372467041016,0.7597861886024475,-1,-1,-1
312,-1,201.17201232910156,58.04937744140625,261.30328369140625,176.48306274414062,0.9592034816741943,-1,-1,-1
312,-1,26.76213264465332,72.66817474365234,61.12146759033203,104.16498565673828,0.7605078816413879,-1,-1,-1
313,-1,201.11477661132812,57.81119155883789,261.24737548828125,176.57754516601562,0.9550972580909729,-1,-1,-1
313,-1,26.71480369567871,72.6751937866211,61.062808990478516,104.16360473632812,0.7537034749984741,-1,-1,-1
314,-1,212.9379119873047,58.369388580322266,263.0420837402344,174.211669921875,0.9700796008110046,-1,-1,-1
314,-1,26.69969367980957,72.71737670898438,60.885982513427734,104.12226867675781,0.7305101752281189,-1,-1,-1
314,-1,142.0426788330078,50.47637939453125,161.6739501953125,103.36376953125,0.5121387839317322,-1,-1,-1
315,-1,213.12542724609375,58.39293670654297,263.09124755859375,174.1399688720703,0.9677274823188782,-1,-1,-1
315,-1,26.719600677490234,72.71843719482422,61.07493591308594,104.0406723022461,0.7628770470619202,-1,-1,-1
316,-1,218.49893188476562,60.021385192871094,264.9195556640625,171.79786682128906,0.9587638974189758,-1,-1,-1
316,-1,26.768939971923828,72.82133483886719,60.971221923828125,103.83438110351562,0.7719339728355408,-1,-1,-1
316,-1,141.9936981201172,50.56281661987305,161.7095947265625,103.13258361816406,0.6015644669532776,-1,-1,-1
317,-1,224.21099853515625,61.20822525024414,272.3901062011719,172.88990783691406,0.9528575539588928,-1,-1,-1
317,-1,26.77229118347168,72.85517883300781,60.923343658447266,103.87007141113281,0.7852020859718323,-1,-1,-1
317,-1,142.0933837890625,50.30503463745117,161.6083984375,103.367919921875,0.5232101082801819,-1,-1,-1
318,-1,224.22769165039062,61.0567626953125,272.3071594238281,173.0252227783203,0.9530288577079773,-1,-1,-1
318,-1,26.766868591308594,72.84856414794922,60.9083137512207,103.8575668334961,0.7857892513275146,-1,-1,-1
318,-1,142.12142944335938,50.360260009765625,161.60174560546875,103.4401626586914,0.5175162553787231,-1,-1,-1
319,-1,224.71597290039062,59.26792907714844,271.8922119140625,172.10057067871094,0.9709086418151855,-1,-1,-1
319,-1,26.810800552368164,72.85611724853516,60.79882049560547,103.8592300415039,0.7945948243141174,-1,-1,-1
319,-1,142.0425262451172,50.425846099853516,161.50881958007812,103.15618896484375,0.5123699307441711,-1,-1,-1
320,-1,223.4486083984375,57.600677490234375,275.2427978515625,172.38140869140625,0.9327101707458496,-1,-1,-1
320,-1,26.79872703552246,72.79020690917969,60.86186218261719,103.87696075439453,0.7942163348197937,-1,-1,-1
321,-1,223.32049560546875,57.86699295043945,275.2843933105469,172.24095153808594,0.9382922053337097,-1,-1,-1
321,-1,26.805255889892578,72.86721801757812,60.909610748291016,103.85334014892578,0.7892916798591614,-1,-1,-1
322,-1,222.85035705566406,59.99781799316406,276.8849792480469,169.80636596679688,0.974159300327301,-1,-1,-1
322,-1,26.807832717895508,72.8674545288086,60.86259841918945,103.82591247558594,0.7949234843254089,-1,-1,-1
323,-1,223.9475860595703,60.52212905883789,279.6298522949219,170.926513671875,0.9792734384536743,-1,-1,-1
323,-1,26.81951141357422,72.90545654296875,60.864925384521484,103.83309936523438,0.787838876247406,-1,-1,-1
324,-1,224.18519592285156,60.364192962646484,279.8083801269531,171.00048828125,0.9799482822418213,-1,-1,-1
324,-1,26.822803497314453,72.9328842163086,60.84492111206055,103.81122589111328,0.7895190119743347,-1,-1,-1
325,-1,223.224365234375,64.24264526367188,280.3348083496094,169.36376953125,0.9566036462783813,-1,-1,-1
325,-1,26.843502044677734,72.86515808105469,60.88106155395508,103.79843139648438,0.8000385165214539,-1,-1,-1
326,-1,223.24673461914062,64.06304168701172,280.5486755371094,169.3780059814453,0.9561435580253601,-1,-1,-1
326,-1,26.803600311279297,72.84241485595703,60.952152252197266,103.75146484375,0.8084355592727661,-1,-1,-1
327,-1,223.41139221191406,64.0164794921875,280.4967956542969,169.3890838623047,0.9498552083969116,-1,-1,-1
327,-1,26.75672149658203,72.8058090209961,61.11149597167969,103.7097396850586,0.8126080632209778,-1,-1,-1
328,-1,222.02639770507812,62.312931060791016,282.3613586425781,167.79544067382812,0.9605042934417725,-1,-1,-1
328,-1,26.73090171813965,72.70458984375,61.21711349487305,103.82915496826172,0.8190729022026062,-1,-1,-1
329,-1,222.35939025878906,66.41712951660156,288.3604736328125,165.23037719726562,0.990561842918396,-1,-1,-1
329,-1,26.70650291442871,72.78878784179688,61.44856262207031,103.67103576660156,0.7931930422782898,-1,-1,-1
330,-1,222.346923828125,66.47574615478516,288.3113708496094,165.07400512695312,0.9904151558876038,-1,-1,-1
330,-1,26.704811096191406,72.79467010498047,61.45420455932617,103.66768646240234,0.7982287406921387,-1,-1,-1
331,-1,222.41004943847656,67.96025085449219,289.96722412109375,165.05589294433594,0.9229898452758789,-1,-1,-1
331,-1,26.826335906982422,72.93704223632812,61.74904251098633,104.35554504394531,0.761311948299408,-1,-1,-1
332,-1,231.4130859375,63.87251663208008,297.8551025390625,164.89926147460938,0.9028500914573669,-1,-1,-1
332,-1,26.682165145874023,72.85726928710938,61.978904724121094,104.19869995117188,0.7987172603607178,-1,-1,-1
333,-1,231.60646057128906,63.7258186340332,297.75469970703125,164.97206115722656,0.893294632434845,-1,-1,-1
333,-1,26.641921997070312,72.84037780761719,61.90277099609375,104.03858947753906,0.8002336621284485,-1,-1,-1
334,-1,231.61062622070312,63.72135925292969,297.7947692871094,164.8968505859375,0.8919858336448669,-1,-1,-1
334,-1,26.64444351196289,72.82261657714844,61.871482849121094,104.02812957763672,0.7903029322624207,-1,-1,-1
335,-1,233.73597717285156,64.8451156616211,302.12628173828125,162.5655059814453,0.9451410174369812,-1,-1,-1
335,-1,26.450332641601562,73.04622650146484,62.50569152832031,104.01811981201172,0.7851949334144592,-1,-1,-1
336,-1,233.77166748046875,65.07917022705078,302.09259033203125,162.3186492919922,0.9483775496482849,-1,-1,-1
336,-1,26.405717849731445,73.11483764648438,62.51921844482422,103.96383666992188,0.7855953574180603,-1,-1,-1
337,-1,233.96951293945312,65.11836242675781,302.0667724609375,162.5891876220703,0.9345526695251465,-1,-1,-1
337,-1,27.163122177124023,73.60952758789062,57.30400848388672,100.61776733398438,0.7792028188705444,-1,-1,-1
338,-1,241.2877655029297,60.809303283691406,306.12628173828125,165.83859252929688,0.9432792663574219,-1,-1,-1
338,-1,26.599462509155273,73.53143310546875,62.85496520996094,104.4437484741211,0.7360679507255554,-1,-1,-1
339,-1,248.4827880859375,62.51315689086914,306.5525207519531,164.5238800048828,0.9833875298500061,-1,-1,-1
339,-1,26.427553176879883,73.45448303222656,63.07952880859375,104.51832580566406,0.7116637825965881,-1,-1,-1
340,-1,257.4356689453125,58.80680847167969,314.1304931640625,165.27587890625,0.9453021883964539,-1,-1,-1
340,-1,26.520063400268555,73.4712142944336,62.786922454833984,104.59516906738281,0.6598812341690063,-1,-1,-1
341,-1,263.7841491699219,65.2806167602539,311.9098205566406,167.2913360595703,0.7512620687484741,-1,-1,-1
341,-1,27.15206527709961,73.88922119140625,57.42288589477539,100.4062728881836,0.6871746778488159,-1,-1,-1
342,-1,263.4913024902344,64.78219604492188,311.9365234375,167.47207641601562,0.7971580028533936,-1,-1,-1
342,-1,27.16330337524414,73.86217498779297,57.40482711791992,100.40998077392578,0.704418957233429,-1,-1,-1
343,-1,263.4637145996094,64.70862579345703,311.9814147949219,167.59266662597656,0.7567414045333862,-1,-1,-1
343,-1,27.164791107177734,73.86202239990234,57.40312957763672,100.40992736816406,0.7041769623756409,-1,-1,-1
344,-1,263.90643310546875,66.45668029785156,312.183349609375,166.2158203125,0.7751120924949646,-1,-1,-1
344,-1,27.157926559448242,73.90897369384766,57.428733825683594,100.37664031982422,0.6839929819107056,-1,-1,-1
345,-1,263.9916076660156,66.59081268310547,312.3096923828125,166.26858520507812,0.7866773009300232,-1,-1,-1
345,-1,26.910993576049805,73.81053161621094,57.81936264038086,100.27560424804688,0.7591220736503601,-1,-1,-1
346,-1,27.081836700439453,73.35702514648438,57.34140396118164,100.37449645996094,0.8192971348762512,-1,-1,-1
346,-1,265.4466857910156,67.4157943725586,312.818359375,165.40518188476562,0.5892491340637207,-1,-1,-1
347,-1,27.196237564086914,73.2965087890625,57.29541015625,100.277099609375,0.8235964775085449,-1,-1,-1
348,-1,27.279285430908203,73.21043395996094,57.254520416259766,100.43988800048828,0.7832696437835693,-1,-1,-1
349,-1,27.201152801513672,73.25813293457031,57.28952407836914,100.33465576171875,0.7846640348434448,-1,-1,-1
350,-1,27.230289459228516,73.23566436767578,57.27897262573242,100.28350830078125,0.7924706935882568,-1,-1,-1
350,-1,265.0440368652344,67.3207015991211,314.110595703125,164.0882110595703,0.57823646068573,-1,-1,-1
351,-1,27.20189666748047,73.28932189941406,57.28741455078125,100.71514892578125,0.8287913203239441,-1,-1,-1
351,-1,263.8300476074219,68.81413269042969,316.88427734375,163.0657196044922,0.5965376496315002,-1,-1,-1
352,-1,27.23065948486328,73.25450897216797,57.24014663696289,100.70223236083984,0.8274170160293579,-1,-1,-1
352,-1,263.9097900390625,68.38218688964844,316.8161926269531,163.1145782470703,0.700249433517456,-1,-1,-1
353,-1,27.237092971801758,73.2753677368164,57.241371154785156,100.71337127685547,0.8222039937973022,-1,-1,-1
353,-1,263.927490234375,68.45167541503906,316.83251953125,163.07666015625,0.6781773567199707,-1,-1,-1
354,-1,27.240829467773438,73.27104949951172,57.23063659667969,100.71273803710938,0.8244051337242126,-1,-1,-1
354,-1,263.9507751464844,68.44493103027344,316.83172607421875,163.06069946289062,0.6737114191055298,-1,-1,-1
355,-1,27.093820571899414,73.36067199707031,57.402225494384766,100.69255828857422,0.8291430473327637,-1,-1,-1
356,-1,27.126850128173828,73.31719207763672,57.381595611572266,100.51424407958984,0.7895275950431824,-1,-1,-1
357,-1,26.695154190063477,72.96990966796875,61.73030090332031,104.51377868652344,0.8051608800888062,-1,-1,-1
358,-1,26.655044555664062,73.03608703613281,61.767303466796875,104.46221923828125,0.8116407990455627,-1,-1,-1
359,-1,26.665536880493164,73.03526306152344,61.76162338256836,104.4051513671875,0.8104182481765747,-1,-1,-1
359,-1,286.5698547363281,49.12094497680664,320.6734924316406,155.6519012451172,0.5708562135696411,-1,-1,-1
360,-1,26.652244567871094,73.03787994384766,61.754608154296875,104.39500427246094,0.8096333742141724,-1,-1,-1
360,-1,286.68096923828125,49.23645782470703,320.66192626953125,155.55401611328125,0.5641550421714783,-1,-1,-1
361,-1,26.479692459106445,73.10791778564453,61.508872985839844,103.77909088134766,0.8226873874664307,-1,-1,-1
361,-1,286.6119384765625,48.8624382019043,320.6441955566406,155.93994140625,0.5863981246948242,-1,-1,-1
362,-1,26.517166137695312,73.12230682373047,61.520530700683594,103.8665771484375,0.826450526714325,-1,-1,-1
362,-1,286.412841796875,48.5303955078125,320.6256408691406,156.2205352783203,0.5823741555213928,-1,-1,-1
363,-1,26.512908935546875,73.1465835571289,61.50869369506836,103.90478515625,0.826906144618988,-1,-1,-1
364,-1,26.513174057006836,73.14651489257812,61.51090621948242,103.9092025756836,0.8262861967086792,-1,-1,-1
365,-1,26.519926071166992,73.20133209228516,61.734981536865234,104.0085220336914,0.810016930103302,-1,-1,-1
366,-1,26.472665786743164,73.22867584228516,62.31269073486328,104.64378356933594,0.7879425287246704,-1,-1,-1
367,-1,26.449962615966797,73.22856140136719,62.273006439208984,104.64210510253906,0.7983296513557434,-1,-1,-1
368,-1,26.43672752380371,73.19694519042969,62.234683990478516,104.39627075195312,0.8136461973190308,-1,-1,-1
369,-1,26.28767204284668,72.96891784667969,62.08621597290039,104.24271392822266,0.8158094882965088,-1,-1,-1
370,-1,26.216352462768555,72.96302795410156,62.10175323486328,104.15138244628906,0.8152856826782227,-1,-1,-1
371,-1,26.233596801757812,72.90888214111328,61.9873046875,104.2791519165039,0.8342304825782776,-1,-1,-1
372,-1,26.27385139465332,72.85424041748047,61.95427322387695,104.33554077148438,0.8400291800498962,-1,-1,-1
373,-1,26.344284057617188,72.78548431396484,62.003597259521484,104.2712631225586,0.8586662411689758,-1,-1,-1
374,-1,26.347759246826172,72.84219360351562,61.97444152832031,104.23363494873047,0.8518006801605225,-1,-1,-1
375,-1,26.359050750732422,72.89218139648438,61.90330123901367,104.31714630126953,0.8521209359169006,-1,-1,-1
376,-1,26.24659538269043,73.01847076416016,61.798179626464844,103.79791259765625,0.8631044626235962,-1,-1,-1
377,-1,26.30536651611328,73.09088897705078,61.80365753173828,103.8201904296875,0.8418537974357605,-1,-1,-1
378,-1,26.332561492919922,73.06143188476562,61.84669494628906,103.82467651367188,0.8501680493354797,-1,-1,-1
379,-1,26.32770347595215,72.98631286621094,62.08186721801758,104.00670623779297,0.8555053472518921,-1,-1,-1
380,-1,26.395122528076172,73.0809097290039,61.78554916381836,104.02836608886719,0.8455817103385925,-1,-1,-1
381,-1,26.42329216003418,73.15662384033203,61.6701545715332,104.03946685791016,0.8422387838363647,-1,-1,-1
382,-1,26.41241455078125,73.14254760742188,61.65469741821289,104.04911041259766,0.838307797908783,-1,-1,-1
383,-1,26.875810623168945,73.47055053710938,57.47088623046875,100.19850158691406,0.8454245328903198,-1,-1,-1
384,-1,26.871061325073242,73.47745513916016,57.477725982666016,100.21615600585938,0.8467442393302917,-1,-1,-1
385,-1,26.867006301879883,73.48625183105469,57.477081298828125,100.21226501464844,0.8511809706687927,-1,-1,-1
386,-1,26.865474700927734,73.48281860351562,57.47775650024414,100.21196746826172,0.8476555347442627,-1,-1,-1
387,-1,26.336894989013672,73.20411682128906,61.630130767822266,104.02822875976562,0.8581897020339966,-1,-1,-1
388,-1,26.335376739501953,73.2103271484375,61.635929107666016,104.02754211425781,0.8579640984535217,-1,-1,-1
389,-1,26.332408905029297,73.20092010498047,61.58301544189453,104.02915954589844,0.8537241220474243,-1,-1,-1
390,-1,26.346431732177734,73.18401336669922,61.64372253417969,104.03280639648438,0.8582432866096497,-1,-1,-1
391,-1,26.387922286987305,73.1509780883789,61.590824127197266,103.86207580566406,0.8991553783416748,-1,-1,-1
392,-1,26.443387985229492,73.06832885742188,61.57249069213867,103.96505737304688,0.8913922905921936,-1,-1,-1
393,-1,26.48503303527832,73.04524230957031,61.59101486206055,104.00837707519531,0.8877117037773132,-1,-1,-1
394,-1,26.435245513916016,73.03555297851562,61.65343475341797,103.99940490722656,0.882625162601471,-1,-1,-1
395,-1,26.749725341796875,73.22012329101562,57.61180114746094,100.41267395019531,0.852880597114563,-1,-1,-1
396,-1,26.744421005249023,73.23336029052734,57.61634826660156,100.4644775390625,0.8499618172645569,-1,-1,-1
397,-1,26.778865814208984,73.23719024658203,57.59638214111328,100.50311279296875,0.8533137440681458,-1,-1,-1
398,-1,26.77341651916504,73.20157623291016,57.59900665283203,100.49360656738281,0.8597579002380371,-1,-1,-1
399,-1,26.742969512939453,73.22422790527344,57.63278579711914,100.47083282470703,0.8461260199546814,-1,-1,-1
400,-1,26.805042266845703,73.20230865478516,57.57431411743164,100.5027084350586,0.8648003935813904,-1,-1,-1
401,-1,26.81932830810547,73.1485595703125,57.554954528808594,100.51322174072266,0.8536819815635681,-1,-1,-1
402,-1,26.82107162475586,73.14633178710938,57.5501823425293,100.51543426513672,0.851172149181366,-1,-1,-1
403,-1,26.81062889099121,73.15933227539062,57.566341400146484,100.52188110351562,0.8431813716888428,-1,-1,-1
404,-1,26.809383392333984,73.13314819335938,57.55211639404297,100.5517349243164,0.8544747829437256,-1,-1,-1
405,-1,26.803834915161133,73.18350219726562,57.57727813720703,100.57682800292969,0.843135416507721,-1,-1,-1
406,-1,27.05074119567871,73.00360107421875,57.233219146728516,100.89816284179688,0.8749008774757385,-1,-1,-1
407,-1,27.09933090209961,73.05818176269531,57.18374252319336,100.90802764892578,0.8776519298553467,-1,-1,-1
408,-1,27.143678665161133,73.11209106445312,57.10795593261719,100.86589813232422,0.8676404356956482,-1,-1,-1
409,-1,27.12143898010254,73.15998840332031,57.10723114013672,100.85356140136719,0.8775778412818909,-1,-1,-1
410,-1,26.640281677246094,72.79216766357422,61.51380157470703,104.86431884765625,0.8779622912406921,-1,-1,-1
411,-1,26.968896865844727,73.42247772216797,57.13483428955078,100.71176147460938,0.9026502966880798,-1,-1,-1
412,-1,26.971834182739258,73.22557830810547,57.1475944519043,100.61693572998047,0.9400747418403625,-1,-1,-1
413,-1,27.10533332824707,72.88504028320312,57.08401107788086,100.61318969726562,0.9331249594688416,-1,-1,-1
414,-1,27.205909729003906,72.93798828125,57.116451263427734,101.0885009765625,0.9149964451789856,-1,-1,-1
415,-1,27.137531280517578,72.8716812133789,56.990718841552734,100.86736297607422,0.9168538451194763,-1,-1,-1
416,-1,27.11695098876953,72.79157257080078,56.99971008300781,100.87196350097656,0.9171546101570129,-1,-1,-1
417,-1,27.09461212158203,72.91741943359375,56.99463653564453,100.81525421142578,0.914273738861084,-1,-1,-1
418,-1,27.09415054321289,72.9197006225586,57.191017150878906,100.88854217529297,0.9158492684364319,-1,-1,-1
419,-1,27.088823318481445,72.96675872802734,57.201847076416016,100.6042709350586,0.9128599762916565,-1,-1,-1
420,-1,27.09542465209961,72.9457778930664,57.19986343383789,100.61841583251953,0.9185448884963989,-1,-1,-1
421,-1,26.8931941986084,72.55509948730469,60.98270034790039,103.93833923339844,0.927609920501709,-1,-1,-1
422,-1,26.923946380615234,72.48731994628906,61.151920318603516,104.31954956054688,0.9177969694137573,-1,-1,-1
423,-1,26.896638870239258,72.61402893066406,61.324974060058594,104.0548095703125,0.9188703894615173,-1,-1,-1
424,-1,26.87957763671875,72.71688842773438,61.29902267456055,103.98904418945312,0.9070749878883362,-1,-1,-1
425,-1,26.803260803222656,72.59872436523438,61.14563751220703,104.46855926513672,0.9064162969589233,-1,-1,-1
426,-1,26.785852432250977,72.64134216308594,61.1899528503418,104.68597412109375,0.9085706472396851,-1,-1,-1
427,-1,27.187902450561523,73.27600860595703,56.84211349487305,100.89061737060547,0.9165185689926147,-1,-1,-1
428,-1,27.20471954345703,73.30232238769531,56.84302520751953,100.92716217041016,0.9180313944816589,-1,-1,-1
429,-1,27.148387908935547,73.4009017944336,57.01168441772461,100.8062973022461,0.9272158741950989,-1,-1,-1
430,-1,27.197206497192383,73.41820526123047,56.9715461730957,100.5914535522461,0.9312373995780945,-1,-1,-1
431,-1,27.187822341918945,73.29395294189453,57.02774429321289,100.69347381591797,0.9151689410209656,-1,-1,-1
432,-1,27.210447311401367,73.31507873535156,56.98809051513672,100.70357513427734,0.9194417595863342,-1,-1,-1
433,-1,27.208492279052734,73.32907104492188,57.02449417114258,100.65032958984375,0.9154142141342163,-1,-1,-1
434,-1,27.25937271118164,73.26516723632812,57.0433235168457,100.7391357421875,0.9007344245910645,-1,-1,-1
435,-1,27.213054656982422,73.32257080078125,57.12220001220703,100.78044891357422,0.9036356210708618,-1,-1,-1
436,-1,26.76910400390625,72.96639251708984,61.223548889160156,104.49836730957031,0.8267984390258789,-1,-1,-1
437,-1,27.230379104614258,73.15756225585938,57.250614166259766,100.8703842163086,0.8236507773399353,-1,-1,-1
438,-1,27.229021072387695,73.147216796875,57.2580680847168,100.8724365234375,0.8247013092041016,-1,-1,-1
439,-1,27.221778869628906,73.15416717529297,57.276634216308594,100.82649993896484,0.8246501088142395,-1,-1,-1
440,-1,27.25994300842285,73.15570831298828,57.223453521728516,100.85369110107422,0.8476548790931702,-1,-1,-1
441,-1,27.257083892822266,73.13554382324219,57.23747253417969,100.85157775878906,0.8482468724250793,-1,-1,-1
442,-1,27.25295639038086,73.14165496826172,57.24186706542969,100.8499755859375,0.8468703627586365,-1,-1,-1
443,-1,27.26414680480957,73.14063262939453,57.2316780090332,100.87106323242188,0.8497064709663391,-1,-1,-1
444,-1,27.265838623046875,73.13856506347656,57.229671478271484,100.87183380126953,0.8502903580665588,-1,-1,-1
445,-1,27.250255584716797,73.15355682373047,57.25155258178711,100.83988189697266,0.8403809666633606,-1,-1,-1
446,-1,27.241744995117188,73.12306213378906,57.26130676269531,100.91971588134766,0.8462923169136047,-1,-1,-1
447,-1,27.24207305908203,73.11418914794922,57.25651550292969,100.92302703857422,0.8497660756111145,-1,-1,-1
448,-1,27.240266799926758,73.109375,57.256874084472656,100.91617584228516,0.8525127172470093,-1,-1,-1
449,-1,27.29168128967285,73.11968231201172,57.185977935791016,100.9986343383789,0.8693737983703613,-1,-1,-1
450,-1,27.29694175720215,73.13457489013672,57.185482025146484,100.99175262451172,0.8687754273414612,-1,-1,-1
451,-1,27.208209991455078,73.4625015258789,57.08476257324219,100.58281707763672,0.92142254114151,-1,-1,-1
452,-1,27.29639434814453,73.60942077636719,56.973453521728516,100.65961456298828,0.9078858494758606,-1,-1,-1
453,-1,26.927188873291016,73.21913146972656,57.529624938964844,100.55313873291016,0.9093145132064819,-1,-1,-1
454,-1,26.96127700805664,73.11299133300781,57.4583854675293,100.46392822265625,0.9254419207572937,-1,-1,-1
455,-1,26.915611267089844,73.1306381225586,57.471771240234375,100.4217758178711,0.924576997756958,-1,-1,-1
456,-1,26.91655921936035,73.13032531738281,57.46979522705078,100.42091369628906,0.925496518611908,-1,-1,-1
457,-1,26.930330276489258,73.12913513183594,57.46910095214844,100.35912322998047,0.9217771291732788,-1,-1,-1
458,-1,26.939897537231445,73.13053131103516,57.471092224121094,100.40432739257812,0.9226047396659851,-1,-1,-1
459,-1,26.953153610229492,73.13179016113281,57.45444869995117,100.39634704589844,0.9148839116096497,-1,-1,-1
460,-1,27.00016975402832,73.26568603515625,57.40435028076172,100.50135803222656,0.9142427444458008,-1,-1,-1
461,-1,26.980968475341797,73.27764892578125,57.42970275878906,100.49514770507812,0.9091154932975769,-1,-1,-1
462,-1,26.98233413696289,73.27926635742188,57.43006896972656,100.49186706542969,0.9086925387382507,-1,-1,-1
463,-1,27.004924774169922,73.25364685058594,57.40644454956055,100.49417114257812,0.9093776941299438,-1,-1,-1
464,-1,26.99781036376953,73.2437744140625,57.40956115722656,100.48444366455078,0.9069349765777588,-1,-1,-1
465,-1,26.99786949157715,73.28184509277344,57.431236267089844,100.48765563964844,0.9032653570175171,-1,-1,-1
466,-1,26.572799682617188,72.50232696533203,61.4344367980957,104.25393676757812,0.8881504535675049,-1,-1,-1
467,-1,26.585391998291016,72.4673080444336,61.36853790283203,104.24920654296875,0.894052267074585,-1,-1,-1
468,-1,26.58658790588379,72.47068786621094,61.36497116088867,104.24146270751953,0.894055187702179,-1,-1,-1
469,-1,26.60031509399414,72.27974700927734,61.5854606628418,104.3734359741211,0.9164011478424072,-1,-1,-1
470,-1,26.52940559387207,72.27308654785156,61.59663772583008,104.38932037353516,0.9118921160697937,-1,-1,-1
471,-1,26.5242862701416,72.25293731689453,61.63678741455078,104.41297149658203,0.9118762016296387,-1,-1,-1
472,-1,26.51759910583496,72.24897003173828,61.64360809326172,104.41299438476562,0.9111946225166321,-1,-1,-1
473,-1,26.543567657470703,72.24742889404297,61.771217346191406,104.36361694335938,0.9124625325202942,-1,-1,-1
474,-1,26.55343246459961,72.2511978149414,61.78423309326172,104.35916900634766,0.9120647311210632,-1,-1,-1
475,-1,26.54239845275879,72.20436096191406,61.98012924194336,104.4568099975586,0.8819944858551025,-1,-1,-1
476,-1,26.60407829284668,72.2632064819336,61.944828033447266,104.52970123291016,0.8895030617713928,-1,-1,-1
477,-1,26.574390411376953,72.239501953125,61.965736389160156,104.56916809082031,0.888572633266449,-1,-1,-1
478,-1,26.513813018798828,72.22743225097656,62.053985595703125,104.47300720214844,0.8857837915420532,-1,-1,-1
479,-1,26.467872619628906,72.21366119384766,62.04985809326172,104.30043029785156,0.8861492872238159,-1,-1,-1
480,-1,26.470413208007812,72.20991516113281,62.04045867919922,104.27041625976562,0.8873788118362427,-1,-1,-1
481,-1,26.503665924072266,71.99942016601562,61.18504333496094,104.26013946533203,0.9004572629928589,-1,-1,-1
482,-1,26.5654354095459,71.92648315429688,61.180870056152344,104.27497100830078,0.8999854922294617,-1,-1,-1
483,-1,27.082592010498047,72.65855407714844,56.70867919921875,100.37184143066406,0.895129919052124,-1,-1,-1
484,-1,27.082605361938477,72.66828155517578,56.69912338256836,100.36087036132812,0.8965453505516052,-1,-1,-1
485,-1,27.095232009887695,72.84931182861328,56.70863342285156,100.59849548339844,0.8975101709365845,-1,-1,-1
486,-1,27.088153839111328,72.84166717529297,56.723167419433594,100.5452651977539,0.8872706294059753,-1,-1,-1
487,-1,27.100502014160156,72.80480194091797,56.69395065307617,100.6231918334961,0.8994813561439514,-1,-1,-1
488,-1,27.16606330871582,72.51789093017578,57.208839416503906,100.89181518554688,0.9147816896438599,-1,-1,-1
489,-1,27.15420913696289,72.54586029052734,57.24781799316406,100.87831115722656,0.9156759977340698,-1,-1,-1
490,-1,27.116825103759766,72.8567886352539,57.13318634033203,99.74319458007812,0.9396641850471497,-1,-1,-1
491,-1,27.079692840576172,72.79487609863281,57.2515869140625,99.67620849609375,0.9370681643486023,-1,-1,-1
492,-1,27.31525230407715,72.81864929199219,57.06195068359375,99.75069427490234,0.9629924297332764,-1,-1,-1
493,-1,27.306394577026367,72.81591796875,57.067039489746094,99.7696304321289,0.9627990126609802,-1,-1,-1
494,-1,27.21143913269043,72.83741760253906,57.08858108520508,99.67793273925781,0.9572722911834717,-1,-1,-1
495,-1,27.269630432128906,72.8283920288086,57.072120666503906,99.75532531738281,0.9637123942375183,-1,-1,-1
496,-1,27.299209594726562,72.82659149169922,57.06107711791992,99.76705932617188,0.9647542238235474,-1,-1,-1
497,-1,27.399669647216797,72.87921905517578,56.904136657714844,99.96749114990234,0.9689497947692871,-1,-1,-1
498,-1,27.423946380615234,72.81148529052734,56.81953430175781,100.06827545166016,0.9646016955375671,-1,-1,-1
499,-1,27.411827087402344,72.794189453125,56.850791931152344,100.06798553466797,0.964492678642273,-1,-1,-1
500,-1,27.441864013671875,72.86434936523438,56.827816009521484,100.0759506225586,0.964569091796875,-1,-1,-1
501,-1,27.355012893676758,73.07150268554688,56.73937225341797,100.5589599609375,0.9571961760520935,-1,-1,-1
502,-1,27.296600341796875,72.82630157470703,56.81769561767578,100.80296325683594,0.9536161422729492,-1,-1,-1
503,-1,27.276691436767578,72.79660034179688,56.838958740234375,100.88746643066406,0.9497172832489014,-1,-1,-1
504,-1,27.167394638061523,72.81029510498047,56.99523162841797,100.68002319335938,0.9476926922798157,-1,-1,-1
505,-1,27.18279266357422,72.82276153564453,56.97595977783203,100.60074615478516,0.9520617127418518,-1,-1,-1
506,-1,27.095794677734375,72.8858642578125,57.09022521972656,100.76202392578125,0.9402099847793579,-1,-1,-1
507,-1,27.236175537109375,72.70230865478516,56.963077545166016,101.11402893066406,0.9186713099479675,-1,-1,-1
508,-1,27.21494483947754,72.7859115600586,56.97734069824219,101.10946655273438,0.9139472842216492,-1,-1,-1
509,-1,27.350078582763672,72.74467468261719,56.711891174316406,101.0442886352539,0.9317510724067688,-1,-1,-1
510,-1,27.336023330688477,72.74307250976562,56.72146224975586,101.00894165039062,0.9292309880256653,-1,-1,-1
511,-1,27.29783821105957,72.85738372802734,56.713714599609375,100.97623443603516,0.9277703762054443,-1,-1,-1
512,-1,27.19721794128418,72.75129699707031,56.89056396484375,100.86578369140625,0.9203688502311707,-1,-1,-1
513,-1,27.184236526489258,72.78907775878906,56.90065383911133,100.88259887695312,0.9199634790420532,-1,-1,-1
514,-1,27.211626052856445,72.91050720214844,56.90287780761719,100.74415588378906,0.9038523435592651,-1,-1,-1
515,-1,27.25813102722168,72.94779205322266,56.793907165527344,100.49575805664062,0.8853654861450195,-1,-1,-1
516,-1,27.26321029663086,72.93360137939453,56.773834228515625,100.50057983398438,0.8867213129997253,-1,-1,-1
517,-1,27.262514114379883,72.93102264404297,56.775394439697266,100.5206069946289,0.8905187249183655,-1,-1,-1
518,-1,27.26220703125,72.9333724975586,56.77498245239258,100.51992797851562,0.8903069496154785,-1,-1,-1
519,-1,27.262840270996094,72.93022918701172,56.77581024169922,100.52701568603516,0.890694797039032,-1,-1,-1
520,-1,27.266311645507812,72.93672943115234,56.75494384765625,100.51649475097656,0.885864794254303,-1,-1,-1
521,-1,27.21904754638672,72.60964965820312,56.730323791503906,100.54920196533203,0.9027409553527832,-1,-1,-1
522,-1,27.308429718017578,72.66580200195312,56.62078857421875,100.56814575195312,0.9072465300559998,-1,-1,-1
523,-1,27.312694549560547,72.65601348876953,56.615718841552734,100.57144927978516,0.9084495306015015,-1,-1,-1
524,-1,27.312105178833008,72.65609741210938,56.6151008605957,100.57071685791016,0.9088886976242065,-1,-1,-1
525,-1,27.283767700195312,72.66735076904297,56.60674285888672,100.54338073730469,0.9068381190299988,-1,-1,-1
526,-1,27.28339195251465,72.66494750976562,56.614830017089844,100.5702896118164,0.9089304208755493,-1,-1,-1
527,-1,27.337871551513672,72.7108383178711,56.58528137207031,100.83841705322266,0.8920207619667053,-1,-1,-1
528,-1,27.331544876098633,72.70277404785156,56.60819625854492,100.83453369140625,0.8937118053436279,-1,-1,-1
529,-1,27.366867065429688,72.67325592041016,56.605587005615234,100.83589172363281,0.898934543132782,-1,-1,-1
530,-1,27.35944938659668,72.69194030761719,56.611297607421875,100.80741119384766,0.8968130946159363,-1,-1,-1
531,-1,27.337160110473633,72.73716735839844,56.62664031982422,100.76956176757812,0.8902859687805176,-1,-1,-1
532,-1,27.344636917114258,72.72759246826172,56.62885284423828,100.78314971923828,0.8898998498916626,-1,-1,-1
533,-1,27.33921241760254,72.73321533203125,56.64188766479492,100.77201843261719,0.8856731057167053,-1,-1,-1
534,-1,27.165225982666016,72.73125457763672,57.062740325927734,100.72737884521484,0.8702420592308044,-1,-1,-1
535,-1,27.165855407714844,72.71862030029297,57.0421257019043,100.60987854003906,0.8779509663581848,-1,-1,-1
536,-1,27.28074836730957,72.60919189453125,56.99959182739258,100.74708557128906,0.8743693828582764,-1,-1,-1
537,-1,27.271495819091797,72.57084655761719,56.99638748168945,100.71952819824219,0.8723275065422058,-1,-1,-1
538,-1,27.26567268371582,72.57575988769531,56.996795654296875,100.70794677734375,0.8700348734855652,-1,-1,-1
539,-1,27.270671844482422,72.5557632446289,57.02790069580078,100.60045623779297,0.8698491454124451,-1,-1,-1
540,-1,27.2774658203125,72.63301849365234,57.041015625,100.6368408203125,0.8371667861938477,-1,-1,-1
541,-1,26.680225372314453,72.88416290283203,60.612709045410156,104.13562774658203,0.8520610332489014,-1,-1,-1
542,-1,27.299381256103516,72.51769256591797,56.97879409790039,100.50970458984375,0.8542224764823914,-1,-1,-1
543,-1,27.29121208190918,72.53959655761719,56.99520492553711,100.43036651611328,0.8581101894378662,-1,-1,-1
544,-1,27.228879928588867,72.98468017578125,57.140384674072266,100.49686431884766,0.8792990446090698,-1,-1,-1
545,-1,27.243928909301758,72.9610595703125,57.14577102661133,100.49287414550781,0.8777449727058411,-1,-1,-1
546,-1,27.230201721191406,72.97335052490234,57.16617202758789,100.55821228027344,0.8842270374298096,-1,-1,-1
547,-1,27.235681533813477,72.95445251464844,57.16578674316406,100.59342193603516,0.8856886029243469,-1,-1,-1
548,-1,27.23634910583496,72.95562744140625,57.165035247802734,100.59303283691406,0.8860129117965698,-1,-1,-1
549,-1,27.235231399536133,72.93165588378906,57.170509338378906,100.62103271484375,0.8873166441917419,-1,-1,-1
550,-1,27.25749969482422,72.9168930053711,57.1649169921875,100.61318969726562,0.8878053426742554,-1,-1,-1
551,-1,27.256715774536133,72.84918975830078,57.254234313964844,100.62962341308594,0.8985099196434021,-1,-1,-1
552,-1,27.291183471679688,72.79165649414062,57.15782165527344,100.61955261230469,0.89483642578125,-1,-1,-1
553,-1,27.24078941345215,72.84113311767578,57.17918014526367,100.56044006347656,0.9000961780548096,-1,-1,-1
554,-1,27.16617774963379,72.92389678955078,57.28065872192383,100.60383605957031,0.9037231206893921,-1,-1,-1
555,-1,27.19656753540039,72.96785736083984,57.26322555541992,100.55818939208984,0.8886302709579468,-1,-1,-1
556,-1,27.22614097595215,73.0022964477539,57.21451187133789,100.4693374633789,0.8832964301109314,-1,-1,-1
557,-1,27.031036376953125,73.15277862548828,57.51872253417969,99.83026123046875,0.866584837436676,-1,-1,-1
558,-1,27.049114227294922,73.1471176147461,57.499183654785156,99.8004379272461,0.8662117719650269,-1,-1,-1
559,-1,27.005414962768555,73.15290832519531,57.50776290893555,99.7369155883789,0.8589034676551819,-1,-1,-1
560,-1,26.994340896606445,73.1508560180664,57.540897369384766,99.73723602294922,0.8569228053092957,-1,-1,-1
561,-1,26.999736785888672,73.53627014160156,57.57450866699219,100.09774017333984,0.8294313549995422,-1,-1,-1
562,-1,27.154600143432617,73.35767364501953,57.421653747558594,100.11192321777344,0.8729427456855774,-1,-1,-1
563,-1,27.01270866394043,73.5290756225586,57.52370834350586,100.32876586914062,0.857450008392334,-1,-1,-1
564,-1,27.08550453186035,73.55844116210938,57.408695220947266,100.41084289550781,0.8583664894104004,-1,-1,-1
565,-1,26.914813995361328,72.93708038330078,57.646278381347656,99.95474243164062,0.8924177885055542,-1,-1,-1
566,-1,26.90760612487793,72.98715209960938,57.63042068481445,99.69477844238281,0.8846617341041565,-1,-1,-1
567,-1,26.887866973876953,72.9988784790039,57.67283630371094,100.12503814697266,0.8770062327384949,-1,-1,-1
568,-1,26.905336380004883,72.99190521240234,57.645713806152344,100.14739227294922,0.8818973302841187,-1,-1,-1
569,-1,26.929859161376953,73.03315734863281,57.684444427490234,99.96289825439453,0.8756152391433716,-1,-1,-1
570,-1,26.942243576049805,73.09065246582031,57.68806838989258,99.9932632446289,0.8729773163795471,-1,-1,-1
571,-1,26.978137969970703,73.03544616699219,57.66011047363281,100.10249328613281,0.8668816685676575,-1,-1,-1
572,-1,27.12244415283203,72.98011016845703,57.385276794433594,99.81002044677734,0.8792644739151001,-1,-1,-1
573,-1,27.13529396057129,73.1486587524414,57.488380432128906,99.70360565185547,0.8498765230178833,-1,-1,-1
574,-1,27.104768753051758,73.07807159423828,57.48029708862305,99.80001831054688,0.8331589698791504,-1,-1,-1
575,-1,27.10843849182129,72.97738647460938,57.449588775634766,99.67071533203125,0.7981271147727966,-1,-1,-1
576,-1,26.885557174682617,73.0837631225586,57.396732330322266,99.38191986083984,0.9334424138069153,-1,-1,-1
577,-1,26.94992446899414,73.16988372802734,57.25010299682617,99.46481323242188,0.9297210574150085,-1,-1,-1
578,-1,26.99627113342285,73.10293579101562,57.253536224365234,99.4776840209961,0.9209876656532288,-1,-1,-1
579,-1,26.738292694091797,73.19451141357422,57.48842239379883,99.22567749023438,0.910691499710083,-1,-1,-1
580,-1,27.088956832885742,72.85163879394531,57.30964279174805,99.28258514404297,0.9138287305831909,-1,-1,-1
581,-1,27.16191291809082,72.74617004394531,57.25614547729492,99.40693664550781,0.9060018658638,-1,-1,-1
582,-1,27.17778205871582,72.83551788330078,57.26356506347656,99.46088409423828,0.9122434854507446,-1,-1,-1
583,-1,27.20844078063965,72.8180160522461,57.15251541137695,99.4305648803711,0.920950710773468,-1,-1,-1
584,-1,27.390670776367188,72.6907958984375,56.89567184448242,99.58201599121094,0.9426767230033875,-1,-1,-1
585,-1,27.380393981933594,72.70726013183594,56.90548324584961,99.56024169921875,0.9417869448661804,-1,-1,-1
586,-1,27.376094818115234,72.71240234375,56.92051315307617,99.55949401855469,0.942935049533844,-1,-1,-1
587,-1,27.225902557373047,72.82415771484375,57.21363830566406,99.60384368896484,0.9373225569725037,-1,-1,-1
588,-1,27.193832397460938,72.89228057861328,57.275611877441406,99.76358795166016,0.9294209480285645,-1,-1,-1
589,-1,27.184513092041016,72.88998413085938,57.29071807861328,99.73526000976562,0.9267948269844055,-1,-1,-1
590,-1,27.186906814575195,72.8781509399414,57.28532791137695,99.73727416992188,0.9271719455718994,-1,-1,-1
591,-1,27.132564544677734,72.86676025390625,57.37144088745117,99.63600158691406,0.9228402376174927,-1,-1,-1
592,-1,27.340051651000977,73.61962127685547,56.987640380859375,99.86546325683594,0.8677504062652588,-1,-1,-1
593,-1,27.377031326293945,73.68946075439453,56.972816467285156,99.81084442138672,0.848691463470459,-1,-1,-1
594,-1,27.157604217529297,73.86031341552734,57.30861282348633,100.35836791992188,0.8655369877815247,-1,-1,-1
595,-1,27.21210289001465,73.8462905883789,57.222896575927734,100.36451721191406,0.8702335357666016,-1,-1,-1
596,-1,27.201831817626953,73.84498596191406,57.22491455078125,100.37954711914062,0.8720611929893494,-1,-1,-1
597,-1,27.193302154541016,73.85611724853516,57.2403678894043,100.37010192871094,0.8683189749717712,-1,-1,-1
598,-1,27.193973541259766,73.85493469238281,57.241180419921875,100.37285614013672,0.8683133721351624,-1,-1,-1
599,-1,27.1826171875,73.78242492675781,57.24087142944336,100.37255859375,0.8734198212623596,-1,-1,-1
600,-1,27.437015533447266,73.4650650024414,56.920963287353516,100.48841094970703,0.9041346311569214,-1,-1,-1
601,-1,27.462604522705078,73.47640991210938,56.884952545166016,100.40342712402344,0.911304235458374,-1,-1,-1
602,-1,27.399276733398438,73.26225280761719,56.87965774536133,100.69364929199219,0.9143438339233398,-1,-1,-1
603,-1,27.409748077392578,73.221435546875,56.86730194091797,100.70694732666016,0.9172849059104919,-1,-1,-1
604,-1,27.423837661743164,73.19400787353516,56.84109115600586,100.83365631103516,0.9188392758369446,-1,-1,-1
605,-1,27.424026489257812,73.193115234375,56.84147644042969,100.84210968017578,0.918860912322998,-1,-1,-1
606,-1,27.420536041259766,73.19619750976562,56.84181594848633,100.83831787109375,0.9179644584655762,-1,-1,-1
607,-1,27.41969871520996,73.06660461425781,56.971553802490234,101.0059585571289,0.9068977236747742,-1,-1,-1
608,-1,27.43443489074707,73.07332611083984,56.952510833740234,101.01692962646484,0.9070395231246948,-1,-1,-1
609,-1,27.436901092529297,73.0761947631836,56.952354431152344,101.0113296508789,0.9062190055847168,-1,-1,-1
610,-1,27.435230255126953,73.10509490966797,56.95732498168945,101.0058364868164,0.9074613451957703,-1,-1,-1
611,-1,27.433467864990234,73.10628509521484,56.95772171020508,101.00244140625,0.9070717096328735,-1,-1,-1
612,-1,27.447317123413086,73.09832000732422,56.947479248046875,101.01558685302734,0.909689724445343,-1,-1,-1
613,-1,27.334976196289062,73.15902709960938,57.04532241821289,100.95011138916016,0.8870906233787537,-1,-1,-1
614,-1,27.326696395874023,73.15332794189453,57.05195999145508,100.95073699951172,0.885356068611145,-1,-1,-1
615,-1,27.341026306152344,73.15406036376953,57.04930114746094,100.98792266845703,0.8875758647918701,-1,-1,-1
616,-1,27.33228874206543,73.15263366699219,57.057682037353516,100.98292541503906,0.8848824501037598,-1,-1,-1
617,-1,27.372661590576172,73.1914291381836,57.044071197509766,100.91927337646484,0.8792279362678528,-1,-1,-1
618,-1,27.366724014282227,73.16888427734375,57.04777526855469,100.93070220947266,0.8837918043136597,-1,-1,-1
619,-1,27.360315322875977,73.17034149169922,57.05769348144531,100.92241668701172,0.8794069886207581,-1,-1,-1
620,-1,27.360517501831055,73.16786193847656,57.058074951171875,100.92496490478516,0.8797188401222229,-1,-1,-1
621,-1,27.33318328857422,73.17213439941406,57.08761215209961,101.04545593261719,0.8763158917427063,-1,-1,-1
622,-1,27.3867244720459,72.77291107177734,56.964111328125,100.91581726074219,0.9043795466423035,-1,-1,-1
623,-1,27.40575408935547,72.76071166992188,56.93647384643555,100.87596893310547,0.9091441035270691,-1,-1,-1
624,-1,27.39139747619629,72.78085327148438,56.96213150024414,100.6989974975586,0.8929294347763062,-1,-1,-1
625,-1,27.398881912231445,72.79530334472656,56.9453125,100.63670349121094,0.8904590606689453,-1,-1,-1
626,-1,27.402379989624023,72.78815460205078,56.94179916381836,100.6376953125,0.891098141670227,-1,-1,-1
627,-1,27.348325729370117,72.7293472290039,56.981834411621094,100.66380310058594,0.8832245469093323,-1,-1,-1
628,-1,26.166671752929688,72.40058135986328,61.862030029296875,103.93780517578125,0.8760446310043335,-1,-1,-1
629,-1,26.13388442993164,72.34449005126953,61.86869812011719,104.00879669189453,0.8775226473808289,-1,-1,-1
630,-1,26.217815399169922,72.34947967529297,62.03849411010742,104.12336730957031,0.8710526823997498,-1,-1,-1
631,-1,26.227745056152344,72.30052947998047,62.035064697265625,104.28211212158203,0.8865274786949158,-1,-1,-1
632,-1,26.293922424316406,72.28343200683594,62.04305648803711,104.35137176513672,0.8888484239578247,-1,-1,-1
633,-1,26.311107635498047,72.42259216308594,62.01893615722656,104.2385025024414,0.8766201138496399,-1,-1,-1
634,-1,26.225984573364258,72.63043212890625,61.974342346191406,104.33323669433594,0.9000342488288879,-1,-1,-1
635,-1,26.166608810424805,72.59730529785156,61.876686096191406,104.43276977539062,0.9015512466430664,-1,-1,-1
636,-1,27.33783531188965,72.75787353515625,56.9788818359375,100.9119873046875,0.9086744785308838,-1,-1,-1
637,-1,27.30196762084961,72.5923843383789,57.048892974853516,100.76490020751953,0.898144543170929,-1,-1,-1
638,-1,27.29339599609375,72.54448699951172,57.015464782714844,100.734375,0.8992334008216858,-1,-1,-1
639,-1,27.31138038635254,72.63015747070312,57.02632141113281,100.66287231445312,0.9158298373222351,-1,-1,-1
640,-1,27.25726890563965,72.65402221679688,57.06978225708008,100.69087219238281,0.9190447330474854,-1,-1,-1
641,-1,27.23589324951172,72.67463684082031,57.08406448364258,100.67691802978516,0.9170078039169312,-1,-1,-1
642,-1,27.13811492919922,72.63449096679688,57.19016647338867,100.33580780029297,0.8879459500312805,-1,-1,-1
643,-1,26.400436401367188,72.54773712158203,62.057518005371094,103.32635498046875,0.8799700140953064,-1,-1,-1
644,-1,26.47322654724121,72.54845428466797,61.86452865600586,103.2165756225586,0.888187825679779,-1,-1,-1
645,-1,26.568347930908203,72.56834411621094,61.845245361328125,103.21907806396484,0.858264148235321,-1,-1,-1
646,-1,26.595190048217773,72.6678237915039,61.732975006103516,103.15354919433594,0.8606724739074707,-1,-1,-1
647,-1,26.705974578857422,72.82220458984375,61.85908508300781,103.21282958984375,0.8711141347885132,-1,-1,-1
648,-1,27.109920501708984,72.56942749023438,57.6876106262207,100.03306579589844,0.8716781735420227,-1,-1,-1
649,-1,27.150907516479492,72.62200927734375,57.67662048339844,100.05778503417969,0.8570233583450317,-1,-1,-1
650,-1,27.158231735229492,72.62934875488281,57.672733306884766,100.03260803222656,0.8573981523513794,-1,-1,-1
651,-1,27.159198760986328,72.6507568359375,57.67882537841797,100.05148315429688,0.8613411784172058,-1,-1,-1
652,-1,27.540882110595703,72.79364776611328,57.31540298461914,100.81941986083984,0.8368373513221741,-1,-1,-1
653,-1,26.508407592773438,72.92889404296875,61.91960906982422,103.66191864013672,0.8474452495574951,-1,-1,-1
654,-1,27.59018325805664,72.1805648803711,56.887821197509766,100.92830657958984,0.9188934564590454,-1,-1,-1
655,-1,27.573551177978516,72.17557525634766,56.8812141418457,100.84494018554688,0.9221924543380737,-1,-1,-1
656,-1,27.57244300842285,72.160400390625,56.88666534423828,100.85140228271484,0.9259510636329651,-1,-1,-1
657,-1,27.570878982543945,72.16191864013672,56.88393020629883,100.8433609008789,0.9248245358467102,-1,-1,-1
658,-1,27.39547348022461,72.42967987060547,57.15269088745117,100.13162994384766,0.9401609897613525,-1,-1,-1
659,-1,27.388511657714844,72.42652893066406,57.1888313293457,100.0558090209961,0.9378999471664429,-1,-1,-1
660,-1,27.4918212890625,72.3614501953125,57.053062438964844,100.26399993896484,0.9506887197494507,-1,-1,-1
661,-1,27.47979164123535,72.28426361083984,57.03440856933594,100.2867202758789,0.9539423584938049,-1,-1,-1
662,-1,27.41407012939453,72.37071228027344,57.07331848144531,100.24394226074219,0.9514350295066833,-1,-1,-1
663,-1,27.445056915283203,72.44957733154297,57.04236602783203,100.26261901855469,0.9546928405761719,-1,-1,-1
664,-1,27.447914123535156,72.4636459350586,57.04146957397461,100.23197174072266,0.9526316523551941,-1,-1,-1
665,-1,27.456453323364258,72.47367095947266,57.03614044189453,100.37356567382812,0.9567156434059143,-1,-1,-1
666,-1,27.44733428955078,72.45884704589844,57.038719177246094,100.37043762207031,0.9566752910614014,-1,-1,-1
667,-1,27.502729415893555,72.47017669677734,57.07029342651367,100.28922271728516,0.9580268263816833,-1,-1,-1
668,-1,27.504905700683594,72.4786605834961,57.066158294677734,100.28106689453125,0.9559418559074402,-1,-1,-1
669,-1,27.492229461669922,72.45736694335938,57.07174301147461,100.21808624267578,0.9567320346832275,-1,-1,-1
670,-1,27.519847869873047,72.50418090820312,57.06254959106445,100.25233459472656,0.957297682762146,-1,-1,-1
671,-1,27.513010025024414,72.51390075683594,57.06626892089844,100.25604248046875,0.9583982229232788,-1,-1,-1
672,-1,27.46809959411621,72.48040771484375,57.12259292602539,100.0729751586914,0.9536958932876587,-1,-1,-1
673,-1,27.469446182250977,72.35588836669922,57.029109954833984,100.04157257080078,0.9445376396179199,-1,-1,-1
674,-1,27.462154388427734,72.357421875,57.02936553955078,100.06904602050781,0.9453365802764893,-1,-1,-1
675,-1,27.518404006958008,72.2339096069336,56.99516677856445,100.11209106445312,0.9413540959358215,-1,-1,-1
676,-1,27.598936080932617,72.32713317871094,56.957603454589844,100.02302551269531,0.938531756401062,-1,-1,-1
677,-1,27.587156295776367,72.32281494140625,56.93336486816406,100.00173950195312,0.9369394779205322,-1,-1,-1
678,-1,27.600278854370117,72.29859161376953,56.925575256347656,100.000244140625,0.9358515739440918,-1,-1,-1
679,-1,27.60523796081543,72.30802154541016,56.915977478027344,99.9865493774414,0.9294593334197998,-1,-1,-1
680,-1,27.608366012573242,72.31853485107422,56.917110443115234,99.97734832763672,0.9286860227584839,-1,-1,-1
681,-1,27.61327362060547,72.31755828857422,56.914268493652344,99.9713134765625,0.9273995757102966,-1,-1,-1
682,-1,27.626117706298828,72.31999206542969,56.90866470336914,99.97802734375,0.9271968603134155,-1,-1,-1
683,-1,26.260093688964844,72.36276245117188,61.938316345214844,103.58384704589844,0.9242709875106812,-1,-1,-1
684,-1,26.27202033996582,72.362060546875,61.86693572998047,103.54377746582031,0.9230257868766785,-1,-1,-1
685,-1,26.284473419189453,72.35002136230469,61.89414978027344,103.58609771728516,0.924645721912384,-1,-1,-1
686,-1,27.588336944580078,72.34175109863281,56.92079544067383,100.01105499267578,0.9293566942214966,-1,-1,-1
687,-1,26.26512908935547,72.34039306640625,62.11613464355469,103.36400604248047,0.9237672686576843,-1,-1,-1
688,-1,26.33601188659668,72.33154296875,62.184452056884766,103.35623168945312,0.9230168461799622,-1,-1,-1
689,-1,26.367584228515625,72.31419372558594,62.13949203491211,103.34791564941406,0.9278638362884521,-1,-1,-1
690,-1,27.570993423461914,72.24739837646484,56.98820114135742,100.27295684814453,0.9410386085510254,-1,-1,-1
691,-1,27.476390838623047,72.42013549804688,57.03544998168945,100.30104064941406,0.9477555155754089,-1,-1,-1
692,-1,27.51373291015625,72.42361450195312,56.92620086669922,100.39071655273438,0.9507933259010315,-1,-1,-1
693,-1,27.530424118041992,72.4390869140625,56.91627883911133,100.50987243652344,0.951086699962616,-1,-1,-1
694,-1,27.520671844482422,72.46153259277344,56.90056610107422,100.6339111328125,0.9554013013839722,-1,-1,-1
695,-1,27.521705627441406,72.5158920288086,56.90074157714844,100.62277221679688,0.9544290900230408,-1,-1,-1
696,-1,27.564603805541992,72.45899200439453,56.84286117553711,100.73678588867188,0.9517888426780701,-1,-1,-1
697,-1,27.543752670288086,72.24884033203125,56.82476806640625,100.78451538085938,0.9564231634140015,-1,-1,-1
698,-1,27.5616455078125,72.22061157226562,56.78501892089844,100.781005859375,0.9559875726699829,-1,-1,-1
699,-1,27.54743194580078,72.12592315673828,56.79340744018555,100.75857543945312,0.9533188343048096,-1,-1,-1
700,-1,27.55401611328125,72.11434936523438,56.788917541503906,100.7464828491211,0.952721357345581,-1,-1,-1
701,-1,27.541486740112305,72.10517120361328,56.789493560791016,100.73157501220703,0.9542760848999023,-1,-1,-1
702,-1,27.54047203063965,72.12159729003906,56.78348159790039,100.70394134521484,0.9513808488845825,-1,-1,-1
703,-1,27.538206100463867,72.11618041992188,56.78213119506836,100.70624542236328,0.951055109500885,-1,-1,-1
704,-1,27.53771209716797,72.1187973022461,56.7819938659668,100.70447540283203,0.9509386420249939,-1,-1,-1
705,-1,27.4372501373291,72.37332916259766,56.8316650390625,100.74669647216797,0.9370895028114319,-1,-1,-1
706,-1,27.432350158691406,72.33735656738281,56.81561279296875,100.72203063964844,0.9379450082778931,-1,-1,-1
707,-1,27.426132202148438,72.36917877197266,56.821475982666016,100.71504211425781,0.9332154393196106,-1,-1,-1
708,-1,27.419269561767578,72.36419677734375,56.827083587646484,100.70423126220703,0.9327170848846436,-1,-1,-1
709,-1,27.440736770629883,72.3184585571289,56.81012725830078,100.69425964355469,0.9410027265548706,-1,-1,-1
710,-1,27.482746124267578,72.4011001586914,56.78493118286133,100.72998046875,0.932732343673706,-1,-1,-1
711,-1,27.481176376342773,72.38102722167969,56.78235626220703,100.74547576904297,0.9328647255897522,-1,-1,-1
712,-1,27.505979537963867,72.40769958496094,56.77904510498047,100.728759765625,0.9321437478065491,-1,-1,-1
713,-1,27.483840942382812,72.38398742675781,56.803165435791016,100.7659683227539,0.93524169921875,-1,-1,-1
714,-1,27.469083786010742,72.34246826171875,56.820926666259766,100.66240692138672,0.9275913834571838,-1,-1,-1
715,-1,26.600664138793945,72.64936828613281,61.56234359741211,104.69198608398438,0.904518723487854,-1,-1,-1
716,-1,26.577341079711914,72.66529083251953,61.56886672973633,104.71104431152344,0.902290403842926,-1,-1,-1
717,-1,26.58102798461914,72.66996765136719,61.552677154541016,104.69000244140625,0.9020261168479919,-1,-1,-1
718,-1,27.57593536376953,72.74665069580078,56.70747756958008,100.47607421875,0.8906241059303284,-1,-1,-1
719,-1,27.60982894897461,72.848876953125,56.48444747924805,100.41127014160156,0.9214227795600891,-1,-1,-1
720,-1,27.5715274810791,72.82840728759766,56.66591262817383,100.29978942871094,0.9113553762435913,-1,-1,-1
721,-1,27.52396583557129,72.92118835449219,56.879859924316406,100.42764282226562,0.8903056979179382,-1,-1,-1
722,-1,27.54998779296875,73.30406188964844,57.023868560791016,100.02770233154297,0.8227522969245911,-1,-1,-1
723,-1,27.534255981445312,73.31433868408203,57.05683135986328,100.05541229248047,0.8211734890937805,-1,-1,-1
724,-1,27.649412155151367,73.4029769897461,56.9788932800293,100.16629028320312,0.7805361747741699,-1,-1,-1
725,-1,27.58599281311035,73.3093490600586,56.93193817138672,100.16436767578125,0.8017422556877136,-1,-1,-1
726,-1,27.588905334472656,73.30134582519531,56.934303283691406,100.1678695678711,0.801805317401886,-1,-1,-1
727,-1,27.478971481323242,73.26396179199219,57.10148620605469,100.16365814208984,0.7889759540557861,-1,-1,-1
728,-1,27.502153396606445,73.28556060791016,57.103492736816406,100.15596008300781,0.7916301488876343,-1,-1,-1
729,-1,27.517892837524414,73.28849792480469,57.07498550415039,100.1634521484375,0.7870125770568848,-1,-1,-1
730,-1,25.950088500976562,72.67012786865234,62.12864685058594,104.57942199707031,0.8414701819419861,-1,-1,-1
731,-1,26.09392547607422,72.3555679321289,61.84966278076172,105.02442932128906,0.8571930527687073,-1,-1,-1
