2,-1,232.1407928466797,43.63752365112305,271.70269775390625,139.97109985351562,0.5696669816970825,-1,-1,-1
3,-1,230.40818786621094,52.33540725708008,270.6255187988281,146.93511962890625,0.5449132919311523,-1,-1,-1
7,-1,215.39224243164062,52.13823699951172,261.41094970703125,148.79840087890625,0.6588740348815918,-1,-1,-1
18,-1,192.07913208007812,32.5840950012207,237.33856201171875,147.476318359375,0.6676394939422607,-1,-1,-1
19,-1,190.39466857910156,37.77431869506836,236.40098571777344,162.2802734375,0.6787614822387695,-1,-1,-1
21,-1,191.4562225341797,29.1803035736084,234.0770263671875,151.35667419433594,0.6652428507804871,-1,-1,-1
23,-1,185.8940887451172,41.205291748046875,226.32997131347656,158.742919921875,0.6994050145149231,-1,-1,-1
31,-1,165.92550659179688,44.343421936035156,215.61521911621094,159.21653747558594,0.8711561560630798,-1,-1,-1
32,-1,165.42616271972656,51.59841537475586,216.6848602294922,171.626220703125,0.5634414553642273,-1,-1,-1
42,-1,155.99325561523438,37.283485412597656,201.12855529785156,166.0697021484375,0.5819416642189026,-1,-1,-1
67,-1,115.8721923828125,71.00132751464844,165.76942443847656,178.7775421142578,0.8264063000679016,-1,-1,-1
68,-1,114.10490417480469,65.71179962158203,163.6621856689453,181.39442443847656,0.7433444857597351,-1,-1,-1
69,-1,113.00262451171875,65.06918334960938,163.50900268554688,181.8031463623047,0.8325788974761963,-1,-1,-1
70,-1,113.81195831298828,67.45267486572266,162.73178100585938,178.83233642578125,0.7685890793800354,-1,-1,-1
71,-1,105.83978271484375,59.97893142700195,159.22470092773438,173.83169555664062,0.7980250120162964,-1,-1,-1
72,-1,104.7068862915039,63.516754150390625,159.4830322265625,170.5322723388672,0.6684176325798035,-1,-1,-1
89,-1,89.99755859375,69.94406127929688,167.61656188964844,181.1510009765625,0.6188721656799316,-1,-1,-1
90,-1,89.91960144042969,71.48944854736328,169.7933349609375,179.8056182861328,0.7060191035270691,-1,-1,-1
91,-1,89.86601257324219,71.1956787109375,170.52452087402344,181.31802368164062,0.7539956569671631,-1,-1,-1
92,-1,89.94866943359375,72.23188018798828,171.41934204101562,182.83607482910156,0.9428947567939758,-1,-1,-1
93,-1,89.87747192382812,72.95616149902344,171.91461181640625,182.2735595703125,0.8728861808776855,-1,-1,-1
94,-1,87.91657257080078,71.65702819824219,170.39137268066406,185.04258728027344,0.9139276146888733,-1,-1,-1
95,-1,86.9844970703125,72.35951232910156,168.90870666503906,183.56655883789062,0.769119381904602,-1,-1,-1
96,-1,84.39077758789062,71.34028625488281,168.7248992919922,182.6525421142578,0.8938494324684143,-1,-1,-1
97,-1,83.93950653076172,72.47077941894531,169.36546325683594,182.35426330566406,0.713732123374939,-1,-1,-1
98,-1,84.51243591308594,72.69503021240234,170.31094360351562,182.83351135253906,0.8997195363044739,-1,-1,-1
101,-1,83.27423858642578,73.3422622680664,169.2333221435547,183.91714477539062,0.6054809093475342,-1,-1,-1
102,-1,82.84776306152344,73.23045349121094,169.92657470703125,183.8720703125,0.502077043056488,-1,-1,-1
114,-1,77.28182983398438,76.63060760498047,175.882080078125,201.03372192382812,0.784949779510498,-1,-1,-1
115,-1,76.81044006347656,76.96731567382812,176.58120727539062,202.593017578125,0.620664656162262,-1,-1,-1
116,-1,83.8570327758789,74.91056823730469,169.96405029296875,180.6591339111328,0.5917202234268188,-1,-1,-1
117,-1,76.937744140625,82.08428955078125,157.966796875,189.5873565673828,0.562111496925354,-1,-1,-1
121,-1,75.75971221923828,82.7854995727539,156.65577697753906,189.32186889648438,0.5701232552528381,-1,-1,-1
177,-1,75.8674545288086,98.51555633544922,154.9339141845703,188.92437744140625,0.6661956310272217,-1,-1,-1
183,-1,88.63692474365234,80.44316101074219,165.99285888671875,174.1326446533203,0.5393507480621338,-1,-1,-1
184,-1,88.08164978027344,80.19230651855469,165.8983154296875,174.62725830078125,0.6039064526557922,-1,-1,-1
185,-1,88.2161636352539,81.40757751464844,165.7847442626953,174.22799682617188,0.5376068353652954,-1,-1,-1
186,-1,88.8364486694336,81.94117736816406,165.239013671875,173.99037170410156,0.5059773325920105,-1,-1,-1
194,-1,78.45730590820312,92.20740509033203,156.16256713867188,188.8385009765625,0.5617715120315552,-1,-1,-1
195,-1,78.93304443359375,91.00609588623047,156.96530151367188,187.5347442626953,0.7660062909126282,-1,-1,-1
196,-1,79.13931274414062,92.63642883300781,157.54258728027344,187.59210205078125,0.7268986105918884,-1,-1,-1
197,-1,78.80645751953125,87.10929870605469,157.82461547851562,189.08367919921875,0.8709381818771362,-1,-1,-1
198,-1,78.1111068725586,90.06094360351562,157.70249938964844,188.0493621826172,0.7956435084342957,-1,-1,-1
199,-1,78.88461303710938,91.33763885498047,157.1414337158203,188.6022491455078,0.716327428817749,-1,-1,-1
200,-1,78.44625854492188,91.63558959960938,157.3110809326172,187.77403259277344,0.6610334515571594,-1,-1,-1
201,-1,78.86891174316406,92.00688934326172,157.27980041503906,188.35777282714844,0.6352865099906921,-1,-1,-1
202,-1,78.40105438232422,92.69503784179688,157.63233947753906,187.85935974121094,0.7067553997039795,-1,-1,-1
203,-1,84.93798828125,87.64566040039062,165.75991821289062,184.28872680664062,0.7581764459609985,-1,-1,-1
204,-1,85.60099792480469,87.83192443847656,165.02671813964844,184.22999572753906,0.8453233242034912,-1,-1,-1
205,-1,85.12886810302734,87.81165313720703,165.08750915527344,184.37644958496094,0.8649631142616272,-1,-1,-1
206,-1,78.83441162109375,93.11560821533203,157.7700958251953,188.9691619873047,0.8715673089027405,-1,-1,-1
207,-1,85.42501831054688,87.3968734741211,164.59512329101562,184.76763916015625,0.8015493154525757,-1,-1,-1
208,-1,79.32762908935547,92.57611846923828,157.3577423095703,188.42431640625,0.8125429749488831,-1,-1,-1
209,-1,78.29000091552734,96.83050537109375,156.65365600585938,187.82679748535156,0.6362807154655457,-1,-1,-1
210,-1,79.08793640136719,98.83914184570312,156.0774688720703,187.80740356445312,0.5202223658561707,-1,-1,-1
215,-1,86.5949935913086,91.1808853149414,164.30899047851562,182.54835510253906,0.5306808352470398,-1,-1,-1
218,-1,86.38864135742188,91.99390411376953,164.2738494873047,182.6287841796875,0.507050633430481,-1,-1,-1
219,-1,86.69673919677734,92.35696411132812,164.2636260986328,182.17547607421875,0.5058031678199768,-1,-1,-1
220,-1,86.5687484741211,91.89232635498047,164.19207763671875,182.49386596679688,0.515751302242279,-1,-1,-1
336,-1,78.3561782836914,90.49824523925781,156.42218017578125,188.57745361328125,0.6293463110923767,-1,-1,-1
337,-1,78.41407012939453,93.525634765625,156.11062622070312,187.04751586914062,0.6284602284431458,-1,-1,-1
338,-1,78.52217864990234,92.35431671142578,156.4982452392578,187.13067626953125,0.6578587889671326,-1,-1,-1
339,-1,78.51554107666016,92.27811431884766,156.54066467285156,187.12860107421875,0.6607654094696045,-1,-1,-1
340,-1,78.52263641357422,92.23155975341797,156.55126953125,187.13253784179688,0.6618885397911072,-1,-1,-1
341,-1,78.52481079101562,92.2485122680664,156.55044555664062,187.12982177734375,0.6610761880874634,-1,-1,-1
342,-1,78.52726745605469,92.25305938720703,156.54942321777344,187.1251220703125,0.6609866619110107,-1,-1,-1
343,-1,78.52693176269531,92.2503662109375,156.5494384765625,187.1258087158203,0.6613353490829468,-1,-1,-1
344,-1,78.52458190917969,92.24544525146484,156.55084228515625,187.13107299804688,0.6613490581512451,-1,-1,-1
345,-1,78.52481079101562,92.2485122680664,156.55044555664062,187.12982177734375,0.6610761880874634,-1,-1,-1
346,-1,78.52726745605469,92.25305938720703,156.54942321777344,187.1251220703125,0.6609866619110107,-1,-1,-1
347,-1,78.52693176269531,92.2503662109375,156.5494384765625,187.1258087158203,0.6613353490829468,-1,-1,-1
348,-1,78.52458190917969,92.24544525146484,156.55084228515625,187.13107299804688,0.6613490581512451,-1,-1,-1
349,-1,78.52481079101562,92.2485122680664,156.55044555664062,187.12982177734375,0.6610761880874634,-1,-1,-1
350,-1,78.52726745605469,92.25305938720703,156.54942321777344,187.1251220703125,0.6609866619110107,-1,-1,-1
351,-1,78.52693176269531,92.2503662109375,156.5494384765625,187.1258087158203,0.6613353490829468,-1,-1,-1
352,-1,78.52458190917969,92.24544525146484,156.55084228515625,187.13107299804688,0.6613490581512451,-1,-1,-1
353,-1,78.52481079101562,92.2485122680664,156.55044555664062,187.12982177734375,0.6610761880874634,-1,-1,-1
354,-1,78.52726745605469,92.25305938720703,156.54942321777344,187.1251220703125,0.6609866619110107,-1,-1,-1
355,-1,78.52693176269531,92.2503662109375,156.5494384765625,187.1258087158203,0.6613353490829468,-1,-1,-1
356,-1,78.52458190917969,92.24544525146484,156.55084228515625,187.13107299804688,0.6613490581512451,-1,-1,-1
357,-1,78.52481079101562,92.2485122680664,156.55044555664062,187.12982177734375,0.6610761880874634,-1,-1,-1
358,-1,78.52726745605469,92.25305938720703,156.54942321777344,187.1251220703125,0.6609866619110107,-1,-1,-1
359,-1,78.81121063232422,93.03539276123047,156.25265502929688,186.8374481201172,0.6135419011116028,-1,-1,-1
360,-1,78.62139129638672,92.82874298095703,156.4796905517578,187.03736877441406,0.6186739206314087,-1,-1,-1
361,-1,78.61506652832031,92.85271453857422,156.48773193359375,187.0615997314453,0.6127803325653076,-1,-1,-1
362,-1,78.60062408447266,92.9754638671875,156.49893188476562,187.0532989501953,0.6075642704963684,-1,-1,-1
363,-1,78.602294921875,92.97844696044922,156.49778747558594,187.049560546875,0.607377290725708,-1,-1,-1
364,-1,78.60037231445312,92.97773742675781,156.49732971191406,187.05035400390625,0.6078150272369385,-1,-1,-1
365,-1,78.59838104248047,92.9741439819336,156.4989013671875,187.0543975830078,0.6079288721084595,-1,-1,-1
383,-1,78.18797302246094,94.90827178955078,157.30078125,186.64830017089844,0.5585075616836548,-1,-1,-1
384,-1,78.45027160644531,93.81216430664062,157.3751678466797,186.80862426757812,0.5759488344192505,-1,-1,-1
385,-1,78.44393920898438,93.84091186523438,157.35848999023438,186.76828002929688,0.5725273489952087,-1,-1,-1
386,-1,78.4513931274414,94.3056640625,157.2998046875,186.71734619140625,0.5581119060516357,-1,-1,-1
387,-1,78.45989990234375,94.27110290527344,157.29541015625,186.71612548828125,0.5576661825180054,-1,-1,-1
388,-1,78.45967102050781,94.27040100097656,157.29383850097656,186.71800231933594,0.5576921105384827,-1,-1,-1
389,-1,78.45066833496094,94.27481079101562,157.29649353027344,186.71630859375,0.5582759976387024,-1,-1,-1
390,-1,78.44977569580078,94.2740707397461,157.2984161376953,186.71432495117188,0.5584736466407776,-1,-1,-1
391,-1,78.45989990234375,94.27110290527344,157.29541015625,186.71612548828125,0.5576661825180054,-1,-1,-1
392,-1,78.45967102050781,94.27040100097656,157.29383850097656,186.71800231933594,0.5576921105384827,-1,-1,-1
393,-1,78.45066833496094,94.27481079101562,157.29649353027344,186.71630859375,0.5582759976387024,-1,-1,-1
394,-1,78.44977569580078,94.2740707397461,157.2984161376953,186.71432495117188,0.5584736466407776,-1,-1,-1
395,-1,78.45989990234375,94.27110290527344,157.29541015625,186.71612548828125,0.5576661825180054,-1,-1,-1
417,-1,60.8506965637207,20.828609466552734,80.60723876953125,78.2113037109375,0.5055053234100342,-1,-1,-1
418,-1,75.66020202636719,83.39836883544922,154.91793823242188,188.50811767578125,0.5417791604995728,-1,-1,-1
419,-1,75.79824829101562,84.27892303466797,155.76791381835938,187.8273162841797,0.5892641544342041,-1,-1,-1
421,-1,75.15884399414062,84.9963607788086,154.24472045898438,187.40771484375,0.5086798071861267,-1,-1,-1
425,-1,78.32201385498047,77.80364990234375,157.0993194580078,181.16946411132812,0.6192211508750916,-1,-1,-1
426,-1,76.69381713867188,76.78277587890625,155.61361694335938,182.2033233642578,0.7011449337005615,-1,-1,-1
427,-1,75.23922729492188,83.81177520751953,155.6794891357422,187.8673858642578,0.8138777613639832,-1,-1,-1
428,-1,77.27262115478516,77.40243530273438,157.45152282714844,181.42294311523438,0.7845159769058228,-1,-1,-1
429,-1,75.6953353881836,85.72012329101562,155.5416259765625,187.249267578125,0.6992427110671997,-1,-1,-1
430,-1,75.69374084472656,86.06192016601562,155.29583740234375,187.5164031982422,0.7061392664909363,-1,-1,-1
431,-1,75.33112335205078,84.72238159179688,155.1933135986328,187.89064025878906,0.7269262075424194,-1,-1,-1
432,-1,75.07135009765625,84.41876220703125,155.86605834960938,188.13551330566406,0.775012731552124,-1,-1,-1
448,-1,78.83002471923828,77.64755249023438,157.900390625,180.52391052246094,0.5822434425354004,-1,-1,-1
450,-1,77.96707916259766,74.7094497680664,159.4539794921875,183.75047302246094,0.6411440968513489,-1,-1,-1
451,-1,78.14270782470703,82.16956329345703,156.6673583984375,190.09173583984375,0.6506521701812744,-1,-1,-1
452,-1,78.42064666748047,74.97286224365234,160.28482055664062,183.4453125,0.623315155506134,-1,-1,-1
453,-1,78.60208129882812,74.70114135742188,160.43914794921875,183.73963928222656,0.5593369603157043,-1,-1,-1
454,-1,79.19087219238281,74.07844543457031,160.21112060546875,184.2979278564453,0.5146383047103882,-1,-1,-1
456,-1,77.54431915283203,84.25654602050781,156.8392791748047,188.28445434570312,0.5190249085426331,-1,-1,-1
457,-1,77.37039184570312,84.47897338867188,156.79891967773438,188.283203125,0.5481739640235901,-1,-1,-1
458,-1,77.44742584228516,84.07893371582031,156.9215850830078,188.35379028320312,0.5579685568809509,-1,-1,-1
459,-1,78.68580627441406,75.60554504394531,159.32460021972656,183.34457397460938,0.5299710035324097,-1,-1,-1
460,-1,78.5789794921875,74.90291595458984,160.00486755371094,184.19039916992188,0.586755633354187,-1,-1,-1
461,-1,78.6698226928711,75.30663299560547,159.49151611328125,183.5712127685547,0.5071150064468384,-1,-1,-1
462,-1,78.43932342529297,75.26538848876953,159.91000366210938,183.39547729492188,0.5616531372070312,-1,-1,-1
463,-1,78.52948760986328,75.06399536132812,161.3095245361328,183.25872802734375,0.665199339389801,-1,-1,-1
464,-1,78.37035369873047,75.10147857666016,160.63580322265625,183.4154815673828,0.6084187030792236,-1,-1,-1
465,-1,77.27513885498047,84.33424377441406,157.72352600097656,187.67897033691406,0.5878932476043701,-1,-1,-1
466,-1,76.48465728759766,83.8608627319336,154.4127197265625,189.2288818359375,0.5691974759101868,-1,-1,-1
467,-1,77.55890655517578,83.4071044921875,157.08352661132812,188.77964782714844,0.6333617568016052,-1,-1,-1
468,-1,76.76399993896484,82.4700927734375,154.79925537109375,189.6166534423828,0.7035390734672546,-1,-1,-1
469,-1,77.38237762451172,83.37385559082031,155.85922241210938,188.94778442382812,0.6419177055358887,-1,-1,-1
470,-1,78.66727447509766,76.45923614501953,158.4154815673828,182.26614379882812,0.6676480770111084,-1,-1,-1
471,-1,78.84796142578125,76.68922424316406,157.3155059814453,182.02975463867188,0.6337692141532898,-1,-1,-1
472,-1,78.88333892822266,76.0681381225586,158.28355407714844,182.50927734375,0.6893687844276428,-1,-1,-1
474,-1,77.41668701171875,83.73218536376953,156.04498291015625,188.29580688476562,0.5504819750785828,-1,-1,-1
475,-1,77.81884002685547,83.33047485351562,156.6119842529297,188.67694091796875,0.587497353553772,-1,-1,-1
481,-1,79.72941589355469,75.7192611694336,159.13241577148438,183.98114013671875,0.826097309589386,-1,-1,-1
482,-1,79.81822204589844,76.15068817138672,158.53407287597656,183.17068481445312,0.8243390917778015,-1,-1,-1
483,-1,79.87945556640625,76.15962982177734,158.99334716796875,183.1585693359375,0.8362815976142883,-1,-1,-1
484,-1,79.5616455078125,75.4650650024414,159.1517333984375,183.85360717773438,0.8711575865745544,-1,-1,-1
485,-1,80.80994415283203,77.32330322265625,157.251953125,181.7808074951172,0.6381095051765442,-1,-1,-1
486,-1,81.55426788330078,78.43888854980469,156.1676483154297,181.1122589111328,0.6569833755493164,-1,-1,-1
487,-1,80.55764770507812,77.09587860107422,157.28746032714844,182.11021423339844,0.7040705680847168,-1,-1,-1
488,-1,80.16381072998047,75.60865783691406,157.79287719726562,183.89938354492188,0.7075209617614746,-1,-1,-1
490,-1,80.0653076171875,75.90351104736328,159.29212951660156,182.43394470214844,0.6821849346160889,-1,-1,-1
492,-1,80.41044616699219,75.94768524169922,158.93606567382812,181.7845916748047,0.796831488609314,-1,-1,-1
513,-1,78.66486358642578,93.46800231933594,155.74964904785156,188.73313903808594,0.5202135443687439,-1,-1,-1
514,-1,78.64777374267578,90.97340393066406,156.8203887939453,189.75755310058594,0.7588576674461365,-1,-1,-1
515,-1,79.32654571533203,89.49834442138672,156.93211364746094,189.70407104492188,0.7032677531242371,-1,-1,-1
516,-1,79.35492706298828,88.84211730957031,157.4180450439453,189.43336486816406,0.7264927625656128,-1,-1,-1
517,-1,79.16078186035156,90.62899017333984,156.601318359375,189.19754028320312,0.6745417714118958,-1,-1,-1
518,-1,79.03565216064453,89.23405456542969,157.3260955810547,188.63931274414062,0.7897505760192871,-1,-1,-1
519,-1,78.70782470703125,90.06849670410156,156.96163940429688,188.6836395263672,0.7735248804092407,-1,-1,-1
520,-1,79.6305923461914,85.93824768066406,157.6480255126953,189.5751495361328,0.7754803895950317,-1,-1,-1
521,-1,79.67242431640625,87.78755187988281,157.7999725341797,188.72918701171875,0.7433492541313171,-1,-1,-1
525,-1,81.37332916259766,85.0698471069336,171.0421142578125,188.62200927734375,0.6638215780258179,-1,-1,-1
526,-1,77.77241516113281,78.17920684814453,158.77691650390625,180.95494079589844,0.6463634967803955,-1,-1,-1
526,-1,78.9910888671875,82.60929870605469,158.45423889160156,191.8567352294922,0.6009028553962708,-1,-1,-1
527,-1,74.75459289550781,80.99600982666016,152.16668701171875,176.01165771484375,0.679895281791687,-1,-1,-1
529,-1,72.57178497314453,80.41024780273438,152.16940307617188,191.80982971191406,0.8506496548652649,-1,-1,-1
530,-1,71.24903106689453,79.594482421875,152.4506072998047,191.06399536132812,0.9703302979469299,-1,-1,-1
531,-1,70.69570922851562,78.48924255371094,150.55067443847656,178.3052215576172,0.9596956372261047,-1,-1,-1
532,-1,70.30752563476562,78.2204818725586,150.5179443359375,177.28900146484375,0.9320765137672424,-1,-1,-1
539,-1,68.29112243652344,78.16951751708984,145.9868927001953,191.5111846923828,0.952841579914093,-1,-1,-1
540,-1,70.1356430053711,77.53749084472656,144.82046508789062,180.0392608642578,0.9330065250396729,-1,-1,-1
541,-1,70.24127197265625,76.16290283203125,145.12127685546875,182.30252075195312,0.9799408316612244,-1,-1,-1
541,-1,60.59306716918945,19.80782127380371,80.83737182617188,78.93267059326172,0.5268229246139526,-1,-1,-1
542,-1,73.41829681396484,73.2815170288086,148.6746368408203,183.70132446289062,0.9296898245811462,-1,-1,-1
542,-1,60.59770965576172,19.70355796813965,80.9347152709961,78.68880462646484,0.5563214421272278,-1,-1,-1
543,-1,71.87789916992188,72.774169921875,148.74020385742188,178.12660217285156,0.7421842813491821,-1,-1,-1
543,-1,60.66348648071289,19.630666732788086,80.93862915039062,78.88941955566406,0.624088704586029,-1,-1,-1
544,-1,60.666221618652344,19.61840057373047,80.85255432128906,78.74686431884766,0.5377197861671448,-1,-1,-1
545,-1,60.8031120300293,19.81175994873047,80.55774688720703,78.84571075439453,0.5430148839950562,-1,-1,-1
546,-1,91.91070556640625,67.0810317993164,148.3739776611328,182.8204803466797,0.5005344152450562,-1,-1,-1
548,-1,89.30207824707031,68.42219543457031,168.90704345703125,181.5147247314453,0.5926840305328369,-1,-1,-1
552,-1,94.21525573730469,72.08553314208984,180.29168701171875,171.546630859375,0.508014976978302,-1,-1,-1
556,-1,94.14079284667969,78.85557556152344,183.64178466796875,174.9176025390625,0.5073322057723999,-1,-1,-1
562,-1,71.29330444335938,3.297083854675293,158.00228881835938,181.2344970703125,0.6670861840248108,-1,-1,-1
566,-1,64.83995819091797,6.0013346672058105,157.36721801757812,176.8717498779297,0.5560410618782043,-1,-1,-1
567,-1,62.14936065673828,5.245678424835205,155.1308135986328,175.80288696289062,0.6562682390213013,-1,-1,-1
568,-1,63.211856842041016,7.570372104644775,157.981201171875,175.34059143066406,0.6491521000862122,-1,-1,-1
569,-1,63.90193176269531,3.980536699295044,150.7964630126953,173.78939819335938,0.6929064393043518,-1,-1,-1
570,-1,59.4855842590332,8.129377365112305,152.388671875,177.3937530517578,0.6370604634284973,-1,-1,-1
571,-1,58.67241287231445,10.271007537841797,152.6771240234375,175.86032104492188,0.6035287380218506,-1,-1,-1
584,-1,76.1861572265625,16.57040023803711,150.72930908203125,175.49282836914062,0.6707399487495422,-1,-1,-1
597,-1,71.4339599609375,21.403244018554688,143.59878540039062,167.53077697753906,0.7725069522857666,-1,-1,-1
598,-1,59.77793884277344,26.264406204223633,156.51686096191406,167.7604522705078,0.6851446628570557,-1,-1,-1
599,-1,61.623069763183594,24.61268424987793,154.98448181152344,166.63204956054688,0.502194881439209,-1,-1,-1
601,-1,55.89790344238281,33.434078216552734,151.93089294433594,161.94488525390625,0.5691249966621399,-1,-1,-1
602,-1,58.76118469238281,28.686031341552734,151.27169799804688,159.95335388183594,0.7000195980072021,-1,-1,-1
603,-1,62.72010803222656,41.29235076904297,125.70136260986328,159.18060302734375,0.5557494163513184,-1,-1,-1
606,-1,73.42747497558594,94.4252700805664,118.04615783691406,158.0006866455078,0.5757701396942139,-1,-1,-1
609,-1,71.94035339355469,43.902130126953125,115.00191497802734,158.7542724609375,0.6795914173126221,-1,-1,-1
613,-1,79.56303405761719,25.96561050415039,123.78202819824219,157.12533569335938,0.6218331456184387,-1,-1,-1
615,-1,74.99578857421875,19.360509872436523,147.6188201904297,157.75775146484375,0.7194183468818665,-1,-1,-1
721,-1,17.371170043945312,104.9571533203125,73.58546447753906,224.33961486816406,0.7107526063919067,-1,-1,-1
722,-1,24.94198226928711,103.32923889160156,84.50211334228516,195.02647399902344,0.6465140581130981,-1,-1,-1
726,-1,43.37897872924805,103.0160903930664,131.53001403808594,194.4866180419922,0.9745948314666748,-1,-1,-1
727,-1,45.92153549194336,99.5879898071289,135.489013671875,191.75999450683594,0.8365054130554199,-1,-1,-1
728,-1,54.60637664794922,104.03911590576172,154.40899658203125,187.2052001953125,0.6837821006774902,-1,-1,-1
729,-1,61.17058181762695,94.1918716430664,118.43883514404297,187.11801147460938,0.9117061495780945,-1,-1,-1
730,-1,66.74622344970703,96.99346923828125,122.505859375,183.7764434814453,0.9663665294647217,-1,-1,-1
731,-1,70.3382568359375,94.17887115478516,130.96868896484375,187.00604248046875,0.9810694456100464,-1,-1,-1
732,-1,76.43975830078125,94.09916687011719,132.25949096679688,184.36508178710938,0.9433022141456604,-1,-1,-1
733,-1,84.31001281738281,91.31388854980469,143.93362426757812,185.24371337890625,0.9276880621910095,-1,-1,-1
735,-1,92.81470489501953,93.15833282470703,149.15574645996094,182.564697265625,0.6868254542350769,-1,-1,-1
736,-1,98.61570739746094,89.07050323486328,153.4562530517578,182.66758728027344,0.9866135716438293,-1,-1,-1
736,-1,91.74711608886719,163.99581909179688,166.2139892578125,237.50140380859375,0.6082683801651001,-1,-1,-1
737,-1,100.85758209228516,86.76457977294922,159.09384155273438,184.63571166992188,0.9947408437728882,-1,-1,-1
737,-1,100.19956970214844,180.58580017089844,180.40687561035156,239.6660919189453,0.7294420003890991,-1,-1,-1
738,-1,101.44221496582031,87.78470611572266,164.7327423095703,184.76153564453125,0.9671635031700134,-1,-1,-1
739,-1,110.30590057373047,85.94346618652344,170.27041625976562,186.1194610595703,0.9968920946121216,-1,-1,-1
740,-1,113.87897491455078,79.99828338623047,166.83982849121094,178.2830352783203,0.9880712032318115,-1,-1,-1
741,-1,117.39655303955078,79.2236099243164,167.507080078125,177.4111785888672,0.9800751805305481,-1,-1,-1
742,-1,119.73347473144531,80.83474731445312,169.3588409423828,169.02992248535156,0.9538120627403259,-1,-1,-1
743,-1,122.95670318603516,81.90635681152344,178.11614990234375,193.26824951171875,0.9383144378662109,-1,-1,-1
744,-1,126.55755615234375,77.02005004882812,177.59701538085938,172.25076293945312,0.9297143816947937,-1,-1,-1
746,-1,132.4829559326172,75.35661315917969,181.8622589111328,174.7806854248047,0.8199241757392883,-1,-1,-1
747,-1,137.51608276367188,71.59963989257812,186.6909942626953,158.88833618164062,0.9467547535896301,-1,-1,-1
748,-1,139.9923858642578,73.11849975585938,190.91867065429688,157.5586700439453,0.9692972302436829,-1,-1,-1
749,-1,143.00050354003906,72.48257446289062,193.35777282714844,159.06568908691406,0.9784330725669861,-1,-1,-1
750,-1,146.02020263671875,68.73091125488281,202.92337036132812,178.748291015625,0.9916749596595764,-1,-1,-1
751,-1,149.0159454345703,70.62417602539062,204.46963500976562,157.83273315429688,0.9960321187973022,-1,-1,-1
752,-1,155.23825073242188,71.87552642822266,208.55752563476562,154.7652130126953,0.9689630270004272,-1,-1,-1
753,-1,159.73056030273438,75.13829803466797,227.4957275390625,155.97366333007812,0.9687343835830688,-1,-1,-1
754,-1,167.83407592773438,77.56182861328125,236.0906219482422,154.49920654296875,0.9070501923561096,-1,-1,-1
755,-1,168.829345703125,76.2274169921875,234.38087463378906,149.27932739257812,0.9410855174064636,-1,-1,-1
756,-1,172.5015411376953,71.5509262084961,234.82852172851562,157.73448181152344,0.8992477059364319,-1,-1,-1
757,-1,175.2656707763672,69.72449493408203,233.0018768310547,156.43885803222656,0.9589309692382812,-1,-1,-1
758,-1,175.85800170898438,68.53022766113281,235.40310668945312,154.73524475097656,0.9259065389633179,-1,-1,-1
759,-1,187.42156982421875,69.9193344116211,237.1233367919922,149.91546630859375,0.9208053350448608,-1,-1,-1
760,-1,187.21612548828125,69.82190704345703,240.86111450195312,151.0816192626953,0.913433849811554,-1,-1,-1
761,-1,188.0282745361328,65.57546997070312,241.0934600830078,144.32786560058594,0.9358474016189575,-1,-1,-1
764,-1,202.88804626464844,62.7581901550293,252.93601989746094,143.5918731689453,0.6619215607643127,-1,-1,-1
765,-1,202.02293395996094,60.77755355834961,252.5335693359375,142.50050354003906,0.5045015811920166,-1,-1,-1
767,-1,205.68128967285156,61.32597732543945,253.08616638183594,141.490478515625,0.8237802982330322,-1,-1,-1
768,-1,204.42959594726562,59.88332748413086,253.8801727294922,144.0428466796875,0.6837042570114136,-1,-1,-1
777,-1,216.93833923339844,64.03401184082031,298.3314208984375,133.3006591796875,0.5355011820793152,-1,-1,-1
780,-1,225.4957733154297,63.14327621459961,297.5104064941406,133.33999633789062,0.6193326115608215,-1,-1,-1
781,-1,234.91900634765625,64.61859893798828,290.98956298828125,138.64816284179688,0.6232977509498596,-1,-1,-1
782,-1,235.20669555664062,64.77914428710938,292.9897766113281,138.7877655029297,0.8397647142410278,-1,-1,-1
783,-1,235.5975341796875,64.17981719970703,293.2806091308594,139.33558654785156,0.8534744381904602,-1,-1,-1
785,-1,238.29214477539062,67.8039779663086,294.267578125,137.84022521972656,0.7373530268669128,-1,-1,-1
786,-1,238.7663116455078,68.13298034667969,294.14129638671875,137.8012237548828,0.8212798833847046,-1,-1,-1
787,-1,230.66632080078125,68.40560150146484,299.72210693359375,137.66847229003906,0.7341210246086121,-1,-1,-1
788,-1,249.4581756591797,66.21910858154297,298.25091552734375,137.50616455078125,0.8870200514793396,-1,-1,-1
789,-1,253.47164916992188,66.38481140136719,298.8286437988281,136.109375,0.7811952233314514,-1,-1,-1
790,-1,254.80865478515625,66.72053527832031,300.13946533203125,135.20584106445312,0.8474180102348328,-1,-1,-1
791,-1,255.30052185058594,65.68331146240234,301.2823486328125,134.4373016357422,0.7779541015625,-1,-1,-1
792,-1,258.93597412109375,65.18711853027344,300.8585510253906,136.7939910888672,0.9144710898399353,-1,-1,-1
793,-1,260.7247619628906,65.27962493896484,301.1227111816406,133.33595275878906,0.8702825903892517,-1,-1,-1
794,-1,268.07269287109375,64.325927734375,309.2703552246094,131.8423614501953,0.8757789731025696,-1,-1,-1
795,-1,270.1910400390625,62.41203689575195,311.57855224609375,135.1019744873047,0.8377953171730042,-1,-1,-1
796,-1,272.570068359375,62.28372573852539,312.629150390625,136.01942443847656,0.7367010712623596,-1,-1,-1
797,-1,236.1280059814453,61.33531951904297,287.58660888671875,143.95123291015625,0.8571463227272034,-1,-1,-1
811,-1,36.52787780761719,18.530555725097656,58.00565719604492,78.64978790283203,0.610175371170044,-1,-1,-1
812,-1,36.55569839477539,18.52688217163086,57.90631866455078,78.64685821533203,0.6081492900848389,-1,-1,-1
813,-1,35.968528747558594,18.77825164794922,57.149600982666016,78.35738372802734,0.7772476673126221,-1,-1,-1
814,-1,34.0987663269043,19.39077377319336,55.704837799072266,77.99227142333984,0.5566495060920715,-1,-1,-1
818,-1,31.737899780273438,21.69377899169922,56.792266845703125,78.46029663085938,0.5659511089324951,-1,-1,-1
819,-1,31.361257553100586,21.85778045654297,56.689781188964844,78.89554595947266,0.5509140491485596,-1,-1,-1
820,-1,30.765281677246094,21.60431480407715,56.672142028808594,79.13741302490234,0.6708002686500549,-1,-1,-1
821,-1,30.978893280029297,21.0089111328125,56.58264923095703,78.51615905761719,0.7093241810798645,-1,-1,-1
862,-1,185.90432739257812,143.40951538085938,277.72271728515625,242.71502685546875,0.54427570104599,-1,-1,-1
863,-1,184.81666564941406,138.39158630371094,276.39935302734375,240.22996520996094,0.9173386693000793,-1,-1,-1
864,-1,185.87738037109375,140.8587646484375,278.36865234375,239.13560485839844,0.8858276009559631,-1,-1,-1
865,-1,184.81065368652344,140.20138549804688,278.45379638671875,238.2704315185547,0.906980574131012,-1,-1,-1
866,-1,184.63775634765625,142.73861694335938,282.4118957519531,235.83226013183594,0.764636218547821,-1,-1,-1
867,-1,185.68052673339844,145.3101348876953,283.04376220703125,236.53282165527344,0.5482529401779175,-1,-1,-1
870,-1,191.34275817871094,149.06394958496094,287.5257568359375,234.8052978515625,0.5447663068771362,-1,-1,-1
871,-1,191.06735229492188,148.68121337890625,289.3663330078125,235.47959899902344,0.7880327701568604,-1,-1,-1
872,-1,206.0484619140625,146.6600799560547,299.73394775390625,233.52664184570312,0.5030689239501953,-1,-1,-1
875,-1,201.41648864746094,145.32467651367188,306.19830322265625,235.6518096923828,0.8511870503425598,-1,-1,-1
877,-1,191.3760528564453,135.9686737060547,317.6062316894531,241.6922149658203,0.6289569139480591,-1,-1,-1
878,-1,196.02415466308594,134.83425903320312,319.4645080566406,243.8184051513672,0.5864521265029907,-1,-1,-1
879,-1,209.40298461914062,145.63392639160156,317.2922058105469,234.28367614746094,0.6553160548210144,-1,-1,-1
881,-1,201.81948852539062,134.09649658203125,323.0078430175781,245.2694549560547,0.7749241590499878,-1,-1,-1
882,-1,229.82688903808594,140.0778350830078,320.7818908691406,235.23959350585938,0.6194648742675781,-1,-1,-1
883,-1,232.86074829101562,134.86264038085938,320.9030456542969,237.7082977294922,0.7965620160102844,-1,-1,-1
884,-1,238.54713439941406,133.0436248779297,320.89532470703125,239.4621124267578,0.704713761806488,-1,-1,-1
885,-1,241.9927978515625,133.1675567626953,320.6666564941406,238.0835723876953,0.8037366271018982,-1,-1,-1
886,-1,243.73487854003906,132.30067443847656,321.3067321777344,239.26243591308594,0.8238450288772583,-1,-1,-1
887,-1,242.70059204101562,123.99755096435547,319.6676330566406,230.54940795898438,0.8871458768844604,-1,-1,-1
888,-1,242.40121459960938,122.11393737792969,320.1961975097656,229.64031982421875,0.8974430561065674,-1,-1,-1
889,-1,243.25747680664062,103.4718017578125,320.3680114746094,241.26669311523438,0.8865684866905212,-1,-1,-1
890,-1,244.8293914794922,102.97147369384766,320.5802917480469,240.92364501953125,0.9470506906509399,-1,-1,-1
891,-1,248.61061096191406,102.63087463378906,320.4228210449219,241.1705322265625,0.9444926381111145,-1,-1,-1
892,-1,261.79913330078125,115.33634185791016,319.1374816894531,237.2255859375,0.9716189503669739,-1,-1,-1
893,-1,261.6889343261719,113.72687530517578,318.65277099609375,237.5386199951172,0.9840307235717773,-1,-1,-1
894,-1,264.0420227050781,113.41146850585938,318.2357482910156,236.99319458007812,0.9700945615768433,-1,-1,-1
895,-1,265.05743408203125,115.5804672241211,318.18292236328125,236.7633819580078,0.9705737233161926,-1,-1,-1
896,-1,265.8216247558594,113.71147918701172,318.51397705078125,237.3741912841797,0.9846934080123901,-1,-1,-1
897,-1,266.869384765625,112.75377655029297,318.3624267578125,237.94503784179688,0.9800247550010681,-1,-1,-1
898,-1,268.5940246582031,110.29484558105469,318.13739013671875,240.55320739746094,0.9382782578468323,-1,-1,-1
899,-1,269.1875,113.57660675048828,318.2723693847656,237.38192749023438,0.9669464230537415,-1,-1,-1
900,-1,269.99462890625,115.95221710205078,317.59844970703125,235.7419891357422,0.9414585828781128,-1,-1,-1
901,-1,269.60589599609375,116.6471939086914,318.0154113769531,235.57528686523438,0.9272164106369019,-1,-1,-1
902,-1,269.03790283203125,113.20486450195312,318.6357421875,238.53366088867188,0.9182999730110168,-1,-1,-1
903,-1,268.8620300292969,109.5964584350586,318.9081115722656,242.02308654785156,0.884800136089325,-1,-1,-1
904,-1,269.0277404785156,113.200439453125,318.8042907714844,239.0375213623047,0.8882409930229187,-1,-1,-1
905,-1,268.16021728515625,113.78620147705078,319.4703063964844,238.23355102539062,0.7582141757011414,-1,-1,-1
906,-1,267.0623474121094,119.28656005859375,320.265625,233.3874053955078,0.5633504986763,-1,-1,-1
907,-1,268.3679504394531,116.7958755493164,318.7728271484375,233.40359497070312,0.7139041423797607,-1,-1,-1
908,-1,267.2948913574219,114.3077621459961,318.5147399902344,237.57591247558594,0.590287446975708,-1,-1,-1
930,-1,48.21046829223633,99.10374450683594,129.1088409423828,182.8746795654297,0.6373050212860107,-1,-1,-1
935,-1,91.07097625732422,77.25831604003906,147.5001678466797,176.93434143066406,0.7245672345161438,-1,-1,-1
936,-1,97.90760040283203,78.23886108398438,153.36810302734375,173.56187438964844,0.9116240739822388,-1,-1,-1
937,-1,101.9258804321289,77.99610137939453,155.94845581054688,172.26983642578125,0.9543091058731079,-1,-1,-1
938,-1,102.71536254882812,82.66702270507812,171.43524169921875,158.47328186035156,0.8280983567237854,-1,-1,-1
939,-1,106.57194519042969,75.75965118408203,174.44480895996094,158.9211883544922,0.5938637852668762,-1,-1,-1
940,-1,116.21031188964844,72.87236785888672,170.8073272705078,159.68092346191406,0.6834331750869751,-1,-1,-1
961,-1,213.0050506591797,68.86497497558594,292.111328125,138.27621459960938,0.7577427625656128,-1,-1,-1
963,-1,218.79931640625,67.45911407470703,293.59326171875,138.11749267578125,0.5179089903831482,-1,-1,-1
964,-1,223.9812469482422,67.50521087646484,294.2250671386719,137.47116088867188,0.6987155675888062,-1,-1,-1
965,-1,233.30178833007812,66.31574249267578,289.855224609375,160.59890747070312,0.6257686614990234,-1,-1,-1
966,-1,233.343017578125,65.51793670654297,290.0292663574219,137.59507751464844,0.7517845630645752,-1,-1,-1
967,-1,233.36656188964844,65.33639526367188,291.754638671875,140.26718139648438,0.7445998191833496,-1,-1,-1
968,-1,231.72467041015625,63.88119125366211,293.26416015625,142.43511962890625,0.7498960494995117,-1,-1,-1
970,-1,234.19015502929688,66.86454772949219,297.8164978027344,160.4330596923828,0.6254050135612488,-1,-1,-1
971,-1,234.51499938964844,63.92265701293945,295.98583984375,140.67977905273438,0.6525453925132751,-1,-1,-1
1008,-1,138.69454956054688,78.02154541015625,188.78907775878906,174.14666748046875,0.9408403635025024,-1,-1,-1
1009,-1,143.2571563720703,77.55054473876953,194.9425048828125,169.6038360595703,0.7634667754173279,-1,-1,-1
1010,-1,152.42214965820312,72.95674133300781,200.55215454101562,162.91102600097656,0.632134735584259,-1,-1,-1
1011,-1,161.7156219482422,71.99192810058594,214.2045440673828,160.0161590576172,0.8665592074394226,-1,-1,-1
1015,-1,188.97821044921875,69.48474884033203,241.49380493164062,152.22084045410156,0.8272932767868042,-1,-1,-1
1016,-1,193.9517364501953,62.07231140136719,240.37716674804688,148.9221649169922,0.8578897714614868,-1,-1,-1
1017,-1,202.68429565429688,60.929473876953125,245.98863220214844,148.4832763671875,0.8654600381851196,-1,-1,-1
1018,-1,210.97975158691406,58.887916564941406,248.23712158203125,149.8971710205078,0.5045817494392395,-1,-1,-1
1023,-1,240.77609252929688,58.864322662353516,287.0802917480469,142.63198852539062,0.6140180826187134,-1,-1,-1
1024,-1,239.32843017578125,63.44548034667969,292.4506530761719,143.55995178222656,0.8519414067268372,-1,-1,-1
1025,-1,239.1790771484375,64.611328125,296.5060119628906,141.55470275878906,0.7531605362892151,-1,-1,-1
1026,-1,253.81361389160156,65.39459228515625,298.497802734375,137.3623504638672,0.9204168915748596,-1,-1,-1
1026,-1,33.22929000854492,139.79661560058594,187.06072998046875,240.98385620117188,0.8128744959831238,-1,-1,-1
1026,-1,30.326702117919922,44.740230560302734,76.15882110595703,182.56106567382812,0.5422253608703613,-1,-1,-1
1027,-1,34.24392318725586,139.0666961669922,186.87481689453125,241.2541046142578,0.9046297073364258,-1,-1,-1
1027,-1,258.4092102050781,64.96772003173828,299.9766845703125,134.74229431152344,0.794207751750946,-1,-1,-1
1027,-1,30.78475570678711,45.64823913574219,72.71711730957031,181.9933624267578,0.5762427449226379,-1,-1,-1
1028,-1,42.721656799316406,140.97039794921875,181.79400634765625,239.79632568359375,0.7399223446846008,-1,-1,-1
1028,-1,31.057533264160156,45.36278533935547,72.79934692382812,184.90968322753906,0.7022839188575745,-1,-1,-1
1029,-1,32.0544319152832,42.28650665283203,72.32361602783203,185.31109619140625,0.7039905190467834,-1,-1,-1
1029,-1,49.93070602416992,140.1215057373047,183.91371154785156,241.24609375,0.5796757936477661,-1,-1,-1
1030,-1,59.269569396972656,135.84414672851562,201.58058166503906,239.39454650878906,0.7360706925392151,-1,-1,-1
1031,-1,60.974884033203125,130.78179931640625,202.70266723632812,240.5738067626953,0.9280168414115906,-1,-1,-1
1035,-1,105.51173400878906,110.30231475830078,209.6524200439453,233.81849670410156,0.8634668588638306,-1,-1,-1
1037,-1,39.697872161865234,52.06111526489258,77.60319519042969,173.12644958496094,0.7375956773757935,-1,-1,-1
1038,-1,96.38207244873047,111.15988159179688,222.3249053955078,236.702392578125,0.6455531120300293,-1,-1,-1
1038,-1,38.28585433959961,52.029476165771484,77.59083557128906,173.26626586914062,0.5551878809928894,-1,-1,-1
1039,-1,104.09691619873047,110.42365264892578,224.92347717285156,238.81387329101562,0.6580334901809692,-1,-1,-1
1039,-1,37.48921203613281,49.478641510009766,79.130615234375,178.21072387695312,0.5850704312324524,-1,-1,-1
1040,-1,37.24601745605469,45.92041778564453,93.32357788085938,177.35755920410156,0.8899625539779663,-1,-1,-1
1041,-1,123.9864273071289,107.74917602539062,229.27207946777344,241.12046813964844,0.9389550685882568,-1,-1,-1
1041,-1,33.416603088378906,46.37686538696289,96.4084701538086,178.03872680664062,0.5553295016288757,-1,-1,-1
1042,-1,124.17938232421875,107.51908874511719,229.03689575195312,239.75152587890625,0.9715030789375305,-1,-1,-1
1042,-1,32.77003860473633,46.93543243408203,97.2276611328125,176.83213806152344,0.668359100818634,-1,-1,-1
1043,-1,125.09375762939453,107.08345031738281,228.7519989013672,241.00694274902344,0.9573777914047241,-1,-1,-1
1044,-1,124.84019470214844,107.32091522216797,231.76443481445312,241.45718383789062,0.9634716510772705,-1,-1,-1
1045,-1,125.0693130493164,108.72625732421875,233.6376953125,239.93309020996094,0.9491398334503174,-1,-1,-1
1046,-1,124.4632568359375,108.50067138671875,235.18423461914062,241.0448455810547,0.9598287343978882,-1,-1,-1
1047,-1,124.63313293457031,110.81652069091797,235.2381134033203,239.58468627929688,0.7389283776283264,-1,-1,-1
1048,-1,125.34031677246094,112.87704467773438,232.16256713867188,239.31837463378906,0.5536661148071289,-1,-1,-1
1049,-1,121.81025695800781,115.47297668457031,232.65432739257812,240.796875,0.7818036675453186,-1,-1,-1
1050,-1,123.59581756591797,117.89818572998047,233.5218505859375,237.8994903564453,0.6671643853187561,-1,-1,-1
1053,-1,119.85015869140625,128.77392578125,235.37344360351562,240.26516723632812,0.5423529744148254,-1,-1,-1
1054,-1,120.80249786376953,133.84254455566406,216.08120727539062,235.59005737304688,0.5690849423408508,-1,-1,-1
1055,-1,113.59736633300781,141.80027770996094,213.6564483642578,234.78663635253906,0.9175733327865601,-1,-1,-1
1056,-1,112.06910705566406,145.84324645996094,207.64772033691406,235.8445281982422,0.9214736819267273,-1,-1,-1
1056,-1,12.961112022399902,42.929847717285156,72.7101058959961,158.6681365966797,0.7922938466072083,-1,-1,-1
1057,-1,112.87494659423828,145.742919921875,204.8873748779297,236.2339630126953,0.815085768699646,-1,-1,-1
1057,-1,5.015869140625,46.93424987792969,79.6905288696289,152.03756713867188,0.7411547303199768,-1,-1,-1
1058,-1,109.4654769897461,153.86166381835938,202.12777709960938,234.0931396484375,0.8251705169677734,-1,-1,-1
1058,-1,5.146856784820557,49.607547760009766,82.87250518798828,149.78041076660156,0.7901470065116882,-1,-1,-1
1059,-1,104.37989807128906,160.54904174804688,201.4713897705078,234.69265747070312,0.8226289749145508,-1,-1,-1
1060,-1,94.25988006591797,168.20172119140625,186.7043914794922,237.15853881835938,0.9346051812171936,-1,-1,-1
1061,-1,91.99835968017578,172.34909057617188,176.96249389648438,235.47650146484375,0.6610139608383179,-1,-1,-1
1359,-1,19.774986267089844,54.973167419433594,73.55476379394531,177.06130981445312,0.8002763986587524,-1,-1,-1
1360,-1,18.340042114257812,54.109439849853516,73.23844909667969,177.90504455566406,0.5410770177841187,-1,-1,-1
1397,-1,155.70306396484375,60.803977966308594,205.3036651611328,165.09877014160156,0.6460456252098083,-1,-1,-1
1398,-1,153.84263610839844,58.12630081176758,209.64852905273438,148.21038818359375,0.7591525316238403,-1,-1,-1
1399,-1,161.82762145996094,56.48492431640625,216.83328247070312,147.09083557128906,0.8172459602355957,-1,-1,-1
1400,-1,160.07505798339844,55.63348388671875,239.0831298828125,145.56613159179688,0.8169059157371521,-1,-1,-1
1401,-1,163.32113647460938,54.95664596557617,242.36239624023438,146.5546417236328,0.9305883646011353,-1,-1,-1
1402,-1,169.32266235351562,53.5681037902832,244.71841430664062,148.9865264892578,0.8573585152626038,-1,-1,-1
1403,-1,172.90097045898438,61.065216064453125,233.0352783203125,144.09271240234375,0.6184437274932861,-1,-1,-1
1405,-1,187.35546875,58.57858657836914,245.98248291015625,146.4245147705078,0.9094154238700867,-1,-1,-1
1406,-1,190.2299346923828,60.78581619262695,248.87484741210938,145.4665069580078,0.7215152978897095,-1,-1,-1
1406,-1,189.39291381835938,68.7109146118164,248.23121643066406,155.58702087402344,0.5459676384925842,-1,-1,-1
1412,-1,213.2791290283203,57.43635177612305,291.34136962890625,133.98794555664062,0.6056187748908997,-1,-1,-1
1413,-1,230.28395080566406,53.926239013671875,276.4197998046875,127.05635833740234,0.5492936372756958,-1,-1,-1
1416,-1,236.14749145507812,57.70582962036133,290.9102783203125,141.87890625,0.7065396904945374,-1,-1,-1
1417,-1,238.02700805664062,56.51087951660156,290.6051330566406,142.40016174316406,0.7892417907714844,-1,-1,-1
1418,-1,238.96145629882812,59.16669464111328,291.9516296386719,140.53955078125,0.5938625335693359,-1,-1,-1
1420,-1,240.96408081054688,60.57709503173828,294.66925048828125,139.82044982910156,0.5999573469161987,-1,-1,-1
1421,-1,249.9784698486328,61.32198715209961,297.78472900390625,137.7480926513672,0.5335850715637207,-1,-1,-1
1424,-1,252.13792419433594,76.38693237304688,297.1494140625,146.00245666503906,0.5202417373657227,-1,-1,-1
1426,-1,258.1385192871094,69.35616302490234,300.20068359375,135.65036010742188,0.6301736831665039,-1,-1,-1
