1,-1,206.28021240234375,48.24441146850586,233.3326873779297,76.04351806640625,0.6830650568008423,-1,-1,-1
1,-1,173.33885192871094,51.94022750854492,201.67446899414062,101.2715835571289,0.5542536377906799,-1,-1,-1
2,-1,206.2779541015625,48.223236083984375,233.32672119140625,76.15457153320312,0.691824197769165,-1,-1,-1
2,-1,173.1627655029297,51.708839416503906,201.5509033203125,101.62250518798828,0.5511667728424072,-1,-1,-1
3,-1,173.48281860351562,52.6096076965332,200.64242553710938,101.57221221923828,0.7101924419403076,-1,-1,-1
3,-1,206.01687622070312,48.57952880859375,233.3306884765625,75.32894897460938,0.6196306347846985,-1,-1,-1
4,-1,205.88827514648438,49.4256706237793,242.8191375732422,77.64572143554688,0.6501714587211609,-1,-1,-1
5,-1,205.88682556152344,49.47209167480469,242.7827606201172,77.61296844482422,0.6524888277053833,-1,-1,-1
6,-1,205.9778594970703,49.104156494140625,232.59909057617188,74.421142578125,0.7073148488998413,-1,-1,-1
6,-1,173.8229217529297,53.20443344116211,200.38775634765625,102.65432739257812,0.5420068502426147,-1,-1,-1
7,-1,205.5201416015625,50.039390563964844,243.2011260986328,77.61258697509766,0.5331541895866394,-1,-1,-1
8,-1,206.68458557128906,48.836177825927734,232.6795196533203,74.59998321533203,0.5029107928276062,-1,-1,-1
9,-1,165.26710510253906,51.801212310791016,199.80435180664062,73.62812042236328,0.6572374701499939,-1,-1,-1
9,-1,204.9931640625,50.712467193603516,233.24461364746094,74.64527130126953,0.5562329292297363,-1,-1,-1
10,-1,204.9317626953125,49.99971389770508,232.3408203125,74.43266296386719,0.6506617665290833,-1,-1,-1
10,-1,165.55006408691406,52.03716278076172,199.693115234375,73.3263931274414,0.5978264808654785,-1,-1,-1
11,-1,204.99855041503906,50.120121002197266,232.26199340820312,74.14229583740234,0.5814163684844971,-1,-1,-1
11,-1,165.53662109375,52.089046478271484,199.6614227294922,73.28298950195312,0.5690616965293884,-1,-1,-1
12,-1,204.33352661132812,49.88654327392578,232.76963806152344,74.78045654296875,0.9360316395759583,-1,-1,-1
12,-1,165.30718994140625,52.21144485473633,199.70018005371094,73.80915832519531,0.5184194445610046,-1,-1,-1
12,-1,224.91360473632812,35.78377151489258,247.457763671875,59.570194244384766,0.512715756893158,-1,-1,-1
13,-1,204.21847534179688,50.22557067871094,231.92898559570312,75.45088195800781,0.9327288269996643,-1,-1,-1
13,-1,172.00936889648438,51.97035598754883,200.59292602539062,73.82801055908203,0.5983878970146179,-1,-1,-1
13,-1,224.79635620117188,36.15308380126953,247.2755126953125,59.43838119506836,0.5667141675949097,-1,-1,-1
14,-1,204.56546020507812,50.50685119628906,231.39479064941406,75.12342834472656,0.8197774887084961,-1,-1,-1
14,-1,172.2679443359375,51.889076232910156,200.40235900878906,73.42298126220703,0.7486138343811035,-1,-1,-1
15,-1,202.03900146484375,51.85227584838867,236.67433166503906,79.25286102294922,0.7040450572967529,-1,-1,-1
15,-1,171.9137725830078,51.776248931884766,200.94363403320312,73.30520629882812,0.6897311210632324,-1,-1,-1
15,-1,268.82183837890625,22.584081649780273,283.8209228515625,34.6162109375,0.6074990630149841,-1,-1,-1
16,-1,268.71234130859375,22.85758399963379,283.73089599609375,35.005455017089844,0.7564908862113953,-1,-1,-1
16,-1,201.12596130371094,52.81340408325195,235.96275329589844,80.12400817871094,0.6483682990074158,-1,-1,-1
16,-1,171.12181091308594,52.0291633605957,200.84759521484375,73.41850280761719,0.5614159107208252,-1,-1,-1
17,-1,268.7772521972656,22.795387268066406,283.7220458984375,34.98318862915039,0.761394202709198,-1,-1,-1
17,-1,201.14244079589844,52.82670211791992,235.96214294433594,80.07648468017578,0.6220098733901978,-1,-1,-1
17,-1,171.08828735351562,52.04257583618164,200.92947387695312,73.45375061035156,0.5718841552734375,-1,-1,-1
18,-1,268.5967712402344,23.037538528442383,283.6141052246094,34.978057861328125,0.8252987265586853,-1,-1,-1
18,-1,170.9376678466797,51.704524993896484,200.73037719726562,73.8648910522461,0.5167552828788757,-1,-1,-1
19,-1,268.23394775390625,22.852611541748047,283.3706970214844,35.0700798034668,0.8270023465156555,-1,-1,-1
19,-1,171.26901245117188,51.81314468383789,200.5958709716797,73.6767807006836,0.6498712301254272,-1,-1,-1
20,-1,268.4193115234375,22.642135620117188,283.4836120605469,35.48884201049805,0.7960568070411682,-1,-1,-1
20,-1,171.16400146484375,52.1253547668457,200.91500854492188,73.37042999267578,0.7027888298034668,-1,-1,-1
20,-1,198.1838836669922,50.39500045776367,228.78770446777344,74.90648651123047,0.6079978346824646,-1,-1,-1
20,-1,167.88784790039062,58.685245513916016,179.7968292236328,90.20751190185547,0.5051961541175842,-1,-1,-1
21,-1,268.2355651855469,23.06871795654297,283.3120422363281,35.315704345703125,0.8207962512969971,-1,-1,-1
21,-1,166.24586486816406,51.6314582824707,199.1299285888672,73.91670989990234,0.707998514175415,-1,-1,-1
21,-1,171.23663330078125,79.93106842041016,179.00775146484375,90.1383056640625,0.595755398273468,-1,-1,-1
22,-1,267.8367004394531,23.038219451904297,282.97943115234375,35.586177825927734,0.7479089498519897,-1,-1,-1
22,-1,165.7952880859375,52.03954315185547,199.58509826660156,73.61382293701172,0.729672908782959,-1,-1,-1
22,-1,171.9856414794922,80.46725463867188,178.10865783691406,89.96456909179688,0.580824077129364,-1,-1,-1
23,-1,267.80560302734375,23.002859115600586,282.90997314453125,35.57768630981445,0.7405208349227905,-1,-1,-1
23,-1,165.83326721191406,52.029170989990234,199.55091857910156,73.615966796875,0.7231752872467041,-1,-1,-1
23,-1,171.981201171875,80.44577026367188,178.10423278808594,89.96389770507812,0.5784907341003418,-1,-1,-1
24,-1,267.3959045410156,23.099687576293945,282.4414367675781,35.43048095703125,0.7425509095191956,-1,-1,-1
24,-1,166.3091278076172,52.04918670654297,199.2475128173828,73.74739074707031,0.7385566830635071,-1,-1,-1
25,-1,267.13690185546875,23.922771453857422,281.14794921875,34.612125396728516,0.8655381798744202,-1,-1,-1
26,-1,266.97857666015625,24.462678909301758,280.7247619628906,34.94092559814453,0.8662213087081909,-1,-1,-1
27,-1,198.38255310058594,50.22488784790039,228.29254150390625,75.79512023925781,0.9092761278152466,-1,-1,-1
27,-1,266.78546142578125,24.659683227539062,280.4422302246094,35.206825256347656,0.816336989402771,-1,-1,-1
28,-1,266.10882568359375,23.939361572265625,280.705322265625,36.68687057495117,0.9070422649383545,-1,-1,-1
28,-1,198.7871551513672,50.117340087890625,227.42616271972656,74.09976196289062,0.5810872316360474,-1,-1,-1
29,-1,266.12652587890625,23.921260833740234,280.69354248046875,36.680118560791016,0.9036422371864319,-1,-1,-1
29,-1,198.6972198486328,50.19746780395508,227.45236206054688,73.77361297607422,0.5224311351776123,-1,-1,-1
30,-1,265.6006774902344,23.98563003540039,280.5243225097656,36.56108093261719,0.9009345769882202,-1,-1,-1
31,-1,265.43780517578125,23.773193359375,280.5439453125,36.73838806152344,0.9337478876113892,-1,-1,-1
32,-1,264.8636779785156,24.027427673339844,280.33123779296875,36.58476638793945,0.9405404329299927,-1,-1,-1
32,-1,166.33164978027344,52.029052734375,198.36953735351562,73.79579162597656,0.6362574696540833,-1,-1,-1
33,-1,264.72705078125,23.936649322509766,280.3929443359375,36.590023040771484,0.9206868410110474,-1,-1,-1
33,-1,198.65725708007812,50.677101135253906,225.74331665039062,74.05477142333984,0.5287325978279114,-1,-1,-1
33,-1,163.29454040527344,50.881439208984375,201.41053771972656,77.37649536132812,0.5259162187576294,-1,-1,-1
34,-1,264.537109375,24.075857162475586,279.9586181640625,36.739688873291016,0.9534713625907898,-1,-1,-1
34,-1,198.28799438476562,52.822547912597656,226.10882568359375,80.53595733642578,0.6444510221481323,-1,-1,-1
35,-1,264.5153503417969,24.064659118652344,279.96612548828125,36.72690963745117,0.9531213641166687,-1,-1,-1
35,-1,198.28346252441406,52.84059524536133,226.14601135253906,80.48017883300781,0.6437594890594482,-1,-1,-1
36,-1,264.41265869140625,24.25545310974121,279.8682861328125,36.75303649902344,0.9647045731544495,-1,-1,-1
36,-1,198.04583740234375,52.402095794677734,226.32760620117188,79.89251708984375,0.538668692111969,-1,-1,-1
37,-1,263.95574951171875,24.524072647094727,279.6874694824219,37.1986198425293,0.946704626083374,-1,-1,-1
38,-1,264.3852844238281,24.747051239013672,280.1944274902344,36.98115921020508,0.9092839360237122,-1,-1,-1
39,-1,263.805908203125,24.710206985473633,279.53961181640625,36.753883361816406,0.9240569472312927,-1,-1,-1
39,-1,197.5131378173828,53.766475677490234,225.30723571777344,78.49830627441406,0.6226037740707397,-1,-1,-1
40,-1,263.78863525390625,24.687786102294922,279.4219665527344,37.067832946777344,0.9363675117492676,-1,-1,-1
40,-1,197.809326171875,50.878448486328125,224.3699493408203,74.0451431274414,0.5351997017860413,-1,-1,-1
41,-1,263.7854309082031,24.669841766357422,279.42205810546875,37.06492233276367,0.9361096620559692,-1,-1,-1
41,-1,197.86817932128906,50.90742111206055,224.41287231445312,73.98834228515625,0.5287126898765564,-1,-1,-1
42,-1,263.548095703125,24.86123275756836,279.5949401855469,37.626243591308594,0.9256786704063416,-1,-1,-1
42,-1,197.46670532226562,50.814239501953125,224.25930786132812,75.1116943359375,0.662631630897522,-1,-1,-1
42,-1,200.6092529296875,71.36858367919922,236.42538452148438,89.6468276977539,0.5198668241500854,-1,-1,-1
43,-1,263.7192687988281,25.124113082885742,279.515869140625,38.10442352294922,0.94219970703125,-1,-1,-1
43,-1,196.3417205810547,53.05977249145508,230.13380432128906,83.21736907958984,0.6464253664016724,-1,-1,-1
44,-1,263.4666748046875,25.029949188232422,279.4420166015625,37.692630767822266,0.9065884351730347,-1,-1,-1
45,-1,262.3156433105469,24.900495529174805,277.43505859375,37.96531677246094,0.8451187014579773,-1,-1,-1
45,-1,196.4370880126953,53.84757995605469,224.30723571777344,80.48590850830078,0.5402843356132507,-1,-1,-1
46,-1,262.2679443359375,25.068300247192383,277.521240234375,38.443077087402344,0.9578172564506531,-1,-1,-1
46,-1,193.7531280517578,54.54481887817383,222.06744384765625,80.37548065185547,0.8279079794883728,-1,-1,-1
47,-1,262.2623596191406,25.069761276245117,277.520263671875,38.467674255371094,0.9588529467582703,-1,-1,-1
47,-1,193.74900817871094,54.56067657470703,222.0494842529297,80.45307922363281,0.8265594244003296,-1,-1,-1
48,-1,261.9710998535156,25.33338737487793,277.4059753417969,38.77824783325195,0.9746403098106384,-1,-1,-1
48,-1,193.67227172851562,55.022823333740234,222.1537628173828,81.97653198242188,0.706232488155365,-1,-1,-1
49,-1,261.8506164550781,25.624067306518555,277.5423278808594,38.991024017333984,0.9754658937454224,-1,-1,-1
49,-1,194.26806640625,53.831295013427734,221.32049560546875,81.23851776123047,0.650839626789093,-1,-1,-1
50,-1,261.8227844238281,25.67622184753418,277.5139465332031,38.95768356323242,0.9605674147605896,-1,-1,-1
50,-1,192.8565216064453,53.87982940673828,222.150146484375,81.00382995605469,0.785076916217804,-1,-1,-1
51,-1,261.5621032714844,25.82833480834961,277.388427734375,39.30745315551758,0.9729493260383606,-1,-1,-1
51,-1,192.31021118164062,53.568016052246094,222.03561401367188,79.6409912109375,0.8734610676765442,-1,-1,-1
52,-1,261.3393859863281,25.848400115966797,277.3917541503906,38.88994598388672,0.9696775078773499,-1,-1,-1
52,-1,192.4680938720703,53.93229675292969,221.01950073242188,80.161376953125,0.7857232689857483,-1,-1,-1
52,-1,166.19937133789062,54.940696716308594,197.1637725830078,78.76100158691406,0.646719753742218,-1,-1,-1
53,-1,261.35760498046875,25.849838256835938,277.3968811035156,38.887298583984375,0.9692485332489014,-1,-1,-1
53,-1,192.35658264160156,53.98072814941406,220.97970581054688,80.1417465209961,0.7814624905586243,-1,-1,-1
53,-1,166.24099731445312,54.88887023925781,197.03103637695312,78.76087188720703,0.6241328716278076,-1,-1,-1
54,-1,260.6661682128906,25.932605743408203,276.7842712402344,39.28669738769531,0.9698570370674133,-1,-1,-1
54,-1,192.20297241210938,54.41581344604492,220.57098388671875,80.33821868896484,0.8249986171722412,-1,-1,-1
54,-1,166.1636199951172,54.88002395629883,195.87664794921875,79.1559066772461,0.7508617639541626,-1,-1,-1
55,-1,260.6106262207031,25.691158294677734,276.36895751953125,39.48566818237305,0.9747774600982666,-1,-1,-1
55,-1,191.74232482910156,54.89572525024414,220.82725524902344,80.91867065429688,0.8957998156547546,-1,-1,-1
55,-1,-0.46805745363235474,73.66805267333984,57.212989807128906,147.9520721435547,0.7898016571998596,-1,-1,-1
55,-1,165.8110809326172,54.72726821899414,196.49526977539062,78.61137390136719,0.7619969844818115,-1,-1,-1
56,-1,260.3467712402344,25.842378616333008,276.0242919921875,39.44331359863281,0.979564368724823,-1,-1,-1
56,-1,190.8753204345703,55.020877838134766,220.50387573242188,81.96177673339844,0.8254325985908508,-1,-1,-1
56,-1,165.77572631835938,54.61970520019531,196.4653778076172,79.25180053710938,0.7695591449737549,-1,-1,-1
57,-1,260.31536865234375,25.95389175415039,276.07177734375,39.44619369506836,0.9672358632087708,-1,-1,-1
57,-1,191.11680603027344,55.48198318481445,220.57620239257812,81.46748352050781,0.8174499273300171,-1,-1,-1
57,-1,165.97122192382812,55.39745330810547,193.9528045654297,79.22208404541016,0.7324668169021606,-1,-1,-1
58,-1,260.0699462890625,25.716358184814453,275.8904113769531,39.501808166503906,0.9660357236862183,-1,-1,-1
58,-1,190.67495727539062,54.92241287231445,220.64334106445312,81.56484985351562,0.8401886820793152,-1,-1,-1
58,-1,165.79734802246094,54.64508056640625,194.36102294921875,79.22309112548828,0.8142477869987488,-1,-1,-1
59,-1,260.0716857910156,25.716541290283203,275.88897705078125,39.49657440185547,0.9667652249336243,-1,-1,-1
59,-1,190.63658142089844,54.90302276611328,220.65467834472656,81.62303924560547,0.8353370428085327,-1,-1,-1
59,-1,165.80543518066406,54.67079162597656,194.3119659423828,79.22803497314453,0.8108363151550293,-1,-1,-1
60,-1,260.0561218261719,25.759002685546875,275.5808410644531,40.000267028808594,0.9713975787162781,-1,-1,-1
60,-1,190.51759338378906,55.48481750488281,220.72378540039062,82.34432220458984,0.8529102206230164,-1,-1,-1
60,-1,165.9632568359375,54.15686798095703,194.57449340820312,79.35572814941406,0.8368567824363708,-1,-1,-1
61,-1,259.4394226074219,25.816387176513672,275.32037353515625,40.1697998046875,0.9724653363227844,-1,-1,-1
61,-1,190.56419372558594,55.73511505126953,219.75990295410156,81.67884826660156,0.7977430820465088,-1,-1,-1
61,-1,165.8971405029297,55.04676055908203,193.9918212890625,79.3121337890625,0.7903158664703369,-1,-1,-1
61,-1,288.1889953613281,20.524803161621094,300.1404113769531,29.62799644470215,0.6258671283721924,-1,-1,-1
62,-1,259.2080078125,25.668832778930664,275.0637512207031,40.35087585449219,0.9725812077522278,-1,-1,-1
62,-1,165.75088500976562,55.348663330078125,194.23231506347656,79.1335678100586,0.8886820077896118,-1,-1,-1
62,-1,187.6746826171875,59.82717514038086,222.73159790039062,89.5624008178711,0.8066311478614807,-1,-1,-1
63,-1,259.1048278808594,25.72117805480957,274.68902587890625,40.219032287597656,0.9581692218780518,-1,-1,-1
63,-1,165.8326416015625,54.98910140991211,193.76463317871094,79.24476623535156,0.8210996985435486,-1,-1,-1
63,-1,187.50540161132812,59.06694793701172,222.50592041015625,90.900634765625,0.6492106914520264,-1,-1,-1
63,-1,287.940673828125,20.401647567749023,299.9577941894531,29.867835998535156,0.6369794011116028,-1,-1,-1
64,-1,258.8769226074219,25.791908264160156,274.59893798828125,40.120933532714844,0.970607578754425,-1,-1,-1
64,-1,166.01417541503906,55.42656707763672,193.0972442626953,79.60218811035156,0.7522485852241516,-1,-1,-1
64,-1,186.10369873046875,58.3551139831543,222.0944061279297,89.88493347167969,0.6827934980392456,-1,-1,-1
65,-1,258.87091064453125,25.778532028198242,274.60418701171875,40.1197509765625,0.9698246717453003,-1,-1,-1
65,-1,166.02662658691406,55.42751693725586,193.09292602539062,79.59579467773438,0.7519707679748535,-1,-1,-1
65,-1,186.08370971679688,58.36174774169922,222.11474609375,89.76848602294922,0.6853211522102356,-1,-1,-1
66,-1,258.7524108886719,25.760908126831055,274.6375732421875,40.56782531738281,0.9512650966644287,-1,-1,-1
66,-1,166.02841186523438,55.447044372558594,192.54998779296875,79.45030212402344,0.7463511228561401,-1,-1,-1
66,-1,186.37322998046875,58.56022644042969,222.6403045654297,90.30860137939453,0.6952959895133972,-1,-1,-1
67,-1,258.41387939453125,25.879344940185547,274.39141845703125,40.546260833740234,0.9704477787017822,-1,-1,-1
67,-1,184.59059143066406,58.37531280517578,223.46173095703125,91.0951156616211,0.629631519317627,-1,-1,-1
67,-1,166.22219848632812,55.11636734008789,192.49081420898438,79.63291931152344,0.5997354984283447,-1,-1,-1
68,-1,257.863525390625,26.015472412109375,273.8314208984375,40.51398849487305,0.9513384103775024,-1,-1,-1
68,-1,184.54977416992188,57.98330307006836,222.3759765625,89.61604309082031,0.6422710418701172,-1,-1,-1
68,-1,165.27392578125,57.40979766845703,189.75216674804688,78.53814697265625,0.5737259984016418,-1,-1,-1
68,-1,287.66461181640625,20.004459381103516,299.5108337402344,29.583938598632812,0.5003794431686401,-1,-1,-1
69,-1,257.5829162597656,27.057249069213867,273.31591796875,41.668548583984375,0.9437193870544434,-1,-1,-1
69,-1,184.28738403320312,58.2047233581543,220.53485107421875,89.17951965332031,0.6195986270904541,-1,-1,-1
69,-1,165.64292907714844,57.99149703979492,189.11094665527344,78.86390686035156,0.5403584837913513,-1,-1,-1
70,-1,257.27081298828125,26.937007904052734,273.3363037109375,41.74753189086914,0.9343623518943787,-1,-1,-1
70,-1,183.36016845703125,59.16684341430664,220.71058654785156,90.00038146972656,0.5500630736351013,-1,-1,-1
70,-1,165.3348388671875,58.13115310668945,189.48919677734375,77.83379364013672,0.5122736692428589,-1,-1,-1
71,-1,257.2633972167969,26.933353424072266,273.3398742675781,41.74246597290039,0.9347150325775146,-1,-1,-1
71,-1,183.39828491210938,59.134883880615234,220.66969299316406,89.97476959228516,0.548528254032135,-1,-1,-1
71,-1,165.32431030273438,58.048587799072266,189.50987243652344,77.86309051513672,0.5204197764396667,-1,-1,-1
72,-1,257.1719055175781,27.157245635986328,273.01251220703125,41.50473403930664,0.9481373429298401,-1,-1,-1
72,-1,185.91856384277344,56.54917526245117,215.17295837402344,82.94302368164062,0.7351791858673096,-1,-1,-1
72,-1,165.66940307617188,58.06291961669922,188.90231323242188,78.0757827758789,0.70106041431427,-1,-1,-1
72,-1,286.8304443359375,19.708209991455078,299.1760559082031,29.504425048828125,0.5633775591850281,-1,-1,-1
73,-1,257.1330871582031,27.20267105102539,273.1143798828125,41.77566909790039,0.9456692934036255,-1,-1,-1
73,-1,182.1115264892578,59.31316375732422,217.85275268554688,89.52936553955078,0.8906327486038208,-1,-1,-1
73,-1,286.412109375,19.698596954345703,298.0495910644531,29.72067642211914,0.7275810241699219,-1,-1,-1
73,-1,165.58596801757812,58.7518310546875,188.9530029296875,78.16873168945312,0.6728456020355225,-1,-1,-1
73,-1,153.38571166992188,57.103271484375,163.32431030273438,85.99224090576172,0.5613502264022827,-1,-1,-1
74,-1,257.056396484375,27.178274154663086,273.1092529296875,41.86685562133789,0.9040939211845398,-1,-1,-1
74,-1,181.47682189941406,59.37084197998047,217.0118865966797,89.23290252685547,0.7963129878044128,-1,-1,-1
74,-1,286.5487976074219,19.390146255493164,297.8768615722656,29.473424911499023,0.7290831804275513,-1,-1,-1
74,-1,165.89906311035156,59.6008186340332,187.9161834716797,78.18794250488281,0.6538705825805664,-1,-1,-1
74,-1,153.1034698486328,57.10114669799805,162.95692443847656,82.2012939453125,0.6218680143356323,-1,-1,-1
75,-1,285.22998046875,19.620508193969727,297.82110595703125,30.499542236328125,0.8004881739616394,-1,-1,-1
75,-1,181.0288848876953,59.44160079956055,216.7945098876953,88.83012390136719,0.7635535001754761,-1,-1,-1
75,-1,255.6602325439453,27.16561508178711,272.3700256347656,42.64983367919922,0.7288190126419067,-1,-1,-1
75,-1,165.75514221191406,59.952064514160156,187.98074340820312,77.75052642822266,0.6907793283462524,-1,-1,-1
76,-1,180.05221557617188,60.12256622314453,218.71548461914062,91.81873321533203,0.8609203100204468,-1,-1,-1
76,-1,165.9341278076172,59.52098846435547,187.85215759277344,78.09788513183594,0.8345687985420227,-1,-1,-1
76,-1,255.75782775878906,27.2564697265625,272.2292785644531,42.5659065246582,0.8218540549278259,-1,-1,-1
76,-1,284.8914794921875,19.589643478393555,297.606201171875,30.836261749267578,0.8067044019699097,-1,-1,-1
76,-1,152.14166259765625,57.74774932861328,162.44322204589844,81.22164916992188,0.5656241774559021,-1,-1,-1
77,-1,180.03125,60.1442756652832,218.6012420654297,91.73873138427734,0.8625587224960327,-1,-1,-1
77,-1,165.94651794433594,59.51333999633789,187.87147521972656,78.08668518066406,0.8336086273193359,-1,-1,-1
77,-1,255.7443084716797,27.253435134887695,272.2201843261719,42.57119369506836,0.8234686255455017,-1,-1,-1
77,-1,284.8410339355469,19.58696174621582,297.59771728515625,30.83160972595215,0.8141376376152039,-1,-1,-1
77,-1,152.15798950195312,57.696617126464844,162.4268341064453,81.30010986328125,0.5795875787734985,-1,-1,-1
78,-1,255.85479736328125,27.483280181884766,272.0790710449219,42.199337005615234,0.8844033479690552,-1,-1,-1
78,-1,166.12576293945312,59.86819076538086,186.63328552246094,78.24800872802734,0.7467865943908691,-1,-1,-1
78,-1,179.80621337890625,59.66451644897461,216.85446166992188,90.18021392822266,0.6817073225975037,-1,-1,-1
78,-1,285.28790283203125,19.18644142150879,297.1962890625,30.38472557067871,0.5736724734306335,-1,-1,-1
79,-1,255.7285919189453,27.29535675048828,271.7305603027344,42.56541442871094,0.9017856121063232,-1,-1,-1
79,-1,177.71633911132812,59.59256362915039,212.35971069335938,85.44405364990234,0.7958021759986877,-1,-1,-1
79,-1,165.59033203125,59.92753219604492,186.12832641601562,78.13044738769531,0.6755291223526001,-1,-1,-1
79,-1,151.79205322265625,56.20759201049805,162.1939239501953,88.73184204101562,0.5604263544082642,-1,-1,-1
80,-1,255.77645874023438,27.5628604888916,271.2997131347656,42.613258361816406,0.9164055585861206,-1,-1,-1
80,-1,174.7671661376953,60.72526168823242,214.50955200195312,90.34912109375,0.7624739408493042,-1,-1,-1
81,-1,255.73265075683594,27.21343994140625,270.71759033203125,42.6830940246582,0.8897892832756042,-1,-1,-1
81,-1,151.0420379638672,57.484073638916016,161.04872131347656,86.20515441894531,0.6865468621253967,-1,-1,-1
82,-1,255.29188537597656,27.594322204589844,270.7812194824219,43.01256561279297,0.9249520897865295,-1,-1,-1
82,-1,150.43116760253906,56.901763916015625,160.6753387451172,86.90386962890625,0.5743783712387085,-1,-1,-1
83,-1,255.28695678710938,27.605690002441406,270.831298828125,43.02522659301758,0.9292077422142029,-1,-1,-1
83,-1,150.43667602539062,56.88373565673828,160.63623046875,86.90267944335938,0.5819438695907593,-1,-1,-1
84,-1,255.28868103027344,27.805356979370117,270.4446105957031,43.202850341796875,0.9496760964393616,-1,-1,-1
84,-1,175.51393127441406,59.79345703125,213.45928955078125,89.87629699707031,0.6551859378814697,-1,-1,-1
84,-1,150.44244384765625,57.51724624633789,159.91476440429688,86.13336181640625,0.5913197994232178,-1,-1,-1
84,-1,165.4589080810547,58.64156723022461,185.67059326171875,78.24627685546875,0.5254281759262085,-1,-1,-1
85,-1,254.52496337890625,28.248477935791016,270.1897888183594,43.828582763671875,0.9149975180625916,-1,-1,-1
85,-1,281.6897888183594,18.358657836914062,295.6976013183594,32.905399322509766,0.7132259607315063,-1,-1,-1
86,-1,254.69088745117188,28.034210205078125,270.03936767578125,43.793701171875,0.915762186050415,-1,-1,-1
86,-1,281.7572937011719,18.314254760742188,295.5096435546875,32.74526596069336,0.7948883175849915,-1,-1,-1
87,-1,254.4141387939453,28.667715072631836,269.82720947265625,43.68111801147461,0.9551800489425659,-1,-1,-1
87,-1,281.8323669433594,18.666444778442383,295.2012939453125,33.017642974853516,0.6911301016807556,-1,-1,-1
87,-1,172.2640838623047,59.614471435546875,210.03396606445312,94.77586364746094,0.5941689610481262,-1,-1,-1
88,-1,254.46572875976562,28.160512924194336,270.1073913574219,44.386898040771484,0.9487757086753845,-1,-1,-1
88,-1,172.08627319335938,59.91240310668945,209.7891387939453,93.54499816894531,0.7357949614524841,-1,-1,-1
88,-1,281.4046325683594,17.909170150756836,295.40093994140625,32.70890426635742,0.698287844657898,-1,-1,-1
89,-1,254.46694946289062,28.135963439941406,270.1205749511719,44.405235290527344,0.9486923217773438,-1,-1,-1
89,-1,172.0161590576172,59.93889617919922,209.786865234375,93.41600036621094,0.7406141757965088,-1,-1,-1
89,-1,281.41802978515625,17.900331497192383,295.3941650390625,32.72902297973633,0.6999992728233337,-1,-1,-1
90,-1,253.86325073242188,28.855649948120117,269.7020263671875,44.37234878540039,0.9603531360626221,-1,-1,-1
90,-1,172.07122802734375,60.13262176513672,208.85073852539062,93.36565399169922,0.7606772184371948,-1,-1,-1
90,-1,280.7694396972656,18.13432502746582,295.2489929199219,32.731597900390625,0.6676822900772095,-1,-1,-1
90,-1,165.1382598876953,59.750308990478516,184.34715270996094,77.4339828491211,0.5144626498222351,-1,-1,-1
91,-1,253.76071166992188,28.580310821533203,269.4789733886719,44.943119049072266,0.9599738717079163,-1,-1,-1
91,-1,170.04824829101562,59.73446273803711,207.8935546875,94.44623565673828,0.6795852184295654,-1,-1,-1
91,-1,280.9036560058594,17.879291534423828,294.83380126953125,33.004486083984375,0.5547955632209778,-1,-1,-1
92,-1,253.69081115722656,28.69428253173828,269.4768981933594,44.85558319091797,0.9442049264907837,-1,-1,-1
92,-1,171.50665283203125,60.577789306640625,208.64910888671875,92.71173858642578,0.8841034173965454,-1,-1,-1
92,-1,280.5657653808594,17.959758758544922,294.9239807128906,33.287776947021484,0.6269943118095398,-1,-1,-1
93,-1,253.14151000976562,28.311697006225586,269.10748291015625,45.331878662109375,0.9587214589118958,-1,-1,-1
93,-1,169.69009399414062,60.837650299072266,207.9257049560547,94.32804107666016,0.9090421795845032,-1,-1,-1
93,-1,280.61383056640625,18.0217342376709,294.5895690917969,32.98222351074219,0.768271267414093,-1,-1,-1
94,-1,252.7198028564453,28.45067596435547,268.6700134277344,45.972389221191406,0.9473792314529419,-1,-1,-1
94,-1,169.5585479736328,62.267704010009766,206.29824829101562,96.00362396240234,0.8216993808746338,-1,-1,-1
94,-1,279.990966796875,17.60039710998535,294.1765441894531,32.999603271484375,0.7973731756210327,-1,-1,-1
95,-1,252.73287963867188,28.450685501098633,268.6686096191406,45.96714401245117,0.9463385939598083,-1,-1,-1
95,-1,169.48500061035156,62.18265151977539,206.29518127441406,95.97297668457031,0.8015294671058655,-1,-1,-1
95,-1,280.007080078125,17.60051918029785,294.1806640625,32.99940872192383,0.8014910221099854,-1,-1,-1
96,-1,252.80824279785156,28.7420597076416,268.8700256347656,45.60466766357422,0.9309131503105164,-1,-1,-1
96,-1,168.63323974609375,62.255035400390625,205.82322692871094,96.47993469238281,0.8516185283660889,-1,-1,-1
96,-1,279.6567077636719,17.10230255126953,293.958984375,32.70394515991211,0.6238265037536621,-1,-1,-1
97,-1,252.24740600585938,28.20050811767578,268.8080749511719,45.43191909790039,0.918452799320221,-1,-1,-1
97,-1,168.6904296875,61.909366607666016,204.67214965820312,96.69583892822266,0.8060868382453918,-1,-1,-1
97,-1,279.0858154296875,17.15755844116211,293.6112365722656,33.252037048339844,0.51651531457901,-1,-1,-1
98,-1,251.60409545898438,28.51051902770996,269.1160888671875,45.79555892944336,0.9271382689476013,-1,-1,-1
98,-1,168.3914337158203,60.87147521972656,205.41734313964844,93.84182739257812,0.661602795124054,-1,-1,-1
99,-1,251.66079711914062,29.11075210571289,269.1523132324219,46.60734939575195,0.9438976645469666,-1,-1,-1
99,-1,277.56610107421875,17.96678924560547,292.7588195800781,34.11199951171875,0.7417567372322083,-1,-1,-1
100,-1,251.85411071777344,28.579875946044922,268.2684020996094,45.517154693603516,0.9011768102645874,-1,-1,-1
100,-1,276.9896545410156,17.54860496520996,292.6741943359375,34.74738311767578,0.6906383037567139,-1,-1,-1
100,-1,166.5122833251953,57.31421661376953,206.09652709960938,93.38446807861328,0.5735228657722473,-1,-1,-1
101,-1,251.8361053466797,28.58489418029785,268.256103515625,45.53851318359375,0.904485285282135,-1,-1,-1
101,-1,276.9970703125,17.55937385559082,292.6736145019531,34.74458312988281,0.6909568309783936,-1,-1,-1
101,-1,166.5819091796875,57.43380355834961,206.05345153808594,93.34259033203125,0.576690673828125,-1,-1,-1
102,-1,251.24554443359375,28.566871643066406,269.2310791015625,46.37471008300781,0.8980808854103088,-1,-1,-1
102,-1,276.9726257324219,17.44854164123535,292.40301513671875,34.72233581542969,0.6732836365699768,-1,-1,-1
103,-1,251.26502990722656,29.153581619262695,267.86395263671875,46.61106872558594,0.920652449131012,-1,-1,-1
103,-1,276.8197326660156,21.23887825012207,291.79925537109375,35.99862289428711,0.7975636720657349,-1,-1,-1
104,-1,251.0803985595703,29.69980239868164,267.5906677246094,46.659053802490234,0.9035848379135132,-1,-1,-1
104,-1,276.81109619140625,17.447538375854492,292.10736083984375,34.8023681640625,0.753881573677063,-1,-1,-1
104,-1,135.3356475830078,97.29814147949219,279.65380859375,206.38201904296875,0.5120136141777039,-1,-1,-1
105,-1,249.28179931640625,29.885623931884766,266.4498596191406,46.73805236816406,0.8815009593963623,-1,-1,-1
105,-1,276.4312438964844,17.80526351928711,291.2742004394531,35.17683029174805,0.6673536896705627,-1,-1,-1
105,-1,163.83470153808594,91.06135559082031,212.11322021484375,115.04150390625,0.6418492197990417,-1,-1,-1
105,-1,161.7853546142578,61.00010681152344,199.5008544921875,95.79573059082031,0.562478244304657,-1,-1,-1
105,-1,168.0841827392578,52.356693267822266,194.62759399414062,69.89071655273438,0.5110975503921509,-1,-1,-1
106,-1,249.20358276367188,29.987428665161133,265.9920959472656,46.534156799316406,0.8880883455276489,-1,-1,-1
106,-1,276.4276123046875,17.86983871459961,290.7418518066406,34.60988998413086,0.6696425676345825,-1,-1,-1
106,-1,161.41221618652344,91.41947174072266,212.1735382080078,115.02386474609375,0.6657605171203613,-1,-1,-1
106,-1,160.7408447265625,59.214595794677734,200.0543975830078,95.29209899902344,0.5854076743125916,-1,-1,-1
107,-1,249.21937561035156,30.014917373657227,265.9963684082031,46.53493881225586,0.8897318243980408,-1,-1,-1
107,-1,276.4255065917969,17.87685775756836,290.75634765625,34.63308334350586,0.6690340042114258,-1,-1,-1
107,-1,161.39732360839844,91.40901947021484,212.15545654296875,115.03068542480469,0.6101603507995605,-1,-1,-1
107,-1,160.85939025878906,59.12861633300781,200.2536163330078,95.3158950805664,0.5902917981147766,-1,-1,-1
107,-1,134.60430908203125,100.23735809326172,279.6466369628906,204.1123809814453,0.5089792013168335,-1,-1,-1
108,-1,249.09527587890625,30.36341094970703,266.1718444824219,47.12920379638672,0.9553638100624084,-1,-1,-1
108,-1,276.3504943847656,18.130128860473633,290.7424011230469,34.45408630371094,0.7194986343383789,-1,-1,-1
108,-1,161.15560913085938,91.2939224243164,211.5528106689453,115.20807647705078,0.6533799171447754,-1,-1,-1
108,-1,198.48477172851562,46.9053955078125,223.72714233398438,76.30480194091797,0.6093078851699829,-1,-1,-1
108,-1,159.9244842529297,60.454410552978516,199.81082153320312,96.3201904296875,0.6038918495178223,-1,-1,-1
109,-1,248.94207763671875,30.451740264892578,265.7757568359375,47.36159133911133,0.9597880244255066,-1,-1,-1
109,-1,197.6533660888672,46.89399719238281,225.70709228515625,75.14869689941406,0.6760485172271729,-1,-1,-1
109,-1,158.9882049560547,60.51216506958008,199.8636016845703,95.96683502197266,0.5661438703536987,-1,-1,-1
109,-1,166.2171173095703,52.38444519042969,198.07373046875,72.56790161132812,0.5116458535194397,-1,-1,-1
109,-1,275.027587890625,20.589147567749023,290.1903381347656,37.27255630493164,0.5035788416862488,-1,-1,-1
110,-1,248.73826599121094,30.594999313354492,265.49395751953125,47.28023910522461,0.9433946013450623,-1,-1,-1
110,-1,274.629638671875,21.16468620300293,290.2000732421875,37.0652961730957,0.7783911824226379,-1,-1,-1
110,-1,197.95858764648438,46.64133071899414,224.01002502441406,77.48893737792969,0.7232404351234436,-1,-1,-1
110,-1,159.8799285888672,58.22422790527344,201.16905212402344,97.69792175292969,0.5849788784980774,-1,-1,-1
110,-1,165.8046875,52.076995849609375,198.25204467773438,72.57131958007812,0.5328603982925415,-1,-1,-1
111,-1,248.78567504882812,30.260639190673828,265.26715087890625,47.716468811035156,0.8807806968688965,-1,-1,-1
111,-1,165.95948791503906,51.87762451171875,198.00772094726562,72.58798217773438,0.6959688067436218,-1,-1,-1
111,-1,274.0206604003906,20.944578170776367,289.77191162109375,37.1905632019043,0.6485112905502319,-1,-1,-1
111,-1,198.25071716308594,46.41791534423828,223.75082397460938,77.52755737304688,0.6048099398612976,-1,-1,-1
112,-1,248.5073699951172,30.596769332885742,265.25372314453125,47.87001419067383,0.9500169157981873,-1,-1,-1
112,-1,274.26251220703125,20.769941329956055,289.90985107421875,37.62500762939453,0.8856476545333862,-1,-1,-1
112,-1,154.39479064941406,66.43335723876953,204.54759216308594,112.58434295654297,0.5617473721504211,-1,-1,-1
113,-1,248.4971466064453,30.605318069458008,265.2426452636719,47.86024856567383,0.950089693069458,-1,-1,-1
113,-1,274.2776184082031,20.836334228515625,289.90374755859375,37.63270568847656,0.8931587338447571,-1,-1,-1
113,-1,154.45175170898438,66.27962493896484,204.30198669433594,112.55624389648438,0.5458571910858154,-1,-1,-1
114,-1,274.07769775390625,20.51688575744629,289.7439270019531,37.52695083618164,0.9409880638122559,-1,-1,-1
114,-1,248.24021911621094,30.717069625854492,264.75927734375,47.88103485107422,0.939328134059906,-1,-1,-1
114,-1,154.8193359375,67.35971069335938,203.9263916015625,113.83976745605469,0.7304889559745789,-1,-1,-1
114,-1,166.243408203125,51.72438430786133,196.54296875,72.03773498535156,0.7287226319313049,-1,-1,-1
115,-1,274.05340576171875,20.811885833740234,289.75592041015625,37.8739013671875,0.9459275603294373,-1,-1,-1
115,-1,248.24745178222656,30.74847984313965,264.7589111328125,47.749786376953125,0.9143358469009399,-1,-1,-1
115,-1,155.06021118164062,69.88055419921875,197.95797729492188,107.54911041259766,0.8660827279090881,-1,-1,-1
115,-1,165.95660400390625,51.6038818359375,196.79200744628906,72.71011352539062,0.8646460175514221,-1,-1,-1
115,-1,154.8466796875,85.78364562988281,203.65948486328125,113.91139221191406,0.5854461789131165,-1,-1,-1
116,-1,273.5299377441406,20.356632232666016,289.4663391113281,37.59617614746094,0.9349305033683777,-1,-1,-1
116,-1,248.10157775878906,31.104501724243164,264.2819519042969,47.109458923339844,0.8676048517227173,-1,-1,-1
116,-1,166.14524841308594,51.962345123291016,196.7196502685547,72.25367736816406,0.8284091949462891,-1,-1,-1
116,-1,156.16079711914062,69.6932373046875,194.81106567382812,101.42919921875,0.7434918880462646,-1,-1,-1
117,-1,273.6348876953125,21.16197967529297,289.4507751464844,38.00746154785156,0.9644087553024292,-1,-1,-1
117,-1,247.92926025390625,31.138751983642578,264.2373046875,47.144081115722656,0.9313517212867737,-1,-1,-1
117,-1,155.95416259765625,70.1525650024414,193.39724731445312,102.13148498535156,0.8468410968780518,-1,-1,-1
117,-1,166.53196716308594,52.0136833190918,195.1174774169922,72.58554077148438,0.8037480115890503,-1,-1,-1
118,-1,273.3507080078125,21.142318725585938,289.3487243652344,38.14767837524414,0.953895092010498,-1,-1,-1
118,-1,247.73130798339844,30.984514236450195,263.7997741699219,47.47001647949219,0.9314667582511902,-1,-1,-1
118,-1,155.73765563964844,68.56851196289062,192.75790405273438,101.00656127929688,0.80555260181427,-1,-1,-1
118,-1,166.5226593017578,52.26372146606445,195.09690856933594,72.92323303222656,0.7467746138572693,-1,-1,-1
119,-1,273.3370666503906,21.176193237304688,289.3586120605469,38.14961242675781,0.9567753076553345,-1,-1,-1
119,-1,247.75328063964844,30.996305465698242,263.8102111816406,47.432273864746094,0.9294995665550232,-1,-1,-1
119,-1,155.678466796875,68.46945190429688,192.77886962890625,101.06426239013672,0.8103225231170654,-1,-1,-1
119,-1,166.48724365234375,52.34920120239258,195.17782592773438,72.85301208496094,0.7525181770324707,-1,-1,-1
120,-1,272.57098388671875,20.010639190673828,288.9452819824219,38.37318420410156,0.9041102528572083,-1,-1,-1
120,-1,247.8773651123047,31.319156646728516,263.63714599609375,46.81051254272461,0.9038523435592651,-1,-1,-1
120,-1,166.8335723876953,52.11054229736328,194.62034606933594,72.6311264038086,0.7423906922340393,-1,-1,-1
120,-1,150.50775146484375,69.61229705810547,190.20770263671875,103.51998138427734,0.7105011940002441,-1,-1,-1
121,-1,272.35858154296875,20.21082878112793,288.10565185546875,38.05378723144531,0.8603208065032959,-1,-1,-1
121,-1,247.41970825195312,32.664615631103516,263.1634826660156,49.07390594482422,0.8335329294204712,-1,-1,-1
121,-1,149.92140197753906,69.9898452758789,190.61866760253906,104.51377868652344,0.7541216611862183,-1,-1,-1
121,-1,167.25064086914062,52.05977249145508,193.9154815673828,72.23027038574219,0.7078196406364441,-1,-1,-1
122,-1,149.46817016601562,69.89631652832031,190.38681030273438,106.96649932861328,0.8597226142883301,-1,-1,-1
122,-1,272.139892578125,20.53013801574707,288.0362243652344,38.441070556640625,0.8163468837738037,-1,-1,-1
122,-1,245.87709045410156,33.09352111816406,264.49066162109375,49.53721237182617,0.746411919593811,-1,-1,-1
122,-1,167.12423706054688,52.263214111328125,194.87989807128906,72.96209716796875,0.507481038570404,-1,-1,-1
123,-1,149.62606811523438,71.67337036132812,188.49334716796875,106.22157287597656,0.9051218032836914,-1,-1,-1
123,-1,272.0361633300781,21.347850799560547,287.780029296875,38.659027099609375,0.8480712175369263,-1,-1,-1
123,-1,245.86679077148438,33.546260833740234,264.2339172363281,49.2810173034668,0.8110129833221436,-1,-1,-1
123,-1,193.6451416015625,111.31233978271484,260.8007507324219,146.3358154296875,0.5092778205871582,-1,-1,-1
124,-1,245.83274841308594,33.37004470825195,263.5092468261719,49.44509506225586,0.9184085130691528,-1,-1,-1
124,-1,148.29977416992188,71.34441375732422,188.73745727539062,105.61448669433594,0.8383135795593262,-1,-1,-1
124,-1,272.04638671875,21.31993865966797,287.8427429199219,38.62794876098633,0.7676931619644165,-1,-1,-1
125,-1,245.82742309570312,33.349632263183594,263.53167724609375,49.44901657104492,0.9157193303108215,-1,-1,-1
125,-1,148.5727996826172,71.2834701538086,188.79693603515625,105.13790130615234,0.8379819989204407,-1,-1,-1
125,-1,272.0335693359375,21.336517333984375,287.8341064453125,38.61789321899414,0.7593730092048645,-1,-1,-1
126,-1,148.38084411621094,71.93672180175781,187.41514587402344,103.70409393310547,0.9245147109031677,-1,-1,-1
126,-1,245.43881225585938,33.5571174621582,263.5576171875,49.55105972290039,0.8325701951980591,-1,-1,-1
126,-1,140.4967803955078,97.64933776855469,199.29241943359375,122.86195373535156,0.8028871417045593,-1,-1,-1
126,-1,197.35372924804688,111.0504379272461,257.24737548828125,146.3865203857422,0.5776531100273132,-1,-1,-1
126,-1,271.8706359863281,20.883014678955078,287.41650390625,38.73543167114258,0.5406561493873596,-1,-1,-1
127,-1,199.2115020751953,113.3599853515625,263.8364562988281,156.23631286621094,0.9087967872619629,-1,-1,-1
127,-1,147.2598114013672,71.79373168945312,185.76673889160156,104.78971099853516,0.8822098970413208,-1,-1,-1
127,-1,244.74740600585938,34.99052047729492,263.5458984375,49.6662712097168,0.8062348365783691,-1,-1,-1
127,-1,271.51971435546875,20.337671279907227,287.0309143066406,38.99903869628906,0.7052707076072693,-1,-1,-1
128,-1,202.1267852783203,115.36750793457031,270.5328674316406,157.24156188964844,0.9047031402587891,-1,-1,-1
128,-1,147.55783081054688,71.92691802978516,186.10671997070312,105.75712585449219,0.8890331387519836,-1,-1,-1
128,-1,245.20986938476562,34.332679748535156,262.3341064453125,50.20646667480469,0.8199897408485413,-1,-1,-1
128,-1,271.0312194824219,20.028575897216797,286.5274353027344,39.215797424316406,0.6060766577720642,-1,-1,-1
128,-1,166.81190490722656,50.8180046081543,214.23362731933594,81.36829376220703,0.5651752352714539,-1,-1,-1
129,-1,245.08177185058594,33.045162200927734,261.85186767578125,49.894351959228516,0.8842017650604248,-1,-1,-1
129,-1,145.7523956298828,72.76750946044922,185.78294372558594,105.14520263671875,0.8076016306877136,-1,-1,-1
129,-1,199.7288818359375,110.31400299072266,257.8183288574219,145.42132568359375,0.6034498810768127,-1,-1,-1
130,-1,244.8812713623047,32.56586456298828,261.47259521484375,49.70503234863281,0.8598226308822632,-1,-1,-1
130,-1,143.62161254882812,73.0196762084961,183.85720825195312,106.57152557373047,0.7381898760795593,-1,-1,-1
130,-1,270.29742431640625,20.396324157714844,285.84222412109375,38.97611618041992,0.670568585395813,-1,-1,-1
130,-1,204.11602783203125,115.0610122680664,272.964599609375,155.7080841064453,0.6588540077209473,-1,-1,-1
130,-1,166.3192596435547,50.37818145751953,215.16009521484375,81.43653869628906,0.5643388032913208,-1,-1,-1
131,-1,244.87783813476562,32.56340408325195,261.4615173339844,49.714874267578125,0.859479546546936,-1,-1,-1
131,-1,143.59844970703125,72.78572082519531,183.87168884277344,106.69259643554688,0.7210662961006165,-1,-1,-1
131,-1,270.2929992675781,20.400659561157227,285.8477478027344,38.971004486083984,0.6772017478942871,-1,-1,-1
131,-1,204.02444458007812,115.06745147705078,272.75616455078125,155.75172424316406,0.6390034556388855,-1,-1,-1
131,-1,166.32997131347656,50.34920883178711,215.18951416015625,81.61536407470703,0.5780694484710693,-1,-1,-1
132,-1,203.73513793945312,115.19681549072266,273.5516052246094,156.78912353515625,0.7245699167251587,-1,-1,-1
132,-1,143.48036193847656,72.48275756835938,181.78953552246094,108.40657043457031,0.6435707211494446,-1,-1,-1
132,-1,167.36141967773438,51.0369873046875,213.93069458007812,81.37183380126953,0.5633030533790588,-1,-1,-1
133,-1,244.60450744628906,32.54495620727539,261.15789794921875,50.15589904785156,0.803144097328186,-1,-1,-1
133,-1,268.70867919921875,20.72671890258789,284.26904296875,40.25868225097656,0.7647138237953186,-1,-1,-1
133,-1,141.2740478515625,72.09561920166016,182.5367889404297,106.93753814697266,0.5665904879570007,-1,-1,-1
134,-1,243.40078735351562,33.16535186767578,259.9718933105469,49.907493591308594,0.7302666902542114,-1,-1,-1
134,-1,167.97073364257812,52.12053298950195,211.97142028808594,81.95439910888672,0.6447166204452515,-1,-1,-1
134,-1,143.71038818359375,72.701171875,183.3226776123047,105.99223327636719,0.6008139848709106,-1,-1,-1
134,-1,268.42364501953125,20.48244285583496,284.0683898925781,40.31600570678711,0.5411384701728821,-1,-1,-1
135,-1,241.65255737304688,32.75882339477539,260.2264709472656,50.68939208984375,0.8134540915489197,-1,-1,-1
135,-1,142.6609344482422,73.55736541748047,182.17201232910156,105.98381042480469,0.7792037129402161,-1,-1,-1
135,-1,168.2896728515625,51.75588607788086,211.9307098388672,81.9984359741211,0.7506537437438965,-1,-1,-1
135,-1,268.2608337402344,20.588455200195312,284.3671875,40.601844787597656,0.686396062374115,-1,-1,-1
136,-1,268.10809326171875,20.712121963500977,284.3975524902344,40.21744155883789,0.8650237917900085,-1,-1,-1
136,-1,241.43826293945312,33.33535385131836,260.31787109375,50.38615798950195,0.7601618766784668,-1,-1,-1
136,-1,142.95773315429688,74.2706298828125,181.095703125,106.96115112304688,0.6874172687530518,-1,-1,-1
137,-1,268.12152099609375,20.693864822387695,284.39129638671875,40.23756790161133,0.863597571849823,-1,-1,-1
137,-1,241.49172973632812,33.34132766723633,260.3175048828125,50.392826080322266,0.7686246037483215,-1,-1,-1
137,-1,142.8971710205078,74.2767562866211,181.15316772460938,107.01554870605469,0.6978154182434082,-1,-1,-1
138,-1,268.00494384765625,20.717016220092773,284.2220764160156,40.7276611328125,0.8350317478179932,-1,-1,-1
138,-1,141.8302001953125,73.43589782714844,180.78184509277344,109.79708099365234,0.5964294672012329,-1,-1,-1
138,-1,241.38742065429688,34.11421585083008,259.6130676269531,50.71448516845703,0.5633146166801453,-1,-1,-1
138,-1,169.17636108398438,51.307884216308594,211.66978454589844,81.88167572021484,0.5591757893562317,-1,-1,-1
139,-1,267.66162109375,20.347810745239258,284.04058837890625,40.61993408203125,0.8692712187767029,-1,-1,-1
139,-1,241.09402465820312,34.02424621582031,259.65020751953125,50.9875602722168,0.7458651661872864,-1,-1,-1
139,-1,137.46751403808594,74.96878051757812,179.10093688964844,111.25516510009766,0.729632556438446,-1,-1,-1
139,-1,168.1233367919922,52.00001525878906,210.29603576660156,84.45882415771484,0.5736849904060364,-1,-1,-1
140,-1,135.6177215576172,77.05572509765625,178.85891723632812,110.14533996582031,0.8540859222412109,-1,-1,-1
140,-1,267.5156555175781,20.494531631469727,283.18609619140625,40.788536071777344,0.838931679725647,-1,-1,-1
140,-1,240.97120666503906,33.47748565673828,259.9329528808594,51.002052307128906,0.7367731928825378,-1,-1,-1
141,-1,267.1667175292969,19.977563858032227,283.5526123046875,40.508277893066406,0.7035576701164246,-1,-1,-1
141,-1,133.62466430664062,77.34911346435547,179.5173797607422,109.6938705444336,0.6605533957481384,-1,-1,-1
141,-1,241.06422424316406,33.64570236206055,259.625,51.017066955566406,0.6245598196983337,-1,-1,-1
142,-1,267.3880615234375,20.253324508666992,283.39642333984375,40.56474685668945,0.870101809501648,-1,-1,-1
142,-1,240.6991729736328,33.405479431152344,259.60308837890625,51.13978576660156,0.7832067608833313,-1,-1,-1
142,-1,136.07484436035156,79.20591735839844,176.23350524902344,108.5489730834961,0.6851152777671814,-1,-1,-1
143,-1,267.3533935546875,20.303695678710938,283.3647766113281,40.50754165649414,0.8644499182701111,-1,-1,-1
143,-1,240.6499481201172,33.420711517333984,259.4677429199219,51.116703033447266,0.7883656620979309,-1,-1,-1
143,-1,136.16302490234375,79.28190612792969,176.2770233154297,108.48185729980469,0.685563862323761,-1,-1,-1
144,-1,266.965576171875,20.89075469970703,283.0606384277344,41.122467041015625,0.8804038166999817,-1,-1,-1
144,-1,239.62161254882812,34.333412170410156,259.7054443359375,51.74940872192383,0.7724437713623047,-1,-1,-1
145,-1,238.67788696289062,34.04540252685547,260.0943298339844,52.14482879638672,0.8660556674003601,-1,-1,-1
145,-1,266.5420227050781,21.655536651611328,282.15771484375,40.82019805908203,0.809482216835022,-1,-1,-1
145,-1,138.83932495117188,76.87538146972656,175.845458984375,110.58258056640625,0.5205574035644531,-1,-1,-1
146,-1,238.34288024902344,34.43172836303711,259.31903076171875,52.536190032958984,0.9432116150856018,-1,-1,-1
146,-1,266.16064453125,21.32695198059082,281.96942138671875,40.65009307861328,0.7915037274360657,-1,-1,-1
146,-1,167.6407012939453,52.76105499267578,211.91664123535156,93.30680847167969,0.5061810612678528,-1,-1,-1
147,-1,238.50949096679688,34.295318603515625,259.16748046875,53.44525146484375,0.9054597020149231,-1,-1,-1
147,-1,265.92578125,21.5368709564209,281.759033203125,41.13111877441406,0.8257036805152893,-1,-1,-1
147,-1,168.1312713623047,50.62722396850586,208.95384216308594,87.85919189453125,0.5845219492912292,-1,-1,-1
148,-1,237.9200439453125,34.35646438598633,259.318359375,53.10645294189453,0.9237252473831177,-1,-1,-1
148,-1,265.5221862792969,21.137149810791016,281.5581970214844,41.08695983886719,0.8632662892341614,-1,-1,-1
148,-1,167.39971923828125,50.336700439453125,209.8851776123047,87.91265106201172,0.5680025815963745,-1,-1,-1
149,-1,237.9391632080078,34.38118362426758,259.308349609375,53.08119583129883,0.9261758923530579,-1,-1,-1
149,-1,265.5176696777344,21.143705368041992,281.5649108886719,41.105831146240234,0.8623237609863281,-1,-1,-1
149,-1,167.4716796875,50.39154815673828,209.71731567382812,87.928466796875,0.5711557865142822,-1,-1,-1
150,-1,238.06689453125,34.5600700378418,258.848388671875,53.17716979980469,0.9548203945159912,-1,-1,-1
150,-1,265.4633483886719,20.996599197387695,281.2651672363281,40.900634765625,0.8527052402496338,-1,-1,-1
150,-1,125.65054321289062,107.2562026977539,182.42942810058594,136.86709594726562,0.6744544506072998,-1,-1,-1
150,-1,131.65640258789062,80.52397918701172,174.0306396484375,112.77091979980469,0.5473859310150146,-1,-1,-1
150,-1,164.8040008544922,53.521968841552734,201.8641357421875,91.67556762695312,0.529729962348938,-1,-1,-1
151,-1,237.9597625732422,34.46097183227539,258.06524658203125,53.81025695800781,0.9610323905944824,-1,-1,-1
151,-1,264.7821350097656,21.097118377685547,281.1051330566406,41.63261795043945,0.8619046211242676,-1,-1,-1
151,-1,168.16575622558594,49.698974609375,207.42837524414062,88.59494018554688,0.5936609506607056,-1,-1,-1
151,-1,125.50262451171875,107.9293441772461,180.61862182617188,138.17088317871094,0.5214888453483582,-1,-1,-1
152,-1,237.75778198242188,34.95104217529297,257.38250732421875,54.347652435302734,0.97312331199646,-1,-1,-1
152,-1,264.42596435546875,21.487110137939453,280.9373779296875,42.41130065917969,0.9076030850410461,-1,-1,-1
152,-1,124.20380401611328,109.66537475585938,178.46632385253906,138.58767700195312,0.7031829357147217,-1,-1,-1
152,-1,164.32537841796875,53.83687210083008,202.91049194335938,90.733154296875,0.6720829010009766,-1,-1,-1
152,-1,130.6353302001953,80.69593811035156,172.2633514404297,113.99803924560547,0.6248113512992859,-1,-1,-1
153,-1,237.4237060546875,34.558040618896484,257.38751220703125,54.682315826416016,0.9725062847137451,-1,-1,-1
153,-1,264.6847229003906,21.37956428527832,280.40106201171875,42.528221130371094,0.7995927333831787,-1,-1,-1
153,-1,165.41864013671875,52.919921875,201.68397521972656,93.14403533935547,0.6135643124580383,-1,-1,-1
153,-1,122.94419860839844,110.12808227539062,177.44107055664062,138.3602752685547,0.527978241443634,-1,-1,-1
154,-1,237.4214324951172,34.65313720703125,257.1360168457031,54.19970703125,0.9361329078674316,-1,-1,-1
154,-1,264.39654541015625,21.40119171142578,280.52264404296875,42.08882141113281,0.8386918902397156,-1,-1,-1
154,-1,165.43190002441406,54.50480651855469,201.7719268798828,90.97419738769531,0.6762195229530334,-1,-1,-1
154,-1,122.852783203125,110.09813690185547,177.89669799804688,139.3947296142578,0.6301356554031372,-1,-1,-1
154,-1,123.9792251586914,80.27147674560547,168.0301513671875,115.8896255493164,0.5756815075874329,-1,-1,-1
154,-1,166.32347106933594,53.469764709472656,206.7185821533203,91.22684478759766,0.5195866823196411,-1,-1,-1
155,-1,237.4244384765625,34.67158889770508,257.12481689453125,54.2196159362793,0.9358652830123901,-1,-1,-1
155,-1,264.3771057128906,21.39338493347168,280.5096740722656,42.105323791503906,0.8393150568008423,-1,-1,-1
155,-1,165.40676879882812,54.458580017089844,201.75527954101562,91.0342025756836,0.6584141850471497,-1,-1,-1
155,-1,122.7665023803711,110.08622741699219,177.84796142578125,139.39285278320312,0.6403005719184875,-1,-1,-1
155,-1,123.98566436767578,80.33049011230469,168.10324096679688,115.85368347167969,0.5824670195579529,-1,-1,-1
155,-1,166.21681213378906,53.36951446533203,206.86720275878906,91.42972564697266,0.5355555415153503,-1,-1,-1
156,-1,237.25689697265625,34.599021911621094,257.36474609375,54.632545471191406,0.9239432215690613,-1,-1,-1
156,-1,263.98687744140625,21.512035369873047,280.50762939453125,42.46818542480469,0.8748983144760132,-1,-1,-1
156,-1,120.888671875,111.42195129394531,178.55384826660156,140.43441772460938,0.8168656826019287,-1,-1,-1
156,-1,122.81707763671875,81.56459045410156,167.99380493164062,115.09729766845703,0.7739130258560181,-1,-1,-1
156,-1,164.88137817382812,54.89556121826172,201.09042358398438,91.95211791992188,0.7354167103767395,-1,-1,-1
157,-1,236.41065979003906,35.45582580566406,256.9049072265625,54.376502990722656,0.9802420139312744,-1,-1,-1
157,-1,263.7857971191406,21.795631408691406,280.1358337402344,42.28641128540039,0.9196155071258545,-1,-1,-1
157,-1,122.05799102783203,81.57569885253906,165.7817840576172,115.76566314697266,0.883235514163971,-1,-1,-1
157,-1,164.0449676513672,54.54640197753906,203.21383666992188,91.999267578125,0.8118693232536316,-1,-1,-1
157,-1,121.07176971435547,111.78901672363281,178.10935974121094,142.81106567382812,0.6748051047325134,-1,-1,-1
158,-1,236.04971313476562,35.222999572753906,257.3656311035156,54.68413162231445,0.9680650234222412,-1,-1,-1
158,-1,263.77862548828125,21.875934600830078,279.7132568359375,41.54723358154297,0.8271992802619934,-1,-1,-1
158,-1,122.29381561279297,81.54608154296875,165.94952392578125,115.2303237915039,0.8098573684692383,-1,-1,-1
158,-1,117.62211608886719,110.67048645019531,173.87498474121094,143.84841918945312,0.7419774532318115,-1,-1,-1
158,-1,165.13693237304688,56.29994201660156,201.0403594970703,92.7700424194336,0.7017105221748352,-1,-1,-1
159,-1,236.02169799804688,35.32814025878906,257.3108215332031,54.73681640625,0.9552806615829468,-1,-1,-1
159,-1,263.44317626953125,22.059572219848633,279.6073303222656,42.528839111328125,0.8852072954177856,-1,-1,-1
159,-1,122.74739074707031,81.79985809326172,165.201904296875,116.66632843017578,0.7637652158737183,-1,-1,-1
159,-1,116.23478698730469,109.8089599609375,172.48226928710938,143.5143280029297,0.5085342526435852,-1,-1,-1
160,-1,234.74081420898438,35.89582443237305,256.1224670410156,54.42566680908203,0.9624532461166382,-1,-1,-1
160,-1,121.96570587158203,82.06393432617188,164.31369018554688,117.31404113769531,0.8776026964187622,-1,-1,-1
160,-1,263.2959289550781,22.60995101928711,279.7309265136719,41.93282699584961,0.8268499970436096,-1,-1,-1
160,-1,164.32374572753906,55.73981475830078,201.43270874023438,90.87820434570312,0.7198135256767273,-1,-1,-1
160,-1,114.71253967285156,111.66725158691406,175.4064178466797,144.35276794433594,0.6195840835571289,-1,-1,-1
160,-1,163.30535888671875,80.46007537841797,215.25311279296875,106.48487854003906,0.616005003452301,-1,-1,-1
161,-1,234.7199249267578,35.91839599609375,256.1234436035156,54.428401947021484,0.9613258838653564,-1,-1,-1
161,-1,122.0851058959961,82.08757019042969,164.21571350097656,117.29240417480469,0.8756268620491028,-1,-1,-1
161,-1,263.3032531738281,22.6373348236084,279.7234802246094,41.95234680175781,0.8293870091438293,-1,-1,-1
161,-1,164.39996337890625,55.66890335083008,201.3217315673828,90.92274475097656,0.6790270209312439,-1,-1,-1
161,-1,163.13699340820312,80.44412994384766,215.3862762451172,106.4705810546875,0.6269339919090271,-1,-1,-1
161,-1,114.7483139038086,111.72920227050781,175.55982971191406,144.26490783691406,0.6099386215209961,-1,-1,-1
162,-1,234.30833435058594,35.860198974609375,256.1624755859375,54.51165008544922,0.9705988168716431,-1,-1,-1
162,-1,119.68902587890625,83.2703628540039,163.64035034179688,119.18807983398438,0.8590617775917053,-1,-1,-1
162,-1,163.2162322998047,55.52867126464844,200.87451171875,91.9754867553711,0.7745496034622192,-1,-1,-1
162,-1,262.6923828125,26.473604202270508,279.6496276855469,44.34447479248047,0.7282580137252808,-1,-1,-1
163,-1,234.15667724609375,37.84185028076172,255.5474853515625,56.21904373168945,0.9201138615608215,-1,-1,-1
163,-1,163.26611328125,55.9221305847168,199.7027587890625,92.27191925048828,0.7095781564712524,-1,-1,-1
164,-1,234.63409423828125,37.5468864440918,254.4622039794922,56.489253997802734,0.951487123966217,-1,-1,-1
164,-1,161.63465881347656,56.856666564941406,201.43052673339844,92.11043548583984,0.8322744965553284,-1,-1,-1
164,-1,262.13714599609375,22.592098236083984,277.9275817871094,41.33320236206055,0.6674900650978088,-1,-1,-1
165,-1,234.51150512695312,35.938175201416016,254.59390258789062,54.75309371948242,0.9763712882995605,-1,-1,-1
165,-1,261.6766052246094,26.736961364746094,277.89453125,44.829647064208984,0.7225803732872009,-1,-1,-1
165,-1,117.5718765258789,84.48905181884766,161.2104034423828,120.46524810791016,0.6388100981712341,-1,-1,-1
165,-1,161.85195922851562,56.2026481628418,200.42794799804688,91.92781829833984,0.5812650322914124,-1,-1,-1
166,-1,233.5415496826172,35.94117736816406,254.62411499023438,54.929344177246094,0.9464631080627441,-1,-1,-1
166,-1,261.2243347167969,27.590784072875977,277.37164306640625,44.7401123046875,0.831862211227417,-1,-1,-1
166,-1,160.57431030273438,85.2317123413086,213.6162567138672,109.47080993652344,0.6172782182693481,-1,-1,-1
166,-1,160.83740234375,57.47517013549805,201.417236328125,91.91336059570312,0.5398472547531128,-1,-1,-1
167,-1,233.49139404296875,35.94197082519531,254.60401916503906,54.92963409423828,0.9452821016311646,-1,-1,-1
167,-1,261.22412109375,27.584815979003906,277.37652587890625,44.71472930908203,0.8380932211875916,-1,-1,-1
167,-1,160.6459197998047,85.34506225585938,213.53736877441406,109.38467407226562,0.6414419412612915,-1,-1,-1
167,-1,160.74241638183594,57.53179168701172,201.39614868164062,91.94178009033203,0.5715318918228149,-1,-1,-1
168,-1,232.96612548828125,37.336631774902344,254.5962371826172,56.71472930908203,0.9392475485801697,-1,-1,-1
168,-1,261.37579345703125,22.623878479003906,277.4569396972656,41.03831481933594,0.6872653961181641,-1,-1,-1
168,-1,161.02357482910156,85.73553466796875,213.40289306640625,109.57079315185547,0.5576161742210388,-1,-1,-1
168,-1,160.3177032470703,56.41696548461914,201.8162841796875,92.47438049316406,0.5139419436454773,-1,-1,-1
169,-1,232.9631805419922,37.49870300292969,253.7901611328125,56.86707305908203,0.9500990509986877,-1,-1,-1
169,-1,260.70355224609375,26.14793586730957,277.1683654785156,45.34035873413086,0.8101203441619873,-1,-1,-1
169,-1,160.420654296875,54.81635665893555,200.61428833007812,91.92969512939453,0.6145362854003906,-1,-1,-1
170,-1,232.39012145996094,37.33506393432617,254.8170166015625,57.23280715942383,0.939164936542511,-1,-1,-1
170,-1,159.42092895507812,55.5233268737793,199.732666015625,92.60716247558594,0.5817755460739136,-1,-1,-1
170,-1,260.5344543457031,26.288610458374023,276.37127685546875,45.430152893066406,0.5657339692115784,-1,-1,-1
171,-1,232.28334045410156,37.372825622558594,254.46258544921875,57.115867614746094,0.944756805896759,-1,-1,-1
171,-1,112.60833740234375,85.83065032958984,154.30723571777344,121.12824249267578,0.7943754196166992,-1,-1,-1
171,-1,260.3412170410156,22.350955963134766,276.4893798828125,40.620750427246094,0.6270376443862915,-1,-1,-1
172,-1,232.33157348632812,38.12868118286133,253.61590576171875,57.54194641113281,0.9334452152252197,-1,-1,-1
173,-1,232.33450317382812,38.15627670288086,253.5903778076172,57.47624969482422,0.9332005977630615,-1,-1,-1
174,-1,232.24241638183594,37.64982604980469,252.53506469726562,57.3941535949707,0.9235203266143799,-1,-1,-1
174,-1,259.658203125,25.22386932373047,275.6943054199219,45.91147994995117,0.6631541848182678,-1,-1,-1
174,-1,155.8232421875,58.008995056152344,197.92184448242188,95.64728546142578,0.5289959907531738,-1,-1,-1
175,-1,232.37112426757812,38.049583435058594,251.54299926757812,57.77741622924805,0.9400293827056885,-1,-1,-1
175,-1,259.34735107421875,25.57844352722168,275.29241943359375,46.190799713134766,0.7499958872795105,-1,-1,-1
176,-1,232.5109100341797,38.20334243774414,250.4774627685547,57.94432830810547,0.9625312089920044,-1,-1,-1
176,-1,259.90216064453125,23.444307327270508,275.5032043457031,39.17904281616211,0.5156300067901611,-1,-1,-1
177,-1,232.39279174804688,38.60213851928711,250.5250244140625,57.944026947021484,0.9364358186721802,-1,-1,-1
177,-1,259.1861572265625,26.039915084838867,274.8300476074219,46.406490325927734,0.5480065941810608,-1,-1,-1
178,-1,232.0144805908203,38.23277282714844,250.5609130859375,58.16865158081055,0.9376634359359741,-1,-1,-1
178,-1,258.7290344238281,25.748273849487305,274.57366943359375,46.784217834472656,0.6231440305709839,-1,-1,-1
179,-1,232.01231384277344,38.22252655029297,250.5668487548828,58.166656494140625,0.9379527568817139,-1,-1,-1
179,-1,258.73529052734375,25.703018188476562,274.5904846191406,46.767086029052734,0.6218569874763489,-1,-1,-1
180,-1,231.8227996826172,38.25238800048828,250.44247436523438,58.064353942871094,0.9356411695480347,-1,-1,-1
180,-1,258.7036437988281,25.692028045654297,274.4991760253906,46.344364166259766,0.7277047634124756,-1,-1,-1
181,-1,231.94261169433594,37.80685806274414,250.4962158203125,58.60422134399414,0.9117196798324585,-1,-1,-1
181,-1,258.6741027832031,25.20913314819336,274.22149658203125,46.455074310302734,0.7259337306022644,-1,-1,-1
181,-1,152.03675842285156,57.906280517578125,199.38536071777344,96.67311096191406,0.5591350197792053,-1,-1,-1
182,-1,231.8047332763672,37.78990936279297,250.61550903320312,58.555145263671875,0.9176039099693298,-1,-1,-1
182,-1,258.64385986328125,25.20502471923828,274.3792419433594,46.506412506103516,0.7441823482513428,-1,-1,-1
182,-1,152.05564880371094,58.0517578125,198.6909637451172,96.46005249023438,0.5228941440582275,-1,-1,-1
183,-1,231.78863525390625,37.78834533691406,250.6385040283203,58.558475494384766,0.9084766507148743,-1,-1,-1
183,-1,258.6202087402344,25.379146575927734,274.3130187988281,46.45216751098633,0.7078640460968018,-1,-1,-1
184,-1,231.77146911621094,37.78205871582031,250.67604064941406,58.542633056640625,0.902358889579773,-1,-1,-1
184,-1,258.6219482421875,25.286806106567383,274.34423828125,46.52819061279297,0.7092326283454895,-1,-1,-1
185,-1,231.7721710205078,37.781864166259766,250.67430114746094,58.541259765625,0.9021811485290527,-1,-1,-1
185,-1,258.6217956542969,25.286191940307617,274.3453369140625,46.53097915649414,0.709717333316803,-1,-1,-1
186,-1,231.77162170410156,37.77876663208008,250.6893768310547,58.51121139526367,0.9009823799133301,-1,-1,-1
186,-1,258.6221618652344,25.248384475708008,274.3639831542969,46.543338775634766,0.7082846164703369,-1,-1,-1
187,-1,231.77603149414062,37.7804069519043,250.68467712402344,58.51224136352539,0.8981993794441223,-1,-1,-1
187,-1,258.625732421875,25.239065170288086,274.3714294433594,46.54130935668945,0.7083775401115417,-1,-1,-1
188,-1,231.7709197998047,37.77924728393555,250.69091796875,58.5107307434082,0.8980470895767212,-1,-1,-1
188,-1,258.6257629394531,25.235694885253906,274.36505126953125,46.54286575317383,0.7063868045806885,-1,-1,-1
189,-1,231.77175903320312,37.7784423828125,250.6900177001953,58.512149810791016,0.8976984024047852,-1,-1,-1
189,-1,258.626953125,25.233060836791992,274.3642883300781,46.543495178222656,0.7064483761787415,-1,-1,-1
190,-1,231.77459716796875,37.78501510620117,250.6861114501953,58.51062774658203,0.8975188136100769,-1,-1,-1
190,-1,258.6260070800781,25.240589141845703,274.3677978515625,46.53965377807617,0.7066130638122559,-1,-1,-1
191,-1,231.77476501464844,37.784950256347656,250.68580627441406,58.510921478271484,0.8974310159683228,-1,-1,-1
191,-1,258.6263122558594,25.238378524780273,274.3689270019531,46.54069137573242,0.7067973017692566,-1,-1,-1
192,-1,231.77310180664062,37.77949523925781,250.68777465820312,58.51188278198242,0.8974504470825195,-1,-1,-1
192,-1,258.62652587890625,25.233388900756836,274.36480712890625,46.54303741455078,0.7067129015922546,-1,-1,-1
193,-1,231.77432250976562,37.785152435302734,250.6866455078125,58.51105880737305,0.8974034786224365,-1,-1,-1
193,-1,258.62554931640625,25.237937927246094,274.36944580078125,46.5394401550293,0.7067350149154663,-1,-1,-1
194,-1,231.7718505859375,37.78083038330078,250.69017028808594,58.5123405456543,0.8979676961898804,-1,-1,-1
194,-1,258.6251525878906,25.23598289489746,274.36761474609375,46.53882598876953,0.704029381275177,-1,-1,-1
195,-1,231.77110290527344,37.781715393066406,250.68972778320312,58.511470794677734,0.8983338475227356,-1,-1,-1
195,-1,258.6242980957031,25.239774703979492,274.3710021972656,46.53731155395508,0.7046527862548828,-1,-1,-1
196,-1,231.7701873779297,37.760772705078125,250.6956329345703,58.52016830444336,0.8969162702560425,-1,-1,-1
196,-1,258.6215515136719,25.238929748535156,274.3746337890625,46.536712646484375,0.7045429944992065,-1,-1,-1
197,-1,231.7710723876953,37.76124572753906,250.69613647460938,58.520599365234375,0.8970203995704651,-1,-1,-1
197,-1,258.62139892578125,25.240249633789062,274.3742980957031,46.535884857177734,0.7045276165008545,-1,-1,-1
198,-1,231.77166748046875,37.76235580444336,250.69602966308594,58.52081298828125,0.8974360227584839,-1,-1,-1
198,-1,258.61981201171875,25.242403030395508,274.3737487792969,46.536033630371094,0.7048182487487793,-1,-1,-1
199,-1,231.74923706054688,37.80009841918945,250.72035217285156,58.538875579833984,0.8928157091140747,-1,-1,-1
199,-1,258.6280517578125,25.231897354125977,274.3741149902344,46.539825439453125,0.6981161236763,-1,-1,-1
200,-1,231.74562072753906,37.80207824707031,250.72328186035156,58.53970718383789,0.8930371403694153,-1,-1,-1
200,-1,258.62841796875,25.23201560974121,274.37237548828125,46.542015075683594,0.697016179561615,-1,-1,-1
201,-1,231.74563598632812,37.80244064331055,250.72364807128906,58.53846740722656,0.8926604390144348,-1,-1,-1
201,-1,258.628662109375,25.233665466308594,274.3734436035156,46.539878845214844,0.6969391107559204,-1,-1,-1
202,-1,231.74378967285156,37.80063247680664,250.7246551513672,58.53984069824219,0.8930652141571045,-1,-1,-1
202,-1,258.628173828125,25.233131408691406,274.3720703125,46.54182052612305,0.6968781352043152,-1,-1,-1
203,-1,231.74368286132812,37.79828643798828,250.72406005859375,58.540802001953125,0.8930524587631226,-1,-1,-1
203,-1,258.6281433105469,25.23137092590332,274.37225341796875,46.542911529541016,0.6970637440681458,-1,-1,-1
204,-1,231.74476623535156,37.798179626464844,250.7229461669922,58.53926467895508,0.8923355937004089,-1,-1,-1
204,-1,258.6294860839844,25.230670928955078,274.3736877441406,46.541446685791016,0.6971451640129089,-1,-1,-1
205,-1,231.74375915527344,37.801170349121094,250.72508239746094,58.53962707519531,0.8931953310966492,-1,-1,-1
205,-1,258.6278991699219,25.234832763671875,274.37176513671875,46.541263580322266,0.6967376470565796,-1,-1,-1
206,-1,231.7498016357422,37.79275131225586,250.7152099609375,58.545658111572266,0.8919054865837097,-1,-1,-1
206,-1,258.6363525390625,25.244110107421875,274.3753356933594,46.53874588012695,0.6980274319648743,-1,-1,-1
207,-1,231.7505645751953,37.79275894165039,250.71389770507812,58.545658111572266,0.8917540311813354,-1,-1,-1
207,-1,258.6371154785156,25.24103546142578,274.3761291503906,46.53973388671875,0.6981410384178162,-1,-1,-1
208,-1,231.75132751464844,37.79192352294922,250.71481323242188,58.54710388183594,0.8920135498046875,-1,-1,-1
208,-1,258.635986328125,25.240930557250977,274.3731689453125,46.535953521728516,0.7012363076210022,-1,-1,-1
209,-1,231.75111389160156,37.79350280761719,250.71572875976562,58.54643630981445,0.8920530080795288,-1,-1,-1
209,-1,258.6358337402344,25.2429141998291,274.3728332519531,46.53513717651367,0.7010446190834045,-1,-1,-1
210,-1,231.7538299560547,37.79785919189453,250.7125701904297,58.547149658203125,0.8916693925857544,-1,-1,-1
210,-1,258.6352844238281,25.247333526611328,274.3741149902344,46.533241271972656,0.7005149722099304,-1,-1,-1
211,-1,231.77381896972656,37.78453063964844,250.6704559326172,58.50914764404297,0.8892511129379272,-1,-1,-1
211,-1,258.629638671875,25.314353942871094,274.36260986328125,46.498390197753906,0.7038657665252686,-1,-1,-1
212,-1,231.7794952392578,37.793663024902344,250.66275024414062,58.503028869628906,0.8897570371627808,-1,-1,-1
212,-1,258.61907958984375,25.32596778869629,274.34014892578125,46.49065017700195,0.6996850371360779,-1,-1,-1
213,-1,231.78036499023438,37.793087005615234,250.6625213623047,58.5027961730957,0.8895841836929321,-1,-1,-1
213,-1,258.6203308105469,25.327999114990234,274.3402099609375,46.48833465576172,0.6997212171554565,-1,-1,-1
214,-1,231.77992248535156,37.79233932495117,250.6634521484375,58.50367736816406,0.8900973796844482,-1,-1,-1
214,-1,258.6194763183594,25.32994842529297,274.33984375,46.48794937133789,0.6997591853141785,-1,-1,-1
215,-1,231.7799530029297,37.79127502441406,250.6626739501953,58.50422668457031,0.8900983929634094,-1,-1,-1
215,-1,258.6195983886719,25.32858657836914,274.34027099609375,46.48872375488281,0.7000465393066406,-1,-1,-1
216,-1,231.77978515625,37.79136657714844,250.66322326660156,58.50416946411133,0.8901787996292114,-1,-1,-1
216,-1,258.61944580078125,25.32964324951172,274.3399963378906,46.488197326660156,0.6999382376670837,-1,-1,-1
217,-1,231.7047119140625,37.8260383605957,250.78575134277344,58.53633117675781,0.7848734259605408,-1,-1,-1
217,-1,258.8157958984375,25.159748077392578,274.4618835449219,46.66775131225586,0.534220814704895,-1,-1,-1
217,-1,152.0369110107422,57.521297454833984,199.08364868164062,95.89193725585938,0.5202226638793945,-1,-1,-1
217,-1,258.8157958984375,25.159748077392578,274.4618835449219,46.66775131225586,0.5096744298934937,-1,-1,-1
218,-1,231.72366333007812,37.762535095214844,250.74546813964844,58.60727310180664,0.803903341293335,-1,-1,-1
218,-1,152.04034423828125,57.38460159301758,199.2603302001953,95.48677825927734,0.573958158493042,-1,-1,-1
218,-1,258.64556884765625,25.23800277709961,274.4033508300781,46.644405364990234,0.5607272386550903,-1,-1,-1
218,-1,258.64556884765625,25.23800277709961,274.4033508300781,46.644405364990234,0.5426777005195618,-1,-1,-1
219,-1,231.7236328125,37.75692367553711,250.74119567871094,58.605159759521484,0.8032346963882446,-1,-1,-1
219,-1,152.03138732910156,57.346343994140625,199.2384033203125,95.5770034790039,0.5757277607917786,-1,-1,-1
219,-1,258.64971923828125,25.241968154907227,274.404541015625,46.641998291015625,0.5625656247138977,-1,-1,-1
219,-1,258.64971923828125,25.241968154907227,274.404541015625,46.641998291015625,0.5426321625709534,-1,-1,-1
220,-1,231.7233428955078,37.75883102416992,250.7412872314453,58.606449127197266,0.8046084046363831,-1,-1,-1
220,-1,152.052490234375,57.38300323486328,199.24160766601562,95.54696655273438,0.5710510015487671,-1,-1,-1
220,-1,258.6489562988281,25.244686126708984,274.4053039550781,46.64114761352539,0.5630959272384644,-1,-1,-1
220,-1,258.6489562988281,25.244686126708984,274.4053039550781,46.64114761352539,0.5416611433029175,-1,-1,-1
221,-1,231.72329711914062,37.7571907043457,250.7417449951172,58.60691833496094,0.8044649958610535,-1,-1,-1
221,-1,152.05308532714844,57.37667465209961,199.24337768554688,95.55615997314453,0.5737224221229553,-1,-1,-1
221,-1,258.6487121582031,25.243253707885742,274.40814208984375,46.64006805419922,0.5637660026550293,-1,-1,-1
221,-1,258.6487121582031,25.243253707885742,274.40814208984375,46.64006805419922,0.5414034128189087,-1,-1,-1
222,-1,231.7233428955078,37.75728225708008,250.74171447753906,58.60640335083008,0.8041380047798157,-1,-1,-1
222,-1,152.05104064941406,57.370933532714844,199.24269104003906,95.55572509765625,0.5735687017440796,-1,-1,-1
222,-1,258.6490478515625,25.243759155273438,274.4072570800781,46.6408805847168,0.5631219744682312,-1,-1,-1
222,-1,258.6490478515625,25.243759155273438,274.4072570800781,46.6408805847168,0.5417962074279785,-1,-1,-1
223,-1,231.7227020263672,37.758399963378906,250.74227905273438,58.6053581237793,0.8036263585090637,-1,-1,-1
223,-1,152.046142578125,57.36588668823242,199.24420166015625,95.56065368652344,0.5735296607017517,-1,-1,-1
223,-1,258.6493225097656,25.243053436279297,274.4048156738281,46.642921447753906,0.5619058609008789,-1,-1,-1
223,-1,258.6493225097656,25.243053436279297,274.4048156738281,46.642921447753906,0.5427194237709045,-1,-1,-1
224,-1,231.72254943847656,37.758235931396484,250.74232482910156,58.60564041137695,0.803831934928894,-1,-1,-1
224,-1,152.0458526611328,57.366363525390625,199.24395751953125,95.56037902832031,0.5734930038452148,-1,-1,-1
224,-1,258.6493835449219,25.242403030395508,274.4056396484375,46.642208099365234,0.562425971031189,-1,-1,-1
224,-1,258.6493835449219,25.242403030395508,274.4056396484375,46.642208099365234,0.5424703359603882,-1,-1,-1
225,-1,231.7229461669922,37.757957458496094,250.74252319335938,58.606510162353516,0.8040120601654053,-1,-1,-1
225,-1,152.0475616455078,57.368675231933594,199.24481201171875,95.55961608886719,0.5731656551361084,-1,-1,-1
225,-1,258.64910888671875,25.242332458496094,274.40814208984375,46.64057922363281,0.5632308125495911,-1,-1,-1
225,-1,258.64910888671875,25.242332458496094,274.40814208984375,46.64057922363281,0.5419116616249084,-1,-1,-1
226,-1,231.72320556640625,37.75815963745117,250.7424774169922,58.60630798339844,0.8038343191146851,-1,-1,-1
226,-1,152.04751586914062,57.36728286743164,199.2451171875,95.56024169921875,0.5733078718185425,-1,-1,-1
226,-1,258.6492614746094,25.242860794067383,274.4072265625,46.64136505126953,0.5626474618911743,-1,-1,-1
226,-1,258.6492614746094,25.242860794067383,274.4072265625,46.64136505126953,0.5422078371047974,-1,-1,-1
227,-1,231.7227020263672,37.758399963378906,250.74227905273438,58.6053581237793,0.8036263585090637,-1,-1,-1
227,-1,152.046142578125,57.36588668823242,199.24420166015625,95.56065368652344,0.5735296607017517,-1,-1,-1
227,-1,258.6493225097656,25.243053436279297,274.4048156738281,46.642921447753906,0.5619058609008789,-1,-1,-1
227,-1,258.6493225097656,25.243053436279297,274.4048156738281,46.642921447753906,0.5427194237709045,-1,-1,-1
228,-1,231.72254943847656,37.758235931396484,250.74232482910156,58.60564041137695,0.803831934928894,-1,-1,-1
228,-1,152.0458526611328,57.366363525390625,199.24395751953125,95.56037902832031,0.5734930038452148,-1,-1,-1
228,-1,258.6493835449219,25.242403030395508,274.4056396484375,46.642208099365234,0.562425971031189,-1,-1,-1
228,-1,258.6493835449219,25.242403030395508,274.4056396484375,46.642208099365234,0.5424703359603882,-1,-1,-1
229,-1,231.7229461669922,37.757957458496094,250.74252319335938,58.606510162353516,0.8040120601654053,-1,-1,-1
229,-1,152.0475616455078,57.368675231933594,199.24481201171875,95.55961608886719,0.5731656551361084,-1,-1,-1
229,-1,258.64910888671875,25.242332458496094,274.40814208984375,46.64057922363281,0.5632308125495911,-1,-1,-1
229,-1,258.64910888671875,25.242332458496094,274.40814208984375,46.64057922363281,0.5419116616249084,-1,-1,-1
230,-1,231.72320556640625,37.75815963745117,250.7424774169922,58.60630798339844,0.8038343191146851,-1,-1,-1
230,-1,152.04751586914062,57.36728286743164,199.2451171875,95.56024169921875,0.5733078718185425,-1,-1,-1
230,-1,258.6492614746094,25.242860794067383,274.4072265625,46.64136505126953,0.5626474618911743,-1,-1,-1
230,-1,258.6492614746094,25.242860794067383,274.4072265625,46.64136505126953,0.5422078371047974,-1,-1,-1
231,-1,231.7227020263672,37.758399963378906,250.74227905273438,58.6053581237793,0.8036263585090637,-1,-1,-1
231,-1,152.046142578125,57.36588668823242,199.24420166015625,95.56065368652344,0.5735296607017517,-1,-1,-1
231,-1,258.6493225097656,25.243053436279297,274.4048156738281,46.642921447753906,0.5619058609008789,-1,-1,-1
231,-1,258.6493225097656,25.243053436279297,274.4048156738281,46.642921447753906,0.5427194237709045,-1,-1,-1
232,-1,231.72274780273438,37.75844192504883,250.7422637939453,58.60546112060547,0.8037334084510803,-1,-1,-1
232,-1,152.0457763671875,57.36622619628906,199.24407958984375,95.56027221679688,0.5735824704170227,-1,-1,-1
232,-1,258.6492919921875,25.24317741394043,274.4048156738281,46.642887115478516,0.5619454979896545,-1,-1,-1
232,-1,258.6492919921875,25.24317741394043,274.4048156738281,46.642887115478516,0.5426779389381409,-1,-1,-1
233,-1,231.72288513183594,37.75852966308594,250.74227905273438,58.60565185546875,0.8038114905357361,-1,-1,-1
233,-1,152.04693603515625,57.368141174316406,199.24465942382812,95.56037902832031,0.573305070400238,-1,-1,-1
233,-1,258.6492614746094,25.24327850341797,274.4048156738281,46.64284896850586,0.5619673728942871,-1,-1,-1
233,-1,258.6492614746094,25.24327850341797,274.4048156738281,46.64284896850586,0.5426393747329712,-1,-1,-1
234,-1,231.72096252441406,37.75768280029297,250.74411010742188,58.60512161254883,0.8028366565704346,-1,-1,-1
234,-1,152.04884338378906,57.36912155151367,199.24517822265625,95.5604019165039,0.5729458928108215,-1,-1,-1
234,-1,258.64959716796875,25.24131202697754,274.4053955078125,46.64475631713867,0.5612815618515015,-1,-1,-1
234,-1,258.64959716796875,25.24131202697754,274.4053955078125,46.64475631713867,0.5434433221817017,-1,-1,-1
235,-1,231.7213134765625,37.757171630859375,250.74380493164062,58.60626220703125,0.803045392036438,-1,-1,-1
235,-1,152.04669189453125,57.36750030517578,199.24578857421875,95.5615463256836,0.573074221611023,-1,-1,-1
235,-1,258.64910888671875,25.242708206176758,274.406005859375,46.644344329833984,0.5620523691177368,-1,-1,-1
235,-1,258.64910888671875,25.242708206176758,274.406005859375,46.644344329833984,0.5427801012992859,-1,-1,-1
236,-1,231.72097778320312,37.75895690917969,250.7435302734375,58.60625076293945,0.8031222224235535,-1,-1,-1
236,-1,152.04727172851562,57.367713928222656,199.2456817626953,95.56080627441406,0.573012113571167,-1,-1,-1
236,-1,258.64849853515625,25.24265480041504,274.4051513671875,46.6431999206543,0.5623381733894348,-1,-1,-1
236,-1,258.64849853515625,25.24265480041504,274.4051513671875,46.6431999206543,0.5421708226203918,-1,-1,-1
237,-1,231.7209014892578,37.75918197631836,250.74349975585938,58.60616683959961,0.8033120036125183,-1,-1,-1
237,-1,152.0497283935547,57.3702392578125,199.24539184570312,95.55888366699219,0.5728181600570679,-1,-1,-1
237,-1,258.6484375,25.24304962158203,274.4048767089844,46.643123626708984,0.5624999403953552,-1,-1,-1
237,-1,258.6484375,25.24304962158203,274.4048767089844,46.643123626708984,0.5419477224349976,-1,-1,-1
238,-1,231.72146606445312,37.75843811035156,250.74240112304688,58.6065559387207,0.8030695915222168,-1,-1,-1
238,-1,152.04896545410156,57.3687858581543,199.244873046875,95.55956268310547,0.5727007985115051,-1,-1,-1
238,-1,258.6493835449219,25.244380950927734,274.4048767089844,46.64240264892578,0.5632869005203247,-1,-1,-1
238,-1,258.6493835449219,25.244380950927734,274.4048767089844,46.64240264892578,0.5412862300872803,-1,-1,-1
239,-1,231.72232055664062,37.75909423828125,250.74195861816406,58.60661315917969,0.803011417388916,-1,-1,-1
239,-1,152.04873657226562,57.369075775146484,199.24530029296875,95.55938720703125,0.5727570056915283,-1,-1,-1
239,-1,258.6492614746094,25.243736267089844,274.40472412109375,46.6427116394043,0.5628712773323059,-1,-1,-1
239,-1,258.6492614746094,25.243736267089844,274.40472412109375,46.6427116394043,0.5416639447212219,-1,-1,-1
240,-1,231.72232055664062,37.75911331176758,250.74195861816406,58.60661315917969,0.8029974699020386,-1,-1,-1
240,-1,152.04855346679688,57.369022369384766,199.24539184570312,95.5593032836914,0.5727208256721497,-1,-1,-1
240,-1,258.6492614746094,25.243724822998047,274.40472412109375,46.64271926879883,0.5628666877746582,-1,-1,-1
240,-1,258.6492614746094,25.243724822998047,274.40472412109375,46.64271926879883,0.5416695475578308,-1,-1,-1
241,-1,231.71749877929688,37.75666427612305,250.74459838867188,58.60743713378906,0.8057189583778381,-1,-1,-1
241,-1,258.6477966308594,25.247356414794922,274.4022216796875,46.64078903198242,0.5633350610733032,-1,-1,-1
241,-1,152.091552734375,57.38297653198242,199.23797607421875,95.5322265625,0.5620129108428955,-1,-1,-1
241,-1,258.6477966308594,25.247356414794922,274.4022216796875,46.64078903198242,0.540239691734314,-1,-1,-1
242,-1,231.73495483398438,37.75629425048828,250.74191284179688,58.619651794433594,0.8084774613380432,-1,-1,-1
242,-1,152.0982666015625,57.398921966552734,199.23391723632812,95.52091217041016,0.5681899189949036,-1,-1,-1
242,-1,258.64141845703125,25.245304107666016,274.40924072265625,46.63055419921875,0.5549014210700989,-1,-1,-1
242,-1,258.64141845703125,25.245304107666016,274.40924072265625,46.63055419921875,0.5457834601402283,-1,-1,-1
243,-1,231.73379516601562,37.755496978759766,250.7426300048828,58.62100601196289,0.809666097164154,-1,-1,-1
243,-1,152.11488342285156,57.38335037231445,199.22116088867188,95.51114654541016,0.5655232667922974,-1,-1,-1
243,-1,258.640869140625,25.245901107788086,274.40814208984375,46.63050842285156,0.5553556084632874,-1,-1,-1
243,-1,258.640869140625,25.245901107788086,274.40814208984375,46.63050842285156,0.5451362133026123,-1,-1,-1
