28,-1,143.06390380859375,56.410499572753906,186.0786590576172,163.62933349609375,0.623729407787323,-1,-1,-1
29,-1,145.61959838867188,57.48260498046875,187.16751098632812,162.1454315185547,0.8676437735557556,-1,-1,-1
30,-1,156.0600128173828,56.497676849365234,200.44923400878906,165.47837829589844,0.9753704071044922,-1,-1,-1
31,-1,156.09246826171875,56.46057891845703,200.47467041015625,165.5298614501953,0.9750965237617493,-1,-1,-1
32,-1,157.97532653808594,55.39902877807617,201.11717224121094,167.13113403320312,0.9650721549987793,-1,-1,-1
33,-1,157.9637451171875,55.52783203125,201.08746337890625,167.10867309570312,0.9630287289619446,-1,-1,-1
34,-1,167.09262084960938,56.34090042114258,205.57421875,166.67877197265625,0.9333088397979736,-1,-1,-1
35,-1,170.04507446289062,57.44329071044922,206.34458923339844,168.55010986328125,0.9509409666061401,-1,-1,-1
36,-1,180.30532836914062,57.9590950012207,226.17431640625,172.43687438964844,0.5047018527984619,-1,-1,-1
38,-1,183.5092315673828,57.95199203491211,229.17625427246094,169.99270629882812,0.6521884799003601,-1,-1,-1
39,-1,183.42530822753906,58.069820404052734,228.99624633789062,169.69772338867188,0.640244722366333,-1,-1,-1
40,-1,195.203857421875,59.40487289428711,238.64341735839844,171.09913635253906,0.7749894857406616,-1,-1,-1
41,-1,206.34243774414062,51.998512268066406,244.7456512451172,173.6536102294922,0.7139909267425537,-1,-1,-1
42,-1,206.80606079101562,56.98741149902344,252.7591094970703,174.99803161621094,0.9778997302055359,-1,-1,-1
43,-1,206.76795959472656,56.67557907104492,252.86990356445312,175.13661193847656,0.9780576825141907,-1,-1,-1
44,-1,208.04034423828125,56.83599090576172,252.06979370117188,173.5547332763672,0.845485270023346,-1,-1,-1
45,-1,207.7623748779297,56.4891242980957,252.26296997070312,173.81190490722656,0.8707716464996338,-1,-1,-1
46,-1,214.6793975830078,56.75340270996094,263.30938720703125,175.5256805419922,0.9522934556007385,-1,-1,-1
47,-1,219.62843322753906,57.640052795410156,262.8753662109375,172.22732543945312,0.5457697510719299,-1,-1,-1
48,-1,220.11874389648438,55.68504333496094,278.0853576660156,176.9021453857422,0.8327025771141052,-1,-1,-1
49,-1,219.9105682373047,55.637020111083984,278.21240234375,176.86575317382812,0.8248288035392761,-1,-1,-1
50,-1,222.56613159179688,56.11029815673828,278.56854248046875,177.6777801513672,0.9703987240791321,-1,-1,-1
51,-1,222.75372314453125,56.291343688964844,278.570068359375,177.8905792236328,0.9651923179626465,-1,-1,-1
52,-1,228.25961303710938,59.11149215698242,277.61944580078125,176.19236755371094,0.9591570496559143,-1,-1,-1
53,-1,231.65072631835938,64.4221420288086,278.0965270996094,179.47344970703125,0.9093888401985168,-1,-1,-1
54,-1,238.1944580078125,58.948211669921875,284.64703369140625,176.84945678710938,0.9170981049537659,-1,-1,-1
55,-1,238.19017028808594,58.94296646118164,284.60919189453125,176.87648010253906,0.9248318076133728,-1,-1,-1
56,-1,240.85182189941406,58.95167541503906,284.2615661621094,176.9452362060547,0.971157431602478,-1,-1,-1
57,-1,240.90267944335938,59.38856887817383,284.2408142089844,176.91844177246094,0.9735074639320374,-1,-1,-1
58,-1,245.24046325683594,62.461029052734375,290.49395751953125,181.723388671875,0.8892322182655334,-1,-1,-1
59,-1,247.35108947753906,58.16828536987305,301.5768737792969,176.7096405029297,0.9033989906311035,-1,-1,-1
59,-1,32.41317367553711,14.663878440856934,87.09642028808594,55.23859786987305,0.5915012359619141,-1,-1,-1
60,-1,252.49371337890625,60.619110107421875,306.9847717285156,183.13250732421875,0.953187882900238,-1,-1,-1
60,-1,32.37399673461914,14.624123573303223,87.34017181396484,55.410701751708984,0.57347172498703,-1,-1,-1
61,-1,252.4592742919922,60.4976692199707,307.1045227050781,183.27015686035156,0.9539222717285156,-1,-1,-1
61,-1,32.413002014160156,14.603071212768555,87.34786224365234,55.45014572143555,0.5724013447761536,-1,-1,-1
62,-1,252.01577758789062,55.775821685791016,310.2463684082031,178.61949157714844,0.9795886278152466,-1,-1,-1
63,-1,252.65301513671875,55.879825592041016,309.70867919921875,178.35667419433594,0.9818297624588013,-1,-1,-1
64,-1,255.60354614257812,57.93626403808594,317.1991882324219,178.84425354003906,0.9943524599075317,-1,-1,-1
65,-1,256.7975158691406,60.20780944824219,316.4360656738281,183.42514038085938,0.9939109086990356,-1,-1,-1
66,-1,260.5651550292969,59.65907287597656,320.3678894042969,184.12200927734375,0.9806009531021118,-1,-1,-1
67,-1,260.5606384277344,59.685821533203125,320.34356689453125,184.09893798828125,0.980561375617981,-1,-1,-1
68,-1,260.5206298828125,59.623600006103516,320.30535888671875,184.21778869628906,0.9799794554710388,-1,-1,-1
69,-1,260.4188232421875,58.93242263793945,321.4038391113281,185.52149963378906,0.962147057056427,-1,-1,-1
70,-1,258.7626037597656,59.306663513183594,321.1531066894531,184.78457641601562,0.970112681388855,-1,-1,-1
71,-1,258.13800048828125,56.925418853759766,320.69189453125,178.78988647460938,0.9706319570541382,-1,-1,-1
72,-1,254.7276153564453,58.504615783691406,319.87164306640625,176.45596313476562,0.9568134546279907,-1,-1,-1
73,-1,254.72108459472656,58.32182693481445,319.9075012207031,176.60845947265625,0.9586808681488037,-1,-1,-1
74,-1,254.99148559570312,57.57155227661133,319.3572082519531,176.90321350097656,0.9375259876251221,-1,-1,-1
75,-1,254.7173309326172,58.093204498291016,318.0350646972656,186.41549682617188,0.9812281727790833,-1,-1,-1
76,-1,253.28794860839844,49.06531524658203,317.4429626464844,181.83851623535156,0.8263648152351379,-1,-1,-1
77,-1,253.4884490966797,48.41142654418945,317.41375732421875,182.66331481933594,0.8356088399887085,-1,-1,-1
78,-1,246.66018676757812,61.965423583984375,312.0150451660156,183.74659729003906,0.9740333557128906,-1,-1,-1
79,-1,246.710205078125,62.057281494140625,312.04632568359375,183.6756134033203,0.9738196730613708,-1,-1,-1
80,-1,246.49508666992188,61.993431091308594,311.856201171875,183.77040100097656,0.9705196022987366,-1,-1,-1
81,-1,242.56227111816406,63.171409606933594,308.4058837890625,182.7103271484375,0.9862374663352966,-1,-1,-1
82,-1,239.81361389160156,65.49756622314453,296.2191467285156,182.3837432861328,0.9731022715568542,-1,-1,-1
83,-1,239.61032104492188,65.24636840820312,296.44940185546875,182.7455596923828,0.9746080040931702,-1,-1,-1
84,-1,236.6290283203125,63.21223449707031,293.1665344238281,181.73744201660156,0.9678051471710205,-1,-1,-1
85,-1,236.6429443359375,63.24162292480469,293.32257080078125,181.7353973388672,0.9688864350318909,-1,-1,-1
86,-1,236.63352966308594,63.1980094909668,293.2204895019531,181.74374389648438,0.9699554443359375,-1,-1,-1
87,-1,237.3064422607422,65.11089324951172,292.5416259765625,180.018798828125,0.9814311265945435,-1,-1,-1
88,-1,236.482421875,62.89501190185547,294.5474548339844,181.72683715820312,0.9938240647315979,-1,-1,-1
89,-1,236.5438995361328,62.615882873535156,294.56927490234375,182.17074584960938,0.9933260679244995,-1,-1,-1
90,-1,238.5630645751953,60.65983581542969,289.5639953613281,184.28367614746094,0.9788535237312317,-1,-1,-1
91,-1,238.58055114746094,60.61603546142578,289.80419921875,184.363037109375,0.9780306220054626,-1,-1,-1
92,-1,238.62374877929688,60.675479888916016,288.3411560058594,184.17333984375,0.981306254863739,-1,-1,-1
93,-1,238.0865478515625,60.63689422607422,287.6246032714844,184.44715881347656,0.9799801111221313,-1,-1,-1
94,-1,237.91734313964844,60.293212890625,286.2720031738281,184.71815490722656,0.9783556461334229,-1,-1,-1
95,-1,238.20648193359375,59.84687042236328,286.30059814453125,185.0126953125,0.9766937494277954,-1,-1,-1
96,-1,236.63021850585938,60.83439636230469,288.4145812988281,185.7836151123047,0.9610618352890015,-1,-1,-1
97,-1,236.5589599609375,60.69828796386719,288.5482482910156,185.99929809570312,0.9604029059410095,-1,-1,-1
98,-1,236.30934143066406,60.47687530517578,288.2262878417969,186.27560424804688,0.9497471451759338,-1,-1,-1
99,-1,236.02496337890625,61.00935363769531,287.5447998046875,186.5392608642578,0.9468127489089966,-1,-1,-1
100,-1,235.9819793701172,59.12306594848633,287.5391845703125,188.79246520996094,0.9149383902549744,-1,-1,-1
101,-1,236.10328674316406,59.64017105102539,287.42999267578125,188.4584197998047,0.9103707671165466,-1,-1,-1
102,-1,233.2766876220703,66.34892272949219,278.38238525390625,184.24624633789062,0.9529667496681213,-1,-1,-1
103,-1,233.24598693847656,65.99913787841797,278.3713073730469,184.34498596191406,0.9548093676567078,-1,-1,-1
104,-1,233.32557678222656,65.7054214477539,278.3208923339844,184.38119506835938,0.9534202814102173,-1,-1,-1
105,-1,233.08189392089844,67.20632934570312,278.3568115234375,183.68862915039062,0.9569915533065796,-1,-1,-1
106,-1,232.0055389404297,65.94109344482422,278.85772705078125,183.92904663085938,0.9681515097618103,-1,-1,-1
107,-1,231.84751892089844,66.25331115722656,278.98504638671875,184.2352294921875,0.9681310653686523,-1,-1,-1
108,-1,229.62094116210938,64.64205169677734,278.04241943359375,182.1624298095703,0.9735113978385925,-1,-1,-1
109,-1,229.62533569335938,64.95861053466797,278.02874755859375,182.05303955078125,0.9743072986602783,-1,-1,-1
110,-1,229.26393127441406,65.8970947265625,278.0531005859375,181.50848388671875,0.9714619517326355,-1,-1,-1
111,-1,228.87498474121094,65.30362701416016,277.8203125,182.2259063720703,0.9611663818359375,-1,-1,-1
112,-1,225.11392211914062,64.20362854003906,281.2951354980469,184.5387420654297,0.9496250152587891,-1,-1,-1
113,-1,225.01553344726562,63.3939094543457,281.2524719238281,185.19320678710938,0.9567186832427979,-1,-1,-1
114,-1,221.37770080566406,62.83379364013672,279.5065612792969,185.00048828125,0.9803239107131958,-1,-1,-1
115,-1,221.36068725585938,62.84725570678711,279.56390380859375,184.9646453857422,0.9795783162117004,-1,-1,-1
116,-1,221.2708740234375,63.179481506347656,279.6304626464844,184.59280395507812,0.9808763265609741,-1,-1,-1
117,-1,221.7896270751953,65.22837829589844,277.05841064453125,184.02972412109375,0.9809346199035645,-1,-1,-1
118,-1,221.2132568359375,60.86931610107422,275.4436950683594,185.35870361328125,0.9790395498275757,-1,-1,-1
119,-1,221.04220581054688,60.48291778564453,275.5011291503906,185.5316619873047,0.9816288352012634,-1,-1,-1
120,-1,214.67379760742188,59.76264190673828,271.2708740234375,184.03208923339844,0.9758377075195312,-1,-1,-1
121,-1,214.66539001464844,59.8268928527832,271.323974609375,183.96035766601562,0.9764310121536255,-1,-1,-1
122,-1,214.57821655273438,59.34410858154297,271.228271484375,184.566162109375,0.9773728251457214,-1,-1,-1
123,-1,214.17991638183594,59.15802001953125,269.3740539550781,184.08860778808594,0.9807321429252625,-1,-1,-1
124,-1,214.6401824951172,60.539188385009766,268.03448486328125,182.618408203125,0.9851308465003967,-1,-1,-1
125,-1,214.43978881835938,60.492767333984375,267.9959716796875,182.65049743652344,0.9866029024124146,-1,-1,-1
126,-1,214.5093994140625,62.576786041259766,267.3425598144531,181.19989013671875,0.9732524752616882,-1,-1,-1
127,-1,214.5282745361328,62.66641616821289,267.4267272949219,181.15359497070312,0.9741520285606384,-1,-1,-1
128,-1,214.112548828125,62.940345764160156,268.8196716308594,181.41909790039062,0.9747025966644287,-1,-1,-1
129,-1,214.49359130859375,62.27693176269531,270.5679016113281,181.91030883789062,0.9641199111938477,-1,-1,-1
130,-1,214.91563415527344,61.41322326660156,271.3433532714844,183.0840606689453,0.9724675416946411,-1,-1,-1
131,-1,214.92601013183594,61.00704574584961,271.388427734375,183.66445922851562,0.9731621742248535,-1,-1,-1
132,-1,217.39784240722656,60.86310577392578,269.3596496582031,184.6238555908203,0.9301440119743347,-1,-1,-1
133,-1,217.4457550048828,60.856231689453125,269.2651672363281,184.6083984375,0.9291946887969971,-1,-1,-1
134,-1,221.756591796875,60.621856689453125,276.3123779296875,184.26905822753906,0.974090576171875,-1,-1,-1
135,-1,223.0769500732422,59.27398681640625,274.60467529296875,186.05572509765625,0.9628726243972778,-1,-1,-1
136,-1,218.37118530273438,61.3623046875,268.73541259765625,183.7779541015625,0.9179918766021729,-1,-1,-1
137,-1,218.51454162597656,61.87253189086914,268.88140869140625,183.33973693847656,0.9293177127838135,-1,-1,-1
138,-1,215.3358612060547,55.36906433105469,267.23681640625,181.41644287109375,0.9697829484939575,-1,-1,-1
139,-1,215.34454345703125,55.25828552246094,267.28472900390625,181.53033447265625,0.9694828987121582,-1,-1,-1
140,-1,213.73190307617188,62.54201889038086,267.4583740234375,181.639404296875,0.9676916599273682,-1,-1,-1
141,-1,212.66244506835938,61.59577941894531,265.2672119140625,182.2646484375,0.9778794050216675,-1,-1,-1
142,-1,212.7381591796875,63.056358337402344,261.4358215332031,180.29757690429688,0.9457929730415344,-1,-1,-1
143,-1,213.1432342529297,62.852596282958984,261.44708251953125,180.5047149658203,0.9318329095840454,-1,-1,-1
144,-1,211.99302673339844,57.27596664428711,259.9148864746094,179.31175231933594,0.8829943537712097,-1,-1,-1
145,-1,211.9535675048828,57.28635787963867,259.9283142089844,179.26304626464844,0.8832482099533081,-1,-1,-1
146,-1,209.505615234375,57.0831298828125,253.96771240234375,179.01416015625,0.9465632438659668,-1,-1,-1
147,-1,208.76385498046875,56.69699478149414,250.32940673828125,176.6443634033203,0.7530091404914856,-1,-1,-1
148,-1,207.0059051513672,58.37251281738281,244.02259826660156,175.24449157714844,0.6697785258293152,-1,-1,-1
149,-1,207.25625610351562,58.25926208496094,243.69223022460938,175.52586364746094,0.5579783916473389,-1,-1,-1
150,-1,197.23544311523438,55.1627197265625,238.9405975341797,179.23941040039062,0.7313413619995117,-1,-1,-1
151,-1,197.40286254882812,55.225807189941406,238.91238403320312,179.16543579101562,0.7242094874382019,-1,-1,-1
152,-1,187.47747802734375,55.54813766479492,240.34043884277344,177.7583465576172,0.6623571515083313,-1,-1,-1
153,-1,185.07565307617188,49.67335510253906,239.4032440185547,179.94549560546875,0.7218931317329407,-1,-1,-1
154,-1,177.63259887695312,54.224998474121094,232.657470703125,179.83425903320312,0.5486935377120972,-1,-1,-1
155,-1,177.5150909423828,53.670623779296875,232.56324768066406,180.05885314941406,0.603562593460083,-1,-1,-1
156,-1,169.28530883789062,54.83646011352539,212.48599243164062,176.89678955078125,0.8399121165275574,-1,-1,-1
157,-1,169.24411010742188,54.72195053100586,212.5076446533203,176.94557189941406,0.8448185324668884,-1,-1,-1
158,-1,165.0629425048828,55.964576721191406,208.66700744628906,174.4158477783203,0.6207643747329712,-1,-1,-1
159,-1,162.01837158203125,51.44528579711914,202.2338104248047,177.05252075195312,0.794414758682251,-1,-1,-1
160,-1,156.93421936035156,55.61566162109375,201.6648712158203,174.07733154296875,0.8037724494934082,-1,-1,-1
161,-1,157.06561279296875,54.991554260253906,201.5819549560547,174.4499969482422,0.7577861547470093,-1,-1,-1
162,-1,150.5957489013672,59.402252197265625,200.0442352294922,172.58627319335938,0.952781081199646,-1,-1,-1
163,-1,150.57537841796875,59.40739440917969,200.0281982421875,172.5736846923828,0.9563260674476624,-1,-1,-1
164,-1,149.62606811523438,58.095951080322266,198.95709228515625,172.11012268066406,0.9043464660644531,-1,-1,-1
165,-1,145.78622436523438,57.79743957519531,191.71380615234375,173.88230895996094,0.8098310232162476,-1,-1,-1
166,-1,140.70382690429688,59.13370132446289,185.18536376953125,168.55258178710938,0.9213290214538574,-1,-1,-1
167,-1,140.69284057617188,59.37784194946289,185.20155334472656,168.4277801513672,0.922658383846283,-1,-1,-1
168,-1,138.19178771972656,55.939361572265625,176.3059844970703,170.48416137695312,0.6431745886802673,-1,-1,-1
169,-1,138.1880645751953,55.936431884765625,176.3664093017578,170.51663208007812,0.6418917179107666,-1,-1,-1
170,-1,138.01077270507812,56.90462112426758,174.99253845214844,170.24168395996094,0.8707079291343689,-1,-1,-1
172,-1,137.9154052734375,55.93470764160156,170.6562042236328,166.10736083984375,0.7320516705513,-1,-1,-1
173,-1,137.99212646484375,55.95936584472656,170.485107421875,166.65377807617188,0.7225826978683472,-1,-1,-1
174,-1,136.54833984375,43.90741729736328,163.79214477539062,162.0777587890625,0.7788224220275879,-1,-1,-1
175,-1,136.5591278076172,43.8859977722168,163.7588653564453,162.08949279785156,0.7819647789001465,-1,-1,-1
236,-1,135.81246948242188,66.2252197265625,153.1606903076172,134.47109985351562,0.5973432064056396,-1,-1,-1
242,-1,137.62738037109375,57.50194549560547,163.99594116210938,166.4050750732422,0.830411970615387,-1,-1,-1
243,-1,138.3308563232422,54.4676513671875,165.19015502929688,170.34854125976562,0.9438530802726746,-1,-1,-1
244,-1,137.77317810058594,56.51714324951172,170.32041931152344,164.66004943847656,0.9795203804969788,-1,-1,-1
245,-1,137.79759216308594,56.493797302246094,170.5198516845703,164.71974182128906,0.9796943664550781,-1,-1,-1
246,-1,138.38160705566406,57.89878845214844,174.47512817382812,167.60983276367188,0.9900418519973755,-1,-1,-1
247,-1,138.39146423339844,57.934871673583984,174.46859741210938,167.64859008789062,0.989861011505127,-1,-1,-1
248,-1,137.22593688964844,59.43860626220703,178.2090606689453,170.13929748535156,0.9864056706428528,-1,-1,-1
249,-1,138.79171752929688,57.125858306884766,185.7021942138672,171.12191772460938,0.9716212749481201,-1,-1,-1
250,-1,138.09652709960938,58.345184326171875,190.2484893798828,168.57858276367188,0.9889986515045166,-1,-1,-1
251,-1,138.2790985107422,57.94355392456055,189.630859375,168.8544464111328,0.9900500774383545,-1,-1,-1
252,-1,137.82972717285156,57.60744094848633,193.40354919433594,168.05540466308594,0.9940747022628784,-1,-1,-1
253,-1,137.8563232421875,57.40936279296875,193.24679565429688,168.22235107421875,0.993300199508667,-1,-1,-1
254,-1,143.1192169189453,60.694908142089844,194.07003784179688,168.4801025390625,0.9814742207527161,-1,-1,-1
255,-1,149.75144958496094,57.104488372802734,198.907958984375,171.86752319335938,0.9732028841972351,-1,-1,-1
256,-1,152.13571166992188,58.56071853637695,201.63449096679688,172.93045043945312,0.9849286079406738,-1,-1,-1
257,-1,152.4761505126953,58.457252502441406,201.26670837402344,173.11795043945312,0.9854039549827576,-1,-1,-1
258,-1,156.88580322265625,57.10297775268555,201.59811401367188,173.75210571289062,0.9884796738624573,-1,-1,-1
259,-1,156.89772033691406,56.991092681884766,201.5565185546875,173.79905700683594,0.9883965253829956,-1,-1,-1
260,-1,159.5875701904297,58.09023666381836,201.88467407226562,171.92886352539062,0.9833596348762512,-1,-1,-1
261,-1,160.1911163330078,56.576148986816406,202.14219665527344,173.8115997314453,0.9702688455581665,-1,-1,-1
261,-1,31.3187313079834,13.849217414855957,87.87603759765625,50.98733901977539,0.6215533018112183,-1,-1,-1
262,-1,164.51234436035156,59.57789611816406,220.60728454589844,171.26121520996094,0.9761074781417847,-1,-1,-1
262,-1,31.360424041748047,13.937131881713867,87.8560791015625,50.98738479614258,0.5409885048866272,-1,-1,-1
263,-1,164.6793975830078,60.16819763183594,220.6055908203125,170.80905151367188,0.9761378169059753,-1,-1,-1
263,-1,31.242000579833984,13.998941421508789,87.9374771118164,50.94598388671875,0.5444597005844116,-1,-1,-1
264,-1,167.8520050048828,60.34192657470703,221.03756713867188,168.1936492919922,0.8745502829551697,-1,-1,-1
264,-1,31.338550567626953,14.074390411376953,87.7237548828125,50.779075622558594,0.5378335118293762,-1,-1,-1
265,-1,167.86062622070312,60.35184097290039,221.06906127929688,168.22628784179688,0.8749721646308899,-1,-1,-1
265,-1,31.33815574645996,14.087970733642578,87.71712493896484,50.760581970214844,0.5426438450813293,-1,-1,-1
266,-1,173.4694061279297,53.14784622192383,230.25637817382812,171.06039428710938,0.9119631052017212,-1,-1,-1
267,-1,178.1595458984375,54.12667465209961,232.35443115234375,170.14874267578125,0.9255388379096985,-1,-1,-1
268,-1,184.2605438232422,57.24783706665039,237.77713012695312,171.83203125,0.936489999294281,-1,-1,-1
269,-1,184.10708618164062,57.377235412597656,237.8848419189453,171.7633514404297,0.9407742023468018,-1,-1,-1
270,-1,184.67088317871094,61.069007873535156,239.36561584472656,170.14244079589844,0.9096727967262268,-1,-1,-1
271,-1,184.63157653808594,61.0931396484375,239.43603515625,170.1616973876953,0.9093064665794373,-1,-1,-1
272,-1,207.67922973632812,58.520084381103516,245.89723205566406,170.24293518066406,0.9044510126113892,-1,-1,-1
273,-1,206.0893096923828,57.48649215698242,247.38851928710938,170.9805908203125,0.9194811582565308,-1,-1,-1
274,-1,205.04544067382812,58.01517105102539,248.35023498535156,168.8654022216797,0.9613053798675537,-1,-1,-1
275,-1,205.4375457763672,57.32503890991211,248.314697265625,169.06875610351562,0.9528206586837769,-1,-1,-1
276,-1,205.17555236816406,57.74701690673828,248.6251678466797,168.3358154296875,0.8614541888237,-1,-1,-1
277,-1,205.1315155029297,57.79875564575195,248.59600830078125,168.33670043945312,0.8632005453109741,-1,-1,-1
278,-1,206.98561096191406,56.872257232666016,245.98919677734375,167.30599975585938,0.883708119392395,-1,-1,-1
279,-1,206.51141357421875,54.49073028564453,244.64459228515625,168.71983337402344,0.8355411291122437,-1,-1,-1
280,-1,191.55667114257812,56.99333572387695,242.91090393066406,168.3170623779297,0.8996794819831848,-1,-1,-1
281,-1,191.44859313964844,57.34073257446289,242.6602325439453,168.23716735839844,0.8788202404975891,-1,-1,-1
282,-1,190.3772735595703,58.74934387207031,243.6328887939453,167.29721069335938,0.922275722026825,-1,-1,-1
283,-1,190.4167022705078,58.669857025146484,243.54147338867188,167.27120971679688,0.9214315414428711,-1,-1,-1
284,-1,190.86244201660156,60.0970458984375,245.67669677734375,163.69227600097656,0.8384906649589539,-1,-1,-1
285,-1,190.61827087402344,60.14847946166992,245.84678649902344,161.2075958251953,0.7905544638633728,-1,-1,-1
286,-1,189.41958618164062,54.95570373535156,246.52146911621094,155.70632934570312,0.9223910570144653,-1,-1,-1
287,-1,189.51043701171875,55.03862762451172,246.41925048828125,155.59718322753906,0.9265838861465454,-1,-1,-1
288,-1,189.02000427246094,55.53985595703125,246.78053283691406,164.42764282226562,0.9256777763366699,-1,-1,-1
289,-1,189.1069793701172,55.66301727294922,246.75845336914062,164.32994079589844,0.9257387518882751,-1,-1,-1
290,-1,201.5139617919922,58.708683013916016,248.7887725830078,162.02740478515625,0.960701048374176,-1,-1,-1
291,-1,202.6919403076172,60.8852653503418,250.8865203857422,161.83583068847656,0.9680259227752686,-1,-1,-1
292,-1,209.04945373535156,59.87895202636719,252.49717712402344,161.6641845703125,0.9690401554107666,-1,-1,-1
293,-1,209.04083251953125,59.7812614440918,252.2392578125,161.35836791992188,0.9647632241249084,-1,-1,-1
294,-1,211.0137176513672,60.116764068603516,250.03326416015625,161.5909423828125,0.9386226534843445,-1,-1,-1
295,-1,211.02821350097656,60.097137451171875,249.9383544921875,161.62416076660156,0.93780517578125,-1,-1,-1
296,-1,216.21665954589844,60.31598663330078,255.59744262695312,160.90924072265625,0.9457622766494751,-1,-1,-1
297,-1,215.59408569335938,59.24687194824219,256.8001403808594,161.74819946289062,0.9515986442565918,-1,-1,-1
298,-1,216.54466247558594,60.16093444824219,256.703369140625,162.35629272460938,0.9740729928016663,-1,-1,-1
299,-1,217.46234130859375,61.09449768066406,256.3045654296875,162.61016845703125,0.9653767943382263,-1,-1,-1
300,-1,217.94473266601562,61.551231384277344,256.0447998046875,162.4816131591797,0.966290295124054,-1,-1,-1
301,-1,218.0279541015625,61.534278869628906,256.0091857910156,162.45333862304688,0.9657741189002991,-1,-1,-1
302,-1,218.50730895996094,58.26376724243164,255.51622009277344,163.6028594970703,0.9536623954772949,-1,-1,-1
303,-1,218.63282775878906,59.015716552734375,255.7823486328125,161.1815948486328,0.9503165483474731,-1,-1,-1
304,-1,218.7661590576172,59.69193649291992,256.41943359375,160.2274932861328,0.9586133360862732,-1,-1,-1
305,-1,218.58224487304688,60.43037033081055,256.515869140625,160.2911376953125,0.9478731155395508,-1,-1,-1
306,-1,219.5516815185547,58.29397201538086,256.1785888671875,161.4459991455078,0.9383406639099121,-1,-1,-1
307,-1,219.50167846679688,58.32170867919922,256.1362609863281,161.45437622070312,0.9367595911026001,-1,-1,-1
308,-1,221.24044799804688,57.39185333251953,256.35797119140625,162.01504516601562,0.9496826529502869,-1,-1,-1
309,-1,218.8196563720703,59.03799057006836,257.2886962890625,163.0598907470703,0.9313491582870483,-1,-1,-1
310,-1,218.72384643554688,59.90422058105469,257.97412109375,162.31175231933594,0.9285680651664734,-1,-1,-1
311,-1,219.384033203125,59.94913101196289,257.89886474609375,162.07203674316406,0.9373006820678711,-1,-1,-1
312,-1,219.80685424804688,59.84532165527344,258.8937683105469,161.60763549804688,0.9456257224082947,-1,-1,-1
313,-1,219.85475158691406,59.844032287597656,258.90673828125,161.64163208007812,0.9474905133247375,-1,-1,-1
314,-1,220.12393188476562,58.77556610107422,260.435791015625,162.877685546875,0.8657087087631226,-1,-1,-1
315,-1,220.84474182128906,60.31876754760742,260.52130126953125,162.1936798095703,0.733173131942749,-1,-1,-1
316,-1,221.12069702148438,62.16497802734375,261.02947998046875,161.12442016601562,0.5032075643539429,-1,-1,-1
317,-1,220.84597778320312,61.83953094482422,261.0596923828125,161.0444793701172,0.5467362403869629,-1,-1,-1
318,-1,221.85548400878906,61.745018005371094,262.12591552734375,163.23345947265625,0.6889153718948364,-1,-1,-1
319,-1,221.89434814453125,61.80294418334961,262.0948486328125,163.2245330810547,0.6779556274414062,-1,-1,-1
320,-1,222.6642608642578,56.365604400634766,264.38397216796875,165.6348114013672,0.930353045463562,-1,-1,-1
321,-1,221.91741943359375,56.55426788330078,265.94830322265625,166.60836791992188,0.9165709614753723,-1,-1,-1
322,-1,229.0513916015625,61.45899963378906,267.89410400390625,168.92063903808594,0.9544544219970703,-1,-1,-1
323,-1,229.06048583984375,61.61259460449219,267.9365234375,168.68997192382812,0.9525765776634216,-1,-1,-1
324,-1,227.4543914794922,64.16452026367188,273.10638427734375,168.41448974609375,0.9862176179885864,-1,-1,-1
325,-1,227.4826202392578,64.1717758178711,273.1076354980469,168.47665405273438,0.9860084652900696,-1,-1,-1
326,-1,230.7330322265625,66.37910461425781,277.4404602050781,168.20477294921875,0.9185781478881836,-1,-1,-1
327,-1,233.6892852783203,62.00083541870117,276.6734924316406,171.05126953125,0.9851118326187134,-1,-1,-1
328,-1,231.03424072265625,66.05233764648438,276.26153564453125,165.12879943847656,0.9949842095375061,-1,-1,-1
329,-1,231.02699279785156,66.17832946777344,276.2635498046875,165.0015411376953,0.9952059388160706,-1,-1,-1
330,-1,229.93161010742188,63.2181282043457,276.1595458984375,167.8466339111328,0.9881091117858887,-1,-1,-1
331,-1,230.07521057128906,63.233497619628906,276.0628967285156,167.83102416992188,0.9881088733673096,-1,-1,-1
332,-1,223.49200439453125,62.79188537597656,275.1461181640625,166.47085571289062,0.9568389654159546,-1,-1,-1
333,-1,222.4160614013672,64.33975219726562,274.0496826171875,165.1259765625,0.9596667885780334,-1,-1,-1
334,-1,212.38882446289062,62.995819091796875,268.7680358886719,166.27511596679688,0.9838576912879944,-1,-1,-1
335,-1,212.40431213378906,62.900177001953125,268.91009521484375,166.3505401611328,0.9844419360160828,-1,-1,-1
336,-1,209.73385620117188,61.67896270751953,265.6573791503906,165.94447326660156,0.9882680177688599,-1,-1,-1
337,-1,209.68385314941406,61.518550872802734,265.65521240234375,165.98155212402344,0.9884499907493591,-1,-1,-1
338,-1,210.29568481445312,58.496795654296875,260.63641357421875,163.57896423339844,0.9828201532363892,-1,-1,-1
339,-1,206.10317993164062,61.12583923339844,253.72740173339844,164.52560424804688,0.950888454914093,-1,-1,-1
340,-1,206.61224365234375,59.884586334228516,251.24551391601562,165.240234375,0.8448587656021118,-1,-1,-1
341,-1,206.3163604736328,59.86579132080078,251.40016174316406,165.3967742919922,0.8570703864097595,-1,-1,-1
342,-1,207.5830078125,63.596282958984375,247.24937438964844,164.32015991210938,0.7595217227935791,-1,-1,-1
343,-1,207.65760803222656,63.417335510253906,247.24234008789062,164.50914001464844,0.774696946144104,-1,-1,-1
346,-1,178.0244598388672,66.59131622314453,232.6881103515625,162.62637329101562,0.8035088777542114,-1,-1,-1
347,-1,177.78419494628906,66.2204818725586,232.763671875,162.93991088867188,0.7992339134216309,-1,-1,-1
348,-1,176.8580322265625,63.49742126464844,229.77830505371094,165.17127990722656,0.6950053572654724,-1,-1,-1
349,-1,176.78297424316406,63.624794006347656,229.76632690429688,165.13356018066406,0.7036438584327698,-1,-1,-1
405,-1,32.21035385131836,14.874942779541016,87.19483947753906,55.67470169067383,0.5151353478431702,-1,-1,-1
406,-1,32.2225456237793,14.929680824279785,87.1949691772461,55.59956359863281,0.5585454702377319,-1,-1,-1
407,-1,32.22922134399414,15.022900581359863,87.13606262207031,55.553768157958984,0.5756068229675293,-1,-1,-1
408,-1,32.34980392456055,14.885353088378906,86.94715881347656,55.6802864074707,0.5759870409965515,-1,-1,-1
409,-1,32.218353271484375,14.897238731384277,87.0203857421875,55.65934371948242,0.5584259033203125,-1,-1,-1
410,-1,32.26384735107422,15.022788047790527,87.06144714355469,55.549957275390625,0.5132500529289246,-1,-1,-1
411,-1,32.10892868041992,15.030158996582031,87.23704528808594,55.56001281738281,0.5210057497024536,-1,-1,-1
412,-1,31.98900032043457,15.071182250976562,87.38969421386719,55.51959228515625,0.536505937576294,-1,-1,-1
413,-1,32.023406982421875,15.143033027648926,87.38219451904297,55.492271423339844,0.569461464881897,-1,-1,-1
414,-1,32.07854461669922,15.215788841247559,87.38688659667969,55.406219482421875,0.5852473378181458,-1,-1,-1
415,-1,32.075626373291016,15.184331893920898,87.38107299804688,55.43390655517578,0.5884047150611877,-1,-1,-1
417,-1,32.17715072631836,14.867847442626953,87.36865997314453,55.67711639404297,0.5505483150482178,-1,-1,-1
418,-1,32.15663528442383,14.898200035095215,87.39228820800781,55.636688232421875,0.536080002784729,-1,-1,-1
419,-1,32.11796951293945,14.90511417388916,87.44327545166016,55.615421295166016,0.5120257139205933,-1,-1,-1
423,-1,31.308443069458008,14.335098266601562,87.67903137207031,50.36909103393555,0.5330490469932556,-1,-1,-1
425,-1,31.54616355895996,13.929519653320312,87.89710235595703,50.41972732543945,0.5358657240867615,-1,-1,-1
426,-1,31.547391891479492,13.932137489318848,87.84371948242188,50.44636154174805,0.5371660590171814,-1,-1,-1
427,-1,31.553735733032227,13.929490089416504,87.8514175415039,50.4400749206543,0.5383102297782898,-1,-1,-1
428,-1,30.87681007385254,14.265923500061035,88.1654281616211,50.366703033447266,0.5216329097747803,-1,-1,-1
429,-1,31.607343673706055,13.849727630615234,87.83258056640625,50.50068283081055,0.5989985466003418,-1,-1,-1
430,-1,30.949512481689453,14.23936653137207,88.11819458007812,50.14605712890625,0.554507851600647,-1,-1,-1
431,-1,31.40009117126465,13.787220001220703,87.80313110351562,50.3808479309082,0.5172387957572937,-1,-1,-1
432,-1,31.396892547607422,13.827010154724121,87.88201904296875,50.22431564331055,0.5176854133605957,-1,-1,-1
433,-1,31.430892944335938,13.820807456970215,87.87889099121094,50.23459243774414,0.5202770829200745,-1,-1,-1
435,-1,31.08741569519043,14.288399696350098,88.07412719726562,50.239479064941406,0.5754114985466003,-1,-1,-1
436,-1,31.123043060302734,14.214799880981445,87.97340393066406,50.251739501953125,0.588930070400238,-1,-1,-1
437,-1,31.07387924194336,14.240229606628418,88.03877258300781,50.196624755859375,0.5833210349082947,-1,-1,-1
438,-1,31.21263885498047,14.283758163452148,87.93517303466797,50.17983627319336,0.62074214220047,-1,-1,-1
439,-1,31.26692008972168,14.256204605102539,87.9573745727539,50.20514678955078,0.6195587515830994,-1,-1,-1
440,-1,31.399267196655273,14.334400177001953,87.94383239746094,50.11810302734375,0.57684725522995,-1,-1,-1
441,-1,31.516338348388672,14.31540298461914,87.76870727539062,50.07220458984375,0.6576517820358276,-1,-1,-1
442,-1,31.31283950805664,14.318648338317871,88.00887298583984,50.107295989990234,0.5787705183029175,-1,-1,-1
443,-1,31.431175231933594,14.430131912231445,87.82733917236328,49.95297622680664,0.5666269063949585,-1,-1,-1
444,-1,31.372053146362305,14.489757537841797,87.76263427734375,49.92823791503906,0.5920006036758423,-1,-1,-1
445,-1,31.368043899536133,14.489887237548828,87.77204895019531,49.92516326904297,0.6013979315757751,-1,-1,-1
446,-1,31.34199333190918,14.49293327331543,87.83393096923828,49.9830322265625,0.5885496735572815,-1,-1,-1
447,-1,31.3283748626709,14.559279441833496,87.89086151123047,49.92390441894531,0.5686383843421936,-1,-1,-1
448,-1,31.1496639251709,14.422155380249023,87.92125701904297,49.87215042114258,0.5449144244194031,-1,-1,-1
449,-1,31.21712875366211,14.458623886108398,87.93209075927734,49.840763092041016,0.5371603965759277,-1,-1,-1
450,-1,31.080707550048828,14.404590606689453,88.04144287109375,49.90739059448242,0.5113146305084229,-1,-1,-1
451,-1,31.084064483642578,14.404213905334473,88.04443359375,49.90748596191406,0.5154678821563721,-1,-1,-1
521,-1,32.776485443115234,14.07479476928711,86.07237243652344,50.28639221191406,0.5650137066841125,-1,-1,-1
522,-1,32.730674743652344,14.066155433654785,86.19513702392578,50.2684211730957,0.5671855807304382,-1,-1,-1
523,-1,32.717193603515625,14.070334434509277,86.20970153808594,50.255157470703125,0.553496241569519,-1,-1,-1
524,-1,142.71356201171875,57.803916931152344,187.71124267578125,163.5992889404297,0.941922664642334,-1,-1,-1
524,-1,33.096351623535156,13.537662506103516,86.28319549560547,50.60738754272461,0.6868339776992798,-1,-1,-1
525,-1,145.66329956054688,56.54808807373047,191.42013549804688,162.9150390625,0.9783379435539246,-1,-1,-1
525,-1,33.232757568359375,13.496856689453125,85.91177368164062,50.70542526245117,0.718911349773407,-1,-1,-1
526,-1,156.22789001464844,56.075103759765625,200.03541564941406,163.5165557861328,0.9718798995018005,-1,-1,-1
526,-1,32.826351165771484,13.645112991333008,86.47004699707031,50.57856750488281,0.502469003200531,-1,-1,-1
527,-1,158.0209197998047,55.66704559326172,201.72549438476562,165.96517944335938,0.9621281623840332,-1,-1,-1
527,-1,33.08231735229492,13.510624885559082,86.1832275390625,50.774513244628906,0.6084803342819214,-1,-1,-1
528,-1,158.12820434570312,55.2557373046875,201.46231079101562,165.9042510986328,0.9580182433128357,-1,-1,-1
528,-1,33.02523422241211,13.49570083618164,86.06194305419922,50.75114822387695,0.6780390739440918,-1,-1,-1
529,-1,158.13417053222656,55.275447845458984,201.41995239257812,165.9125213623047,0.9583032131195068,-1,-1,-1
529,-1,32.972259521484375,13.505025863647461,86.11090087890625,50.77824401855469,0.6785114407539368,-1,-1,-1
530,-1,166.62889099121094,57.61531448364258,206.80499267578125,166.76051330566406,0.933753252029419,-1,-1,-1
530,-1,32.7014274597168,13.304149627685547,86.4176254272461,50.99908447265625,0.6435984969139099,-1,-1,-1
531,-1,169.4148406982422,58.98505401611328,207.00379943847656,167.89076232910156,0.956019937992096,-1,-1,-1
531,-1,32.71437072753906,13.273109436035156,86.44583892822266,50.970115661621094,0.626759946346283,-1,-1,-1
532,-1,180.4460906982422,55.529212951660156,226.90774536132812,172.88766479492188,0.7863286137580872,-1,-1,-1
532,-1,32.574134826660156,13.314614295959473,86.48681640625,51.09114074707031,0.5362905263900757,-1,-1,-1
533,-1,183.77188110351562,52.24678039550781,228.58889770507812,174.8261260986328,0.6971819996833801,-1,-1,-1
534,-1,183.821044921875,52.70528030395508,228.63706970214844,174.43597412109375,0.7151980996131897,-1,-1,-1
534,-1,32.584617614746094,13.330699920654297,86.39292907714844,51.00163269042969,0.5377682447433472,-1,-1,-1
535,-1,183.80783081054688,52.81422805786133,228.67984008789062,174.4195556640625,0.7172278761863708,-1,-1,-1
535,-1,32.572998046875,13.32711410522461,86.39939880371094,51.00617980957031,0.542064368724823,-1,-1,-1
536,-1,195.09991455078125,57.304359436035156,237.81991577148438,172.32037353515625,0.7580633759498596,-1,-1,-1
536,-1,32.52379608154297,13.409934997558594,86.49946594238281,50.951812744140625,0.5097752213478088,-1,-1,-1
537,-1,206.77366638183594,54.40461349487305,244.43014526367188,173.59628295898438,0.8358585834503174,-1,-1,-1
538,-1,206.7760009765625,59.44477844238281,251.5516357421875,173.40476989746094,0.963282585144043,-1,-1,-1
539,-1,207.16561889648438,55.965362548828125,253.87648010253906,172.97659301757812,0.9328445196151733,-1,-1,-1
540,-1,207.07395935058594,56.15415573120117,253.9142608642578,172.63311767578125,0.932847797870636,-1,-1,-1
541,-1,207.09226989746094,56.15974807739258,253.89077758789062,172.61122131347656,0.9323244690895081,-1,-1,-1
542,-1,213.24049377441406,56.75209045410156,262.9412536621094,173.84014892578125,0.964205801486969,-1,-1,-1
543,-1,217.8978271484375,57.405887603759766,266.81976318359375,171.19126892089844,0.9595776796340942,-1,-1,-1
544,-1,221.2500762939453,56.945125579833984,278.5116882324219,175.4193115234375,0.9854844212532043,-1,-1,-1
545,-1,224.12933349609375,57.75181198120117,277.672607421875,177.46124267578125,0.9831804633140564,-1,-1,-1
546,-1,224.00674438476562,57.56580352783203,277.7291564941406,177.31280517578125,0.9847926497459412,-1,-1,-1
547,-1,223.999755859375,57.592655181884766,277.7565612792969,177.31663513183594,0.985065758228302,-1,-1,-1
548,-1,227.85806274414062,59.164817810058594,278.9077453613281,175.3057861328125,0.9849926829338074,-1,-1,-1
549,-1,231.75668334960938,59.913330078125,278.4170227050781,175.92428588867188,0.9776908755302429,-1,-1,-1
550,-1,237.28054809570312,59.92018508911133,285.9292297363281,176.72833251953125,0.9841908812522888,-1,-1,-1
551,-1,240.3891143798828,59.38835525512695,285.26287841796875,176.2677001953125,0.9693397879600525,-1,-1,-1
552,-1,240.2952423095703,59.26283645629883,284.9161682128906,176.45285034179688,0.9731626510620117,-1,-1,-1
553,-1,240.2938690185547,59.26722717285156,284.885986328125,176.45628356933594,0.9735620617866516,-1,-1,-1
554,-1,245.00914001464844,64.28807067871094,291.93316650390625,181.06231689453125,0.9119638204574585,-1,-1,-1
555,-1,247.84898376464844,56.89769744873047,300.5491943359375,177.36598205566406,0.9140198230743408,-1,-1,-1
556,-1,251.1842041015625,56.66614532470703,307.66064453125,178.3788299560547,0.9622651934623718,-1,-1,-1
557,-1,252.2818145751953,56.36399459838867,309.27264404296875,178.6051788330078,0.9877662658691406,-1,-1,-1
558,-1,252.62753295898438,55.74412536621094,308.42816162109375,179.1507568359375,0.9809067249298096,-1,-1,-1
559,-1,252.70458984375,55.616024017333984,308.35382080078125,179.2023162841797,0.9814032316207886,-1,-1,-1
560,-1,256.653076171875,56.8214111328125,317.489501953125,179.17388916015625,0.9900445938110352,-1,-1,-1
561,-1,256.68951416015625,56.95246887207031,317.4090881347656,179.11703491210938,0.9907553791999817,-1,-1,-1
562,-1,261.1977844238281,61.223968505859375,319.3881530761719,182.94078063964844,0.9792414903640747,-1,-1,-1
563,-1,261.4065246582031,61.2176513671875,319.7518310546875,182.8524932861328,0.97538822889328,-1,-1,-1
564,-1,260.1611022949219,55.39274978637695,320.6585388183594,179.716796875,0.9620401859283447,-1,-1,-1
565,-1,260.1537780761719,55.45042419433594,320.6690979003906,179.68861389160156,0.9641151428222656,-1,-1,-1
566,-1,258.052490234375,57.518043518066406,320.3750915527344,187.6436309814453,0.9485591650009155,-1,-1,-1
567,-1,257.9736022949219,57.41164016723633,320.30462646484375,187.70465087890625,0.9472776055335999,-1,-1,-1
568,-1,255.51612854003906,59.87950134277344,318.8310546875,185.42669677734375,0.9635197520256042,-1,-1,-1
569,-1,255.62730407714844,60.0399169921875,318.6314697265625,185.2480926513672,0.9584465026855469,-1,-1,-1
570,-1,255.37527465820312,59.09873580932617,317.966552734375,185.89646911621094,0.9769749045372009,-1,-1,-1
571,-1,255.36375427246094,59.00080871582031,317.96917724609375,186.02980041503906,0.9765276908874512,-1,-1,-1
572,-1,253.06356811523438,50.53557205200195,318.18927001953125,180.63526916503906,0.7949975728988647,-1,-1,-1
572,-1,246.45590209960938,63.06300354003906,319.6709899902344,126.98990631103516,0.5823926329612732,-1,-1,-1
573,-1,253.3306884765625,50.030784606933594,318.171142578125,180.5819091796875,0.7381327152252197,-1,-1,-1
573,-1,246.55514526367188,62.048606872558594,319.6911926269531,127.2128677368164,0.6253104209899902,-1,-1,-1
574,-1,239.52426147460938,55.97248840332031,315.82220458984375,184.2093048095703,0.9476905465126038,-1,-1,-1
575,-1,246.91184997558594,63.123172760009766,311.3534240722656,182.2880401611328,0.9517978429794312,-1,-1,-1
576,-1,243.33160400390625,61.118072509765625,307.8091735839844,184.9569549560547,0.9687215685844421,-1,-1,-1
577,-1,243.38473510742188,61.14435958862305,307.8314514160156,184.92462158203125,0.9692000150680542,-1,-1,-1
578,-1,238.99554443359375,65.79518127441406,295.9360046386719,181.38699340820312,0.9739421606063843,-1,-1,-1
579,-1,239.09950256347656,65.65373229980469,296.0498046875,181.5834197998047,0.9693477153778076,-1,-1,-1
580,-1,236.86338806152344,64.6570053100586,294.839599609375,181.9547576904297,0.9819183349609375,-1,-1,-1
581,-1,236.8124542236328,64.10989379882812,294.903076171875,182.6121826171875,0.9795657396316528,-1,-1,-1
582,-1,236.4366912841797,64.24940490722656,294.9970703125,181.86993408203125,0.982776939868927,-1,-1,-1
583,-1,236.39686584472656,64.40330505371094,295.0558776855469,181.8360595703125,0.9833521246910095,-1,-1,-1
584,-1,236.2035369873047,62.78913116455078,295.93743896484375,181.86781311035156,0.9930998682975769,-1,-1,-1
585,-1,236.15830993652344,62.78228759765625,295.82073974609375,181.88723754882812,0.9930145144462585,-1,-1,-1
586,-1,237.88108825683594,60.9810791015625,291.06982421875,184.34780883789062,0.956032395362854,-1,-1,-1
587,-1,237.75900268554688,61.1728401184082,290.76336669921875,184.27833557128906,0.9554296731948853,-1,-1,-1
588,-1,237.34774780273438,60.944847106933594,290.40216064453125,184.5025177001953,0.9744680523872375,-1,-1,-1
589,-1,237.2899169921875,60.81951141357422,290.8786315917969,184.54368591308594,0.9754307270050049,-1,-1,-1
590,-1,237.55372619628906,62.5579833984375,287.9811706542969,183.9869384765625,0.9738159775733948,-1,-1,-1
591,-1,237.81410217285156,63.010398864746094,287.773193359375,183.83480834960938,0.9756213426589966,-1,-1,-1
592,-1,235.53402709960938,61.582054138183594,288.3363037109375,185.7367706298828,0.9642654061317444,-1,-1,-1
593,-1,235.67208862304688,61.56476593017578,288.4539489746094,185.88421630859375,0.963893711566925,-1,-1,-1
594,-1,235.80125427246094,60.906349182128906,287.7340087890625,186.16490173339844,0.9639620184898376,-1,-1,-1
595,-1,235.77005004882812,60.82325744628906,287.8580017089844,186.22958374023438,0.9631175398826599,-1,-1,-1
596,-1,235.7764434814453,58.83964157104492,286.9414978027344,187.97335815429688,0.8896542191505432,-1,-1,-1
597,-1,235.92176818847656,59.12529754638672,286.82476806640625,187.38339233398438,0.8853477835655212,-1,-1,-1
598,-1,232.51319885253906,65.71534729003906,279.1907653808594,183.14952087402344,0.9317792654037476,-1,-1,-1
599,-1,232.52590942382812,66.07940673828125,279.04827880859375,182.99929809570312,0.9173808693885803,-1,-1,-1
600,-1,231.9894561767578,67.10685729980469,278.4786376953125,182.08462524414062,0.9330751895904541,-1,-1,-1
601,-1,231.88172912597656,66.8571548461914,278.50738525390625,182.16151428222656,0.9342172741889954,-1,-1,-1
602,-1,230.7274169921875,65.75509643554688,279.39263916015625,184.50253295898438,0.9750598669052124,-1,-1,-1
603,-1,230.54544067382812,65.11319732666016,279.1915588378906,185.06289672851562,0.9667294025421143,-1,-1,-1
604,-1,228.16619873046875,64.20626068115234,278.83038330078125,184.18438720703125,0.9661979079246521,-1,-1,-1
605,-1,228.1881561279297,63.685726165771484,278.8520202636719,184.3548126220703,0.9574832916259766,-1,-1,-1
606,-1,227.26422119140625,63.66374206542969,278.979248046875,184.11448669433594,0.9723727107048035,-1,-1,-1
607,-1,227.26806640625,63.85703659057617,279.0178527832031,184.1817626953125,0.9704195857048035,-1,-1,-1
608,-1,225.0196990966797,61.07630920410156,280.8337707519531,186.1590118408203,0.9639148712158203,-1,-1,-1
609,-1,225.0353240966797,61.163658142089844,281.0098571777344,186.17562866210938,0.963394284248352,-1,-1,-1
610,-1,222.61080932617188,63.21394348144531,279.19818115234375,184.58958435058594,0.9816100597381592,-1,-1,-1
611,-1,222.0020751953125,64.22896575927734,279.2926330566406,184.44906616210938,0.9832630157470703,-1,-1,-1
612,-1,221.67813110351562,65.30233764648438,277.1056823730469,183.5980987548828,0.9889429211616516,-1,-1,-1
613,-1,221.81471252441406,65.14868927001953,277.036865234375,183.7164306640625,0.9893355369567871,-1,-1,-1
614,-1,220.5883026123047,62.14009475708008,275.6983642578125,185.00338745117188,0.9890570640563965,-1,-1,-1
615,-1,220.54281616210938,61.686729431152344,275.7403259277344,185.06687927246094,0.9888850450515747,-1,-1,-1
616,-1,214.4625701904297,58.62361145019531,271.2984619140625,185.71575927734375,0.9697263836860657,-1,-1,-1
617,-1,214.32640075683594,59.22107696533203,271.29534912109375,185.48252868652344,0.9695353507995605,-1,-1,-1
618,-1,214.05804443359375,60.4677848815918,269.581298828125,183.80352783203125,0.9743841290473938,-1,-1,-1
619,-1,214.03817749023438,60.49295425415039,269.50946044921875,183.7696533203125,0.9741355180740356,-1,-1,-1
620,-1,214.28158569335938,59.91798782348633,268.5406188964844,183.99606323242188,0.9824323654174805,-1,-1,-1
621,-1,214.16033935546875,60.18650817871094,268.530029296875,183.9451904296875,0.9829112887382507,-1,-1,-1
622,-1,213.47943115234375,62.38877487182617,267.55084228515625,181.58773803710938,0.9708154201507568,-1,-1,-1
623,-1,214.08364868164062,63.14888381958008,267.9822082519531,181.42367553710938,0.9667128324508667,-1,-1,-1
624,-1,214.3531494140625,61.967159271240234,269.6030578613281,182.40066528320312,0.9573249220848083,-1,-1,-1
625,-1,214.3602294921875,62.00802993774414,269.66583251953125,182.34645080566406,0.9586265683174133,-1,-1,-1
626,-1,214.7563934326172,61.248565673828125,270.5444030761719,176.02154541015625,0.9681694507598877,-1,-1,-1
627,-1,214.70187377929688,61.02910232543945,270.510986328125,176.20262145996094,0.9693134427070618,-1,-1,-1
628,-1,217.2482147216797,62.38602828979492,269.4217529296875,183.11590576171875,0.9404857754707336,-1,-1,-1
629,-1,221.6342315673828,60.95573806762695,276.080322265625,183.91152954101562,0.9873008728027344,-1,-1,-1
630,-1,223.7444305419922,61.191829681396484,274.09185791015625,184.5164031982422,0.9318904876708984,-1,-1,-1
631,-1,223.77078247070312,61.16530227661133,274.0753173828125,184.5714569091797,0.9321720004081726,-1,-1,-1
632,-1,220.2723388671875,61.17606735229492,267.37957763671875,185.648193359375,0.8994354009628296,-1,-1,-1
633,-1,220.0460968017578,61.00613021850586,267.52032470703125,185.58001708984375,0.9016239047050476,-1,-1,-1
634,-1,214.46031188964844,61.23731994628906,268.4851379394531,183.34664916992188,0.9794279932975769,-1,-1,-1
635,-1,213.23098754882812,61.0526123046875,267.3904113769531,183.03944396972656,0.9501256346702576,-1,-1,-1
636,-1,212.99807739257812,62.39558410644531,264.73797607421875,181.54013061523438,0.9430685639381409,-1,-1,-1
637,-1,212.89724731445312,62.26264572143555,264.7618408203125,181.64292907714844,0.9466089010238647,-1,-1,-1
638,-1,212.63232421875,64.99645233154297,262.0210876464844,178.966552734375,0.923599123954773,-1,-1,-1
639,-1,212.75160217285156,64.6957778930664,262.0816650390625,179.28005981445312,0.9163603782653809,-1,-1,-1
640,-1,211.62889099121094,57.81821060180664,260.0474853515625,178.23565673828125,0.8036990165710449,-1,-1,-1
641,-1,208.36961364746094,56.89634323120117,253.88450622558594,177.6954345703125,0.8627307415008545,-1,-1,-1
642,-1,208.0430450439453,56.39098358154297,249.92002868652344,176.99575805664062,0.6439592242240906,-1,-1,-1
643,-1,207.92904663085938,61.7330207824707,250.02972412109375,182.12315368652344,0.6442489624023438,-1,-1,-1
644,-1,206.4593505859375,58.26414108276367,243.8723602294922,176.74072265625,0.7499225735664368,-1,-1,-1
645,-1,206.40298461914062,58.49599838256836,243.68836975097656,176.46192932128906,0.7532445788383484,-1,-1,-1
646,-1,197.540771484375,54.65180587768555,238.5441436767578,179.17340087890625,0.7076148986816406,-1,-1,-1
647,-1,188.8092041015625,56.04424285888672,238.70196533203125,175.49900817871094,0.8853216767311096,-1,-1,-1
648,-1,184.8708953857422,50.79938888549805,238.36447143554688,176.82081604003906,0.8254454135894775,-1,-1,-1
649,-1,184.89871215820312,50.78403854370117,238.2880859375,176.89439392089844,0.8222359418869019,-1,-1,-1
650,-1,177.4683380126953,53.07792663574219,230.9751739501953,178.39303588867188,0.7915043830871582,-1,-1,-1
651,-1,177.41824340820312,53.25658416748047,231.2661590576172,178.61180114746094,0.7456554770469666,-1,-1,-1
652,-1,168.9554443359375,54.960609436035156,215.9202423095703,174.4159698486328,0.7901230454444885,-1,-1,-1
654,-1,162.75418090820312,53.18187713623047,202.1491241455078,175.28564453125,0.651226818561554,-1,-1,-1
655,-1,162.74176025390625,52.88561248779297,202.12298583984375,175.3637237548828,0.6573579907417297,-1,-1,-1
656,-1,156.52542114257812,55.691993713378906,201.25770568847656,174.03280639648438,0.9212101697921753,-1,-1,-1
657,-1,156.64324951171875,55.672027587890625,201.08721923828125,173.98304748535156,0.8998901844024658,-1,-1,-1
658,-1,151.338623046875,59.91919708251953,199.15658569335938,173.47225952148438,0.945878267288208,-1,-1,-1
659,-1,149.66700744628906,58.4470100402832,198.9305419921875,172.2543487548828,0.9510695338249207,-1,-1,-1
660,-1,146.07568359375,58.187198638916016,191.9470977783203,173.28955078125,0.6799793243408203,-1,-1,-1
661,-1,146.06497192382812,58.113319396972656,192.03077697753906,173.30519104003906,0.6809115409851074,-1,-1,-1
662,-1,140.64149475097656,60.413230895996094,185.37588500976562,166.9129638671875,0.9248976111412048,-1,-1,-1
663,-1,140.74664306640625,60.403961181640625,185.54380798339844,167.09494018554688,0.9016512036323547,-1,-1,-1
664,-1,138.306884765625,55.05466842651367,176.5103302001953,170.95016479492188,0.5556358098983765,-1,-1,-1
665,-1,138.2547607421875,56.60579299926758,175.29541015625,171.0539093017578,0.8970420360565186,-1,-1,-1
668,-1,137.7364959716797,57.27675247192383,171.63330078125,165.68075561523438,0.7026078104972839,-1,-1,-1
669,-1,137.75979614257812,57.425052642822266,171.64309692382812,165.30062866210938,0.6809467077255249,-1,-1,-1
670,-1,137.28054809570312,43.176883697509766,163.0898895263672,163.3263702392578,0.7649514079093933,-1,-1,-1
671,-1,132.3848114013672,44.87122344970703,157.9512939453125,160.22317504882812,0.5212048888206482,-1,-1,-1
731,-1,135.49432373046875,67.75918579101562,153.29083251953125,130.1580810546875,0.5739800930023193,-1,-1,-1
734,-1,31.768611907958984,14.398621559143066,87.728515625,50.41525650024414,0.5234028697013855,-1,-1,-1
736,-1,130.193603515625,52.12538528442383,160.39804077148438,152.502685546875,0.5095027089118958,-1,-1,-1
737,-1,137.69818115234375,57.3154182434082,163.73562622070312,168.86732482910156,0.8360211849212646,-1,-1,-1
738,-1,138.3133087158203,56.311485290527344,165.3434600830078,170.50619506835938,0.9182203412055969,-1,-1,-1
739,-1,138.29779052734375,56.39992904663086,165.33389282226562,170.46878051757812,0.9175126552581787,-1,-1,-1
740,-1,137.4111785888672,57.81774139404297,170.30372619628906,164.67189025878906,0.9860894680023193,-1,-1,-1
740,-1,32.1475944519043,14.302157402038574,87.1573257446289,50.44297409057617,0.6212816834449768,-1,-1,-1
741,-1,137.56658935546875,57.79561233520508,170.39849853515625,164.5062255859375,0.9873160719871521,-1,-1,-1
741,-1,32.16680908203125,14.424555778503418,87.00531005859375,50.3893928527832,0.5916836857795715,-1,-1,-1
742,-1,138.01104736328125,58.33576965332031,174.3106231689453,168.27499389648438,0.9922153949737549,-1,-1,-1
742,-1,31.837331771850586,14.417618751525879,87.57437896728516,50.47745895385742,0.5999703407287598,-1,-1,-1
743,-1,136.72171020507812,58.07493209838867,178.9830780029297,169.40716552734375,0.9863764047622681,-1,-1,-1
743,-1,31.790685653686523,14.385839462280273,87.62287139892578,50.43653869628906,0.5864546298980713,-1,-1,-1
744,-1,138.11068725585938,58.741432189941406,185.77084350585938,170.22357177734375,0.9810916185379028,-1,-1,-1
744,-1,32.365108489990234,14.51699447631836,87.22377014160156,50.49993133544922,0.593881368637085,-1,-1,-1
745,-1,138.09716796875,58.81608200073242,185.77378845214844,170.2024688720703,0.9799010753631592,-1,-1,-1
745,-1,32.274959564208984,14.508151054382324,87.31236267089844,50.49007797241211,0.5924883484840393,-1,-1,-1
746,-1,138.09579467773438,58.31416320800781,191.8653564453125,166.31088256835938,0.9906836748123169,-1,-1,-1
747,-1,138.11553955078125,58.001102447509766,191.22518920898438,166.63282775878906,0.9901517033576965,-1,-1,-1
747,-1,32.176204681396484,14.507716178894043,87.1480712890625,50.511043548583984,0.5142907500267029,-1,-1,-1
748,-1,138.22622680664062,56.39868927001953,193.5543975830078,169.02059936523438,0.9939663410186768,-1,-1,-1
748,-1,32.051719665527344,14.5062255859375,87.37904357910156,50.54142761230469,0.5870286822319031,-1,-1,-1
749,-1,142.5924072265625,61.251712799072266,195.3848114013672,167.8202667236328,0.9885571002960205,-1,-1,-1
749,-1,31.910493850708008,14.469146728515625,87.55329132080078,50.54772186279297,0.6069027781486511,-1,-1,-1
750,-1,148.5642852783203,56.31220245361328,200.14492797851562,171.32164001464844,0.9816810488700867,-1,-1,-1
750,-1,31.91530418395996,14.435929298400879,87.54744720458984,50.584625244140625,0.5761455297470093,-1,-1,-1
751,-1,148.51527404785156,56.60466003417969,200.2135467529297,171.30397033691406,0.9863064289093018,-1,-1,-1
751,-1,31.885263442993164,14.561568260192871,87.58255767822266,50.43742370605469,0.5699572563171387,-1,-1,-1
752,-1,152.51272583007812,57.61106872558594,201.44589233398438,173.4324493408203,0.9880867004394531,-1,-1,-1
753,-1,152.8016815185547,57.576969146728516,200.93972778320312,173.48521423339844,0.98686683177948,-1,-1,-1
754,-1,156.85470581054688,57.03886795043945,202.09458923339844,173.97836303710938,0.9845448136329651,-1,-1,-1
755,-1,159.798095703125,57.29676818847656,201.5537872314453,172.4525146484375,0.9802642464637756,-1,-1,-1
756,-1,159.55532836914062,56.94755935668945,204.6396026611328,173.72479248046875,0.979945719242096,-1,-1,-1
757,-1,159.48599243164062,56.930381774902344,204.6839141845703,173.7474365234375,0.9800608158111572,-1,-1,-1
758,-1,164.4990234375,60.963077545166016,221.93067932128906,165.95167541503906,0.9465498924255371,-1,-1,-1
758,-1,174.8109130859375,110.86978912353516,202.95870971679688,171.76776123046875,0.830608606338501,-1,-1,-1
759,-1,164.67819213867188,60.39809036254883,221.99160766601562,166.75018310546875,0.9299825429916382,-1,-1,-1
759,-1,174.6719207763672,110.64627075195312,202.9619598388672,171.85890197753906,0.7991152405738831,-1,-1,-1
760,-1,171.8577423095703,57.871700286865234,225.4012908935547,171.16346740722656,0.9059060215950012,-1,-1,-1
761,-1,173.764404296875,52.505165100097656,231.20785522460938,172.77809143066406,0.8877357244491577,-1,-1,-1
762,-1,178.1277313232422,55.39649200439453,233.1753692626953,170.52781677246094,0.9443223476409912,-1,-1,-1
763,-1,178.13011169433594,55.186214447021484,233.18295288085938,170.61566162109375,0.9442520141601562,-1,-1,-1
764,-1,184.12742614746094,57.96370315551758,238.0494384765625,172.00787353515625,0.9517790675163269,-1,-1,-1
765,-1,184.1482696533203,58.486209869384766,237.96038818359375,171.7661895751953,0.9538053870201111,-1,-1,-1
766,-1,184.65841674804688,57.955078125,239.77781677246094,171.71832275390625,0.9150209426879883,-1,-1,-1
767,-1,207.4156951904297,57.3637580871582,244.5597686767578,170.1462860107422,0.8721227049827576,-1,-1,-1
768,-1,204.9868621826172,56.9725227355957,247.63780212402344,170.98658752441406,0.9112803339958191,-1,-1,-1
769,-1,204.92225646972656,56.79548263549805,247.7157440185547,171.11781311035156,0.911479115486145,-1,-1,-1
770,-1,204.70193481445312,57.976593017578125,249.748046875,168.90396118164062,0.9490452408790588,-1,-1,-1
771,-1,204.6553192138672,58.18822479248047,249.57131958007812,168.8096923828125,0.9530982971191406,-1,-1,-1
772,-1,205.47750854492188,57.55552291870117,249.6440887451172,168.64871215820312,0.8775240182876587,-1,-1,-1
773,-1,203.51470947265625,58.46764373779297,247.6261749267578,165.8372802734375,0.9384815692901611,-1,-1,-1
774,-1,203.46763610839844,56.099952697753906,246.8515167236328,168.458984375,0.9318844676017761,-1,-1,-1
775,-1,203.5661163330078,55.766056060791016,246.8260040283203,168.61611938476562,0.9294142127037048,-1,-1,-1
776,-1,191.4342041015625,60.51597213745117,244.0745391845703,167.9639129638672,0.9053418636322021,-1,-1,-1
777,-1,191.57545471191406,60.80554962158203,243.738525390625,167.5553741455078,0.9188603162765503,-1,-1,-1
778,-1,190.83106994628906,58.08772277832031,243.92648315429688,168.5841522216797,0.9503302574157715,-1,-1,-1
779,-1,188.77027893066406,57.957923889160156,246.453857421875,165.73147583007812,0.9115741848945618,-1,-1,-1
780,-1,191.07200622558594,59.483795166015625,245.2761688232422,162.78887939453125,0.8963222503662109,-1,-1,-1
781,-1,191.07839965820312,59.54735565185547,245.26161193847656,162.75277709960938,0.8945932388305664,-1,-1,-1
782,-1,189.3726806640625,55.012149810791016,246.0163116455078,166.5674285888672,0.9520066976547241,-1,-1,-1
783,-1,189.33590698242188,55.119964599609375,246.0882568359375,165.72933959960938,0.9300833344459534,-1,-1,-1
784,-1,189.57496643066406,54.36213684082031,246.73536682128906,166.5732421875,0.9337468147277832,-1,-1,-1
785,-1,202.55191040039062,58.80345153808594,248.99105834960938,162.3179473876953,0.9529532790184021,-1,-1,-1
786,-1,202.4962158203125,62.65812683105469,250.7704315185547,160.6988525390625,0.9759355187416077,-1,-1,-1
787,-1,202.34042358398438,62.734188079833984,250.8399200439453,160.63864135742188,0.9752718210220337,-1,-1,-1
788,-1,208.83453369140625,60.654144287109375,252.52297973632812,162.1420135498047,0.9704731106758118,-1,-1,-1
789,-1,208.73159790039062,60.39940643310547,252.5830078125,162.05014038085938,0.9715768694877625,-1,-1,-1
790,-1,211.37254333496094,59.836952209472656,249.94692993164062,160.64109802246094,0.9447947144508362,-1,-1,-1
791,-1,209.5994415283203,60.34626770019531,253.55130004882812,159.83009338378906,0.9599543809890747,-1,-1,-1
792,-1,215.5703887939453,58.04884719848633,256.3713684082031,161.5968475341797,0.9535979628562927,-1,-1,-1
793,-1,215.58877563476562,58.04924011230469,256.3889465332031,161.5704345703125,0.9527939558029175,-1,-1,-1
794,-1,215.662841796875,58.36602020263672,256.497802734375,163.00718688964844,0.9711830615997314,-1,-1,-1
795,-1,215.50271606445312,57.93019104003906,256.61126708984375,163.46580505371094,0.9658229351043701,-1,-1,-1
796,-1,217.142822265625,59.052677154541016,255.53189086914062,162.9293670654297,0.9726989269256592,-1,-1,-1
797,-1,218.69845581054688,58.2410888671875,255.38848876953125,162.72567749023438,0.9401840567588806,-1,-1,-1
798,-1,219.1008758544922,58.92113494873047,255.4783477783203,160.4883270263672,0.9502198696136475,-1,-1,-1
799,-1,218.94329833984375,58.935523986816406,255.53103637695312,160.48794555664062,0.949183464050293,-1,-1,-1
800,-1,218.653564453125,58.807159423828125,256.1837158203125,160.27256774902344,0.9539700746536255,-1,-1,-1
801,-1,218.80018615722656,58.756622314453125,256.1199035644531,160.26290893554688,0.9512418508529663,-1,-1,-1
802,-1,219.00437927246094,58.30015182495117,255.8920135498047,160.306884765625,0.9582965970039368,-1,-1,-1
803,-1,219.6428680419922,57.96108627319336,255.90818786621094,161.46070861816406,0.955409049987793,-1,-1,-1
804,-1,219.04666137695312,59.148468017578125,257.27001953125,162.06988525390625,0.9650200605392456,-1,-1,-1
805,-1,219.05653381347656,59.05585479736328,257.3263244628906,162.0114288330078,0.9642748236656189,-1,-1,-1
806,-1,217.9480743408203,59.52925491333008,258.3453063964844,162.24896240234375,0.9521498680114746,-1,-1,-1
807,-1,218.33700561523438,59.79166030883789,258.01397705078125,161.61997985839844,0.9422877430915833,-1,-1,-1
808,-1,219.52467346191406,59.36802673339844,258.8238220214844,162.4873504638672,0.9359376430511475,-1,-1,-1
809,-1,219.7018280029297,58.995574951171875,260.2312927246094,162.16134643554688,0.9628592133522034,-1,-1,-1
810,-1,219.33473205566406,61.17974853515625,260.58148193359375,161.42742919921875,0.7966322898864746,-1,-1,-1
811,-1,219.44427490234375,61.70969009399414,260.55755615234375,161.3363494873047,0.7771243453025818,-1,-1,-1
812,-1,219.89144897460938,58.76901626586914,261.153564453125,161.80023193359375,0.841817319393158,-1,-1,-1
813,-1,219.63441467285156,58.55051040649414,261.0858459472656,162.08480834960938,0.8970224857330322,-1,-1,-1
814,-1,221.64437866210938,57.50641632080078,262.42822265625,163.8834228515625,0.9412980079650879,-1,-1,-1
815,-1,222.30703735351562,57.7251091003418,264.1322021484375,163.40277099609375,0.9530555009841919,-1,-1,-1
816,-1,221.46080017089844,56.59687805175781,265.7455139160156,165.68588256835938,0.9759868383407593,-1,-1,-1
817,-1,221.45864868164062,56.58173370361328,265.7513122558594,165.74993896484375,0.9760303497314453,-1,-1,-1
818,-1,227.47413635253906,60.31521987915039,268.96807861328125,168.0225830078125,0.9414822459220886,-1,-1,-1
819,-1,227.51605224609375,60.36528015136719,268.9480895996094,168.01513671875,0.9441052675247192,-1,-1,-1
820,-1,225.56478881835938,62.961544036865234,273.6902160644531,167.42637634277344,0.976113498210907,-1,-1,-1
821,-1,232.76063537597656,66.82430267333984,276.7222900390625,166.77967834472656,0.9462454319000244,-1,-1,-1
822,-1,233.25869750976562,62.191749572753906,277.2004089355469,171.177490234375,0.9721213579177856,-1,-1,-1
823,-1,233.2724151611328,62.19583511352539,277.19219970703125,171.14056396484375,0.9723578691482544,-1,-1,-1
824,-1,230.828125,65.77796173095703,276.4170227050781,166.22943115234375,0.9930129647254944,-1,-1,-1
825,-1,230.7522735595703,65.85157775878906,276.56689453125,166.287109375,0.9931926131248474,-1,-1,-1
826,-1,230.3291473388672,63.753807067871094,276.3851013183594,168.6449737548828,0.9739395380020142,-1,-1,-1
827,-1,222.31088256835938,61.868133544921875,276.3031005859375,168.50936889648438,0.9786590933799744,-1,-1,-1
828,-1,222.1765899658203,63.99299240112305,274.0035095214844,166.1085662841797,0.9482816457748413,-1,-1,-1
829,-1,222.15451049804688,63.854827880859375,274.001220703125,166.1053924560547,0.9515291452407837,-1,-1,-1
830,-1,212.47314453125,63.90591812133789,268.48187255859375,166.95098876953125,0.9956868290901184,-1,-1,-1
831,-1,212.4008026123047,63.640079498291016,268.6597900390625,167.1017608642578,0.995805561542511,-1,-1,-1
832,-1,209.68576049804688,60.99434280395508,265.54150390625,166.07318115234375,0.992773175239563,-1,-1,-1
833,-1,208.4457550048828,58.3276481628418,262.5977478027344,163.13888549804688,0.9791395664215088,-1,-1,-1
834,-1,204.81768798828125,60.26741409301758,254.33462524414062,165.66627502441406,0.931912899017334,-1,-1,-1
835,-1,204.7878875732422,60.18720245361328,254.34954833984375,165.7605438232422,0.9352572560310364,-1,-1,-1
836,-1,206.625244140625,59.7366943359375,250.5430908203125,164.2871551513672,0.9015906453132629,-1,-1,-1
837,-1,206.26441955566406,59.74456787109375,250.87388610839844,164.33349609375,0.898381769657135,-1,-1,-1
842,-1,178.9563751220703,66.18006896972656,233.98043823242188,161.74142456054688,0.6729812622070312,-1,-1,-1
843,-1,178.39703369140625,65.91090393066406,234.32125854492188,162.7117919921875,0.7626507878303528,-1,-1,-1
844,-1,176.8994903564453,65.36459350585938,230.2517547607422,164.23208618164062,0.7966908812522888,-1,-1,-1
846,-1,169.56793212890625,65.91543579101562,206.94216918945312,157.307861328125,0.705350399017334,-1,-1,-1
847,-1,169.56199645996094,65.78561401367188,206.9119110107422,157.40957641601562,0.7042619585990906,-1,-1,-1
926,-1,30.797828674316406,13.58803939819336,88.09945678710938,50.675113677978516,0.5294626951217651,-1,-1,-1
929,-1,30.5686092376709,13.503348350524902,88.4891128540039,50.8740234375,0.511657178401947,-1,-1,-1
930,-1,30.169078826904297,13.681851387023926,88.47386169433594,50.77183532714844,0.5418921113014221,-1,-1,-1
931,-1,30.111312866210938,13.700468063354492,88.48796844482422,50.767601013183594,0.534454345703125,-1,-1,-1
932,-1,30.146892547607422,13.70053768157959,88.47687530517578,50.79698944091797,0.547049880027771,-1,-1,-1
933,-1,30.364953994750977,13.731613159179688,88.23627471923828,50.71079635620117,0.548244297504425,-1,-1,-1
934,-1,30.397512435913086,13.763362884521484,88.20999145507812,50.71381378173828,0.5512176156044006,-1,-1,-1
935,-1,30.46065330505371,13.726607322692871,88.14141082763672,50.85341262817383,0.5360884666442871,-1,-1,-1
936,-1,30.458908081054688,13.793106079101562,88.22315216064453,50.77740478515625,0.5216813087463379,-1,-1,-1
937,-1,30.459280014038086,13.799508094787598,88.2279052734375,50.756614685058594,0.5044785737991333,-1,-1,-1
938,-1,30.431915283203125,14.116117477416992,88.42845916748047,50.348777770996094,0.5558470487594604,-1,-1,-1
939,-1,30.755146026611328,13.99796199798584,88.33817291259766,50.5044059753418,0.5943841338157654,-1,-1,-1
940,-1,30.751392364501953,14.121234893798828,88.27452850341797,50.42945098876953,0.6124942302703857,-1,-1,-1
941,-1,30.92921257019043,14.014686584472656,88.14765167236328,50.53719711303711,0.6520643830299377,-1,-1,-1
942,-1,30.83418083190918,14.15372371673584,88.33937072753906,50.339298248291016,0.5672690272331238,-1,-1,-1
943,-1,30.841690063476562,14.149603843688965,88.32218933105469,50.34467315673828,0.5680657625198364,-1,-1,-1
944,-1,30.822507858276367,14.072781562805176,88.36823272705078,50.394134521484375,0.5628881454467773,-1,-1,-1
945,-1,30.888988494873047,14.058473587036133,88.3022689819336,50.40689468383789,0.6076460480690002,-1,-1,-1
946,-1,30.742738723754883,14.040767669677734,88.31719970703125,50.4259033203125,0.5619633197784424,-1,-1,-1
947,-1,30.710369110107422,14.088028907775879,88.38451385498047,50.49647521972656,0.5615302920341492,-1,-1,-1
