4,-1,90.06777954101562,115.01571655273438,193.03880310058594,238.3984375,0.6439792513847351,-1,-1,-1
5,-1,90.49111938476562,114.94001007080078,192.4170684814453,238.34007263183594,0.6157373785972595,-1,-1,-1
6,-1,87.24528503417969,114.95149993896484,196.84593200683594,239.91305541992188,0.6897560358047485,-1,-1,-1
7,-1,92.94319915771484,115.04765319824219,216.1428985595703,241.1935272216797,0.8447065353393555,-1,-1,-1
8,-1,85.72803497314453,115.05371856689453,198.89422607421875,240.36761474609375,0.5944251418113708,-1,-1,-1
33,-1,83.85804748535156,116.1969223022461,199.52943420410156,238.7531280517578,0.6176857948303223,-1,-1,-1
34,-1,81.00739288330078,116.83133697509766,200.4266357421875,238.86325073242188,0.7164297699928284,-1,-1,-1
35,-1,81.09261322021484,116.67102813720703,200.37997436523438,239.02186584472656,0.7126064300537109,-1,-1,-1
36,-1,83.90982055664062,115.8900146484375,199.49136352539062,239.65005493164062,0.5651729106903076,-1,-1,-1
37,-1,83.89250183105469,117.28602600097656,200.0808563232422,239.06524658203125,0.7159269452095032,-1,-1,-1
38,-1,83.16253662109375,118.70990753173828,200.0157470703125,238.58224487304688,0.6403169631958008,-1,-1,-1
42,-1,83.98827362060547,119.51870727539062,198.51742553710938,238.37698364257812,0.6130918264389038,-1,-1,-1
45,-1,67.83967590332031,126.13323211669922,204.97911071777344,244.9588623046875,0.7819303274154663,-1,-1,-1
49,-1,95.64604949951172,126.43911743164062,225.4888916015625,242.9091796875,0.5886690020561218,-1,-1,-1
50,-1,97.40690612792969,124.53719329833984,216.03298950195312,244.88754272460938,0.6252676248550415,-1,-1,-1
50,-1,97.40690612792969,124.53719329833984,216.03298950195312,244.88754272460938,0.5154197216033936,-1,-1,-1
51,-1,98.58623504638672,122.94187927246094,206.21702575683594,246.94773864746094,0.7514007687568665,-1,-1,-1
51,-1,86.90123748779297,125.35665130615234,199.84249877929688,243.671142578125,0.7297689318656921,-1,-1,-1
52,-1,80.495849609375,121.81380462646484,203.48751831054688,236.1193084716797,0.7390906810760498,-1,-1,-1
53,-1,79.99120330810547,121.8211441040039,203.80596923828125,236.04205322265625,0.7298092246055603,-1,-1,-1
54,-1,75.77705383300781,121.556884765625,203.6314239501953,235.8490753173828,0.6087325811386108,-1,-1,-1
54,-1,75.77705383300781,121.556884765625,203.6314239501953,235.8490753173828,0.5492237210273743,-1,-1,-1
55,-1,287.5645751953125,19.767484664916992,320.64190673828125,136.030517578125,0.9001756906509399,-1,-1,-1
55,-1,78.85994720458984,122.35409545898438,202.30552673339844,236.6870574951172,0.8120957612991333,-1,-1,-1
56,-1,284.5828552246094,10.50484848022461,320.2513122558594,143.83029174804688,0.9223601222038269,-1,-1,-1
56,-1,84.6392822265625,119.56285095214844,199.1841278076172,238.82618713378906,0.6893877387046814,-1,-1,-1
57,-1,280.82958984375,8.012971878051758,320.0765380859375,149.77008056640625,0.9333446621894836,-1,-1,-1
57,-1,73.31816864013672,120.16636657714844,207.2794952392578,237.1574249267578,0.7937997579574585,-1,-1,-1
58,-1,275.8295593261719,5.388606071472168,319.281005859375,152.43565368652344,0.9372249245643616,-1,-1,-1
58,-1,89.11245727539062,114.6606216430664,226.15133666992188,240.6324005126953,0.641746461391449,-1,-1,-1
59,-1,275.80841064453125,5.387602806091309,319.2679138183594,152.3851776123047,0.9346903562545776,-1,-1,-1
59,-1,89.43299865722656,114.60443115234375,226.05068969726562,240.66043090820312,0.6301952004432678,-1,-1,-1
60,-1,269.0203552246094,-5.590116024017334,319.0075378417969,159.3475341796875,0.8795323967933655,-1,-1,-1
61,-1,266.8265075683594,-1.5907464027404785,319.5509033203125,157.55715942382812,0.9555009603500366,-1,-1,-1
61,-1,70.86357879638672,109.94047546386719,211.01229858398438,238.11932373046875,0.6097856163978577,-1,-1,-1
62,-1,263.11865234375,9.877189636230469,318.41650390625,144.32545471191406,0.8853563666343689,-1,-1,-1
62,-1,86.59410095214844,104.25736236572266,238.82179260253906,241.51980590820312,0.5956897139549255,-1,-1,-1
63,-1,244.43748474121094,9.67665958404541,320.5043029785156,163.63681030273438,0.6871024966239929,-1,-1,-1
63,-1,242.53521728515625,-1.842334508895874,320.6782531738281,152.18006896972656,0.6345949769020081,-1,-1,-1
63,-1,82.0718002319336,101.18673706054688,243.3395538330078,241.55145263671875,0.5070491433143616,-1,-1,-1
64,-1,235.87460327148438,2.3115246295928955,316.4236145019531,149.8767547607422,0.9904022216796875,-1,-1,-1
64,-1,78.95165252685547,103.04523468017578,247.44375610351562,239.78070068359375,0.8519956469535828,-1,-1,-1
65,-1,235.8669891357422,2.332927942276001,316.427734375,149.79879760742188,0.990339457988739,-1,-1,-1
65,-1,78.92495727539062,103.1043472290039,247.5308380126953,239.70970153808594,0.8599759936332703,-1,-1,-1
66,-1,220.7261962890625,3.132523775100708,313.62762451171875,152.6658172607422,0.9925509691238403,-1,-1,-1
66,-1,78.01947021484375,98.00563049316406,238.238525390625,238.3253631591797,0.645316481590271,-1,-1,-1
67,-1,214.52760314941406,-1.66584312915802,309.47528076171875,156.99034118652344,0.9937242865562439,-1,-1,-1
67,-1,79.82874298095703,97.24020385742188,235.8608856201172,239.52081298828125,0.7139000296592712,-1,-1,-1
68,-1,205.95289611816406,-1.855721116065979,299.90582275390625,154.59817504882812,0.9859806895256042,-1,-1,-1
68,-1,80.00863647460938,95.30172729492188,235.76620483398438,240.1884307861328,0.85509192943573,-1,-1,-1
69,-1,80.45991516113281,97.12252807617188,229.30563354492188,239.21157836914062,0.9168156981468201,-1,-1,-1
69,-1,196.10418701171875,2.188075065612793,305.8407287597656,148.61941528320312,0.8164092302322388,-1,-1,-1
70,-1,168.55075073242188,-0.9002333283424377,295.75274658203125,147.78224182128906,0.9622613191604614,-1,-1,-1
70,-1,77.29534912109375,98.35413360595703,234.48590087890625,237.7429962158203,0.686972975730896,-1,-1,-1
71,-1,168.8621826171875,-0.982114315032959,295.7301025390625,148.00079345703125,0.9657859206199646,-1,-1,-1
71,-1,76.95393371582031,98.4007339477539,234.61862182617188,237.79995727539062,0.6696380972862244,-1,-1,-1
72,-1,145.10752868652344,-3.220778226852417,285.3719482421875,146.0752410888672,0.9685661792755127,-1,-1,-1
72,-1,80.72254180908203,98.19952392578125,231.9052276611328,238.58299255371094,0.6083107590675354,-1,-1,-1
73,-1,77.84278106689453,102.73648834228516,233.44827270507812,240.7022705078125,0.755925714969635,-1,-1,-1
73,-1,144.5344696044922,1.0777751207351685,283.10223388671875,150.59939575195312,0.5984898209571838,-1,-1,-1
74,-1,76.30490112304688,105.48208618164062,237.11953735351562,240.0579376220703,0.880322277545929,-1,-1,-1
74,-1,147.99009704589844,11.334381103515625,273.53717041015625,160.1154022216797,0.839396059513092,-1,-1,-1
75,-1,140.31353759765625,2.8428120613098145,263.5039978027344,148.28305053710938,0.7840956449508667,-1,-1,-1
75,-1,75.68598937988281,106.35087585449219,232.25767517089844,240.44827270507812,0.5420884490013123,-1,-1,-1
76,-1,140.37332153320312,-1.469174861907959,260.0597839355469,135.88417053222656,0.9058016538619995,-1,-1,-1
76,-1,78.84920501708984,107.99598693847656,232.17550659179688,241.87045288085938,0.7180156111717224,-1,-1,-1
77,-1,140.31703186035156,-1.4728076457977295,260.1346740722656,135.8776397705078,0.8994521498680115,-1,-1,-1
77,-1,78.92581176757812,107.98596954345703,231.90106201171875,241.85609436035156,0.7234592437744141,-1,-1,-1
78,-1,136.64898681640625,3.1104631423950195,263.6776123046875,128.45138549804688,0.8870854377746582,-1,-1,-1
78,-1,73.25419616699219,106.39905548095703,244.54373168945312,241.2381134033203,0.8569406867027283,-1,-1,-1
79,-1,121.54403686523438,7.346437931060791,260.2489013671875,123.05853271484375,0.9258817434310913,-1,-1,-1
79,-1,72.1973876953125,98.48765563964844,249.31495666503906,241.0530548095703,0.7076191902160645,-1,-1,-1
81,-1,73.36848449707031,96.90325927734375,242.13192749023438,236.01661682128906,0.6420955061912537,-1,-1,-1
84,-1,72.18000030517578,109.03020477294922,244.82595825195312,234.87216186523438,0.8632960319519043,-1,-1,-1
85,-1,77.70233917236328,107.41654968261719,244.89906311035156,236.87376403808594,0.7756266593933105,-1,-1,-1
85,-1,98.90328979492188,8.40815544128418,205.83139038085938,98.77838134765625,0.741270899772644,-1,-1,-1
86,-1,75.24657440185547,102.27970886230469,250.31076049804688,238.60379028320312,0.6868202090263367,-1,-1,-1
87,-1,92.44651794433594,103.8018798828125,258.5445861816406,242.8835906982422,0.7180295586585999,-1,-1,-1
90,-1,76.9666748046875,107.0251693725586,257.2839660644531,240.4993896484375,0.8576450943946838,-1,-1,-1
91,-1,87.81327056884766,107.2034912109375,263.7353210449219,244.23216247558594,0.7016624212265015,-1,-1,-1
92,-1,91.20149230957031,114.62632751464844,264.08551025390625,239.9120635986328,0.7824741005897522,-1,-1,-1
93,-1,95.07719421386719,117.43610382080078,261.96417236328125,236.92034912109375,0.8850326538085938,-1,-1,-1
97,-1,99.23680114746094,3.5241055488586426,222.47926330566406,137.88827514648438,0.7651312947273254,-1,-1,-1
98,-1,102.14141845703125,8.092733383178711,227.3621826171875,141.08566284179688,0.901611864566803,-1,-1,-1
99,-1,107.0058364868164,6.8060302734375,223.24623107910156,142.05149841308594,0.9642216563224792,-1,-1,-1
100,-1,107.68993377685547,13.534440040588379,217.20867919921875,161.6382293701172,0.5383150577545166,-1,-1,-1
101,-1,107.68434143066406,13.552398681640625,217.21231079101562,161.61480712890625,0.537339985370636,-1,-1,-1
102,-1,108.96768188476562,17.202171325683594,220.8726806640625,157.14817810058594,0.9958734512329102,-1,-1,-1
103,-1,103.76110076904297,1.957861065864563,221.75132751464844,143.32615661621094,0.9852898120880127,-1,-1,-1
104,-1,104.53988647460938,9.187604904174805,222.20091247558594,141.64688110351562,0.9706527590751648,-1,-1,-1
105,-1,101.79073333740234,11.134432792663574,224.26272583007812,142.23431396484375,0.9854165315628052,-1,-1,-1
106,-1,105.31350708007812,6.7173590660095215,218.02061462402344,140.0525665283203,0.9720626473426819,-1,-1,-1
107,-1,105.55884552001953,6.6827569007873535,218.0783233642578,140.16497802734375,0.9740137457847595,-1,-1,-1
108,-1,106.21745300292969,7.031191349029541,220.25433349609375,139.85684204101562,0.9457799792289734,-1,-1,-1
109,-1,104.59220123291016,4.166823387145996,221.41737365722656,136.54464721679688,0.9909857511520386,-1,-1,-1
111,-1,96.70455169677734,3.642143964767456,222.07374572753906,137.63255310058594,0.6482222080230713,-1,-1,-1
121,-1,11.619662284851074,-1.443270206451416,309.16064453125,239.62257385253906,0.5028625726699829,-1,-1,-1
130,-1,72.48480224609375,15.524779319763184,200.15188598632812,125.16707611083984,0.5076918601989746,-1,-1,-1
132,-1,68.98859405517578,17.213626861572266,205.6632843017578,121.20128631591797,0.6862781643867493,-1,-1,-1
135,-1,72.13664245605469,19.48782730102539,203.48773193359375,119.22006225585938,0.7260311245918274,-1,-1,-1
136,-1,69.1278076171875,18.568273544311523,205.83651733398438,118.4686279296875,0.643503725528717,-1,-1,-1
137,-1,69.90626525878906,18.30447769165039,205.2227783203125,118.17428588867188,0.6204901337623596,-1,-1,-1
138,-1,104.3116683959961,30.615646362304688,204.00961303710938,112.87915802001953,0.7137712240219116,-1,-1,-1
141,-1,104.27613830566406,36.9879264831543,203.4947052001953,112.02491760253906,0.6835706233978271,-1,-1,-1
158,-1,165.60214233398438,98.6238784790039,255.6708984375,243.77256774902344,0.6995416879653931,-1,-1,-1
160,-1,107.5160140991211,45.43232727050781,201.9351043701172,111.94487762451172,0.6133505702018738,-1,-1,-1
161,-1,107.76899719238281,45.298561096191406,201.85508728027344,111.84852600097656,0.5909859538078308,-1,-1,-1
165,-1,10.33899211883545,4.092031478881836,303.2757263183594,242.44866943359375,0.5381221771240234,-1,-1,-1
252,-1,156.05422973632812,83.81346893310547,259.517578125,242.53057861328125,0.7528570890426636,-1,-1,-1
254,-1,151.9969024658203,82.61071014404297,261.5744934082031,240.566650390625,0.6204026937484741,-1,-1,-1
261,-1,153.66773986816406,83.43473052978516,257.4929504394531,241.98243713378906,0.5351536273956299,-1,-1,-1
268,-1,146.58013916015625,83.24533081054688,259.97998046875,242.2037353515625,0.7303255796432495,-1,-1,-1
269,-1,146.3972625732422,83.29635620117188,260.1230163574219,242.14129638671875,0.7371653914451599,-1,-1,-1
270,-1,146.15316772460938,81.7729263305664,234.61134338378906,240.2852783203125,0.7685654759407043,-1,-1,-1
272,-1,148.1381072998047,87.48628997802734,264.1382751464844,237.74095153808594,0.5986546277999878,-1,-1,-1
274,-1,146.21075439453125,88.97837829589844,264.0804443359375,237.73692321777344,0.5426777005195618,-1,-1,-1
275,-1,145.95834350585938,88.90442657470703,264.1109619140625,238.0062713623047,0.6246377825737,-1,-1,-1
276,-1,143.99310302734375,87.3804931640625,263.4527282714844,241.28323364257812,0.7640849351882935,-1,-1,-1
278,-1,141.970458984375,85.3366928100586,234.61068725585938,243.504638671875,0.8287952542304993,-1,-1,-1
279,-1,140.94522094726562,84.33734893798828,227.98031616210938,242.5307159423828,0.7773940563201904,-1,-1,-1
280,-1,141.4901580810547,81.83300018310547,228.32302856445312,244.15133666992188,0.8142989873886108,-1,-1,-1
281,-1,141.7487030029297,81.90629577636719,228.27757263183594,244.35247802734375,0.8020200133323669,-1,-1,-1
282,-1,137.9850311279297,77.40477752685547,236.00257873535156,244.53866577148438,0.7945910096168518,-1,-1,-1
283,-1,137.01751708984375,77.29910278320312,237.68775939941406,242.23345947265625,0.8247150182723999,-1,-1,-1
284,-1,128.89501953125,71.88286590576172,246.82394409179688,236.30332946777344,0.9523279070854187,-1,-1,-1
285,-1,127.37747955322266,72.02347564697266,250.19866943359375,233.78509521484375,0.9362438917160034,-1,-1,-1
286,-1,135.9907989501953,78.54499053955078,229.76255798339844,240.70263671875,0.6782846450805664,-1,-1,-1
287,-1,135.79147338867188,78.57353973388672,230.25184631347656,240.69314575195312,0.6783908009529114,-1,-1,-1
288,-1,132.7652130126953,84.37168884277344,235.95457458496094,237.1421661376953,0.5457457900047302,-1,-1,-1
290,-1,132.2798614501953,83.09520721435547,232.51046752929688,238.9313507080078,0.5672386288642883,-1,-1,-1
292,-1,133.34962463378906,84.27013397216797,238.46383666992188,239.3590545654297,0.6398131251335144,-1,-1,-1
293,-1,133.37937927246094,84.76473999023438,238.57461547851562,239.2343292236328,0.6286801099777222,-1,-1,-1
300,-1,130.964599609375,80.58277130126953,243.1619415283203,240.0284423828125,0.5575575828552246,-1,-1,-1
302,-1,132.1189727783203,81.42269897460938,240.54806518554688,240.38363647460938,0.5435479879379272,-1,-1,-1
303,-1,130.68594360351562,82.47362518310547,244.31277465820312,240.96568298339844,0.6023355722427368,-1,-1,-1
306,-1,136.97096252441406,79.89094543457031,232.7218475341797,242.4158172607422,0.6809743046760559,-1,-1,-1
307,-1,137.16177368164062,80.12501525878906,219.46250915527344,242.01876831054688,0.631791889667511,-1,-1,-1
320,-1,140.0233917236328,74.87149810791016,263.55517578125,229.3292999267578,0.7892385125160217,-1,-1,-1
322,-1,135.12364196777344,59.77467346191406,266.30572509765625,223.18490600585938,0.824550449848175,-1,-1,-1
323,-1,134.97984313964844,60.15026092529297,266.3232421875,223.30447387695312,0.855368435382843,-1,-1,-1
324,-1,140.28964233398438,35.38970947265625,233.33387756347656,221.72930908203125,0.7338268756866455,-1,-1,-1
378,-1,112.94607543945312,57.1618766784668,210.3506317138672,118.05892944335938,0.544385552406311,-1,-1,-1
379,-1,113.01524353027344,58.40492248535156,206.50877380371094,116.57173156738281,0.8094947338104248,-1,-1,-1
380,-1,113.81805419921875,56.30793762207031,203.9075927734375,117.25081634521484,0.5292934775352478,-1,-1,-1
381,-1,112.330322265625,43.072322845458984,205.09173583984375,114.33931732177734,0.7500261068344116,-1,-1,-1
382,-1,112.0770263671875,41.815032958984375,205.29786682128906,114.24634552001953,0.5251389145851135,-1,-1,-1
383,-1,112.26082611083984,42.233394622802734,205.40518188476562,114.09677124023438,0.530589759349823,-1,-1,-1
390,-1,105.69782257080078,59.683685302734375,197.92599487304688,113.8820571899414,0.8266904950141907,-1,-1,-1
391,-1,104.93109893798828,42.21788787841797,203.86080932617188,107.29150390625,0.6256676912307739,-1,-1,-1
420,-1,105.19746398925781,22.493486404418945,150.88278198242188,110.45519256591797,0.5490803718566895,-1,-1,-1
426,-1,103.23057556152344,35.06297302246094,156.32363891601562,115.6827621459961,0.5676747560501099,-1,-1,-1
716,-1,265.5184326171875,-0.13989081978797913,313.1051940917969,50.286521911621094,0.7133461236953735,-1,-1,-1
718,-1,266.4898986816406,-0.12158320844173431,313.3782653808594,50.625038146972656,0.6375993490219116,-1,-1,-1
719,-1,266.5205993652344,-0.17724257707595825,313.4305114746094,50.613975524902344,0.6443731784820557,-1,-1,-1
720,-1,265.9191589355469,0.2142069935798645,314.0060729980469,51.153564453125,0.6416946649551392,-1,-1,-1
721,-1,266.39801025390625,-0.05742880329489708,313.0267028808594,51.19719314575195,0.8119769096374512,-1,-1,-1
722,-1,266.6558532714844,-0.3834093511104584,314.18109130859375,50.189971923828125,0.6595569849014282,-1,-1,-1
723,-1,266.79364013671875,-0.02679971605539322,311.3290710449219,50.96991729736328,0.7624093890190125,-1,-1,-1
724,-1,267.20062255859375,0.6164844036102295,308.91998291015625,50.59165954589844,0.7385554313659668,-1,-1,-1
725,-1,267.2076721191406,0.6964316368103027,308.9245300292969,50.611595153808594,0.7399036288261414,-1,-1,-1
726,-1,266.55975341796875,0.4077617824077606,310.1153259277344,49.220699310302734,0.8396134376525879,-1,-1,-1
727,-1,266.76593017578125,1.0916900634765625,310.1942138671875,50.124351501464844,0.7159522771835327,-1,-1,-1
728,-1,265.2601318359375,0.6418492197990417,309.97613525390625,49.7392578125,0.8243839740753174,-1,-1,-1
729,-1,257.7993469238281,1.7605972290039062,304.2511901855469,52.3584098815918,0.7101991176605225,-1,-1,-1
730,-1,255.9432830810547,-3.4734580516815186,304.23138427734375,65.1139907836914,0.8314738273620605,-1,-1,-1
731,-1,255.9384307861328,-3.506798267364502,304.199462890625,65.11250305175781,0.8346907496452332,-1,-1,-1
732,-1,254.2981719970703,-3.9953582286834717,301.3342590332031,66.9764633178711,0.9413974285125732,-1,-1,-1
733,-1,254.60609436035156,0.7990264892578125,301.50341796875,72.33515930175781,0.8031445741653442,-1,-1,-1
734,-1,255.48504638671875,0.5883407592773438,299.5545349121094,72.13310241699219,0.948444664478302,-1,-1,-1
735,-1,253.60806274414062,1.7373510599136353,298.368408203125,74.99307250976562,0.9522750973701477,-1,-1,-1
736,-1,252.62986755371094,1.0012905597686768,297.89892578125,79.906005859375,0.9760164022445679,-1,-1,-1
737,-1,252.64950561523438,1.0181162357330322,297.890380859375,79.91127014160156,0.9759900569915771,-1,-1,-1
738,-1,252.75465393066406,1.7380170822143555,297.3523864746094,82.71512603759766,0.780802845954895,-1,-1,-1
739,-1,252.63795471191406,1.7149031162261963,297.5703125,83.52367401123047,0.5525806546211243,-1,-1,-1
741,-1,252.45462036132812,1.1951886415481567,297.40826416015625,82.2381362915039,0.5873460173606873,-1,-1,-1
748,-1,253.0941619873047,10.236429214477539,303.1502990722656,115.38129425048828,0.8546763062477112,-1,-1,-1
749,-1,253.19261169433594,10.249727249145508,303.0809631347656,115.41004180908203,0.8629335165023804,-1,-1,-1
750,-1,252.49423217773438,12.20022964477539,303.7622375488281,115.07646179199219,0.9554208517074585,-1,-1,-1
751,-1,252.2288818359375,11.98392391204834,304.2743225097656,118.22901916503906,0.9829161167144775,-1,-1,-1
751,-1,216.04469299316406,98.06159973144531,271.6156005859375,200.7111358642578,0.5324919819831848,-1,-1,-1
752,-1,254.17959594726562,16.72934913635254,302.90850830078125,118.38316345214844,0.9847602248191833,-1,-1,-1
752,-1,216.10592651367188,99.19070434570312,271.4559326171875,199.87017822265625,0.7868863940238953,-1,-1,-1
753,-1,255.4568634033203,20.26655387878418,303.2044372558594,117.2679214477539,0.9410275220870972,-1,-1,-1
753,-1,216.0919952392578,98.48161315917969,271.4682312011719,200.1136474609375,0.6854764819145203,-1,-1,-1
754,-1,255.9294891357422,19.093135833740234,305.1794128417969,117.09239959716797,0.9014399647712708,-1,-1,-1
755,-1,255.8770751953125,19.04836654663086,305.19732666015625,117.13859558105469,0.8995679020881653,-1,-1,-1
756,-1,258.8968200683594,16.474868774414062,313.33453369140625,120.36060333251953,0.9670475721359253,-1,-1,-1
756,-1,215.72203063964844,99.60020446777344,271.27313232421875,199.7274169921875,0.6287158727645874,-1,-1,-1
757,-1,254.68710327148438,19.518579483032227,307.34454345703125,117.75423431396484,0.9246653318405151,-1,-1,-1
758,-1,258.0301513671875,13.556659698486328,314.75244140625,121.31002044677734,0.6661560535430908,-1,-1,-1
759,-1,258.5138244628906,14.628231048583984,316.2493896484375,118.99885559082031,0.7916631102561951,-1,-1,-1
760,-1,260.0830078125,11.18687629699707,316.4664306640625,117.71752166748047,0.941844642162323,-1,-1,-1
761,-1,260.0008544921875,11.04592514038086,316.4117126464844,117.88982391357422,0.9448508024215698,-1,-1,-1
762,-1,259.9292297363281,10.43346118927002,315.4574890136719,119.99650573730469,0.9674731492996216,-1,-1,-1
763,-1,260.3341064453125,4.6393938064575195,315.5251770019531,120.99364471435547,0.9979731440544128,-1,-1,-1
763,-1,215.8328094482422,98.22502899169922,271.7833557128906,200.73390197753906,0.6350873708724976,-1,-1,-1
764,-1,258.7608642578125,3.996535301208496,314.6096496582031,108.50836944580078,0.6922755241394043,-1,-1,-1
764,-1,215.7046661376953,99.24034881591797,272.0417175292969,200.150634765625,0.6669060587882996,-1,-1,-1
764,-1,258.5237731933594,6.6315226554870605,315.9949035644531,120.46158599853516,0.644839882850647,-1,-1,-1
765,-1,254.63491821289062,4.299891948699951,317.08087158203125,119.83674621582031,0.995779812335968,-1,-1,-1
765,-1,215.85487365722656,99.18042755126953,271.6578369140625,199.91671752929688,0.7091550827026367,-1,-1,-1
766,-1,249.0213165283203,3.106443166732788,313.5247802734375,122.00029754638672,0.6703681945800781,-1,-1,-1
766,-1,215.73667907714844,100.24839782714844,272.2863464355469,199.15194702148438,0.5948108434677124,-1,-1,-1
767,-1,249.0345458984375,3.113391637802124,313.4674377441406,122.0558853149414,0.6812605261802673,-1,-1,-1
767,-1,215.72508239746094,100.22489166259766,272.2940368652344,199.15646362304688,0.5947306156158447,-1,-1,-1
768,-1,215.9986114501953,105.19539642333984,271.7853088378906,197.06964111328125,0.8239182233810425,-1,-1,-1
768,-1,238.85850524902344,9.863058090209961,316.4818115234375,123.94966888427734,0.5253063440322876,-1,-1,-1
769,-1,216.26051330566406,105.65308380126953,271.5346984863281,197.70782470703125,0.8473309874534607,-1,-1,-1
769,-1,207.20228576660156,106.676025390625,276.51141357421875,194.8680877685547,0.6177195310592651,-1,-1,-1
769,-1,236.36386108398438,0.795082688331604,318.59283447265625,134.47642517089844,0.5794795751571655,-1,-1,-1
770,-1,215.31419372558594,103.1451644897461,272.0274658203125,199.68177795410156,0.9115954637527466,-1,-1,-1
770,-1,240.6409912109375,3.4615912437438965,317.9984436035156,197.1876678466797,0.7690276503562927,-1,-1,-1
770,-1,207.30621337890625,104.11521911621094,277.27545166015625,195.74436950683594,0.605457603931427,-1,-1,-1
771,-1,215.41481018066406,101.89535522460938,271.6165771484375,200.5481719970703,0.9464373588562012,-1,-1,-1
771,-1,241.47459411621094,1.732236385345459,316.2392272949219,142.18783569335938,0.8042936325073242,-1,-1,-1
771,-1,208.74050903320312,104.41238403320312,276.10723876953125,194.71322631835938,0.5599795579910278,-1,-1,-1
772,-1,243.1165313720703,0.21240234375,316.53472900390625,141.7215118408203,0.9737591743469238,-1,-1,-1
772,-1,215.68423461914062,99.72428894042969,270.98779296875,201.95050048828125,0.8903329968452454,-1,-1,-1
773,-1,243.09669494628906,0.15405507385730743,316.54217529296875,141.71849060058594,0.9736024737358093,-1,-1,-1
773,-1,215.67340087890625,99.74097442626953,271.0035095214844,201.88873291015625,0.8909389972686768,-1,-1,-1
774,-1,241.015625,5.7825469970703125,318.4322509765625,175.75634765625,0.9691922664642334,-1,-1,-1
774,-1,208.465576171875,105.59773254394531,275.3660888671875,195.74856567382812,0.7203496098518372,-1,-1,-1
775,-1,242.5674591064453,2.7139108180999756,318.6707763671875,184.3409881591797,0.9639566540718079,-1,-1,-1
777,-1,237.7713165283203,1.3080068826675415,320.5569152832031,227.26611328125,0.6662847399711609,-1,-1,-1
777,-1,238.1533966064453,5.559762954711914,319.3478088378906,191.81414794921875,0.5180343985557556,-1,-1,-1
778,-1,241.81378173828125,2.017047643661499,321.2185363769531,224.8663330078125,0.6979355812072754,-1,-1,-1
779,-1,241.95095825195312,1.6381367444992065,321.11474609375,225.35763549804688,0.7091178894042969,-1,-1,-1
780,-1,240.64833068847656,4.18687105178833,319.9622497558594,225.8354034423828,0.5933013558387756,-1,-1,-1
781,-1,243.67556762695312,3.588879108428955,319.2815246582031,227.88189697265625,0.6282873749732971,-1,-1,-1
783,-1,245.42752075195312,7.834366798400879,320.1014709472656,227.1685791015625,0.6096226572990417,-1,-1,-1
784,-1,241.96739196777344,6.03132963180542,318.6376037597656,224.89466857910156,0.6409076452255249,-1,-1,-1
785,-1,241.96804809570312,5.93064546585083,318.59503173828125,224.94546508789062,0.6286506652832031,-1,-1,-1
795,-1,254.56997680664062,10.906407356262207,319.26165771484375,226.0400848388672,0.5748522877693176,-1,-1,-1
796,-1,253.7770233154297,15.757235527038574,320.208984375,220.34715270996094,0.6321219801902771,-1,-1,-1
797,-1,253.66641235351562,15.83745002746582,320.23046875,220.3388214111328,0.6131492853164673,-1,-1,-1
798,-1,252.7566375732422,14.952991485595703,319.8509521484375,221.04638671875,0.6691551208496094,-1,-1,-1
799,-1,254.56312561035156,17.549890518188477,319.0811462402344,182.40684509277344,0.8618049025535583,-1,-1,-1
800,-1,252.127197265625,13.364832878112793,319.1116027832031,223.770751953125,0.8582838773727417,-1,-1,-1
800,-1,217.4656982421875,102.0018310546875,268.7681884765625,198.22470092773438,0.6925343871116638,-1,-1,-1
801,-1,250.67294311523438,12.908759117126465,319.6207580566406,222.12901306152344,0.8925023078918457,-1,-1,-1
802,-1,245.782958984375,11.466838836669922,320.573486328125,223.6224365234375,0.8170742988586426,-1,-1,-1
803,-1,245.91427612304688,11.316563606262207,320.53955078125,223.7884521484375,0.8231827616691589,-1,-1,-1
804,-1,245.95584106445312,9.801857948303223,320.1217041015625,227.01153564453125,0.9063388705253601,-1,-1,-1
805,-1,246.24285888671875,14.850147247314453,320.35015869140625,219.11239624023438,0.8327546119689941,-1,-1,-1
806,-1,249.0229949951172,13.35118293762207,321.3893127441406,178.93869018554688,0.9199458360671997,-1,-1,-1
807,-1,248.12612915039062,13.408831596374512,321.1824951171875,175.9252166748047,0.9392499327659607,-1,-1,-1
808,-1,247.88551330566406,16.3848934173584,320.8837890625,174.68548583984375,0.9348344206809998,-1,-1,-1
809,-1,247.88632202148438,16.388965606689453,320.8786315917969,174.66629028320312,0.9368419647216797,-1,-1,-1
810,-1,251.59030151367188,15.856992721557617,321.1815185546875,173.37843322753906,0.9259860515594482,-1,-1,-1
811,-1,248.25491333007812,14.693497657775879,320.5712585449219,173.83700561523438,0.9180938005447388,-1,-1,-1
811,-1,217.11373901367188,101.06636047363281,268.9373474121094,200.74984741210938,0.5923346877098083,-1,-1,-1
812,-1,247.47886657714844,15.1196928024292,321.240478515625,174.7742462158203,0.9450917840003967,-1,-1,-1
813,-1,244.33154296875,15.559211730957031,320.5120544433594,173.25050354003906,0.9132383465766907,-1,-1,-1
814,-1,242.2443389892578,9.627204895019531,321.0704345703125,227.04876708984375,0.9221113324165344,-1,-1,-1
815,-1,242.09555053710938,9.575722694396973,321.06134033203125,227.1082000732422,0.9245985746383667,-1,-1,-1
816,-1,247.11822509765625,15.644449234008789,321.1733703613281,174.52438354492188,0.9363070726394653,-1,-1,-1
817,-1,251.5921173095703,18.78142738342285,321.0003356933594,172.30575561523438,0.9159255027770996,-1,-1,-1
817,-1,216.99920654296875,100.9293441772461,269.8339538574219,198.93939208984375,0.7032346725463867,-1,-1,-1
818,-1,249.6123046875,15.463334083557129,319.81640625,178.70065307617188,0.9632882475852966,-1,-1,-1
819,-1,251.44102478027344,16.98551368713379,319.0328063964844,180.41334533691406,0.9021870493888855,-1,-1,-1
820,-1,249.6295166015625,20.744787216186523,317.0245666503906,179.92459106445312,0.8690305948257446,-1,-1,-1
821,-1,249.65924072265625,20.787492752075195,317.0220031738281,179.75086975097656,0.8676339983940125,-1,-1,-1
822,-1,247.69561767578125,21.076679229736328,319.07684326171875,210.8396759033203,0.8040693998336792,-1,-1,-1
823,-1,251.23861694335938,23.39089012145996,318.8980407714844,180.20887756347656,0.9136362075805664,-1,-1,-1
824,-1,251.5148162841797,21.9465274810791,319.16607666015625,218.475341796875,0.6414259672164917,-1,-1,-1
826,-1,253.74305725097656,24.37535285949707,320.07391357421875,211.1836700439453,0.6461554765701294,-1,-1,-1
827,-1,253.71580505371094,24.17749786376953,320.0699462890625,211.3711700439453,0.6432782411575317,-1,-1,-1
828,-1,252.6363983154297,27.679462432861328,319.0068664550781,171.98568725585938,0.731184720993042,-1,-1,-1
829,-1,252.28346252441406,24.218402862548828,319.7296142578125,214.47499084472656,0.6584314703941345,-1,-1,-1
830,-1,252.85549926757812,24.89088249206543,318.3801574707031,172.88331604003906,0.7771401405334473,-1,-1,-1
831,-1,254.40737915039062,21.706911087036133,319.7372131347656,216.8243408203125,0.5663805603981018,-1,-1,-1
832,-1,255.88235473632812,23.02398109436035,318.3140869140625,177.57464599609375,0.6694740653038025,-1,-1,-1
833,-1,255.90457153320312,22.98636817932129,318.2879638671875,177.58714294433594,0.6633952260017395,-1,-1,-1
834,-1,253.44381713867188,20.13200569152832,318.05291748046875,173.4314422607422,0.8224012851715088,-1,-1,-1
835,-1,266.1551208496094,21.462574005126953,318.3362121582031,155.46217346191406,0.5781196355819702,-1,-1,-1
836,-1,254.30087280273438,15.919236183166504,318.3760681152344,175.50755310058594,0.9526697397232056,-1,-1,-1
837,-1,253.0520782470703,15.470722198486328,318.2626647949219,179.6844940185547,0.7295193076133728,-1,-1,-1
838,-1,246.3059844970703,14.716315269470215,318.47796630859375,222.02830505371094,0.5977463722229004,-1,-1,-1
839,-1,246.31468200683594,14.829476356506348,318.4752197265625,221.9739990234375,0.6048888564109802,-1,-1,-1
841,-1,240.02420043945312,19.883834838867188,317.9967956542969,217.02468872070312,0.7053511738777161,-1,-1,-1
842,-1,250.00572204589844,22.763132095336914,319.8775634765625,216.4635467529297,0.6077117919921875,-1,-1,-1
843,-1,253.3863983154297,23.91802215576172,319.6775207519531,216.6595916748047,0.6754261255264282,-1,-1,-1
844,-1,249.75770568847656,23.254453659057617,319.4259338378906,218.75,0.5476940870285034,-1,-1,-1
845,-1,249.7653350830078,23.183712005615234,319.4072265625,218.8502197265625,0.5363489985466003,-1,-1,-1
846,-1,250.1826629638672,20.54258918762207,319.4263000488281,220.2166748046875,0.6868683695793152,-1,-1,-1
847,-1,253.22314453125,22.917667388916016,319.81170654296875,216.41470336914062,0.8317505717277527,-1,-1,-1
848,-1,252.0765838623047,24.26313591003418,319.864990234375,216.1861114501953,0.9051499962806702,-1,-1,-1
849,-1,250.2781524658203,20.934518814086914,319.79876708984375,220.0355682373047,0.9387227892875671,-1,-1,-1
850,-1,255.3300323486328,23.192642211914062,319.2628173828125,216.19789123535156,0.935797929763794,-1,-1,-1
851,-1,255.25733947753906,23.066986083984375,319.30889892578125,216.31988525390625,0.9356908798217773,-1,-1,-1
852,-1,256.7861633300781,23.600189208984375,318.5605163574219,216.98150634765625,0.79068523645401,-1,-1,-1
853,-1,252.54946899414062,25.799589157104492,318.9233703613281,215.52073669433594,0.933525800704956,-1,-1,-1
854,-1,255.11167907714844,26.667539596557617,318.66973876953125,214.58627319335938,0.8645350337028503,-1,-1,-1
855,-1,255.1007080078125,22.62542152404785,318.5790100097656,216.0526580810547,0.7124891877174377,-1,-1,-1
856,-1,265.6296081542969,21.346805572509766,317.5555114746094,179.76107788085938,0.7602630853652954,-1,-1,-1
857,-1,257.4683532714844,23.785171508789062,318.509521484375,219.1262664794922,0.7729246020317078,-1,-1,-1
858,-1,255.09812927246094,23.0230770111084,319.24420166015625,215.6536407470703,0.9139825701713562,-1,-1,-1
859,-1,249.68199157714844,22.43799591064453,320.14068603515625,217.18540954589844,0.9249817728996277,-1,-1,-1
860,-1,255.29893493652344,20.956449508666992,319.6444396972656,217.3863983154297,0.7810149192810059,-1,-1,-1
861,-1,255.38673400878906,23.544240951538086,319.4097900390625,216.4563446044922,0.9044942855834961,-1,-1,-1
862,-1,252.22360229492188,22.119327545166016,319.94219970703125,220.5071563720703,0.9056234359741211,-1,-1,-1
863,-1,252.3141632080078,22.47833251953125,319.92041015625,220.21681213378906,0.9089695811271667,-1,-1,-1
864,-1,248.9990997314453,24.491817474365234,320.0814208984375,216.26014709472656,0.8545953035354614,-1,-1,-1
865,-1,255.57203674316406,28.123109817504883,320.21142578125,216.38352966308594,0.7538356781005859,-1,-1,-1
866,-1,250.9150848388672,29.783395767211914,320.76422119140625,211.8115997314453,0.7646558880805969,-1,-1,-1
867,-1,252.52511596679688,28.123443603515625,320.8026428222656,213.9637451171875,0.6617888808250427,-1,-1,-1
868,-1,253.66188049316406,29.005355834960938,320.1820373535156,214.02052307128906,0.8629627823829651,-1,-1,-1
869,-1,253.65032958984375,29.082876205444336,320.25579833984375,213.7354736328125,0.8589351773262024,-1,-1,-1
870,-1,248.76646423339844,28.8690185546875,321.5438232421875,211.31851196289062,0.6166952252388,-1,-1,-1
871,-1,244.60125732421875,26.60580062866211,320.78607177734375,174.43820190429688,0.6412099003791809,-1,-1,-1
872,-1,249.02122497558594,27.927350997924805,320.74420166015625,176.01185607910156,0.9129263162612915,-1,-1,-1
873,-1,248.3251190185547,26.860450744628906,321.6671142578125,175.7763214111328,0.8641567230224609,-1,-1,-1
874,-1,248.75929260253906,25.562204360961914,321.62744140625,175.73291015625,0.9092299342155457,-1,-1,-1
874,-1,218.13040161132812,100.90984344482422,267.2093505859375,197.2731475830078,0.530116856098175,-1,-1,-1
875,-1,248.70567321777344,25.550655364990234,321.67120361328125,175.72207641601562,0.908577024936676,-1,-1,-1
875,-1,218.10183715820312,100.8617935180664,267.279296875,197.27490234375,0.5317232608795166,-1,-1,-1
876,-1,250.10617065429688,33.798465728759766,321.1396789550781,198.23031616210938,0.9111194610595703,-1,-1,-1
876,-1,217.92320251464844,100.25508117675781,267.7648620605469,197.93606567382812,0.6242835521697998,-1,-1,-1
877,-1,248.73130798339844,26.395023345947266,321.57244873046875,175.7684783935547,0.8679329752922058,-1,-1,-1
878,-1,249.51524353027344,25.97443199157715,321.4089660644531,175.44390869140625,0.9288775324821472,-1,-1,-1
878,-1,217.75393676757812,100.7332992553711,268.0535888671875,198.2415313720703,0.5064987540245056,-1,-1,-1
879,-1,249.9462890625,24.485532760620117,320.6217956542969,177.54727172851562,0.9511488080024719,-1,-1,-1
879,-1,217.5611114501953,101.55552673339844,268.3330078125,196.8549346923828,0.5883192420005798,-1,-1,-1
880,-1,251.01742553710938,25.337430953979492,320.5581970214844,175.24624633789062,0.9682325124740601,-1,-1,-1
880,-1,218.1988525390625,101.22577667236328,268.4552307128906,197.31712341308594,0.7171580195426941,-1,-1,-1
881,-1,251.1243896484375,25.216516494750977,320.5599670410156,175.3284912109375,0.9680595397949219,-1,-1,-1
881,-1,218.24790954589844,101.23212432861328,268.4035949707031,197.3791961669922,0.7223424315452576,-1,-1,-1
882,-1,251.95089721679688,27.06812858581543,321.184326171875,173.2976531982422,0.9548564553260803,-1,-1,-1
882,-1,218.32237243652344,101.51219177246094,267.4020080566406,198.49935913085938,0.6662905216217041,-1,-1,-1
883,-1,250.79185485839844,27.376232147216797,320.8266906738281,172.659912109375,0.9278174042701721,-1,-1,-1
883,-1,218.27676391601562,100.68307495117188,267.3647155761719,198.51731872558594,0.6922633647918701,-1,-1,-1
884,-1,250.46226501464844,25.92521095275879,320.8185119628906,173.80235290527344,0.9747454524040222,-1,-1,-1
884,-1,218.78884887695312,100.70124816894531,266.4400329589844,198.29603576660156,0.7029814124107361,-1,-1,-1
885,-1,246.8040313720703,23.342729568481445,320.095458984375,176.4678192138672,0.954767107963562,-1,-1,-1
885,-1,218.75502014160156,99.6338119506836,266.7251892089844,198.70025634765625,0.6351518630981445,-1,-1,-1
886,-1,246.18084716796875,24.257360458374023,320.85589599609375,177.41192626953125,0.9886201024055481,-1,-1,-1
886,-1,218.34349060058594,100.64418029785156,266.80377197265625,198.7701873779297,0.7046029567718506,-1,-1,-1
887,-1,246.21888732910156,24.218198776245117,320.8201599121094,177.43392944335938,0.9882214069366455,-1,-1,-1
887,-1,218.35867309570312,100.57257843017578,266.7995910644531,198.79908752441406,0.7090275883674622,-1,-1,-1
888,-1,247.30844116210938,24.209606170654297,321.0755920410156,176.70762634277344,0.9542297124862671,-1,-1,-1
888,-1,218.18301391601562,101.19271087646484,267.6034240722656,198.52627563476562,0.6118607521057129,-1,-1,-1
889,-1,247.97105407714844,24.56598663330078,320.78839111328125,177.37599182128906,0.9791691303253174,-1,-1,-1
889,-1,218.40045166015625,100.61305236816406,267.6819152832031,199.36245727539062,0.7369917631149292,-1,-1,-1
890,-1,248.64871215820312,28.891437530517578,320.79345703125,200.131103515625,0.9709905982017517,-1,-1,-1
890,-1,217.89431762695312,100.22288513183594,268.2995300292969,200.12051391601562,0.8183668255805969,-1,-1,-1
891,-1,248.49276733398438,23.906349182128906,320.31951904296875,176.27650451660156,0.9746221303939819,-1,-1,-1
891,-1,218.22235107421875,101.9024429321289,267.8906555175781,199.4197235107422,0.7230067849159241,-1,-1,-1
892,-1,249.79766845703125,24.726991653442383,320.37451171875,176.02980041503906,0.9775033593177795,-1,-1,-1
892,-1,218.298828125,102.40740966796875,267.6804504394531,198.5827178955078,0.6365422606468201,-1,-1,-1
893,-1,249.87356567382812,24.776216506958008,320.3205871582031,175.96621704101562,0.9800312519073486,-1,-1,-1
893,-1,218.324462890625,102.40982055664062,267.6144714355469,198.61141967773438,0.6362735629081726,-1,-1,-1
894,-1,250.8074951171875,24.582372665405273,320.5331115722656,175.44650268554688,0.9889399409294128,-1,-1,-1
894,-1,218.53829956054688,102.15436553955078,267.3582763671875,198.6706085205078,0.7318121194839478,-1,-1,-1
895,-1,250.8116455078125,25.279512405395508,319.5198669433594,211.01400756835938,0.9686405062675476,-1,-1,-1
895,-1,218.11073303222656,101.95240783691406,267.606689453125,199.31674194335938,0.5822840929031372,-1,-1,-1
896,-1,252.35409545898438,25.227819442749023,320.5035095214844,172.70382690429688,0.9776454567909241,-1,-1,-1
897,-1,251.11782836914062,26.826982498168945,320.3487548828125,171.2323455810547,0.9812030792236328,-1,-1,-1
898,-1,251.7584228515625,26.626497268676758,320.4743957519531,170.01962280273438,0.9789129495620728,-1,-1,-1
898,-1,217.57473754882812,102.35769653320312,269.05230712890625,198.4698944091797,0.5027955770492554,-1,-1,-1
899,-1,251.56057739257812,26.575868606567383,320.51025390625,170.07041931152344,0.9805408716201782,-1,-1,-1
900,-1,250.8836669921875,26.855281829833984,320.9230041503906,173.2357177734375,0.9842945337295532,-1,-1,-1
901,-1,250.58908081054688,25.389610290527344,321.185302734375,172.53225708007812,0.8936900496482849,-1,-1,-1
902,-1,250.71641540527344,25.222091674804688,321.1687927246094,170.1558074951172,0.9303537011146545,-1,-1,-1
903,-1,251.79312133789062,24.92902374267578,320.7790832519531,171.05702209472656,0.8202497363090515,-1,-1,-1
904,-1,249.63623046875,25.63593864440918,320.8011474609375,171.68942260742188,0.8415371179580688,-1,-1,-1
905,-1,249.68679809570312,25.55336570739746,320.7601318359375,171.57455444335938,0.861760139465332,-1,-1,-1
906,-1,252.41854858398438,27.522235870361328,320.7243347167969,171.6405487060547,0.9203597903251648,-1,-1,-1
907,-1,249.59918212890625,26.14105796813965,320.345703125,174.2139434814453,0.9211117029190063,-1,-1,-1
908,-1,250.43728637695312,24.40024185180664,319.7061462402344,175.56854248046875,0.925093412399292,-1,-1,-1
909,-1,248.66375732421875,26.058731079101562,319.865966796875,174.51136779785156,0.8856472373008728,-1,-1,-1
910,-1,247.49417114257812,23.618045806884766,320.51239013671875,175.83615112304688,0.9000259041786194,-1,-1,-1
911,-1,247.48793029785156,23.636627197265625,320.4852294921875,175.62725830078125,0.8997149467468262,-1,-1,-1
912,-1,248.05950927734375,22.136917114257812,320.684814453125,176.9502716064453,0.980387806892395,-1,-1,-1
913,-1,245.30616760253906,17.35953712463379,320.470947265625,179.85308837890625,0.9799483418464661,-1,-1,-1
914,-1,246.01449584960938,14.230335235595703,319.6423645019531,178.01048278808594,0.955278217792511,-1,-1,-1
915,-1,244.05409240722656,13.678529739379883,320.4612731933594,176.46163940429688,0.9820517301559448,-1,-1,-1
916,-1,244.06454467773438,13.374287605285645,321.00189208984375,174.455078125,0.9857754111289978,-1,-1,-1
917,-1,244.017822265625,13.370073318481445,320.9891357421875,174.71868896484375,0.9854385256767273,-1,-1,-1
918,-1,245.56842041015625,12.257356643676758,321.326904296875,175.0507049560547,0.9726874232292175,-1,-1,-1
919,-1,245.58106994628906,12.646942138671875,321.4102478027344,178.62802124023438,0.9776155352592468,-1,-1,-1
920,-1,246.25314331054688,2.80104398727417,319.84698486328125,227.5291748046875,0.9610617756843567,-1,-1,-1
921,-1,246.8153533935547,11.434144020080566,321.42462158203125,178.393798828125,0.9428913593292236,-1,-1,-1
922,-1,246.54605102539062,5.071352481842041,320.84130859375,227.32614135742188,0.8606162071228027,-1,-1,-1
923,-1,246.67787170410156,5.283402919769287,320.8517761230469,227.093505859375,0.8553582429885864,-1,-1,-1
924,-1,247.37989807128906,10.80372142791748,321.0165710449219,177.585205078125,0.9561747312545776,-1,-1,-1
925,-1,251.5411376953125,11.08607292175293,321.0924987792969,175.6179962158203,0.9280768036842346,-1,-1,-1
926,-1,249.97659301757812,12.519484519958496,321.0322265625,173.64422607421875,0.9665980935096741,-1,-1,-1
927,-1,250.0782012939453,10.6212797164917,320.658203125,179.9191436767578,0.9728806614875793,-1,-1,-1
928,-1,247.2240447998047,10.320417404174805,320.5367736816406,180.28219604492188,0.9720984697341919,-1,-1,-1
929,-1,247.2437286376953,10.414182662963867,320.5617980957031,179.71365356445312,0.9735597372055054,-1,-1,-1
930,-1,247.93902587890625,11.19027328491211,320.45697021484375,180.08868408203125,0.9584668874740601,-1,-1,-1
931,-1,246.1096954345703,10.844955444335938,320.375,179.9110107421875,0.9535788893699646,-1,-1,-1
932,-1,248.14251708984375,11.802373886108398,320.4859924316406,174.70953369140625,0.9495500922203064,-1,-1,-1
933,-1,249.18353271484375,11.09579849243164,320.4388122558594,175.2850341796875,0.9422749280929565,-1,-1,-1
934,-1,253.16485595703125,12.127256393432617,320.26434326171875,175.4766082763672,0.8870584964752197,-1,-1,-1
935,-1,252.91323852539062,12.133882522583008,320.2761535644531,175.71438598632812,0.8900974988937378,-1,-1,-1
957,-1,215.6145477294922,98.98468017578125,270.52471923828125,199.92044067382812,0.5660619139671326,-1,-1,-1
962,-1,215.40846252441406,100.95926666259766,270.3769226074219,199.36050415039062,0.6211028099060059,-1,-1,-1
964,-1,215.52859497070312,99.47088623046875,270.81988525390625,199.32322692871094,0.5064681172370911,-1,-1,-1
965,-1,215.54217529296875,99.473876953125,270.8094482421875,199.34461975097656,0.5095587968826294,-1,-1,-1
973,-1,215.4729461669922,98.68586730957031,270.7470397949219,200.72032165527344,0.5855968594551086,-1,-1,-1
979,-1,282.94342041015625,51.38822937011719,321.5500183105469,150.87417602539062,0.8224391937255859,-1,-1,-1
979,-1,215.5327606201172,99.01300048828125,270.75177001953125,199.0362091064453,0.7706031799316406,-1,-1,-1
980,-1,277.7711181640625,52.56623077392578,322.1661682128906,151.06747436523438,0.8797611594200134,-1,-1,-1
980,-1,215.384033203125,98.8084716796875,270.6485290527344,199.29983520507812,0.820907473564148,-1,-1,-1
981,-1,215.4029541015625,98.98377990722656,270.576904296875,200.28372192382812,0.818783164024353,-1,-1,-1
981,-1,275.44085693359375,52.709720611572266,321.25848388671875,151.8414764404297,0.701686680316925,-1,-1,-1
982,-1,215.2134552001953,98.51116180419922,270.66864013671875,201.45594787597656,0.675518810749054,-1,-1,-1
983,-1,215.20281982421875,98.55754852294922,270.7008056640625,201.40399169921875,0.6845506429672241,-1,-1,-1
984,-1,215.14492797851562,99.40387725830078,270.65869140625,200.75634765625,0.6212226748466492,-1,-1,-1
990,-1,264.938232421875,29.577308654785156,319.9210205078125,168.367919921875,0.5195214152336121,-1,-1,-1
991,-1,260.8515625,34.73480224609375,319.1319580078125,162.21298217773438,0.8372575640678406,-1,-1,-1
992,-1,250.5882110595703,23.076007843017578,319.0503234863281,169.27516174316406,0.9642930030822754,-1,-1,-1
992,-1,215.7008056640625,104.76583862304688,270.9515686035156,196.35646057128906,0.7687349319458008,-1,-1,-1
993,-1,245.24392700195312,24.950143814086914,318.8260192871094,164.32574462890625,0.9568924903869629,-1,-1,-1
993,-1,215.59129333496094,103.08123779296875,271.4490966796875,197.44464111328125,0.8084564805030823,-1,-1,-1
994,-1,244.39059448242188,25.786725997924805,319.2404479980469,163.70335388183594,0.9563097953796387,-1,-1,-1
995,-1,244.35865783691406,25.870895385742188,319.2752380371094,163.688232421875,0.9564418196678162,-1,-1,-1
996,-1,240.16761779785156,26.606597900390625,318.48291015625,163.5167999267578,0.9577181935310364,-1,-1,-1
996,-1,215.62588500976562,106.68795776367188,272.55078125,196.48971557617188,0.6847402453422546,-1,-1,-1
997,-1,238.2218780517578,28.887657165527344,318.7444763183594,161.771240234375,0.9536110758781433,-1,-1,-1
997,-1,215.72767639160156,107.02577209472656,271.69940185546875,194.97608947753906,0.546722412109375,-1,-1,-1
998,-1,234.7450408935547,29.997224807739258,318.2712097167969,160.24647521972656,0.9687038064002991,-1,-1,-1
999,-1,235.262451171875,29.392864227294922,318.5623474121094,161.1675567626953,0.9768319129943848,-1,-1,-1
1000,-1,235.85507202148438,28.78261375427246,319.140380859375,160.54281616210938,0.9728822708129883,-1,-1,-1
1000,-1,215.7667694091797,107.25099182128906,271.18548583984375,194.80828857421875,0.5793662667274475,-1,-1,-1
1001,-1,235.90573120117188,28.845565795898438,319.1840515136719,160.59576416015625,0.973131537437439,-1,-1,-1
1001,-1,215.76699829101562,107.28654479980469,271.2026062011719,194.7663116455078,0.5782264471054077,-1,-1,-1
1002,-1,233.66458129882812,29.3212947845459,319.4482421875,161.01998901367188,0.9740229249000549,-1,-1,-1
1002,-1,215.78839111328125,107.32572937011719,271.3829650878906,194.4642333984375,0.5380334854125977,-1,-1,-1
1003,-1,233.05593872070312,26.96402931213379,318.79351806640625,159.30325317382812,0.9706190824508667,-1,-1,-1
1003,-1,215.7978515625,107.05187225341797,270.890380859375,195.05516052246094,0.5635344386100769,-1,-1,-1
1004,-1,233.89910888671875,27.27570152282715,318.8598327636719,160.07948303222656,0.9684324264526367,-1,-1,-1
1004,-1,215.83619689941406,107.66978454589844,270.88299560546875,194.7748565673828,0.6246418356895447,-1,-1,-1
1005,-1,233.95016479492188,25.83334732055664,319.147216796875,160.33135986328125,0.9749600291252136,-1,-1,-1
1005,-1,216.00709533691406,107.137451171875,270.6567687988281,194.8347625732422,0.6650540232658386,-1,-1,-1
1006,-1,235.02725219726562,25.49534797668457,318.73895263671875,160.16062927246094,0.9688513875007629,-1,-1,-1
1006,-1,216.1786651611328,106.5921401977539,271.4782409667969,195.24429321289062,0.548751711845398,-1,-1,-1
1007,-1,235.09202575683594,25.472640991210938,318.7215576171875,160.22850036621094,0.9694134593009949,-1,-1,-1
1007,-1,216.22052001953125,106.62083435058594,271.4552001953125,195.18496704101562,0.5325806140899658,-1,-1,-1
1008,-1,235.45579528808594,25.55337905883789,318.53369140625,160.2325897216797,0.9645535945892334,-1,-1,-1
1008,-1,216.956787109375,108.26692962646484,270.8875732421875,194.22769165039062,0.5402862429618835,-1,-1,-1
1009,-1,239.70242309570312,24.219741821289062,319.13934326171875,162.7006378173828,0.9678490161895752,-1,-1,-1
1009,-1,216.7931365966797,107.78437805175781,270.43267822265625,195.2967529296875,0.7996273040771484,-1,-1,-1
1010,-1,243.898193359375,25.677207946777344,320.08514404296875,162.07693481445312,0.9657315015792847,-1,-1,-1
1010,-1,218.09725952148438,106.8890151977539,270.4263000488281,195.884521484375,0.9309314489364624,-1,-1,-1
1011,-1,245.71328735351562,24.578571319580078,319.8101501464844,160.60650634765625,0.9705390930175781,-1,-1,-1
1011,-1,224.45382690429688,106.47142791748047,273.3546142578125,193.70994567871094,0.9484661221504211,-1,-1,-1
1012,-1,247.57545471191406,24.276100158691406,319.8724060058594,159.7900848388672,0.9354328513145447,-1,-1,-1
1012,-1,226.49087524414062,105.51825714111328,273.29107666015625,193.65504455566406,0.9061496257781982,-1,-1,-1
1013,-1,247.51690673828125,24.3414363861084,319.8647766113281,159.67074584960938,0.9327232241630554,-1,-1,-1
1013,-1,226.4241180419922,105.49121856689453,273.28363037109375,193.59986877441406,0.9140810370445251,-1,-1,-1
1014,-1,249.41893005371094,24.037933349609375,319.579345703125,160.0037078857422,0.9368915557861328,-1,-1,-1
1014,-1,227.6162872314453,104.89344787597656,273.70953369140625,194.0193634033203,0.8135229349136353,-1,-1,-1
1015,-1,261.1673889160156,18.02350616455078,317.689697265625,161.89613342285156,0.9731094837188721,-1,-1,-1
1015,-1,229.46188354492188,105.62648010253906,273.94207763671875,192.6392059326172,0.8799539804458618,-1,-1,-1
1016,-1,261.8616638183594,18.32493782043457,318.7637634277344,159.94654846191406,0.9613370895385742,-1,-1,-1
1016,-1,230.29446411132812,105.13859558105469,276.0374755859375,188.92398071289062,0.7234761118888855,-1,-1,-1
1017,-1,230.32339477539062,106.7608642578125,279.1327209472656,186.72543334960938,0.6852768063545227,-1,-1,-1
1017,-1,264.8542175292969,10.970705032348633,319.4927062988281,167.54806518554688,0.6366501450538635,-1,-1,-1
1018,-1,239.0092315673828,106.96319580078125,281.7044372558594,186.0840301513672,0.6128189563751221,-1,-1,-1
1018,-1,233.09791564941406,106.78968811035156,280.0762634277344,186.86767578125,0.552760660648346,-1,-1,-1
1019,-1,239.0823516845703,106.94185638427734,281.684326171875,186.14825439453125,0.7042718529701233,-1,-1,-1
1019,-1,233.17828369140625,106.868896484375,280.0621337890625,186.89056396484375,0.5051349401473999,-1,-1,-1
1020,-1,243.57704162597656,13.504562377929688,317.8652648925781,180.9558563232422,0.5666666030883789,-1,-1,-1
1022,-1,249.46485900878906,10.844491958618164,318.4234924316406,177.99697875976562,0.503324031829834,-1,-1,-1
1023,-1,241.6510772705078,101.08316040039062,288.26971435546875,177.00303649902344,0.7392371296882629,-1,-1,-1
