2,-1,234.82357788085938,42.15840530395508,260.5621032714844,83.73584747314453,0.5468547344207764,-1,-1,-1
3,-1,234.84132385253906,42.26896286010742,260.55181884765625,83.5573959350586,0.5472654700279236,-1,-1,-1
4,-1,234.72323608398438,42.31978225708008,260.60986328125,83.58380126953125,0.5326177477836609,-1,-1,-1
5,-1,234.65823364257812,42.31810760498047,260.66729736328125,83.4796371459961,0.5211803913116455,-1,-1,-1
6,-1,234.8153839111328,42.32719421386719,260.6017761230469,83.29279327392578,0.5126649141311646,-1,-1,-1
12,-1,234.7564697265625,42.198978424072266,260.98284912109375,83.07157135009766,0.6004882454872131,-1,-1,-1
13,-1,234.61424255371094,42.209144592285156,261.27667236328125,83.50350952148438,0.524774968624115,-1,-1,-1
14,-1,234.49288940429688,42.25933074951172,261.2618408203125,83.18099975585938,0.5006012320518494,-1,-1,-1
16,-1,234.60060119628906,42.468467712402344,260.9400329589844,84.62618255615234,0.5282112956047058,-1,-1,-1
17,-1,234.4110870361328,42.557090759277344,261.378662109375,85.78211212158203,0.5630975961685181,-1,-1,-1
18,-1,234.36654663085938,42.678001403808594,261.4947814941406,86.35125732421875,0.5994093418121338,-1,-1,-1
19,-1,234.31959533691406,42.61928176879883,261.3994140625,86.16693115234375,0.5796449184417725,-1,-1,-1
20,-1,234.2794647216797,42.989410400390625,261.4078369140625,86.54426574707031,0.6762076616287231,-1,-1,-1
21,-1,234.28057861328125,42.9559211730957,261.4825134277344,86.57774353027344,0.6779042482376099,-1,-1,-1
22,-1,234.37864685058594,42.757415771484375,261.4778747558594,86.0765609741211,0.6374635696411133,-1,-1,-1
23,-1,234.4837188720703,43.175392150878906,261.36895751953125,83.7082748413086,0.7388184070587158,-1,-1,-1
24,-1,234.5242156982422,43.146141052246094,261.35595703125,83.83353424072266,0.7513375878334045,-1,-1,-1
25,-1,234.531982421875,43.12525939941406,261.3454284667969,83.81481170654297,0.7506635189056396,-1,-1,-1
26,-1,235.0617218017578,43.06403350830078,260.74420166015625,83.15634155273438,0.8300315737724304,-1,-1,-1
27,-1,235.1972198486328,43.164794921875,260.79400634765625,83.9590072631836,0.8588407039642334,-1,-1,-1
28,-1,234.85552978515625,42.91473388671875,261.14666748046875,84.97915649414062,0.772327184677124,-1,-1,-1
29,-1,235.09788513183594,43.05683898925781,261.1011657714844,85.58992004394531,0.7985023856163025,-1,-1,-1
30,-1,234.88107299804688,43.072959899902344,261.23333740234375,85.33758544921875,0.7744625210762024,-1,-1,-1
31,-1,234.05580139160156,43.196529388427734,261.3732604980469,84.2248306274414,0.6926661729812622,-1,-1,-1
32,-1,234.1746368408203,43.105621337890625,261.6066589355469,84.87014770507812,0.6612777709960938,-1,-1,-1
33,-1,234.20716857910156,43.169830322265625,261.7464294433594,84.97138977050781,0.6739063858985901,-1,-1,-1
34,-1,234.61814880371094,43.177555084228516,261.56201171875,85.24270629882812,0.5488419532775879,-1,-1,-1
35,-1,234.62954711914062,43.226253509521484,261.4726867675781,84.86219024658203,0.5297967195510864,-1,-1,-1
36,-1,235.7223663330078,43.130126953125,260.90716552734375,83.38101196289062,0.7134276628494263,-1,-1,-1
37,-1,235.77044677734375,43.13628005981445,260.8851013183594,83.30130767822266,0.7000123262405396,-1,-1,-1
38,-1,235.76785278320312,43.14263153076172,260.8913879394531,83.32958221435547,0.7037010192871094,-1,-1,-1
39,-1,235.7066192626953,42.48175048828125,261.17242431640625,84.66251373291016,0.5624081492424011,-1,-1,-1
40,-1,235.61859130859375,42.33111572265625,261.11651611328125,84.92877960205078,0.5357344150543213,-1,-1,-1
41,-1,235.60011291503906,42.32016372680664,261.1288757324219,84.95252990722656,0.52825528383255,-1,-1,-1
47,-1,222.37518310546875,8.605780601501465,258.6771545410156,99.72158813476562,0.5996143221855164,-1,-1,-1
48,-1,222.35780334472656,8.876005172729492,258.6900634765625,99.74403381347656,0.6114715933799744,-1,-1,-1
49,-1,222.15635681152344,8.850384712219238,258.7278137207031,99.7125473022461,0.5926041007041931,-1,-1,-1
62,-1,76.85913848876953,37.893218994140625,156.5397186279297,111.06599426269531,0.5696380138397217,-1,-1,-1
63,-1,76.9615478515625,37.79950714111328,156.46051025390625,111.15181732177734,0.5938060283660889,-1,-1,-1
64,-1,76.68026733398438,38.17351531982422,155.54611206054688,111.01764678955078,0.6101375222206116,-1,-1,-1
65,-1,76.5852279663086,38.2264518737793,155.3606719970703,110.81747436523438,0.6191747784614563,-1,-1,-1
66,-1,77.86119842529297,38.46128463745117,154.67405700683594,112.14146423339844,0.5510292649269104,-1,-1,-1
67,-1,77.85379791259766,38.31755447387695,154.96450805664062,112.38008117675781,0.5434080958366394,-1,-1,-1
68,-1,77.844970703125,38.207332611083984,155.09474182128906,112.46112823486328,0.5780635476112366,-1,-1,-1
75,-1,225.91204833984375,8.85681438446045,260.74755859375,101.7080078125,0.839181125164032,-1,-1,-1
76,-1,224.42552185058594,8.701157569885254,260.7680969238281,101.62384796142578,0.8502079844474792,-1,-1,-1
76,-1,186.87420654296875,13.534510612487793,220.99984741210938,113.18453979492188,0.6799674034118652,-1,-1,-1
76,-1,161.53704833984375,23.292640686035156,195.36526489257812,124.25167846679688,0.6270902156829834,-1,-1,-1
80,-1,162.4295196533203,26.088193893432617,218.85150146484375,128.94244384765625,0.8022351264953613,-1,-1,-1
81,-1,162.17755126953125,26.475109100341797,218.67626953125,128.56976318359375,0.7361428141593933,-1,-1,-1
82,-1,162.18402099609375,26.44622802734375,218.67662048339844,128.59559631347656,0.7421526312828064,-1,-1,-1
94,-1,159.0156707763672,28.4190673828125,219.69931030273438,148.88800048828125,0.9263178706169128,-1,-1,-1
95,-1,158.77088928222656,27.80054473876953,219.6670379638672,149.51016235351562,0.9323329329490662,-1,-1,-1
96,-1,154.96495056152344,34.6545295715332,247.6610565185547,165.44772338867188,0.967470109462738,-1,-1,-1
97,-1,154.4973907470703,34.42259216308594,248.54367065429688,165.41722106933594,0.9690293669700623,-1,-1,-1
98,-1,154.30047607421875,34.58126449584961,248.6168670654297,165.3052215576172,0.9711180329322815,-1,-1,-1
99,-1,165.751220703125,37.63397216796875,251.84490966796875,169.76107788085938,0.9610851407051086,-1,-1,-1
100,-1,165.72120666503906,37.615264892578125,251.94114685058594,169.3468780517578,0.9609212279319763,-1,-1,-1
101,-1,165.671875,37.70857620239258,252.00723266601562,169.17953491210938,0.9587210416793823,-1,-1,-1
102,-1,165.66079711914062,37.737545013427734,252.27572631835938,169.16522216796875,0.9596982598304749,-1,-1,-1
103,-1,165.69976806640625,37.7187385559082,252.27142333984375,169.20025634765625,0.9589669108390808,-1,-1,-1
104,-1,165.69290161132812,37.7266845703125,252.285888671875,169.21702575683594,0.9587713479995728,-1,-1,-1
105,-1,164.82928466796875,42.2515983581543,253.92591857910156,167.45887756347656,0.5710806250572205,-1,-1,-1
106,-1,164.95513916015625,41.60179901123047,252.22930908203125,167.95542907714844,0.8478721380233765,-1,-1,-1
107,-1,173.60772705078125,48.48918151855469,254.6357879638672,180.7855224609375,0.8847973942756653,-1,-1,-1
108,-1,173.68756103515625,48.29249954223633,254.65162658691406,180.89434814453125,0.8798665404319763,-1,-1,-1
109,-1,173.68569946289062,48.33034896850586,254.6369171142578,180.94313049316406,0.8804815411567688,-1,-1,-1
111,-1,165.02244567871094,62.118507385253906,268.1183166503906,186.68482971191406,0.5655503869056702,-1,-1,-1
112,-1,165.24993896484375,62.44620895385742,267.9752502441406,187.3076934814453,0.5760667324066162,-1,-1,-1
118,-1,179.92117309570312,20.049755096435547,230.06954956054688,139.65643310546875,0.9254357814788818,-1,-1,-1
119,-1,180.1504364013672,20.518798828125,229.7958526611328,139.39434814453125,0.9403485059738159,-1,-1,-1
120,-1,180.17564392089844,20.57958221435547,229.7703857421875,139.34996032714844,0.9411339163780212,-1,-1,-1
124,-1,235.17555236816406,42.94610595703125,261.88916015625,82.76368713378906,0.7349355816841125,-1,-1,-1
125,-1,235.40184020996094,42.94046401977539,262.0555725097656,82.74131774902344,0.6861351132392883,-1,-1,-1
126,-1,170.58255004882812,19.996274948120117,229.96380615234375,155.7228240966797,0.93189537525177,-1,-1,-1
126,-1,235.63076782226562,42.929195404052734,261.3523254394531,82.84872436523438,0.622895359992981,-1,-1,-1
127,-1,170.88990783691406,20.681638717651367,229.9651336669922,155.71868896484375,0.9412064552307129,-1,-1,-1
127,-1,235.56405639648438,42.974815368652344,261.3980712890625,82.86701965332031,0.6287246346473694,-1,-1,-1
128,-1,170.66229248046875,21.310871124267578,230.18341064453125,155.3228302001953,0.9400488138198853,-1,-1,-1
128,-1,235.65866088867188,42.91706466674805,261.358154296875,82.99917602539062,0.6219192147254944,-1,-1,-1
129,-1,160.2039794921875,16.353107452392578,204.419677734375,157.41546630859375,0.9303224682807922,-1,-1,-1
129,-1,234.79940795898438,42.55057144165039,261.20880126953125,82.81607055664062,0.6813517212867737,-1,-1,-1
130,-1,160.6753387451172,16.344228744506836,204.14633178710938,157.56100463867188,0.9231706857681274,-1,-1,-1
130,-1,234.67266845703125,42.64685821533203,261.1834411621094,82.67050170898438,0.7170706987380981,-1,-1,-1
131,-1,160.66758728027344,16.4672794342041,204.09344482421875,157.4640655517578,0.9148454666137695,-1,-1,-1
131,-1,234.69918823242188,42.63255310058594,261.1615295410156,82.55775451660156,0.7011833786964417,-1,-1,-1
132,-1,160.6668701171875,16.461198806762695,204.08888244628906,157.4632568359375,0.9154118895530701,-1,-1,-1
132,-1,234.70176696777344,42.657493591308594,261.15704345703125,82.59648132324219,0.718999445438385,-1,-1,-1
133,-1,160.6637420654297,16.45541763305664,204.08815002441406,157.47348022460938,0.9164961576461792,-1,-1,-1
133,-1,234.70562744140625,42.655296325683594,261.1504211425781,82.59996032714844,0.7167955040931702,-1,-1,-1
134,-1,160.74562072753906,16.576919555664062,203.97193908691406,157.41357421875,0.9045634865760803,-1,-1,-1
134,-1,234.649658203125,42.61394500732422,261.1917724609375,82.65958404541016,0.7187523245811462,-1,-1,-1
135,-1,234.90121459960938,42.365230560302734,261.7684326171875,82.85254669189453,0.6642935276031494,-1,-1,-1
136,-1,234.6873321533203,42.400634765625,261.9394836425781,82.73646545410156,0.686595618724823,-1,-1,-1
137,-1,151.01502990722656,19.927268981933594,200.6078338623047,150.0481719970703,0.8004342317581177,-1,-1,-1
137,-1,234.95054626464844,42.71126937866211,261.4931945800781,82.60643768310547,0.5655156373977661,-1,-1,-1
138,-1,151.1299591064453,19.62741470336914,200.50411987304688,150.3055877685547,0.7962722182273865,-1,-1,-1
138,-1,234.98680114746094,42.75532531738281,261.4862060546875,82.60382080078125,0.5755361318588257,-1,-1,-1
139,-1,151.16552734375,19.704326629638672,200.46678161621094,150.2484130859375,0.7968499660491943,-1,-1,-1
139,-1,234.99346923828125,42.759944915771484,261.51171875,82.61405181884766,0.5858845710754395,-1,-1,-1
140,-1,246.01173400878906,64.53401947021484,314.360107421875,224.15789794921875,0.9316563606262207,-1,-1,-1
141,-1,245.79458618164062,64.488525390625,314.4912109375,223.70510864257812,0.9253619909286499,-1,-1,-1
142,-1,245.84799194335938,64.54456329345703,314.5614929199219,223.60137939453125,0.9263077974319458,-1,-1,-1
143,-1,130.3707275390625,22.15140724182129,182.79188537597656,134.10133361816406,0.6575713753700256,-1,-1,-1
143,-1,163.9273223876953,183.642578125,268.8931884765625,233.88038635253906,0.5618422031402588,-1,-1,-1
144,-1,130.95445251464844,21.589242935180664,182.17239379882812,135.7391815185547,0.742425262928009,-1,-1,-1
144,-1,163.36502075195312,183.81927490234375,269.391845703125,233.8123779296875,0.5390233993530273,-1,-1,-1
145,-1,112.17749786376953,23.750139236450195,177.5717315673828,147.7808837890625,0.9904500246047974,-1,-1,-1
145,-1,252.53500366210938,60.32787322998047,317.28375244140625,226.7364044189453,0.6370137333869934,-1,-1,-1
145,-1,162.51730346679688,183.70419311523438,270.5765075683594,234.6071014404297,0.6020618081092834,-1,-1,-1
146,-1,112.31428527832031,23.56145477294922,177.36488342285156,148.18312072753906,0.9888773560523987,-1,-1,-1
146,-1,252.7628936767578,60.30607986450195,317.3517150878906,226.4159698486328,0.6364548802375793,-1,-1,-1
146,-1,161.3245391845703,183.990234375,270.9838562011719,234.92849731445312,0.600787341594696,-1,-1,-1
147,-1,112.31757354736328,23.45463752746582,177.40213012695312,148.24725341796875,0.9886830449104309,-1,-1,-1
147,-1,252.75225830078125,60.298133850097656,317.3990173339844,226.3036651611328,0.6384719014167786,-1,-1,-1
147,-1,161.0295867919922,183.904296875,271.603515625,234.9833984375,0.5784704089164734,-1,-1,-1
148,-1,93.86048889160156,29.418569564819336,174.73675537109375,128.18890380859375,0.9604589343070984,-1,-1,-1
149,-1,92.77362823486328,29.32731056213379,174.59007263183594,128.38504028320312,0.9632147550582886,-1,-1,-1
150,-1,92.77111053466797,29.411462783813477,174.5822296142578,128.40191650390625,0.9615902304649353,-1,-1,-1
150,-1,247.63308715820312,69.12299346923828,307.14703369140625,184.86631774902344,0.5483213663101196,-1,-1,-1
151,-1,99.88053894042969,30.90414047241211,161.64471435546875,127.89888000488281,0.7510038614273071,-1,-1,-1
152,-1,99.46648406982422,30.39702033996582,161.5607452392578,128.07518005371094,0.8053321838378906,-1,-1,-1
153,-1,99.15638732910156,30.47502326965332,161.3509979248047,128.37672424316406,0.8474481701850891,-1,-1,-1
154,-1,77.41661834716797,42.93169403076172,155.8724822998047,135.58767700195312,0.9293311238288879,-1,-1,-1
155,-1,77.52430725097656,43.19408416748047,155.41461181640625,135.31471252441406,0.9297365546226501,-1,-1,-1
156,-1,76.30996704101562,50.030174255371094,152.53614807128906,134.97494506835938,0.6054510474205017,-1,-1,-1
157,-1,76.76432800292969,50.075103759765625,152.13290405273438,134.54977416992188,0.5923937559127808,-1,-1,-1
167,-1,235.20526123046875,42.674678802490234,262.537841796875,85.54682159423828,0.6244661808013916,-1,-1,-1
168,-1,235.25164794921875,42.65079116821289,262.5447998046875,85.71174621582031,0.6302197575569153,-1,-1,-1
169,-1,235.25936889648438,42.70311737060547,262.5278015136719,85.68539428710938,0.6403552889823914,-1,-1,-1
173,-1,233.78286743164062,62.5630989074707,300.356689453125,166.2597198486328,0.764859139919281,-1,-1,-1
173,-1,48.58131790161133,99.06976318359375,222.39427185058594,230.08644104003906,0.5286895632743835,-1,-1,-1
174,-1,223.8881072998047,67.66920471191406,304.13763427734375,159.50950622558594,0.7702627182006836,-1,-1,-1
174,-1,49.37438201904297,98.85305786132812,221.6696014404297,230.23822021484375,0.5457178950309753,-1,-1,-1
175,-1,235.557861328125,43.25664520263672,262.23919677734375,83.162109375,0.8046251535415649,-1,-1,-1
175,-1,51.77033233642578,96.17059326171875,220.04737854003906,230.72787475585938,0.6176724433898926,-1,-1,-1
175,-1,233.41510009765625,82.20891571044922,298.8929443359375,194.18104553222656,0.5832952260971069,-1,-1,-1
176,-1,235.44271850585938,43.22932434082031,262.0364685058594,82.81349182128906,0.8054974675178528,-1,-1,-1
176,-1,233.59271240234375,81.73991394042969,299.1466369628906,194.5154266357422,0.6113529205322266,-1,-1,-1
176,-1,53.016998291015625,95.1556625366211,219.6643829345703,231.13461303710938,0.5716896057128906,-1,-1,-1
177,-1,235.45469665527344,43.23107147216797,262.0479431152344,82.81481170654297,0.8070081472396851,-1,-1,-1
177,-1,233.64967346191406,81.71778869628906,299.0874938964844,194.47474670410156,0.6277655363082886,-1,-1,-1
177,-1,53.1788215637207,95.15673065185547,219.66458129882812,231.04736328125,0.5628209114074707,-1,-1,-1
178,-1,235.38816833496094,43.16682815551758,261.7750244140625,84.41007995605469,0.5963388681411743,-1,-1,-1
178,-1,216.03030395507812,72.0325927734375,303.4678955078125,213.65060424804688,0.5597330927848816,-1,-1,-1
179,-1,216.3567352294922,71.4466552734375,302.69580078125,213.55128479003906,0.5520534515380859,-1,-1,-1
179,-1,235.43150329589844,43.199989318847656,261.6979675292969,84.53677368164062,0.5489786863327026,-1,-1,-1
180,-1,216.5060272216797,71.67414855957031,302.7893371582031,213.4127960205078,0.5798420310020447,-1,-1,-1
180,-1,235.4744110107422,43.1902961730957,261.6820068359375,84.55841827392578,0.5620624423027039,-1,-1,-1
181,-1,80.06851196289062,54.33424758911133,158.19619750976562,138.18006896972656,0.663486123085022,-1,-1,-1
182,-1,79.77727508544922,53.92824935913086,158.7190399169922,139.18487548828125,0.7877650260925293,-1,-1,-1
183,-1,79.62336730957031,53.58088684082031,158.89199829101562,139.31861877441406,0.7998288869857788,-1,-1,-1
185,-1,75.84628295898438,51.22507095336914,159.6840362548828,135.98553466796875,0.5504381656646729,-1,-1,-1
186,-1,102.59284210205078,41.974761962890625,161.7265625,136.13478088378906,0.8191348910331726,-1,-1,-1
186,-1,213.23635864257812,75.37805938720703,294.1408386230469,178.518310546875,0.5191144347190857,-1,-1,-1
187,-1,93.17723083496094,51.758689880371094,169.44479370117188,135.11630249023438,0.7386826872825623,-1,-1,-1
187,-1,213.0682373046875,76.080322265625,293.84136962890625,178.48675537109375,0.5235166549682617,-1,-1,-1
188,-1,93.15420532226562,51.513343811035156,169.3483123779297,134.9773406982422,0.7445241808891296,-1,-1,-1
188,-1,235.29751586914062,43.1866455078125,261.5914001464844,82.8521957397461,0.575657308101654,-1,-1,-1
188,-1,212.94798278808594,76.4898910522461,293.6875305175781,178.30941772460938,0.5318799614906311,-1,-1,-1
189,-1,236.0907745361328,42.89208984375,261.54656982421875,82.1920166015625,0.7345175743103027,-1,-1,-1
190,-1,236.06784057617188,42.84938049316406,261.5931396484375,82.24221801757812,0.7166326642036438,-1,-1,-1
191,-1,236.036376953125,42.84866714477539,261.5649719238281,82.22715759277344,0.7208482027053833,-1,-1,-1
192,-1,236.0357666015625,42.84430694580078,261.54827880859375,82.23189544677734,0.7220022678375244,-1,-1,-1
193,-1,236.01951599121094,42.83571243286133,261.58642578125,82.2445297241211,0.7260781526565552,-1,-1,-1
194,-1,87.35185241699219,31.72809410095215,153.49545288085938,123.5754623413086,0.9920262694358826,-1,-1,-1
194,-1,236.0560760498047,43.32773208618164,261.6323547363281,81.70612335205078,0.8908014297485352,-1,-1,-1
195,-1,87.24827575683594,31.828214645385742,153.5423583984375,123.65687561035156,0.9908427596092224,-1,-1,-1
195,-1,236.04600524902344,43.24080276489258,261.7347106933594,81.8017349243164,0.8882300853729248,-1,-1,-1
196,-1,87.6994400024414,31.38348388671875,153.59356689453125,123.53327941894531,0.9934587478637695,-1,-1,-1
196,-1,236.17471313476562,43.358089447021484,261.89398193359375,81.65860748291016,0.8885186314582825,-1,-1,-1
197,-1,76.54443359375,31.422975540161133,139.4003448486328,128.41603088378906,0.9350077509880066,-1,-1,-1
197,-1,236.15577697753906,43.68056106567383,261.9851379394531,81.46495819091797,0.8631278872489929,-1,-1,-1
197,-1,198.07579040527344,81.82357788085938,283.3575134277344,189.1412353515625,0.7851068377494812,-1,-1,-1
198,-1,76.86894226074219,31.547780990600586,139.15658569335938,128.62057495117188,0.9192573428153992,-1,-1,-1
198,-1,236.22824096679688,43.71206283569336,262.0250244140625,81.50830078125,0.8646290302276611,-1,-1,-1
198,-1,197.9135284423828,82.2045669555664,283.489501953125,188.751708984375,0.7756194472312927,-1,-1,-1
199,-1,76.7856674194336,31.659605026245117,139.2142791748047,128.61480712890625,0.9193046689033508,-1,-1,-1
199,-1,236.2140655517578,43.67158126831055,262.0239562988281,81.48986053466797,0.8636160492897034,-1,-1,-1
199,-1,198.2431182861328,82.3348159790039,283.5014953613281,188.7616424560547,0.7853280901908875,-1,-1,-1
200,-1,236.0565948486328,43.4613037109375,261.9774169921875,82.16222381591797,0.8736233711242676,-1,-1,-1
200,-1,74.26628875732422,24.55671501159668,136.4373779296875,129.21200561523438,0.8455490469932556,-1,-1,-1
200,-1,195.31980895996094,86.6583251953125,283.8730163574219,185.9125518798828,0.607214093208313,-1,-1,-1
201,-1,73.48149108886719,24.15086555480957,136.6616973876953,128.5804443359375,0.9260451197624207,-1,-1,-1
201,-1,236.09121704101562,43.59455490112305,261.7712707519531,82.12247467041016,0.8855140209197998,-1,-1,-1
201,-1,195.66738891601562,86.70856475830078,283.35308837890625,185.7106170654297,0.6192092895507812,-1,-1,-1
202,-1,73.40355682373047,24.151657104492188,136.71307373046875,128.62767028808594,0.925165057182312,-1,-1,-1
202,-1,236.11325073242188,43.61836242675781,261.798583984375,82.09363555908203,0.8822649121284485,-1,-1,-1
202,-1,195.92547607421875,86.38426971435547,283.43218994140625,185.83663940429688,0.6433722376823425,-1,-1,-1
203,-1,236.0695037841797,43.22663497924805,261.72271728515625,82.34029388427734,0.8894398212432861,-1,-1,-1
203,-1,199.91455078125,82.10841369628906,282.6031494140625,189.54110717773438,0.7296625375747681,-1,-1,-1
203,-1,22.227245330810547,49.71807861328125,257.8956298828125,240.4482879638672,0.5330575704574585,-1,-1,-1
204,-1,235.98036193847656,43.21562576293945,261.57574462890625,82.3172378540039,0.9022682905197144,-1,-1,-1
204,-1,199.81442260742188,82.37431335449219,282.74029541015625,189.7510223388672,0.7688528895378113,-1,-1,-1
204,-1,21.763341903686523,50.17859649658203,258.351318359375,240.33502197265625,0.5112853050231934,-1,-1,-1
205,-1,236.2816162109375,43.02891540527344,261.78387451171875,82.85749816894531,0.8877485990524292,-1,-1,-1
206,-1,236.2716522216797,42.974910736083984,261.8109436035156,82.8916015625,0.8844723105430603,-1,-1,-1
207,-1,236.28648376464844,42.939598083496094,261.8328552246094,82.90717315673828,0.8842155933380127,-1,-1,-1
208,-1,236.0675048828125,42.79906463623047,261.23883056640625,80.84668731689453,0.8916348218917847,-1,-1,-1
209,-1,236.0537872314453,42.77383804321289,261.1890869140625,80.8409194946289,0.8874765038490295,-1,-1,-1
210,-1,236.06808471679688,42.74055480957031,261.22412109375,80.79964447021484,0.8846799731254578,-1,-1,-1
214,-1,235.61138916015625,42.45138168334961,261.58038330078125,82.13815307617188,0.6095722913742065,-1,-1,-1
215,-1,235.61256408691406,42.40212631225586,261.6116638183594,82.24376678466797,0.6436753869056702,-1,-1,-1
216,-1,235.64602661132812,42.44221115112305,261.620361328125,81.06909942626953,0.8490804433822632,-1,-1,-1
217,-1,235.553466796875,42.28311538696289,261.6867980957031,81.16952514648438,0.8305641412734985,-1,-1,-1
218,-1,235.61521911621094,42.3138427734375,261.67572021484375,81.15589141845703,0.8359452486038208,-1,-1,-1
219,-1,235.5577850341797,42.41424560546875,261.1915283203125,81.1102294921875,0.8142772912979126,-1,-1,-1
220,-1,235.55044555664062,42.389347076416016,261.338134765625,81.17498779296875,0.7919861674308777,-1,-1,-1
221,-1,235.62380981445312,42.408721923828125,261.28564453125,81.2563247680664,0.7968487739562988,-1,-1,-1
222,-1,235.64797973632812,42.31721878051758,260.95428466796875,80.39549255371094,0.7352955937385559,-1,-1,-1
223,-1,235.6330108642578,42.3345832824707,260.94732666015625,80.42082214355469,0.7546133995056152,-1,-1,-1
224,-1,235.62802124023438,42.39789962768555,260.95196533203125,80.36775970458984,0.752109169960022,-1,-1,-1
225,-1,235.62716674804688,42.38302230834961,260.9584655761719,80.37311553955078,0.7485167384147644,-1,-1,-1
226,-1,235.12225341796875,41.67576599121094,261.0226745605469,80.42524719238281,0.7225365042686462,-1,-1,-1
227,-1,235.11985778808594,42.214744567871094,261.3562927246094,80.68367004394531,0.7244751453399658,-1,-1,-1
228,-1,235.13563537597656,42.19437789916992,261.380615234375,80.65228271484375,0.7226179838180542,-1,-1,-1
229,-1,235.12063598632812,42.227901458740234,261.36834716796875,80.65399169921875,0.7387771010398865,-1,-1,-1
229,-1,232.20303344726562,72.01952362060547,289.55755615234375,181.28408813476562,0.5086920261383057,-1,-1,-1
230,-1,235.53358459472656,41.958953857421875,262.3974304199219,83.12373352050781,0.8787855505943298,-1,-1,-1
231,-1,235.5387725830078,41.912349700927734,262.40643310546875,83.11234283447266,0.8802366852760315,-1,-1,-1
232,-1,235.5462646484375,41.949974060058594,262.4187927246094,83.24826049804688,0.8900855779647827,-1,-1,-1
233,-1,235.73077392578125,41.87255859375,262.1138916015625,82.70333862304688,0.872314989566803,-1,-1,-1
234,-1,235.68861389160156,41.88920974731445,262.0592041015625,82.7252197265625,0.8649916648864746,-1,-1,-1
235,-1,235.68966674804688,41.8393440246582,262.2344055175781,82.80321502685547,0.8427857756614685,-1,-1,-1
236,-1,235.67715454101562,41.897705078125,262.1835632324219,82.63780975341797,0.8416735529899597,-1,-1,-1
237,-1,235.7362060546875,41.91781997680664,262.21368408203125,82.59298706054688,0.8426482677459717,-1,-1,-1
238,-1,235.34226989746094,41.974143981933594,262.01708984375,81.990966796875,0.7635726928710938,-1,-1,-1
238,-1,234.17420959472656,78.11781311035156,287.5113830566406,200.3456268310547,0.5919485688209534,-1,-1,-1
239,-1,235.35353088378906,41.97821044921875,262.0015869140625,81.94078826904297,0.7684882879257202,-1,-1,-1
239,-1,234.3386688232422,78.42021179199219,287.4658203125,199.997314453125,0.5506812930107117,-1,-1,-1
240,-1,235.32174682617188,42.00408172607422,262.0022888183594,81.91556549072266,0.7689734697341919,-1,-1,-1
241,-1,235.11434936523438,42.40850067138672,262.0126037597656,82.07512664794922,0.8421829342842102,-1,-1,-1
242,-1,235.10964965820312,42.544010162353516,261.7871398925781,82.17427062988281,0.8511576056480408,-1,-1,-1
243,-1,235.523681640625,42.91551971435547,261.3475646972656,81.72618103027344,0.9041078686714172,-1,-1,-1
244,-1,235.54861450195312,42.93381881713867,261.3406677246094,81.7553482055664,0.9026234149932861,-1,-1,-1
245,-1,235.54330444335938,42.94965744018555,261.3244323730469,81.7862777709961,0.9034117460250854,-1,-1,-1
246,-1,235.64248657226562,42.699703216552734,262.3500671386719,82.43962860107422,0.6235427856445312,-1,-1,-1
247,-1,235.52940368652344,42.65534210205078,262.3511047363281,82.59860229492188,0.6231229901313782,-1,-1,-1
248,-1,235.79119873046875,42.635250091552734,262.2680969238281,82.33885192871094,0.5746476054191589,-1,-1,-1
249,-1,234.7555389404297,42.10655975341797,262.08575439453125,84.44676208496094,0.5936327576637268,-1,-1,-1
250,-1,234.6759796142578,42.16640853881836,262.07977294921875,84.18280029296875,0.636383593082428,-1,-1,-1
251,-1,234.43678283691406,42.00217819213867,261.89678955078125,84.0078125,0.723857045173645,-1,-1,-1
252,-1,233.98834228515625,42.03640365600586,262.24774169921875,85.06175231933594,0.7979896068572998,-1,-1,-1
253,-1,233.94151306152344,42.07889938354492,262.2432861328125,84.85645294189453,0.7917401194572449,-1,-1,-1
254,-1,233.93165588378906,42.07164001464844,262.2453918457031,84.9166488647461,0.789961576461792,-1,-1,-1
255,-1,233.92901611328125,42.08066940307617,262.25732421875,84.9207992553711,0.7880862355232239,-1,-1,-1
256,-1,234.05274963378906,42.06364822387695,262.34844970703125,84.61151123046875,0.8031668663024902,-1,-1,-1
257,-1,234.33908081054688,41.7368049621582,262.249755859375,85.1612548828125,0.7170581817626953,-1,-1,-1
258,-1,234.35311889648438,41.78143310546875,262.2020263671875,85.1309814453125,0.7090737819671631,-1,-1,-1
259,-1,234.35800170898438,41.752220153808594,262.1767578125,85.08098602294922,0.6985996961593628,-1,-1,-1
260,-1,234.24591064453125,41.946937561035156,262.1377258300781,85.31230163574219,0.7701948881149292,-1,-1,-1
261,-1,234.23123168945312,41.922637939453125,262.1287841796875,85.4632568359375,0.766398012638092,-1,-1,-1
262,-1,234.20957946777344,41.918792724609375,262.1612854003906,85.35899353027344,0.762889564037323,-1,-1,-1
263,-1,234.5962371826172,41.92860412597656,262.7206115722656,86.08763885498047,0.709814727306366,-1,-1,-1
264,-1,234.59288024902344,41.97077560424805,262.6806335449219,85.92848205566406,0.7170653939247131,-1,-1,-1
265,-1,234.18072509765625,41.4658088684082,262.2221984863281,85.48493194580078,0.6043905019760132,-1,-1,-1
266,-1,234.20950317382812,41.540687561035156,262.22698974609375,85.40764617919922,0.6232172250747681,-1,-1,-1
267,-1,234.21591186523438,41.52728271484375,262.3714294433594,85.53658294677734,0.6181180477142334,-1,-1,-1
268,-1,234.4752197265625,41.40571212768555,262.40557861328125,85.20848083496094,0.6487225294113159,-1,-1,-1
269,-1,234.54026794433594,41.438682556152344,262.3358154296875,85.1694564819336,0.6553536653518677,-1,-1,-1
270,-1,234.47007751464844,41.47599411010742,262.3399963378906,85.14629364013672,0.6638223528862,-1,-1,-1
290,-1,152.53846740722656,55.07025909423828,206.10699462890625,120.128173828125,0.8479253053665161,-1,-1,-1
291,-1,153.01295471191406,54.907470703125,206.4047088623047,120.4920654296875,0.8240971565246582,-1,-1,-1
292,-1,152.99356079101562,54.990779876708984,206.5507354736328,120.47028350830078,0.8250396251678467,-1,-1,-1
317,-1,164.32923889160156,173.39352416992188,263.3249816894531,234.27981567382812,0.5517608523368835,-1,-1,-1
318,-1,164.1755828857422,173.2593231201172,263.2393493652344,234.38885498046875,0.5448252558708191,-1,-1,-1
319,-1,164.3260040283203,173.345458984375,263.14263916015625,234.33042907714844,0.5387787818908691,-1,-1,-1
320,-1,162.4824676513672,182.21435546875,264.9667663574219,235.09259033203125,0.5231798887252808,-1,-1,-1
321,-1,163.1350555419922,182.325927734375,264.4875793457031,235.02560424804688,0.5413310527801514,-1,-1,-1
322,-1,161.9692840576172,182.42083740234375,267.79583740234375,235.2643280029297,0.6420570015907288,-1,-1,-1
323,-1,162.02920532226562,182.45574951171875,267.65533447265625,235.27749633789062,0.6417241096496582,-1,-1,-1
324,-1,161.86744689941406,182.41896057128906,268.126220703125,235.29705810546875,0.6251607537269592,-1,-1,-1
325,-1,163.40548706054688,182.58908081054688,267.6009521484375,234.84246826171875,0.6831839084625244,-1,-1,-1
326,-1,164.14248657226562,182.53012084960938,267.2009582519531,235.0287628173828,0.7072230577468872,-1,-1,-1
327,-1,164.08352661132812,182.46978759765625,267.1191101074219,235.0782012939453,0.7019281983375549,-1,-1,-1
328,-1,160.10342407226562,184.32659912109375,269.0505676269531,234.75563049316406,0.8002355098724365,-1,-1,-1
328,-1,160.64816284179688,104.8175048828125,218.38357543945312,189.41366577148438,0.583626389503479,-1,-1,-1
329,-1,160.13734436035156,184.4123992919922,269.0895690917969,235.09251403808594,0.7745082974433899,-1,-1,-1
329,-1,160.5624237060547,104.86613464355469,218.56912231445312,189.310791015625,0.6140449643135071,-1,-1,-1
330,-1,160.4718780517578,183.98231506347656,269.0338134765625,235.22555541992188,0.7738447785377502,-1,-1,-1
330,-1,160.31922912597656,104.85052490234375,218.55764770507812,189.49017333984375,0.6776580214500427,-1,-1,-1
331,-1,158.8725128173828,184.94964599609375,269.56781005859375,234.4785614013672,0.8119416236877441,-1,-1,-1
332,-1,160.46011352539062,184.6376190185547,268.9366760253906,234.7418975830078,0.8263489603996277,-1,-1,-1
333,-1,161.06472778320312,184.96438598632812,268.6279602050781,235.1368408203125,0.8036572337150574,-1,-1,-1
334,-1,160.8910369873047,185.00759887695312,268.69097900390625,235.1407470703125,0.8003947734832764,-1,-1,-1
335,-1,160.79385375976562,185.34312438964844,268.6586608886719,235.00033569335938,0.7951818108558655,-1,-1,-1
336,-1,161.67481994628906,184.6509552001953,268.2762451171875,235.1399383544922,0.8438191413879395,-1,-1,-1
337,-1,161.54571533203125,184.67686462402344,268.29791259765625,235.11453247070312,0.8331778049468994,-1,-1,-1
338,-1,154.559814453125,185.53114318847656,268.2240905761719,234.94606018066406,0.6517452597618103,-1,-1,-1
339,-1,152.34971618652344,186.11849975585938,269.647705078125,234.58900451660156,0.6063642501831055,-1,-1,-1
340,-1,152.7909393310547,186.15003967285156,269.4906311035156,234.57618713378906,0.5937569737434387,-1,-1,-1
341,-1,152.70680236816406,186.1986083984375,269.6045837402344,234.55056762695312,0.5961518883705139,-1,-1,-1
342,-1,152.2009735107422,186.4822998046875,270.6953125,234.78102111816406,0.5663925409317017,-1,-1,-1
343,-1,151.8736572265625,186.7039794921875,270.9734802246094,234.7057342529297,0.5525795221328735,-1,-1,-1
344,-1,152.08230590820312,186.83543395996094,271.2159118652344,234.63204956054688,0.5333077311515808,-1,-1,-1
345,-1,151.92434692382812,186.64898681640625,270.77490234375,234.71609497070312,0.5233112573623657,-1,-1,-1
346,-1,150.4977264404297,186.50164794921875,273.2171936035156,235.2874755859375,0.5327847599983215,-1,-1,-1
347,-1,151.43850708007812,186.13177490234375,272.1412353515625,235.14117431640625,0.5472814440727234,-1,-1,-1
348,-1,151.06195068359375,185.85922241210938,272.2826843261719,235.43670654296875,0.5385216474533081,-1,-1,-1
349,-1,151.76112365722656,185.74105834960938,271.23980712890625,235.29771423339844,0.5416296124458313,-1,-1,-1
377,-1,108.89393615722656,59.437435150146484,193.62657165527344,147.15103149414062,0.6119782328605652,-1,-1,-1
378,-1,108.97022247314453,59.51460647583008,193.95657348632812,146.80393981933594,0.6530871391296387,-1,-1,-1
379,-1,108.92082977294922,59.33325958251953,194.01573181152344,146.84849548339844,0.6442861557006836,-1,-1,-1
380,-1,106.03837585449219,52.422821044921875,181.308349609375,136.83157348632812,0.8345972299575806,-1,-1,-1
381,-1,106.13646697998047,52.13035583496094,181.28851318359375,137.47665405273438,0.8409305810928345,-1,-1,-1
382,-1,100.73502349853516,47.971580505371094,179.05422973632812,126.82604217529297,0.7891586422920227,-1,-1,-1
382,-1,164.1134490966797,183.43994140625,264.9713439941406,234.39134216308594,0.5225865840911865,-1,-1,-1
383,-1,99.67416381835938,48.23871612548828,179.25514221191406,126.77413177490234,0.6741433143615723,-1,-1,-1
384,-1,99.47943878173828,48.3282585144043,178.85043334960938,126.59823608398438,0.6994141340255737,-1,-1,-1
385,-1,102.40279388427734,53.690147399902344,175.00979614257812,129.07240295410156,0.8465201258659363,-1,-1,-1
386,-1,102.20281982421875,54.32900619506836,174.96218872070312,128.93016052246094,0.8483231663703918,-1,-1,-1
387,-1,102.36725616455078,54.11406326293945,174.88995361328125,128.92672729492188,0.8444594740867615,-1,-1,-1
388,-1,101.46488189697266,55.160064697265625,172.57887268066406,128.1399688720703,0.961675763130188,-1,-1,-1
388,-1,164.11245727539062,183.38099670410156,265.9410705566406,234.78753662109375,0.5459687113761902,-1,-1,-1
389,-1,100.90963745117188,54.64163589477539,172.48077392578125,127.88246154785156,0.9574764370918274,-1,-1,-1
389,-1,162.58790588378906,183.42088317871094,266.9208679199219,234.8236541748047,0.5400816798210144,-1,-1,-1
390,-1,100.74268341064453,54.607139587402344,172.2972869873047,127.82109069824219,0.9612829685211182,-1,-1,-1
390,-1,162.76614379882812,183.58013916015625,266.72625732421875,234.8553924560547,0.5124456286430359,-1,-1,-1
393,-1,102.71688842773438,55.224151611328125,175.0224151611328,127.35379028320312,0.5540744066238403,-1,-1,-1
396,-1,105.34541320800781,50.80098342895508,172.97808837890625,125.81513977050781,0.7444462180137634,-1,-1,-1
397,-1,104.56037902832031,50.46318054199219,172.6980743408203,126.09968566894531,0.7668420076370239,-1,-1,-1
398,-1,104.37275695800781,51.26201629638672,173.55511474609375,125.1884536743164,0.6979442834854126,-1,-1,-1
399,-1,100.22840881347656,46.941978454589844,172.57789611816406,126.63790130615234,0.7211481928825378,-1,-1,-1
400,-1,101.03699493408203,46.77815246582031,172.61436462402344,126.6825180053711,0.8452345728874207,-1,-1,-1
401,-1,101.29927062988281,46.97772216796875,172.91873168945312,126.4579849243164,0.8046134114265442,-1,-1,-1
402,-1,103.8559799194336,40.17591094970703,176.3219451904297,134.1254425048828,0.9771004319190979,-1,-1,-1
403,-1,103.984619140625,40.1568603515625,176.3211669921875,134.0685577392578,0.9774512052536011,-1,-1,-1
404,-1,104.0773696899414,40.34389114379883,176.3417205810547,134.2942657470703,0.9796866774559021,-1,-1,-1
405,-1,103.82218170166016,40.42119216918945,176.47804260253906,134.2176513671875,0.9809456467628479,-1,-1,-1
406,-1,103.39991760253906,40.7287712097168,175.88909912109375,133.6507568359375,0.9804902076721191,-1,-1,-1
407,-1,104.69435119628906,45.58445739746094,177.58424377441406,129.28515625,0.8405451774597168,-1,-1,-1
408,-1,104.56654357910156,46.32916259765625,177.8656768798828,128.82029724121094,0.8821530938148499,-1,-1,-1
409,-1,105.1247787475586,45.796661376953125,177.89321899414062,129.38523864746094,0.8725080490112305,-1,-1,-1
410,-1,107.90516662597656,47.12510299682617,179.00453186035156,127.95570373535156,0.6172596216201782,-1,-1,-1
411,-1,107.70026397705078,47.5624885559082,179.12940979003906,127.84991455078125,0.7319119572639465,-1,-1,-1
442,-1,160.80284118652344,182.69400024414062,270.9253845214844,234.62088012695312,0.5918213129043579,-1,-1,-1
443,-1,162.05841064453125,182.49790954589844,269.7253723144531,234.53334045410156,0.6921738386154175,-1,-1,-1
444,-1,160.34547424316406,182.91232299804688,270.5703430175781,234.2980499267578,0.6233591437339783,-1,-1,-1
445,-1,162.16033935546875,183.0226287841797,267.89532470703125,234.4395751953125,0.6466566324234009,-1,-1,-1
446,-1,162.59725952148438,183.0279083251953,267.3748474121094,234.41983032226562,0.6771329641342163,-1,-1,-1
447,-1,162.37159729003906,182.87940979003906,267.5500793457031,234.51144409179688,0.6851815581321716,-1,-1,-1
448,-1,158.9896240234375,183.88510131835938,269.5821838378906,234.34188842773438,0.6307733058929443,-1,-1,-1
449,-1,157.82907104492188,183.86026000976562,270.18170166015625,234.48211669921875,0.6242771744728088,-1,-1,-1
450,-1,157.7451934814453,183.88473510742188,270.2057189941406,234.47998046875,0.6254961490631104,-1,-1,-1
451,-1,161.9596710205078,185.1900177001953,268.6224670410156,233.43804931640625,0.5921506881713867,-1,-1,-1
452,-1,161.80606079101562,185.65011596679688,268.5034484863281,233.45013427734375,0.5651492476463318,-1,-1,-1
453,-1,161.98794555664062,184.8597412109375,269.61474609375,233.8585205078125,0.597679853439331,-1,-1,-1
454,-1,161.80299377441406,185.04168701171875,269.7244567871094,233.70562744140625,0.5892312526702881,-1,-1,-1
455,-1,161.84115600585938,185.066162109375,269.7216491699219,233.69305419921875,0.5923213362693787,-1,-1,-1
456,-1,165.11270141601562,185.00836181640625,267.1689758300781,233.128662109375,0.8166579008102417,-1,-1,-1
457,-1,165.32025146484375,184.8170166015625,267.0032653808594,233.2499237060547,0.8293403387069702,-1,-1,-1
458,-1,164.8480224609375,184.57760620117188,267.1902770996094,233.53143310546875,0.8238295912742615,-1,-1,-1
459,-1,166.2239990234375,185.58558654785156,266.19769287109375,233.74024963378906,0.8788334727287292,-1,-1,-1
460,-1,166.8663787841797,184.9168701171875,265.7223815917969,233.92031860351562,0.8825057744979858,-1,-1,-1
461,-1,166.708984375,185.94760131835938,264.94830322265625,233.39755249023438,0.8088585734367371,-1,-1,-1
462,-1,167.04026794433594,185.89639282226562,264.6576843261719,233.55465698242188,0.8220009207725525,-1,-1,-1
463,-1,166.96168518066406,186.08920288085938,264.8913269042969,233.61294555664062,0.8185870051383972,-1,-1,-1
464,-1,166.57708740234375,186.15281677246094,265.2453918457031,233.64247131347656,0.8099357485771179,-1,-1,-1
465,-1,166.66412353515625,186.17245483398438,265.13885498046875,233.64476013183594,0.8124498128890991,-1,-1,-1
466,-1,166.96046447753906,185.5670623779297,264.3270568847656,233.50990295410156,0.833685040473938,-1,-1,-1
467,-1,166.1815185546875,184.67164611816406,264.4137268066406,234.14857482910156,0.85280442237854,-1,-1,-1
468,-1,166.89352416992188,184.5718536376953,264.1140441894531,234.22030639648438,0.8732479810714722,-1,-1,-1
469,-1,166.90829467773438,184.4537353515625,264.0796813964844,234.25392150878906,0.8845371603965759,-1,-1,-1
470,-1,165.77882385253906,184.54415893554688,264.81329345703125,233.783203125,0.6527883410453796,-1,-1,-1
471,-1,165.85089111328125,184.5113525390625,264.925048828125,233.79385375976562,0.6600020527839661,-1,-1,-1
472,-1,165.72613525390625,184.7332763671875,264.2389221191406,233.68089294433594,0.6518614292144775,-1,-1,-1
473,-1,165.7991180419922,184.64810180664062,264.2696838378906,233.83319091796875,0.650532066822052,-1,-1,-1
474,-1,165.93325805664062,184.63327026367188,264.2293701171875,233.83206176757812,0.6503883600234985,-1,-1,-1
475,-1,164.4801483154297,184.8212127685547,265.8599548339844,234.16908264160156,0.7070451378822327,-1,-1,-1
476,-1,164.2742156982422,184.9756622314453,265.8236083984375,234.08624267578125,0.6695249080657959,-1,-1,-1
477,-1,164.2862091064453,184.80816650390625,265.676025390625,234.13461303710938,0.6561911702156067,-1,-1,-1
478,-1,166.89669799804688,183.53997802734375,263.8649597167969,234.36093139648438,0.7806214690208435,-1,-1,-1
479,-1,167.00730895996094,183.60935974121094,263.8369140625,234.26576232910156,0.780603289604187,-1,-1,-1
479,-1,5.904388427734375,97.93853759765625,81.90077209472656,232.80670166015625,0.6272261142730713,-1,-1,-1
480,-1,167.18080139160156,183.53631591796875,263.7479248046875,234.30323791503906,0.7787705063819885,-1,-1,-1
480,-1,6.050030708312988,97.23918914794922,81.55870056152344,233.07223510742188,0.6453515887260437,-1,-1,-1
481,-1,165.43963623046875,185.77420043945312,265.342529296875,233.4298858642578,0.8040364384651184,-1,-1,-1
482,-1,162.96231079101562,185.65089416503906,266.47607421875,233.83993530273438,0.716658353805542,-1,-1,-1
483,-1,162.9853515625,186.08694458007812,265.85479736328125,233.80667114257812,0.6320922374725342,-1,-1,-1
484,-1,162.8707733154297,186.1314697265625,265.9178466796875,233.7806396484375,0.6150389909744263,-1,-1,-1
485,-1,162.94268798828125,186.11044311523438,265.87994384765625,233.8065643310547,0.6090313792228699,-1,-1,-1
486,-1,162.76361083984375,185.7388916015625,266.2857360839844,233.69061279296875,0.7903491258621216,-1,-1,-1
486,-1,234.33514404296875,41.429473876953125,262.3025817871094,84.54939270019531,0.6491749286651611,-1,-1,-1
487,-1,162.86904907226562,185.8330841064453,266.36822509765625,233.85179138183594,0.7613049149513245,-1,-1,-1
487,-1,234.37477111816406,41.416011810302734,262.2528381347656,84.52527618408203,0.633910596370697,-1,-1,-1
488,-1,162.7866973876953,185.79978942871094,266.2182312011719,233.99220275878906,0.7209827899932861,-1,-1,-1
488,-1,234.38262939453125,41.42289352416992,262.2763366699219,84.54554748535156,0.6287180781364441,-1,-1,-1
489,-1,162.58314514160156,185.8190460205078,266.384765625,234.0001983642578,0.7118245363235474,-1,-1,-1
489,-1,234.3751678466797,41.42912292480469,262.27545166015625,84.5386962890625,0.6256730556488037,-1,-1,-1
498,-1,163.79591369628906,183.34884643554688,267.3876037597656,234.34130859375,0.5662971138954163,-1,-1,-1
499,-1,164.00115966796875,183.23924255371094,267.0411376953125,234.35592651367188,0.5726224780082703,-1,-1,-1
500,-1,164.05386352539062,183.24374389648438,267.0618896484375,234.32875061035156,0.5735746026039124,-1,-1,-1
501,-1,162.5947723388672,182.90081787109375,267.8697509765625,234.4757537841797,0.6834525465965271,-1,-1,-1
501,-1,161.95388793945312,79.55503845214844,214.9473876953125,168.38885498046875,0.5113019943237305,-1,-1,-1
502,-1,163.68751525878906,182.7752227783203,266.9951477050781,234.555908203125,0.6799992918968201,-1,-1,-1
502,-1,161.99974060058594,79.38663482666016,215.07852172851562,167.82139587402344,0.5646201372146606,-1,-1,-1
617,-1,162.70382690429688,184.13980102539062,265.07672119140625,234.28915405273438,0.5807368159294128,-1,-1,-1
618,-1,162.51632690429688,184.22691345214844,265.60931396484375,234.12762451171875,0.5187755823135376,-1,-1,-1
619,-1,162.31845092773438,184.35040283203125,265.62652587890625,234.12391662597656,0.5080560445785522,-1,-1,-1
622,-1,161.9853973388672,184.35267639160156,266.056640625,234.17755126953125,0.5155588984489441,-1,-1,-1
623,-1,162.3206329345703,184.3682861328125,265.520751953125,234.1949462890625,0.5214642882347107,-1,-1,-1
624,-1,161.78140258789062,184.41070556640625,265.58648681640625,234.2249755859375,0.5129824876785278,-1,-1,-1
625,-1,162.94863891601562,184.23800659179688,264.9929504394531,234.1119384765625,0.5467649698257446,-1,-1,-1
626,-1,163.65939331054688,184.1588897705078,264.7958679199219,234.1864013671875,0.5730144381523132,-1,-1,-1
627,-1,163.26071166992188,183.8995361328125,264.3628234863281,233.91314697265625,0.6770118474960327,-1,-1,-1
628,-1,162.47607421875,183.77633666992188,264.89849853515625,233.87281799316406,0.6627112627029419,-1,-1,-1
629,-1,162.76390075683594,183.61302185058594,265.04656982421875,233.68960571289062,0.6462501287460327,-1,-1,-1
630,-1,163.71279907226562,183.22589111328125,265.128173828125,233.92221069335938,0.6925722360610962,-1,-1,-1
631,-1,164.6642303466797,182.6610107421875,265.34356689453125,234.38595581054688,0.7512792944908142,-1,-1,-1
632,-1,162.16653442382812,182.6356658935547,267.23870849609375,234.27627563476562,0.6686119437217712,-1,-1,-1
633,-1,163.22059631347656,182.86968994140625,267.5867004394531,233.9559783935547,0.5931007266044617,-1,-1,-1
634,-1,162.72300720214844,182.9403076171875,267.0043029785156,233.96441650390625,0.5483532547950745,-1,-1,-1
635,-1,162.1240234375,182.9259033203125,267.4145812988281,233.95420837402344,0.5438992381095886,-1,-1,-1
636,-1,162.19143676757812,182.97100830078125,267.1072692871094,233.8953094482422,0.5325413942337036,-1,-1,-1
637,-1,162.45492553710938,182.95477294921875,266.9703063964844,233.8838348388672,0.5418314933776855,-1,-1,-1
638,-1,162.3768310546875,182.98260498046875,267.04583740234375,233.85728454589844,0.5377107262611389,-1,-1,-1
639,-1,161.99195861816406,183.03570556640625,267.3925476074219,233.8512725830078,0.5369861125946045,-1,-1,-1
640,-1,161.51824951171875,182.90283203125,267.6562194824219,234.13597106933594,0.5408328175544739,-1,-1,-1
641,-1,161.79254150390625,182.9358367919922,267.4671325683594,234.10836791992188,0.5529268980026245,-1,-1,-1
642,-1,161.44639587402344,182.83721923828125,267.9034423828125,234.05792236328125,0.5198432803153992,-1,-1,-1
643,-1,161.70957946777344,182.70993041992188,267.7367858886719,234.12535095214844,0.5252729654312134,-1,-1,-1
644,-1,161.7253875732422,182.72425842285156,267.7337951660156,234.11473083496094,0.5251706838607788,-1,-1,-1
645,-1,161.8175048828125,182.71644592285156,267.6993713378906,234.11019897460938,0.5270655155181885,-1,-1,-1
646,-1,161.87142944335938,182.66749572753906,267.72381591796875,234.14669799804688,0.5292706489562988,-1,-1,-1
650,-1,161.171630859375,182.54666137695312,268.6032409667969,233.93588256835938,0.5124643445014954,-1,-1,-1
651,-1,160.8734893798828,182.52719116210938,268.8622741699219,233.94847106933594,0.5074625611305237,-1,-1,-1
652,-1,160.279296875,182.62086486816406,269.43280029296875,233.9612579345703,0.5015792846679688,-1,-1,-1
653,-1,160.78977966308594,182.71859741210938,268.2677917480469,234.2873992919922,0.5783420205116272,-1,-1,-1
654,-1,160.92001342773438,182.6429443359375,268.22576904296875,234.32192993164062,0.5782760977745056,-1,-1,-1
655,-1,160.93814086914062,182.56813049316406,268.1487731933594,234.37533569335938,0.5807538032531738,-1,-1,-1
656,-1,159.17471313476562,181.57723999023438,270.0244140625,235.2019805908203,0.5158133506774902,-1,-1,-1
659,-1,156.98797607421875,182.72549438476562,271.1391296386719,234.99656677246094,0.5033152103424072,-1,-1,-1
664,-1,158.0095977783203,183.23233032226562,270.9740905761719,234.7882080078125,0.5888167023658752,-1,-1,-1
665,-1,158.3433380126953,183.21800231933594,270.78594970703125,234.78805541992188,0.602760374546051,-1,-1,-1
666,-1,158.516845703125,183.134765625,271.05859375,234.82810974121094,0.6062945127487183,-1,-1,-1
670,-1,159.32464599609375,183.03512573242188,270.3558654785156,234.4500732421875,0.5727148056030273,-1,-1,-1
671,-1,159.48179626464844,183.00518798828125,270.2221374511719,234.519287109375,0.5852264165878296,-1,-1,-1
672,-1,159.2220916748047,183.05393981933594,270.251220703125,234.52732849121094,0.5859771966934204,-1,-1,-1
673,-1,159.21044921875,183.1099090576172,270.1441650390625,234.5206756591797,0.5833730697631836,-1,-1,-1
674,-1,159.30882263183594,183.1147003173828,270.1373596191406,234.49658203125,0.5835965871810913,-1,-1,-1
677,-1,159.5525665283203,182.67391967773438,269.7380676269531,235.026123046875,0.5384665727615356,-1,-1,-1
689,-1,159.62118530273438,183.22650146484375,270.1717224121094,234.58787536621094,0.5510624051094055,-1,-1,-1
690,-1,160.09228515625,182.90574645996094,270.3207702636719,234.66261291503906,0.5638470649719238,-1,-1,-1
