27,-1,205.80628967285156,92.52442169189453,256.94329833984375,167.77239990234375,0.5585475564002991,-1,-1,-1
28,-1,205.70962524414062,92.6562271118164,257.0447998046875,167.73072814941406,0.5716541409492493,-1,-1,-1
29,-1,205.71939086914062,92.68568420410156,257.1517639160156,167.75665283203125,0.542296290397644,-1,-1,-1
32,-1,209.7001495361328,89.74005889892578,261.99322509765625,169.7901153564453,0.6733030676841736,-1,-1,-1
33,-1,205.80636596679688,91.00515747070312,266.206787109375,178.0138702392578,0.594509482383728,-1,-1,-1
34,-1,205.86923217773438,91.31158447265625,266.18878173828125,177.7501220703125,0.594036877155304,-1,-1,-1
35,-1,205.9620361328125,91.49130249023438,266.23284912109375,177.71632385253906,0.5975230932235718,-1,-1,-1
36,-1,203.30758666992188,91.30365753173828,261.484130859375,179.40872192382812,0.9730198979377747,-1,-1,-1
37,-1,205.5823974609375,91.54972839355469,266.0104064941406,179.65435791015625,0.9808608889579773,-1,-1,-1
38,-1,205.3944091796875,91.8829574584961,267.05865478515625,179.2350616455078,0.9633610844612122,-1,-1,-1
39,-1,203.77890014648438,91.55467987060547,268.6460266113281,183.31446838378906,0.9863811135292053,-1,-1,-1
40,-1,203.58642578125,91.98857879638672,268.8009948730469,183.36257934570312,0.9876745939254761,-1,-1,-1
41,-1,203.56436157226562,92.01043701171875,268.8487854003906,183.3322296142578,0.9882544875144958,-1,-1,-1
42,-1,201.7445526123047,92.68778991699219,259.82281494140625,183.28768920898438,0.935106635093689,-1,-1,-1
43,-1,201.75779724121094,92.8912124633789,259.80767822265625,182.81509399414062,0.9161094427108765,-1,-1,-1
44,-1,201.4669952392578,92.59325408935547,259.8882141113281,183.13246154785156,0.9335552453994751,-1,-1,-1
45,-1,201.4117431640625,91.96533203125,259.4794006347656,183.10235595703125,0.5666398406028748,-1,-1,-1
46,-1,201.78794860839844,92.22718811035156,259.6383056640625,182.97373962402344,0.6236683130264282,-1,-1,-1
47,-1,201.76412963867188,92.20081329345703,259.38043212890625,183.3830108642578,0.6248382925987244,-1,-1,-1
49,-1,201.04434204101562,92.48917388916016,257.97442626953125,181.80010986328125,0.5328132510185242,-1,-1,-1
50,-1,193.45834350585938,92.54478454589844,270.7998046875,182.4097442626953,0.9322101473808289,-1,-1,-1
51,-1,191.0264434814453,91.52544403076172,271.0198669433594,183.60003662109375,0.964536190032959,-1,-1,-1
52,-1,190.7834014892578,91.74964904785156,271.0461730957031,183.50247192382812,0.9722415208816528,-1,-1,-1
53,-1,183.9254608154297,91.8359375,266.1507568359375,181.30899047851562,0.8042290210723877,-1,-1,-1
54,-1,183.45863342285156,92.29914855957031,266.4393310546875,180.8452606201172,0.769569456577301,-1,-1,-1
55,-1,183.78518676757812,92.80561828613281,266.5736083984375,179.91912841796875,0.7887146472930908,-1,-1,-1
58,-1,150.06008911132812,94.80097198486328,275.232421875,199.6029815673828,0.516272246837616,-1,-1,-1
60,-1,153.8589630126953,96.89542388916016,272.5997314453125,201.67518615722656,0.598859429359436,-1,-1,-1
61,-1,154.57113647460938,95.76022338867188,273.85186767578125,201.90631103515625,0.7505730390548706,-1,-1,-1
62,-1,152.36279296875,95.5792007446289,272.4114685058594,201.9085693359375,0.8514280915260315,-1,-1,-1
63,-1,152.132568359375,95.52943420410156,272.3900451660156,201.95753479003906,0.8591712117195129,-1,-1,-1
64,-1,151.99366760253906,95.68359375,272.1155090332031,201.94683837890625,0.8579278588294983,-1,-1,-1
86,-1,96.8900146484375,97.37106323242188,175.9939422607422,193.8916015625,0.8885071277618408,-1,-1,-1
90,-1,74.09213256835938,100.03350067138672,163.7873077392578,204.05970764160156,0.8073192834854126,-1,-1,-1
91,-1,73.67936706542969,99.60193634033203,162.4510040283203,204.438720703125,0.8396788835525513,-1,-1,-1
92,-1,71.89818572998047,98.82119750976562,159.1268768310547,208.44821166992188,0.7288248538970947,-1,-1,-1
93,-1,47.8779182434082,105.57887268066406,138.99046325683594,212.12161254882812,0.853846549987793,-1,-1,-1
94,-1,49.780250549316406,100.60905456542969,137.7471466064453,207.93809509277344,0.8332615494728088,-1,-1,-1
95,-1,49.82635498046875,100.5822982788086,137.67965698242188,207.98731994628906,0.8431231379508972,-1,-1,-1
96,-1,50.0249137878418,100.29424285888672,137.674072265625,208.3230438232422,0.844939112663269,-1,-1,-1
97,-1,44.51644515991211,110.84892272949219,135.8636474609375,209.59109497070312,0.6174528002738953,-1,-1,-1
98,-1,46.49016571044922,111.56233215332031,136.3546600341797,209.973876953125,0.5872235298156738,-1,-1,-1
106,-1,0.9274232983589172,75.87793731689453,131.36553955078125,212.3482208251953,0.510040283203125,-1,-1,-1
108,-1,1.4959716796875,32.76643753051758,122.98440551757812,213.43325805664062,0.7929757833480835,-1,-1,-1
109,-1,1.6483070850372314,31.783226013183594,122.70716857910156,214.1254119873047,0.7197517156600952,-1,-1,-1
111,-1,-1.293241024017334,40.24066162109375,112.29663848876953,206.0404815673828,0.6131472587585449,-1,-1,-1
113,-1,-1.011557936668396,39.994117736816406,111.86697387695312,206.1596221923828,0.5328717827796936,-1,-1,-1
116,-1,-1.772149920463562,39.82435989379883,108.82469940185547,208.23533630371094,0.576200544834137,-1,-1,-1
117,-1,-2.033139705657959,37.73583221435547,108.13335418701172,208.20310974121094,0.7262099981307983,-1,-1,-1
118,-1,-2.203920841217041,36.75527572631836,94.11461639404297,209.15933227539062,0.6693678498268127,-1,-1,-1
119,-1,-2.1412277221679688,36.260494232177734,94.03507232666016,209.4482421875,0.6477434039115906,-1,-1,-1
123,-1,-2.621049404144287,33.68351364135742,94.9216537475586,208.63058471679688,0.5387198328971863,-1,-1,-1
124,-1,-2.5833747386932373,33.8122673034668,94.93933868408203,208.73919677734375,0.5181056261062622,-1,-1,-1
125,-1,-2.521021842956543,34.04765701293945,95.00464630126953,208.6182403564453,0.5198391079902649,-1,-1,-1
126,-1,-2.4222564697265625,34.19829177856445,94.96681213378906,208.45262145996094,0.5334459543228149,-1,-1,-1
127,-1,-3.0745580196380615,30.45979881286621,96.013427734375,212.0435333251953,0.602634072303772,-1,-1,-1
128,-1,-2.852216958999634,30.418489456176758,95.87647247314453,212.2039337158203,0.6104227304458618,-1,-1,-1
129,-1,-1.476416826248169,32.41244125366211,106.9863052368164,211.64425659179688,0.7131774425506592,-1,-1,-1
130,-1,-1.385762095451355,32.361968994140625,106.71052551269531,211.83277893066406,0.7294129133224487,-1,-1,-1
131,-1,-1.353102445602417,32.66141891479492,106.72148895263672,211.4608154296875,0.7216111421585083,-1,-1,-1
132,-1,-1.6904038190841675,35.13188934326172,107.46414184570312,210.00106811523438,0.7725166082382202,-1,-1,-1
133,-1,-1.987674355506897,34.114845275878906,107.66911315917969,210.23049926757812,0.7234019041061401,-1,-1,-1
134,-1,-1.8413779735565186,33.99880599975586,107.61911010742188,210.6181182861328,0.7678321003913879,-1,-1,-1
135,-1,-2.4069271087646484,34.10382080078125,110.32505798339844,211.3245391845703,0.901891827583313,-1,-1,-1
136,-1,-2.303455114364624,32.98993682861328,110.97428131103516,211.94073486328125,0.8883108496665955,-1,-1,-1
137,-1,-2.391357421875,32.98027038574219,111.11759185791016,211.881103515625,0.8942120671272278,-1,-1,-1
138,-1,-4.7214274406433105,80.76742553710938,117.19674682617188,211.4934539794922,0.7893433570861816,-1,-1,-1
139,-1,-4.7255473136901855,81.54637145996094,120.12303161621094,211.48582458496094,0.7271509766578674,-1,-1,-1
140,-1,-5.436947345733643,80.37975311279297,120.74555969238281,211.29681396484375,0.7712768316268921,-1,-1,-1
141,-1,-1.4638577699661255,83.5595474243164,131.17636108398438,214.28689575195312,0.6569342017173767,-1,-1,-1
142,-1,-3.4068944454193115,82.69662475585938,131.78041076660156,214.5702667236328,0.5529319047927856,-1,-1,-1
143,-1,-0.008051945827901363,106.50486755371094,131.5458984375,214.51882934570312,0.5243937969207764,-1,-1,-1
144,-1,0.11464632302522659,106.66769409179688,131.52186584472656,214.36380004882812,0.5405890941619873,-1,-1,-1
145,-1,-2.995934247970581,81.4324722290039,131.6057891845703,214.3732452392578,0.5844760537147522,-1,-1,-1
151,-1,30.185148239135742,107.16268920898438,142.86790466308594,213.14431762695312,0.5648173689842224,-1,-1,-1
152,-1,30.768938064575195,106.91368865966797,143.038330078125,213.45684814453125,0.589207649230957,-1,-1,-1
153,-1,34.70789337158203,106.21565246582031,153.86317443847656,212.2330780029297,0.7498490810394287,-1,-1,-1
154,-1,34.480079650878906,106.0731430053711,153.9148406982422,212.27552795410156,0.739315927028656,-1,-1,-1
155,-1,34.436309814453125,106.07866668701172,153.93426513671875,212.2885284423828,0.7505656480789185,-1,-1,-1
156,-1,34.520172119140625,105.97602081298828,154.03688049316406,212.30218505859375,0.7345506548881531,-1,-1,-1
157,-1,33.48554992675781,103.01145935058594,155.3467254638672,215.50132751464844,0.559026300907135,-1,-1,-1
158,-1,33.97892761230469,102.66268157958984,155.0691375732422,215.81748962402344,0.5398758053779602,-1,-1,-1
162,-1,49.72602844238281,91.26612091064453,173.01451110839844,212.16268920898438,0.616578996181488,-1,-1,-1
163,-1,50.275691986083984,91.40241241455078,172.8211669921875,212.0693817138672,0.6228045225143433,-1,-1,-1
164,-1,50.20023727416992,91.41896057128906,172.8144073486328,211.8060302734375,0.6850156188011169,-1,-1,-1
168,-1,51.8483772277832,87.4065933227539,171.89283752441406,208.3545379638672,0.6531742811203003,-1,-1,-1
169,-1,51.84779357910156,87.45352172851562,171.69961547851562,208.62901306152344,0.6399651765823364,-1,-1,-1
170,-1,56.15714645385742,86.06603240966797,170.91793823242188,210.6060333251953,0.6907516717910767,-1,-1,-1
171,-1,58.42586135864258,85.654052734375,169.776611328125,210.2603759765625,0.6960257291793823,-1,-1,-1
173,-1,66.37267303466797,82.22631072998047,164.0064697265625,206.3308563232422,0.5706984996795654,-1,-1,-1
174,-1,66.33303833007812,81.93840026855469,163.76544189453125,206.27066040039062,0.5872145891189575,-1,-1,-1
175,-1,66.34709167480469,82.07101440429688,163.7527618408203,206.50619506835938,0.5732513666152954,-1,-1,-1
195,-1,77.72188568115234,29.733047485351562,183.014404296875,202.47454833984375,0.6805187463760376,-1,-1,-1
196,-1,78.97906494140625,28.71360206604004,182.16392517089844,203.26251220703125,0.7157681584358215,-1,-1,-1
197,-1,78.50630950927734,29.146570205688477,182.2360382080078,202.9638671875,0.748807966709137,-1,-1,-1
198,-1,79.71018981933594,29.525720596313477,183.23143005371094,202.28379821777344,0.553638219833374,-1,-1,-1
213,-1,123.92521667480469,95.54126739501953,203.92520141601562,196.00302124023438,0.8568119406700134,-1,-1,-1
214,-1,123.8930435180664,95.5560302734375,203.72682189941406,195.92413330078125,0.8627043962478638,-1,-1,-1
215,-1,123.86405181884766,95.43412780761719,203.583251953125,196.0828399658203,0.8612304329872131,-1,-1,-1
216,-1,123.49254608154297,95.63661193847656,203.67799377441406,196.34169006347656,0.8340604901313782,-1,-1,-1
217,-1,124.06568908691406,93.383056640625,203.7347412109375,196.5411376953125,0.7041437029838562,-1,-1,-1
217,-1,124.06568908691406,93.383056640625,203.7347412109375,196.5411376953125,0.5321387648582458,-1,-1,-1
218,-1,124.49552917480469,93.60452270507812,203.81900024414062,196.77198791503906,0.730671763420105,-1,-1,-1
219,-1,125.87378692626953,91.50765991210938,205.83412170410156,197.3925323486328,0.5729101896286011,-1,-1,-1
295,-1,122.53129577636719,89.00751495361328,202.85482788085938,161.41384887695312,0.559128999710083,-1,-1,-1
296,-1,121.20075225830078,91.20706176757812,201.4279022216797,162.18240356445312,0.6365591287612915,-1,-1,-1
297,-1,121.24151611328125,91.3472900390625,201.5330352783203,162.18966674804688,0.6417862772941589,-1,-1,-1
298,-1,121.27593231201172,90.94705200195312,201.5648193359375,162.1472625732422,0.6661470532417297,-1,-1,-1
299,-1,121.79861450195312,90.77789306640625,201.26583862304688,162.2098388671875,0.6465579867362976,-1,-1,-1
300,-1,120.45853424072266,90.8233871459961,200.15438842773438,162.37400817871094,0.5995970368385315,-1,-1,-1
301,-1,119.83338165283203,90.91224670410156,199.45082092285156,162.99807739257812,0.6143866181373596,-1,-1,-1
302,-1,118.27947998046875,92.22335815429688,199.9362335205078,161.58921813964844,0.7135111689567566,-1,-1,-1
303,-1,117.3262710571289,95.03084564208984,199.13897705078125,184.462158203125,0.7405105233192444,-1,-1,-1
304,-1,117.43888092041016,95.0103759765625,199.04574584960938,184.5308074951172,0.7251944541931152,-1,-1,-1
305,-1,117.71209716796875,94.88259887695312,198.40423583984375,186.1077880859375,0.7509852647781372,-1,-1,-1
306,-1,117.6253662109375,95.14234924316406,198.44651794433594,185.44654846191406,0.7560387253761292,-1,-1,-1
307,-1,117.71432495117188,94.92120361328125,198.47962951660156,186.1875,0.7434779405593872,-1,-1,-1
308,-1,116.50613403320312,96.8377456665039,197.81053161621094,182.8444366455078,0.6690006256103516,-1,-1,-1
308,-1,116.50613403320312,96.8377456665039,197.81053161621094,182.8444366455078,0.5129746198654175,-1,-1,-1
309,-1,114.97407531738281,96.87200164794922,198.5084686279297,181.8311309814453,0.6498273015022278,-1,-1,-1
310,-1,114.74121856689453,97.37010955810547,199.3170166015625,181.6265869140625,0.580981433391571,-1,-1,-1
311,-1,114.49784088134766,97.25022888183594,199.56637573242188,182.07762145996094,0.629591166973114,-1,-1,-1
312,-1,114.29595947265625,97.61129760742188,199.61927795410156,181.22850036621094,0.6113944053649902,-1,-1,-1
313,-1,114.34854125976562,96.90906524658203,199.66082763671875,183.54627990722656,0.6840007305145264,-1,-1,-1
314,-1,113.86544036865234,95.46696472167969,196.63265991210938,183.90541076660156,0.7340725660324097,-1,-1,-1
315,-1,113.5396499633789,95.70654296875,195.74974060058594,186.9793701171875,0.7478941679000854,-1,-1,-1
316,-1,114.06706237792969,95.99910736083984,195.5909423828125,187.41973876953125,0.7682242393493652,-1,-1,-1
317,-1,113.80608367919922,96.27587127685547,196.0392608642578,186.0751495361328,0.7998656630516052,-1,-1,-1
318,-1,113.6610336303711,95.90028381347656,196.246826171875,186.4031524658203,0.7642223834991455,-1,-1,-1
319,-1,113.64257049560547,95.79946899414062,196.09295654296875,186.2648162841797,0.7580267190933228,-1,-1,-1
320,-1,114.51465606689453,95.25894165039062,195.0818634033203,189.06466674804688,0.7827727198600769,-1,-1,-1
321,-1,113.83663177490234,95.50147247314453,195.03109741210938,189.47186279296875,0.7516478896141052,-1,-1,-1
322,-1,113.84126281738281,95.91088104248047,194.7880859375,188.20909118652344,0.7436915636062622,-1,-1,-1
323,-1,113.59074401855469,95.55960083007812,194.45700073242188,187.33714294433594,0.763278067111969,-1,-1,-1
324,-1,113.38792419433594,96.05436706542969,194.63670349121094,186.697998046875,0.7528180480003357,-1,-1,-1
325,-1,113.3321533203125,95.25091552734375,194.46658325195312,186.42770385742188,0.6295638084411621,-1,-1,-1
326,-1,112.8926010131836,94.8253402709961,193.7617645263672,186.46157836914062,0.6563431024551392,-1,-1,-1
327,-1,113.13338470458984,94.38188171386719,193.47628784179688,188.86126708984375,0.643406093120575,-1,-1,-1
328,-1,112.69937133789062,94.6382064819336,193.36080932617188,188.06472778320312,0.661479651927948,-1,-1,-1
329,-1,112.57125091552734,94.56707000732422,193.1090087890625,188.58944702148438,0.6922190189361572,-1,-1,-1
330,-1,112.9227523803711,94.57465362548828,193.3619384765625,189.22621154785156,0.7197744846343994,-1,-1,-1
331,-1,113.12255859375,94.78472900390625,193.18743896484375,188.06527709960938,0.7367857098579407,-1,-1,-1
332,-1,112.64094543457031,93.99552917480469,193.49169921875,190.90780639648438,0.7340942025184631,-1,-1,-1
333,-1,112.40792083740234,93.50389862060547,193.40682983398438,192.28915405273438,0.7710503339767456,-1,-1,-1
334,-1,112.23429870605469,93.50259399414062,193.69869995117188,194.08242797851562,0.7039605379104614,-1,-1,-1
335,-1,111.80601501464844,93.38034057617188,192.957763671875,193.00396728515625,0.6710846424102783,-1,-1,-1
336,-1,111.77626037597656,93.14725494384766,193.143798828125,193.63575744628906,0.6596893668174744,-1,-1,-1
337,-1,111.69688415527344,93.37212371826172,192.78897094726562,192.16714477539062,0.65580815076828,-1,-1,-1
338,-1,111.40949249267578,93.26053619384766,193.27847290039062,192.25088500976562,0.6755685210227966,-1,-1,-1
339,-1,111.18537139892578,93.2458724975586,193.60177612304688,192.2351837158203,0.6516788601875305,-1,-1,-1
340,-1,111.7709732055664,94.31502532958984,193.7593994140625,193.61415100097656,0.6641974449157715,-1,-1,-1
341,-1,111.81769561767578,94.23982238769531,193.6306610107422,194.13597106933594,0.716658353805542,-1,-1,-1
342,-1,111.64086151123047,94.22455596923828,193.59072875976562,193.96029663085938,0.6559966206550598,-1,-1,-1
343,-1,111.68814849853516,94.21124267578125,193.5883331298828,194.24913024902344,0.659561812877655,-1,-1,-1
344,-1,111.00621032714844,94.1878662109375,193.9596710205078,193.07354736328125,0.6128844022750854,-1,-1,-1
345,-1,110.63780975341797,94.07188415527344,192.1766357421875,195.63284301757812,0.691720724105835,-1,-1,-1
346,-1,111.06586456298828,94.16183471679688,192.1174774169922,195.81622314453125,0.6298156976699829,-1,-1,-1
347,-1,111.004638671875,94.78959655761719,192.11021423339844,195.83294677734375,0.5934596657752991,-1,-1,-1
348,-1,110.83650207519531,94.97713470458984,192.14439392089844,195.56417846679688,0.5714855790138245,-1,-1,-1
350,-1,110.53054809570312,94.4806137084961,191.880126953125,195.84986877441406,0.5019705891609192,-1,-1,-1
351,-1,110.04303741455078,94.33174133300781,192.4720001220703,197.59632873535156,0.5770332217216492,-1,-1,-1
352,-1,110.22980499267578,94.39788818359375,192.6988983154297,199.40269470214844,0.7154830694198608,-1,-1,-1
363,-1,111.10106658935547,97.13420867919922,193.73121643066406,196.0304412841797,0.7628365755081177,-1,-1,-1
364,-1,111.24976348876953,97.18602752685547,193.709228515625,195.9759063720703,0.7580339908599854,-1,-1,-1
365,-1,111.45207214355469,97.86962890625,193.84169006347656,194.17935180664062,0.688952624797821,-1,-1,-1
366,-1,111.53619384765625,96.56742095947266,193.7462158203125,197.90188598632812,0.7616282105445862,-1,-1,-1
367,-1,111.96282196044922,96.96733093261719,193.40664672851562,197.14805603027344,0.6787760257720947,-1,-1,-1
368,-1,112.10181427001953,96.31500244140625,194.65603637695312,195.39569091796875,0.6785799264907837,-1,-1,-1
369,-1,111.79938507080078,94.41168975830078,195.4359130859375,201.32102966308594,0.8587579727172852,-1,-1,-1
370,-1,111.78673553466797,94.00883483886719,193.79220581054688,197.99710083007812,0.6783302426338196,-1,-1,-1
371,-1,111.57447052001953,93.4896011352539,194.0045166015625,198.06504821777344,0.7141741514205933,-1,-1,-1
372,-1,111.55050659179688,93.58686065673828,194.0757598876953,198.42242431640625,0.6614047884941101,-1,-1,-1
374,-1,110.82646179199219,94.93236541748047,193.87144470214844,195.3588104248047,0.5582069158554077,-1,-1,-1
375,-1,110.49951171875,94.70991516113281,194.20535278320312,195.00314331054688,0.5196070671081543,-1,-1,-1
400,-1,93.77947998046875,27.30733871459961,188.714599609375,206.91079711914062,0.612708568572998,-1,-1,-1
401,-1,93.4171142578125,27.84237289428711,188.47291564941406,206.09825134277344,0.570280909538269,-1,-1,-1
402,-1,93.91898345947266,26.7065486907959,188.79083251953125,206.94729614257812,0.6479231715202332,-1,-1,-1
403,-1,92.9183349609375,27.54930877685547,189.26495361328125,206.16864013671875,0.6082010865211487,-1,-1,-1
404,-1,93.61809539794922,26.476089477539062,188.18814086914062,206.7697296142578,0.6425648927688599,-1,-1,-1
405,-1,93.41726684570312,26.18665885925293,188.69161987304688,207.3370361328125,0.6287420988082886,-1,-1,-1
406,-1,93.5445785522461,27.19297981262207,188.42544555664062,206.4477081298828,0.6070921421051025,-1,-1,-1
407,-1,93.5300064086914,28.391342163085938,188.5901641845703,205.94918823242188,0.5351693034172058,-1,-1,-1
409,-1,93.61688232421875,27.73798942565918,188.0864715576172,206.7220458984375,0.5647681951522827,-1,-1,-1
410,-1,93.61573791503906,28.59387969970703,188.2273712158203,205.9685821533203,0.5180913805961609,-1,-1,-1
411,-1,93.40727233886719,27.682910919189453,188.1893768310547,206.12901306152344,0.5167728662490845,-1,-1,-1
413,-1,93.04859161376953,27.162534713745117,188.42160034179688,206.4178009033203,0.5229808688163757,-1,-1,-1
414,-1,93.7723388671875,27.172475814819336,188.4414825439453,206.12753295898438,0.5537223815917969,-1,-1,-1
415,-1,93.87873840332031,27.94228172302246,188.26393127441406,205.45199584960938,0.5093529224395752,-1,-1,-1
416,-1,93.74058532714844,28.2330322265625,188.27481079101562,204.89993286132812,0.5172385573387146,-1,-1,-1
417,-1,93.53724670410156,28.12539291381836,188.15756225585938,205.18557739257812,0.5238621234893799,-1,-1,-1
418,-1,93.25,27.6049861907959,188.15965270996094,205.2899169921875,0.5487518310546875,-1,-1,-1
419,-1,92.85977172851562,28.14981460571289,188.07162475585938,205.0635528564453,0.5069321393966675,-1,-1,-1
465,-1,112.04977416992188,96.35786437988281,191.93450927734375,193.32861328125,0.6699252128601074,-1,-1,-1
466,-1,112.04945373535156,97.08570098876953,191.89247131347656,191.4095916748047,0.6365048289299011,-1,-1,-1
467,-1,112.20801544189453,97.01858520507812,191.79481506347656,190.12310791015625,0.6291391253471375,-1,-1,-1
468,-1,112.16072845458984,96.6766357421875,191.7256317138672,190.67919921875,0.5938923358917236,-1,-1,-1
469,-1,112.7591323852539,93.89732360839844,193.27040100097656,195.94195556640625,0.7771245241165161,-1,-1,-1
470,-1,113.44277954101562,94.4679183959961,194.31968688964844,199.2373504638672,0.8059917092323303,-1,-1,-1
471,-1,113.75907135009766,94.3238525390625,193.8651885986328,200.16265869140625,0.861046314239502,-1,-1,-1
472,-1,114.87882995605469,93.59808349609375,196.27178955078125,198.60665893554688,0.7670020461082458,-1,-1,-1
473,-1,114.8563003540039,93.87229919433594,197.3544464111328,197.94354248046875,0.7737024426460266,-1,-1,-1
474,-1,114.79119110107422,93.62200927734375,197.72958374023438,198.19598388671875,0.71950364112854,-1,-1,-1
475,-1,114.99954986572266,92.82138061523438,197.97515869140625,198.30609130859375,0.6967161893844604,-1,-1,-1
487,-1,113.54872131347656,93.31763458251953,201.41847229003906,198.23858642578125,0.598107635974884,-1,-1,-1
488,-1,112.86101531982422,93.25106048583984,201.43292236328125,196.9160614013672,0.5634271502494812,-1,-1,-1
489,-1,112.89753723144531,93.09638977050781,201.56686401367188,196.50978088378906,0.5723856687545776,-1,-1,-1
491,-1,111.59546661376953,93.25018310546875,201.63743591308594,192.80836486816406,0.5085698962211609,-1,-1,-1
493,-1,111.65816497802734,93.32289123535156,201.4315948486328,191.6509246826172,0.5581826567649841,-1,-1,-1
494,-1,111.58320617675781,93.42879486083984,201.065185546875,191.10569763183594,0.6179129481315613,-1,-1,-1
495,-1,113.15776062011719,94.20124053955078,200.1944122314453,196.0987548828125,0.5927213430404663,-1,-1,-1
496,-1,113.77409362792969,93.91517639160156,199.85903930664062,197.17376708984375,0.6416890621185303,-1,-1,-1
497,-1,113.69231414794922,93.91194152832031,200.11972045898438,196.2741241455078,0.5745349526405334,-1,-1,-1
498,-1,113.57304382324219,93.97743225097656,200.1699676513672,196.08047485351562,0.6222946643829346,-1,-1,-1
502,-1,108.72309875488281,96.08379364013672,195.7359161376953,200.9527130126953,0.5905014276504517,-1,-1,-1
511,-1,92.14164733886719,31.871795654296875,191.46383666992188,202.8518524169922,0.5872052907943726,-1,-1,-1
512,-1,94.71294403076172,29.699506759643555,190.42041015625,205.43682861328125,0.6360867619514465,-1,-1,-1
513,-1,93.93064880371094,30.33672523498535,191.3966064453125,204.70932006835938,0.6683399677276611,-1,-1,-1
514,-1,94.62909698486328,30.771028518676758,191.23443603515625,203.97117614746094,0.6408684849739075,-1,-1,-1
515,-1,95.05448150634766,30.26335334777832,190.78997802734375,205.20530700683594,0.6013079881668091,-1,-1,-1
516,-1,95.48017883300781,30.301244735717773,190.53102111816406,205.01629638671875,0.6065505743026733,-1,-1,-1
517,-1,95.05696105957031,32.08446502685547,191.01495361328125,202.86325073242188,0.5539224147796631,-1,-1,-1
518,-1,95.22698211669922,29.545194625854492,190.85964965820312,205.94801330566406,0.6073892116546631,-1,-1,-1
519,-1,95.65850830078125,29.668039321899414,190.51170349121094,206.2931671142578,0.6151914000511169,-1,-1,-1
520,-1,107.23282623291016,29.05487632751465,196.6026153564453,214.4834747314453,0.6920188069343567,-1,-1,-1
521,-1,97.15711975097656,28.37129020690918,188.6392364501953,209.53138732910156,0.6794911026954651,-1,-1,-1
530,-1,112.41415405273438,94.1003189086914,197.07040405273438,204.9785919189453,0.6013780236244202,-1,-1,-1
531,-1,112.81289672851562,94.0718994140625,197.70834350585938,205.15972900390625,0.5955748558044434,-1,-1,-1
532,-1,112.49191284179688,94.13355255126953,197.8457794189453,203.98959350585938,0.7416446805000305,-1,-1,-1
533,-1,112.86412048339844,94.11054992675781,197.64285278320312,204.33380126953125,0.7935066223144531,-1,-1,-1
534,-1,112.83010864257812,94.10363006591797,197.4922332763672,204.3804473876953,0.8160573244094849,-1,-1,-1
535,-1,112.82088470458984,94.1705322265625,197.4185028076172,204.3545684814453,0.8121786713600159,-1,-1,-1
536,-1,112.875732421875,94.19136047363281,197.6055908203125,203.91990661621094,0.755993127822876,-1,-1,-1
537,-1,113.57301330566406,94.37623596191406,197.442626953125,202.2659912109375,0.7757764458656311,-1,-1,-1
538,-1,113.21781921386719,94.38650512695312,197.0895538330078,202.62490844726562,0.7895470261573792,-1,-1,-1
539,-1,113.08168029785156,94.69108581542969,196.95065307617188,201.42930603027344,0.7164246439933777,-1,-1,-1
540,-1,113.1388168334961,94.68719482421875,196.96031188964844,201.36270141601562,0.6989470720291138,-1,-1,-1
541,-1,113.0538558959961,94.77877044677734,196.66444396972656,202.91781616210938,0.664505124092102,-1,-1,-1
542,-1,112.75743103027344,94.77822875976562,196.774658203125,203.0646209716797,0.6617532968521118,-1,-1,-1
543,-1,112.76248931884766,94.7320785522461,196.59767150878906,202.87557983398438,0.6350800395011902,-1,-1,-1
544,-1,112.80658721923828,94.7589111328125,196.6042938232422,202.366455078125,0.711560070514679,-1,-1,-1
545,-1,112.79646301269531,95.59612274169922,196.97161865234375,200.77096557617188,0.6859914660453796,-1,-1,-1
546,-1,112.65670013427734,95.47478485107422,196.7530517578125,200.86666870117188,0.7065088748931885,-1,-1,-1
547,-1,112.5154800415039,95.31663513183594,196.69512939453125,200.97853088378906,0.6778687238693237,-1,-1,-1
548,-1,112.24821472167969,95.35224151611328,196.79324340820312,201.43045043945312,0.7298784852027893,-1,-1,-1
549,-1,112.33186340332031,95.24642944335938,196.79457092285156,201.55747985839844,0.7653186321258545,-1,-1,-1
550,-1,112.5741958618164,95.82511901855469,196.22056579589844,202.13912963867188,0.7243866324424744,-1,-1,-1
551,-1,112.65888214111328,95.9439468383789,196.3593292236328,201.65438842773438,0.714506983757019,-1,-1,-1
552,-1,112.6883773803711,96.28206634521484,196.01731872558594,200.36663818359375,0.5036985278129578,-1,-1,-1
554,-1,113.16349029541016,96.34771728515625,196.50607299804688,199.72262573242188,0.5081194639205933,-1,-1,-1
702,-1,111.21231842041016,85.91519927978516,201.05865478515625,208.62637329101562,0.7246189713478088,-1,-1,-1
703,-1,111.21968078613281,87.08053588867188,200.95533752441406,208.34970092773438,0.882551908493042,-1,-1,-1
704,-1,111.23722839355469,87.2845458984375,200.96517944335938,208.54595947265625,0.8899456262588501,-1,-1,-1
705,-1,110.93921661376953,85.17948913574219,200.7002410888672,209.53173828125,0.6634877324104309,-1,-1,-1
706,-1,111.1962890625,86.53756713867188,200.80810546875,209.28518676757812,0.8292028903961182,-1,-1,-1
707,-1,111.13632202148438,86.65755462646484,200.9567108154297,209.2406768798828,0.8009573221206665,-1,-1,-1
708,-1,111.05006408691406,85.91116333007812,200.95407104492188,209.05238342285156,0.775119423866272,-1,-1,-1
718,-1,110.94026184082031,84.44727325439453,199.24063110351562,210.9481964111328,0.5370886921882629,-1,-1,-1
720,-1,110.78072357177734,84.61822509765625,199.27919006347656,210.63450622558594,0.6289495229721069,-1,-1,-1
721,-1,110.61318969726562,84.97514343261719,199.71189880371094,210.0739288330078,0.8433212041854858,-1,-1,-1
722,-1,110.81965637207031,84.66011047363281,199.940185546875,210.0306854248047,0.7958023548126221,-1,-1,-1
723,-1,110.75511932373047,84.62005615234375,200.31826782226562,209.9860382080078,0.742178738117218,-1,-1,-1
724,-1,110.73944854736328,83.84192657470703,200.60671997070312,210.0605010986328,0.7102129459381104,-1,-1,-1
725,-1,110.76620483398438,83.77893829345703,200.62130737304688,209.9974822998047,0.704842746257782,-1,-1,-1
726,-1,110.84754180908203,83.89262390136719,200.57273864746094,209.99737548828125,0.7196119427680969,-1,-1,-1
727,-1,110.85789489746094,83.98568725585938,200.49949645996094,210.02183532714844,0.7247290015220642,-1,-1,-1
728,-1,110.80916595458984,84.00247192382812,200.4914093017578,209.9537811279297,0.7298617959022522,-1,-1,-1
729,-1,110.92186737060547,84.13416290283203,200.3878631591797,210.00157165527344,0.7617676258087158,-1,-1,-1
730,-1,111.52577209472656,84.38441467285156,200.1551055908203,210.10467529296875,0.8126838207244873,-1,-1,-1
731,-1,111.76532745361328,84.5084228515625,200.2738800048828,210.37429809570312,0.810508131980896,-1,-1,-1
732,-1,111.6395492553711,84.57070922851562,200.388916015625,210.34661865234375,0.8018991947174072,-1,-1,-1
733,-1,111.56886291503906,84.7906723022461,200.29135131835938,210.1787109375,0.8254968523979187,-1,-1,-1
734,-1,111.49867248535156,84.42739868164062,200.33067321777344,210.1922607421875,0.7924855351448059,-1,-1,-1
735,-1,111.59130096435547,84.45399475097656,200.1710205078125,210.33839416503906,0.7770536541938782,-1,-1,-1
736,-1,111.15654754638672,84.04878997802734,200.3961944580078,210.14501953125,0.7197309136390686,-1,-1,-1
737,-1,111.19304656982422,84.02986907958984,200.32339477539062,210.150146484375,0.724603533744812,-1,-1,-1
738,-1,111.46554565429688,84.50373840332031,200.2220001220703,209.96212768554688,0.7556828260421753,-1,-1,-1
739,-1,111.28352355957031,84.42552185058594,200.19183349609375,210.1398162841797,0.7478259205818176,-1,-1,-1
740,-1,111.54590606689453,84.05984497070312,200.01272583007812,210.32456970214844,0.7328680753707886,-1,-1,-1
741,-1,111.4181900024414,83.8968505859375,200.2056121826172,210.5016632080078,0.7167864441871643,-1,-1,-1
742,-1,111.9143295288086,84.72449493408203,200.00445556640625,209.9586181640625,0.7791160941123962,-1,-1,-1
743,-1,111.81220245361328,84.9326171875,199.96376037597656,210.04840087890625,0.7857745289802551,-1,-1,-1
744,-1,111.95532989501953,84.71321105957031,199.85313415527344,209.84454345703125,0.7804452180862427,-1,-1,-1
745,-1,110.79855346679688,83.65896606445312,200.69110107421875,209.69468688964844,0.5592175722122192,-1,-1,-1
746,-1,111.01663208007812,83.8910140991211,200.14952087402344,209.3646240234375,0.6217261552810669,-1,-1,-1
747,-1,111.09142303466797,83.7186050415039,200.0131378173828,209.49107360839844,0.6446833610534668,-1,-1,-1
748,-1,111.34288787841797,83.77672576904297,200.01817321777344,209.39015197753906,0.6461849212646484,-1,-1,-1
749,-1,111.49803924560547,83.19795989990234,200.45034790039062,209.75584411621094,0.542090654373169,-1,-1,-1
750,-1,111.6969985961914,83.7681884765625,200.2731475830078,209.6549835205078,0.5763378143310547,-1,-1,-1
763,-1,108.08262634277344,87.98847198486328,216.0523681640625,205.04916381835938,0.826597273349762,-1,-1,-1
764,-1,108.31059265136719,88.18196105957031,216.24876403808594,204.98797607421875,0.8226269483566284,-1,-1,-1
765,-1,108.25516510009766,87.84709930419922,223.0391082763672,205.7445831298828,0.914609968662262,-1,-1,-1
766,-1,109.39680480957031,87.76475524902344,221.84715270996094,205.36138916015625,0.9332420825958252,-1,-1,-1
767,-1,108.82017517089844,87.39239501953125,221.34365844726562,205.60394287109375,0.9107164144515991,-1,-1,-1
768,-1,109.04717254638672,87.36580657958984,221.27647399902344,205.70913696289062,0.9173563718795776,-1,-1,-1
769,-1,109.13330841064453,88.15373229980469,215.73062133789062,205.52139282226562,0.7262961268424988,-1,-1,-1
770,-1,107.67210388183594,88.887451171875,216.4366455078125,204.8903350830078,0.7032075524330139,-1,-1,-1
771,-1,108.17727661132812,88.63912963867188,216.35633850097656,205.2698974609375,0.8279629945755005,-1,-1,-1
772,-1,108.96308135986328,85.8106918334961,208.08392333984375,207.94651794433594,0.5728384852409363,-1,-1,-1
773,-1,111.46321105957031,81.68383026123047,204.61029052734375,209.08038330078125,0.7150760293006897,-1,-1,-1
774,-1,111.22306060791016,81.62142181396484,204.95008850097656,209.28968811035156,0.6697144508361816,-1,-1,-1
775,-1,114.09954071044922,83.7637710571289,203.90550231933594,208.76675415039062,0.6571164727210999,-1,-1,-1
776,-1,114.08203125,84.3914566040039,203.76055908203125,209.23220825195312,0.6372494101524353,-1,-1,-1
777,-1,114.13227081298828,84.94062805175781,203.78744506835938,209.43939208984375,0.6738873720169067,-1,-1,-1
778,-1,113.68988800048828,83.69271850585938,203.0601348876953,209.06979370117188,0.6383641958236694,-1,-1,-1
779,-1,113.77312469482422,83.08051300048828,203.08026123046875,208.80348205566406,0.6172131299972534,-1,-1,-1
780,-1,114.05914306640625,84.02457427978516,203.36788940429688,209.06704711914062,0.6325728297233582,-1,-1,-1
781,-1,120.20614624023438,93.56613159179688,201.97767639160156,156.50650024414062,0.5048877000808716,-1,-1,-1
782,-1,120.04410552978516,93.9464340209961,201.9066619873047,156.99551391601562,0.501151978969574,-1,-1,-1
783,-1,120.10604095458984,94.15975189208984,201.98609924316406,156.6125030517578,0.5463930368423462,-1,-1,-1
784,-1,118.6508560180664,94.07208251953125,201.03375244140625,194.5095672607422,0.6102334856987,-1,-1,-1
785,-1,114.75529479980469,84.1794662475586,202.862060546875,210.2752685546875,0.6256839036941528,-1,-1,-1
786,-1,114.85034942626953,84.18327331542969,202.916748046875,209.93792724609375,0.60368412733078,-1,-1,-1
787,-1,115.06671905517578,84.91008758544922,202.48583984375,209.9662322998047,0.6956897974014282,-1,-1,-1
788,-1,115.07819366455078,84.39791107177734,202.59164428710938,209.9383087158203,0.6629568934440613,-1,-1,-1
789,-1,114.56104278564453,83.79508972167969,203.08778381347656,209.51126098632812,0.621341347694397,-1,-1,-1
790,-1,118.83427429199219,94.4732666015625,200.9370574951172,198.173828125,0.7309335470199585,-1,-1,-1
791,-1,115.22101593017578,85.18000793457031,202.46551513671875,209.74652099609375,0.7937071919441223,-1,-1,-1
792,-1,115.48719787597656,84.81864929199219,202.54762268066406,209.99415588378906,0.7696662545204163,-1,-1,-1
793,-1,115.07892608642578,83.65266418457031,201.64602661132812,209.7302703857422,0.7226663827896118,-1,-1,-1
794,-1,114.77351379394531,83.36878204345703,201.8970489501953,209.00067138671875,0.6242313981056213,-1,-1,-1
795,-1,114.9576644897461,84.63658142089844,202.2274932861328,208.8227081298828,0.8554556965827942,-1,-1,-1
796,-1,114.47933197021484,83.04613494873047,202.60488891601562,207.80657958984375,0.6831232309341431,-1,-1,-1
797,-1,114.6402816772461,84.19132995605469,202.3335418701172,208.28147888183594,0.7636898756027222,-1,-1,-1
798,-1,114.49095153808594,85.18698120117188,202.41319274902344,208.72540283203125,0.7898686528205872,-1,-1,-1
799,-1,114.69807434082031,86.56282806396484,202.21900939941406,208.69384765625,0.8312998414039612,-1,-1,-1
800,-1,114.9209976196289,86.87037658691406,202.1096649169922,208.5960235595703,0.8719826936721802,-1,-1,-1
801,-1,115.02289581298828,87.00946807861328,202.15127563476562,208.5493621826172,0.8822140693664551,-1,-1,-1
802,-1,114.9021987915039,86.52620697021484,202.6561737060547,208.68399047851562,0.8627298474311829,-1,-1,-1
803,-1,114.97692108154297,87.12724304199219,202.50439453125,208.65814208984375,0.8720701932907104,-1,-1,-1
804,-1,115.0379867553711,86.82304382324219,202.38711547851562,208.8763427734375,0.8169898390769958,-1,-1,-1
805,-1,114.32499694824219,86.00492095947266,202.53216552734375,209.18470764160156,0.6699045896530151,-1,-1,-1
806,-1,114.37256622314453,85.9832763671875,202.09286499023438,209.29734802246094,0.6957148909568787,-1,-1,-1
807,-1,114.1396255493164,85.15689849853516,202.4604949951172,209.5160369873047,0.6271411776542664,-1,-1,-1
808,-1,114.74711608886719,85.39112091064453,201.4571990966797,209.64808654785156,0.73496013879776,-1,-1,-1
809,-1,114.63655090332031,85.78617858886719,201.4694366455078,209.43490600585938,0.7390337586402893,-1,-1,-1
810,-1,114.831298828125,85.82810974121094,201.26300048828125,209.14076232910156,0.7886171936988831,-1,-1,-1
821,-1,113.82521057128906,83.35502624511719,199.0325927734375,209.6600799560547,0.5631754994392395,-1,-1,-1
822,-1,113.56752014160156,82.99797821044922,199.279052734375,209.53103637695312,0.5628166794776917,-1,-1,-1
823,-1,113.5182113647461,82.80471801757812,198.83436584472656,209.41908264160156,0.6523727178573608,-1,-1,-1
824,-1,113.4682388305664,83.09029388427734,198.84585571289062,209.1223602294922,0.6667659282684326,-1,-1,-1
826,-1,113.41561889648438,81.89056396484375,197.0765380859375,207.94735717773438,0.580737829208374,-1,-1,-1
827,-1,113.46660614013672,82.32949829101562,196.82904052734375,207.9437713623047,0.638232409954071,-1,-1,-1
828,-1,114.09361267089844,82.1270980834961,197.43304443359375,207.8960723876953,0.8511642217636108,-1,-1,-1
829,-1,115.35002899169922,82.39185333251953,196.54910278320312,208.2657012939453,0.9168793559074402,-1,-1,-1
830,-1,115.01954650878906,82.30992126464844,196.9709930419922,208.2092742919922,0.9117476940155029,-1,-1,-1
831,-1,115.0343246459961,82.54788970947266,197.1790771484375,208.29214477539062,0.9086384773254395,-1,-1,-1
832,-1,114.93147277832031,82.32888793945312,199.43075561523438,207.83041381835938,0.8969945907592773,-1,-1,-1
833,-1,114.85563659667969,82.31266021728516,199.15052795410156,207.90631103515625,0.8964782357215881,-1,-1,-1
834,-1,116.88923645019531,79.20574951171875,200.34524536132812,206.77188110351562,0.9152858853340149,-1,-1,-1
835,-1,116.9425277709961,80.02347564697266,200.09835815429688,206.7234344482422,0.8373861312866211,-1,-1,-1
836,-1,116.28777313232422,80.2204818725586,200.61480712890625,206.61302185058594,0.8022011518478394,-1,-1,-1
845,-1,118.63832092285156,91.52061462402344,199.36997985839844,187.0489501953125,0.5386525988578796,-1,-1,-1
853,-1,119.15869903564453,93.4543228149414,199.85609436035156,159.5199432373047,0.5347445607185364,-1,-1,-1
891,-1,96.91199493408203,90.78871154785156,205.67095947265625,204.57008361816406,0.9660085439682007,-1,-1,-1
892,-1,96.90436553955078,90.55793762207031,205.47024536132812,204.82562255859375,0.9593586921691895,-1,-1,-1
893,-1,76.65238952636719,93.4289779663086,204.1420135498047,198.41722106933594,0.8670752644538879,-1,-1,-1
894,-1,76.84004211425781,93.31902313232422,203.91940307617188,198.41880798339844,0.9082874059677124,-1,-1,-1
895,-1,58.35601043701172,102.76782989501953,206.60447692871094,197.3271484375,0.7334924340248108,-1,-1,-1
896,-1,58.216941833496094,103.07990264892578,206.8321990966797,197.35121154785156,0.7280338406562805,-1,-1,-1
897,-1,58.29402160644531,102.96868133544922,206.80288696289062,197.4872589111328,0.7185690402984619,-1,-1,-1
898,-1,58.585174560546875,102.86428833007812,206.86097717285156,197.47312927246094,0.7181524634361267,-1,-1,-1
908,-1,68.11625671386719,108.81940460205078,209.36480712890625,207.4853515625,0.5402950048446655,-1,-1,-1
909,-1,67.9850845336914,108.70369720458984,209.1380157470703,207.5475616455078,0.5693455338478088,-1,-1,-1
910,-1,68.316162109375,108.61943054199219,209.01873779296875,207.61691284179688,0.5645917057991028,-1,-1,-1
917,-1,106.79301452636719,90.7977294921875,257.3074035644531,194.93438720703125,0.617436945438385,-1,-1,-1
918,-1,106.53121948242188,90.63550567626953,257.99658203125,195.17630004882812,0.5583382248878479,-1,-1,-1
919,-1,132.04144287109375,94.2421875,247.46685791015625,178.04478454589844,0.884955644607544,-1,-1,-1
920,-1,138.59300231933594,95.31744384765625,244.14486694335938,175.17803955078125,0.9617708921432495,-1,-1,-1
921,-1,138.08706665039062,95.00312042236328,244.7716522216797,175.83926391601562,0.9733715653419495,-1,-1,-1
922,-1,138.42697143554688,95.11133575439453,244.39749145507812,175.4454803466797,0.9701571464538574,-1,-1,-1
923,-1,138.71778869628906,93.38970184326172,248.90158081054688,177.783203125,0.9910595417022705,-1,-1,-1
924,-1,143.00439453125,91.84403991699219,255.73040771484375,179.07003784179688,0.9911129474639893,-1,-1,-1
925,-1,153.5807647705078,86.2315444946289,268.2611389160156,192.63780212402344,0.6779001355171204,-1,-1,-1
926,-1,153.8259735107422,86.67414855957031,267.73681640625,192.49790954589844,0.7187610268592834,-1,-1,-1
927,-1,153.35191345214844,86.88198852539062,267.85302734375,192.21023559570312,0.7215836048126221,-1,-1,-1
928,-1,153.36907958984375,86.81493377685547,267.9102783203125,192.5306396484375,0.7522251009941101,-1,-1,-1
931,-1,171.8596649169922,47.26487350463867,307.09356689453125,189.58636474609375,0.5478854179382324,-1,-1,-1
935,-1,154.83811950683594,106.57789611816406,206.80860900878906,154.337646484375,0.597629725933075,-1,-1,-1
936,-1,154.8900146484375,106.66228485107422,206.62828063964844,154.3580780029297,0.7396857142448425,-1,-1,-1
942,-1,154.37765502929688,107.13618469238281,207.17507934570312,153.22674560546875,0.5133662819862366,-1,-1,-1
943,-1,212.1450653076172,98.22007751464844,299.5740661621094,184.16510009765625,0.5157711505889893,-1,-1,-1
