43,-1,164.21014404296875,40.54863357543945,190.932861328125,82.33377075195312,0.5211895704269409,-1,-1,-1
67,-1,152.26817321777344,51.40944290161133,181.2474822998047,96.68205261230469,0.8816766738891602,-1,-1,-1
68,-1,152.15811157226562,51.20450973510742,180.67623901367188,97.97224426269531,0.8387369513511658,-1,-1,-1
69,-1,152.4783172607422,52.401710510253906,179.01466369628906,99.16773986816406,0.8347571492195129,-1,-1,-1
80,-1,136.9937286376953,58.096195220947266,175.03125,98.86679077148438,0.5772259831428528,-1,-1,-1
82,-1,133.50335693359375,58.06101989746094,171.6010284423828,102.1944808959961,0.5495771169662476,-1,-1,-1
83,-1,132.6248016357422,57.241397857666016,169.55918884277344,103.02251434326172,0.813892126083374,-1,-1,-1
84,-1,130.80552673339844,56.79795455932617,168.16864013671875,103.88530731201172,0.8116146326065063,-1,-1,-1
85,-1,130.13113403320312,58.504146575927734,167.95254516601562,103.86211395263672,0.933893084526062,-1,-1,-1
87,-1,123.7348861694336,62.95640182495117,165.6761474609375,107.80611419677734,0.9071072340011597,-1,-1,-1
88,-1,123.1528549194336,62.916648864746094,163.24893188476562,107.83192443847656,0.8469263315200806,-1,-1,-1
89,-1,121.57099914550781,64.13721466064453,161.4807891845703,106.51514434814453,0.872411847114563,-1,-1,-1
90,-1,121.33179473876953,62.312931060791016,158.51345825195312,100.21968078613281,0.7814763784408569,-1,-1,-1
91,-1,122.66542053222656,62.1963996887207,155.66598510742188,108.8201675415039,0.6310963034629822,-1,-1,-1
92,-1,118.84390258789062,64.15702819824219,156.3907470703125,107.89282989501953,0.5278336405754089,-1,-1,-1
94,-1,117.56218719482422,62.96742248535156,155.3507080078125,110.01052856445312,0.5047063827514648,-1,-1,-1
102,-1,103.64613342285156,66.42803192138672,138.40274047851562,115.6163101196289,0.7334281802177429,-1,-1,-1
103,-1,98.81844329833984,69.2407455444336,138.48683166503906,110.32329559326172,0.7038223743438721,-1,-1,-1
104,-1,96.87681579589844,69.38322448730469,135.99427795410156,110.47599029541016,0.6727032661437988,-1,-1,-1
105,-1,95.72671508789062,69.80783081054688,133.28431701660156,110.82035827636719,0.7145074009895325,-1,-1,-1
106,-1,91.41926574707031,68.11593627929688,133.55355834960938,128.49513244628906,0.6788872480392456,-1,-1,-1
107,-1,91.30001068115234,67.19331359863281,132.42449951171875,128.64761352539062,0.6124414801597595,-1,-1,-1
107,-1,91.30001068115234,67.19331359863281,132.42449951171875,128.64761352539062,0.5559720396995544,-1,-1,-1
108,-1,86.37808227539062,67.53596496582031,130.6224365234375,129.47972106933594,0.7753441333770752,-1,-1,-1
108,-1,86.76223754882812,74.33361053466797,130.29295349121094,122.80638885498047,0.5601585507392883,-1,-1,-1
109,-1,86.07818603515625,65.86814880371094,129.02662658691406,129.09854125976562,0.7238743305206299,-1,-1,-1
110,-1,86.27056121826172,65.78302001953125,127.06303405761719,128.5720977783203,0.8194543719291687,-1,-1,-1
111,-1,85.01435089111328,66.25688171386719,125.24946594238281,129.0215301513672,0.8194528818130493,-1,-1,-1
112,-1,83.57344818115234,66.7597427368164,123.94573211669922,129.0942840576172,0.7025178074836731,-1,-1,-1
113,-1,81.62904357910156,67.51571655273438,121.87925720214844,129.02926635742188,0.6288089156150818,-1,-1,-1
116,-1,74.48409271240234,73.36127471923828,114.93885803222656,123.75936889648438,0.8441251516342163,-1,-1,-1
117,-1,72.7764663696289,76.33084869384766,112.97087097167969,125.2992172241211,0.7610169053077698,-1,-1,-1
118,-1,70.32763671875,76.9909439086914,111.46526336669922,123.82664489746094,0.6619014739990234,-1,-1,-1
119,-1,68.98772430419922,75.293701171875,109.58816528320312,124.62092590332031,0.5914260149002075,-1,-1,-1
121,-1,61.911415100097656,77.52243041992188,103.0867691040039,126.95872497558594,0.619556188583374,-1,-1,-1
122,-1,60.03078842163086,78.0780029296875,103.13358306884766,127.40422821044922,0.7477365136146545,-1,-1,-1
124,-1,55.077415466308594,75.30962371826172,97.68220520019531,104.41620635986328,0.5608606338500977,-1,-1,-1
125,-1,47.39665222167969,75.43895721435547,94.99714660644531,103.55243682861328,0.6080118417739868,-1,-1,-1
126,-1,92.98637390136719,151.34939575195312,140.33995056152344,177.80752563476562,0.5663155317306519,-1,-1,-1
127,-1,92.79263305664062,151.81552124023438,136.4765625,176.83201599121094,0.5658634305000305,-1,-1,-1
130,-1,44.07373046875,79.41383361816406,91.65885162353516,130.1343231201172,0.5436795949935913,-1,-1,-1
131,-1,43.60801315307617,80.12680053710938,90.60395050048828,129.09152221679688,0.7389715313911438,-1,-1,-1
132,-1,44.93004608154297,81.91133117675781,90.14067840576172,127.68706512451172,0.5372436046600342,-1,-1,-1
145,-1,34.55360794067383,88.61505126953125,76.67351531982422,133.04080200195312,0.5970346927642822,-1,-1,-1
146,-1,33.418392181396484,87.75215911865234,78.31155395507812,134.19261169433594,0.5763232111930847,-1,-1,-1
147,-1,33.52882766723633,87.42647552490234,76.49372863769531,134.8314666748047,0.5997575521469116,-1,-1,-1
152,-1,33.518680572509766,89.5116195678711,71.7091293334961,132.53475952148438,0.523669958114624,-1,-1,-1
158,-1,34.5959587097168,91.96141052246094,60.66565704345703,159.23057556152344,0.6892916560173035,-1,-1,-1
158,-1,-0.9051102995872498,107.52359008789062,91.78527069091797,171.62933349609375,0.5849043726921082,-1,-1,-1
167,-1,34.910675048828125,87.1112289428711,68.0379409790039,165.55642700195312,0.5951687097549438,-1,-1,-1
168,-1,34.764644622802734,87.68798828125,68.26456451416016,166.70541381835938,0.6031936407089233,-1,-1,-1
169,-1,34.24769592285156,88.10006713867188,69.29985809326172,159.42982482910156,0.6716291308403015,-1,-1,-1
172,-1,33.73588180541992,87.97391510009766,70.5949478149414,158.38766479492188,0.5069557428359985,-1,-1,-1
184,-1,28.52186393737793,83.61083984375,75.09383392333984,149.8242950439453,0.5062560439109802,-1,-1,-1
186,-1,1.666101336479187,84.05297088623047,79.42093658447266,152.07351684570312,0.551817774772644,-1,-1,-1
188,-1,2.030897855758667,82.92374420166016,78.13104248046875,152.62034606933594,0.5538427829742432,-1,-1,-1
197,-1,33.77884292602539,93.57614135742188,59.57891082763672,153.902587890625,0.5070716142654419,-1,-1,-1
198,-1,3.1248183250427246,76.86458587646484,60.92405319213867,152.41481018066406,0.713966965675354,-1,-1,-1
199,-1,20.399587631225586,76.42375183105469,61.99589157104492,154.86227416992188,0.6277820467948914,-1,-1,-1
200,-1,3.1159181594848633,76.53660583496094,59.727596282958984,154.66404724121094,0.6620763540267944,-1,-1,-1
201,-1,1.5977654457092285,77.80973815917969,59.530860900878906,152.6463623046875,0.5234465003013611,-1,-1,-1
207,-1,1.9178245067596436,83.34593200683594,61.76702117919922,165.9597625732422,0.5719500780105591,-1,-1,-1
211,-1,1.7708587646484375,76.83777618408203,62.84906768798828,152.85650634765625,0.6153070330619812,-1,-1,-1
212,-1,2.820927619934082,82.8932876586914,61.190242767333984,164.059326171875,0.8023455142974854,-1,-1,-1
213,-1,2.7904891967773438,81.92465209960938,59.936946868896484,165.38719177246094,0.8558666706085205,-1,-1,-1
214,-1,2.4556760787963867,81.6644287109375,61.01620101928711,165.18112182617188,0.8941888809204102,-1,-1,-1
215,-1,2.3951194286346436,77.79655456542969,62.1757698059082,153.10531616210938,0.7906378507614136,-1,-1,-1
216,-1,2.358128547668457,78.18737030029297,61.77549362182617,151.9365997314453,0.5848162174224854,-1,-1,-1
217,-1,0.6237440705299377,81.45416259765625,73.01614379882812,154.1436309814453,0.5446679592132568,-1,-1,-1
218,-1,0.08968646824359894,82.67242431640625,74.75962829589844,152.8443603515625,0.5381028652191162,-1,-1,-1
219,-1,0.911210834980011,76.691162109375,63.177371978759766,153.2344512939453,0.5144101977348328,-1,-1,-1
227,-1,0.6113052368164062,79.30738830566406,60.80648422241211,121.24431610107422,0.6894693970680237,-1,-1,-1
228,-1,0.760145902633667,79.7650146484375,60.55208206176758,120.98188781738281,0.5597848296165466,-1,-1,-1
229,-1,0.592710018157959,79.86703491210938,61.18974685668945,120.57450866699219,0.5903570055961609,-1,-1,-1
230,-1,0.7104403972625732,79.51988983154297,61.90898132324219,120.8751449584961,0.5751829147338867,-1,-1,-1
231,-1,0.7959893941879272,79.19344329833984,61.97966766357422,120.81346130371094,0.5870509743690491,-1,-1,-1
232,-1,1.0121183395385742,78.76905822753906,61.98171615600586,121.13247680664062,0.5846586227416992,-1,-1,-1
233,-1,0.839482843875885,79.29960632324219,62.08323669433594,121.55799865722656,0.5764399766921997,-1,-1,-1
241,-1,36.43662643432617,83.32974243164062,65.24174499511719,146.47872924804688,0.562487781047821,-1,-1,-1
254,-1,33.186458587646484,92.31369018554688,59.76627731323242,158.07044982910156,0.6010124683380127,-1,-1,-1
255,-1,33.585914611816406,91.8482666015625,60.21088409423828,158.15438842773438,0.5133064389228821,-1,-1,-1
306,-1,33.324127197265625,91.48550415039062,73.76595306396484,154.3035430908203,0.6862300634384155,-1,-1,-1
307,-1,34.1828498840332,91.280517578125,73.87476348876953,154.67747497558594,0.5152941942214966,-1,-1,-1
308,-1,33.89234924316406,91.43465423583984,74.42935180664062,154.97830200195312,0.6058299541473389,-1,-1,-1
338,-1,91.32766723632812,84.82321166992188,140.07017517089844,134.10110473632812,0.5399495363235474,-1,-1,-1
341,-1,101.68254852294922,85.65892028808594,149.99163818359375,132.58685302734375,0.5580549240112305,-1,-1,-1
342,-1,103.57621002197266,84.76427459716797,153.21826171875,132.9924774169922,0.6652219295501709,-1,-1,-1
346,-1,116.3247299194336,83.80499267578125,163.1791534423828,134.7691192626953,0.8747274279594421,-1,-1,-1
349,-1,126.79016876220703,81.38042449951172,174.66163635253906,129.18496704101562,0.694875180721283,-1,-1,-1
354,-1,140.53648376464844,82.74923706054688,187.80535888671875,127.7656478881836,0.5184419751167297,-1,-1,-1
355,-1,141.27305603027344,86.51173400878906,189.0713653564453,133.34828186035156,0.5412533283233643,-1,-1,-1
358,-1,149.82037353515625,86.62285614013672,201.13018798828125,134.86264038085938,0.5903294086456299,-1,-1,-1
372,-1,192.67250061035156,82.56649017333984,243.24603271484375,124.53429412841797,0.6009604930877686,-1,-1,-1
373,-1,203.34556579589844,82.79686737060547,247.1182098388672,118.31808471679688,0.5010948181152344,-1,-1,-1
587,-1,193.64926147460938,178.396484375,220.0341796875,199.81875610351562,0.6140778064727783,-1,-1,-1
588,-1,168.35435485839844,174.98544311523438,219.1777801513672,201.8265380859375,0.6023240089416504,-1,-1,-1
595,-1,158.03948974609375,167.74346923828125,219.93594360351562,200.3337860107422,0.5645360946655273,-1,-1,-1
598,-1,153.8889923095703,160.1690216064453,221.4186248779297,198.7661895751953,0.7295500040054321,-1,-1,-1
599,-1,147.5254669189453,153.32107543945312,225.79080200195312,203.74984741210938,0.875288724899292,-1,-1,-1
600,-1,147.2870330810547,152.43296813964844,224.62210083007812,203.6796417236328,0.7880433797836304,-1,-1,-1
601,-1,144.32203674316406,153.58262634277344,224.81344604492188,203.80657958984375,0.9345687627792358,-1,-1,-1
602,-1,143.11654663085938,152.24203491210938,224.52151489257812,203.65322875976562,0.9506364464759827,-1,-1,-1
603,-1,143.96104431152344,150.07540893554688,225.9762420654297,204.48178100585938,0.9550837278366089,-1,-1,-1
604,-1,144.95123291015625,149.47967529296875,224.08782958984375,204.4230499267578,0.9695600271224976,-1,-1,-1
605,-1,146.32594299316406,147.04388427734375,223.4031982421875,204.17645263671875,0.9718347191810608,-1,-1,-1
606,-1,143.2095489501953,146.54769897460938,222.5271759033203,203.7345733642578,0.9520023465156555,-1,-1,-1
607,-1,139.44993591308594,145.8900146484375,217.47384643554688,204.3878936767578,0.9730634689331055,-1,-1,-1
608,-1,141.83148193359375,145.57711791992188,215.19802856445312,204.81068420410156,0.9632714986801147,-1,-1,-1
609,-1,140.986328125,144.6715545654297,212.7259521484375,205.28997802734375,0.95509934425354,-1,-1,-1
610,-1,138.32937622070312,144.8048858642578,210.71031188964844,205.5322723388672,0.9611244797706604,-1,-1,-1
611,-1,137.31552124023438,145.36399841308594,210.90289306640625,205.25160217285156,0.9392237067222595,-1,-1,-1
612,-1,137.2410430908203,144.23941040039062,211.4085693359375,204.23443603515625,0.9194352626800537,-1,-1,-1
613,-1,136.89271545410156,143.9372100830078,211.3801727294922,202.71583557128906,0.9033628106117249,-1,-1,-1
614,-1,137.60443115234375,143.11183166503906,210.50906372070312,201.44589233398438,0.9364084601402283,-1,-1,-1
615,-1,132.44497680664062,141.9932861328125,207.2472381591797,201.53538513183594,0.7736645340919495,-1,-1,-1
616,-1,132.535400390625,139.07101440429688,205.42559814453125,202.03216552734375,0.8483412265777588,-1,-1,-1
617,-1,133.94583129882812,136.9877166748047,204.12107849121094,202.3592987060547,0.6308135986328125,-1,-1,-1
619,-1,132.2627410888672,133.91981506347656,203.64520263671875,200.8166961669922,0.6454433798789978,-1,-1,-1
620,-1,129.68861389160156,132.97303771972656,202.9625701904297,199.17752075195312,0.600416898727417,-1,-1,-1
622,-1,124.58824920654297,129.71926879882812,200.48245239257812,199.01351928710938,0.7802456617355347,-1,-1,-1
625,-1,126.32315063476562,130.9224853515625,201.6092071533203,196.2576446533203,0.6757822036743164,-1,-1,-1
626,-1,126.945556640625,130.94850158691406,200.5813446044922,197.36587524414062,0.7619431018829346,-1,-1,-1
627,-1,134.3057403564453,129.8885498046875,191.57395935058594,199.73471069335938,0.7687934041023254,-1,-1,-1
628,-1,134.64010620117188,128.93836975097656,191.52706909179688,199.67662048339844,0.7192080616950989,-1,-1,-1
629,-1,134.47265625,127.87657928466797,190.99948120117188,199.385498046875,0.7002477049827576,-1,-1,-1
632,-1,134.0623016357422,126.20626068115234,190.5512237548828,198.63584899902344,0.868800699710846,-1,-1,-1
633,-1,134.21340942382812,125.49172973632812,189.87545776367188,198.76678466796875,0.8962648510932922,-1,-1,-1
634,-1,133.77542114257812,124.41065216064453,189.95553588867188,199.38873291015625,0.9374564290046692,-1,-1,-1
635,-1,133.89932250976562,124.29135131835938,189.96063232421875,198.875732421875,0.9454727172851562,-1,-1,-1
636,-1,133.72959899902344,122.9828872680664,189.9052734375,198.79559326171875,0.9735172986984253,-1,-1,-1
637,-1,133.6083526611328,122.79420471191406,189.99009704589844,198.24659729003906,0.9745978116989136,-1,-1,-1
638,-1,134.7741241455078,122.70572662353516,189.75172424316406,197.7587127685547,0.9819731712341309,-1,-1,-1
639,-1,135.6021270751953,123.67039489746094,190.39060974121094,195.17776489257812,0.9759870767593384,-1,-1,-1
640,-1,135.73809814453125,120.07862091064453,191.04124450683594,186.2366485595703,0.9782028198242188,-1,-1,-1
641,-1,135.6226043701172,122.5159683227539,189.96890258789062,195.73739624023438,0.9743783473968506,-1,-1,-1
642,-1,135.94700622558594,118.51124572753906,189.94996643066406,185.30783081054688,0.9683629274368286,-1,-1,-1
643,-1,135.7034454345703,116.93446350097656,189.68873596191406,184.29405212402344,0.9677385091781616,-1,-1,-1
644,-1,135.2467498779297,115.96662139892578,189.3678436279297,184.05465698242188,0.9555571675300598,-1,-1,-1
645,-1,134.7532958984375,115.568603515625,189.2229461669922,184.59364318847656,0.9626740217208862,-1,-1,-1
646,-1,132.72373962402344,115.90479278564453,190.5428924560547,184.71334838867188,0.65775465965271,-1,-1,-1
647,-1,130.47251892089844,117.36910247802734,185.66891479492188,186.4971923828125,0.5549763441085815,-1,-1,-1
652,-1,131.09437561035156,115.7257308959961,183.536865234375,186.11447143554688,0.7426887154579163,-1,-1,-1
653,-1,129.76266479492188,114.41333770751953,184.24766540527344,186.50621032714844,0.6812381148338318,-1,-1,-1
654,-1,130.18511962890625,112.99323272705078,183.26541137695312,186.99954223632812,0.7468258142471313,-1,-1,-1
655,-1,129.36854553222656,113.0306625366211,182.29891967773438,187.13412475585938,0.5630402565002441,-1,-1,-1
656,-1,129.04673767089844,111.8025131225586,181.74557495117188,186.7393798828125,0.6149344444274902,-1,-1,-1
657,-1,131.22271728515625,110.97526550292969,180.71546936035156,184.87374877929688,0.8291610479354858,-1,-1,-1
658,-1,130.22085571289062,109.99870300292969,180.54476928710938,184.46746826171875,0.7342360615730286,-1,-1,-1
659,-1,130.050048828125,109.52056884765625,180.23486328125,184.10577392578125,0.6732988357543945,-1,-1,-1
660,-1,129.81915283203125,109.64134216308594,179.84133911132812,183.5699005126953,0.7919233441352844,-1,-1,-1
661,-1,130.49697875976562,109.33643341064453,178.95286560058594,183.01673889160156,0.8293128609657288,-1,-1,-1
662,-1,130.7501678466797,109.85652923583984,179.43115234375,183.00582885742188,0.777849555015564,-1,-1,-1
663,-1,128.461669921875,109.38452911376953,179.16058349609375,184.62652587890625,0.7937530875205994,-1,-1,-1
664,-1,129.46237182617188,109.38650512695312,179.00576782226562,183.78952026367188,0.8297557830810547,-1,-1,-1
665,-1,129.9771270751953,109.4317855834961,179.23936462402344,183.8114776611328,0.8414401412010193,-1,-1,-1
666,-1,130.70652770996094,108.1836929321289,179.06166076660156,178.59661865234375,0.8826876282691956,-1,-1,-1
667,-1,130.97686767578125,108.64434814453125,178.72337341308594,177.55300903320312,0.9225284457206726,-1,-1,-1
668,-1,130.72500610351562,108.50106811523438,178.49542236328125,177.61776733398438,0.9344392418861389,-1,-1,-1
669,-1,130.9104766845703,108.10882568359375,178.58885192871094,177.87747192382812,0.9377743601799011,-1,-1,-1
670,-1,130.84097290039062,107.98845672607422,178.55467224121094,178.0396728515625,0.9443297386169434,-1,-1,-1
671,-1,131.12838745117188,107.89198303222656,178.37661743164062,177.92672729492188,0.9457030892372131,-1,-1,-1
672,-1,131.25050354003906,108.15438079833984,178.4626007080078,177.4793243408203,0.9312877058982849,-1,-1,-1
673,-1,131.36705017089844,108.10429382324219,178.38003540039062,177.6721649169922,0.9429487586021423,-1,-1,-1
674,-1,131.29415893554688,107.83177947998047,178.54811096191406,177.40133666992188,0.8994536995887756,-1,-1,-1
675,-1,131.3133087158203,107.65508270263672,178.32174682617188,177.5464324951172,0.9337120056152344,-1,-1,-1
676,-1,131.0004119873047,107.7297134399414,178.78509521484375,177.75059509277344,0.8612859845161438,-1,-1,-1
677,-1,131.3126983642578,107.6287612915039,178.67953491210938,178.0584259033203,0.8775426149368286,-1,-1,-1
678,-1,131.8262176513672,107.12274169921875,178.74497985839844,178.37918090820312,0.8698644042015076,-1,-1,-1
679,-1,131.88783264160156,107.12718963623047,178.83251953125,178.39309692382812,0.845111608505249,-1,-1,-1
680,-1,131.8154296875,107.2448959350586,178.8330841064453,178.2971954345703,0.8203529119491577,-1,-1,-1
681,-1,131.8243408203125,107.15522003173828,178.78053283691406,178.4266815185547,0.8068291544914246,-1,-1,-1
682,-1,131.9157257080078,107.18982696533203,178.82347106933594,178.39556884765625,0.7832596302032471,-1,-1,-1
683,-1,132.26089477539062,106.99352264404297,178.92910766601562,178.47254943847656,0.7928591370582581,-1,-1,-1
684,-1,132.36903381347656,107.09213256835938,178.80645751953125,178.56642150878906,0.8062868714332581,-1,-1,-1
685,-1,132.67828369140625,107.1435317993164,178.94146728515625,178.48960876464844,0.7958210110664368,-1,-1,-1
686,-1,133.09889221191406,107.24793243408203,178.904541015625,178.15463256835938,0.8726623058319092,-1,-1,-1
687,-1,133.33151245117188,107.01847839355469,178.9034881591797,178.32066345214844,0.8896239995956421,-1,-1,-1
688,-1,133.08309936523438,106.98220825195312,178.8548126220703,178.42037963867188,0.8787291049957275,-1,-1,-1
689,-1,133.00833129882812,106.99972534179688,178.935546875,178.36993408203125,0.8836395740509033,-1,-1,-1
690,-1,133.11160278320312,106.85308837890625,179.06822204589844,178.30409240722656,0.887584924697876,-1,-1,-1
691,-1,133.10482788085938,106.89402770996094,179.06817626953125,178.33453369140625,0.9053469300270081,-1,-1,-1
692,-1,133.1167449951172,106.85264587402344,178.99615478515625,178.28282165527344,0.8912510871887207,-1,-1,-1
693,-1,132.82957458496094,107.68609619140625,179.45680236816406,178.1030731201172,0.8902375102043152,-1,-1,-1
694,-1,132.8323516845703,107.6423568725586,179.46656799316406,177.83895874023438,0.8969648480415344,-1,-1,-1
695,-1,132.87881469726562,107.56887817382812,179.47171020507812,177.840576171875,0.902369499206543,-1,-1,-1
696,-1,132.82862854003906,107.54305267333984,179.46322631835938,178.0584259033203,0.8971155285835266,-1,-1,-1
697,-1,132.85397338867188,107.49065399169922,179.4536590576172,178.08277893066406,0.9083670377731323,-1,-1,-1
698,-1,132.83697509765625,107.52643585205078,179.36753845214844,177.94204711914062,0.90286785364151,-1,-1,-1
699,-1,132.83815002441406,107.57111358642578,179.4943389892578,177.91256713867188,0.8868646025657654,-1,-1,-1
700,-1,132.73130798339844,107.5158920288086,179.54559326171875,178.1103973388672,0.8833301663398743,-1,-1,-1
701,-1,132.85394287109375,107.58019256591797,179.45762634277344,178.0558624267578,0.8817457556724548,-1,-1,-1
702,-1,132.8564910888672,107.53705596923828,179.51565551757812,177.93519592285156,0.8942996859550476,-1,-1,-1
703,-1,132.84422302246094,107.56087493896484,179.48159790039062,177.78915405273438,0.8928077220916748,-1,-1,-1
704,-1,132.72897338867188,107.46340942382812,179.3961944580078,177.84632873535156,0.908912718296051,-1,-1,-1
705,-1,132.7774658203125,107.58313751220703,179.62005615234375,177.91000366210938,0.8896592855453491,-1,-1,-1
706,-1,132.8653106689453,107.53556823730469,179.5336151123047,177.87289428710938,0.8946474194526672,-1,-1,-1
707,-1,132.81460571289062,107.52792358398438,179.6592559814453,178.2592315673828,0.8620046377182007,-1,-1,-1
708,-1,133.37564086914062,107.42342376708984,180.31341552734375,178.70669555664062,0.8810142874717712,-1,-1,-1
709,-1,133.40444946289062,107.40232849121094,180.35357666015625,178.77159118652344,0.8792606592178345,-1,-1,-1
710,-1,133.34695434570312,107.3843994140625,180.34130859375,178.71726989746094,0.876470148563385,-1,-1,-1
711,-1,133.23716735839844,107.35072326660156,180.25550842285156,178.72789001464844,0.8776528835296631,-1,-1,-1
712,-1,133.171142578125,107.37644958496094,180.31802368164062,178.6958465576172,0.8715774416923523,-1,-1,-1
713,-1,133.17640686035156,107.3468017578125,180.34188842773438,178.6896514892578,0.8667600154876709,-1,-1,-1
714,-1,133.28756713867188,107.39364624023438,180.3961944580078,178.5099639892578,0.8637440800666809,-1,-1,-1
715,-1,133.26075744628906,107.53247833251953,180.4332733154297,178.3856201171875,0.8702024817466736,-1,-1,-1
716,-1,133.09396362304688,107.63355255126953,180.3118133544922,178.33958435058594,0.877415120601654,-1,-1,-1
717,-1,133.1334228515625,107.6812973022461,180.44862365722656,178.45579528808594,0.8695898056030273,-1,-1,-1
718,-1,133.13690185546875,107.60769653320312,180.56396484375,178.56192016601562,0.8882883787155151,-1,-1,-1
719,-1,133.20135498046875,107.58409118652344,180.40383911132812,178.56094360351562,0.8847953081130981,-1,-1,-1
720,-1,133.2686767578125,107.41720581054688,180.4324188232422,178.53977966308594,0.9052562117576599,-1,-1,-1
721,-1,133.1678924560547,107.35883331298828,180.50518798828125,178.48602294921875,0.9015823006629944,-1,-1,-1
722,-1,133.04864501953125,107.41686248779297,180.32183837890625,178.48841857910156,0.911166787147522,-1,-1,-1
723,-1,133.324951171875,107.59880065917969,180.860107421875,178.36776733398438,0.9151049256324768,-1,-1,-1
724,-1,133.37571716308594,107.56746673583984,180.71646118164062,178.51414489746094,0.9139914512634277,-1,-1,-1
725,-1,133.3404541015625,107.55072784423828,180.76455688476562,178.515380859375,0.9123911261558533,-1,-1,-1
726,-1,133.33956909179688,107.6284408569336,180.97531127929688,178.38735961914062,0.9142289757728577,-1,-1,-1
727,-1,133.31402587890625,107.66710662841797,180.9864044189453,178.38401794433594,0.923093855381012,-1,-1,-1
728,-1,133.3328857421875,107.55421447753906,180.7797393798828,178.39141845703125,0.9246472120285034,-1,-1,-1
729,-1,133.33270263671875,107.51396179199219,180.8673858642578,178.5542449951172,0.9372912049293518,-1,-1,-1
730,-1,133.48910522460938,107.57154846191406,180.85812377929688,178.39651489257812,0.9324370622634888,-1,-1,-1
731,-1,133.50772094726562,107.54096984863281,180.71836853027344,178.5691375732422,0.9401081800460815,-1,-1,-1
732,-1,133.42774963378906,107.57219696044922,180.74752807617188,178.5033416748047,0.9423177242279053,-1,-1,-1
733,-1,133.485107421875,107.64409637451172,180.75408935546875,178.4374237060547,0.9335989356040955,-1,-1,-1
734,-1,133.37355041503906,107.40966796875,180.6247100830078,178.66409301757812,0.9331892728805542,-1,-1,-1
735,-1,133.4570770263672,107.62854766845703,180.7484130859375,178.62667846679688,0.9288930296897888,-1,-1,-1
736,-1,133.44480895996094,107.60713195800781,180.73605346679688,178.8038787841797,0.9268231987953186,-1,-1,-1
737,-1,133.39109802246094,107.57209777832031,180.70712280273438,178.8390350341797,0.9290170073509216,-1,-1,-1
738,-1,133.70848083496094,108.09684753417969,180.5158233642578,178.3983917236328,0.9192025065422058,-1,-1,-1
739,-1,133.87574768066406,108.1666259765625,180.38636779785156,178.29425048828125,0.9240333437919617,-1,-1,-1
740,-1,133.8310089111328,108.16022491455078,180.5142059326172,178.2462921142578,0.9233351349830627,-1,-1,-1
741,-1,134.02696228027344,108.04143524169922,180.4881591796875,178.24859619140625,0.9358658790588379,-1,-1,-1
742,-1,134.00526428222656,108.0670166015625,180.63900756835938,178.3085479736328,0.9332303404808044,-1,-1,-1
743,-1,134.0546875,108.14704895019531,180.6625518798828,178.1624298095703,0.9409310817718506,-1,-1,-1
744,-1,134.21652221679688,108.2136459350586,180.6563720703125,178.0868377685547,0.9358583092689514,-1,-1,-1
745,-1,134.23678588867188,108.2745590209961,180.71221923828125,178.03265380859375,0.9316146969795227,-1,-1,-1
746,-1,134.21473693847656,108.26911163330078,180.74603271484375,177.99612426757812,0.9309127926826477,-1,-1,-1
747,-1,134.26853942871094,108.24803161621094,180.67100524902344,177.95872497558594,0.9327661395072937,-1,-1,-1
748,-1,134.2450408935547,108.50870513916016,180.782470703125,177.69207763671875,0.9126297831535339,-1,-1,-1
749,-1,134.22314453125,108.46468353271484,180.86154174804688,177.774169921875,0.9086186289787292,-1,-1,-1
750,-1,134.25784301757812,108.54114532470703,180.90939331054688,177.71437072753906,0.8911120891571045,-1,-1,-1
751,-1,134.18890380859375,108.31085205078125,180.8921661376953,177.6616973876953,0.9066896438598633,-1,-1,-1
752,-1,134.01914978027344,108.03211975097656,181.05918884277344,177.9300994873047,0.902451753616333,-1,-1,-1
753,-1,134.3594970703125,107.71470642089844,181.19606018066406,177.6265869140625,0.8928103446960449,-1,-1,-1
754,-1,134.36062622070312,107.5224609375,181.14886474609375,177.72705078125,0.8737218379974365,-1,-1,-1
755,-1,134.30203247070312,107.26966094970703,181.04124450683594,177.89004516601562,0.8694462776184082,-1,-1,-1
756,-1,134.158447265625,107.24781799316406,181.05923461914062,178.22669982910156,0.8515914082527161,-1,-1,-1
757,-1,134.12191772460938,107.2961196899414,181.1961669921875,178.33193969726562,0.8735124468803406,-1,-1,-1
758,-1,134.05238342285156,107.53485107421875,181.47714233398438,178.36636352539062,0.8656778335571289,-1,-1,-1
759,-1,134.1884307861328,108.15799713134766,181.6557159423828,177.73297119140625,0.8294963836669922,-1,-1,-1
760,-1,134.15838623046875,108.29487609863281,181.732666015625,177.51889038085938,0.824421763420105,-1,-1,-1
761,-1,134.1467742919922,108.15098571777344,181.76776123046875,177.5703125,0.830982506275177,-1,-1,-1
762,-1,134.4125213623047,107.97940826416016,181.5377655029297,177.6259002685547,0.8628692626953125,-1,-1,-1
763,-1,134.22601318359375,107.86673736572266,181.55084228515625,177.7364501953125,0.8679051399230957,-1,-1,-1
764,-1,134.17982482910156,107.91830444335938,181.59071350097656,177.6203155517578,0.8507081866264343,-1,-1,-1
765,-1,134.39019775390625,107.71719360351562,181.3223876953125,177.73519897460938,0.8601122498512268,-1,-1,-1
766,-1,134.24386596679688,108.01821899414062,181.6271209716797,177.32933044433594,0.9285404086112976,-1,-1,-1
767,-1,134.24032592773438,108.05192565917969,181.59414672851562,177.3009033203125,0.9293082356452942,-1,-1,-1
768,-1,134.3989715576172,107.99555206298828,181.42166137695312,177.5430145263672,0.9464853405952454,-1,-1,-1
769,-1,134.39187622070312,107.99571990966797,181.2635498046875,177.60336303710938,0.9373905062675476,-1,-1,-1
770,-1,134.3910675048828,108.07815551757812,181.31219482421875,177.64390563964844,0.9315912127494812,-1,-1,-1
771,-1,134.4474334716797,108.01539611816406,181.2230224609375,177.69134521484375,0.922435462474823,-1,-1,-1
772,-1,134.44017028808594,107.92737579345703,181.1288604736328,177.72705078125,0.9228466749191284,-1,-1,-1
773,-1,134.40013122558594,107.66907501220703,181.13543701171875,177.7763214111328,0.9148932695388794,-1,-1,-1
774,-1,134.2514190673828,107.6656265258789,181.12388610839844,177.74867248535156,0.9340955018997192,-1,-1,-1
775,-1,134.263671875,107.54022216796875,181.12985229492188,177.9107208251953,0.9366681575775146,-1,-1,-1
776,-1,134.1944580078125,107.53108215332031,181.17308044433594,177.8654327392578,0.9486100077629089,-1,-1,-1
777,-1,134.1291961669922,107.38863372802734,181.375244140625,177.92581176757812,0.9590098857879639,-1,-1,-1
778,-1,134.17742919921875,107.52046203613281,181.290283203125,177.69686889648438,0.9412441849708557,-1,-1,-1
779,-1,134.00302124023438,107.42363739013672,181.26397705078125,177.81094360351562,0.9480723738670349,-1,-1,-1
780,-1,133.95700073242188,107.47908020019531,181.36802673339844,177.91046142578125,0.9481570720672607,-1,-1,-1
781,-1,134.03672790527344,107.52703094482422,181.53929138183594,178.0959930419922,0.9580733180046082,-1,-1,-1
782,-1,133.989013671875,107.66326904296875,181.59274291992188,178.14987182617188,0.9552031755447388,-1,-1,-1
783,-1,134.04238891601562,107.84690856933594,181.76979064941406,178.31199645996094,0.9648605585098267,-1,-1,-1
784,-1,134.03189086914062,108.06072235107422,181.90899658203125,178.14443969726562,0.9640814065933228,-1,-1,-1
785,-1,133.86361694335938,107.92862701416016,182.12156677246094,178.3362274169922,0.9499348402023315,-1,-1,-1
786,-1,133.8167724609375,107.77611541748047,182.04270935058594,178.50140380859375,0.9573804140090942,-1,-1,-1
787,-1,133.82354736328125,107.99749755859375,182.12136840820312,178.38519287109375,0.9673862457275391,-1,-1,-1
788,-1,133.81405639648438,108.4527359008789,182.53746032714844,178.17564392089844,0.9571576118469238,-1,-1,-1
789,-1,133.70103454589844,108.64877319335938,182.67713928222656,177.91738891601562,0.9631003141403198,-1,-1,-1
790,-1,133.5198974609375,108.75260162353516,182.8324737548828,177.82437133789062,0.963909924030304,-1,-1,-1
791,-1,133.5792694091797,108.9007339477539,182.9702606201172,177.77806091308594,0.9724986553192139,-1,-1,-1
792,-1,133.44212341308594,109.3438720703125,183.52886962890625,177.6368865966797,0.9628651142120361,-1,-1,-1
793,-1,133.65777587890625,111.8963851928711,183.53392028808594,179.83212280273438,0.9568037986755371,-1,-1,-1
794,-1,133.6147918701172,112.203369140625,183.66868591308594,179.42893981933594,0.9583840370178223,-1,-1,-1
795,-1,133.57606506347656,112.24337768554688,183.73989868164062,179.4903106689453,0.9502942562103271,-1,-1,-1
796,-1,133.62982177734375,112.2900619506836,183.9716796875,179.5122528076172,0.9365971088409424,-1,-1,-1
797,-1,133.62173461914062,112.69367218017578,183.93043518066406,179.02996826171875,0.8942103385925293,-1,-1,-1
798,-1,133.21038818359375,113.00941467285156,184.3879852294922,178.7970428466797,0.8968087434768677,-1,-1,-1
799,-1,133.0533447265625,113.041748046875,184.55885314941406,178.81771850585938,0.8910766243934631,-1,-1,-1
800,-1,133.0797882080078,113.13640594482422,184.63742065429688,178.65673828125,0.9005932211875916,-1,-1,-1
801,-1,133.11781311035156,112.9348373413086,184.70274353027344,178.99212646484375,0.8714505434036255,-1,-1,-1
802,-1,135.13327026367188,111.62457275390625,187.61441040039062,180.24635314941406,0.8440552353858948,-1,-1,-1
803,-1,135.36102294921875,111.69217681884766,187.3712158203125,180.08480834960938,0.8600477576255798,-1,-1,-1
804,-1,134.6988067626953,110.01879119873047,187.93505859375,176.5683135986328,0.8645439743995667,-1,-1,-1
805,-1,135.1983184814453,111.73976135253906,187.6673583984375,180.1390380859375,0.9327506422996521,-1,-1,-1
806,-1,135.31996154785156,111.8549575805664,187.80030822753906,180.1987762451172,0.9602673649787903,-1,-1,-1
807,-1,135.11976623535156,111.65480041503906,187.88485717773438,180.6684112548828,0.9423183798789978,-1,-1,-1
808,-1,135.02854919433594,111.74462127685547,187.85702514648438,180.4677276611328,0.8789105415344238,-1,-1,-1
809,-1,134.96095275878906,112.0300064086914,187.9405517578125,179.98512268066406,0.9284295439720154,-1,-1,-1
810,-1,135.15626525878906,112.41404724121094,187.63406372070312,179.53512573242188,0.9248877167701721,-1,-1,-1
811,-1,135.04647827148438,112.55087280273438,187.68003845214844,179.799072265625,0.7872508764266968,-1,-1,-1
812,-1,135.2245635986328,112.73489379882812,187.31202697753906,179.62635803222656,0.8908569812774658,-1,-1,-1
813,-1,135.33189392089844,113.61809539794922,187.318115234375,180.2470703125,0.6138089895248413,-1,-1,-1
814,-1,135.20028686523438,113.23526000976562,187.48373413085938,179.8381805419922,0.8219326734542847,-1,-1,-1
814,-1,132.8439483642578,114.93455505371094,185.19122314453125,179.739990234375,0.5015144348144531,-1,-1,-1
815,-1,134.96240234375,113.18878936767578,187.7597198486328,180.34500122070312,0.6171296834945679,-1,-1,-1
816,-1,134.93280029296875,113.20013427734375,187.89442443847656,180.31198120117188,0.6078070402145386,-1,-1,-1
817,-1,133.40684509277344,116.2631607055664,184.4822540283203,179.33741760253906,0.5701687335968018,-1,-1,-1
817,-1,134.83889770507812,113.55725860595703,187.92312622070312,180.093994140625,0.5496435165405273,-1,-1,-1
818,-1,134.8355255126953,114.08392333984375,187.92367553710938,179.90090942382812,0.6604782342910767,-1,-1,-1
819,-1,133.19309997558594,117.15604400634766,184.32130432128906,179.92626953125,0.5143570899963379,-1,-1,-1
824,-1,133.87591552734375,115.42888641357422,188.197021484375,180.43048095703125,0.6120303869247437,-1,-1,-1
825,-1,133.772705078125,116.28665924072266,188.2432403564453,180.43736267089844,0.6945565342903137,-1,-1,-1
826,-1,134.1573486328125,117.2066879272461,188.05357360839844,180.3708953857422,0.5746836066246033,-1,-1,-1
828,-1,132.69430541992188,119.72882843017578,184.1789093017578,182.1978302001953,0.7625517845153809,-1,-1,-1
829,-1,132.72171020507812,119.98877716064453,184.06507873535156,183.2296905517578,0.5988675355911255,-1,-1,-1
837,-1,132.14488220214844,125.628662109375,182.64955139160156,175.32839965820312,0.9041901230812073,-1,-1,-1
873,-1,131.35031127929688,137.19302368164062,174.73004150390625,173.62832641601562,0.525779664516449,-1,-1,-1
881,-1,131.17236328125,136.59902954101562,175.45494079589844,174.1675262451172,0.5799673199653625,-1,-1,-1
885,-1,131.23544311523438,136.58033752441406,176.4666748046875,173.68173217773438,0.5892361998558044,-1,-1,-1
912,-1,133.17599487304688,127.34321594238281,182.76644897460938,175.63983154296875,0.7024412155151367,-1,-1,-1
913,-1,132.6186065673828,121.4158935546875,183.66146850585938,182.63719177246094,0.6875856518745422,-1,-1,-1
953,-1,151.41259765625,116.61714935302734,203.3975067138672,181.16009521484375,0.7608792185783386,-1,-1,-1
954,-1,150.7296600341797,117.01823425292969,202.30043029785156,181.1278839111328,0.7648373246192932,-1,-1,-1
955,-1,150.9801025390625,117.00210571289062,203.6632080078125,181.08084106445312,0.823453426361084,-1,-1,-1
956,-1,149.787353515625,116.32589721679688,203.31361389160156,181.44302368164062,0.738950252532959,-1,-1,-1
957,-1,151.5934600830078,115.84253692626953,204.44180297851562,181.63772583007812,0.6496845483779907,-1,-1,-1
959,-1,153.27879333496094,116.36012268066406,207.93295288085938,182.71066284179688,0.6729699373245239,-1,-1,-1
960,-1,143.78445434570312,113.0419692993164,209.89654541015625,186.10594177246094,0.8764651417732239,-1,-1,-1
979,-1,163.2224884033203,116.23577117919922,242.5660400390625,190.24398803710938,0.5674858093261719,-1,-1,-1
980,-1,163.3029327392578,116.03927612304688,241.73789978027344,191.44485473632812,0.8445982933044434,-1,-1,-1
981,-1,163.6042938232422,114.75871276855469,245.9215545654297,190.61575317382812,0.5591986775398254,-1,-1,-1
984,-1,160.78443908691406,128.6758270263672,249.44827270507812,200.12478637695312,0.5739561915397644,-1,-1,-1
985,-1,160.15139770507812,130.70376586914062,248.86038208007812,198.72930908203125,0.5918765068054199,-1,-1,-1
986,-1,202.69105529785156,127.25244903564453,246.84671020507812,197.3738250732422,0.7608350515365601,-1,-1,-1
987,-1,201.51498413085938,127.16228485107422,248.53717041015625,196.86390686035156,0.546464204788208,-1,-1,-1
989,-1,200.07611083984375,130.63658142089844,250.85829162597656,195.73069763183594,0.9052717685699463,-1,-1,-1
990,-1,200.52513122558594,130.11854553222656,251.3836669921875,195.20794677734375,0.9189339280128479,-1,-1,-1
993,-1,206.57418823242188,134.3642120361328,254.02468872070312,197.72073364257812,0.5538261532783508,-1,-1,-1
998,-1,185.852783203125,129.20127868652344,275.3629455566406,198.80320739746094,0.8075821399688721,-1,-1,-1
999,-1,184.94781494140625,129.6511688232422,277.9217224121094,200.7066192626953,0.725645124912262,-1,-1,-1
1000,-1,183.0945587158203,129.43630981445312,281.2185363769531,202.25173950195312,0.9114804267883301,-1,-1,-1
1001,-1,183.1761016845703,128.96807861328125,279.02496337890625,204.7027587890625,0.8192119598388672,-1,-1,-1
1002,-1,185.23312377929688,129.2639617919922,278.47698974609375,204.30776977539062,0.7716540694236755,-1,-1,-1
1003,-1,186.29042053222656,132.01385498046875,276.7266540527344,204.2677459716797,0.8362518548965454,-1,-1,-1
1004,-1,189.8058319091797,133.81805419921875,279.0909729003906,202.91783142089844,0.796309769153595,-1,-1,-1
1008,-1,209.6253662109375,136.70468139648438,294.0132751464844,201.3123779296875,0.5799171328544617,-1,-1,-1
1014,-1,226.12841796875,138.6150665283203,308.56134033203125,201.44268798828125,0.7280980944633484,-1,-1,-1
1015,-1,224.10353088378906,136.49574279785156,307.310546875,200.92872619628906,0.6125898957252502,-1,-1,-1
1023,-1,230.51107788085938,136.08865356445312,318.4845275878906,202.04006958007812,0.5280910730361938,-1,-1,-1
1024,-1,231.14300537109375,138.0872039794922,319.4342041015625,202.1947784423828,0.5609878301620483,-1,-1,-1
1025,-1,230.71633911132812,137.6611785888672,319.3883972167969,200.76026916503906,0.6224261522293091,-1,-1,-1
1026,-1,231.90147399902344,135.73696899414062,320.4766845703125,200.8385772705078,0.7177522778511047,-1,-1,-1
1027,-1,232.135009765625,140.2034912109375,320.5738830566406,199.86764526367188,0.6484492421150208,-1,-1,-1
1029,-1,233.73049926757812,136.6387939453125,319.5313415527344,199.59701538085938,0.5171908140182495,-1,-1,-1
