3,-1,190.0052032470703,61.64078903198242,318.8207092285156,219.07456970214844,0.5688539743423462,-1,-1,-1
4,-1,190.27621459960938,61.47211837768555,318.77545166015625,218.9873046875,0.5702375173568726,-1,-1,-1
5,-1,190.94740295410156,60.81901931762695,318.6068115234375,219.9240264892578,0.5134153962135315,-1,-1,-1
9,-1,191.2478790283203,58.943199157714844,318.4695739746094,221.14697265625,0.5972903370857239,-1,-1,-1
10,-1,189.55776977539062,39.662960052490234,322.9336242675781,211.4899139404297,0.5410890579223633,-1,-1,-1
11,-1,189.6470947265625,61.72511291503906,317.5066833496094,220.78155517578125,0.688694179058075,-1,-1,-1
12,-1,188.5696563720703,65.97896575927734,287.4306640625,222.81288146972656,0.7171489000320435,-1,-1,-1
13,-1,192.7606201171875,63.008113861083984,316.6961364746094,221.2835693359375,0.6422467827796936,-1,-1,-1
14,-1,190.90415954589844,64.53055572509766,280.7548828125,223.43609619140625,0.6340591311454773,-1,-1,-1
14,-1,240.32583618164062,61.66041564941406,321.7162780761719,221.95484924316406,0.6133387088775635,-1,-1,-1
15,-1,190.2555694580078,65.88440704345703,283.2386474609375,223.76564025878906,0.6558804512023926,-1,-1,-1
16,-1,190.0299835205078,66.4656982421875,282.3891906738281,223.936767578125,0.7070968151092529,-1,-1,-1
16,-1,238.87808227539062,62.65785598754883,321.7300720214844,221.97186279296875,0.5127572417259216,-1,-1,-1
17,-1,190.82150268554688,62.83088302612305,316.8695983886719,221.23568725585938,0.6767165660858154,-1,-1,-1
18,-1,189.46859741210938,64.77337646484375,287.96942138671875,224.31646728515625,0.7125215530395508,-1,-1,-1
19,-1,189.96934509277344,64.6748275756836,284.6056823730469,224.3621826171875,0.7772151827812195,-1,-1,-1
20,-1,190.40086364746094,61.85811996459961,286.3989562988281,224.6087646484375,0.690675675868988,-1,-1,-1
21,-1,190.47035217285156,62.52425765991211,285.3753967285156,224.8425750732422,0.7252676486968994,-1,-1,-1
22,-1,190.3846893310547,63.25394821166992,286.0470275878906,224.60726928710938,0.7130163908004761,-1,-1,-1
22,-1,241.89077758789062,61.78412628173828,321.5808410644531,223.45510864257812,0.5070762038230896,-1,-1,-1
23,-1,190.11715698242188,62.587646484375,317.2540283203125,222.54019165039062,0.7256826162338257,-1,-1,-1
24,-1,190.48748779296875,62.25785446166992,318.0531005859375,221.70179748535156,0.6627261638641357,-1,-1,-1
25,-1,190.63015747070312,68.2528076171875,286.384033203125,221.44142150878906,0.5444386601448059,-1,-1,-1
30,-1,192.1835479736328,65.73678588867188,319.5299987792969,221.4243927001953,0.6712839603424072,-1,-1,-1
31,-1,192.06564331054688,63.78359603881836,320.56591796875,222.07911682128906,0.6658291816711426,-1,-1,-1
32,-1,191.40061950683594,64.5630111694336,320.34197998046875,221.13262939453125,0.6528010964393616,-1,-1,-1
33,-1,192.1643829345703,65.10675811767578,320.80377197265625,220.2080078125,0.5831835865974426,-1,-1,-1
34,-1,192.21981811523438,65.11085510253906,320.7428283691406,220.23269653320312,0.5880302786827087,-1,-1,-1
35,-1,239.6454620361328,61.33994674682617,322.6258850097656,221.59706115722656,0.6076328754425049,-1,-1,-1
36,-1,192.15650939941406,64.5947265625,321.94647216796875,221.38458251953125,0.6762005686759949,-1,-1,-1
37,-1,192.39505004882812,64.10938262939453,319.938232421875,222.0355987548828,0.6603466868400574,-1,-1,-1
38,-1,192.15440368652344,64.79417419433594,319.7158203125,222.24156188964844,0.7323874235153198,-1,-1,-1
39,-1,192.1971435546875,65.52154541015625,319.7399597167969,222.4352569580078,0.7405333518981934,-1,-1,-1
40,-1,192.42724609375,65.65326690673828,319.7059020996094,221.92152404785156,0.7166648507118225,-1,-1,-1
41,-1,192.4531707763672,64.13497924804688,320.0008544921875,222.39501953125,0.7070627808570862,-1,-1,-1
42,-1,192.16078186035156,64.34457397460938,319.74102783203125,222.18482971191406,0.6917562484741211,-1,-1,-1
43,-1,242.06430053710938,59.18466567993164,321.5752868652344,225.01063537597656,0.7521935701370239,-1,-1,-1
44,-1,242.72911071777344,58.53095245361328,321.5341796875,225.30319213867188,0.7533908486366272,-1,-1,-1
45,-1,241.59912109375,56.216068267822266,320.949951171875,227.25656127929688,0.7138305902481079,-1,-1,-1
46,-1,189.99940490722656,61.653419494628906,321.8955993652344,222.51953125,0.7395291328430176,-1,-1,-1
47,-1,241.736572265625,57.001617431640625,321.42083740234375,226.61085510253906,0.7289350032806396,-1,-1,-1
48,-1,242.5316619873047,57.06238555908203,321.7886962890625,225.88427734375,0.6480712294578552,-1,-1,-1
49,-1,191.07220458984375,60.44342803955078,318.4152526855469,222.77357482910156,0.6153693795204163,-1,-1,-1
50,-1,191.23170471191406,62.13332748413086,318.06756591796875,222.33628845214844,0.6417489051818848,-1,-1,-1
51,-1,192.0075225830078,62.20160675048828,318.8431091308594,221.55003356933594,0.6639713644981384,-1,-1,-1
52,-1,191.90631103515625,62.750946044921875,318.6522216796875,221.21957397460938,0.6470689177513123,-1,-1,-1
53,-1,190.93841552734375,65.72284698486328,318.5083312988281,219.1637420654297,0.6559423804283142,-1,-1,-1
54,-1,190.89430236816406,66.01323699951172,319.839111328125,219.49755859375,0.5550521016120911,-1,-1,-1
55,-1,191.5902557373047,66.69095611572266,318.0279541015625,218.40310668945312,0.5397212505340576,-1,-1,-1
77,-1,194.43260192871094,70.82837677001953,317.7817077636719,219.9139862060547,0.5162850618362427,-1,-1,-1
78,-1,190.7681121826172,70.42494201660156,320.7565002441406,222.85487365722656,0.6681694984436035,-1,-1,-1
79,-1,191.82289123535156,70.79388427734375,321.0528259277344,221.37667846679688,0.5742683410644531,-1,-1,-1
80,-1,191.604736328125,71.9804458618164,319.65545654296875,220.1217041015625,0.5690315961837769,-1,-1,-1
82,-1,191.23077392578125,67.96548461914062,321.0260314941406,220.93084716796875,0.5083224773406982,-1,-1,-1
84,-1,188.0386199951172,68.5229263305664,321.04864501953125,219.2938690185547,0.5062782168388367,-1,-1,-1
85,-1,187.4107666015625,68.6328353881836,316.33416748046875,219.40078735351562,0.7302631735801697,-1,-1,-1
86,-1,189.5404052734375,70.1679916381836,316.224365234375,217.86846923828125,0.5071231126785278,-1,-1,-1
87,-1,187.44244384765625,71.46504211425781,293.1427307128906,221.50048828125,0.7421818971633911,-1,-1,-1
88,-1,187.5736846923828,71.63410186767578,293.2617492675781,221.4963836669922,0.7763314843177795,-1,-1,-1
89,-1,187.17282104492188,73.55722045898438,293.6099853515625,220.31121826171875,0.6491045951843262,-1,-1,-1
90,-1,188.7327880859375,67.38558197021484,318.49578857421875,222.929443359375,0.6973167061805725,-1,-1,-1
91,-1,187.4227752685547,66.17913055419922,320.8106994628906,221.8958740234375,0.5533382296562195,-1,-1,-1
92,-1,186.8164825439453,68.4775390625,290.8710021972656,223.45169067382812,0.7133910059928894,-1,-1,-1
93,-1,188.88978576660156,62.888275146484375,321.3339538574219,223.10006713867188,0.5334365963935852,-1,-1,-1
94,-1,188.9234619140625,64.00599670410156,321.2276916503906,223.08892822265625,0.5663596987724304,-1,-1,-1
95,-1,188.67835998535156,61.86517333984375,320.9304504394531,223.4875946044922,0.6718811392784119,-1,-1,-1
96,-1,185.35794067382812,63.562259674072266,290.14208984375,224.44622802734375,0.7584239840507507,-1,-1,-1
114,-1,188.62142944335938,65.85880279541016,319.1177673339844,218.09979248046875,0.6227976679801941,-1,-1,-1
116,-1,190.7874755859375,66.40916442871094,283.3534851074219,220.58383178710938,0.5529763698577881,-1,-1,-1
117,-1,190.4222869873047,56.67127227783203,286.52996826171875,221.52175903320312,0.6037191152572632,-1,-1,-1
118,-1,190.37384033203125,55.576656341552734,286.27001953125,222.8500518798828,0.5492150783538818,-1,-1,-1
119,-1,190.16152954101562,55.30150604248047,286.5225524902344,222.84315490722656,0.5357314348220825,-1,-1,-1
120,-1,188.95713806152344,56.416175842285156,319.85943603515625,221.1444091796875,0.702182412147522,-1,-1,-1
121,-1,188.98599243164062,60.15681457519531,319.3507995605469,219.55722045898438,0.7528541088104248,-1,-1,-1
122,-1,190.40853881835938,63.0838737487793,319.1540222167969,217.67991638183594,0.6188639402389526,-1,-1,-1
126,-1,191.42202758789062,60.971187591552734,318.10406494140625,218.95895385742188,0.5547879338264465,-1,-1,-1
127,-1,192.85362243652344,62.17544174194336,316.15283203125,218.02503967285156,0.6101789474487305,-1,-1,-1
134,-1,191.41725158691406,61.72970199584961,318.9501647949219,218.93780517578125,0.6060671806335449,-1,-1,-1
139,-1,195.2003631591797,27.837759017944336,322.9664611816406,214.10972595214844,0.5400657057762146,-1,-1,-1
142,-1,195.06072998046875,31.767074584960938,323.5953063964844,211.07933044433594,0.5009086728096008,-1,-1,-1
144,-1,194.18316650390625,29.345773696899414,324.546875,213.0017852783203,0.6144564151763916,-1,-1,-1
152,-1,191.36898803710938,35.16963195800781,321.5338439941406,210.68894958496094,0.522828221321106,-1,-1,-1
153,-1,190.208251953125,56.63632583618164,319.48046875,222.42898559570312,0.712480366230011,-1,-1,-1
154,-1,189.4325408935547,39.436851501464844,322.3968811035156,209.2480010986328,0.6218811273574829,-1,-1,-1
155,-1,189.6283721923828,39.39130401611328,322.2793273925781,209.13658142089844,0.6188424825668335,-1,-1,-1
156,-1,188.7721405029297,40.05885314941406,321.8459777832031,208.66062927246094,0.6762928366661072,-1,-1,-1
157,-1,188.51454162597656,34.42362976074219,321.0675048828125,213.74281311035156,0.8217234015464783,-1,-1,-1
158,-1,189.5924072265625,36.84718322753906,321.139404296875,213.2972412109375,0.7846402525901794,-1,-1,-1
159,-1,189.6887969970703,35.187347412109375,322.03802490234375,216.5972900390625,0.7359074950218201,-1,-1,-1
160,-1,189.95236206054688,55.74915313720703,318.96929931640625,222.0977783203125,0.7245147228240967,-1,-1,-1
161,-1,189.3156280517578,55.86260223388672,318.4149475097656,221.95631408691406,0.7862202525138855,-1,-1,-1
162,-1,189.5848846435547,57.004661560058594,320.8665466308594,221.33226013183594,0.7933000326156616,-1,-1,-1
163,-1,189.3345489501953,57.46139907836914,280.5163879394531,222.74534606933594,0.5718703269958496,-1,-1,-1
164,-1,202.17214965820312,67.51213836669922,320.4072570800781,222.16500854492188,0.711538553237915,-1,-1,-1
165,-1,196.1188507080078,71.34062194824219,322.68756103515625,220.74356079101562,0.7280623316764832,-1,-1,-1
176,-1,71.30814361572266,114.68171691894531,244.68234252929688,228.53199768066406,0.6517520546913147,-1,-1,-1
177,-1,57.29880905151367,132.1727294921875,206.44122314453125,236.3401641845703,0.8781105279922485,-1,-1,-1
190,-1,192.91220092773438,33.45810317993164,321.80413818359375,211.51658630371094,0.5037550926208496,-1,-1,-1
193,-1,196.58596801757812,26.96808433532715,320.020263671875,221.14772033691406,0.7628748416900635,-1,-1,-1
195,-1,196.60177612304688,33.885765075683594,318.469970703125,214.81307983398438,0.6513950228691101,-1,-1,-1
201,-1,193.5726318359375,31.707183837890625,322.636962890625,218.85409545898438,0.586956799030304,-1,-1,-1
202,-1,193.40936279296875,31.695356369018555,323.1602478027344,220.36753845214844,0.624407947063446,-1,-1,-1
203,-1,194.99356079101562,32.02843475341797,321.9156494140625,219.48638916015625,0.6015007495880127,-1,-1,-1
204,-1,196.12655639648438,29.91180419921875,322.5628967285156,219.79107666015625,0.6583333611488342,-1,-1,-1
217,-1,193.38758850097656,22.743928909301758,323.73822021484375,223.1619110107422,0.6076210737228394,-1,-1,-1
218,-1,191.68984985351562,63.697906494140625,325.5989074707031,225.6229248046875,0.7354927659034729,-1,-1,-1
219,-1,193.18096923828125,62.48801803588867,324.0386962890625,226.61166381835938,0.7954822182655334,-1,-1,-1
220,-1,194.31790161132812,69.1380615234375,321.1697998046875,221.69476318359375,0.6413151621818542,-1,-1,-1
221,-1,194.64674377441406,69.60941314697266,321.14813232421875,221.33935546875,0.6277820467948914,-1,-1,-1
222,-1,195.37509155273438,71.0855712890625,323.0168151855469,223.23928833007812,0.7584690451622009,-1,-1,-1
230,-1,197.53811645507812,70.67706298828125,314.4634704589844,224.49224853515625,0.6103019118309021,-1,-1,-1
231,-1,194.3121337890625,72.08179473876953,316.5391845703125,223.25650024414062,0.5938584804534912,-1,-1,-1
234,-1,194.9901123046875,67.2090072631836,317.3410949707031,222.60047912597656,0.6612151265144348,-1,-1,-1
235,-1,192.45896911621094,67.25853729248047,320.4989013671875,222.88714599609375,0.5550552010536194,-1,-1,-1
243,-1,202.0474090576172,106.65978240966797,318.413818359375,228.83511352539062,0.5216553807258606,-1,-1,-1
244,-1,199.08172607421875,101.15422058105469,317.9815368652344,225.37767028808594,0.5686110258102417,-1,-1,-1
245,-1,199.55055236816406,101.11710357666016,317.5896911621094,225.80178833007812,0.5906520485877991,-1,-1,-1
253,-1,163.31748962402344,92.52027893066406,305.6988830566406,230.89825439453125,0.6943871974945068,-1,-1,-1
254,-1,167.83465576171875,94.55421447753906,303.14862060546875,230.9973602294922,0.7575064897537231,-1,-1,-1
255,-1,174.08250427246094,98.2470474243164,294.65283203125,225.9202423095703,0.7235483527183533,-1,-1,-1
256,-1,168.34796142578125,95.94068908691406,291.7251281738281,230.21780395507812,0.8966270685195923,-1,-1,-1
257,-1,168.2524871826172,96.1090316772461,293.49920654296875,230.38021850585938,0.878454327583313,-1,-1,-1
258,-1,166.35433959960938,92.3013916015625,288.44140625,230.7720947265625,0.9044807553291321,-1,-1,-1
259,-1,161.4320526123047,92.51203918457031,270.5909118652344,230.43910217285156,0.7009857296943665,-1,-1,-1
260,-1,160.33447265625,92.01221466064453,262.642333984375,231.92196655273438,0.7527886629104614,-1,-1,-1
261,-1,153.50936889648438,72.69428253173828,314.3096618652344,229.954833984375,0.524970531463623,-1,-1,-1
262,-1,152.8465576171875,72.29049682617188,313.9950256347656,227.64137268066406,0.6375314593315125,-1,-1,-1
263,-1,152.83465576171875,72.26416015625,314.201904296875,227.61647033691406,0.6298556923866272,-1,-1,-1
264,-1,150.335205078125,68.04889678955078,318.7157897949219,229.97695922851562,0.797015368938446,-1,-1,-1
268,-1,142.27886962890625,67.2339096069336,320.57672119140625,229.463623046875,0.716439962387085,-1,-1,-1
269,-1,142.02256774902344,67.3956069946289,320.9591064453125,229.3184051513672,0.7369526624679565,-1,-1,-1
270,-1,132.146484375,91.26051330566406,295.0582580566406,234.98797607421875,0.5363665819168091,-1,-1,-1
271,-1,123.09815979003906,89.82318878173828,297.1835021972656,235.60101318359375,0.6817483901977539,-1,-1,-1
272,-1,115.37748718261719,90.13162231445312,301.79400634765625,234.4518280029297,0.7951856851577759,-1,-1,-1
273,-1,120.7611083984375,91.95879364013672,298.2934875488281,231.6583251953125,0.5752080082893372,-1,-1,-1
274,-1,114.45022583007812,94.22821807861328,253.08663940429688,230.87303161621094,0.891137957572937,-1,-1,-1
275,-1,114.9752426147461,94.23332977294922,252.7884063720703,230.5762481689453,0.8828475475311279,-1,-1,-1
276,-1,112.89165496826172,93.24772644042969,254.8861541748047,231.72560119628906,0.8511807322502136,-1,-1,-1
278,-1,124.54280853271484,93.4485092163086,249.86070251464844,231.70562744140625,0.639261782169342,-1,-1,-1
284,-1,122.977294921875,113.04922485351562,254.43533325195312,232.47703552246094,0.7305511832237244,-1,-1,-1
285,-1,131.13906860351562,139.1324005126953,229.07879638671875,231.66278076171875,0.6239654421806335,-1,-1,-1
286,-1,124.41069793701172,112.57064056396484,233.73526000976562,232.96087646484375,0.7086794972419739,-1,-1,-1
287,-1,123.62715911865234,112.54751586914062,234.9449462890625,232.50205993652344,0.7217472195625305,-1,-1,-1
288,-1,110.07538604736328,116.38672637939453,210.98768615722656,232.54629516601562,0.9445971846580505,-1,-1,-1
289,-1,96.03148651123047,112.34882354736328,209.74205017089844,230.00872802734375,0.9078254699707031,-1,-1,-1
290,-1,90.88951873779297,123.32463836669922,184.45413208007812,231.01596069335938,0.941781759262085,-1,-1,-1
291,-1,80.09507751464844,124.20471954345703,172.0370330810547,228.388671875,0.8040433526039124,-1,-1,-1
382,-1,235.61537170410156,104.5457534790039,288.4854431152344,130.6344757080078,0.5075156688690186,-1,-1,-1
397,-1,236.02154541015625,104.69214630126953,288.1012878417969,130.1979217529297,0.5644554495811462,-1,-1,-1
407,-1,297.8216552734375,82.39652252197266,320.64776611328125,145.28363037109375,0.5414324402809143,-1,-1,-1
408,-1,297.714111328125,82.05431365966797,320.7409973144531,145.2532196044922,0.5128633379936218,-1,-1,-1
431,-1,154.87615966796875,100.55747985839844,274.42315673828125,227.42840576171875,0.5996425747871399,-1,-1,-1
432,-1,154.87046813964844,100.49862670898438,274.6402282714844,227.28871154785156,0.5703313946723938,-1,-1,-1
478,-1,149.97100830078125,102.78980255126953,314.7013244628906,232.2532958984375,0.7908158898353577,-1,-1,-1
479,-1,143.47589111328125,98.98829650878906,318.76708984375,232.23936462402344,0.8400373458862305,-1,-1,-1
480,-1,143.4564208984375,99.03336334228516,318.73291015625,232.4204864501953,0.8496766090393066,-1,-1,-1
481,-1,142.55630493164062,96.6241683959961,316.7790832519531,231.8309783935547,0.8341020941734314,-1,-1,-1
482,-1,142.44265747070312,93.18059539794922,316.5716552734375,232.05978393554688,0.7941449284553528,-1,-1,-1
483,-1,145.00975036621094,92.62809753417969,312.7521057128906,232.75030517578125,0.8396486043930054,-1,-1,-1
484,-1,148.25086975097656,92.64028930664062,311.251953125,233.6298065185547,0.9297878742218018,-1,-1,-1
485,-1,153.6429443359375,92.6307144165039,309.6947326660156,232.18173217773438,0.9409890174865723,-1,-1,-1
486,-1,153.58380126953125,92.46196746826172,310.8724670410156,232.68299865722656,0.934594988822937,-1,-1,-1
487,-1,161.1461181640625,92.71277618408203,308.98236083984375,233.51609802246094,0.9338411092758179,-1,-1,-1
491,-1,182.83953857421875,69.4854736328125,324.3294677734375,221.75267028808594,0.6517419815063477,-1,-1,-1
492,-1,182.8553466796875,70.02912902832031,324.3403625488281,221.6208953857422,0.6428842544555664,-1,-1,-1
493,-1,183.6562957763672,71.36461639404297,323.7793273925781,221.6510467529297,0.5552164912223816,-1,-1,-1
494,-1,194.04315185546875,63.46721649169922,317.66864013671875,228.24551391601562,0.5251771807670593,-1,-1,-1
498,-1,200.63180541992188,63.444358825683594,319.6304626464844,225.54873657226562,0.8067505359649658,-1,-1,-1
499,-1,199.78146362304688,62.10752868652344,319.5744934082031,226.27914428710938,0.8290107846260071,-1,-1,-1
500,-1,204.07818603515625,62.19343948364258,318.9708251953125,228.1012420654297,0.7831414341926575,-1,-1,-1
501,-1,208.06443786621094,62.723201751708984,318.8188781738281,225.05105590820312,0.5536618232727051,-1,-1,-1
502,-1,210.4426727294922,65.51004791259766,321.67364501953125,223.568115234375,0.6624556183815002,-1,-1,-1
503,-1,213.372802734375,67.96849060058594,319.77496337890625,222.19212341308594,0.7171127200126648,-1,-1,-1
554,-1,200.33328247070312,108.95244598388672,319.755126953125,228.68788146972656,0.5208510160446167,-1,-1,-1
555,-1,197.72030639648438,107.62957763671875,319.36383056640625,228.41232299804688,0.5994672179222107,-1,-1,-1
556,-1,195.80899047851562,107.33768463134766,319.0688781738281,227.9888916015625,0.5365838408470154,-1,-1,-1
557,-1,194.90882873535156,105.19200134277344,318.0475158691406,227.7320098876953,0.5947853922843933,-1,-1,-1
561,-1,196.0183563232422,105.92838287353516,318.28900146484375,227.70545959472656,0.6684604287147522,-1,-1,-1
562,-1,199.76519775390625,107.62432098388672,319.8609619140625,227.41256713867188,0.5697444677352905,-1,-1,-1
563,-1,201.78025817871094,108.01323699951172,320.6238098144531,227.4363250732422,0.5840831398963928,-1,-1,-1
568,-1,211.64654541015625,70.301513671875,318.8017578125,224.05357360839844,0.5281882286071777,-1,-1,-1
569,-1,211.35824584960938,69.3801498413086,319.3805236816406,224.37355041503906,0.5749050378799438,-1,-1,-1
570,-1,210.57565307617188,68.77781677246094,318.8581237792969,224.2811737060547,0.6133309006690979,-1,-1,-1
669,-1,66.53839111328125,100.49983215332031,186.2802276611328,230.0845489501953,0.9381821751594543,-1,-1,-1
670,-1,72.1447525024414,107.56126403808594,182.1941375732422,228.49375915527344,0.6595149040222168,-1,-1,-1
671,-1,72.5711898803711,115.4705810546875,182.90467834472656,228.84930419921875,0.7712571620941162,-1,-1,-1
672,-1,75.70819091796875,105.80313110351562,184.48611450195312,230.34414672851562,0.7749078273773193,-1,-1,-1
672,-1,12.149236679077148,17.07266616821289,310.7638244628906,184.30499267578125,0.5006972551345825,-1,-1,-1
675,-1,79.64196014404297,96.8315200805664,185.27589416503906,230.13230895996094,0.5103006362915039,-1,-1,-1
681,-1,76.33027648925781,74.92337036132812,179.58352661132812,227.71676635742188,0.9496554136276245,-1,-1,-1
682,-1,79.12728881835938,74.61520385742188,175.96774291992188,228.11279296875,0.9292919039726257,-1,-1,-1
683,-1,78.7681655883789,75.68855285644531,175.64300537109375,229.4195098876953,0.9768858551979065,-1,-1,-1
684,-1,78.8871078491211,76.90267944335938,174.2131805419922,230.57464599609375,0.964564859867096,-1,-1,-1
685,-1,78.99689483642578,72.32671356201172,175.374267578125,231.05471801757812,0.9955859184265137,-1,-1,-1
686,-1,78.59032440185547,73.51017761230469,175.6808624267578,231.23419189453125,0.9952518939971924,-1,-1,-1
687,-1,79.53974914550781,75.34207916259766,174.49288940429688,230.61663818359375,0.9962349534034729,-1,-1,-1
688,-1,79.8980712890625,76.85070037841797,173.77235412597656,231.90011596679688,0.9961593747138977,-1,-1,-1
689,-1,79.46209716796875,76.26386260986328,174.4131317138672,231.39051818847656,0.9951542615890503,-1,-1,-1
690,-1,79.09064483642578,73.74706268310547,174.99473571777344,231.2939910888672,0.997028648853302,-1,-1,-1
691,-1,78.52098083496094,73.19731140136719,175.5302734375,231.6909637451172,0.997377872467041,-1,-1,-1
692,-1,78.51782989501953,74.3041763305664,175.26510620117188,231.2787628173828,0.9971325397491455,-1,-1,-1
693,-1,79.05072784423828,75.16963195800781,174.84259033203125,231.78990173339844,0.9951309561729431,-1,-1,-1
694,-1,79.4123306274414,75.37052917480469,175.3400421142578,231.99313354492188,0.9940789341926575,-1,-1,-1
695,-1,79.41960144042969,75.77359771728516,174.97938537597656,231.77328491210938,0.9934686422348022,-1,-1,-1
696,-1,79.3795166015625,76.06366729736328,175.1217498779297,231.52748107910156,0.994098424911499,-1,-1,-1
697,-1,79.624267578125,74.73160552978516,175.24652099609375,231.30311584472656,0.9943532347679138,-1,-1,-1
698,-1,79.4885025024414,75.17755889892578,175.1381072998047,231.6056671142578,0.99473637342453,-1,-1,-1
699,-1,79.18608856201172,74.02957916259766,175.7915496826172,231.5185089111328,0.9878708124160767,-1,-1,-1
700,-1,79.05321502685547,76.68006134033203,175.3010711669922,232.35458374023438,0.979883074760437,-1,-1,-1
701,-1,80.35980224609375,74.84335327148438,178.76812744140625,230.245361328125,0.9833561182022095,-1,-1,-1
702,-1,82.7499008178711,92.30139923095703,185.48541259765625,230.5285186767578,0.9827921390533447,-1,-1,-1
703,-1,81.3060073852539,93.72453308105469,196.26565551757812,230.37429809570312,0.9838094711303711,-1,-1,-1
704,-1,79.64111328125,99.53516387939453,206.08111572265625,230.19017028808594,0.9933785200119019,-1,-1,-1
705,-1,79.88438415527344,99.61255645751953,205.8940887451172,230.08560180664062,0.9939557313919067,-1,-1,-1
706,-1,75.55180358886719,98.70046997070312,213.2974090576172,230.5048065185547,0.9946338534355164,-1,-1,-1
707,-1,82.86151885986328,94.54905700683594,217.79493713378906,234.21800231933594,0.9887962937355042,-1,-1,-1
708,-1,74.95589447021484,98.49127960205078,210.94094848632812,231.86572265625,0.9882827401161194,-1,-1,-1
709,-1,70.255615234375,97.43572998046875,206.8942108154297,232.01524353027344,0.9486531615257263,-1,-1,-1
709,-1,242.2850341796875,59.07135009765625,321.2095642089844,225.05712890625,0.6532078385353088,-1,-1,-1
710,-1,65.78592681884766,97.01982116699219,202.83460998535156,232.28231811523438,0.9527589678764343,-1,-1,-1
711,-1,66.04093170166016,97.61968994140625,202.2575225830078,231.96702575683594,0.9565834999084473,-1,-1,-1
712,-1,58.08487319946289,106.90098571777344,201.8695068359375,231.1626434326172,0.9877598285675049,-1,-1,-1
713,-1,33.84269714355469,108.72150421142578,189.18832397460938,233.40383911132812,0.8269352316856384,-1,-1,-1
714,-1,75.49708557128906,110.27239227294922,177.74945068359375,230.5331573486328,0.5376591086387634,-1,-1,-1
717,-1,22.05683708190918,25.825319290161133,301.0767822265625,210.6065216064453,0.5600081086158752,-1,-1,-1
878,-1,149.7120819091797,105.93092346191406,310.7303771972656,230.18577575683594,0.9155619144439697,-1,-1,-1
879,-1,149.773193359375,105.71742248535156,310.74420166015625,230.237548828125,0.9139919877052307,-1,-1,-1
880,-1,146.906982421875,103.71632385253906,311.6726989746094,229.931396484375,0.7935407161712646,-1,-1,-1
903,-1,15.184896469116211,154.71946716308594,117.11888122558594,226.03009033203125,0.7095557451248169,-1,-1,-1
904,-1,15.365987777709961,154.44888305664062,117.10022735595703,226.1509246826172,0.6954306960105896,-1,-1,-1
905,-1,13.7720308303833,158.90695190429688,118.00984191894531,229.90553283691406,0.6653842926025391,-1,-1,-1
939,-1,108.99453735351562,104.34034729003906,261.04913330078125,229.64205932617188,0.8157364726066589,-1,-1,-1
940,-1,107.87893676757812,104.29141998291016,262.7651672363281,229.85618591308594,0.8219797015190125,-1,-1,-1
941,-1,107.5592041015625,100.89327239990234,257.1963195800781,231.35159301757812,0.8608095645904541,-1,-1,-1
942,-1,109.55284881591797,95.03587341308594,250.6182861328125,233.15280151367188,0.9399621486663818,-1,-1,-1
943,-1,106.0884780883789,93.12383270263672,252.7178955078125,233.52455139160156,0.8571295738220215,-1,-1,-1
944,-1,109.75740051269531,91.00444030761719,250.6410369873047,234.22409057617188,0.7080861926078796,-1,-1,-1
948,-1,113.97618103027344,88.76676177978516,256.1143798828125,234.2983856201172,0.6474196314811707,-1,-1,-1
949,-1,116.66658020019531,77.0056381225586,300.70086669921875,229.13246154785156,0.6404959559440613,-1,-1,-1
953,-1,133.80078125,70.50222778320312,281.2405700683594,229.0569305419922,0.7634326219558716,-1,-1,-1
954,-1,137.11404418945312,67.01627349853516,284.0395202636719,227.50375366210938,0.6903762221336365,-1,-1,-1
955,-1,138.11724853515625,64.36957550048828,279.5950622558594,227.34495544433594,0.6759690642356873,-1,-1,-1
957,-1,140.65753173828125,55.59963607788086,280.2914123535156,233.249267578125,0.8012731671333313,-1,-1,-1
958,-1,140.30596923828125,55.849143981933594,281.1975402832031,233.1988067626953,0.7942335605621338,-1,-1,-1
959,-1,143.95480346679688,55.15631866455078,279.5645751953125,233.1686248779297,0.8500080704689026,-1,-1,-1
960,-1,143.68258666992188,58.34843444824219,277.84222412109375,233.02830505371094,0.7294857501983643,-1,-1,-1
961,-1,142.6925048828125,54.33747100830078,314.7381896972656,230.45689392089844,0.9416285753250122,-1,-1,-1
962,-1,142.71543884277344,56.558631896972656,286.2774353027344,234.7723388671875,0.9464554786682129,-1,-1,-1
963,-1,144.0948028564453,52.618377685546875,312.3986511230469,232.83116149902344,0.9419329762458801,-1,-1,-1
964,-1,142.5253448486328,51.431983947753906,285.3565673828125,236.25669860839844,0.9446162581443787,-1,-1,-1
965,-1,145.48497009277344,45.9722900390625,312.869384765625,232.51953125,0.7617151141166687,-1,-1,-1
966,-1,146.17196655273438,45.68199157714844,311.7187805175781,232.89956665039062,0.7755281329154968,-1,-1,-1
967,-1,147.1846923828125,28.679218292236328,311.0141296386719,222.79153442382812,0.7401422262191772,-1,-1,-1
968,-1,147.77658081054688,31.119239807128906,312.0376892089844,220.41342163085938,0.6924134492874146,-1,-1,-1
969,-1,145.7142333984375,49.18177795410156,276.856201171875,234.5243682861328,0.603479266166687,-1,-1,-1
970,-1,146.20046997070312,48.98295593261719,275.9381408691406,234.46533203125,0.6422227621078491,-1,-1,-1
971,-1,142.43743896484375,56.52980422973633,315.79400634765625,228.7202606201172,0.5487667918205261,-1,-1,-1
972,-1,143.4408721923828,52.273563385009766,278.8207092285156,233.17779541015625,0.7303944826126099,-1,-1,-1
973,-1,144.35067749023438,34.4208869934082,276.2417907714844,218.20730590820312,0.5788582563400269,-1,-1,-1
974,-1,143.5544891357422,45.07533645629883,276.85931396484375,235.28170776367188,0.8363577723503113,-1,-1,-1
975,-1,136.8350830078125,41.41463851928711,287.5882263183594,212.96287536621094,0.8927662372589111,-1,-1,-1
976,-1,136.94375610351562,39.98918914794922,286.9562072753906,213.1018524169922,0.8632556200027466,-1,-1,-1
977,-1,133.38235473632812,62.4013557434082,276.7560119628906,223.30792236328125,0.9652490019798279,-1,-1,-1
978,-1,130.96517944335938,58.273990631103516,283.7352600097656,227.72230529785156,0.7442665100097656,-1,-1,-1
980,-1,125.40523529052734,61.715091705322266,247.1396026611328,228.58180236816406,0.8901937007904053,-1,-1,-1
981,-1,122.68444061279297,63.63332748413086,256.271484375,228.0766143798828,0.5241947770118713,-1,-1,-1
982,-1,122.77291870117188,64.32513427734375,255.262939453125,227.7257843017578,0.5272687077522278,-1,-1,-1
983,-1,125.38512420654297,65.20740509033203,291.3756408691406,222.66647338867188,0.5350847244262695,-1,-1,-1
984,-1,120.318603515625,62.82176971435547,250.66232299804688,224.60528564453125,0.8166552782058716,-1,-1,-1
986,-1,117.57492065429688,61.913475036621094,244.04959106445312,224.7820281982422,0.831373929977417,-1,-1,-1
987,-1,116.96104431152344,62.98107147216797,245.242919921875,225.29762268066406,0.759326696395874,-1,-1,-1
988,-1,116.91896057128906,62.70024108886719,244.93948364257812,225.65133666992188,0.7755337953567505,-1,-1,-1
989,-1,116.87895202636719,63.20207977294922,244.17117309570312,226.59213256835938,0.8104453086853027,-1,-1,-1
990,-1,117.98468780517578,61.15895080566406,243.89462280273438,227.437744140625,0.8785377740859985,-1,-1,-1
991,-1,118.24830627441406,67.00601196289062,241.46273803710938,224.35971069335938,0.7301611304283142,-1,-1,-1
998,-1,127.14692687988281,67.71133422851562,292.24224853515625,224.241943359375,0.6991275548934937,-1,-1,-1
1001,-1,136.5966796875,66.09689331054688,271.82879638671875,223.25393676757812,0.6687440872192383,-1,-1,-1
1002,-1,138.23377990722656,62.70317459106445,267.36041259765625,224.40956115722656,0.7962854504585266,-1,-1,-1
1009,-1,139.92379760742188,10.812694549560547,321.32952880859375,235.5181884765625,0.7944760918617249,-1,-1,-1
1011,-1,141.76382446289062,12.843216896057129,322.234130859375,234.2144775390625,0.5345888733863831,-1,-1,-1
1012,-1,141.19061279296875,12.788625717163086,322.58447265625,234.28013610839844,0.5692178010940552,-1,-1,-1
1014,-1,141.0839385986328,13.001838684082031,323.6871643066406,234.287109375,0.7414714097976685,-1,-1,-1
1015,-1,140.10850524902344,14.700481414794922,322.6767578125,234.35337829589844,0.7246105670928955,-1,-1,-1
1016,-1,143.531005859375,59.79649353027344,317.1624450683594,228.88414001464844,0.8497406244277954,-1,-1,-1
1017,-1,143.66754150390625,57.681392669677734,317.6533203125,226.8890380859375,0.901858389377594,-1,-1,-1
1018,-1,143.59483337402344,56.92148208618164,317.5374755859375,227.92189025878906,0.9194819927215576,-1,-1,-1
1019,-1,142.20274353027344,56.39208984375,315.95758056640625,227.08212280273438,0.6227534413337708,-1,-1,-1
1020,-1,138.45301818847656,62.056732177734375,317.2427673339844,226.009521484375,0.5670533776283264,-1,-1,-1
1021,-1,136.07469177246094,60.77911376953125,292.8310546875,228.22569274902344,0.9058865308761597,-1,-1,-1
1022,-1,133.80029296875,55.33632278442383,292.96405029296875,228.0399169921875,0.8456081748008728,-1,-1,-1
1023,-1,131.00494384765625,57.57073974609375,296.1575012207031,226.85829162597656,0.8419625759124756,-1,-1,-1
1024,-1,130.8600311279297,57.929710388183594,296.6095275878906,226.64834594726562,0.8325995802879333,-1,-1,-1
1025,-1,121.99763488769531,68.17718505859375,301.2298583984375,222.19386291503906,0.6606734395027161,-1,-1,-1
1027,-1,119.52519226074219,69.31221008300781,298.0974426269531,220.2306671142578,0.6370901465415955,-1,-1,-1
1035,-1,120.48743438720703,70.20333862304688,243.21046447753906,222.97930908203125,0.5470569729804993,-1,-1,-1
1036,-1,120.6845703125,68.69049072265625,242.50924682617188,223.94036865234375,0.6577499508857727,-1,-1,-1
1037,-1,123.0008773803711,70.3326416015625,238.37355041503906,221.966064453125,0.7566063404083252,-1,-1,-1
1038,-1,127.89302062988281,63.904136657714844,237.84364318847656,226.6175994873047,0.7137858867645264,-1,-1,-1
1040,-1,125.09044647216797,67.42610168457031,240.7703399658203,222.51321411132812,0.5744338631629944,-1,-1,-1
1055,-1,115.91995239257812,72.08854675292969,218.71755981445312,219.2377166748047,0.548330545425415,-1,-1,-1
1056,-1,117.61249542236328,70.97303771972656,217.6882781982422,220.59194946289062,0.6583658456802368,-1,-1,-1
1064,-1,116.23794555664062,76.38101196289062,218.00794982910156,219.29486083984375,0.5081567168235779,-1,-1,-1
1065,-1,116.29279327392578,75.99759674072266,217.77162170410156,218.79635620117188,0.561086118221283,-1,-1,-1
1066,-1,116.41061401367188,76.07594299316406,217.68435668945312,218.89366149902344,0.5749944448471069,-1,-1,-1
1086,-1,115.91105651855469,68.84326171875,243.04771423339844,220.79296875,0.6770318746566772,-1,-1,-1
1091,-1,40.57731246948242,21.48652458190918,322.61773681640625,222.16632080078125,0.5638905763626099,-1,-1,-1
1092,-1,44.37904739379883,18.49400520324707,319.6228332519531,227.05833435058594,0.687546968460083,-1,-1,-1
1093,-1,130.6297149658203,64.03278350830078,235.31930541992188,225.07009887695312,0.8549421429634094,-1,-1,-1
1094,-1,130.90985107421875,68.35233306884766,237.16688537597656,222.5018768310547,0.8329365253448486,-1,-1,-1
1095,-1,135.6886444091797,76.42547607421875,233.54718017578125,219.8035125732422,0.8620398044586182,-1,-1,-1
1096,-1,136.21397399902344,75.94585418701172,233.3697509765625,220.5181884765625,0.8972856998443604,-1,-1,-1
1097,-1,141.29034423828125,78.46047973632812,232.56683349609375,218.3678741455078,0.8398818373680115,-1,-1,-1
1098,-1,128.54962158203125,66.85645294189453,242.29225158691406,223.9064178466797,0.8865550756454468,-1,-1,-1
1099,-1,142.82989501953125,73.49247741699219,241.37725830078125,217.33773803710938,0.6718507409095764,-1,-1,-1
1105,-1,150.91156005859375,65.5599365234375,266.7771301269531,218.00367736816406,0.9163184762001038,-1,-1,-1
1106,-1,149.6151580810547,61.362796783447266,268.5198974609375,222.2205352783203,0.8759344220161438,-1,-1,-1
1107,-1,157.32080078125,54.82109832763672,311.9601135253906,224.9969940185547,0.7250601053237915,-1,-1,-1
1108,-1,158.7953338623047,51.928462982177734,312.833984375,225.62237548828125,0.7106916904449463,-1,-1,-1
1109,-1,158.89344787597656,52.04552459716797,312.8918762207031,225.76805114746094,0.7421705722808838,-1,-1,-1
1111,-1,155.92283630371094,51.191287994384766,320.4215087890625,228.55886840820312,0.500015914440155,-1,-1,-1
1113,-1,161.23788452148438,147.10733032226562,197.62576293945312,177.36123657226562,0.5347343683242798,-1,-1,-1
1117,-1,157.01348876953125,162.54202270507812,197.44610595703125,188.7462921142578,0.7255929112434387,-1,-1,-1
1117,-1,151.632568359375,86.21455383300781,274.82513427734375,215.556640625,0.6356671452522278,-1,-1,-1
1118,-1,158.6263885498047,164.38034057617188,199.42434692382812,195.2966766357422,0.7051430344581604,-1,-1,-1
1119,-1,159.52122497558594,168.86305236816406,197.78472900390625,200.10691833496094,0.7707265615463257,-1,-1,-1
1120,-1,161.2412872314453,171.76809692382812,198.2872772216797,204.40203857421875,0.8781284689903259,-1,-1,-1
1120,-1,146.35000610351562,91.65428924560547,281.061767578125,231.1791534423828,0.7908682823181152,-1,-1,-1
1121,-1,161.36358642578125,171.6484832763672,198.33726501464844,204.20018005371094,0.883415937423706,-1,-1,-1
1121,-1,146.5090789794922,91.65629577636719,279.6634216308594,231.0941162109375,0.8309059739112854,-1,-1,-1
1122,-1,160.49293518066406,174.3536376953125,198.7406768798828,206.94593811035156,0.8307974338531494,-1,-1,-1
1122,-1,146.5754852294922,90.52013397216797,276.4475402832031,213.95358276367188,0.7774611115455627,-1,-1,-1
1123,-1,149.60292053222656,94.44519805908203,313.90167236328125,231.649169921875,0.7439383268356323,-1,-1,-1
1124,-1,150.02386474609375,95.55657196044922,312.1853332519531,229.4544677734375,0.7585210800170898,-1,-1,-1
1125,-1,148.30068969726562,96.94918060302734,313.6648254394531,231.17262268066406,0.6402955651283264,-1,-1,-1
1126,-1,150.62188720703125,97.14874267578125,314.27142333984375,230.84033203125,0.6585414409637451,-1,-1,-1
1127,-1,150.44729614257812,97.15911865234375,314.03973388671875,230.66619873046875,0.6761093735694885,-1,-1,-1
1128,-1,149.36009216308594,95.84186553955078,314.56268310546875,231.3568572998047,0.8036823868751526,-1,-1,-1
1129,-1,149.4554443359375,95.01920318603516,314.2303771972656,232.59075927734375,0.6954900026321411,-1,-1,-1
1130,-1,149.81973266601562,92.52969360351562,316.25372314453125,233.11009216308594,0.8265358209609985,-1,-1,-1
1131,-1,148.99053955078125,93.17095184326172,314.444091796875,233.71055603027344,0.7096630930900574,-1,-1,-1
1132,-1,146.2135772705078,88.84363555908203,317.658203125,232.9835205078125,0.7809249758720398,-1,-1,-1
1133,-1,146.14088439941406,88.79711151123047,317.78790283203125,232.96046447753906,0.7849199771881104,-1,-1,-1
1134,-1,142.74855041503906,80.90408325195312,318.7592468261719,223.18885803222656,0.6426782608032227,-1,-1,-1
1136,-1,146.25027465820312,74.2871322631836,315.7425231933594,223.9347686767578,0.5000252723693848,-1,-1,-1
1137,-1,142.32122802734375,76.332275390625,283.0726318359375,226.6748046875,0.5369325876235962,-1,-1,-1
1138,-1,141.2801513671875,79.47824096679688,277.6689758300781,221.51828002929688,0.7028922438621521,-1,-1,-1
1138,-1,136.94813537597656,82.18862915039062,242.33628845214844,215.45391845703125,0.6610294580459595,-1,-1,-1
1139,-1,141.05877685546875,79.51690673828125,278.40283203125,221.328125,0.674007773399353,-1,-1,-1
1139,-1,136.62765502929688,82.18399810791016,242.07040405273438,214.77908325195312,0.6411041021347046,-1,-1,-1
1139,-1,12.60134220123291,44.781333923339844,307.291748046875,240.5605926513672,0.5070725083351135,-1,-1,-1
1140,-1,143.9075164794922,78.81441497802734,316.3970642089844,225.2019805908203,0.7098706364631653,-1,-1,-1
1140,-1,15.076330184936523,44.63051223754883,307.4342041015625,243.32833862304688,0.6364060044288635,-1,-1,-1
1141,-1,138.0600128173828,79.6177749633789,288.2386169433594,223.19699096679688,0.8812376260757446,-1,-1,-1
1141,-1,13.438309669494629,47.29482650756836,307.3321533203125,236.53359985351562,0.5162162184715271,-1,-1,-1
1142,-1,135.13568115234375,79.02001953125,292.9489440917969,224.28123474121094,0.8939061760902405,-1,-1,-1
1143,-1,135.603515625,80.870361328125,289.02752685546875,223.1798553466797,0.8661741018295288,-1,-1,-1
1144,-1,135.50057983398438,82.91656494140625,284.4178161621094,222.5767822265625,0.770815908908844,-1,-1,-1
1144,-1,11.208425521850586,47.26634979248047,307.7746276855469,238.17886352539062,0.5374407768249512,-1,-1,-1
1145,-1,135.65115356445312,82.90643310546875,284.4098815917969,222.1057586669922,0.7671538591384888,-1,-1,-1
1145,-1,11.314428329467773,47.02846145629883,307.3427734375,238.35414123535156,0.5492962002754211,-1,-1,-1
1146,-1,126.80238342285156,88.94491577148438,305.5246276855469,232.01934814453125,0.8894282579421997,-1,-1,-1
1146,-1,7.810563564300537,49.151954650878906,312.9617919921875,239.4392547607422,0.7087863683700562,-1,-1,-1
1147,-1,128.4500732421875,92.27987670898438,304.58966064453125,230.46356201171875,0.8955132365226746,-1,-1,-1
1147,-1,7.773625373840332,53.38357162475586,308.4864501953125,235.03033447265625,0.5912467241287231,-1,-1,-1
1148,-1,130.51222229003906,93.74105834960938,299.1836242675781,230.26153564453125,0.8025075793266296,-1,-1,-1
1148,-1,10.1910982131958,50.19112777709961,303.0679016113281,236.90988159179688,0.6241517066955566,-1,-1,-1
1149,-1,128.01234436035156,93.19368743896484,304.43731689453125,231.88232421875,0.9104362726211548,-1,-1,-1
1150,-1,137.64700317382812,96.36311340332031,290.58056640625,229.102783203125,0.7716953754425049,-1,-1,-1
1151,-1,136.31600952148438,96.35684967041016,291.7435302734375,229.09005737304688,0.7836735844612122,-1,-1,-1
1152,-1,138.4755859375,94.77381896972656,285.4291687011719,229.73846435546875,0.8650633692741394,-1,-1,-1
1153,-1,148.04966735839844,97.28683471679688,311.8333740234375,230.03573608398438,0.6152230501174927,-1,-1,-1
1154,-1,134.10838317871094,94.95646667480469,291.9423828125,233.59576416015625,0.7077982425689697,-1,-1,-1
1155,-1,128.02215576171875,98.39706420898438,300.4269104003906,231.67958068847656,0.8133042454719543,-1,-1,-1
1156,-1,127.47574615478516,96.624755859375,301.56695556640625,232.37460327148438,0.7084477543830872,-1,-1,-1
1157,-1,127.99775695800781,96.73743438720703,300.8221740722656,232.26303100585938,0.6794121265411377,-1,-1,-1
1158,-1,127.20932006835938,93.51445007324219,300.4659423828125,231.41221618652344,0.7551294565200806,-1,-1,-1
1159,-1,128.67813110351562,90.6878433227539,302.7472229003906,232.14822387695312,0.9195124506950378,-1,-1,-1
1160,-1,130.99920654296875,82.02767944335938,294.70806884765625,223.8197021484375,0.8273827433586121,-1,-1,-1
1161,-1,130.3041229248047,77.93341827392578,298.6892395019531,223.797119140625,0.9051476716995239,-1,-1,-1
1162,-1,131.42279052734375,77.95419311523438,295.7195739746094,222.09217834472656,0.9068461656570435,-1,-1,-1
1163,-1,131.74142456054688,78.024658203125,296.6446228027344,222.4090576171875,0.9028447270393372,-1,-1,-1
1164,-1,134.0208740234375,75.16523742675781,290.0549621582031,220.46461486816406,0.8219743967056274,-1,-1,-1
1165,-1,137.97186279296875,74.30740356445312,283.4787902832031,221.28713989257812,0.7619243860244751,-1,-1,-1
1166,-1,131.8916473388672,69.20370483398438,296.1004333496094,225.6999053955078,0.9364221096038818,-1,-1,-1
1167,-1,135.6846923828125,69.88876342773438,285.93707275390625,225.6995086669922,0.8488618731498718,-1,-1,-1
1168,-1,134.086669921875,70.41571807861328,290.64410400390625,221.03236389160156,0.8033096194267273,-1,-1,-1
1169,-1,134.6082000732422,70.58074951171875,289.3249206542969,220.62814331054688,0.7961840033531189,-1,-1,-1
1170,-1,131.80844116210938,65.07099151611328,297.6702880859375,225.30604553222656,0.8675622940063477,-1,-1,-1
1171,-1,131.61663818359375,63.065914154052734,294.6444091796875,226.5428009033203,0.8124846816062927,-1,-1,-1
1172,-1,132.37796020507812,59.7225227355957,295.6743469238281,225.46417236328125,0.7829220294952393,-1,-1,-1
1173,-1,131.46261596679688,59.99814224243164,296.7325744628906,224.02517700195312,0.6934359669685364,-1,-1,-1
1174,-1,130.81488037109375,60.21251678466797,292.50445556640625,223.79856872558594,0.7966218590736389,-1,-1,-1
1175,-1,130.97463989257812,60.21049880981445,293.2345886230469,222.9875946044922,0.8178306221961975,-1,-1,-1
1176,-1,130.63589477539062,61.1690559387207,292.67926025390625,224.8015899658203,0.7998000979423523,-1,-1,-1
1177,-1,128.87220764160156,60.601478576660156,298.5321960449219,224.3382110595703,0.906801164150238,-1,-1,-1
1178,-1,125.82901000976562,60.734066009521484,301.9080810546875,222.01625061035156,0.8032192587852478,-1,-1,-1
1179,-1,125.95923614501953,61.429046630859375,300.1203308105469,220.09559631347656,0.8375560641288757,-1,-1,-1
1180,-1,127.46306610107422,65.76461791992188,297.7975769042969,219.44900512695312,0.9279289245605469,-1,-1,-1
1181,-1,128.0155792236328,65.73619842529297,297.00115966796875,220.1525115966797,0.915902853012085,-1,-1,-1
1182,-1,128.4170379638672,65.8831787109375,297.57586669921875,219.513427734375,0.8914827704429626,-1,-1,-1
1183,-1,128.11611938476562,67.06754302978516,299.470458984375,221.26666259765625,0.9334433078765869,-1,-1,-1
1184,-1,128.45816040039062,67.61852264404297,301.044921875,224.84799194335938,0.9360594749450684,-1,-1,-1
1185,-1,127.51659393310547,66.50703430175781,302.5314025878906,223.84133911132812,0.9290722608566284,-1,-1,-1
1186,-1,127.74712371826172,65.54728698730469,300.34564208984375,224.83441162109375,0.9094204306602478,-1,-1,-1
1187,-1,127.80476379394531,66.0154037475586,300.4761962890625,224.91404724121094,0.9124691486358643,-1,-1,-1
1188,-1,128.18594360351562,63.68655014038086,300.2060241699219,226.2737274169922,0.9158635139465332,-1,-1,-1
1189,-1,127.00617980957031,66.33598327636719,296.8807373046875,222.72879028320312,0.9358541369438171,-1,-1,-1
1190,-1,127.17034149169922,66.3574447631836,293.95556640625,223.87596130371094,0.9474635124206543,-1,-1,-1
1191,-1,129.0985107421875,66.51815032958984,291.2427673339844,225.8411102294922,0.9660990238189697,-1,-1,-1
1192,-1,129.72215270996094,65.06805419921875,292.1454162597656,228.23178100585938,0.92982017993927,-1,-1,-1
1193,-1,129.8292694091797,65.14131927490234,293.2406311035156,228.7584991455078,0.9412229657173157,-1,-1,-1
1194,-1,129.4770965576172,63.88864517211914,293.94073486328125,229.492919921875,0.9397085905075073,-1,-1,-1
1195,-1,128.0360107421875,59.61540603637695,296.1822204589844,226.27452087402344,0.8679700493812561,-1,-1,-1
1196,-1,125.29898834228516,60.021759033203125,298.5418701171875,224.54563903808594,0.7715051174163818,-1,-1,-1
1197,-1,125.10338592529297,63.69964599609375,298.961181640625,225.63668823242188,0.7789729833602905,-1,-1,-1
1198,-1,126.16974639892578,65.97708892822266,296.24609375,226.5854034423828,0.7913082838058472,-1,-1,-1
1199,-1,126.19111633300781,66.05945587158203,296.2833251953125,226.03392028808594,0.7859082818031311,-1,-1,-1
1200,-1,124.20581817626953,71.78865814208984,296.54388427734375,225.06053161621094,0.8120304942131042,-1,-1,-1
1201,-1,124.63204956054688,81.73304748535156,246.08949279785156,219.341552734375,0.7785446643829346,-1,-1,-1
1202,-1,120.93563079833984,84.60884094238281,244.79393005371094,221.2769012451172,0.6583257913589478,-1,-1,-1
1203,-1,127.10702514648438,86.96295928955078,233.9443817138672,219.7623748779297,0.8567811250686646,-1,-1,-1
1204,-1,124.43495178222656,93.61600494384766,243.84925842285156,225.99232482910156,0.7908086776733398,-1,-1,-1
1205,-1,124.13043975830078,93.80549621582031,243.56385803222656,226.07765197753906,0.7689905166625977,-1,-1,-1
1206,-1,122.89984893798828,94.33038330078125,243.39169311523438,228.0468292236328,0.8596277236938477,-1,-1,-1
1207,-1,123.05378723144531,95.86392974853516,249.55162048339844,229.81271362304688,0.8023414015769958,-1,-1,-1
1208,-1,120.32872009277344,99.25125122070312,244.7494659423828,230.7672119140625,0.7263971567153931,-1,-1,-1
1209,-1,121.12834930419922,99.54740142822266,238.81211853027344,231.19680786132812,0.8263593316078186,-1,-1,-1
1210,-1,119.36664581298828,101.44711303710938,243.2571258544922,232.4383544921875,0.9472992420196533,-1,-1,-1
1211,-1,118.5744857788086,101.79022979736328,245.2410888671875,232.18344116210938,0.9449797868728638,-1,-1,-1
1212,-1,118.69881439208984,104.04059600830078,242.23092651367188,231.22406005859375,0.9492144584655762,-1,-1,-1
1213,-1,117.97140502929688,105.94902038574219,247.3760223388672,231.1696319580078,0.9330719113349915,-1,-1,-1
1214,-1,116.01109313964844,106.13687133789062,248.45724487304688,230.8897247314453,0.7926640510559082,-1,-1,-1
1214,-1,116.01109313964844,106.13687133789062,248.45724487304688,230.8897247314453,0.6777196526527405,-1,-1,-1
1215,-1,117.6639633178711,104.87027740478516,241.4654541015625,231.25411987304688,0.8037844300270081,-1,-1,-1
1215,-1,105.06725311279297,105.00175476074219,232.26919555664062,232.955322265625,0.538398802280426,-1,-1,-1
1216,-1,115.2751235961914,106.71512603759766,249.89849853515625,230.89500427246094,0.8884277939796448,-1,-1,-1
1217,-1,115.77421569824219,106.26077270507812,249.61874389648438,231.05288696289062,0.88942551612854,-1,-1,-1
1218,-1,116.61017608642578,105.78147888183594,252.99569702148438,232.1753387451172,0.930326521396637,-1,-1,-1
1219,-1,114.39263153076172,106.34172821044922,253.7708282470703,231.5877685546875,0.8836394548416138,-1,-1,-1
1219,-1,114.39263153076172,106.34172821044922,253.7708282470703,231.5877685546875,0.7181105017662048,-1,-1,-1
1220,-1,116.28372955322266,105.71678924560547,250.6145477294922,230.27413940429688,0.930368959903717,-1,-1,-1
1221,-1,117.09222412109375,105.22748565673828,247.21331787109375,230.18939208984375,0.9611315131187439,-1,-1,-1
1222,-1,117.61048889160156,104.66896057128906,245.61083984375,230.5139617919922,0.9310792088508606,-1,-1,-1
1223,-1,118.13624572753906,104.58692169189453,245.6005859375,230.28062438964844,0.9173042178153992,-1,-1,-1
1224,-1,120.08073425292969,103.43010711669922,242.9348907470703,230.6324005126953,0.8885293006896973,-1,-1,-1
1225,-1,107.21086120605469,102.40149688720703,257.26483154296875,231.1508026123047,0.9466521739959717,-1,-1,-1
1226,-1,108.18042755126953,101.38542938232422,256.5317077636719,231.4207000732422,0.9323004484176636,-1,-1,-1
1227,-1,115.34333801269531,101.59832000732422,304.48681640625,232.59474182128906,0.9525906443595886,-1,-1,-1
1228,-1,119.71614074707031,101.79887390136719,303.5430603027344,231.9683074951172,0.9166151881217957,-1,-1,-1
1229,-1,119.88748168945312,101.60057830810547,303.0157775878906,232.2650146484375,0.9097633957862854,-1,-1,-1
1230,-1,122.9293441772461,101.04586029052734,241.96791076660156,230.38531494140625,0.9308127164840698,-1,-1,-1
1231,-1,123.27240753173828,100.03529357910156,238.0856475830078,230.77354431152344,0.9333502650260925,-1,-1,-1
1232,-1,124.1948013305664,98.6363525390625,303.8074035644531,234.17337036132812,0.873305082321167,-1,-1,-1
1233,-1,121.6832046508789,95.53182983398438,306.58343505859375,233.72589111328125,0.9372380375862122,-1,-1,-1
1234,-1,121.60797882080078,92.45171356201172,306.8572082519531,233.4192657470703,0.9794211387634277,-1,-1,-1
1235,-1,121.74678039550781,92.29391479492188,306.7358093261719,233.44386291503906,0.9802547693252563,-1,-1,-1
1236,-1,123.7131118774414,88.87165069580078,305.86651611328125,233.41970825195312,0.9466283321380615,-1,-1,-1
1237,-1,124.51355743408203,87.8285140991211,300.7500915527344,233.84010314941406,0.8983422517776489,-1,-1,-1
1238,-1,132.04019165039062,75.79598236083984,291.5919189453125,229.65135192871094,0.9140900373458862,-1,-1,-1
1239,-1,132.09085083007812,71.74527740478516,294.26556396484375,228.78900146484375,0.9000974297523499,-1,-1,-1
1240,-1,134.19732666015625,72.7789077758789,279.3010559082031,230.8612518310547,0.8710340261459351,-1,-1,-1
1241,-1,133.57435607910156,73.21317291259766,281.0492858886719,230.2344970703125,0.871146559715271,-1,-1,-1
1242,-1,131.66156005859375,78.68408203125,280.3286437988281,225.75033569335938,0.7809190154075623,-1,-1,-1
1244,-1,126.46607971191406,75.07966613769531,290.97857666015625,227.1625213623047,0.7361781597137451,-1,-1,-1
1245,-1,125.69171905517578,72.2633056640625,293.00091552734375,228.89028930664062,0.7838269472122192,-1,-1,-1
1246,-1,126.00202941894531,73.78974914550781,293.410400390625,227.3235626220703,0.8430355787277222,-1,-1,-1
1247,-1,126.3568115234375,74.43629455566406,293.3104553222656,227.52700805664062,0.8552325367927551,-1,-1,-1
1248,-1,125.65361785888672,75.47734069824219,293.6160583496094,227.08567810058594,0.7918385863304138,-1,-1,-1
1249,-1,126.51726531982422,74.51207733154297,297.59490966796875,227.90782165527344,0.8835580945014954,-1,-1,-1
1250,-1,123.95193481445312,74.57111358642578,293.2775573730469,226.1096649169922,0.8731476664543152,-1,-1,-1
1251,-1,127.12667846679688,79.01007843017578,290.40234375,223.24331665039062,0.8073576092720032,-1,-1,-1
1252,-1,125.88133239746094,91.39713287353516,294.7740478515625,234.42916870117188,0.8251639008522034,-1,-1,-1
1253,-1,125.81948852539062,91.37281036376953,294.5460205078125,234.40463256835938,0.8236369490623474,-1,-1,-1
1254,-1,124.9570083618164,96.6298828125,296.28955078125,234.02969360351562,0.6753092408180237,-1,-1,-1
1255,-1,120.95719909667969,100.08270263671875,299.13232421875,232.70999145507812,0.7199639081954956,-1,-1,-1
1256,-1,125.32935333251953,100.12047576904297,291.9659729003906,231.94691467285156,0.7880356907844543,-1,-1,-1
1257,-1,131.71876525878906,103.29389953613281,286.32391357421875,230.5912628173828,0.6154998540878296,-1,-1,-1
1258,-1,138.09832763671875,98.1937255859375,276.0205078125,231.015380859375,0.6322084665298462,-1,-1,-1
1259,-1,138.4515380859375,98.17666625976562,275.5457458496094,231.01593017578125,0.6324872970581055,-1,-1,-1
1260,-1,142.4405517578125,81.38388061523438,273.1844482421875,224.33840942382812,0.5856068134307861,-1,-1,-1
1261,-1,141.3380584716797,93.46131896972656,316.1136169433594,231.6690673828125,0.7505988478660583,-1,-1,-1
1262,-1,147.92373657226562,89.9210433959961,313.07476806640625,234.183349609375,0.8691060543060303,-1,-1,-1
1263,-1,152.94061279296875,94.71996307373047,311.52496337890625,232.04000854492188,0.7912442684173584,-1,-1,-1
1266,-1,164.6949920654297,95.46560668945312,311.74664306640625,231.78758239746094,0.6957448124885559,-1,-1,-1
1267,-1,163.03164672851562,74.48836517333984,313.4518737792969,227.1488800048828,0.5855212807655334,-1,-1,-1
1272,-1,162.8162384033203,68.17658996582031,307.6309509277344,226.8262176513672,0.6812090873718262,-1,-1,-1
1273,-1,161.98391723632812,67.07733917236328,302.0910339355469,226.7354736328125,0.5394525527954102,-1,-1,-1
1276,-1,170.41033935546875,71.92122650146484,301.7156982421875,220.4425048828125,0.5484783053398132,-1,-1,-1
1278,-1,173.5647735595703,74.39730072021484,300.8736877441406,217.3890838623047,0.5684536099433899,-1,-1,-1
1279,-1,166.7208709716797,78.90023803710938,302.89471435546875,219.85276794433594,0.5635565519332886,-1,-1,-1
1284,-1,161.87374877929688,76.92467498779297,303.852783203125,222.4396209716797,0.5116934180259705,-1,-1,-1
1285,-1,160.82688903808594,71.81665802001953,301.2371520996094,227.67041015625,0.659667432308197,-1,-1,-1
1286,-1,138.62982177734375,68.65632629394531,295.4978332519531,232.32275390625,0.7932664752006531,-1,-1,-1
1287,-1,159.897216796875,72.32040405273438,299.1564636230469,224.6826629638672,0.5260707139968872,-1,-1,-1
1290,-1,140.0653533935547,66.7398681640625,295.064208984375,232.40023803710938,0.5349280834197998,-1,-1,-1
1291,-1,140.3875274658203,66.50130462646484,294.9380187988281,233.98355102539062,0.5277702212333679,-1,-1,-1
1292,-1,139.8106231689453,68.73664093017578,294.7958679199219,232.919677734375,0.5597692131996155,-1,-1,-1
1293,-1,140.18197631835938,71.00804138183594,293.4447937011719,230.16357421875,0.5691076517105103,-1,-1,-1
1294,-1,139.5902862548828,69.93630981445312,294.8531188964844,232.3571014404297,0.775242269039154,-1,-1,-1
1295,-1,139.54832458496094,69.53704833984375,294.90191650390625,232.21304321289062,0.8160651922225952,-1,-1,-1
1296,-1,159.96978759765625,70.92240905761719,299.0645446777344,229.5894317626953,0.5224195718765259,-1,-1,-1
1304,-1,191.6342010498047,97.66265869140625,313.71746826171875,229.9217529296875,0.5663769841194153,-1,-1,-1
1330,-1,203.92677307128906,72.74202728271484,319.8651428222656,220.65879821777344,0.557084858417511,-1,-1,-1
1331,-1,185.09768676757812,75.5732650756836,321.2252197265625,223.89244079589844,0.7556898593902588,-1,-1,-1
1332,-1,185.1384735107422,75.44062805175781,321.1389465332031,223.86215209960938,0.7762695550918579,-1,-1,-1
1337,-1,180.94117736816406,71.64114379882812,319.6277160644531,225.37525939941406,0.5469750165939331,-1,-1,-1
1338,-1,181.326416015625,71.63724517822266,319.3839111328125,225.11700439453125,0.5367982983589172,-1,-1,-1
1340,-1,165.50926208496094,75.00708770751953,317.795654296875,225.6018524169922,0.5356100797653198,-1,-1,-1
1346,-1,166.69781494140625,74.74824523925781,315.35113525390625,227.28280639648438,0.5053344964981079,-1,-1,-1
1351,-1,167.13711547851562,68.70999908447266,314.65570068359375,229.91778564453125,0.5832794308662415,-1,-1,-1
1352,-1,166.7816925048828,62.04032516479492,315.3924865722656,231.06304931640625,0.8981505632400513,-1,-1,-1
1353,-1,166.64486694335938,62.027164459228516,315.6647033691406,230.25625610351562,0.9264277219772339,-1,-1,-1
1354,-1,166.2874755859375,60.841556549072266,315.2668151855469,231.05459594726562,0.9183414578437805,-1,-1,-1
1355,-1,166.46475219726562,60.14828109741211,315.935302734375,230.08554077148438,0.887561023235321,-1,-1,-1
1356,-1,166.54916381835938,59.79330062866211,316.06427001953125,230.09483337402344,0.8956689238548279,-1,-1,-1
1357,-1,166.3468017578125,61.39756774902344,317.7769775390625,228.93087768554688,0.6850028038024902,-1,-1,-1
1358,-1,167.68873596191406,60.58211135864258,316.73992919921875,229.6661376953125,0.7332229614257812,-1,-1,-1
1359,-1,166.5974578857422,59.53028869628906,316.9219055175781,229.20614624023438,0.7486976981163025,-1,-1,-1
1360,-1,167.23162841796875,61.79296875,316.4043884277344,229.63214111328125,0.6558475494384766,-1,-1,-1
1361,-1,167.1054229736328,62.71569061279297,316.64044189453125,228.6519012451172,0.6687809228897095,-1,-1,-1
1362,-1,167.00111389160156,62.41671371459961,316.928466796875,228.3721160888672,0.6398779153823853,-1,-1,-1
1363,-1,167.10838317871094,61.873313903808594,316.7652282714844,228.88079833984375,0.7269129157066345,-1,-1,-1
1364,-1,165.9720001220703,63.91320037841797,317.6453857421875,229.5072784423828,0.6428161263465881,-1,-1,-1
1365,-1,166.77467346191406,67.58283996582031,315.8094482421875,228.80210876464844,0.582521378993988,-1,-1,-1
1366,-1,166.4375,67.18437957763672,316.7391662597656,227.60101318359375,0.5710972547531128,-1,-1,-1
1370,-1,182.51283264160156,64.62418365478516,318.95849609375,227.81153869628906,0.7053452134132385,-1,-1,-1
1371,-1,186.58169555664062,63.89716339111328,317.4407958984375,228.43402099609375,0.730615496635437,-1,-1,-1
1372,-1,186.65399169921875,65.09688568115234,317.206298828125,228.6980743408203,0.8430431485176086,-1,-1,-1
1373,-1,191.28512573242188,63.739105224609375,317.94757080078125,228.34068298339844,0.7568629384040833,-1,-1,-1
1374,-1,192.0944366455078,63.46125793457031,317.4626770019531,228.0751190185547,0.8099052906036377,-1,-1,-1
1375,-1,190.57960510253906,61.92142105102539,314.2188720703125,227.77964782714844,0.9090597033500671,-1,-1,-1
1376,-1,187.6457061767578,64.11270141601562,317.08203125,228.4310302734375,0.7531209588050842,-1,-1,-1
1377,-1,190.0250244140625,67.50171661376953,315.6879577636719,225.7786865234375,0.7257180213928223,-1,-1,-1
1378,-1,190.15402221679688,63.16942596435547,315.3640441894531,228.473876953125,0.7094131112098694,-1,-1,-1
1379,-1,184.62423706054688,64.16217041015625,318.0917663574219,227.8208770751953,0.5750218033790588,-1,-1,-1
1380,-1,183.72174072265625,65.05976867675781,318.7777404785156,227.5830535888672,0.5630847215652466,-1,-1,-1
1383,-1,179.5338134765625,64.90023040771484,298.0791015625,220.0354461669922,0.590043842792511,-1,-1,-1
1384,-1,181.0123291015625,59.783287048339844,292.2021179199219,223.32382202148438,0.7053525447845459,-1,-1,-1
1385,-1,175.89662170410156,56.77296829223633,300.8727722167969,223.26876831054688,0.5063395500183105,-1,-1,-1
1462,-1,156.3314971923828,73.80567932128906,268.7210388183594,215.3422088623047,0.526114821434021,-1,-1,-1
1464,-1,161.23338317871094,57.8223876953125,265.91815185546875,223.2213134765625,0.5062620639801025,-1,-1,-1
1469,-1,177.6353759765625,65.50654602050781,280.5313415527344,218.05438232421875,0.7719377279281616,-1,-1,-1
1470,-1,177.6761016845703,64.48957061767578,280.94744873046875,218.41464233398438,0.8029608130455017,-1,-1,-1
1478,-1,180.24497985839844,62.484832763671875,295.61907958984375,223.66612243652344,0.5258398056030273,-1,-1,-1
1481,-1,187.20050048828125,68.04903411865234,315.2426452636719,221.14549255371094,0.6542632579803467,-1,-1,-1
1482,-1,187.01751708984375,68.64647674560547,315.50836181640625,221.17092895507812,0.6682097911834717,-1,-1,-1
1484,-1,188.24948120117188,71.84908294677734,318.6927490234375,225.2277069091797,0.8914579153060913,-1,-1,-1
1485,-1,186.03219604492188,75.08930206298828,319.6593017578125,224.03839111328125,0.7630809545516968,-1,-1,-1
1490,-1,210.9857940673828,77.37956237792969,318.2472839355469,225.60707092285156,0.6456137299537659,-1,-1,-1
1512,-1,186.7977752685547,104.49716186523438,315.4980773925781,228.3831329345703,0.6252425909042358,-1,-1,-1
1513,-1,175.9359588623047,100.88241577148438,302.58746337890625,229.06471252441406,0.6471884250640869,-1,-1,-1
1513,-1,175.9359588623047,100.88241577148438,302.58746337890625,229.06471252441406,0.5132847428321838,-1,-1,-1
1514,-1,176.0354461669922,101.114501953125,302.4476013183594,229.23565673828125,0.7941122651100159,-1,-1,-1
1518,-1,159.05523681640625,90.8441390991211,260.5395812988281,228.3014678955078,0.8260505795478821,-1,-1,-1
1519,-1,159.43067932128906,79.16973114013672,259.042724609375,229.1210479736328,0.7661609649658203,-1,-1,-1
1520,-1,159.31459045410156,79.53803253173828,259.49053955078125,228.61936950683594,0.7371503710746765,-1,-1,-1
1522,-1,155.9222869873047,78.27989959716797,253.94944763183594,228.7752685546875,0.5491874814033508,-1,-1,-1
1523,-1,143.5366973876953,87.19755554199219,238.91990661621094,231.9394073486328,0.8612107634544373,-1,-1,-1
1524,-1,143.13279724121094,89.44929504394531,240.28546142578125,231.12100219726562,0.7848107218742371,-1,-1,-1
1525,-1,140.84425354003906,95.50749969482422,236.76339721679688,229.16180419921875,0.7503400444984436,-1,-1,-1
1526,-1,141.126220703125,95.81936645507812,239.51455688476562,229.32974243164062,0.6996377110481262,-1,-1,-1
1527,-1,137.4168243408203,98.32328033447266,241.23065185546875,230.8788604736328,0.7044194340705872,-1,-1,-1
1528,-1,134.53485107421875,102.63955688476562,242.9429473876953,228.73687744140625,0.8433977961540222,-1,-1,-1
1529,-1,129.84251403808594,108.79010009765625,233.58995056152344,228.6522979736328,0.7218748331069946,-1,-1,-1
1531,-1,124.44416809082031,108.10823059082031,239.18255615234375,230.19180297851562,0.5952120423316956,-1,-1,-1
1532,-1,124.09883117675781,108.14029693603516,238.96994018554688,230.1339111328125,0.5888279676437378,-1,-1,-1
1537,-1,120.84686279296875,106.74274444580078,247.68629455566406,229.89956665039062,0.5969669222831726,-1,-1,-1
1538,-1,121.39591979980469,106.41675567626953,246.67584228515625,229.59429931640625,0.6796344518661499,-1,-1,-1
1539,-1,117.82499694824219,107.48851776123047,246.65931701660156,230.0855255126953,0.9123498797416687,-1,-1,-1
1540,-1,111.78008270263672,109.91032409667969,255.30992126464844,229.0253143310547,0.7450133562088013,-1,-1,-1
1541,-1,114.4027099609375,106.9302978515625,306.7259826660156,233.0956573486328,0.8745328187942505,-1,-1,-1
1542,-1,118.7261962890625,104.53152465820312,296.1097412109375,231.05364990234375,0.9352324604988098,-1,-1,-1
1561,-1,161.1029052734375,104.274658203125,303.7948303222656,232.8936767578125,0.6420788168907166,-1,-1,-1
1562,-1,161.41868591308594,105.10826873779297,307.5838623046875,232.56976318359375,0.5458075404167175,-1,-1,-1
1564,-1,158.9000244140625,102.84532928466797,315.26104736328125,231.47813415527344,0.7958282232284546,-1,-1,-1
1565,-1,159.1592254638672,99.05888366699219,306.3141784667969,229.92431640625,0.7724362015724182,-1,-1,-1
1567,-1,158.37826538085938,98.92610931396484,311.7218933105469,231.76747131347656,0.5015443563461304,-1,-1,-1
1568,-1,158.72821044921875,99.05376434326172,312.210693359375,231.53485107421875,0.5252728462219238,-1,-1,-1
1571,-1,162.32421875,34.11476135253906,307.0171813964844,218.4813995361328,0.7977246046066284,-1,-1,-1
1572,-1,160.4686737060547,68.11634826660156,302.1692810058594,221.8529815673828,0.7659323811531067,-1,-1,-1
1573,-1,162.30377197265625,63.23113250732422,294.9715881347656,222.3931427001953,0.8110292553901672,-1,-1,-1
1574,-1,162.05218505859375,68.85528564453125,295.0516052246094,220.5545654296875,0.6439776420593262,-1,-1,-1
1575,-1,161.4795684814453,79.20558166503906,299.950439453125,217.36361694335938,0.545861542224884,-1,-1,-1
1578,-1,165.71937561035156,58.98329544067383,306.1265869140625,230.1763916015625,0.9007619023323059,-1,-1,-1
1579,-1,168.0831756591797,65.51424407958984,301.5858154296875,228.92892456054688,0.9573214054107666,-1,-1,-1
1580,-1,167.98973083496094,66.69158935546875,300.2706298828125,228.3262481689453,0.9592910408973694,-1,-1,-1
1581,-1,168.7287139892578,98.59297180175781,309.2445068359375,232.8736572265625,0.6827875375747681,-1,-1,-1
1582,-1,167.36070251464844,103.21533203125,309.7728576660156,230.791015625,0.6601296663284302,-1,-1,-1
1583,-1,164.5160675048828,100.0588607788086,309.20709228515625,230.56353759765625,0.7998926639556885,-1,-1,-1
1584,-1,164.75128173828125,101.62250518798828,307.01678466796875,230.45814514160156,0.7719618678092957,-1,-1,-1
1585,-1,164.69503784179688,71.92833709716797,301.05999755859375,225.64984130859375,0.7533969879150391,-1,-1,-1
1586,-1,164.40789794921875,71.4898910522461,302.2059326171875,226.28170776367188,0.7584248185157776,-1,-1,-1
1587,-1,167.21029663085938,62.7475471496582,296.9604797363281,230.4154815673828,0.7826008200645447,-1,-1,-1
1588,-1,166.9044189453125,53.27113342285156,298.52557373046875,231.7696990966797,0.6860883831977844,-1,-1,-1
1589,-1,163.95126342773438,55.64468002319336,302.30731201171875,230.94989013671875,0.8223329186439514,-1,-1,-1
1590,-1,159.71693420410156,59.47529602050781,301.0106201171875,225.87838745117188,0.7179871797561646,-1,-1,-1
1591,-1,153.7196502685547,33.34491729736328,306.929443359375,218.43511962890625,0.6840580701828003,-1,-1,-1
1592,-1,153.70806884765625,32.2885627746582,307.1227111816406,219.4658203125,0.7553045153617859,-1,-1,-1
1593,-1,144.18760681152344,57.85345458984375,271.46636962890625,229.67730712890625,0.791400671005249,-1,-1,-1
1594,-1,143.35455322265625,56.8038215637207,266.1859436035156,230.22303771972656,0.7547074556350708,-1,-1,-1
1595,-1,139.68392944335938,51.47075653076172,266.1699523925781,233.8186492919922,0.8345213532447815,-1,-1,-1
1596,-1,139.911376953125,58.38887405395508,273.97918701171875,225.49481201171875,0.8326153755187988,-1,-1,-1
1597,-1,140.2901611328125,32.7118034362793,283.5157165527344,216.27642822265625,0.6900191903114319,-1,-1,-1
1598,-1,140.6681671142578,32.370399475097656,284.3075256347656,216.4646453857422,0.6173587441444397,-1,-1,-1
1608,-1,137.0462188720703,62.71585464477539,278.8511962890625,220.6710205078125,0.5589188933372498,-1,-1,-1
1609,-1,140.1498565673828,66.91519927978516,238.12725830078125,225.54547119140625,0.6942183971405029,-1,-1,-1
1610,-1,139.73460388183594,66.94007873535156,239.5724639892578,225.89146423339844,0.6433064341545105,-1,-1,-1
1621,-1,117.69770812988281,8.50374698638916,310.9441223144531,234.89065551757812,0.5786364078521729,-1,-1,-1
1621,-1,138.6269989013672,87.93853759765625,173.03025817871094,105.58924865722656,0.524637758731842,-1,-1,-1
1622,-1,117.10228729248047,9.436915397644043,311.7215270996094,233.69699096679688,0.6537759304046631,-1,-1,-1
1622,-1,138.607421875,87.89117431640625,172.97335815429688,105.63036346435547,0.5388891100883484,-1,-1,-1
1623,-1,117.52913665771484,9.467315673828125,311.17193603515625,232.22256469726562,0.7298044562339783,-1,-1,-1
1623,-1,138.61715698242188,88.19281768798828,172.44326782226562,104.9884033203125,0.5326005220413208,-1,-1,-1
1624,-1,138.2450408935547,88.31266021728516,172.29933166503906,104.48709106445312,0.5737322568893433,-1,-1,-1
1624,-1,117.21125793457031,8.612717628479004,310.43865966796875,233.04910278320312,0.5604285001754761,-1,-1,-1
1625,-1,117.62080383300781,7.710418224334717,310.8228759765625,233.1695098876953,0.6522200107574463,-1,-1,-1
1625,-1,137.06072998046875,87.99325561523438,172.75245666503906,104.76313781738281,0.6465953588485718,-1,-1,-1
1626,-1,118.18183135986328,8.876389503479004,310.7532958984375,233.490966796875,0.6558140516281128,-1,-1,-1
1626,-1,136.88671875,88.1032485961914,172.8392791748047,104.60176086425781,0.5618414282798767,-1,-1,-1
1627,-1,118.95376586914062,8.021744728088379,310.6104736328125,234.27589416503906,0.6617239117622375,-1,-1,-1
1627,-1,136.725830078125,88.04100799560547,172.96661376953125,104.60477447509766,0.6117204427719116,-1,-1,-1
1628,-1,118.86784362792969,7.808274269104004,310.5794677734375,234.4983673095703,0.6580872535705566,-1,-1,-1
1628,-1,136.7123565673828,88.03703308105469,172.998291015625,104.599365234375,0.6153936386108398,-1,-1,-1
1629,-1,119.64944458007812,9.462714195251465,310.7912902832031,233.8589324951172,0.7177295088768005,-1,-1,-1
1629,-1,136.7855224609375,88.08892822265625,172.83978271484375,104.5346908569336,0.5484958291053772,-1,-1,-1
1630,-1,118.5648422241211,8.741560935974121,310.6163635253906,234.57144165039062,0.7077904939651489,-1,-1,-1
1631,-1,115.98573303222656,7.98189640045166,311.6723327636719,235.1514129638672,0.5881887674331665,-1,-1,-1
1632,-1,113.85664367675781,7.558030605316162,312.0151062011719,235.85888671875,0.6724744439125061,-1,-1,-1
1634,-1,116.22673797607422,7.004958152770996,311.48968505859375,235.86753845214844,0.5451249480247498,-1,-1,-1
1635,-1,113.99311828613281,6.363877296447754,312.22515869140625,237.71519470214844,0.5563732981681824,-1,-1,-1
1636,-1,112.965087890625,7.5750732421875,312.8103332519531,236.59585571289062,0.539660632610321,-1,-1,-1
1656,-1,140.2818603515625,66.20647430419922,273.88385009765625,221.61595153808594,0.6774141788482666,-1,-1,-1
1656,-1,19.411375045776367,38.264949798583984,297.4637451171875,245.61241149902344,0.5402297377586365,-1,-1,-1
1657,-1,137.80577087402344,64.3432846069336,278.7729187011719,219.75601196289062,0.7129772305488586,-1,-1,-1
1659,-1,138.41571044921875,63.0812873840332,282.48974609375,220.18772888183594,0.6366374492645264,-1,-1,-1
1661,-1,139.09780883789062,65.4262924194336,284.1307678222656,219.68008422851562,0.5071977972984314,-1,-1,-1
1662,-1,138.5213623046875,60.02906036376953,283.9874572753906,222.22702026367188,0.784762442111969,-1,-1,-1
1666,-1,138.39163208007812,62.35091018676758,282.361572265625,220.34823608398438,0.6736341118812561,-1,-1,-1
1667,-1,140.0369110107422,38.13302230834961,284.9399108886719,211.24131774902344,0.5838477611541748,-1,-1,-1
1668,-1,137.7613525390625,37.47966384887695,286.1974792480469,212.40582275390625,0.6584174633026123,-1,-1,-1
1669,-1,137.39593505859375,29.199195861816406,290.744140625,217.6739501953125,0.6408939361572266,-1,-1,-1
1670,-1,136.9009246826172,29.69002914428711,288.6096496582031,216.60289001464844,0.5403717160224915,-1,-1,-1
1672,-1,135.03958129882812,72.15442657470703,282.43365478515625,219.94607543945312,0.5130499005317688,-1,-1,-1
1673,-1,135.15371704101562,69.05260467529297,282.5011291503906,221.66612243652344,0.5663803815841675,-1,-1,-1
1674,-1,134.14453125,72.98882293701172,282.8215637207031,220.25843811035156,0.5058478713035583,-1,-1,-1
1681,-1,134.55201721191406,32.62193298339844,287.1976623535156,218.52825927734375,0.509809672832489,-1,-1,-1
1693,-1,131.44021606445312,32.680389404296875,290.965576171875,216.43539428710938,0.5316741466522217,-1,-1,-1
1694,-1,130.7828369140625,33.822471618652344,292.43634033203125,215.3509063720703,0.5390874743461609,-1,-1,-1
1705,-1,23.188640594482422,16.207744598388672,298.59539794921875,224.5929412841797,0.5051119327545166,-1,-1,-1
1716,-1,133.779541015625,74.4675064086914,275.82275390625,217.43727111816406,0.5319643616676331,-1,-1,-1
1717,-1,134.3917999267578,33.8278923034668,280.4962158203125,219.04083251953125,0.785009503364563,-1,-1,-1
1718,-1,139.68423461914062,71.97810363769531,268.72943115234375,216.4237060546875,0.792733371257782,-1,-1,-1
1719,-1,140.19427490234375,71.76180267333984,267.8929748535156,216.5954132080078,0.8133103847503662,-1,-1,-1
1720,-1,141.36988830566406,68.52562713623047,270.76275634765625,217.6548614501953,0.847063422203064,-1,-1,-1
1721,-1,142.5086669921875,39.04731750488281,283.09625244140625,210.52027893066406,0.6231287121772766,-1,-1,-1
1722,-1,141.86102294921875,36.46491241455078,278.6624450683594,212.73031616210938,0.7182948589324951,-1,-1,-1
1723,-1,144.1329345703125,82.62855529785156,270.4726867675781,213.59788513183594,0.5439096689224243,-1,-1,-1
1724,-1,140.73052978515625,37.50632095336914,276.1839599609375,212.20050048828125,0.7563111186027527,-1,-1,-1
1725,-1,140.74571228027344,37.738914489746094,276.10272216796875,211.63136291503906,0.7238024473190308,-1,-1,-1
1726,-1,141.1104736328125,41.107261657714844,275.3194580078125,211.7041015625,0.7984533309936523,-1,-1,-1
1727,-1,152.25535583496094,60.00395584106445,264.2969970703125,224.38641357421875,0.9177789092063904,-1,-1,-1
1728,-1,154.14842224121094,67.80864715576172,268.8204345703125,220.9321746826172,0.8121650815010071,-1,-1,-1
1729,-1,156.30113220214844,66.94934844970703,309.2047119140625,224.75387573242188,0.7033790349960327,-1,-1,-1
1730,-1,162.61839294433594,73.97660827636719,303.71685791015625,222.22683715820312,0.5518621802330017,-1,-1,-1
1732,-1,161.84957885742188,102.94879913330078,310.13897705078125,229.44862365722656,0.5929246544837952,-1,-1,-1
1733,-1,165.4584503173828,91.75922393798828,307.91827392578125,231.4428253173828,0.7677523493766785,-1,-1,-1
1739,-1,193.4436798095703,101.83023071289062,318.1219787597656,229.0128631591797,0.7538173198699951,-1,-1,-1
1742,-1,214.08755493164062,74.76353454589844,317.9739685058594,218.6975860595703,0.6281201839447021,-1,-1,-1
1743,-1,214.16639709472656,76.20384979248047,317.6309509277344,218.4759979248047,0.5328413844108582,-1,-1,-1
1745,-1,215.5553436279297,21.752412796020508,318.148681640625,221.17660522460938,0.5180984139442444,-1,-1,-1
1747,-1,215.14813232421875,24.487262725830078,318.3160705566406,220.4236297607422,0.663849949836731,-1,-1,-1
1750,-1,213.13514709472656,60.816463470458984,319.41265869140625,224.21047973632812,0.8403120040893555,-1,-1,-1
1751,-1,230.83474731445312,59.30781555175781,321.3108825683594,222.8086700439453,0.5591991543769836,-1,-1,-1
1752,-1,212.20909118652344,29.092845916748047,320.1859130859375,219.97314453125,0.6216955184936523,-1,-1,-1
1753,-1,212.58770751953125,58.49290084838867,321.335693359375,224.84439086914062,0.8883551359176636,-1,-1,-1
1754,-1,211.88111877441406,22.833723068237305,320.4428405761719,223.85845947265625,0.7798803448677063,-1,-1,-1
1755,-1,211.7285919189453,21.580013275146484,320.5688171386719,224.53933715820312,0.8024067878723145,-1,-1,-1
