1,-1,176.3001708984375,28.694658279418945,278.86444091796875,199.60205078125,0.6956599354743958,-1,-1,-1
2,-1,175.8006134033203,28.560062408447266,279.1068420410156,200.29489135742188,0.8113539218902588,-1,-1,-1
3,-1,176.27267456054688,28.891002655029297,279.4397888183594,199.91722106933594,0.7568525671958923,-1,-1,-1
4,-1,176.15110778808594,28.569812774658203,279.5801086425781,200.0829315185547,0.7215594053268433,-1,-1,-1
5,-1,176.91867065429688,28.779449462890625,279.73004150390625,199.5482940673828,0.7087773084640503,-1,-1,-1
6,-1,177.13966369628906,28.340858459472656,279.49261474609375,200.1427001953125,0.7208876609802246,-1,-1,-1
7,-1,177.3675537109375,29.21094512939453,280.76007080078125,199.71153259277344,0.6467429995536804,-1,-1,-1
8,-1,176.3824462890625,29.25174331665039,282.457275390625,199.68679809570312,0.632733941078186,-1,-1,-1
9,-1,176.092529296875,27.889833450317383,281.74395751953125,200.0542755126953,0.7216756343841553,-1,-1,-1
11,-1,177.0902099609375,30.740421295166016,282.5285949707031,196.40476989746094,0.7261255383491516,-1,-1,-1
12,-1,178.255126953125,30.435287475585938,280.8560485839844,196.64028930664062,0.6080193519592285,-1,-1,-1
13,-1,178.4069061279297,29.87993621826172,279.9056091308594,196.90565490722656,0.598669171333313,-1,-1,-1
14,-1,177.39682006835938,30.014345169067383,281.91265869140625,196.71755981445312,0.6860705614089966,-1,-1,-1
15,-1,177.806884765625,30.229515075683594,281.8645935058594,197.03074645996094,0.6861478090286255,-1,-1,-1
16,-1,178.74887084960938,30.2757568359375,280.82684326171875,197.02755737304688,0.5886911749839783,-1,-1,-1
17,-1,178.32823181152344,30.668498992919922,281.4840087890625,197.3857421875,0.7124221324920654,-1,-1,-1
18,-1,179.31532287597656,30.945796966552734,282.2488098144531,198.18167114257812,0.5667035579681396,-1,-1,-1
19,-1,179.35960388183594,31.335554122924805,282.0865173339844,197.813720703125,0.5201873183250427,-1,-1,-1
21,-1,177.77584838867188,31.47260093688965,281.154541015625,196.99295043945312,0.5305351614952087,-1,-1,-1
22,-1,178.20883178710938,31.60444450378418,280.98175048828125,197.4056396484375,0.5728063583374023,-1,-1,-1
23,-1,177.8341827392578,31.362627029418945,280.521728515625,197.2290496826172,0.5464147925376892,-1,-1,-1
28,-1,176.6012420654297,32.43439483642578,281.2218933105469,198.00074768066406,0.5393747091293335,-1,-1,-1
62,-1,177.82920837402344,31.397624969482422,278.5033874511719,196.08633422851562,0.5344078540802002,-1,-1,-1
63,-1,177.48974609375,31.454809188842773,278.61834716796875,195.99722290039062,0.5514459609985352,-1,-1,-1
64,-1,156.72926330566406,25.57386016845703,273.0187683105469,203.4418182373047,0.5603863000869751,-1,-1,-1
65,-1,155.41839599609375,25.641990661621094,274.3432922363281,203.27731323242188,0.6938834190368652,-1,-1,-1
66,-1,155.55128479003906,25.8837890625,274.3164367675781,203.02655029296875,0.6931310296058655,-1,-1,-1
67,-1,155.25970458984375,25.840465545654297,274.5237121582031,202.9943389892578,0.7162139415740967,-1,-1,-1
68,-1,154.3005828857422,25.705965042114258,275.0521240234375,203.07177734375,0.7194769382476807,-1,-1,-1
69,-1,154.61932373046875,25.68943214416504,274.9664001464844,203.0298614501953,0.7292753458023071,-1,-1,-1
70,-1,154.494384765625,25.38360023498535,275.2621154785156,202.41307067871094,0.7862987518310547,-1,-1,-1
71,-1,155.5019989013672,25.36293601989746,274.7540283203125,202.62301635742188,0.742641270160675,-1,-1,-1
72,-1,154.5377197265625,25.621068954467773,275.0674743652344,202.46792602539062,0.7380391359329224,-1,-1,-1
73,-1,153.1341552734375,25.958574295043945,274.96502685546875,202.1239013671875,0.6957342028617859,-1,-1,-1
74,-1,149.0637664794922,25.168827056884766,275.6257019042969,202.62098693847656,0.7366006970405579,-1,-1,-1
75,-1,149.3494873046875,25.1646785736084,276.2951354980469,202.65725708007812,0.8196607828140259,-1,-1,-1
76,-1,148.94705200195312,24.65018653869629,277.2479553222656,202.50506591796875,0.9264572262763977,-1,-1,-1
77,-1,150.70303344726562,25.464061737060547,276.9344482421875,203.28173828125,0.8707578182220459,-1,-1,-1
78,-1,148.000244140625,24.865758895874023,278.0343322753906,204.4012451171875,0.950528085231781,-1,-1,-1
79,-1,149.28408813476562,25.939590454101562,278.5869445800781,204.19302368164062,0.9841848611831665,-1,-1,-1
80,-1,148.4800567626953,27.089767456054688,280.3023376464844,203.5286102294922,0.9913729429244995,-1,-1,-1
81,-1,145.32098388671875,28.158668518066406,279.6988830566406,203.5575714111328,0.9881364703178406,-1,-1,-1
82,-1,145.80728149414062,28.932395935058594,280.4101257324219,202.4900360107422,0.9845834374427795,-1,-1,-1
83,-1,144.12957763671875,27.190650939941406,280.30450439453125,201.86239624023438,0.9779624938964844,-1,-1,-1
84,-1,144.84339904785156,27.311599731445312,280.0928955078125,202.8042449951172,0.9681222438812256,-1,-1,-1
85,-1,147.51708984375,26.171323776245117,278.7258605957031,206.02276611328125,0.8797447085380554,-1,-1,-1
86,-1,146.7548065185547,25.638538360595703,280.99566650390625,206.92706298828125,0.736520528793335,-1,-1,-1
87,-1,169.0115203857422,31.279584884643555,291.5941467285156,198.8190155029297,0.8040331602096558,-1,-1,-1
88,-1,174.51602172851562,31.52508544921875,293.6572265625,201.83123779296875,0.8627737760543823,-1,-1,-1
89,-1,171.60523986816406,34.25217819213867,297.0272521972656,200.42471313476562,0.9786243438720703,-1,-1,-1
90,-1,173.6531219482422,34.472381591796875,296.59271240234375,200.14138793945312,0.9737779498100281,-1,-1,-1
91,-1,170.94680786132812,35.62226486206055,298.0914001464844,202.2821044921875,0.9659805297851562,-1,-1,-1
92,-1,174.24130249023438,37.121253967285156,299.057373046875,203.8806610107422,0.9195185303688049,-1,-1,-1
93,-1,172.8258056640625,38.39170455932617,302.7315673828125,205.85179138183594,0.6241177320480347,-1,-1,-1
94,-1,171.18356323242188,34.57284927368164,301.26080322265625,204.25326538085938,0.5464624762535095,-1,-1,-1
95,-1,171.76654052734375,30.436294555664062,301.9732971191406,207.99169921875,0.9381994009017944,-1,-1,-1
96,-1,170.45652770996094,31.51179313659668,302.039306640625,206.63352966308594,0.9370238184928894,-1,-1,-1
97,-1,173.31683349609375,30.195730209350586,304.6255187988281,206.5546875,0.8970818519592285,-1,-1,-1
98,-1,207.65377807617188,35.960227966308594,302.9946594238281,203.40750122070312,0.973976194858551,-1,-1,-1
99,-1,213.20086669921875,34.071861267089844,305.7811584472656,205.14813232421875,0.9791586399078369,-1,-1,-1
100,-1,220.252197265625,36.67387390136719,307.4413757324219,206.50814819335938,0.9700156450271606,-1,-1,-1
101,-1,221.25384521484375,39.289371490478516,308.6239318847656,206.46572875976562,0.9029390215873718,-1,-1,-1
102,-1,218.29420471191406,41.53975296020508,309.74591064453125,204.40505981445312,0.6331117153167725,-1,-1,-1
107,-1,238.0680694580078,34.882938385009766,316.8677062988281,205.24090576171875,0.7581515312194824,-1,-1,-1
109,-1,237.39793395996094,35.54533767700195,317.3456115722656,206.8612060546875,0.6771011352539062,-1,-1,-1
111,-1,236.8783721923828,37.306209564208984,317.7708740234375,204.14834594726562,0.8035851120948792,-1,-1,-1
112,-1,239.5360565185547,35.32927703857422,317.84075927734375,202.8084259033203,0.9340308904647827,-1,-1,-1
113,-1,240.0282440185547,34.90947723388672,318.52679443359375,202.2480926513672,0.9291553497314453,-1,-1,-1
114,-1,242.7717742919922,34.42091751098633,317.65557861328125,203.00845336914062,0.8771482706069946,-1,-1,-1
115,-1,242.56344604492188,34.34345245361328,317.9865417480469,203.45346069335938,0.9097771048545837,-1,-1,-1
116,-1,242.0238037109375,34.5928955078125,318.87115478515625,199.5037078857422,0.9367036819458008,-1,-1,-1
117,-1,244.34654235839844,35.89801788330078,318.84747314453125,197.85165405273438,0.6807113289833069,-1,-1,-1
118,-1,246.22061157226562,34.1968879699707,319.5482177734375,197.4298095703125,0.9163678884506226,-1,-1,-1
119,-1,247.36253356933594,35.873226165771484,318.8514099121094,193.57650756835938,0.9655482769012451,-1,-1,-1
120,-1,248.77383422851562,35.69970703125,319.5311584472656,193.69192504882812,0.7533969879150391,-1,-1,-1
121,-1,249.48037719726562,34.669307708740234,319.3265075683594,194.72613525390625,0.7236060500144958,-1,-1,-1
122,-1,251.21192932128906,33.522483825683594,318.8555603027344,195.73268127441406,0.8050994873046875,-1,-1,-1
123,-1,249.97332763671875,28.189802169799805,318.3413391113281,178.3902130126953,0.7026969194412231,-1,-1,-1
124,-1,250.57565307617188,27.2303466796875,319.2161865234375,178.66302490234375,0.8041958212852478,-1,-1,-1
125,-1,249.29669189453125,26.81287956237793,318.3503112792969,178.57737731933594,0.6087144017219543,-1,-1,-1
167,-1,264.8818359375,34.09484100341797,319.79144287109375,164.14002990722656,0.5145859718322754,-1,-1,-1
168,-1,264.5340270996094,31.618488311767578,320.6109924316406,166.56027221679688,0.6013656258583069,-1,-1,-1
169,-1,263.9895324707031,32.300811767578125,320.8827209472656,165.8361358642578,0.6159222722053528,-1,-1,-1
183,-1,263.8903503417969,30.901525497436523,310.06182861328125,152.62095642089844,0.8020163178443909,-1,-1,-1
184,-1,255.37391662597656,32.09290313720703,304.6912841796875,149.35377502441406,0.922580361366272,-1,-1,-1
185,-1,255.22128295898438,30.535219192504883,302.3883361816406,148.73934936523438,0.6670018434524536,-1,-1,-1
186,-1,254.50177001953125,30.207048416137695,301.8757019042969,147.9478759765625,0.5296872854232788,-1,-1,-1
193,-1,254.9791717529297,32.92820739746094,300.5643005371094,148.23214721679688,0.5309767723083496,-1,-1,-1
202,-1,256.30181884765625,28.18437957763672,300.88079833984375,148.21661376953125,0.5566676259040833,-1,-1,-1
203,-1,255.93421936035156,28.238658905029297,301.666259765625,148.9716033935547,0.5537963509559631,-1,-1,-1
204,-1,256.4624938964844,28.945812225341797,301.5605773925781,148.9701385498047,0.6162945032119751,-1,-1,-1
205,-1,256.1410827636719,28.24244499206543,301.7135925292969,149.27166748046875,0.728691577911377,-1,-1,-1
206,-1,255.47132873535156,28.638751983642578,301.5825500488281,149.19334411621094,0.554657518863678,-1,-1,-1
207,-1,254.8110809326172,29.011899948120117,300.9573059082031,148.7774658203125,0.6769410371780396,-1,-1,-1
208,-1,255.21080017089844,29.96229362487793,300.599609375,148.45433044433594,0.5960687398910522,-1,-1,-1
209,-1,254.2438507080078,29.958173751831055,300.86981201171875,148.30345153808594,0.6040010452270508,-1,-1,-1
210,-1,252.4917755126953,30.900833129882812,299.9447021484375,147.60821533203125,0.6512437462806702,-1,-1,-1
211,-1,251.1019744873047,31.02512550354004,300.39569091796875,147.17562866210938,0.5146377086639404,-1,-1,-1
213,-1,252.78543090820312,29.768213272094727,299.6311340332031,147.89389038085938,0.570340096950531,-1,-1,-1
214,-1,253.51072692871094,29.399131774902344,300.09735107421875,147.9692840576172,0.5332879424095154,-1,-1,-1
215,-1,255.3734588623047,27.97416114807129,301.0752258300781,148.5368194580078,0.6263831257820129,-1,-1,-1
216,-1,256.1093444824219,27.456317901611328,301.3951721191406,149.19403076171875,0.6052209734916687,-1,-1,-1
217,-1,256.2240905761719,27.09564208984375,301.5021057128906,149.40223693847656,0.5007980465888977,-1,-1,-1
218,-1,255.7994384765625,26.702816009521484,301.98834228515625,149.85414123535156,0.683005690574646,-1,-1,-1
220,-1,255.42738342285156,27.46830940246582,302.70361328125,151.21624755859375,0.5053359866142273,-1,-1,-1
227,-1,253.3431854248047,28.874771118164062,305.6431884765625,152.1929931640625,0.6862401962280273,-1,-1,-1
228,-1,253.78282165527344,29.675931930541992,306.0901794433594,152.3491668701172,0.6342495083808899,-1,-1,-1
229,-1,253.8203582763672,29.80875015258789,306.0244445800781,151.87232971191406,0.6564722061157227,-1,-1,-1
230,-1,253.37429809570312,29.165660858154297,306.55841064453125,152.09521484375,0.7836662530899048,-1,-1,-1
231,-1,260.3199462890625,31.078777313232422,312.04315185546875,150.4969482421875,0.6192910671234131,-1,-1,-1
232,-1,260.3883056640625,30.473949432373047,312.0989990234375,150.6359405517578,0.7354971766471863,-1,-1,-1
233,-1,253.03659057617188,28.927217483520508,306.1435241699219,150.52056884765625,0.5190255641937256,-1,-1,-1
236,-1,260.55242919921875,31.3884220123291,313.0381164550781,149.1004180908203,0.6606116890907288,-1,-1,-1
237,-1,260.5341796875,30.915363311767578,312.79931640625,149.240234375,0.5449102520942688,-1,-1,-1
238,-1,261.20831298828125,32.305057525634766,313.234375,148.41465759277344,0.7070781588554382,-1,-1,-1
239,-1,261.9543151855469,33.88945388793945,312.7596740722656,148.62423706054688,0.6816482543945312,-1,-1,-1
240,-1,260.951416015625,33.94157409667969,314.49658203125,148.52281188964844,0.5601531267166138,-1,-1,-1
242,-1,260.4632263183594,33.24152374267578,314.1488342285156,149.68641662597656,0.518573522567749,-1,-1,-1
243,-1,261.10589599609375,32.943084716796875,315.45465087890625,150.73770141601562,0.5278231501579285,-1,-1,-1
278,-1,262.0331726074219,27.225833892822266,311.6026611328125,148.0245819091797,0.5845468640327454,-1,-1,-1
285,-1,229.82606506347656,56.18719482421875,269.40008544921875,147.01466369628906,0.5400753617286682,-1,-1,-1
414,-1,248.51284790039062,31.052587509155273,319.9959411621094,171.72772216796875,0.530847430229187,-1,-1,-1
415,-1,244.81781005859375,30.48731803894043,319.2891540527344,174.63340759277344,0.7955499291419983,-1,-1,-1
416,-1,244.71762084960938,30.47260093688965,319.0206604003906,174.5489959716797,0.7408288717269897,-1,-1,-1
417,-1,241.51292419433594,28.499954223632812,319.6597900390625,177.07383728027344,0.7990882396697998,-1,-1,-1
418,-1,240.93209838867188,33.451995849609375,320.1358337402344,198.8293914794922,0.6552979350090027,-1,-1,-1
419,-1,240.496337890625,26.68305778503418,319.30615234375,179.54576110839844,0.8534474968910217,-1,-1,-1
420,-1,241.26614379882812,32.629310607910156,319.9932556152344,195.2521209716797,0.9570672512054443,-1,-1,-1
421,-1,244.4358673095703,27.03025245666504,318.488037109375,179.7094268798828,0.8371953964233398,-1,-1,-1
422,-1,244.318115234375,25.685842514038086,318.1954650878906,181.64480590820312,0.8665449023246765,-1,-1,-1
423,-1,241.871337890625,32.209495544433594,322.7994079589844,193.1834716796875,0.9549872875213623,-1,-1,-1
424,-1,246.32830810546875,26.861896514892578,319.50439453125,181.89305114746094,0.9505890011787415,-1,-1,-1
425,-1,243.60836791992188,24.692258834838867,318.9193115234375,184.02554321289062,0.9302895069122314,-1,-1,-1
426,-1,242.8900146484375,26.323617935180664,318.9647216796875,183.26708984375,0.8221949934959412,-1,-1,-1
427,-1,238.75074768066406,28.438011169433594,319.1894226074219,179.97564697265625,0.6856990456581116,-1,-1,-1
428,-1,238.46600341796875,27.25992202758789,319.5247802734375,182.13479614257812,0.585321843624115,-1,-1,-1
429,-1,239.87521362304688,34.297393798828125,317.7996520996094,192.23565673828125,0.7449221611022949,-1,-1,-1
430,-1,240.02072143554688,34.831565856933594,316.2235107421875,190.32308959960938,0.9602805972099304,-1,-1,-1
431,-1,238.0526580810547,34.81675338745117,313.9637145996094,203.22396850585938,0.8481484055519104,-1,-1,-1
432,-1,238.3466339111328,36.29960250854492,315.22467041015625,202.40316772460938,0.902409553527832,-1,-1,-1
434,-1,237.0901336669922,36.4937629699707,313.7962646484375,202.26193237304688,0.5087473392486572,-1,-1,-1
443,-1,196.5659942626953,31.034896850585938,310.82403564453125,213.49102783203125,0.8328843116760254,-1,-1,-1
445,-1,170.76519775390625,39.07161331176758,309.8470458984375,199.58766174316406,0.667621910572052,-1,-1,-1
446,-1,192.0771026611328,39.293182373046875,315.6374816894531,200.02993774414062,0.5431531667709351,-1,-1,-1
448,-1,166.1839141845703,36.4613151550293,313.477294921875,205.95339965820312,0.6250677704811096,-1,-1,-1
449,-1,166.0539093017578,36.504371643066406,315.2578430175781,203.51397705078125,0.8022326827049255,-1,-1,-1
452,-1,163.50070190429688,32.274539947509766,315.34515380859375,203.47592163085938,0.6347665190696716,-1,-1,-1
453,-1,170.3661346435547,33.757469177246094,301.7403259277344,201.37742614746094,0.6573433876037598,-1,-1,-1
454,-1,165.16319274902344,33.151702880859375,313.7256164550781,203.35337829589844,0.7487769722938538,-1,-1,-1
455,-1,163.68572998046875,34.84036636352539,307.72845458984375,205.40878295898438,0.6511061191558838,-1,-1,-1
456,-1,152.1694793701172,37.15785598754883,277.43701171875,202.86434936523438,0.6887959241867065,-1,-1,-1
457,-1,146.1617889404297,34.84492492675781,281.5700988769531,203.06362915039062,0.8973395228385925,-1,-1,-1
458,-1,147.57272338867188,34.49762725830078,279.5997009277344,203.38963317871094,0.8705239295959473,-1,-1,-1
459,-1,143.11732482910156,30.83448600769043,281.4293212890625,209.47958374023438,0.8908745050430298,-1,-1,-1
460,-1,143.1748046875,28.134658813476562,318.3919677734375,209.2196044921875,0.7687636613845825,-1,-1,-1
461,-1,246.47056579589844,36.22750473022461,318.2908935546875,197.61544799804688,0.88551265001297,-1,-1,-1
461,-1,143.3890838623047,31.229736328125,280.5561218261719,204.84890747070312,0.8107227087020874,-1,-1,-1
462,-1,139.83956909179688,31.00998306274414,321.1983947753906,206.62803649902344,0.684527575969696,-1,-1,-1
463,-1,136.8930206298828,24.015830993652344,271.295654296875,218.17837524414062,0.9606897830963135,-1,-1,-1
463,-1,243.45379638671875,30.745868682861328,314.4503479003906,198.34764099121094,0.7762030959129333,-1,-1,-1
464,-1,137.45257568359375,25.275774002075195,274.8696594238281,218.23406982421875,0.9344159364700317,-1,-1,-1
464,-1,242.89089965820312,30.835311889648438,314.8635559082031,199.6995086669922,0.5450776815414429,-1,-1,-1
465,-1,133.0009765625,29.408857345581055,279.4752197265625,212.44430541992188,0.6667930483818054,-1,-1,-1
466,-1,121.78248596191406,31.584667205810547,261.8161315917969,214.27101135253906,0.8353938460350037,-1,-1,-1
467,-1,121.96044921875,29.255054473876953,261.5774230957031,218.63430786132812,0.9825838804244995,-1,-1,-1
468,-1,122.78341674804688,32.47195816040039,258.95458984375,212.7404327392578,0.7061993479728699,-1,-1,-1
469,-1,122.9298324584961,35.24684143066406,255.18246459960938,197.66983032226562,0.6047578454017639,-1,-1,-1
470,-1,123.27882385253906,34.542179107666016,254.2265625,199.7064208984375,0.747066080570221,-1,-1,-1
475,-1,116.14197540283203,33.522098541259766,256.7247619628906,196.52328491210938,0.693778932094574,-1,-1,-1
476,-1,116.50684356689453,34.84563064575195,254.94528198242188,194.52301025390625,0.6157448887825012,-1,-1,-1
477,-1,114.30184936523438,31.625396728515625,255.2333221435547,201.45843505859375,0.6833832859992981,-1,-1,-1
478,-1,116.07453155517578,32.40644454956055,252.30459594726562,198.8005828857422,0.6653411388397217,-1,-1,-1
479,-1,110.61263275146484,33.5345458984375,263.4533996582031,199.7496337890625,0.508953869342804,-1,-1,-1
480,-1,119.19170379638672,30.33411407470703,297.4801025390625,204.1058807373047,0.7983731031417847,-1,-1,-1
481,-1,114.73997497558594,32.807777404785156,299.96148681640625,204.73095703125,0.7896325588226318,-1,-1,-1
482,-1,115.06613159179688,31.834184646606445,299.7060241699219,205.15374755859375,0.6416054368019104,-1,-1,-1
484,-1,109.6035385131836,36.242313385009766,263.1705017089844,199.54457092285156,0.6699714660644531,-1,-1,-1
485,-1,108.90567779541016,37.10244369506836,263.8647766113281,199.66024780273438,0.6195130348205566,-1,-1,-1
500,-1,118.09431457519531,38.57136154174805,296.9920654296875,195.3387451171875,0.5190392732620239,-1,-1,-1
505,-1,116.23394012451172,35.95182418823242,293.646728515625,195.7883758544922,0.708177387714386,-1,-1,-1
506,-1,112.2744140625,32.575103759765625,298.7564392089844,200.51168823242188,0.805749237537384,-1,-1,-1
507,-1,108.97055053710938,32.71174621582031,297.4447937011719,201.51039123535156,0.6843001246452332,-1,-1,-1
508,-1,110.29510498046875,32.249755859375,296.5626220703125,201.70179748535156,0.6269922256469727,-1,-1,-1
511,-1,221.36831665039062,40.11361312866211,308.8931884765625,199.72210693359375,0.6792683601379395,-1,-1,-1
512,-1,214.5416259765625,33.17393112182617,303.111083984375,204.79029846191406,0.7664090991020203,-1,-1,-1
513,-1,216.06292724609375,33.86238098144531,306.9964294433594,205.56167602539062,0.7534682154655457,-1,-1,-1
514,-1,215.70980834960938,33.740440368652344,307.4100341796875,205.4938201904297,0.7872962951660156,-1,-1,-1
514,-1,90.39643859863281,39.80590057373047,238.90028381347656,204.46731567382812,0.5247014164924622,-1,-1,-1
515,-1,211.49893188476562,35.9088020324707,308.3271179199219,204.05113220214844,0.8665221333503723,-1,-1,-1
515,-1,93.12197875976562,39.66578674316406,229.39364624023438,199.57046508789062,0.6529348492622375,-1,-1,-1
516,-1,212.48431396484375,41.45466613769531,311.55615234375,204.0493621826172,0.9327463507652283,-1,-1,-1
516,-1,94.23301696777344,38.577274322509766,236.82435607910156,201.5125732421875,0.8622510433197021,-1,-1,-1
517,-1,100.93978118896484,36.75502395629883,263.3078918457031,202.0787811279297,0.7172648906707764,-1,-1,-1
517,-1,214.75302124023438,38.1121940612793,309.9035949707031,203.90347290039062,0.6970441937446594,-1,-1,-1
517,-1,100.93978118896484,36.75502395629883,263.3078918457031,202.0787811279297,0.666929304599762,-1,-1,-1
518,-1,210.6965789794922,36.872047424316406,308.81842041015625,202.01443481445312,0.5810897946357727,-1,-1,-1
518,-1,89.71222686767578,39.69724655151367,242.44769287109375,200.53810119628906,0.5400723218917847,-1,-1,-1
519,-1,108.4596939086914,38.14906311035156,260.5917053222656,198.2213134765625,0.7483808994293213,-1,-1,-1
520,-1,106.36993408203125,38.64495086669922,264.4886169433594,197.91888427734375,0.6722998023033142,-1,-1,-1
521,-1,121.02992248535156,38.298282623291016,290.4771728515625,194.9978790283203,0.5761116147041321,-1,-1,-1
522,-1,120.87301635742188,37.42900848388672,292.47113037109375,195.1562957763672,0.5138872861862183,-1,-1,-1
523,-1,123.39509582519531,37.82497787475586,294.3656005859375,196.24305725097656,0.5040377974510193,-1,-1,-1
526,-1,116.26311492919922,38.4612922668457,264.9598388671875,196.34010314941406,0.5366167426109314,-1,-1,-1
528,-1,134.08827209472656,34.57514572143555,291.1999206542969,195.21475219726562,0.7533994913101196,-1,-1,-1
529,-1,145.80027770996094,35.288047790527344,308.6835632324219,193.15869140625,0.8151763677597046,-1,-1,-1
530,-1,131.6816864013672,34.869258880615234,294.3747863769531,194.2462615966797,0.8996142745018005,-1,-1,-1
531,-1,159.90586853027344,32.83647537231445,301.6014709472656,192.46018981933594,0.5550422668457031,-1,-1,-1
532,-1,160.88494873046875,33.24602127075195,301.3992919921875,192.1344757080078,0.6590290069580078,-1,-1,-1
533,-1,164.52105712890625,32.45871353149414,294.319091796875,193.92697143554688,0.5021948218345642,-1,-1,-1
534,-1,138.3953399658203,34.913700103759766,289.6822509765625,203.4363555908203,0.6289320588111877,-1,-1,-1
535,-1,137.0991973876953,34.43661880493164,288.2861022949219,205.50462341308594,0.8052302598953247,-1,-1,-1
536,-1,134.39361572265625,36.421993255615234,287.10028076171875,200.52110290527344,0.6899689435958862,-1,-1,-1
537,-1,132.41812133789062,39.90730667114258,290.5264892578125,198.3263702392578,0.5933264493942261,-1,-1,-1
538,-1,133.98416137695312,39.1212158203125,291.23944091796875,200.53135681152344,0.746489405632019,-1,-1,-1
543,-1,164.97079467773438,47.431392669677734,299.669189453125,195.19662475585938,0.5453787446022034,-1,-1,-1
544,-1,167.25892639160156,46.43431854248047,297.26702880859375,197.08892822265625,0.608688235282898,-1,-1,-1
545,-1,163.05218505859375,48.76003646850586,302.4273986816406,191.07858276367188,0.6668381690979004,-1,-1,-1
546,-1,162.90869140625,45.10478973388672,305.2069396972656,196.8233642578125,0.5344377756118774,-1,-1,-1
546,-1,107.83351135253906,96.78565216064453,129.99493408203125,108.7310562133789,0.5280334949493408,-1,-1,-1
547,-1,107.77655029296875,96.7879638671875,129.93704223632812,108.64127349853516,0.5606890916824341,-1,-1,-1
549,-1,107.64594268798828,96.94414520263672,130.27471923828125,108.55615234375,0.5230463147163391,-1,-1,-1
550,-1,107.5887451171875,97.08319091796875,130.18138122558594,108.58197784423828,0.6667113304138184,-1,-1,-1
551,-1,131.97900390625,47.2449951171875,294.7032470703125,205.6098175048828,0.718360960483551,-1,-1,-1
551,-1,107.63157653808594,97.07903289794922,130.1473388671875,108.59901428222656,0.6270023584365845,-1,-1,-1
552,-1,131.3186492919922,44.67375946044922,294.7985534667969,203.000244140625,0.5737634301185608,-1,-1,-1
552,-1,107.37127685546875,97.02867889404297,130.7761688232422,108.48251342773438,0.5373659133911133,-1,-1,-1
553,-1,129.48297119140625,45.1453742980957,300.56817626953125,207.03965759277344,0.6845882534980774,-1,-1,-1
554,-1,148.7935028076172,38.505859375,310.176513671875,210.9425506591797,0.8811948299407959,-1,-1,-1
555,-1,151.6198272705078,37.68778991699219,308.9311828613281,208.51637268066406,0.8901664018630981,-1,-1,-1
556,-1,147.75694274902344,36.61009979248047,309.9200134277344,210.8734130859375,0.8775416016578674,-1,-1,-1
557,-1,146.41412353515625,38.21116638183594,311.44378662109375,208.3953399658203,0.9305639863014221,-1,-1,-1
558,-1,150.3277130126953,36.20358657836914,309.2297668457031,207.5028839111328,0.9016677141189575,-1,-1,-1
559,-1,148.517333984375,37.18482971191406,309.57891845703125,207.51148986816406,0.8047822713851929,-1,-1,-1
560,-1,152.37474060058594,34.03627395629883,309.1293029785156,206.02268981933594,0.736893355846405,-1,-1,-1
561,-1,149.2819061279297,35.35580825805664,314.402587890625,207.2505340576172,0.7307590246200562,-1,-1,-1
562,-1,150.3636016845703,36.06100845336914,314.7965393066406,206.25013732910156,0.7361165881156921,-1,-1,-1
563,-1,151.40716552734375,38.040958404541016,316.01446533203125,202.3304901123047,0.6042863130569458,-1,-1,-1
567,-1,153.93515014648438,36.19424057006836,317.934814453125,195.470947265625,0.5829207897186279,-1,-1,-1
567,-1,153.93515014648438,36.19424057006836,317.934814453125,195.470947265625,0.5178864002227783,-1,-1,-1
568,-1,152.9932098388672,35.76766586303711,318.2037658691406,196.2784423828125,0.7189677953720093,-1,-1,-1
569,-1,147.94595336914062,34.42618942260742,317.7486267089844,200.63462829589844,0.689115583896637,-1,-1,-1
570,-1,148.85987854003906,33.65496826171875,316.92987060546875,203.4741973876953,0.6071209907531738,-1,-1,-1
572,-1,148.41900634765625,33.665672302246094,319.9358825683594,202.74386596679688,0.5813785195350647,-1,-1,-1
573,-1,147.73866271972656,34.184452056884766,320.2744140625,204.36563110351562,0.6266727447509766,-1,-1,-1
574,-1,147.30734252929688,35.3813591003418,320.2123718261719,206.01727294921875,0.6424500346183777,-1,-1,-1
575,-1,147.82933044433594,35.41766357421875,321.66534423828125,207.31175231933594,0.7221845388412476,-1,-1,-1
576,-1,146.95965576171875,35.30472183227539,320.2594299316406,208.0553436279297,0.6390151977539062,-1,-1,-1
577,-1,147.8694610595703,36.34148406982422,323.3194274902344,205.1905975341797,0.5503621697425842,-1,-1,-1
608,-1,144.44140625,27.108869552612305,326.0152893066406,269.2454528808594,0.50208979845047,-1,-1,-1
639,-1,155.22921752929688,43.36940002441406,312.536865234375,203.4586639404297,0.5474933981895447,-1,-1,-1
640,-1,154.26846313476562,44.20645523071289,313.4957580566406,202.46067810058594,0.5159099102020264,-1,-1,-1
641,-1,153.7225341796875,46.3775749206543,316.9627990722656,201.0419158935547,0.5768937468528748,-1,-1,-1
642,-1,153.7875213623047,40.53737258911133,316.48486328125,205.27786254882812,0.708034336566925,-1,-1,-1
643,-1,139.4395294189453,25.596242904663086,328.57501220703125,274.7957763671875,0.6786119341850281,-1,-1,-1
644,-1,141.28599548339844,20.726411819458008,327.5854187011719,280.236328125,0.8267236351966858,-1,-1,-1
645,-1,141.7001190185547,20.20595932006836,324.2415771484375,281.0897216796875,0.9256206154823303,-1,-1,-1
646,-1,143.01034545898438,19.873750686645508,324.6551208496094,280.9566650390625,0.9087851047515869,-1,-1,-1
647,-1,141.7715301513672,19.67028045654297,322.6297302246094,281.72454833984375,0.9446232914924622,-1,-1,-1
648,-1,142.2127685546875,20.79785919189453,321.8572692871094,277.6920471191406,0.9615039825439453,-1,-1,-1
649,-1,142.0287628173828,21.607736587524414,321.12384033203125,277.37255859375,0.974057674407959,-1,-1,-1
650,-1,141.50054931640625,21.62849998474121,317.8917236328125,276.30865478515625,0.9521304368972778,-1,-1,-1
651,-1,143.80186462402344,20.02123260498047,316.2561340332031,277.2325134277344,0.9840744733810425,-1,-1,-1
652,-1,143.5768280029297,21.534494400024414,316.1216125488281,276.9975891113281,0.9851133227348328,-1,-1,-1
653,-1,144.2098388671875,20.93343734741211,319.9421081542969,277.48779296875,0.9494115114212036,-1,-1,-1
654,-1,146.56980895996094,17.13192367553711,320.08734130859375,278.53448486328125,0.7879342436790466,-1,-1,-1
655,-1,144.98602294921875,17.92694091796875,322.01470947265625,279.4605712890625,0.6644852161407471,-1,-1,-1
656,-1,143.54562377929688,21.954978942871094,322.322021484375,275.67840576171875,0.8009265065193176,-1,-1,-1
657,-1,146.0936279296875,17.691238403320312,320.70733642578125,280.6336669921875,0.8152145147323608,-1,-1,-1
658,-1,145.0845489501953,16.32052993774414,321.5112609863281,281.6785583496094,0.7898691296577454,-1,-1,-1
659,-1,147.2637939453125,14.924421310424805,318.92047119140625,282.6593933105469,0.7518928647041321,-1,-1,-1
660,-1,143.6056671142578,16.769092559814453,322.67926025390625,281.5727233886719,0.6485890746116638,-1,-1,-1
662,-1,143.36416625976562,19.97854232788086,321.10162353515625,280.12548828125,0.8451464772224426,-1,-1,-1
663,-1,144.35287475585938,20.286865234375,317.7641906738281,278.5732727050781,0.8437031507492065,-1,-1,-1
664,-1,143.57305908203125,20.88068962097168,319.42864990234375,275.7638244628906,0.7160483598709106,-1,-1,-1
665,-1,143.67523193359375,18.20890998840332,318.7350769042969,282.0741882324219,0.8633408546447754,-1,-1,-1
666,-1,142.1792755126953,21.51662826538086,319.1148681640625,278.9967956542969,0.8437445759773254,-1,-1,-1
667,-1,129.52490234375,23.72539710998535,302.2040710449219,275.3447570800781,0.920684278011322,-1,-1,-1
668,-1,140.25209045410156,21.969181060791016,321.3937072753906,275.90679931640625,0.8206456303596497,-1,-1,-1
669,-1,125.67413330078125,21.116966247558594,304.9073486328125,276.2579345703125,0.9498435258865356,-1,-1,-1
670,-1,127.12393951416016,20.15241241455078,303.927490234375,276.60211181640625,0.9370903372764587,-1,-1,-1
671,-1,138.6263427734375,21.69486427307129,321.64202880859375,274.6645812988281,0.9446120262145996,-1,-1,-1
672,-1,124.2243881225586,25.513879776000977,305.3485107421875,273.0502624511719,0.7038447856903076,-1,-1,-1
673,-1,122.87049102783203,25.711904525756836,306.29541015625,269.2521057128906,0.6598496437072754,-1,-1,-1
674,-1,122.68912506103516,24.839406967163086,306.6057434082031,271.7554626464844,0.8983484506607056,-1,-1,-1
674,-1,241.0819854736328,36.86360168457031,318.14862060546875,196.06661987304688,0.5168784260749817,-1,-1,-1
675,-1,124.54375457763672,27.061967849731445,305.97430419921875,268.2829284667969,0.9144790172576904,-1,-1,-1
676,-1,124.40296173095703,27.277433395385742,306.1282043457031,268.7808532714844,0.9119589328765869,-1,-1,-1
677,-1,123.29558563232422,25.390718460083008,307.0920104980469,265.8629455566406,0.9460004568099976,-1,-1,-1
678,-1,120.44952392578125,28.282411575317383,310.3304138183594,260.3857116699219,0.9335647821426392,-1,-1,-1
679,-1,121.02576446533203,33.45263671875,306.9550476074219,217.93978881835938,0.975222647190094,-1,-1,-1
680,-1,119.29505920410156,29.430423736572266,310.5975036621094,259.26220703125,0.9767420291900635,-1,-1,-1
681,-1,123.03116607666016,33.284912109375,300.64215087890625,216.4922637939453,0.905927836894989,-1,-1,-1
682,-1,122.24681854248047,33.36736297607422,300.7710876464844,217.1800537109375,0.9129312038421631,-1,-1,-1
683,-1,120.42552947998047,35.083438873291016,305.23345947265625,214.560791015625,0.9493160247802734,-1,-1,-1
684,-1,122.63904571533203,35.51413345336914,301.33294677734375,213.0499267578125,0.9228419661521912,-1,-1,-1
685,-1,121.5409927368164,35.82589340209961,305.4187927246094,214.86781311035156,0.9570983648300171,-1,-1,-1
686,-1,124.42076110839844,35.7558479309082,307.072265625,212.45335388183594,0.9935973286628723,-1,-1,-1
687,-1,125.32907104492188,34.35084533691406,305.3124084472656,213.6730499267578,0.9837437272071838,-1,-1,-1
688,-1,126.85365295410156,34.19670104980469,303.6737365722656,213.494140625,0.9843224883079529,-1,-1,-1
689,-1,124.82991027832031,33.9378776550293,307.9845886230469,213.31625366210938,0.9737908244132996,-1,-1,-1
690,-1,124.40155029296875,33.14208984375,306.52337646484375,212.0206756591797,0.9614027738571167,-1,-1,-1
691,-1,134.64407348632812,33.65365219116211,324.4955749511719,209.42591857910156,0.9545418620109558,-1,-1,-1
692,-1,132.73834228515625,32.712432861328125,324.5495910644531,212.67483520507812,0.9373116493225098,-1,-1,-1
693,-1,130.81716918945312,33.21306228637695,325.9719543457031,214.612548828125,0.9539326429367065,-1,-1,-1
694,-1,131.41961669921875,33.4990348815918,325.3892517089844,215.25067138671875,0.9612219929695129,-1,-1,-1
695,-1,123.89552307128906,31.805673599243164,299.77935791015625,219.54122924804688,0.9393588304519653,-1,-1,-1
696,-1,127.54174041748047,32.519630432128906,294.2058410644531,218.2104949951172,0.9820853471755981,-1,-1,-1
697,-1,129.88694763183594,30.115245819091797,292.6159362792969,220.4296875,0.9863996505737305,-1,-1,-1
698,-1,127.73029327392578,31.20013427734375,292.722412109375,220.37139892578125,0.981592059135437,-1,-1,-1
699,-1,129.6896514892578,33.02747344970703,289.2474365234375,218.32614135742188,0.9696704149246216,-1,-1,-1
700,-1,129.97691345214844,32.1862907409668,289.2764587402344,219.6380615234375,0.9721536636352539,-1,-1,-1
701,-1,129.80072021484375,31.472496032714844,285.3504638671875,220.80886840820312,0.9253562092781067,-1,-1,-1
702,-1,127.11833953857422,31.23151969909668,288.5487060546875,222.85128784179688,0.9486620426177979,-1,-1,-1
703,-1,123.84521484375,35.06410217285156,290.461181640625,216.35882568359375,0.9461406469345093,-1,-1,-1
704,-1,119.82818603515625,24.064590454101562,302.35980224609375,268.225341796875,0.9369563460350037,-1,-1,-1
705,-1,120.697021484375,21.31015396118164,303.7731628417969,267.4912414550781,0.9559867978096008,-1,-1,-1
706,-1,116.77877807617188,26.247453689575195,307.3424987792969,259.06280517578125,0.8420600891113281,-1,-1,-1
707,-1,116.11990356445312,25.97643280029297,309.288330078125,258.750244140625,0.8577088713645935,-1,-1,-1
708,-1,125.71218872070312,33.43596267700195,291.36279296875,217.56103515625,0.8351272344589233,-1,-1,-1
709,-1,118.6253433227539,26.77085304260254,306.72607421875,259.0404357910156,0.6732306480407715,-1,-1,-1
710,-1,119.89190673828125,25.789676666259766,303.50726318359375,259.2638854980469,0.8215393424034119,-1,-1,-1
711,-1,126.48856353759766,32.11347579956055,286.89434814453125,220.01022338867188,0.802982747554779,-1,-1,-1
712,-1,123.73118591308594,32.6989631652832,289.1031494140625,218.25177001953125,0.8891282677650452,-1,-1,-1
713,-1,121.546630859375,33.067264556884766,289.7411193847656,218.38340759277344,0.920562207698822,-1,-1,-1
714,-1,123.42677307128906,34.03106689453125,287.31842041015625,218.0574493408203,0.9443008303642273,-1,-1,-1
715,-1,124.66468048095703,35.84203338623047,286.2438659667969,215.76654052734375,0.9703647494316101,-1,-1,-1
716,-1,122.60748291015625,32.462158203125,289.4998779296875,220.23446655273438,0.9859583973884583,-1,-1,-1
716,-1,241.7052001953125,38.91924285888672,319.5076599121094,197.47079467773438,0.5009909868240356,-1,-1,-1
717,-1,121.95423126220703,32.28277587890625,290.8080749511719,217.90554809570312,0.9881047606468201,-1,-1,-1
718,-1,123.5243148803711,32.01445388793945,292.2040710449219,218.8189697265625,0.984182596206665,-1,-1,-1
719,-1,121.85469055175781,31.028934478759766,292.4189147949219,219.3361053466797,0.9839662313461304,-1,-1,-1
719,-1,241.16177368164062,39.171348571777344,319.52337646484375,198.3421630859375,0.5142231583595276,-1,-1,-1
720,-1,121.26483917236328,32.525325775146484,299.736083984375,217.5347442626953,0.9886414408683777,-1,-1,-1
720,-1,239.43276977539062,36.647945404052734,320.4932861328125,200.5018768310547,0.756842315196991,-1,-1,-1
721,-1,120.42557525634766,33.300899505615234,299.5483093261719,218.04869079589844,0.9924637079238892,-1,-1,-1
721,-1,240.20265197753906,39.36716079711914,319.6307067871094,199.77857971191406,0.809326708316803,-1,-1,-1
722,-1,120.0537109375,32.408653259277344,297.6388854980469,218.74951171875,0.990913987159729,-1,-1,-1
722,-1,237.20327758789062,43.87520217895508,319.5997314453125,199.8784942626953,0.5467618107795715,-1,-1,-1
723,-1,118.49071502685547,33.69366455078125,294.8699645996094,216.42239379882812,0.9748478531837463,-1,-1,-1
724,-1,120.13449096679688,34.317169189453125,293.4792785644531,217.7377471923828,0.9799805283546448,-1,-1,-1
725,-1,119.45178985595703,33.69650650024414,294.7183532714844,218.4849853515625,0.9751311540603638,-1,-1,-1
726,-1,120.68195343017578,32.11729431152344,293.8592529296875,219.334716796875,0.9678687453269958,-1,-1,-1
727,-1,122.38626098632812,33.31223678588867,294.4070129394531,216.80148315429688,0.9767089486122131,-1,-1,-1
728,-1,123.4628677368164,34.272178649902344,291.6067199707031,217.28704833984375,0.9669889807701111,-1,-1,-1
729,-1,125.19837188720703,32.843170166015625,291.8316955566406,217.0513916015625,0.962221622467041,-1,-1,-1
730,-1,124.49478912353516,32.400550842285156,294.0224914550781,215.1349639892578,0.9511229991912842,-1,-1,-1
731,-1,124.92185974121094,33.439964294433594,292.8927917480469,214.9698486328125,0.9358747601509094,-1,-1,-1
732,-1,124.87646484375,30.902864456176758,297.1932678222656,217.57943725585938,0.9349165558815002,-1,-1,-1
733,-1,126.49585723876953,31.6340274810791,292.0901184082031,216.37612915039062,0.8888830542564392,-1,-1,-1
734,-1,122.19908142089844,30.49747085571289,304.94647216796875,213.06358337402344,0.7930924892425537,-1,-1,-1
735,-1,127.43864440917969,31.541454315185547,289.2926025390625,209.63153076171875,0.8476316928863525,-1,-1,-1
736,-1,129.13088989257812,32.27900695800781,291.8700866699219,208.81350708007812,0.9074853658676147,-1,-1,-1
737,-1,130.45095825195312,31.299362182617188,292.7471008300781,208.5967559814453,0.9398810267448425,-1,-1,-1
738,-1,131.54949951171875,31.869924545288086,293.22955322265625,210.79141235351562,0.883295476436615,-1,-1,-1
739,-1,135.334716796875,30.285755157470703,296.6726379394531,214.2623291015625,0.9837853908538818,-1,-1,-1
740,-1,134.7189483642578,28.592788696289062,296.7337646484375,215.29022216796875,0.9699118137359619,-1,-1,-1
741,-1,130.40525817871094,35.806392669677734,302.3965759277344,209.16477966308594,0.8755664229393005,-1,-1,-1
742,-1,134.56585693359375,30.7147159576416,295.8181457519531,211.6695556640625,0.9711975455284119,-1,-1,-1
743,-1,134.3837127685547,28.9691162109375,294.8559265136719,212.3625030517578,0.971845269203186,-1,-1,-1
744,-1,134.1165008544922,33.77348709106445,291.0670166015625,212.14064025878906,0.9600809216499329,-1,-1,-1
745,-1,142.08099365234375,34.707706451416016,318.91009521484375,209.93280029296875,0.9214926958084106,-1,-1,-1
746,-1,129.7158203125,33.911766052246094,297.1905517578125,212.53565979003906,0.8575575947761536,-1,-1,-1
747,-1,113.97307586669922,20.766788482666016,313.3798828125,270.8447570800781,0.9617105722427368,-1,-1,-1
748,-1,118.37184143066406,25.16543960571289,306.0793151855469,265.7101135253906,0.9098640084266663,-1,-1,-1
749,-1,133.5977325439453,31.070537567138672,292.088134765625,215.31231689453125,0.9089736938476562,-1,-1,-1
750,-1,138.53460693359375,23.964445114135742,324.1047668457031,269.0345458984375,0.7687657475471497,-1,-1,-1
751,-1,137.0027313232422,28.403860092163086,293.16668701171875,216.3537139892578,0.8906943202018738,-1,-1,-1
752,-1,142.53179931640625,29.15256118774414,283.92047119140625,214.5462188720703,0.9462684392929077,-1,-1,-1
753,-1,136.87994384765625,32.259586334228516,288.6037902832031,206.0143585205078,0.9039311408996582,-1,-1,-1
754,-1,143.75262451171875,32.89115905761719,276.3293151855469,206.24298095703125,0.9508644938468933,-1,-1,-1
755,-1,138.04498291015625,33.393795013427734,277.2537536621094,206.83538818359375,0.9515107870101929,-1,-1,-1
756,-1,131.56820678710938,30.17912483215332,274.9974670410156,211.82443237304688,0.9738509654998779,-1,-1,-1
757,-1,128.0613555908203,28.907939910888672,280.22430419921875,211.3037567138672,0.9909346699714661,-1,-1,-1
758,-1,125.2870101928711,31.000368118286133,281.4614562988281,209.5325927734375,0.9611732363700867,-1,-1,-1
759,-1,122.96539306640625,40.23075485229492,285.7800598144531,206.81483459472656,0.7984928488731384,-1,-1,-1
760,-1,126.89746856689453,32.59308624267578,282.4029846191406,209.7908935546875,0.7628477811813354,-1,-1,-1
761,-1,127.56895446777344,33.11873245239258,282.0480651855469,209.39878845214844,0.7361338138580322,-1,-1,-1
762,-1,126.66588592529297,31.894683837890625,280.16162109375,207.26388549804688,0.8975282311439514,-1,-1,-1
763,-1,116.17674255371094,40.00166702270508,269.6802062988281,205.3938751220703,0.8221079707145691,-1,-1,-1
764,-1,126.84772491455078,31.47113037109375,284.2957763671875,207.7086639404297,0.9370210766792297,-1,-1,-1
765,-1,123.93281555175781,31.37141990661621,292.3306884765625,209.73731994628906,0.9645125865936279,-1,-1,-1
766,-1,127.04263305664062,31.132314682006836,288.58966064453125,205.29115295410156,0.9148205518722534,-1,-1,-1
767,-1,128.02003479003906,31.460338592529297,289.3039245605469,204.75001525878906,0.8959879875183105,-1,-1,-1
768,-1,131.2797393798828,32.09844207763672,296.4540710449219,199.05125427246094,0.7690891027450562,-1,-1,-1
782,-1,178.60400390625,33.9247932434082,326.7525634765625,207.9986572265625,0.5170771479606628,-1,-1,-1
805,-1,147.60223388671875,22.12860107421875,319.3291931152344,269.27728271484375,0.8350232839584351,-1,-1,-1
806,-1,146.76409912109375,22.261751174926758,319.83447265625,267.79473876953125,0.8816860914230347,-1,-1,-1
807,-1,150.32261657714844,35.45524215698242,310.7953186035156,211.18609619140625,0.8109121322631836,-1,-1,-1
808,-1,148.2562255859375,38.863525390625,314.0237121582031,210.50401306152344,0.7336167693138123,-1,-1,-1
809,-1,148.2029266357422,36.19895935058594,313.011962890625,213.01959228515625,0.8746074438095093,-1,-1,-1
810,-1,145.14230346679688,23.78482437133789,322.8069763183594,267.0313415527344,0.9511774182319641,-1,-1,-1
811,-1,144.2097625732422,23.822221755981445,323.0939025878906,266.1774597167969,0.9069010019302368,-1,-1,-1
812,-1,144.51620483398438,21.934616088867188,325.3218994140625,268.67132568359375,0.8957497477531433,-1,-1,-1
813,-1,144.2972412109375,21.630014419555664,325.38018798828125,270.3039855957031,0.9116292595863342,-1,-1,-1
814,-1,144.70413208007812,21.121170043945312,327.03753662109375,270.2647705078125,0.8997441530227661,-1,-1,-1
815,-1,145.4518280029297,20.68359375,326.2985534667969,270.3721618652344,0.899490475654602,-1,-1,-1
816,-1,144.78582763671875,20.274646759033203,326.4209289550781,269.7628479003906,0.869913637638092,-1,-1,-1
817,-1,143.75335693359375,20.61768913269043,328.53631591796875,269.6369934082031,0.8910808563232422,-1,-1,-1
818,-1,143.07748413085938,21.251256942749023,328.306640625,268.1244201660156,0.8320329785346985,-1,-1,-1
819,-1,144.69358825683594,23.172409057617188,327.0198059082031,267.2197570800781,0.8402436375617981,-1,-1,-1
820,-1,146.46438598632812,36.011940002441406,318.97747802734375,212.18975830078125,0.778520941734314,-1,-1,-1
821,-1,146.56756591796875,36.372039794921875,318.7956848144531,211.82220458984375,0.7525854110717773,-1,-1,-1
822,-1,143.23060607910156,22.221633911132812,322.81072998046875,267.0881042480469,0.7092600464820862,-1,-1,-1
823,-1,140.9696502685547,23.938705444335938,327.1574401855469,267.88812255859375,0.8072723746299744,-1,-1,-1
824,-1,141.67955017089844,23.273937225341797,323.37890625,267.3782043457031,0.7348284721374512,-1,-1,-1
825,-1,144.2177734375,38.59684753417969,317.9986877441406,205.3625946044922,0.7664023637771606,-1,-1,-1
826,-1,144.82310485839844,36.725738525390625,317.7310485839844,206.11358642578125,0.7486833930015564,-1,-1,-1
827,-1,144.7604522705078,36.84777069091797,317.48858642578125,204.05055236816406,0.6951095461845398,-1,-1,-1
828,-1,138.49298095703125,36.190330505371094,323.7228088378906,208.18087768554688,0.9303640127182007,-1,-1,-1
829,-1,142.57958984375,24.569374084472656,328.8431091308594,267.0863342285156,0.9705227017402649,-1,-1,-1
830,-1,140.07952880859375,23.238866806030273,327.4725341796875,266.23345947265625,0.863863468170166,-1,-1,-1
831,-1,140.33639526367188,22.108566284179688,327.2654724121094,267.7273864746094,0.8741983771324158,-1,-1,-1
832,-1,140.336181640625,22.016963958740234,327.3056640625,270.17620849609375,0.8722733855247498,-1,-1,-1
833,-1,140.44778442382812,23.369081497192383,327.6365966796875,267.5576477050781,0.8020297288894653,-1,-1,-1
834,-1,143.48973083496094,36.37250900268555,321.4038391113281,210.54953002929688,0.8745982646942139,-1,-1,-1
835,-1,145.37997436523438,36.66835021972656,317.58380126953125,211.90667724609375,0.7883996963500977,-1,-1,-1
836,-1,144.34423828125,34.42160415649414,316.3690490722656,215.70753479003906,0.8210322260856628,-1,-1,-1
837,-1,146.39501953125,33.8477897644043,313.97802734375,215.89779663085938,0.8495487570762634,-1,-1,-1
838,-1,146.7411651611328,33.803165435791016,318.33642578125,213.43011474609375,0.7120350003242493,-1,-1,-1
839,-1,146.26876831054688,33.96724319458008,317.6923828125,213.46348571777344,0.7120570540428162,-1,-1,-1
840,-1,143.20040893554688,31.78978157043457,321.6961669921875,211.8736114501953,0.8971417546272278,-1,-1,-1
841,-1,146.81494140625,29.493131637573242,320.0247497558594,216.58848571777344,0.5293852686882019,-1,-1,-1
844,-1,140.3455047607422,31.636383056640625,287.21087646484375,207.73768615722656,0.6469871997833252,-1,-1,-1
845,-1,140.09893798828125,29.91834259033203,287.6357727050781,209.0274200439453,0.7010241746902466,-1,-1,-1
846,-1,143.05853271484375,41.09185028076172,317.5113220214844,204.70364379882812,0.8462424278259277,-1,-1,-1
847,-1,144.12884521484375,50.214805603027344,316.6553039550781,199.0601043701172,0.6340556740760803,-1,-1,-1
870,-1,177.90884399414062,36.46906280517578,255.576171875,201.1352081298828,0.5307766199111938,-1,-1,-1
880,-1,190.55682373046875,48.73814392089844,321.30364990234375,186.24813842773438,0.5754398107528687,-1,-1,-1
881,-1,196.42799377441406,49.10700988769531,321.80841064453125,184.89593505859375,0.5801156759262085,-1,-1,-1
886,-1,165.576904296875,39.49197769165039,304.8346252441406,256.9580993652344,0.5488218665122986,-1,-1,-1
887,-1,165.300537109375,39.368896484375,304.03521728515625,257.3868408203125,0.5662156343460083,-1,-1,-1
888,-1,163.2612762451172,33.552330017089844,303.8377685546875,262.9617919921875,0.7304784059524536,-1,-1,-1
891,-1,147.99810791015625,13.934419631958008,318.7554626464844,281.7425842285156,0.7211356163024902,-1,-1,-1
892,-1,146.0861358642578,13.857786178588867,319.92999267578125,280.22027587890625,0.6736642718315125,-1,-1,-1
893,-1,146.1267547607422,14.29476261138916,318.667724609375,279.5368347167969,0.6884039044380188,-1,-1,-1
894,-1,164.51683044433594,27.400148391723633,301.8930358886719,260.06591796875,0.5510196089744568,-1,-1,-1
895,-1,143.38189697265625,17.657106399536133,325.30645751953125,278.8897705078125,0.6912093162536621,-1,-1,-1
897,-1,144.70286560058594,32.41532516479492,287.1202392578125,255.2292022705078,0.6099717617034912,-1,-1,-1
898,-1,140.04063415527344,20.56083106994629,321.7152099609375,275.4270935058594,0.7265456318855286,-1,-1,-1
899,-1,138.594970703125,22.143672943115234,322.7270202636719,273.8136901855469,0.6171091794967651,-1,-1,-1
900,-1,138.5909423828125,20.926666259765625,323.5164794921875,275.568603515625,0.6895670890808105,-1,-1,-1
901,-1,140.9497528076172,20.39104652404785,320.67254638671875,276.46722412109375,0.7299801111221313,-1,-1,-1
902,-1,139.92959594726562,20.346351623535156,321.6957092285156,277.7604675292969,0.8763266801834106,-1,-1,-1
903,-1,137.98568725585938,24.254549026489258,322.4698181152344,273.8114013671875,0.7194173336029053,-1,-1,-1
904,-1,139.89576721191406,27.475704193115234,324.11602783203125,268.30975341796875,0.8406819105148315,-1,-1,-1
905,-1,136.04322814941406,30.4075984954834,329.2001647949219,266.1212158203125,0.8529297709465027,-1,-1,-1
906,-1,136.25840759277344,29.082595825195312,329.1256103515625,268.5318908691406,0.881868839263916,-1,-1,-1
907,-1,136.41049194335938,31.257322311401367,330.1266174316406,266.18365478515625,0.7972459197044373,-1,-1,-1
908,-1,140.576171875,28.959421157836914,327.64569091796875,265.9742736816406,0.6913793087005615,-1,-1,-1
909,-1,143.14532470703125,43.13227844238281,317.4089660644531,203.0325469970703,0.7865836024284363,-1,-1,-1
910,-1,145.51885986328125,43.41836166381836,319.5694274902344,203.28933715820312,0.7568396329879761,-1,-1,-1
911,-1,147.11831665039062,41.9705924987793,315.6949157714844,205.47010803222656,0.8309893012046814,-1,-1,-1
912,-1,148.1179656982422,40.993019104003906,317.41046142578125,206.10684204101562,0.8790214657783508,-1,-1,-1
913,-1,140.39793395996094,24.571802139282227,327.68609619140625,267.7558288574219,0.5543701648712158,-1,-1,-1
914,-1,153.002197265625,41.5341796875,316.8874816894531,201.93646240234375,0.5736030340194702,-1,-1,-1
915,-1,152.97647094726562,40.77376174926758,317.28106689453125,202.13229370117188,0.6416775584220886,-1,-1,-1
916,-1,154.9092254638672,37.61885452270508,315.3148193359375,203.2929229736328,0.7419116497039795,-1,-1,-1
917,-1,145.43836975097656,20.7243709564209,326.5206604003906,274.592529296875,0.6201784014701843,-1,-1,-1
918,-1,145.9328155517578,18.63154411315918,324.7958679199219,277.2117919921875,0.5981348156929016,-1,-1,-1
919,-1,145.20285034179688,18.826433181762695,325.3309631347656,277.1606140136719,0.5452231764793396,-1,-1,-1
920,-1,160.79681396484375,36.777923583984375,312.4673156738281,199.40164184570312,0.630618155002594,-1,-1,-1
921,-1,145.88868713378906,19.491777420043945,327.3289489746094,276.96142578125,0.7234050035476685,-1,-1,-1
922,-1,145.51805114746094,24.244325637817383,325.6613464355469,275.6174621582031,0.6455541849136353,-1,-1,-1
923,-1,146.7247314453125,25.978500366210938,325.86602783203125,273.47125244140625,0.518069326877594,-1,-1,-1
928,-1,143.4425811767578,27.208240509033203,325.2786560058594,274.5905456542969,0.6629464626312256,-1,-1,-1
934,-1,143.76748657226562,20.569564819335938,326.6220703125,277.37664794921875,0.5541948080062866,-1,-1,-1
935,-1,146.6092071533203,21.515480041503906,325.4156494140625,277.0756530761719,0.5118565559387207,-1,-1,-1
936,-1,146.11936950683594,20.056081771850586,325.747314453125,278.3680114746094,0.5366203784942627,-1,-1,-1
944,-1,167.00701904296875,36.05126190185547,301.73388671875,251.34100341796875,0.6540037989616394,-1,-1,-1
946,-1,163.0975341796875,34.99304962158203,311.5509033203125,207.01092529296875,0.7201695442199707,-1,-1,-1
957,-1,138.50030517578125,29.884199142456055,324.3323059082031,258.84185791015625,0.7899471521377563,-1,-1,-1
959,-1,135.19097900390625,35.609344482421875,324.1697998046875,255.23886108398438,0.5446523427963257,-1,-1,-1
960,-1,135.8787841796875,33.4527473449707,324.20465087890625,256.2746276855469,0.6442770957946777,-1,-1,-1
961,-1,134.28781127929688,27.373388290405273,324.68341064453125,262.7474060058594,0.596102237701416,-1,-1,-1
968,-1,108.927001953125,31.409900665283203,306.6202392578125,259.3682861328125,0.9010178446769714,-1,-1,-1
969,-1,104.28141784667969,35.35838317871094,306.74609375,251.5145263671875,0.8378291726112366,-1,-1,-1
970,-1,93.5255355834961,26.491928100585938,290.764404296875,220.4849090576172,0.8104879260063171,-1,-1,-1
982,-1,32.1222038269043,29.489639282226562,249.39064025878906,214.70848083496094,0.5583418607711792,-1,-1,-1
985,-1,32.655731201171875,27.476905822753906,244.36387634277344,214.7633819580078,0.8891587853431702,-1,-1,-1
986,-1,261.7898254394531,37.672916412353516,320.68341064453125,160.36289978027344,0.5007860064506531,-1,-1,-1
991,-1,260.296875,33.48851013183594,320.4455871582031,149.5075225830078,0.5196551084518433,-1,-1,-1
1002,-1,264.0416259765625,30.392311096191406,320.85845947265625,151.6743927001953,0.604078471660614,-1,-1,-1
1003,-1,263.02886962890625,31.548002243041992,320.6094055175781,150.26023864746094,0.563245952129364,-1,-1,-1
1012,-1,260.8349914550781,32.34767150878906,320.8099060058594,150.3210906982422,0.6948456764221191,-1,-1,-1
1013,-1,259.8773498535156,32.697025299072266,320.7012634277344,150.08209228515625,0.6330326795578003,-1,-1,-1
1014,-1,260.0918273925781,32.72457504272461,320.8981628417969,149.7611541748047,0.6046304702758789,-1,-1,-1
1015,-1,259.8598937988281,33.949954986572266,320.1858825683594,149.8302764892578,0.7422427535057068,-1,-1,-1
1016,-1,259.1658630371094,34.38274002075195,320.26025390625,149.75811767578125,0.8521432280540466,-1,-1,-1
1017,-1,257.99822998046875,36.42634201049805,321.5823974609375,148.20248413085938,0.8221014142036438,-1,-1,-1
1018,-1,258.03631591796875,35.79434585571289,321.4065856933594,147.73001098632812,0.75303715467453,-1,-1,-1
1019,-1,259.2385559082031,35.674503326416016,320.60540771484375,147.16908264160156,0.546367883682251,-1,-1,-1
1020,-1,259.0635986328125,35.84284973144531,320.4630126953125,147.3453369140625,0.5312530398368835,-1,-1,-1
1021,-1,260.88726806640625,33.615516662597656,318.76019287109375,149.46702575683594,0.8449695706367493,-1,-1,-1
1021,-1,36.39457321166992,35.789649963378906,236.4407196044922,201.36581420898438,0.7876914739608765,-1,-1,-1
1022,-1,36.799808502197266,38.26591491699219,238.6226043701172,200.98410034179688,0.7599390745162964,-1,-1,-1
1022,-1,261.0055847167969,30.211036682128906,319.8047790527344,153.781494140625,0.6392548084259033,-1,-1,-1
1023,-1,40.51966857910156,38.57133102416992,238.7394561767578,200.69491577148438,0.8838136792182922,-1,-1,-1
1024,-1,35.551239013671875,26.760330200195312,241.59793090820312,213.73399353027344,0.9038028120994568,-1,-1,-1
1025,-1,34.90460968017578,27.898090362548828,244.0359344482422,217.50721740722656,0.848207950592041,-1,-1,-1
1026,-1,34.035125732421875,27.485933303833008,244.27757263183594,216.19192504882812,0.8063730001449585,-1,-1,-1
1027,-1,30.969743728637695,29.309856414794922,246.04937744140625,215.00462341308594,0.7781410217285156,-1,-1,-1
1027,-1,262.3039855957031,31.90373992919922,314.2853698730469,141.68988037109375,0.5335822701454163,-1,-1,-1
1028,-1,30.060413360595703,29.305925369262695,248.7179412841797,215.3580322265625,0.8276315927505493,-1,-1,-1
1029,-1,30.81085205078125,30.51949691772461,250.23841857910156,212.27130126953125,0.6635370254516602,-1,-1,-1
1030,-1,30.6297664642334,29.104724884033203,249.4892120361328,215.60134887695312,0.7931727766990662,-1,-1,-1
1031,-1,30.5377197265625,28.22593116760254,249.57925415039062,217.02993774414062,0.8160688877105713,-1,-1,-1
1032,-1,29.549043655395508,27.298812866210938,250.17343139648438,217.4036102294922,0.7599557638168335,-1,-1,-1
1033,-1,29.12091827392578,27.40613555908203,250.48789978027344,219.26068115234375,0.8539780378341675,-1,-1,-1
1034,-1,27.61518096923828,25.299440383911133,252.84864807128906,218.1370849609375,0.6100248098373413,-1,-1,-1
1041,-1,28.979856491088867,20.94501304626465,248.526611328125,223.59239196777344,0.5128079056739807,-1,-1,-1
1042,-1,26.617115020751953,24.848644256591797,248.54530334472656,220.84178161621094,0.8510545492172241,-1,-1,-1
1043,-1,27.025474548339844,26.864076614379883,247.57608032226562,216.7481689453125,0.90712571144104,-1,-1,-1
1044,-1,28.069225311279297,25.649572372436523,247.42694091796875,217.9736328125,0.9045976400375366,-1,-1,-1
1045,-1,29.6790714263916,26.351123809814453,244.6198272705078,218.66915893554688,0.9561360478401184,-1,-1,-1
1046,-1,30.262474060058594,28.39027976989746,247.06040954589844,216.53799438476562,0.8524028062820435,-1,-1,-1
1046,-1,260.0303955078125,31.14444923400879,320.7220764160156,150.6060791015625,0.7542304396629333,-1,-1,-1
1047,-1,44.7115364074707,38.8798828125,240.90078735351562,200.47396850585938,0.9402550458908081,-1,-1,-1
1048,-1,41.71125030517578,42.11305618286133,239.32321166992188,198.69247436523438,0.6834625005722046,-1,-1,-1
1049,-1,232.98648071289062,33.09099197387695,322.6639099121094,166.62384033203125,0.9205450415611267,-1,-1,-1
1050,-1,231.11880493164062,32.02174758911133,322.64227294921875,167.48143005371094,0.8846114277839661,-1,-1,-1
1051,-1,227.07431030273438,28.17051124572754,323.115478515625,174.99078369140625,0.9360265135765076,-1,-1,-1
1057,-1,205.6521759033203,25.410566329956055,319.3097839355469,176.68710327148438,0.7227723002433777,-1,-1,-1
1058,-1,50.45570373535156,33.758384704589844,229.13137817382812,201.71395874023438,0.9067952036857605,-1,-1,-1
1058,-1,208.14166259765625,27.76397132873535,319.9466552734375,172.41380310058594,0.6108152270317078,-1,-1,-1
1059,-1,49.43309020996094,36.056827545166016,231.47531127929688,202.84225463867188,0.9595425724983215,-1,-1,-1
1059,-1,231.69619750976562,31.076406478881836,322.01416015625,199.93455505371094,0.9048537611961365,-1,-1,-1
1060,-1,235.12452697753906,28.8853816986084,321.7607116699219,199.29832458496094,0.9078087210655212,-1,-1,-1
1060,-1,61.307926177978516,43.419349670410156,253.48379516601562,197.8499298095703,0.8276150822639465,-1,-1,-1
1061,-1,235.4744110107422,29.255054473876953,321.708251953125,198.45130920410156,0.9003280997276306,-1,-1,-1
1061,-1,60.394371032714844,42.83298110961914,254.39999389648438,198.12660217285156,0.8267983794212341,-1,-1,-1
1062,-1,235.44613647460938,28.299108505249023,321.4316101074219,200.20553588867188,0.8942843079566956,-1,-1,-1
1062,-1,59.29952621459961,43.53025817871094,253.59640502929688,197.966796875,0.8246945142745972,-1,-1,-1
1063,-1,56.25707244873047,45.76158905029297,229.11337280273438,196.20567321777344,0.8897953033447266,-1,-1,-1
1064,-1,55.8336181640625,47.00501251220703,230.1048126220703,197.0977325439453,0.8914896249771118,-1,-1,-1
1065,-1,68.90867614746094,39.8394889831543,252.76171875,196.45042419433594,0.8160282969474792,-1,-1,-1
1065,-1,234.16302490234375,34.56411361694336,319.2090759277344,203.11868286132812,0.5112953782081604,-1,-1,-1
1066,-1,72.80509948730469,34.87191390991211,249.56576538085938,199.2600555419922,0.8170772790908813,-1,-1,-1
1066,-1,62.16884231567383,39.71565246582031,222.2676239013672,198.21270751953125,0.5803078413009644,-1,-1,-1
1067,-1,72.6180191040039,39.741058349609375,247.94619750976562,197.07894897460938,0.7348001003265381,-1,-1,-1
1067,-1,72.6180191040039,39.741058349609375,247.94619750976562,197.07894897460938,0.6056678295135498,-1,-1,-1
1068,-1,71.39276885986328,39.03546142578125,247.49269104003906,197.5891571044922,0.7521929144859314,-1,-1,-1
1068,-1,71.39276885986328,39.03546142578125,247.49269104003906,197.5891571044922,0.5855146050453186,-1,-1,-1
1069,-1,74.56359100341797,38.95935821533203,240.12753295898438,198.1175079345703,0.7665207982063293,-1,-1,-1
1069,-1,74.56359100341797,38.95935821533203,240.12753295898438,198.1175079345703,0.6863911151885986,-1,-1,-1
1071,-1,74.63435363769531,46.35978698730469,242.9882049560547,193.89971923828125,0.6925554871559143,-1,-1,-1
1075,-1,73.1638412475586,39.628753662109375,241.23704528808594,195.43988037109375,0.6333658695220947,-1,-1,-1
1076,-1,73.61793518066406,45.041778564453125,244.23870849609375,196.74554443359375,0.6255049109458923,-1,-1,-1
1079,-1,63.161258697509766,53.65301513671875,253.9935302734375,181.48358154296875,0.547832190990448,-1,-1,-1
1081,-1,62.21318054199219,50.59220504760742,260.0360412597656,184.46498107910156,0.5457286834716797,-1,-1,-1
1082,-1,23.617284774780273,25.33356285095215,305.66265869140625,212.69729614257812,0.732370138168335,-1,-1,-1
1084,-1,27.917879104614258,26.384130477905273,302.621826171875,214.2091522216797,0.620073676109314,-1,-1,-1
1084,-1,71.60009765625,47.177616119384766,253.61093139648438,184.8840789794922,0.504969596862793,-1,-1,-1
1085,-1,25.774921417236328,26.286643981933594,302.7740173339844,211.488037109375,0.5347140431404114,-1,-1,-1
1086,-1,25.953086853027344,26.695234298706055,302.6608581542969,210.68785095214844,0.5933524370193481,-1,-1,-1
1088,-1,25.16667366027832,30.86622428894043,294.6506042480469,206.5792236328125,0.5391895174980164,-1,-1,-1
1108,-1,91.22305297851562,100.93401336669922,184.63131713867188,196.8351593017578,0.6004772186279297,-1,-1,-1
1127,-1,17.225740432739258,22.600753784179688,306.3714294433594,222.81597900390625,0.9118350148200989,-1,-1,-1
1154,-1,69.77487182617188,14.571568489074707,301.31689453125,227.29417419433594,0.671323835849762,-1,-1,-1
1155,-1,70.00743103027344,16.49388313293457,304.3708190917969,222.63427734375,0.7401493787765503,-1,-1,-1
1156,-1,64.69586944580078,14.626066207885742,307.7093200683594,229.26083374023438,0.7069087624549866,-1,-1,-1
1158,-1,104.78620910644531,16.22388458251953,317.9898681640625,228.99705505371094,0.7818450927734375,-1,-1,-1
1159,-1,107.35840606689453,16.632339477539062,316.43963623046875,230.0164031982422,0.7730562090873718,-1,-1,-1
1160,-1,104.6281509399414,14.608870506286621,317.296875,228.89727783203125,0.5174834132194519,-1,-1,-1
1170,-1,149.73402404785156,28.077234268188477,320.8387756347656,211.66171264648438,0.6833706498146057,-1,-1,-1
1171,-1,150.6438751220703,27.606599807739258,319.8513488769531,211.79736328125,0.6344000101089478,-1,-1,-1
1172,-1,113.22611999511719,16.785676956176758,311.63134765625,225.980224609375,0.51468425989151,-1,-1,-1
1187,-1,191.13137817382812,32.20466232299805,320.83367919921875,205.7097625732422,0.5552706718444824,-1,-1,-1
1200,-1,197.9976043701172,25.39813804626465,318.4691162109375,212.58050537109375,0.5923132300376892,-1,-1,-1
1201,-1,198.09278869628906,25.387426376342773,318.4752197265625,211.78570556640625,0.5889689326286316,-1,-1,-1
1202,-1,201.9878387451172,24.8443546295166,319.83245849609375,213.19073486328125,0.7358018755912781,-1,-1,-1
