17,-1,129.11093139648438,117.92581176757812,197.74514770507812,183.29364013671875,0.5544117093086243,-1,-1,-1
20,-1,129.22669982910156,117.9373550415039,197.36175537109375,183.3248291015625,0.522062361240387,-1,-1,-1
21,-1,129.4397430419922,118.31685638427734,197.56002807617188,183.37969970703125,0.5217559337615967,-1,-1,-1
55,-1,129.9447784423828,44.62190628051758,159.86085510253906,85.06871032714844,0.534142255783081,-1,-1,-1
56,-1,129.8924560546875,44.63771057128906,159.92636108398438,85.27289581298828,0.5535808801651001,-1,-1,-1
57,-1,129.984375,44.76176071166992,159.86085510253906,85.09141540527344,0.5204885601997375,-1,-1,-1
58,-1,130.06483459472656,44.55162811279297,159.96023559570312,85.24819946289062,0.5423468351364136,-1,-1,-1
59,-1,130.04869079589844,44.55656814575195,159.9598846435547,85.25713348388672,0.5414040684700012,-1,-1,-1
60,-1,130.0723876953125,44.461612701416016,160.00390625,85.26643371582031,0.5360379219055176,-1,-1,-1
61,-1,-0.780792236328125,115.62322998046875,35.60350799560547,184.48985290527344,0.6615889072418213,-1,-1,-1
62,-1,-0.7900986075401306,115.58589935302734,35.67588424682617,184.68585205078125,0.6504133939743042,-1,-1,-1
63,-1,130.6239471435547,44.79317855834961,159.9162139892578,84.63905334472656,0.5072882175445557,-1,-1,-1
64,-1,130.4488525390625,43.73656463623047,159.90097045898438,84.68889617919922,0.5665913224220276,-1,-1,-1
65,-1,130.45098876953125,43.796573638916016,159.88638305664062,84.76398468017578,0.5357251763343811,-1,-1,-1
67,-1,-0.6257776021957397,118.4014663696289,39.78074645996094,186.26190185546875,0.7173997759819031,-1,-1,-1
68,-1,-0.6050505638122559,118.50110626220703,39.79975891113281,186.0602264404297,0.7298329472541809,-1,-1,-1
69,-1,-0.21109801530838013,117.87368774414062,39.99665832519531,187.46487426757812,0.6991453170776367,-1,-1,-1
76,-1,0.969387948513031,123.15058898925781,40.69747543334961,172.8031463623047,0.6471903920173645,-1,-1,-1
77,-1,0.9436695575714111,123.1245346069336,40.74892044067383,172.78292846679688,0.5934887528419495,-1,-1,-1
78,-1,0.802406907081604,123.95417785644531,39.932247161865234,172.55953979492188,0.648404061794281,-1,-1,-1
85,-1,249.71372985839844,49.025421142578125,282.76519775390625,98.04740905761719,0.6131062507629395,-1,-1,-1
86,-1,249.82882690429688,49.08836364746094,282.8782958984375,98.01417541503906,0.5915173292160034,-1,-1,-1
87,-1,249.68814086914062,49.30180358886719,282.759033203125,97.98100280761719,0.5654515027999878,-1,-1,-1
110,-1,250.8642578125,48.58555221557617,281.3910217285156,100.27803802490234,0.5089191794395447,-1,-1,-1
111,-1,250.7365264892578,48.221683502197266,281.2779541015625,100.71424102783203,0.6145147681236267,-1,-1,-1
112,-1,251.0727081298828,47.83094024658203,281.4400634765625,100.47533416748047,0.6249384880065918,-1,-1,-1
113,-1,251.01168823242188,47.90488052368164,281.5487976074219,100.46297454833984,0.6077964305877686,-1,-1,-1
115,-1,251.78077697753906,47.95058059692383,281.80767822265625,100.1653823852539,0.5310219526290894,-1,-1,-1
116,-1,251.302978515625,48.08938217163086,281.3585205078125,100.01486206054688,0.5095328092575073,-1,-1,-1
335,-1,1.5724036693572998,136.18380737304688,54.031864166259766,212.8174285888672,0.5722054839134216,-1,-1,-1
336,-1,1.2903095483779907,134.68682861328125,56.35920715332031,214.04110717773438,0.8132607340812683,-1,-1,-1
338,-1,2.2733101844787598,135.2151336669922,57.40081024169922,214.50816345214844,0.7479005455970764,-1,-1,-1
339,-1,2.542527914047241,135.60238647460938,58.04664993286133,215.21429443359375,0.932856023311615,-1,-1,-1
340,-1,1.9892356395721436,135.1719970703125,57.924530029296875,214.7908172607422,0.923012912273407,-1,-1,-1
345,-1,130.94970703125,122.78230285644531,203.50006103515625,182.70411682128906,0.7033470273017883,-1,-1,-1
346,-1,130.31976318359375,121.7913589477539,203.06234741210938,183.36251831054688,0.7827244997024536,-1,-1,-1
347,-1,130.26724243164062,121.87926483154297,204.0384063720703,182.9131622314453,0.7469965219497681,-1,-1,-1
348,-1,130.84608459472656,122.50084686279297,203.90322875976562,182.324951171875,0.7330418229103088,-1,-1,-1
351,-1,129.96156311035156,122.485595703125,204.21112060546875,181.1365966796875,0.5474412441253662,-1,-1,-1
352,-1,130.1852569580078,120.94902801513672,203.37843322753906,182.6441192626953,0.8521605134010315,-1,-1,-1
353,-1,130.47470092773438,120.66651916503906,203.67266845703125,182.84283447265625,0.8589138984680176,-1,-1,-1
354,-1,131.83839416503906,121.02383422851562,203.1424102783203,183.32672119140625,0.8737184405326843,-1,-1,-1
355,-1,132.91616821289062,120.4095687866211,202.44732666015625,184.10739135742188,0.9074539542198181,-1,-1,-1
356,-1,133.63595581054688,120.92365264892578,202.2637939453125,184.28701782226562,0.923778235912323,-1,-1,-1
357,-1,134.89073181152344,121.16533660888672,201.7859649658203,184.23983764648438,0.9018940925598145,-1,-1,-1
358,-1,134.6901092529297,120.7494888305664,201.90447998046875,184.4542694091797,0.8982977867126465,-1,-1,-1
359,-1,134.86367797851562,120.02946472167969,202.17327880859375,184.67410278320312,0.9031273722648621,-1,-1,-1
360,-1,133.20486450195312,121.68827819824219,202.59185791015625,183.0552520751953,0.8332287669181824,-1,-1,-1
361,-1,132.43765258789062,120.60761260986328,201.7782440185547,183.89488220214844,0.9049967527389526,-1,-1,-1
362,-1,134.3814697265625,119.83018493652344,201.86419677734375,184.36968994140625,0.8517516255378723,-1,-1,-1
363,-1,135.29287719726562,119.96501159667969,200.04513549804688,185.13882446289062,0.8446378111839294,-1,-1,-1
364,-1,135.24432373046875,119.91471099853516,200.33522033691406,186.26564025878906,0.9528380036354065,-1,-1,-1
365,-1,133.62094116210938,119.24172973632812,200.24273681640625,187.15184020996094,0.9752407073974609,-1,-1,-1
366,-1,134.23178100585938,120.4082260131836,199.51951599121094,186.74179077148438,0.96125727891922,-1,-1,-1
367,-1,133.97491455078125,120.2949447631836,199.4078369140625,186.7192840576172,0.9462143182754517,-1,-1,-1
368,-1,132.9043426513672,119.7033920288086,198.4787139892578,186.21072387695312,0.8603507876396179,-1,-1,-1
369,-1,131.63133239746094,127.52859497070312,198.20919799804688,193.87469482421875,0.6196127533912659,-1,-1,-1
370,-1,130.30126953125,125.02006530761719,197.15798950195312,196.21002197265625,0.7984237670898438,-1,-1,-1
371,-1,129.1527099609375,122.81370544433594,195.62603759765625,197.853271484375,0.7792618870735168,-1,-1,-1
372,-1,127.75646209716797,122.35659790039062,194.52821350097656,199.05535888671875,0.7901134490966797,-1,-1,-1
373,-1,129.00823974609375,122.93685150146484,194.22573852539062,198.2548065185547,0.702279269695282,-1,-1,-1
374,-1,130.5863037109375,124.12037658691406,193.71554565429688,197.5888214111328,0.6078423857688904,-1,-1,-1
380,-1,135.07257080078125,113.41949462890625,192.487060546875,192.82774353027344,0.5744867324829102,-1,-1,-1
381,-1,136.4971466064453,113.80854797363281,191.84165954589844,192.60406494140625,0.9037398099899292,-1,-1,-1
382,-1,137.07806396484375,113.28646087646484,191.59426879882812,192.5908966064453,0.9061712026596069,-1,-1,-1
383,-1,138.21717834472656,109.77481842041016,191.44712829589844,194.35133361816406,0.9577228426933289,-1,-1,-1
384,-1,137.98284912109375,107.2135009765625,191.20436096191406,194.50723266601562,0.923050582408905,-1,-1,-1
385,-1,138.84141540527344,107.06755065917969,190.58078002929688,194.1902313232422,0.8767276406288147,-1,-1,-1
386,-1,137.78843688964844,105.79145812988281,190.9326934814453,193.79779052734375,0.8244127631187439,-1,-1,-1
387,-1,141.92149353027344,103.43842315673828,189.90065002441406,192.491455078125,0.7770566344261169,-1,-1,-1
388,-1,140.69223022460938,100.65518951416016,189.76931762695312,195.22557067871094,0.817315399646759,-1,-1,-1
389,-1,139.716796875,98.80226135253906,190.04507446289062,197.3488006591797,0.8163852691650391,-1,-1,-1
390,-1,140.0395050048828,99.37471008300781,189.66278076171875,197.46609497070312,0.7673373222351074,-1,-1,-1
391,-1,140.1896514892578,99.29985046386719,189.4707489013672,197.90972900390625,0.6959517598152161,-1,-1,-1
392,-1,140.908447265625,101.00560760498047,189.2001190185547,197.78927612304688,0.7837960720062256,-1,-1,-1
393,-1,141.61778259277344,99.25495910644531,189.05397033691406,198.01284790039062,0.8360611796379089,-1,-1,-1
394,-1,142.16195678710938,97.92001342773438,188.89349365234375,199.614990234375,0.8862004280090332,-1,-1,-1
395,-1,142.3980255126953,98.64813995361328,189.01390075683594,199.70079040527344,0.913325309753418,-1,-1,-1
396,-1,142.68563842773438,98.52577209472656,189.1024169921875,199.7002410888672,0.908012866973877,-1,-1,-1
397,-1,142.3515167236328,97.49393463134766,188.94895935058594,199.31246948242188,0.8859012722969055,-1,-1,-1
398,-1,141.62225341796875,95.93047332763672,189.6646728515625,199.4677734375,0.8205894827842712,-1,-1,-1
399,-1,142.77296447753906,97.56103515625,188.90626525878906,198.74545288085938,0.8716760277748108,-1,-1,-1
400,-1,143.4892120361328,97.11170196533203,188.60882568359375,198.82693481445312,0.8739141225814819,-1,-1,-1
400,-1,227.63352966308594,49.37367248535156,269.9809875488281,100.14813995361328,0.5955563187599182,-1,-1,-1
401,-1,142.23280334472656,95.62036895751953,189.17604064941406,199.3843536376953,0.8826315402984619,-1,-1,-1
402,-1,144.85621643066406,94.82925415039062,189.15170288085938,187.4805145263672,0.9292808771133423,-1,-1,-1
402,-1,222.0718536376953,53.52204895019531,264.814453125,98.68022155761719,0.5798917412757874,-1,-1,-1
403,-1,144.16673278808594,93.6117935180664,188.62762451171875,187.56065368652344,0.862678050994873,-1,-1,-1
403,-1,222.58790588378906,54.59716796875,263.8052062988281,98.2343978881836,0.6383945941925049,-1,-1,-1
404,-1,145.32579040527344,93.75932312011719,188.29302978515625,186.58509826660156,0.8133291006088257,-1,-1,-1
404,-1,223.1796112060547,55.315711975097656,263.0041198730469,97.55766296386719,0.5359981060028076,-1,-1,-1
405,-1,142.90406799316406,91.84520721435547,188.9338836669922,190.44895935058594,0.9204590320587158,-1,-1,-1
406,-1,139.01612854003906,92.45645141601562,189.23260498046875,190.76678466796875,0.9242595434188843,-1,-1,-1
406,-1,221.47665405273438,43.01992416381836,263.23651123046875,108.32129669189453,0.661357581615448,-1,-1,-1
407,-1,141.410888671875,92.30703735351562,189.15464782714844,188.4564208984375,0.854933500289917,-1,-1,-1
407,-1,222.16726684570312,54.16465759277344,263.0384521484375,98.20364379882812,0.5033780932426453,-1,-1,-1
408,-1,142.97140502929688,94.07025146484375,189.3470458984375,183.8963623046875,0.6309368014335632,-1,-1,-1
408,-1,221.1072998046875,53.88845443725586,262.18536376953125,98.60525512695312,0.5888325572013855,-1,-1,-1
409,-1,143.68978881835938,92.25349426269531,189.44424438476562,183.80540466308594,0.7803006172180176,-1,-1,-1
409,-1,220.330810546875,53.22322082519531,262.4389343261719,100.9570083618164,0.6980210542678833,-1,-1,-1
410,-1,144.83729553222656,92.57439422607422,189.156494140625,183.2396240234375,0.7753326296806335,-1,-1,-1
411,-1,142.6050262451172,93.93600463867188,189.16818237304688,182.2711639404297,0.5970401763916016,-1,-1,-1
412,-1,141.8898162841797,93.7001953125,189.5616455078125,183.49571228027344,0.5232071280479431,-1,-1,-1
413,-1,138.52117919921875,92.2908706665039,190.970458984375,184.97119140625,0.7937127947807312,-1,-1,-1
414,-1,136.84344482421875,91.9403305053711,191.4045867919922,185.18658447265625,0.8406436443328857,-1,-1,-1
414,-1,215.9707794189453,42.79566955566406,261.24676513671875,111.59449005126953,0.5507081747055054,-1,-1,-1
415,-1,136.82984924316406,91.45460510253906,191.42495727539062,185.07144165039062,0.849873423576355,-1,-1,-1
415,-1,216.63575744628906,50.402854919433594,261.033203125,99.57688903808594,0.5795010924339294,-1,-1,-1
416,-1,137.79257202148438,91.87570190429688,191.26844787597656,185.08407592773438,0.7680050134658813,-1,-1,-1
416,-1,216.08401489257812,50.605186462402344,260.266357421875,99.13212585449219,0.5260899066925049,-1,-1,-1
417,-1,137.39602661132812,91.46607208251953,191.23898315429688,185.35044860839844,0.8105853199958801,-1,-1,-1
417,-1,216.3528289794922,51.207218170166016,259.58416748046875,99.6848373413086,0.7222855091094971,-1,-1,-1
418,-1,136.908447265625,92.29271697998047,190.91378784179688,184.66722106933594,0.7740565538406372,-1,-1,-1
418,-1,216.82159423828125,51.412200927734375,259.8567810058594,98.78424072265625,0.7479766011238098,-1,-1,-1
419,-1,215.82659912109375,51.578834533691406,259.6341247558594,99.07086181640625,0.7524400949478149,-1,-1,-1
419,-1,136.9997100830078,93.04393005371094,191.28541564941406,182.68746948242188,0.7288928031921387,-1,-1,-1
420,-1,216.75636291503906,51.962989807128906,260.19244384765625,99.91431427001953,0.8289408087730408,-1,-1,-1
420,-1,135.8750762939453,92.9076919555664,191.36273193359375,182.613037109375,0.7955377101898193,-1,-1,-1
421,-1,135.4691162109375,93.09951782226562,191.35324096679688,182.91456604003906,0.8347998857498169,-1,-1,-1
421,-1,214.89053344726562,51.126861572265625,258.54376220703125,100.0548324584961,0.7097563743591309,-1,-1,-1
422,-1,135.20382690429688,90.83213806152344,190.64703369140625,184.79220581054688,0.9087159037590027,-1,-1,-1
422,-1,209.41708374023438,46.024417877197266,251.27732849121094,113.69078826904297,0.6853890419006348,-1,-1,-1
423,-1,135.99932861328125,90.62210083007812,190.30931091308594,185.0577392578125,0.84890216588974,-1,-1,-1
423,-1,208.97840881347656,45.705020904541016,251.43324279785156,114.75621032714844,0.5824060440063477,-1,-1,-1
424,-1,207.0709991455078,52.857383728027344,250.2525177001953,120.21866607666016,0.6669079661369324,-1,-1,-1
426,-1,207.2210693359375,45.94392013549805,250.00131225585938,114.4687728881836,0.7478549480438232,-1,-1,-1
427,-1,207.12863159179688,45.21452713012695,248.5838165283203,111.83010864257812,0.5621861219406128,-1,-1,-1
428,-1,206.84182739257812,46.298065185546875,249.26210021972656,112.3111572265625,0.8987505435943604,-1,-1,-1
429,-1,206.78829956054688,45.487030029296875,249.75506591796875,111.7547836303711,0.6650927066802979,-1,-1,-1
438,-1,195.47210693359375,43.950843811035156,240.38758850097656,114.95474243164062,0.5674692392349243,-1,-1,-1
