15,-1,139.03904724121094,105.76765441894531,192.15431213378906,166.92938232421875,0.5121233463287354,-1,-1,-1
20,-1,140.07879638671875,105.66941833496094,192.31712341308594,166.8852081298828,0.6247490644454956,-1,-1,-1
29,-1,138.56710815429688,105.91252136230469,191.10205078125,167.1746368408203,0.5413219332695007,-1,-1,-1
32,-1,138.64137268066406,106.06312561035156,191.28372192382812,167.410400390625,0.5020155906677246,-1,-1,-1
34,-1,138.6663360595703,105.74325561523438,191.3092041015625,167.38995361328125,0.5364036560058594,-1,-1,-1
36,-1,138.46922302246094,105.68521118164062,191.33941650390625,167.31390380859375,0.5279049277305603,-1,-1,-1
39,-1,139.07640075683594,105.88359832763672,191.05288696289062,167.10670471191406,0.5165201425552368,-1,-1,-1
48,-1,139.57681274414062,105.43020629882812,190.76292419433594,167.06875610351562,0.5299962759017944,-1,-1,-1
49,-1,139.57322692871094,105.43526458740234,190.768310546875,167.11500549316406,0.5223926901817322,-1,-1,-1
58,-1,239.58139038085938,0.5275902152061462,294.06964111328125,107.46520233154297,0.6520245671272278,-1,-1,-1
77,-1,237.45689392089844,1.6138458251953125,316.3592834472656,104.45812225341797,0.5507358908653259,-1,-1,-1
78,-1,221.54788208007812,3.2932164669036865,313.59716796875,105.00877380371094,0.5362910032272339,-1,-1,-1
79,-1,221.5125274658203,3.284102201461792,313.54351806640625,104.86409759521484,0.5341449975967407,-1,-1,-1
80,-1,224.06674194335938,3.527127981185913,311.4673767089844,119.40018463134766,0.9695373773574829,-1,-1,-1
81,-1,218.65093994140625,5.94895601272583,315.4110107421875,121.34725952148438,0.9880324006080627,-1,-1,-1
82,-1,212.236328125,4.874843120574951,317.51483154296875,124.94068908691406,0.9802000522613525,-1,-1,-1
83,-1,209.7071990966797,5.9358391761779785,317.22760009765625,130.6925506591797,0.7930729389190674,-1,-1,-1
84,-1,202.82606506347656,4.0298871994018555,311.9790344238281,141.62786865234375,0.9974319338798523,-1,-1,-1
85,-1,202.75064086914062,4.0665788650512695,311.87481689453125,141.48794555664062,0.9974567294120789,-1,-1,-1
86,-1,201.20138549804688,5.070196151733398,307.0550842285156,145.97311401367188,0.9915717840194702,-1,-1,-1
87,-1,195.02784729003906,6.975854873657227,312.11376953125,140.42489624023438,0.9913820028305054,-1,-1,-1
88,-1,193.52474975585938,18.80332374572754,286.9658203125,159.97158813476562,0.9582029581069946,-1,-1,-1
88,-1,194.61627197265625,3.289243221282959,315.0543518066406,238.9307098388672,0.5376792550086975,-1,-1,-1
89,-1,192.64346313476562,21.6380672454834,286.5905456542969,158.4202423095703,0.8298124670982361,-1,-1,-1
89,-1,194.42689514160156,4.548868179321289,316.52496337890625,238.9379425048828,0.5502196550369263,-1,-1,-1
90,-1,193.23509216308594,-1.894766092300415,315.5535583496094,245.76608276367188,0.8692348003387451,-1,-1,-1
90,-1,193.50050354003906,20.93187141418457,286.1724853515625,165.76573181152344,0.7973608374595642,-1,-1,-1
91,-1,193.4378204345703,-2.030897855758667,315.5133056640625,246.0197296142578,0.8724695444107056,-1,-1,-1
91,-1,193.46249389648438,20.946395874023438,286.272216796875,165.7115020751953,0.7808098196983337,-1,-1,-1
92,-1,191.8621063232422,20.975605010986328,289.8346252441406,158.89767456054688,0.6779620051383972,-1,-1,-1
92,-1,192.46014404296875,2.698786735534668,316.12042236328125,242.99105834960938,0.5090430378913879,-1,-1,-1
93,-1,195.99740600585938,21.445764541625977,281.44384765625,130.31529235839844,0.8402748107910156,-1,-1,-1
94,-1,196.08811950683594,22.768108367919922,277.43084716796875,132.2121124267578,0.6012752652168274,-1,-1,-1
94,-1,139.4215545654297,105.17631530761719,190.3681182861328,168.8770294189453,0.5038163661956787,-1,-1,-1
96,-1,138.79339599609375,105.7595443725586,190.82176208496094,168.99484252929688,0.5255634188652039,-1,-1,-1
97,-1,115.63761901855469,104.97309875488281,196.8496856689453,172.40260314941406,0.5243943929672241,-1,-1,-1
98,-1,115.63675689697266,88.54985809326172,194.68528747558594,167.3094024658203,0.5860584378242493,-1,-1,-1
113,-1,192.00100708007812,73.0318374633789,241.3157958984375,183.601318359375,0.9260895848274231,-1,-1,-1
113,-1,177.16207885742188,46.539066314697266,255.14926147460938,195.42071533203125,0.5154078602790833,-1,-1,-1
114,-1,190.85971069335938,77.35429382324219,240.139892578125,178.73052978515625,0.8639166951179504,-1,-1,-1
115,-1,190.92230224609375,77.3761978149414,240.1261749267578,178.70108032226562,0.8603453636169434,-1,-1,-1
116,-1,190.8029327392578,79.74569702148438,240.94847106933594,176.12149047851562,0.964469850063324,-1,-1,-1
117,-1,192.5548553466797,83.9296875,241.6761932373047,172.15338134765625,0.7562223672866821,-1,-1,-1
118,-1,190.61256408691406,87.9609375,243.7906036376953,188.14971923828125,0.6925377249717712,-1,-1,-1
128,-1,112.97708129882812,83.6163101196289,195.20535278320312,167.8514404296875,0.7670881152153015,-1,-1,-1
130,-1,112.83229064941406,85.76554107666016,195.1072998046875,166.873291015625,0.5123326778411865,-1,-1,-1
136,-1,112.46092224121094,87.89505004882812,194.74578857421875,165.38705444335938,0.5416596531867981,-1,-1,-1
137,-1,112.06124877929688,89.31546783447266,194.96722412109375,164.4557342529297,0.5014723539352417,-1,-1,-1
138,-1,112.19921112060547,87.85325622558594,195.2409210205078,165.3709716796875,0.5319074392318726,-1,-1,-1
139,-1,112.08354187011719,87.7032241821289,195.3578338623047,165.37295532226562,0.5539496541023254,-1,-1,-1
140,-1,113.03364562988281,88.7536392211914,194.50790405273438,164.2755889892578,0.5165678858757019,-1,-1,-1
141,-1,112.8879165649414,87.07345581054688,195.7376251220703,165.0927276611328,0.5840569734573364,-1,-1,-1
142,-1,111.78165435791016,87.88044738769531,195.7439422607422,164.96084594726562,0.5544334650039673,-1,-1,-1
143,-1,111.63970947265625,87.8818588256836,193.9393768310547,164.84080505371094,0.5180049538612366,-1,-1,-1
144,-1,111.6530990600586,88.72047424316406,194.0398406982422,164.07681274414062,0.5144526362419128,-1,-1,-1
145,-1,111.62229919433594,88.72735595703125,194.2498016357422,163.9302978515625,0.5121937990188599,-1,-1,-1
146,-1,112.21832275390625,89.03373718261719,194.46214294433594,163.74835205078125,0.6888896226882935,-1,-1,-1
147,-1,112.41317749023438,88.90142059326172,195.02243041992188,163.70265197753906,0.7067099809646606,-1,-1,-1
148,-1,112.41571044921875,88.1251449584961,194.94529724121094,164.98741149902344,0.7085988521575928,-1,-1,-1
149,-1,111.8954849243164,88.90534210205078,196.3057861328125,164.9872283935547,0.7819505929946899,-1,-1,-1
150,-1,111.53701782226562,89.32064056396484,196.47911071777344,164.3763427734375,0.7047382593154907,-1,-1,-1
151,-1,111.7727279663086,89.56002044677734,196.3036346435547,164.47872924804688,0.708484947681427,-1,-1,-1
152,-1,113.62395477294922,90.16917419433594,196.03042602539062,163.32968139648438,0.5446454882621765,-1,-1,-1
153,-1,113.23258209228516,88.6111831665039,195.67239379882812,164.7108154296875,0.6661962866783142,-1,-1,-1
154,-1,113.34782409667969,89.60637664794922,194.90354919433594,165.23350524902344,0.5609630942344666,-1,-1,-1
155,-1,111.75965881347656,91.3204345703125,195.27647399902344,164.60430908203125,0.5477931499481201,-1,-1,-1
156,-1,112.53778076171875,92.15174865722656,195.5901336669922,163.98988342285156,0.7168225646018982,-1,-1,-1
157,-1,112.4321060180664,92.12327575683594,195.52777099609375,164.07583618164062,0.7086893320083618,-1,-1,-1
158,-1,111.24190521240234,91.63465881347656,196.58172607421875,164.79344177246094,0.7544960975646973,-1,-1,-1
159,-1,111.80857849121094,92.41609954833984,195.52517700195312,164.09783935546875,0.7199167609214783,-1,-1,-1
160,-1,110.59612274169922,92.00289154052734,195.92271423339844,164.7882843017578,0.658490002155304,-1,-1,-1
161,-1,110.55543518066406,91.64950561523438,196.16299438476562,165.29458618164062,0.7050436735153198,-1,-1,-1
162,-1,110.63439178466797,91.67620086669922,195.75880432128906,165.13345336914062,0.7263898253440857,-1,-1,-1
163,-1,110.60034942626953,91.3747329711914,195.94297790527344,165.15728759765625,0.7358589172363281,-1,-1,-1
164,-1,111.31310272216797,89.91157531738281,195.82083129882812,165.79566955566406,0.7169299125671387,-1,-1,-1
165,-1,112.56227111816406,90.34529876708984,195.97445678710938,165.37734985351562,0.7095293402671814,-1,-1,-1
166,-1,112.70082092285156,90.9073257446289,196.1243896484375,165.34800720214844,0.7285832166671753,-1,-1,-1
167,-1,113.78233337402344,90.8750991821289,195.8345184326172,165.56056213378906,0.7551616430282593,-1,-1,-1
168,-1,113.48844909667969,90.9378890991211,195.54241943359375,165.19976806640625,0.7116754055023193,-1,-1,-1
169,-1,113.50529479980469,90.81663513183594,195.54383850097656,165.2984161376953,0.7070854902267456,-1,-1,-1
170,-1,112.6678466796875,91.31169128417969,195.1354217529297,165.14410400390625,0.6599360704421997,-1,-1,-1
171,-1,113.033447265625,91.0195083618164,195.56265258789062,165.13858032226562,0.7025550007820129,-1,-1,-1
172,-1,113.59729766845703,87.97064208984375,195.75111389160156,167.46310424804688,0.7421637773513794,-1,-1,-1
173,-1,114.51936340332031,89.39019775390625,195.8511505126953,166.3327178955078,0.6893267035484314,-1,-1,-1
174,-1,113.21598815917969,87.72099304199219,196.6393280029297,166.7432861328125,0.6777805685997009,-1,-1,-1
175,-1,112.91067504882812,87.91036987304688,196.68556213378906,166.690673828125,0.6751910448074341,-1,-1,-1
176,-1,113.0552749633789,90.87850952148438,196.98712158203125,164.7206573486328,0.5675227642059326,-1,-1,-1
177,-1,113.3223876953125,89.54345703125,197.5705108642578,165.467529296875,0.6021701097488403,-1,-1,-1
178,-1,114.31939697265625,89.4510726928711,197.476806640625,165.76937866210938,0.770336389541626,-1,-1,-1
179,-1,112.89127349853516,90.63469696044922,195.87538146972656,164.9022674560547,0.7069970965385437,-1,-1,-1
180,-1,112.45295715332031,91.71064758300781,195.7972412109375,163.9232177734375,0.6248170733451843,-1,-1,-1
181,-1,112.57453155517578,91.39493560791016,195.68031311035156,164.07635498046875,0.6380400061607361,-1,-1,-1
194,-1,111.1770248413086,91.08236694335938,196.3563232421875,164.38348388671875,0.597768247127533,-1,-1,-1
195,-1,111.63339233398438,90.99796295166016,197.74270629882812,164.4993438720703,0.553339958190918,-1,-1,-1
196,-1,110.95536804199219,88.8177719116211,198.80235290527344,165.7227783203125,0.5623910427093506,-1,-1,-1
197,-1,112.45682525634766,90.3582992553711,198.99465942382812,164.8169403076172,0.7137093544006348,-1,-1,-1
198,-1,112.6731948852539,89.83121490478516,198.6897430419922,164.8266143798828,0.7264629602432251,-1,-1,-1
199,-1,112.58747863769531,89.8647232055664,198.60963439941406,164.82440185546875,0.7247768640518188,-1,-1,-1
200,-1,112.56251525878906,90.31639099121094,197.29718017578125,164.34169006347656,0.7135303616523743,-1,-1,-1
201,-1,113.54727172851562,88.14067840576172,197.2401580810547,165.39817810058594,0.6854579448699951,-1,-1,-1
202,-1,113.50042724609375,89.07161712646484,196.337646484375,164.7835693359375,0.668135404586792,-1,-1,-1
203,-1,113.15911102294922,91.0142593383789,195.67735290527344,163.6947479248047,0.642569899559021,-1,-1,-1
204,-1,112.75482940673828,89.82330322265625,196.05027770996094,164.12086486816406,0.6818666458129883,-1,-1,-1
205,-1,113.11659240722656,89.96987915039062,195.88873291015625,164.01107788085938,0.6799575090408325,-1,-1,-1
206,-1,113.61128234863281,89.04371643066406,195.52688598632812,164.965087890625,0.7083879113197327,-1,-1,-1
207,-1,113.45996856689453,90.45729064941406,196.11573791503906,164.72842407226562,0.6903999447822571,-1,-1,-1
208,-1,111.76895904541016,88.95687103271484,197.17410278320312,164.89730834960938,0.6341856122016907,-1,-1,-1
209,-1,112.60601043701172,89.56939697265625,198.4791717529297,164.6117706298828,0.7438022494316101,-1,-1,-1
210,-1,114.2038803100586,85.23680114746094,196.92124938964844,165.44337463378906,0.7131425142288208,-1,-1,-1
211,-1,114.07408142089844,85.72329711914062,196.86663818359375,165.30450439453125,0.7104421257972717,-1,-1,-1
212,-1,113.28904724121094,87.24140167236328,196.55357360839844,166.41941833496094,0.81120365858078,-1,-1,-1
213,-1,111.8887939453125,86.11947631835938,198.0117645263672,166.92263793945312,0.7988147735595703,-1,-1,-1
214,-1,112.18527221679688,86.19548797607422,197.32241821289062,166.64654541015625,0.7631003260612488,-1,-1,-1
215,-1,112.08354187011719,87.34284973144531,197.15017700195312,166.6997833251953,0.7364762425422668,-1,-1,-1
216,-1,111.41691589355469,87.9477767944336,198.24607849121094,166.14659118652344,0.7185739278793335,-1,-1,-1
217,-1,111.35601043701172,87.79092407226562,198.26080322265625,166.1737518310547,0.7379364967346191,-1,-1,-1
218,-1,111.1470718383789,86.993408203125,197.95596313476562,166.3226776123047,0.7456362247467041,-1,-1,-1
219,-1,110.96009063720703,87.38074493408203,198.4412384033203,165.95748901367188,0.7295751571655273,-1,-1,-1
220,-1,111.15901184082031,86.857177734375,197.8567352294922,167.1303253173828,0.6811748743057251,-1,-1,-1
221,-1,111.34988403320312,88.6071548461914,198.41928100585938,166.2208251953125,0.7356880307197571,-1,-1,-1
222,-1,110.7078628540039,86.24497985839844,197.66043090820312,167.27691650390625,0.7308581471443176,-1,-1,-1
223,-1,110.72468566894531,86.35813903808594,197.6554718017578,167.26278686523438,0.7417098879814148,-1,-1,-1
224,-1,111.01919555664062,88.11056518554688,198.006103515625,166.58419799804688,0.754423975944519,-1,-1,-1
225,-1,111.63153839111328,85.82868957519531,197.48159790039062,167.9609375,0.6659743785858154,-1,-1,-1
226,-1,110.74494171142578,86.53662872314453,197.7881622314453,166.1269073486328,0.6672602891921997,-1,-1,-1
227,-1,110.03671264648438,88.01473999023438,197.11656188964844,166.04087829589844,0.6987282037734985,-1,-1,-1
228,-1,110.15129852294922,90.53743743896484,197.57398986816406,165.60186767578125,0.6638106107711792,-1,-1,-1
229,-1,110.06897735595703,90.26870727539062,197.59214782714844,165.8451690673828,0.6501129865646362,-1,-1,-1
230,-1,110.87953186035156,88.1453628540039,197.68301391601562,167.09347534179688,0.6136795282363892,-1,-1,-1
231,-1,110.90071868896484,90.54740905761719,196.6740264892578,165.19406127929688,0.6431347131729126,-1,-1,-1
232,-1,109.52713775634766,89.29354095458984,197.5117645263672,165.65585327148438,0.5962295532226562,-1,-1,-1
233,-1,110.0663833618164,90.77975463867188,198.9944305419922,165.24183654785156,0.6122994422912598,-1,-1,-1
234,-1,110.69084930419922,89.11506652832031,197.57041931152344,166.06349182128906,0.6748647093772888,-1,-1,-1
235,-1,110.53923797607422,88.9767837524414,197.57479858398438,166.23492431640625,0.6642880439758301,-1,-1,-1
236,-1,109.71561431884766,90.0040054321289,197.7918701171875,165.5303192138672,0.5504264235496521,-1,-1,-1
237,-1,109.77525329589844,88.97299194335938,197.5967254638672,165.85166931152344,0.5993976593017578,-1,-1,-1
238,-1,109.259033203125,90.14776611328125,198.24404907226562,165.38067626953125,0.560727596282959,-1,-1,-1
239,-1,110.4917984008789,87.23367309570312,197.2077178955078,166.2794189453125,0.5987086892127991,-1,-1,-1
240,-1,110.40824127197266,103.07804870605469,198.50765991210938,170.89968872070312,0.6653269529342651,-1,-1,-1
241,-1,110.41413116455078,103.09577941894531,198.61868286132812,170.9322509765625,0.6584529876708984,-1,-1,-1
242,-1,109.54609680175781,88.8296127319336,197.69728088378906,166.28623962402344,0.6272546052932739,-1,-1,-1
243,-1,110.40416717529297,88.975830078125,197.2268524169922,165.6195526123047,0.5338581800460815,-1,-1,-1
244,-1,110.69793701171875,86.27156829833984,196.74777221679688,166.43316650390625,0.5149040818214417,-1,-1,-1
245,-1,110.83908081054688,88.81419372558594,197.4580535888672,166.11891174316406,0.5987219214439392,-1,-1,-1
246,-1,111.6916732788086,87.19036102294922,197.9073944091797,167.0110626220703,0.7348670959472656,-1,-1,-1
247,-1,111.65165710449219,87.02007293701172,198.008544921875,167.20440673828125,0.74139803647995,-1,-1,-1
248,-1,111.19385528564453,88.9148178100586,198.23812866210938,165.75674438476562,0.6753310561180115,-1,-1,-1
249,-1,110.28848266601562,87.28205871582031,198.72897338867188,166.74154663085938,0.6666518449783325,-1,-1,-1
250,-1,111.4676513671875,87.59072875976562,198.56398010253906,166.5111083984375,0.7306239604949951,-1,-1,-1
251,-1,109.74685668945312,88.68032836914062,197.9952850341797,166.21681213378906,0.5457715392112732,-1,-1,-1
252,-1,109.6717758178711,90.04682159423828,197.5081024169922,165.4596710205078,0.5457516312599182,-1,-1,-1
253,-1,109.69279479980469,90.1570816040039,197.55235290527344,165.4722900390625,0.541100263595581,-1,-1,-1
254,-1,109.59463500976562,89.16021728515625,196.72933959960938,166.3946075439453,0.5347567200660706,-1,-1,-1
255,-1,110.8296890258789,88.72835540771484,196.5261688232422,166.6363067626953,0.5433580875396729,-1,-1,-1
256,-1,109.75224304199219,88.72115325927734,197.3188934326172,166.1162567138672,0.5510621070861816,-1,-1,-1
257,-1,110.03721618652344,89.04647827148438,196.7578125,165.90383911132812,0.5799804925918579,-1,-1,-1
258,-1,110.95799255371094,87.7874755859375,197.17196655273438,166.03604125976562,0.7014822363853455,-1,-1,-1
259,-1,110.9535903930664,87.85470581054688,197.11810302734375,166.11251831054688,0.7007355093955994,-1,-1,-1
260,-1,112.08405303955078,89.94746398925781,196.78179931640625,165.37599182128906,0.5291534662246704,-1,-1,-1
261,-1,111.70126342773438,89.20398712158203,197.06338500976562,165.728271484375,0.6564237475395203,-1,-1,-1
262,-1,111.44895935058594,89.68798828125,196.4939727783203,164.95330810546875,0.5827479362487793,-1,-1,-1
264,-1,111.11083984375,89.30029296875,196.6488494873047,165.1468505859375,0.6881556510925293,-1,-1,-1
265,-1,111.11772155761719,88.97122955322266,196.65676879882812,165.36105346679688,0.700352668762207,-1,-1,-1
266,-1,111.40213775634766,89.5318832397461,196.23800659179688,165.56594848632812,0.6470069885253906,-1,-1,-1
267,-1,110.32083129882812,90.88456726074219,196.49606323242188,165.19589233398438,0.573187530040741,-1,-1,-1
268,-1,109.7804183959961,90.48470306396484,196.83682250976562,165.06991577148438,0.6373401284217834,-1,-1,-1
269,-1,110.03711700439453,91.45215606689453,196.53616333007812,164.44798278808594,0.6943387389183044,-1,-1,-1
270,-1,110.74077606201172,89.53020477294922,197.60682678222656,164.4540557861328,0.7323265075683594,-1,-1,-1
271,-1,111.12123107910156,89.5343017578125,197.59439086914062,164.437744140625,0.7553614974021912,-1,-1,-1
272,-1,110.15940856933594,90.77079772949219,197.26437377929688,164.96290588378906,0.6515449285507202,-1,-1,-1
273,-1,111.7120361328125,91.24591827392578,196.72708129882812,165.02471923828125,0.7259474396705627,-1,-1,-1
274,-1,111.6069107055664,92.63157653808594,197.32077026367188,163.5636749267578,0.605158269405365,-1,-1,-1
275,-1,110.43879699707031,89.14097595214844,197.85549926757812,165.59156799316406,0.7117898464202881,-1,-1,-1
276,-1,109.57197570800781,89.60972595214844,197.5033416748047,164.48367309570312,0.7264138460159302,-1,-1,-1
277,-1,109.39116668701172,89.603271484375,197.5572509765625,164.5609130859375,0.7232913374900818,-1,-1,-1
278,-1,110.53246307373047,87.78459930419922,197.66653442382812,165.41168212890625,0.6713736057281494,-1,-1,-1
279,-1,109.48152160644531,89.1583480834961,197.9596710205078,164.63177490234375,0.5101197361946106,-1,-1,-1
280,-1,111.75212097167969,87.7115249633789,195.91981506347656,164.80914306640625,0.5240100026130676,-1,-1,-1
281,-1,186.94557189941406,117.46920013427734,246.50653076171875,211.58349609375,0.8104751706123352,-1,-1,-1
281,-1,112.41641998291016,87.73672485351562,195.0208740234375,164.56619262695312,0.5631920695304871,-1,-1,-1
282,-1,188.1812286376953,116.9719467163086,245.84759521484375,208.48435974121094,0.7110745906829834,-1,-1,-1
282,-1,111.3541030883789,86.5499496459961,195.5294647216797,164.96934509277344,0.6445522904396057,-1,-1,-1
283,-1,188.219970703125,117.03519439697266,245.88491821289062,208.20297241210938,0.6964555382728577,-1,-1,-1
283,-1,110.88444519042969,86.90637969970703,195.52865600585938,165.0817108154297,0.630813479423523,-1,-1,-1
284,-1,187.39883422851562,117.30873107910156,245.66732788085938,206.91453552246094,0.7144061923027039,-1,-1,-1
284,-1,111.80754089355469,88.06752014160156,194.80421447753906,165.4150848388672,0.654952347278595,-1,-1,-1
285,-1,187.9817352294922,116.48721313476562,245.5738067626953,205.4384002685547,0.6422325968742371,-1,-1,-1
286,-1,186.7008056640625,110.89065551757812,244.62449645996094,193.8856201171875,0.6875956654548645,-1,-1,-1
287,-1,186.4325714111328,108.62739562988281,246.0531463623047,191.86729431152344,0.7130425572395325,-1,-1,-1
287,-1,112.84384155273438,86.5845718383789,195.19085693359375,166.04257202148438,0.6323835849761963,-1,-1,-1
288,-1,187.02377319335938,107.57585144042969,245.0858917236328,192.56561279296875,0.7256653308868408,-1,-1,-1
288,-1,111.85685729980469,87.23092651367188,194.25369262695312,165.65423583984375,0.6310909986495972,-1,-1,-1
289,-1,187.1015625,107.63279724121094,245.1263427734375,192.373779296875,0.7119610905647278,-1,-1,-1
289,-1,111.8829345703125,87.2349624633789,194.21348571777344,165.6343536376953,0.6182082295417786,-1,-1,-1
290,-1,187.70835876464844,106.58918762207031,243.88380432128906,193.51287841796875,0.7796264290809631,-1,-1,-1
291,-1,186.263427734375,105.12734985351562,244.09349060058594,194.56146240234375,0.8142346739768982,-1,-1,-1
292,-1,185.01426696777344,104.73013305664062,243.17730712890625,194.7942657470703,0.7291975617408752,-1,-1,-1
293,-1,185.7782745361328,104.19074249267578,242.3450927734375,195.43963623046875,0.8067348003387451,-1,-1,-1
294,-1,188.56582641601562,103.53081512451172,240.94931030273438,195.74673461914062,0.6760726571083069,-1,-1,-1
295,-1,188.5249481201172,103.44544982910156,240.94692993164062,195.77346801757812,0.6750701069831848,-1,-1,-1
296,-1,188.2150115966797,102.42881774902344,239.63870239257812,195.4681396484375,0.5765829086303711,-1,-1,-1
297,-1,186.2393035888672,104.14665222167969,238.9114532470703,194.126953125,0.7245046496391296,-1,-1,-1
298,-1,186.4100799560547,102.35515594482422,238.90260314941406,196.1865997314453,0.8666409850120544,-1,-1,-1
299,-1,187.28079223632812,102.23271179199219,238.52108764648438,196.02938842773438,0.7162894010543823,-1,-1,-1
300,-1,186.1548614501953,100.62639617919922,238.30471801757812,197.76109313964844,0.69831782579422,-1,-1,-1
301,-1,186.09642028808594,100.75845336914062,238.30026245117188,197.63888549804688,0.7051564455032349,-1,-1,-1
303,-1,187.4689483642578,101.89128875732422,237.3450469970703,197.0556640625,0.5076300501823425,-1,-1,-1
304,-1,187.90545654296875,101.36489868164062,237.15843200683594,197.2136993408203,0.5166789889335632,-1,-1,-1
342,-1,111.64404296875,82.63880920410156,198.24378967285156,169.6911163330078,0.6586685180664062,-1,-1,-1
343,-1,111.45512390136719,82.49642944335938,198.1165313720703,169.9700469970703,0.6692874431610107,-1,-1,-1
348,-1,111.81962585449219,84.31944274902344,198.7356414794922,168.69825744628906,0.5041059851646423,-1,-1,-1
349,-1,111.79037475585938,84.29290771484375,198.74606323242188,168.805419921875,0.5054264664649963,-1,-1,-1
374,-1,113.41294860839844,85.59951782226562,194.80023193359375,168.63299560546875,0.5590391755104065,-1,-1,-1
374,-1,114.29816436767578,103.1714096069336,194.27969360351562,171.99700927734375,0.5022112131118774,-1,-1,-1
375,-1,189.0524139404297,94.97535705566406,243.321533203125,179.3065948486328,0.7712899446487427,-1,-1,-1
375,-1,189.0524139404297,94.97535705566406,243.321533203125,179.3065948486328,0.6710598468780518,-1,-1,-1
375,-1,114.24067687988281,83.9962158203125,194.423828125,170.14047241210938,0.6344038844108582,-1,-1,-1
375,-1,115.60440063476562,102.59373474121094,192.73443603515625,171.56517028808594,0.5131164193153381,-1,-1,-1
376,-1,114.01256561279297,83.94986724853516,194.53492736816406,168.9178466796875,0.6652160882949829,-1,-1,-1
380,-1,113.39430236816406,82.9039306640625,197.05752563476562,168.53265380859375,0.5293148756027222,-1,-1,-1
382,-1,183.7413330078125,92.78395080566406,241.5283966064453,185.4379425048828,0.6961585283279419,-1,-1,-1
385,-1,183.71115112304688,95.00215148925781,241.89913940429688,183.80653381347656,0.5281449556350708,-1,-1,-1
386,-1,183.52603149414062,96.34227752685547,241.25750732421875,185.2104949951172,0.682565450668335,-1,-1,-1
387,-1,184.43275451660156,97.87187194824219,240.49319458007812,200.6884765625,0.5781364440917969,-1,-1,-1
388,-1,183.3728790283203,94.8519287109375,240.83497619628906,185.1959686279297,0.5202999114990234,-1,-1,-1
389,-1,183.41458129882812,94.39080047607422,240.60621643066406,184.70156860351562,0.6282444000244141,-1,-1,-1
394,-1,185.48597717285156,92.59408569335938,240.33831787109375,181.66908264160156,0.7913364768028259,-1,-1,-1
395,-1,186.6178741455078,93.26143646240234,240.11781311035156,178.95826721191406,0.6093952655792236,-1,-1,-1
399,-1,186.44248962402344,91.66818237304688,241.58973693847656,180.37193298339844,0.6222108602523804,-1,-1,-1
400,-1,185.7333526611328,92.1405029296875,241.52108764648438,180.529296875,0.7987799644470215,-1,-1,-1
401,-1,185.3006134033203,90.54545593261719,242.4969482421875,180.76068115234375,0.6551674008369446,-1,-1,-1
402,-1,185.11807250976562,90.141845703125,241.48062133789062,182.6474151611328,0.7046664953231812,-1,-1,-1
403,-1,185.13577270507812,90.04237365722656,241.62509155273438,182.7118682861328,0.7124359011650085,-1,-1,-1
404,-1,185.0916748046875,89.33069610595703,242.03448486328125,182.4747772216797,0.6676498055458069,-1,-1,-1
405,-1,109.42520141601562,88.01114654541016,196.17498779296875,167.14276123046875,0.5969362854957581,-1,-1,-1
405,-1,184.1139373779297,88.9697494506836,244.20899963378906,182.72311401367188,0.5940142273902893,-1,-1,-1
406,-1,183.89346313476562,88.60992431640625,245.15621948242188,182.3570098876953,0.6304433345794678,-1,-1,-1
406,-1,109.82575988769531,88.54583740234375,196.62283325195312,165.81419372558594,0.5208425521850586,-1,-1,-1
408,-1,183.8697967529297,88.96552276611328,244.68698120117188,181.9748992919922,0.8023586273193359,-1,-1,-1
409,-1,183.80357360839844,89.15704345703125,244.73182678222656,181.72015380859375,0.7993117570877075,-1,-1,-1
410,-1,183.1597137451172,89.78360748291016,245.5415496826172,182.02493286132812,0.8762467503547668,-1,-1,-1
411,-1,183.9429931640625,90.27677154541016,244.9083251953125,181.66831970214844,0.6256961226463318,-1,-1,-1
412,-1,183.44448852539062,91.5985336303711,244.83885192871094,181.2894287109375,0.7788466215133667,-1,-1,-1
413,-1,183.69874572753906,91.00534057617188,245.36337280273438,181.83152770996094,0.7725587487220764,-1,-1,-1
414,-1,183.4013214111328,92.10455322265625,244.53919982910156,180.84375,0.6060985922813416,-1,-1,-1
415,-1,183.443115234375,92.10115814208984,244.44822692871094,180.76068115234375,0.5811948180198669,-1,-1,-1
416,-1,183.5671844482422,92.24960327148438,244.51271057128906,181.55621337890625,0.6202473640441895,-1,-1,-1
417,-1,184.3514404296875,91.76224517822266,244.8735809326172,181.31256103515625,0.540808379650116,-1,-1,-1
423,-1,183.7313232421875,92.4407730102539,244.34207153320312,181.0400848388672,0.5290902853012085,-1,-1,-1
424,-1,183.73292541503906,91.47105407714844,245.3035125732422,182.17276000976562,0.6565104722976685,-1,-1,-1
428,-1,184.66163635253906,89.08732604980469,243.15914916992188,212.22557067871094,0.8245903253555298,-1,-1,-1
429,-1,184.99374389648438,90.42858123779297,244.416015625,211.67079162597656,0.6924261450767517,-1,-1,-1
430,-1,184.43508911132812,96.12688446044922,242.73458862304688,203.59580993652344,0.7260959148406982,-1,-1,-1
435,-1,183.9393310546875,93.32874298095703,244.953125,182.39697265625,0.6837816834449768,-1,-1,-1
436,-1,182.14358520507812,92.26133728027344,244.77525329589844,184.69378662109375,0.5931379795074463,-1,-1,-1
438,-1,109.83786010742188,83.30919647216797,199.73538208007812,169.98727416992188,0.6354584097862244,-1,-1,-1
439,-1,109.90966796875,83.17793273925781,199.71070861816406,170.1580810546875,0.6481492519378662,-1,-1,-1
440,-1,109.9137954711914,84.13672637939453,201.13938903808594,168.98037719726562,0.6274480223655701,-1,-1,-1
441,-1,107.93982696533203,84.3572769165039,203.70016479492188,168.96507263183594,0.6801868081092834,-1,-1,-1
441,-1,109.87614440917969,102.08016967773438,201.00262451171875,174.64328002929688,0.5388780236244202,-1,-1,-1
442,-1,108.3388442993164,83.55496978759766,203.41871643066406,168.76205444335938,0.7271629571914673,-1,-1,-1
442,-1,109.61063385009766,100.69183349609375,201.0415496826172,175.13290405273438,0.5198643803596497,-1,-1,-1
443,-1,107.3929214477539,83.15681457519531,204.527099609375,167.141845703125,0.7132687568664551,-1,-1,-1
444,-1,108.67985534667969,85.37826538085938,202.70016479492188,166.48033142089844,0.5142139792442322,-1,-1,-1
445,-1,108.25728607177734,85.47772979736328,202.85585021972656,166.39910888671875,0.5089554786682129,-1,-1,-1
452,-1,108.56322479248047,83.55095672607422,204.0547332763672,166.40452575683594,0.5294781923294067,-1,-1,-1
455,-1,110.5433578491211,85.23165130615234,205.0885009765625,165.83712768554688,0.5293834805488586,-1,-1,-1
456,-1,111.12196350097656,82.39511108398438,203.74290466308594,166.79293823242188,0.613042414188385,-1,-1,-1
457,-1,111.09889221191406,82.09884643554688,203.94854736328125,166.9940948486328,0.6676756143569946,-1,-1,-1
458,-1,109.74018096923828,81.84236907958984,204.96182250976562,166.35879516601562,0.598158597946167,-1,-1,-1
459,-1,109.98185729980469,83.9734115600586,203.71307373046875,166.8309783935547,0.5975516438484192,-1,-1,-1
460,-1,109.69850158691406,84.58403015136719,203.42376708984375,166.86920166015625,0.5961208939552307,-1,-1,-1
461,-1,108.24366760253906,84.32099914550781,204.65402221679688,165.96841430664062,0.5725356936454773,-1,-1,-1
462,-1,106.78089141845703,86.40837097167969,206.72833251953125,165.73092651367188,0.5130366086959839,-1,-1,-1
463,-1,106.69666290283203,86.14632415771484,207.09158325195312,165.73777770996094,0.5335847735404968,-1,-1,-1
464,-1,109.94994354248047,86.37462615966797,202.89100646972656,165.07833862304688,0.5580310821533203,-1,-1,-1
531,-1,111.32292175292969,84.36466979980469,202.17059326171875,166.08416748046875,0.5182139277458191,-1,-1,-1
539,-1,110.41985321044922,81.5240707397461,197.633544921875,166.55474853515625,0.5652493238449097,-1,-1,-1
549,-1,110.71208953857422,82.87574768066406,198.5980224609375,166.95245361328125,0.5084285140037537,-1,-1,-1
552,-1,198.39718627929688,160.64479064941406,222.1029510498047,186.58688354492188,0.6782042384147644,-1,-1,-1
553,-1,198.35568237304688,160.6260528564453,222.15533447265625,186.59347534179688,0.729931116104126,-1,-1,-1
579,-1,110.06526184082031,99.42072296142578,209.52362060546875,180.8991241455078,0.5189281702041626,-1,-1,-1
581,-1,110.50899505615234,98.88958740234375,209.39932250976562,179.47105407714844,0.5081518888473511,-1,-1,-1
607,-1,110.04973602294922,83.22832489013672,205.06727600097656,168.2544708251953,0.5014277100563049,-1,-1,-1
609,-1,184.07855224609375,87.40165710449219,238.28311157226562,187.90447998046875,0.5023320913314819,-1,-1,-1
611,-1,112.01004028320312,83.54060363769531,203.14486694335938,167.95941162109375,0.5146957039833069,-1,-1,-1
612,-1,112.00606536865234,83.75811767578125,200.71939086914062,168.04286193847656,0.5161957144737244,-1,-1,-1
613,-1,111.87803649902344,83.87435150146484,200.86387634277344,168.15185546875,0.5269661545753479,-1,-1,-1
615,-1,113.64012145996094,83.39445495605469,204.79656982421875,168.93592834472656,0.5479522347450256,-1,-1,-1
616,-1,113.87429809570312,83.90564727783203,204.74285888671875,169.42335510253906,0.5394161343574524,-1,-1,-1
620,-1,114.10575103759766,84.38720703125,199.62693786621094,169.6167755126953,0.5907362699508667,-1,-1,-1
621,-1,113.03887176513672,85.41085052490234,197.99801635742188,167.9579620361328,0.5173479318618774,-1,-1,-1
622,-1,114.63638305664062,84.76896667480469,199.38812255859375,168.24905395507812,0.5127606391906738,-1,-1,-1
639,-1,185.87124633789062,83.99274444580078,241.5125732421875,172.1860809326172,0.5081306099891663,-1,-1,-1
640,-1,185.26947021484375,82.91295623779297,241.66415405273438,174.0772705078125,0.5269152522087097,-1,-1,-1
641,-1,185.55538940429688,82.39241027832031,241.16188049316406,174.04251098632812,0.7514719367027283,-1,-1,-1
644,-1,187.08856201171875,78.97219848632812,241.42803955078125,177.3516082763672,0.7906370759010315,-1,-1,-1
645,-1,187.42770385742188,78.0943374633789,242.38096618652344,178.85333251953125,0.7456184029579163,-1,-1,-1
646,-1,191.44651794433594,77.60018920898438,242.7308349609375,179.2206573486328,0.7969253659248352,-1,-1,-1
647,-1,190.38958740234375,76.3401870727539,244.38720703125,197.46563720703125,0.6053611040115356,-1,-1,-1
648,-1,189.02662658691406,74.55786895751953,244.74853515625,199.05535888671875,0.6526339650154114,-1,-1,-1
649,-1,188.99386596679688,74.55412292480469,244.7335662841797,198.92803955078125,0.6349767446517944,-1,-1,-1
650,-1,185.95899963378906,75.93665313720703,245.64340209960938,196.27810668945312,0.7894113659858704,-1,-1,-1
651,-1,186.29757690429688,76.16849517822266,245.83421325683594,194.70074462890625,0.5770666003227234,-1,-1,-1
651,-1,111.38345336914062,88.00358581542969,201.407470703125,165.5017852783203,0.5361672043800354,-1,-1,-1
653,-1,187.6969757080078,75.10408782958984,245.59446716308594,183.70388793945312,0.6306399703025818,-1,-1,-1
654,-1,186.455322265625,78.24542999267578,248.04745483398438,192.0775146484375,0.8275867104530334,-1,-1,-1
655,-1,186.4152374267578,78.4228744506836,248.05906677246094,191.9786834716797,0.8167590498924255,-1,-1,-1
656,-1,186.97853088378906,77.10884094238281,249.20143127441406,193.69827270507812,0.8974351286888123,-1,-1,-1
657,-1,186.263671875,77.77333068847656,249.3286895751953,193.40237426757812,0.7893024682998657,-1,-1,-1
658,-1,187.07948303222656,75.63958740234375,249.77923583984375,195.8709259033203,0.7454333901405334,-1,-1,-1
659,-1,187.2404327392578,74.67417907714844,249.80380249023438,196.6797332763672,0.8245589137077332,-1,-1,-1
660,-1,187.33726501464844,73.93267822265625,249.84519958496094,184.03598022460938,0.866042971611023,-1,-1,-1
661,-1,187.35543823242188,73.8448486328125,249.79449462890625,184.15692138671875,0.8560341596603394,-1,-1,-1
662,-1,187.04501342773438,73.2135009765625,250.34820556640625,184.4930419921875,0.8183518648147583,-1,-1,-1
663,-1,187.35931396484375,72.31922149658203,249.80203247070312,185.73452758789062,0.7730642557144165,-1,-1,-1
664,-1,187.43069458007812,71.15924835205078,250.00450134277344,187.14810180664062,0.7468706965446472,-1,-1,-1
665,-1,187.05812072753906,75.20372772216797,250.34849548339844,197.30177307128906,0.8166699409484863,-1,-1,-1
666,-1,186.73550415039062,76.26529693603516,249.93685913085938,196.70494079589844,0.7758493423461914,-1,-1,-1
667,-1,186.7330780029297,76.52469635009766,249.91615295410156,196.37765502929688,0.7554508447647095,-1,-1,-1
668,-1,186.29393005371094,76.00160217285156,250.16085815429688,196.0277862548828,0.7905836701393127,-1,-1,-1
669,-1,186.92955017089844,75.96060180664062,250.3066864013672,196.36810302734375,0.7567956447601318,-1,-1,-1
670,-1,186.00140380859375,74.56329345703125,250.60011291503906,196.6036376953125,0.7110083699226379,-1,-1,-1
671,-1,185.5872344970703,76.44384765625,251.18521118164062,195.24822998046875,0.6532884240150452,-1,-1,-1
672,-1,184.6847381591797,76.74992370605469,250.71302795410156,195.6050262451172,0.5258776545524597,-1,-1,-1
673,-1,184.64353942871094,76.8614501953125,250.78062438964844,195.522216796875,0.518537163734436,-1,-1,-1
676,-1,187.51089477539062,82.07044219970703,250.45654296875,191.1572265625,0.6915954351425171,-1,-1,-1
680,-1,190.63246154785156,79.17440795898438,248.24876403808594,194.4024658203125,0.6926752924919128,-1,-1,-1
681,-1,189.7496795654297,77.8314208984375,248.07766723632812,195.18130493164062,0.636480450630188,-1,-1,-1
682,-1,189.74610900878906,78.37223815917969,247.2752227783203,194.87442016601562,0.7806601524353027,-1,-1,-1
689,-1,191.66363525390625,74.8285140991211,244.9911651611328,184.90843200683594,0.5410329699516296,-1,-1,-1
690,-1,192.38262939453125,74.38121795654297,244.85043334960938,185.570556640625,0.6049014925956726,-1,-1,-1
691,-1,192.4392852783203,74.20013427734375,244.81178283691406,185.6452178955078,0.6001676321029663,-1,-1,-1
692,-1,192.5316162109375,74.13668060302734,244.8459014892578,184.80079650878906,0.6921867728233337,-1,-1,-1
693,-1,192.00157165527344,74.21163940429688,244.6249237060547,185.10633850097656,0.6825945377349854,-1,-1,-1
694,-1,192.47557067871094,73.52713012695312,244.44984436035156,185.76419067382812,0.6655044555664062,-1,-1,-1
695,-1,192.9380645751953,74.30381774902344,244.6794891357422,184.39659118652344,0.6268675923347473,-1,-1,-1
696,-1,192.16213989257812,73.6412124633789,244.18408203125,185.8983917236328,0.6664749979972839,-1,-1,-1
697,-1,192.14328002929688,73.73181915283203,244.16062927246094,185.8367919921875,0.6315404772758484,-1,-1,-1
698,-1,191.9697723388672,72.90316009521484,244.08782958984375,186.17303466796875,0.6388776302337646,-1,-1,-1
704,-1,191.89337158203125,73.13494110107422,244.11236572265625,183.9957275390625,0.5390005707740784,-1,-1,-1
705,-1,191.98336791992188,72.72526550292969,244.6704864501953,185.19525146484375,0.6517207026481628,-1,-1,-1
706,-1,191.47219848632812,71.51107025146484,244.13204956054688,185.6364288330078,0.5727149248123169,-1,-1,-1
711,-1,191.51052856445312,71.03738403320312,243.16387939453125,182.76834106445312,0.5845243334770203,-1,-1,-1
716,-1,192.62142944335938,71.63764953613281,243.387451171875,180.56370544433594,0.695735514163971,-1,-1,-1
717,-1,193.15306091308594,71.39530944824219,242.8450164794922,179.64990234375,0.5973231196403503,-1,-1,-1
718,-1,192.8221893310547,69.6515121459961,242.86764526367188,180.6239013671875,0.7153674960136414,-1,-1,-1
719,-1,192.57229614257812,69.4983139038086,242.8962860107422,180.60838317871094,0.7180144786834717,-1,-1,-1
720,-1,191.83912658691406,69.88638305664062,242.96029663085938,180.66387939453125,0.7826839685440063,-1,-1,-1
721,-1,191.94522094726562,69.75193786621094,242.9130401611328,180.6664276123047,0.7716125845909119,-1,-1,-1
722,-1,192.53273010253906,70.82260131835938,242.53248596191406,178.71104431152344,0.5345851182937622,-1,-1,-1
729,-1,191.94384765625,71.36951446533203,242.75729370117188,179.14031982421875,0.5175865292549133,-1,-1,-1
732,-1,190.52671813964844,72.12672424316406,243.71766662597656,181.16732788085938,0.6509328484535217,-1,-1,-1
733,-1,190.4617462158203,72.0990219116211,243.7527618408203,181.07168579101562,0.6629010438919067,-1,-1,-1
734,-1,190.1356658935547,72.51079559326172,243.66302490234375,179.302490234375,0.7489294409751892,-1,-1,-1
735,-1,189.07955932617188,72.6715316772461,244.5988311767578,179.95254516601562,0.6713373064994812,-1,-1,-1
736,-1,188.98902893066406,72.80004119873047,244.41123962402344,179.94583129882812,0.6808831095695496,-1,-1,-1
737,-1,189.479736328125,71.26004791259766,244.2915496826172,180.352783203125,0.6248844265937805,-1,-1,-1
738,-1,190.17453002929688,71.75456237792969,244.06512451171875,180.02210998535156,0.7241418957710266,-1,-1,-1
739,-1,190.23316955566406,71.8329086303711,244.1101837158203,179.962646484375,0.7301124334335327,-1,-1,-1
740,-1,189.5014190673828,71.98124694824219,243.90115356445312,182.183837890625,0.8095988631248474,-1,-1,-1
741,-1,189.47496032714844,70.2203140258789,244.28781127929688,182.1453094482422,0.7320985794067383,-1,-1,-1
742,-1,189.7863006591797,70.29438781738281,244.6678924560547,181.60935974121094,0.5680146217346191,-1,-1,-1
743,-1,190.1895294189453,68.71479034423828,244.395751953125,183.41268920898438,0.6575307250022888,-1,-1,-1
744,-1,190.52085876464844,69.53961181640625,244.72872924804688,181.20509338378906,0.5867887735366821,-1,-1,-1
745,-1,190.51560974121094,69.44622802734375,244.7474822998047,181.28851318359375,0.5880084037780762,-1,-1,-1
746,-1,188.10179138183594,70.92780303955078,246.09519958496094,180.13121032714844,0.6200900077819824,-1,-1,-1
747,-1,188.1539764404297,70.98428344726562,245.74533081054688,180.98361206054688,0.6220216751098633,-1,-1,-1
748,-1,187.61109924316406,72.31436157226562,246.0655517578125,181.70046997070312,0.7325495481491089,-1,-1,-1
749,-1,186.9877471923828,74.06550598144531,246.44869995117188,181.75169372558594,0.8485691547393799,-1,-1,-1
750,-1,187.07916259765625,75.25310516357422,246.6367950439453,179.6364288330078,0.6921336650848389,-1,-1,-1
751,-1,187.3204345703125,75.22571563720703,246.51406860351562,179.7582550048828,0.7063370943069458,-1,-1,-1
752,-1,188.06851196289062,73.77635955810547,245.73153686523438,182.0770263671875,0.7561549544334412,-1,-1,-1
753,-1,187.9161376953125,72.96395874023438,244.7276611328125,182.85000610351562,0.8261687755584717,-1,-1,-1
754,-1,185.35523986816406,73.96822357177734,245.7713165283203,198.77391052246094,0.7772489786148071,-1,-1,-1
755,-1,187.2183380126953,73.06239318847656,245.1278533935547,183.3031768798828,0.656430721282959,-1,-1,-1
756,-1,185.94679260253906,76.29589080810547,246.31883239746094,196.35853576660156,0.8387065529823303,-1,-1,-1
757,-1,186.0718536376953,76.5057601928711,246.35101318359375,196.1712188720703,0.8366612792015076,-1,-1,-1
758,-1,186.73509216308594,76.28248596191406,246.40158081054688,197.11758422851562,0.7865048050880432,-1,-1,-1
759,-1,186.834716796875,74.3615951538086,245.7498321533203,182.89402770996094,0.5983943343162537,-1,-1,-1
760,-1,186.78219604492188,74.75729370117188,245.76556396484375,183.21072387695312,0.6754358410835266,-1,-1,-1
761,-1,186.94461059570312,74.7555923461914,246.73037719726562,182.2747344970703,0.5017373561859131,-1,-1,-1
767,-1,188.9346160888672,75.43505859375,247.09176635742188,181.7611083984375,0.8238047957420349,-1,-1,-1
768,-1,187.4466094970703,74.63352966308594,247.17816162109375,182.146484375,0.9204124808311462,-1,-1,-1
769,-1,187.4032745361328,74.82861328125,247.15660095214844,182.07305908203125,0.9239771366119385,-1,-1,-1
770,-1,187.28170776367188,73.16499328613281,247.40692138671875,183.76324462890625,0.8905999064445496,-1,-1,-1
771,-1,186.32284545898438,75.9486312866211,247.022216796875,180.69960021972656,0.8267813920974731,-1,-1,-1
772,-1,188.16224670410156,73.0847396850586,247.23390197753906,180.91256713867188,0.8542600274085999,-1,-1,-1
773,-1,187.69204711914062,72.07439422607422,247.21649169921875,182.28663635253906,0.8126815557479858,-1,-1,-1
774,-1,188.02386474609375,70.55652618408203,246.89938354492188,180.6963653564453,0.6548512578010559,-1,-1,-1
775,-1,187.95425415039062,70.49212646484375,246.94454956054688,180.78955078125,0.6797425746917725,-1,-1,-1
776,-1,188.83741760253906,71.56321716308594,246.64425659179688,183.36215209960938,0.6306357979774475,-1,-1,-1
777,-1,187.63929748535156,70.87651824951172,246.54864501953125,182.02162170410156,0.5718527436256409,-1,-1,-1
778,-1,187.93226623535156,71.43951416015625,247.00115966796875,184.53138732910156,0.790493369102478,-1,-1,-1
779,-1,186.95162963867188,72.06350708007812,246.70509338378906,181.78099060058594,0.6820288300514221,-1,-1,-1
780,-1,188.18206787109375,71.33930206298828,246.52711486816406,183.55397033691406,0.6378825902938843,-1,-1,-1
781,-1,188.29409790039062,71.28851318359375,246.5171661376953,183.6102752685547,0.6421377062797546,-1,-1,-1
782,-1,189.19314575195312,70.71378326416016,246.62716674804688,183.76951599121094,0.735397219657898,-1,-1,-1
783,-1,189.21505737304688,72.48484802246094,247.07080078125,185.68505859375,0.8354451656341553,-1,-1,-1
784,-1,190.3639373779297,73.69954681396484,246.50778198242188,184.76097106933594,0.806797444820404,-1,-1,-1
785,-1,190.96923828125,72.20150756835938,246.99964904785156,184.50523376464844,0.8625707030296326,-1,-1,-1
786,-1,190.64968872070312,73.33770751953125,246.95712280273438,184.47792053222656,0.8798593878746033,-1,-1,-1
787,-1,190.65676879882812,73.07929229736328,247.03416442871094,184.6228485107422,0.8702262043952942,-1,-1,-1
788,-1,190.269287109375,74.15827941894531,247.25650024414062,182.51901245117188,0.8343145847320557,-1,-1,-1
789,-1,190.29574584960938,73.06922149658203,246.68862915039062,182.53453063964844,0.7451639771461487,-1,-1,-1
790,-1,191.32676696777344,72.94950103759766,246.29168701171875,181.49365234375,0.695806086063385,-1,-1,-1
791,-1,190.30104064941406,70.94694519042969,246.64292907714844,181.82176208496094,0.720604658126831,-1,-1,-1
792,-1,189.4095458984375,72.42990112304688,246.7953643798828,181.30355834960938,0.8292034268379211,-1,-1,-1
793,-1,189.30047607421875,72.29095458984375,246.78158569335938,181.1154022216797,0.8052674531936646,-1,-1,-1
794,-1,187.2699737548828,71.9921875,247.31048583984375,182.51803588867188,0.8355567455291748,-1,-1,-1
795,-1,187.3065185546875,73.58374786376953,246.96669006347656,181.47586059570312,0.8188896775245667,-1,-1,-1
796,-1,188.48187255859375,75.41905212402344,247.61151123046875,182.50791931152344,0.8929193615913391,-1,-1,-1
797,-1,188.9016571044922,80.67483520507812,248.56280517578125,191.1836395263672,0.8171625733375549,-1,-1,-1
798,-1,190.4436492919922,78.26487731933594,247.61386108398438,193.57716369628906,0.820411741733551,-1,-1,-1
799,-1,190.4609832763672,77.99215698242188,247.642333984375,193.89707946777344,0.8170076012611389,-1,-1,-1
800,-1,191.78823852539062,72.25566864013672,246.6720733642578,186.2091827392578,0.8666889071464539,-1,-1,-1
801,-1,190.9735870361328,76.61656188964844,247.36756896972656,197.0467529296875,0.8857865929603577,-1,-1,-1
802,-1,190.67666625976562,75.86275482177734,247.37521362304688,198.30288696289062,0.9296147227287292,-1,-1,-1
803,-1,189.86471557617188,76.40740966796875,247.43075561523438,197.24139404296875,0.9165435433387756,-1,-1,-1
804,-1,188.66624450683594,74.47985076904297,247.85948181152344,198.93516540527344,0.9390235543251038,-1,-1,-1
805,-1,188.66905212402344,74.47126770019531,247.843017578125,198.7164764404297,0.9363976716995239,-1,-1,-1
806,-1,189.37318420410156,75.56990051269531,247.68309020996094,197.7784881591797,0.9476184248924255,-1,-1,-1
807,-1,189.5941925048828,74.71189880371094,246.91372680664062,196.66915893554688,0.8933651447296143,-1,-1,-1
808,-1,189.98577880859375,75.6384048461914,246.39178466796875,195.90855407714844,0.9283739328384399,-1,-1,-1
809,-1,189.70068359375,74.68701934814453,246.51571655273438,196.37771606445312,0.8344117403030396,-1,-1,-1
810,-1,188.3251190185547,76.03742218017578,247.8690948486328,195.2954559326172,0.7542271018028259,-1,-1,-1
811,-1,188.33108520507812,76.09286499023438,247.8520965576172,195.3284149169922,0.7527778744697571,-1,-1,-1
812,-1,189.70237731933594,74.61467742919922,247.51661682128906,197.54638671875,0.8496813178062439,-1,-1,-1
813,-1,190.06106567382812,74.67515563964844,248.02349853515625,197.0167236328125,0.8822258710861206,-1,-1,-1
814,-1,189.0309295654297,73.54383850097656,247.431640625,197.97927856445312,0.7167171239852905,-1,-1,-1
815,-1,188.88308715820312,76.74002838134766,248.3529815673828,195.29373168945312,0.6793583631515503,-1,-1,-1
816,-1,189.30299377441406,76.14043426513672,248.5338592529297,196.33677673339844,0.7754862904548645,-1,-1,-1
817,-1,189.30111694335938,76.21588897705078,248.5269317626953,196.35047912597656,0.7679887413978577,-1,-1,-1
818,-1,189.12767028808594,75.3082275390625,249.01344299316406,197.47134399414062,0.8463264107704163,-1,-1,-1
819,-1,189.005615234375,75.0292739868164,249.34963989257812,197.61737060546875,0.8253675103187561,-1,-1,-1
820,-1,188.98155212402344,75.32554626464844,249.28042602539062,197.61822509765625,0.7649738788604736,-1,-1,-1
821,-1,188.7864990234375,74.7525634765625,249.49392700195312,196.75283813476562,0.6803029775619507,-1,-1,-1
822,-1,188.9866485595703,74.8463363647461,249.56826782226562,196.66590881347656,0.7562968134880066,-1,-1,-1
823,-1,188.97866821289062,74.86190032958984,249.5537109375,196.79478454589844,0.7541320323944092,-1,-1,-1
824,-1,189.33961486816406,75.28823852539062,249.32421875,195.77166748046875,0.8219169974327087,-1,-1,-1
825,-1,189.427978515625,76.47872161865234,249.44613647460938,195.35057067871094,0.7690616250038147,-1,-1,-1
826,-1,189.2624053955078,72.89848327636719,248.82403564453125,185.8431854248047,0.8384112119674683,-1,-1,-1
827,-1,189.0956268310547,73.192138671875,248.6229248046875,185.4602813720703,0.7865750789642334,-1,-1,-1
828,-1,187.68722534179688,75.02085876464844,249.25173950195312,196.295166015625,0.868027925491333,-1,-1,-1
829,-1,187.7033233642578,75.1574935913086,249.24038696289062,196.4102783203125,0.8712499737739563,-1,-1,-1
830,-1,187.78866577148438,76.25342559814453,249.89920043945312,196.1798095703125,0.7517154216766357,-1,-1,-1
831,-1,187.7211151123047,75.89773559570312,249.6585235595703,196.43734741210938,0.8610306978225708,-1,-1,-1
832,-1,187.3112335205078,76.519775390625,249.19656372070312,194.57241821289062,0.8592082262039185,-1,-1,-1
833,-1,188.70713806152344,72.55138397216797,248.52073669433594,186.40101623535156,0.9202579259872437,-1,-1,-1
834,-1,188.70962524414062,72.66557312011719,248.48696899414062,185.77182006835938,0.909436821937561,-1,-1,-1
835,-1,188.6356964111328,72.75170135498047,248.47718811035156,185.670654296875,0.9144670367240906,-1,-1,-1
836,-1,188.34957885742188,72.79231262207031,248.48147583007812,185.29278564453125,0.8242257833480835,-1,-1,-1
837,-1,188.68507385253906,72.12554931640625,248.06800842285156,184.6239776611328,0.8115043640136719,-1,-1,-1
838,-1,188.5327911376953,73.81428527832031,248.6333465576172,184.11367797851562,0.815024197101593,-1,-1,-1
839,-1,188.36361694335938,73.23453521728516,248.42050170898438,184.35592651367188,0.6713448166847229,-1,-1,-1
840,-1,188.57257080078125,72.80702209472656,248.79896545410156,185.19784545898438,0.8150202631950378,-1,-1,-1
841,-1,188.56094360351562,72.86237335205078,248.87351989746094,185.23333740234375,0.8101910352706909,-1,-1,-1
842,-1,188.87667846679688,72.06608581542969,248.04098510742188,186.37518310546875,0.8325574994087219,-1,-1,-1
843,-1,189.13795471191406,72.54076385498047,247.97189331054688,185.48963928222656,0.8424678444862366,-1,-1,-1
844,-1,188.57516479492188,77.75421142578125,249.1337432861328,193.05215454101562,0.7882584929466248,-1,-1,-1
845,-1,188.38818359375,77.60075378417969,249.68356323242188,193.66162109375,0.7713905572891235,-1,-1,-1
846,-1,188.4237518310547,77.7679443359375,249.90365600585938,192.94992065429688,0.7601099014282227,-1,-1,-1
847,-1,188.4419403076172,77.84965515136719,249.94720458984375,192.81707763671875,0.7522163391113281,-1,-1,-1
848,-1,189.19961547851562,77.97620391845703,249.9671173095703,193.87733459472656,0.8628098368644714,-1,-1,-1
849,-1,188.8626708984375,77.93582153320312,249.90599060058594,193.40745544433594,0.8521069884300232,-1,-1,-1
850,-1,188.91432189941406,77.19937896728516,249.77792358398438,194.17926025390625,0.8520407676696777,-1,-1,-1
851,-1,188.6213836669922,77.54037475585938,250.0891876220703,193.97666931152344,0.8120594024658203,-1,-1,-1
852,-1,188.93405151367188,76.90573120117188,250.37252807617188,194.8988494873047,0.8336165547370911,-1,-1,-1
853,-1,188.8811492919922,76.89566040039062,250.33206176757812,195.01002502441406,0.8337380886077881,-1,-1,-1
854,-1,188.76193237304688,77.56295776367188,250.5133819580078,194.2913055419922,0.7869488000869751,-1,-1,-1
855,-1,188.74037170410156,76.39505004882812,250.233154296875,195.61648559570312,0.8371598124504089,-1,-1,-1
856,-1,188.90525817871094,76.54104614257812,250.52432250976562,195.652587890625,0.8287273049354553,-1,-1,-1
857,-1,188.9337921142578,75.87017059326172,250.1741180419922,197.0641632080078,0.8063323497772217,-1,-1,-1
858,-1,188.07838439941406,75.75533294677734,250.7699737548828,196.9812469482422,0.6579398512840271,-1,-1,-1
859,-1,188.07278442382812,75.5609130859375,250.75112915039062,197.26263427734375,0.6508744955062866,-1,-1,-1
860,-1,187.88389587402344,76.38079833984375,251.08029174804688,196.36534118652344,0.7272719144821167,-1,-1,-1
861,-1,187.5409698486328,75.04734802246094,251.0557861328125,197.84649658203125,0.6697701811790466,-1,-1,-1
862,-1,188.0669403076172,74.48690795898438,250.6910858154297,199.01136779785156,0.7047293782234192,-1,-1,-1
863,-1,194.61819458007812,76.58666229248047,251.9639434814453,195.81613159179688,0.5723168253898621,-1,-1,-1
865,-1,188.73704528808594,75.73934936523438,249.4159698486328,195.81954956054688,0.5165725946426392,-1,-1,-1
874,-1,112.33224487304688,86.76183319091797,197.05213928222656,166.5172576904297,0.560619592666626,-1,-1,-1
876,-1,113.93646240234375,87.76580810546875,197.5133056640625,165.2516632080078,0.5784118175506592,-1,-1,-1
877,-1,113.98505401611328,87.72438049316406,197.56295776367188,165.2410888671875,0.5675636529922485,-1,-1,-1
885,-1,188.78604125976562,79.5465316772461,249.4814910888672,196.48658752441406,0.5074815154075623,-1,-1,-1
887,-1,189.5780792236328,79.41333770751953,248.5560302734375,197.96121215820312,0.5697984099388123,-1,-1,-1
888,-1,188.87432861328125,79.66886138916016,249.98910522460938,195.11795043945312,0.7411860227584839,-1,-1,-1
889,-1,188.8831329345703,79.59678649902344,249.9058380126953,195.1973876953125,0.7454816102981567,-1,-1,-1
890,-1,189.0457000732422,82.62953186035156,250.01034545898438,192.474853515625,0.5918950438499451,-1,-1,-1
923,-1,190.64073181152344,78.80181884765625,246.08721923828125,195.4406280517578,0.6364508271217346,-1,-1,-1
924,-1,189.658935546875,78.59571838378906,246.033447265625,195.03860473632812,0.7131113409996033,-1,-1,-1
925,-1,189.60496520996094,78.51648712158203,246.02325439453125,195.02972412109375,0.7124117016792297,-1,-1,-1
926,-1,189.06246948242188,77.95558166503906,246.1268310546875,193.94810485839844,0.6149968504905701,-1,-1,-1
929,-1,190.3751983642578,77.49800109863281,246.70655822753906,194.54241943359375,0.6738929748535156,-1,-1,-1
930,-1,189.9835968017578,77.87248229980469,247.05657958984375,193.1389923095703,0.6471877098083496,-1,-1,-1
931,-1,189.947509765625,77.62113952636719,247.11167907714844,193.4936065673828,0.6452978253364563,-1,-1,-1
932,-1,189.34963989257812,77.83082580566406,247.0795440673828,194.73350524902344,0.7029063105583191,-1,-1,-1
935,-1,190.3852996826172,75.39346313476562,248.3909454345703,183.5173797607422,0.5968607068061829,-1,-1,-1
936,-1,189.8511505126953,74.57225036621094,248.38723754882812,183.5888214111328,0.6708353757858276,-1,-1,-1
937,-1,189.8689422607422,74.37591552734375,248.35452270507812,183.8207550048828,0.6866949796676636,-1,-1,-1
938,-1,189.27635192871094,73.89507293701172,248.7806396484375,183.76634216308594,0.6724702715873718,-1,-1,-1
939,-1,189.41607666015625,72.62765502929688,248.71299743652344,184.31134033203125,0.5340553522109985,-1,-1,-1
941,-1,189.02145385742188,74.06095886230469,248.1667938232422,183.29486083984375,0.5018084645271301,-1,-1,-1
942,-1,189.7811279296875,74.53805541992188,248.6868438720703,184.13368225097656,0.623759925365448,-1,-1,-1
943,-1,189.81411743164062,74.58810424804688,248.6495819091797,184.1678466796875,0.6236926317214966,-1,-1,-1
944,-1,190.743896484375,75.06828308105469,248.44265747070312,183.83470153808594,0.7312642931938171,-1,-1,-1
945,-1,190.83840942382812,74.91969299316406,248.84214782714844,183.92703247070312,0.7264947891235352,-1,-1,-1
946,-1,190.04803466796875,77.21895599365234,248.79153442382812,194.61077880859375,0.7206420302391052,-1,-1,-1
947,-1,190.65213012695312,73.98927307128906,248.23545837402344,185.80088806152344,0.7080323696136475,-1,-1,-1
948,-1,189.44857788085938,77.2642822265625,249.82260131835938,194.44969177246094,0.8477208018302917,-1,-1,-1
949,-1,189.53421020507812,77.24264526367188,249.74557495117188,194.30178833007812,0.844799280166626,-1,-1,-1
950,-1,190.41683959960938,78.56682586669922,249.71261596679688,192.84500122070312,0.734795868396759,-1,-1,-1
951,-1,190.25228881835938,77.09139251708984,249.25143432617188,194.64736938476562,0.828935444355011,-1,-1,-1
952,-1,190.22787475585938,76.24777221679688,249.1575469970703,196.196044921875,0.8609456419944763,-1,-1,-1
953,-1,190.25450134277344,76.93099975585938,249.10418701171875,194.24574279785156,0.8569280505180359,-1,-1,-1
954,-1,190.10475158691406,77.26693725585938,249.27276611328125,193.53114318847656,0.8497069478034973,-1,-1,-1
955,-1,190.15811157226562,77.3165054321289,249.22203063964844,193.40478515625,0.8388761878013611,-1,-1,-1
956,-1,189.2778778076172,76.61823272705078,249.2088165283203,194.4595489501953,0.8083565831184387,-1,-1,-1
957,-1,188.13580322265625,76.9775619506836,249.3423614501953,194.8333282470703,0.7850775718688965,-1,-1,-1
958,-1,188.36825561523438,76.61517333984375,249.86009216308594,194.31788635253906,0.8364495038986206,-1,-1,-1
959,-1,188.1896209716797,77.7554931640625,250.63253784179688,192.4892578125,0.6866256594657898,-1,-1,-1
960,-1,187.18414306640625,77.84384155273438,250.5211181640625,192.27468872070312,0.6988565921783447,-1,-1,-1
961,-1,187.20242309570312,77.97335052490234,250.48826599121094,192.05174255371094,0.6910742521286011,-1,-1,-1
962,-1,187.5462646484375,78.55010986328125,250.80931091308594,191.65451049804688,0.5066102147102356,-1,-1,-1
968,-1,186.7451171875,81.26044464111328,250.1121368408203,189.15626525878906,0.6528823375701904,-1,-1,-1
969,-1,187.22764587402344,84.0509262084961,249.84144592285156,186.48399353027344,0.5470712184906006,-1,-1,-1
970,-1,186.7442169189453,82.4682846069336,249.31539916992188,187.5157012939453,0.7451806664466858,-1,-1,-1
971,-1,186.77267456054688,83.34113311767578,249.6763458251953,186.68800354003906,0.7024975419044495,-1,-1,-1
972,-1,187.2645263671875,83.0273208618164,249.73904418945312,187.2922821044922,0.8502864837646484,-1,-1,-1
973,-1,187.28453063964844,83.11759948730469,249.74090576171875,187.1697235107422,0.8577005863189697,-1,-1,-1
974,-1,187.54331970214844,84.55230712890625,250.05523681640625,187.00514221191406,0.6817770600318909,-1,-1,-1
975,-1,188.46401977539062,85.4468002319336,249.37930297851562,186.7646484375,0.5245561599731445,-1,-1,-1
976,-1,187.42005920410156,85.80357360839844,250.0953369140625,186.64991760253906,0.5990548133850098,-1,-1,-1
976,-1,240.87583923339844,-0.25335457921028137,319.26763916015625,238.6285400390625,0.5013925433158875,-1,-1,-1
977,-1,188.2040557861328,88.94686889648438,250.16482543945312,185.11920166015625,0.5701563954353333,-1,-1,-1
978,-1,188.23977661132812,87.04256439208984,250.32635498046875,186.28704833984375,0.6909460425376892,-1,-1,-1
979,-1,188.19459533691406,86.91355895996094,250.34375,186.17465209960938,0.695819079875946,-1,-1,-1
980,-1,187.8899383544922,85.15394592285156,250.99514770507812,187.76963806152344,0.7908484935760498,-1,-1,-1
981,-1,188.47564697265625,85.99506378173828,250.53445434570312,185.89796447753906,0.7528083920478821,-1,-1,-1
983,-1,189.08631896972656,87.39710235595703,250.3809814453125,186.0583953857422,0.7924182415008545,-1,-1,-1
984,-1,189.3525848388672,85.34900665283203,250.36459350585938,189.014892578125,0.7624185681343079,-1,-1,-1
985,-1,189.4119110107422,85.30836486816406,250.2950897216797,189.1053466796875,0.7653077244758606,-1,-1,-1
987,-1,188.54188537597656,86.34944152832031,250.57191467285156,189.46380615234375,0.5430023670196533,-1,-1,-1
992,-1,114.20447540283203,83.19572448730469,201.04959106445312,165.73777770996094,0.5979948043823242,-1,-1,-1
994,-1,114.91578674316406,86.20988464355469,199.81407165527344,165.0425567626953,0.5180454254150391,-1,-1,-1
999,-1,114.47235107421875,87.203125,201.95777893066406,166.92129516601562,0.6234747171401978,-1,-1,-1
1000,-1,187.09120178222656,91.15557098388672,250.9616241455078,182.87738037109375,0.5893328785896301,-1,-1,-1
1000,-1,112.70958709716797,86.74647521972656,200.97923278808594,166.76791381835938,0.5286464691162109,-1,-1,-1
1001,-1,186.82589721679688,91.81893157958984,249.96682739257812,182.517333984375,0.6290242075920105,-1,-1,-1
1002,-1,186.9320831298828,92.95698547363281,250.79769897460938,182.66371154785156,0.7197101712226868,-1,-1,-1
1003,-1,186.99774169921875,92.8946762084961,250.7491912841797,182.72607421875,0.716051459312439,-1,-1,-1
1004,-1,187.34815979003906,92.99553680419922,250.56271362304688,182.2095947265625,0.8668498396873474,-1,-1,-1
1005,-1,186.64320373535156,94.26972961425781,251.32199096679688,180.20541381835938,0.8222872018814087,-1,-1,-1
1010,-1,115.60660552978516,84.56028747558594,201.32347106933594,166.910888671875,0.717652440071106,-1,-1,-1
1010,-1,187.03555297851562,96.28797149658203,249.32809448242188,178.40065002441406,0.6780182719230652,-1,-1,-1
1011,-1,115.44197845458984,84.76782989501953,201.26173400878906,166.94683837890625,0.6758940815925598,-1,-1,-1
1011,-1,186.9149932861328,96.39247131347656,249.07269287109375,178.566650390625,0.6758508086204529,-1,-1,-1
1012,-1,114.14459228515625,82.31735229492188,200.1769256591797,168.97393798828125,0.6337394118309021,-1,-1,-1
1012,-1,187.15162658691406,96.55853271484375,248.7509002685547,178.87953186035156,0.5172280669212341,-1,-1,-1
1013,-1,186.8517303466797,96.11891174316406,249.28305053710938,178.8636932373047,0.6394017338752747,-1,-1,-1
1013,-1,113.82910919189453,83.90132141113281,200.9110870361328,168.29454040527344,0.6337427496910095,-1,-1,-1
1015,-1,114.4322280883789,84.49779510498047,202.05905151367188,168.4470672607422,0.5135611891746521,-1,-1,-1
1019,-1,112.50824737548828,84.61567687988281,202.1221160888672,167.1631317138672,0.544132649898529,-1,-1,-1
1019,-1,187.65512084960938,95.85185241699219,250.02145385742188,178.7476806640625,0.5244894027709961,-1,-1,-1
1020,-1,114.6402816772461,83.88788604736328,202.9597625732422,167.59109497070312,0.6135366559028625,-1,-1,-1
1021,-1,114.65709686279297,83.88980865478516,202.93853759765625,167.5524444580078,0.6173464059829712,-1,-1,-1
1022,-1,113.75191497802734,82.83789825439453,204.91567993164062,169.19052124023438,0.6685678958892822,-1,-1,-1
1023,-1,186.0555877685547,94.25827026367188,249.30772399902344,180.59085083007812,0.6977574825286865,-1,-1,-1
1024,-1,112.57111358642578,82.18452453613281,202.78565979003906,168.9232177734375,0.5355372428894043,-1,-1,-1
1025,-1,113.00886535644531,83.65888214111328,203.68572998046875,168.8211212158203,0.5124126672744751,-1,-1,-1
1028,-1,113.92444610595703,82.86205291748047,205.00772094726562,169.2418670654297,0.6043348908424377,-1,-1,-1
1029,-1,113.45589447021484,82.58763122558594,204.27914428710938,169.18072509765625,0.6715429425239563,-1,-1,-1
1030,-1,113.85014343261719,83.34030151367188,204.3812713623047,168.03363037109375,0.6143686771392822,-1,-1,-1
1031,-1,113.67217254638672,82.00662231445312,203.56971740722656,168.93350219726562,0.6136987805366516,-1,-1,-1
1032,-1,113.25251770019531,82.01812744140625,203.423583984375,168.4973907470703,0.5752243399620056,-1,-1,-1
1033,-1,113.27845764160156,82.02383422851562,203.34481811523438,168.48651123046875,0.5881607532501221,-1,-1,-1
1034,-1,112.67139434814453,81.72492980957031,202.51864624023438,168.08213806152344,0.6615079641342163,-1,-1,-1
1035,-1,113.50292205810547,83.75196838378906,204.32809448242188,168.2085723876953,0.6420716643333435,-1,-1,-1
1035,-1,186.10841369628906,92.49691772460938,248.15614318847656,181.2884979248047,0.5599286556243896,-1,-1,-1
1036,-1,186.55714416503906,92.69014739990234,248.27044677734375,180.70294189453125,0.5823496580123901,-1,-1,-1
1036,-1,113.28861999511719,83.89602661132812,203.57241821289062,167.73391723632812,0.5597426891326904,-1,-1,-1
1037,-1,113.0863265991211,83.49858093261719,202.97349548339844,168.54405212402344,0.5654064416885376,-1,-1,-1
1037,-1,186.19239807128906,92.38150787353516,248.06044006347656,180.774169921875,0.5083927512168884,-1,-1,-1
1038,-1,185.29513549804688,91.6054916381836,248.23548889160156,182.20362854003906,0.6825781464576721,-1,-1,-1
1038,-1,114.49107360839844,83.8020248413086,201.300048828125,167.30908203125,0.6378987431526184,-1,-1,-1
1039,-1,185.29969787597656,91.60749816894531,248.201416015625,182.22747802734375,0.6789554953575134,-1,-1,-1
1039,-1,114.18211364746094,83.72632598876953,201.2193603515625,167.4385986328125,0.6502221822738647,-1,-1,-1
1040,-1,185.3374481201172,92.32325744628906,248.10484313964844,182.51974487304688,0.7118102312088013,-1,-1,-1
1042,-1,185.19166564941406,94.48435974121094,248.1904754638672,181.03036499023438,0.5981765389442444,-1,-1,-1
1043,-1,185.189697265625,95.5511245727539,247.18222045898438,180.595458984375,0.6539919972419739,-1,-1,-1
1044,-1,185.26663208007812,95.6944351196289,246.1544647216797,180.13409423828125,0.6461129784584045,-1,-1,-1
1045,-1,185.33108520507812,95.7145767211914,246.0888671875,180.1231231689453,0.6197489500045776,-1,-1,-1
1046,-1,185.18174743652344,95.4903793334961,247.17947387695312,180.66607666015625,0.7386769652366638,-1,-1,-1
1047,-1,185.30380249023438,94.70850372314453,247.55165100097656,180.84690856933594,0.796533465385437,-1,-1,-1
1048,-1,185.3944091796875,95.21377563476562,247.3530731201172,180.39324951171875,0.7105159759521484,-1,-1,-1
1050,-1,185.4608154296875,95.31182098388672,246.98422241210938,179.73031616210938,0.7328162789344788,-1,-1,-1
1051,-1,185.36334228515625,95.36605072021484,247.04171752929688,179.64271545410156,0.7153853178024292,-1,-1,-1
1052,-1,185.06576538085938,93.2301254272461,248.20021057128906,182.87033081054688,0.6054428219795227,-1,-1,-1
1053,-1,113.13518524169922,83.81507873535156,200.0302276611328,168.06716918945312,0.5018486380577087,-1,-1,-1
1054,-1,185.43154907226562,90.85616302490234,248.08062744140625,183.15110778808594,0.6517894864082336,-1,-1,-1
1054,-1,113.03740692138672,86.68708801269531,200.0103759765625,166.45726013183594,0.5716931223869324,-1,-1,-1
1055,-1,185.23602294921875,90.08525848388672,248.3186492919922,183.35943603515625,0.6268919110298157,-1,-1,-1
1055,-1,111.25062561035156,84.61153411865234,199.64659118652344,167.54673767089844,0.5790213942527771,-1,-1,-1
1056,-1,185.3595733642578,92.00029754638672,248.1044158935547,182.09303283691406,0.6171960234642029,-1,-1,-1
1056,-1,113.21574401855469,85.71763610839844,199.98106384277344,166.36819458007812,0.5469493865966797,-1,-1,-1
1057,-1,185.3406524658203,92.40558624267578,248.0780792236328,181.83670043945312,0.5968441963195801,-1,-1,-1
1057,-1,113.3026123046875,85.61414337158203,199.91595458984375,166.32656860351562,0.549133837223053,-1,-1,-1
1058,-1,185.4593048095703,88.0828857421875,248.8699493408203,183.90182495117188,0.6764987707138062,-1,-1,-1
1058,-1,113.09142303466797,85.03943634033203,200.24559020996094,166.7124786376953,0.6228992342948914,-1,-1,-1
1059,-1,184.79949951171875,82.0916976928711,247.73947143554688,174.77516174316406,0.5465487837791443,-1,-1,-1
1059,-1,112.59065246582031,85.7332763671875,198.6573028564453,166.2982177734375,0.5435066223144531,-1,-1,-1
1062,-1,113.76911163330078,85.80782318115234,200.91433715820312,167.4251251220703,0.5407755970954895,-1,-1,-1
1063,-1,113.61736297607422,86.40528869628906,200.6439208984375,166.961181640625,0.5027732849121094,-1,-1,-1
1064,-1,113.63236999511719,85.28789520263672,201.70509338378906,166.73635864257812,0.7297033667564392,-1,-1,-1
1065,-1,112.54936981201172,84.70938873291016,201.97323608398438,166.92303466796875,0.733102560043335,-1,-1,-1
1066,-1,113.37442016601562,85.4527587890625,200.93026733398438,166.6815948486328,0.673035740852356,-1,-1,-1
1067,-1,111.10330200195312,84.76761627197266,200.97413635253906,167.11199951171875,0.6131333708763123,-1,-1,-1
1068,-1,111.52747344970703,86.36528778076172,200.6170654296875,166.3823699951172,0.5924159288406372,-1,-1,-1
1069,-1,111.68328094482422,86.3812484741211,200.75376892089844,166.32228088378906,0.5895475149154663,-1,-1,-1
1071,-1,112.40508270263672,84.93628692626953,201.88174438476562,168.50599670410156,0.5386320352554321,-1,-1,-1
1072,-1,111.3130111694336,84.54914855957031,202.7413787841797,167.65423583984375,0.5382972955703735,-1,-1,-1
1073,-1,112.06481170654297,85.52529907226562,202.3580780029297,167.68487548828125,0.535175085067749,-1,-1,-1
1074,-1,112.44456481933594,86.2300796508789,203.43588256835938,168.1607666015625,0.5186380743980408,-1,-1,-1
1075,-1,112.49818420410156,86.3574447631836,203.4300537109375,168.08995056152344,0.533621609210968,-1,-1,-1
1076,-1,113.5098648071289,85.5943374633789,204.6418914794922,168.10787963867188,0.6194345951080322,-1,-1,-1
1077,-1,111.88768005371094,83.65812683105469,203.74734497070312,167.62939453125,0.6933028697967529,-1,-1,-1
1078,-1,112.92998504638672,86.4416732788086,201.30389404296875,166.3272247314453,0.5116977095603943,-1,-1,-1
1079,-1,185.5845947265625,83.85194396972656,246.4323272705078,174.81735229492188,0.5940321683883667,-1,-1,-1
1079,-1,113.8338851928711,86.36725616455078,201.58917236328125,166.37442016601562,0.5486729741096497,-1,-1,-1
1080,-1,184.03451538085938,87.31066131591797,248.38565063476562,185.03009033203125,0.6484684348106384,-1,-1,-1
1080,-1,113.4335708618164,86.02252960205078,201.89842224121094,165.6566162109375,0.6465232968330383,-1,-1,-1
1081,-1,113.5238037109375,85.79171752929688,201.90701293945312,165.760009765625,0.668478786945343,-1,-1,-1
1081,-1,184.07789611816406,87.32762908935547,248.46356201171875,184.89773559570312,0.6503421664237976,-1,-1,-1
1082,-1,184.56434631347656,86.62849426269531,248.59576416015625,186.1248016357422,0.7783547043800354,-1,-1,-1
1082,-1,112.98341369628906,84.5707778930664,200.93077087402344,165.43019104003906,0.730521559715271,-1,-1,-1
1083,-1,184.61471557617188,84.66600799560547,246.11703491210938,175.1641082763672,0.8682844042778015,-1,-1,-1
1083,-1,114.64956665039062,85.2584228515625,200.86148071289062,166.24771118164062,0.7456830143928528,-1,-1,-1
1084,-1,178.73902893066406,86.51818084716797,250.2263641357422,171.64547729492188,0.5856181383132935,-1,-1,-1
1084,-1,113.39835357666016,84.73190307617188,201.885986328125,167.88917541503906,0.5680623650550842,-1,-1,-1
1085,-1,112.68452453613281,82.61251831054688,201.49911499023438,166.8571319580078,0.799866795539856,-1,-1,-1
1085,-1,179.83641052246094,88.29618835449219,249.60060119628906,170.23681640625,0.6375694870948792,-1,-1,-1
1086,-1,112.83294677734375,83.68727111816406,202.49693298339844,167.3411865234375,0.8558720946311951,-1,-1,-1
1086,-1,179.7301483154297,88.54649353027344,249.5625,169.7967071533203,0.6029120683670044,-1,-1,-1
1087,-1,112.8793716430664,83.4593276977539,202.6649169921875,167.5064239501953,0.8632641434669495,-1,-1,-1
1087,-1,179.658935546875,88.52301788330078,249.56216430664062,169.7789764404297,0.5914971828460693,-1,-1,-1
1088,-1,112.98263549804688,83.23080444335938,203.94113159179688,168.82308959960938,0.894989550113678,-1,-1,-1
1088,-1,180.4901885986328,88.4501953125,249.21536254882812,169.8379364013672,0.5525110363960266,-1,-1,-1
1089,-1,114.03828430175781,83.56706237792969,203.37364196777344,168.75486755371094,0.7708342671394348,-1,-1,-1
1090,-1,114.15701293945312,83.37129211425781,203.81512451171875,168.93896484375,0.8151506781578064,-1,-1,-1
1091,-1,113.70494842529297,83.12433624267578,204.58709716796875,168.873779296875,0.927288830280304,-1,-1,-1
1091,-1,182.19129943847656,89.7943115234375,247.64305114746094,182.88265991210938,0.570587694644928,-1,-1,-1
1092,-1,113.91742706298828,83.28316497802734,203.56680297851562,167.9418487548828,0.9103606939315796,-1,-1,-1
1092,-1,181.86058044433594,89.06048583984375,248.72352600097656,169.02084350585938,0.576862633228302,-1,-1,-1
1093,-1,114.08944702148438,83.2648696899414,203.8850555419922,168.06256103515625,0.9159227013587952,-1,-1,-1
1093,-1,181.8190155029297,88.94731903076172,248.68772888183594,168.9954071044922,0.5647215843200684,-1,-1,-1
1094,-1,113.99925994873047,85.40303039550781,206.05532836914062,168.169921875,0.8722118139266968,-1,-1,-1
1095,-1,114.19632720947266,87.04351806640625,204.08541870117188,167.3220672607422,0.7635999321937561,-1,-1,-1
1096,-1,113.00532531738281,87.88491821289062,202.23123168945312,166.11697387695312,0.7315222024917603,-1,-1,-1
1096,-1,184.0935516357422,88.23103332519531,248.58795166015625,185.9231719970703,0.5318286418914795,-1,-1,-1
1097,-1,115.05838012695312,90.03572845458984,202.2144775390625,164.44625854492188,0.7650920748710632,-1,-1,-1
1097,-1,185.0504913330078,85.9909439086914,246.4060821533203,173.18983459472656,0.6438818573951721,-1,-1,-1
1098,-1,114.91082000732422,88.62498474121094,202.1438751220703,165.22503662109375,0.8456370830535889,-1,-1,-1
1098,-1,184.28729248046875,88.32807922363281,248.54727172851562,184.86508178710938,0.7006295919418335,-1,-1,-1
1099,-1,114.8476791381836,88.6517562866211,202.18177795410156,165.3021240234375,0.8368327021598816,-1,-1,-1
1099,-1,184.26866149902344,88.39517211914062,248.5513458251953,184.52508544921875,0.6930234432220459,-1,-1,-1
1100,-1,185.159912109375,87.09922790527344,246.99462890625,171.76820373535156,0.7640751004219055,-1,-1,-1
1100,-1,113.81180572509766,89.8716049194336,202.83302307128906,165.419677734375,0.6850088834762573,-1,-1,-1
1101,-1,185.35601806640625,87.71878814697266,246.44911193847656,170.27500915527344,0.6154190301895142,-1,-1,-1
1101,-1,117.26115417480469,103.51731872558594,203.4492645263672,172.41554260253906,0.5038163065910339,-1,-1,-1
1102,-1,184.8928680419922,87.34065246582031,248.30247497558594,185.35250854492188,0.7885909080505371,-1,-1,-1
1102,-1,115.36017608642578,90.11092376708984,203.06719970703125,165.48016357421875,0.6050617694854736,-1,-1,-1
1103,-1,185.53306579589844,87.04862213134766,249.11053466796875,185.69219970703125,0.7827181816101074,-1,-1,-1
1103,-1,115.73881530761719,89.27088928222656,202.4374542236328,165.02955627441406,0.5114256143569946,-1,-1,-1
1104,-1,185.73545837402344,86.5466079711914,249.76560974121094,185.89137268066406,0.8106570839881897,-1,-1,-1
1104,-1,114.8805160522461,89.8185806274414,202.28250122070312,164.87171936035156,0.5814002752304077,-1,-1,-1
1105,-1,185.70492553710938,86.5658187866211,249.7445831298828,185.92041015625,0.809031069278717,-1,-1,-1
1105,-1,115.34393310546875,89.47966766357422,202.2886962890625,165.06668090820312,0.6000794768333435,-1,-1,-1
1106,-1,185.85476684570312,88.28776550292969,248.04136657714844,170.8018341064453,0.7551097869873047,-1,-1,-1
1106,-1,115.84280395507812,87.85665893554688,202.8113555908203,165.8245391845703,0.6468691825866699,-1,-1,-1
1107,-1,185.3321533203125,88.3371810913086,248.21249389648438,170.2176971435547,0.771368145942688,-1,-1,-1
1107,-1,115.41675567626953,88.70171356201172,203.4013214111328,165.67176818847656,0.6885250210762024,-1,-1,-1
1108,-1,186.1223602294922,89.15562438964844,249.8024139404297,182.8167266845703,0.6516435742378235,-1,-1,-1
1108,-1,186.7653045654297,90.1733627319336,247.18890380859375,169.74130249023438,0.5952659249305725,-1,-1,-1
1109,-1,186.78001403808594,90.08213806152344,246.71006774902344,170.1550750732422,0.6410486102104187,-1,-1,-1
1109,-1,114.06962585449219,87.62222290039062,202.96456909179688,166.23805236816406,0.5858780741691589,-1,-1,-1
1109,-1,185.76348876953125,89.93541717529297,249.54824829101562,181.26385498046875,0.5820407867431641,-1,-1,-1
1110,-1,185.73846435546875,89.34591674804688,250.49191284179688,182.62054443359375,0.7837586402893066,-1,-1,-1
1110,-1,114.11365509033203,86.68262481689453,203.4544219970703,166.82102966308594,0.6189642548561096,-1,-1,-1
1111,-1,185.76556396484375,89.42900085449219,250.50479125976562,182.48764038085938,0.7756978273391724,-1,-1,-1
1111,-1,114.28520965576172,86.38520812988281,203.49119567871094,167.08352661132812,0.6182221174240112,-1,-1,-1
1112,-1,185.9825439453125,89.95040893554688,250.2739715576172,181.21746826171875,0.5456011295318604,-1,-1,-1
1113,-1,187.0736846923828,90.03784942626953,248.68370056152344,170.28977966308594,0.6657177805900574,-1,-1,-1
1114,-1,187.54995727539062,90.46499633789062,247.45159912109375,170.00819396972656,0.7625259160995483,-1,-1,-1
1114,-1,187.54995727539062,90.46499633789062,247.45159912109375,170.00819396972656,0.5806819796562195,-1,-1,-1
1115,-1,186.08335876464844,90.07884979248047,250.4127197265625,181.80523681640625,0.7235332727432251,-1,-1,-1
1115,-1,113.55377197265625,90.23809051513672,201.61251831054688,164.40106201171875,0.5461194515228271,-1,-1,-1
1116,-1,185.3623046875,89.91366577148438,251.03787231445312,183.80870056152344,0.8675488233566284,-1,-1,-1
1117,-1,185.38638305664062,89.95635986328125,250.98287963867188,183.85147094726562,0.8697644472122192,-1,-1,-1
1118,-1,186.10025024414062,89.44976806640625,251.22592163085938,182.7801971435547,0.7091484069824219,-1,-1,-1
1119,-1,186.1412811279297,89.83287811279297,251.35313415527344,182.1536865234375,0.6449869275093079,-1,-1,-1
1120,-1,185.69471740722656,89.7098388671875,251.42108154296875,182.490234375,0.7027003765106201,-1,-1,-1
1121,-1,185.4119110107422,89.16287994384766,251.53709411621094,183.61227416992188,0.8186043500900269,-1,-1,-1
1122,-1,185.43540954589844,87.97602844238281,251.80296325683594,183.66152954101562,0.9038456678390503,-1,-1,-1
1123,-1,185.3585968017578,87.92107391357422,251.83096313476562,183.70689392089844,0.902692973613739,-1,-1,-1
1124,-1,185.448486328125,88.24297332763672,252.08433532714844,183.07696533203125,0.9105911254882812,-1,-1,-1
1125,-1,185.9322967529297,89.18025970458984,251.7873992919922,181.67666625976562,0.8873938322067261,-1,-1,-1
1126,-1,185.9304656982422,88.36572265625,251.93321228027344,183.04457092285156,0.8727084398269653,-1,-1,-1
1127,-1,185.84837341308594,88.28533172607422,251.4991912841797,182.640869140625,0.8945146799087524,-1,-1,-1
1128,-1,186.45281982421875,87.34125518798828,251.14144897460938,184.0935516357422,0.9541597366333008,-1,-1,-1
1129,-1,186.4083709716797,87.44642639160156,251.15953063964844,184.17198181152344,0.9546087980270386,-1,-1,-1
1130,-1,186.3011474609375,87.28822326660156,251.10076904296875,185.4788818359375,0.9570223689079285,-1,-1,-1
1131,-1,185.82180786132812,87.22129821777344,251.05203247070312,185.42581176757812,0.9524745345115662,-1,-1,-1
1132,-1,185.23011779785156,87.0408706665039,251.3276824951172,186.565673828125,0.9244368672370911,-1,-1,-1
1133,-1,184.77285766601562,87.62429809570312,250.98951721191406,186.6713104248047,0.9346057772636414,-1,-1,-1
1134,-1,184.54653930664062,87.82945251464844,250.5660858154297,186.6322021484375,0.9511770009994507,-1,-1,-1
1135,-1,184.51585388183594,87.82544708251953,250.6105194091797,186.28375244140625,0.9485071301460266,-1,-1,-1
1136,-1,184.32757568359375,87.87567138671875,250.8315887451172,185.9640350341797,0.9339628219604492,-1,-1,-1
1137,-1,184.62625122070312,88.47687530517578,250.6304168701172,185.2048797607422,0.929719865322113,-1,-1,-1
1138,-1,184.5301055908203,88.8866958618164,250.64988708496094,185.74896240234375,0.9109490513801575,-1,-1,-1
1139,-1,184.39898681640625,89.46959686279297,249.98516845703125,183.4485626220703,0.8834669589996338,-1,-1,-1
1140,-1,184.89381408691406,90.33946228027344,250.51373291015625,183.1574249267578,0.8823515176773071,-1,-1,-1
1140,-1,113.44669342041016,85.5218734741211,204.7578582763672,167.7825469970703,0.7002392411231995,-1,-1,-1
1141,-1,184.93624877929688,90.2546615600586,250.56365966796875,182.88087463378906,0.8875656723976135,-1,-1,-1
1141,-1,113.32535552978516,85.3404769897461,204.7595977783203,167.9700927734375,0.6867440342903137,-1,-1,-1
1142,-1,185.29249572753906,90.87284851074219,250.4367218017578,184.64939880371094,0.9058917760848999,-1,-1,-1
1143,-1,185.00196838378906,91.72308349609375,250.86978149414062,182.940673828125,0.8949612975120544,-1,-1,-1
1143,-1,116.78434753417969,102.859130859375,203.68548583984375,171.79901123046875,0.7160385847091675,-1,-1,-1
1144,-1,185.4106903076172,90.28976440429688,250.55197143554688,182.41958618164062,0.9458450675010681,-1,-1,-1
1144,-1,113.63455200195312,88.51318359375,202.11546325683594,166.87098693847656,0.5817615389823914,-1,-1,-1
1145,-1,185.45452880859375,90.76128387451172,250.77084350585938,181.721923828125,0.9078879952430725,-1,-1,-1
1145,-1,114.71923828125,88.21099090576172,202.22959899902344,166.16961669921875,0.6089079976081848,-1,-1,-1
1146,-1,185.31802368164062,92.60885620117188,250.58555603027344,182.35386657714844,0.8624938726425171,-1,-1,-1
1146,-1,112.3758773803711,89.11995697021484,200.6918182373047,166.6234588623047,0.5208387970924377,-1,-1,-1
1147,-1,185.32669067382812,92.57063293457031,250.5683135986328,182.40977478027344,0.8669291734695435,-1,-1,-1
1147,-1,112.33589935302734,89.29495239257812,200.68927001953125,166.41799926757812,0.5538864135742188,-1,-1,-1
1148,-1,185.3917236328125,91.63968658447266,251.0838623046875,180.94772338867188,0.8415235877037048,-1,-1,-1
1148,-1,112.85843658447266,87.51972198486328,201.36312866210938,166.73240661621094,0.6779106259346008,-1,-1,-1
1149,-1,185.85289001464844,91.66281127929688,251.07830810546875,180.60643005371094,0.771015465259552,-1,-1,-1
1149,-1,114.00740814208984,87.28123474121094,199.94041442871094,166.75221252441406,0.7002659440040588,-1,-1,-1
1150,-1,115.32037353515625,86.3006362915039,200.5282440185547,167.221435546875,0.6515375971794128,-1,-1,-1
1151,-1,186.76699829101562,92.58036041259766,251.15414428710938,180.6618194580078,0.6968072056770325,-1,-1,-1
1151,-1,114.99964904785156,87.46642303466797,199.9734344482422,166.22105407714844,0.5417303442955017,-1,-1,-1
1152,-1,186.581298828125,93.63570404052734,251.9776153564453,179.9735565185547,0.5436364412307739,-1,-1,-1
1153,-1,186.78790283203125,93.57819366455078,251.83990478515625,180.0296630859375,0.5025681257247925,-1,-1,-1
1155,-1,186.9584503173828,94.89759826660156,251.55609130859375,180.99716186523438,0.5135484933853149,-1,-1,-1
1156,-1,186.46731567382812,95.36186218261719,251.55770874023438,180.64950561523438,0.7617085576057434,-1,-1,-1
1157,-1,186.26304626464844,95.1968765258789,251.4122772216797,181.67640686035156,0.8222891092300415,-1,-1,-1
1158,-1,186.19082641601562,95.43118286132812,252.07510375976562,182.83665466308594,0.785616934299469,-1,-1,-1
1159,-1,186.31320190429688,95.45159912109375,252.16653442382812,182.38897705078125,0.7943274974822998,-1,-1,-1
1160,-1,185.9503936767578,93.6742935180664,251.4290008544922,183.2746124267578,0.8334541916847229,-1,-1,-1
1161,-1,186.02989196777344,94.22578430175781,251.0107421875,184.2308349609375,0.7775112986564636,-1,-1,-1
1162,-1,185.82998657226562,93.54647064208984,250.78167724609375,183.49661254882812,0.790013313293457,-1,-1,-1
1163,-1,185.6075897216797,91.58333587646484,250.60934448242188,184.39419555664062,0.7382065653800964,-1,-1,-1
1164,-1,186.17063903808594,91.38687896728516,250.49459838867188,182.9578094482422,0.7253695726394653,-1,-1,-1
1165,-1,186.18035888671875,91.40824890136719,250.47071838378906,182.79978942871094,0.7012603282928467,-1,-1,-1
1166,-1,185.556396484375,91.68965911865234,250.29904174804688,182.63902282714844,0.7209547162055969,-1,-1,-1
1167,-1,185.81707763671875,91.30359649658203,249.58895874023438,184.5599365234375,0.5836021304130554,-1,-1,-1
1168,-1,185.64955139160156,90.91686248779297,249.82618713378906,184.0946044921875,0.7223532199859619,-1,-1,-1
1169,-1,185.9493865966797,90.38007354736328,249.08261108398438,184.31349182128906,0.6848719120025635,-1,-1,-1
1170,-1,185.83016967773438,89.79727935791016,250.18019104003906,183.11119079589844,0.7630389928817749,-1,-1,-1
1171,-1,185.72705078125,89.83110046386719,250.21701049804688,183.09588623046875,0.7493308186531067,-1,-1,-1
1172,-1,185.5205078125,89.35346984863281,249.38394165039062,185.85655212402344,0.7131661772727966,-1,-1,-1
1173,-1,185.84707641601562,88.60488891601562,248.74392700195312,184.3516082763672,0.771141529083252,-1,-1,-1
1174,-1,184.03089904785156,86.83663940429688,250.2435302734375,185.57093811035156,0.8240175247192383,-1,-1,-1
1175,-1,185.54486083984375,87.94380187988281,248.79953002929688,183.53916931152344,0.7161063551902771,-1,-1,-1
1176,-1,186.14906311035156,84.83557891845703,248.55177307128906,188.33103942871094,0.9285615086555481,-1,-1,-1
1177,-1,186.14102172851562,84.82954406738281,248.5612335205078,188.27593994140625,0.9282196760177612,-1,-1,-1
1178,-1,186.40673828125,81.77995300292969,247.56776428222656,192.2747039794922,0.9503077268600464,-1,-1,-1
1179,-1,187.18048095703125,80.16230773925781,247.6798858642578,193.97622680664062,0.9200796484947205,-1,-1,-1
1180,-1,186.47332763671875,77.36234283447266,250.02748107910156,179.44155883789062,0.8799983263015747,-1,-1,-1
1181,-1,186.6305694580078,73.81798553466797,249.85597229003906,183.10023498535156,0.8995378613471985,-1,-1,-1
1182,-1,186.34461975097656,71.18927001953125,250.1570281982422,183.98748779296875,0.9723745584487915,-1,-1,-1
1183,-1,186.33175659179688,70.97523498535156,250.1890869140625,184.44593811035156,0.9716582894325256,-1,-1,-1
1184,-1,186.52975463867188,67.97248077392578,251.0289306640625,184.7020721435547,0.9867715239524841,-1,-1,-1
1185,-1,186.18359375,64.2679443359375,251.0362548828125,185.12306213378906,0.939907431602478,-1,-1,-1
1186,-1,185.34817504882812,62.132205963134766,252.9579315185547,172.55662536621094,0.9714460968971252,-1,-1,-1
1187,-1,184.388671875,61.09165954589844,252.95326232910156,172.77069091796875,0.9687697291374207,-1,-1,-1
1188,-1,184.48760986328125,58.52785873413086,253.17037963867188,173.94244384765625,0.9786897897720337,-1,-1,-1
1189,-1,184.50418090820312,58.56151580810547,253.12989807128906,173.95404052734375,0.979393720626831,-1,-1,-1
1190,-1,183.98846435546875,51.82318878173828,254.94998168945312,177.89097595214844,0.9816754460334778,-1,-1,-1
1191,-1,184.14486694335938,48.54237365722656,254.49542236328125,177.29220581054688,0.9791374206542969,-1,-1,-1
1192,-1,185.03488159179688,45.44729232788086,254.100341796875,180.70492553710938,0.9739797115325928,-1,-1,-1
1193,-1,179.3579864501953,40.875484466552734,250.3899383544922,195.26205444335938,0.8959670066833496,-1,-1,-1
1193,-1,247.53990173339844,-6.311434268951416,318.4496154785156,246.79930114746094,0.5491518974304199,-1,-1,-1
1194,-1,173.5063934326172,36.07590866088867,251.78933715820312,195.01376342773438,0.7558461427688599,-1,-1,-1
1195,-1,173.5883331298828,36.23358917236328,251.85208129882812,195.15347290039062,0.7621490359306335,-1,-1,-1
1196,-1,176.79054260253906,32.523841857910156,252.1652374267578,166.72096252441406,0.651106059551239,-1,-1,-1
1196,-1,244.2804718017578,-8.698789596557617,319.3383483886719,247.86447143554688,0.5266284942626953,-1,-1,-1
1197,-1,175.45468139648438,28.889589309692383,252.94686889648438,162.86257934570312,0.5307586193084717,-1,-1,-1
1197,-1,245.68495178222656,-8.627249717712402,318.25213623046875,247.12924194335938,0.5051302313804626,-1,-1,-1
1198,-1,187.77774047851562,24.820627212524414,264.9980773925781,162.4022216796875,0.6130002737045288,-1,-1,-1
1199,-1,175.11221313476562,21.69913673400879,255.05934143066406,159.64068603515625,0.6943319439888,-1,-1,-1
1200,-1,187.3965606689453,18.54199981689453,265.3323059082031,160.49526977539062,0.5947311520576477,-1,-1,-1
1201,-1,187.34954833984375,18.364158630371094,265.2991943359375,160.8895721435547,0.5632979869842529,-1,-1,-1
1202,-1,183.7635955810547,14.467784881591797,269.4599304199219,165.03756713867188,0.639535129070282,-1,-1,-1
1203,-1,186.98345947265625,13.197965621948242,265.4185791015625,167.88168334960938,0.8386540412902832,-1,-1,-1
1204,-1,186.8557891845703,10.387614250183105,265.12493896484375,167.52981567382812,0.8778612613677979,-1,-1,-1
1205,-1,186.85324096679688,10.421724319458008,265.8309020996094,165.00772094726562,0.6463106870651245,-1,-1,-1
1208,-1,109.56269073486328,84.5108413696289,203.16285705566406,169.07191467285156,0.5674343705177307,-1,-1,-1
1208,-1,185.32421875,6.158881664276123,267.40728759765625,149.2955780029297,0.5357781648635864,-1,-1,-1
1209,-1,186.19168090820312,5.572392463684082,268.2607116699219,148.60531616210938,0.697359561920166,-1,-1,-1
1209,-1,192.6949920654297,78.18744659423828,207.20558166503906,103.71434020996094,0.6217925548553467,-1,-1,-1
1210,-1,186.52122497558594,4.637685775756836,267.4329833984375,149.72314453125,0.6876754760742188,-1,-1,-1
1211,-1,186.5382080078125,-0.354056715965271,273.91827392578125,149.56707763671875,0.5168949961662292,-1,-1,-1
1218,-1,112.66564178466797,105.06000518798828,200.5531005859375,174.52804565429688,0.5072396993637085,-1,-1,-1
1222,-1,110.40604400634766,105.01654815673828,202.7354278564453,175.113525390625,0.5259984731674194,-1,-1,-1
1226,-1,186.43719482421875,3.705198049545288,284.3005676269531,157.17938232421875,0.7405990362167358,-1,-1,-1
1228,-1,187.16200256347656,11.857504844665527,279.7693786621094,162.10983276367188,0.7347039580345154,-1,-1,-1
1229,-1,188.95057678222656,12.406017303466797,277.7713623046875,163.79469299316406,0.5935830473899841,-1,-1,-1
1230,-1,190.250244140625,13.314765930175781,283.5686950683594,160.63307189941406,0.7150332927703857,-1,-1,-1
1231,-1,190.0926971435547,13.54306697845459,283.987548828125,160.50164794921875,0.7076509594917297,-1,-1,-1
1232,-1,190.8206787109375,6.950231552124023,309.85638427734375,169.58609008789062,0.5465887784957886,-1,-1,-1
1232,-1,187.68211364746094,13.343623161315918,289.5531311035156,159.48106384277344,0.509256899356842,-1,-1,-1
1233,-1,191.8917999267578,16.701461791992188,289.1736145019531,155.1968536376953,0.8800904750823975,-1,-1,-1
1234,-1,192.0517120361328,3.4124815464019775,310.4061584472656,154.14224243164062,0.9919482469558716,-1,-1,-1
1234,-1,215.9079132080078,63.679649353027344,230.1956024169922,88.22004699707031,0.5898956060409546,-1,-1,-1
1235,-1,193.8312530517578,5.666163444519043,307.8489990234375,151.2724151611328,0.9913207292556763,-1,-1,-1
1236,-1,201.69065856933594,5.669508457183838,305.3324279785156,148.9777069091797,0.9603189826011658,-1,-1,-1
1237,-1,201.76791381835938,5.730861186981201,305.21270751953125,148.95118713378906,0.9598296284675598,-1,-1,-1
1238,-1,206.13462829589844,5.446460723876953,306.0506896972656,147.8724822998047,0.9707420468330383,-1,-1,-1
1239,-1,213.3313751220703,5.092057704925537,304.2052001953125,147.46310424804688,0.8812576532363892,-1,-1,-1
1241,-1,217.9147186279297,5.100890159606934,304.54296875,136.01593017578125,0.7221398949623108,-1,-1,-1
1242,-1,218.463134765625,3.6209049224853516,307.9993591308594,131.5844268798828,0.5125684142112732,-1,-1,-1
1243,-1,219.35279846191406,3.597905158996582,307.4091491699219,131.4557647705078,0.5974500775337219,-1,-1,-1
1316,-1,139.40658569335938,106.23744201660156,191.35374450683594,166.38519287109375,0.5000553727149963,-1,-1,-1
1321,-1,139.1302947998047,106.33135223388672,191.51904296875,166.15576171875,0.5060069561004639,-1,-1,-1
1409,-1,139.2527618408203,105.9244384765625,191.16212463378906,166.75100708007812,0.5113610029220581,-1,-1,-1
1410,-1,139.0310516357422,106.09535217285156,190.8092498779297,166.17724609375,0.5571691989898682,-1,-1,-1
1411,-1,138.91070556640625,106.10143280029297,190.89047241210938,166.21432495117188,0.5479750037193298,-1,-1,-1
1416,-1,138.64453125,105.60682678222656,191.29234313964844,166.65139770507812,0.5245649814605713,-1,-1,-1
1417,-1,138.5142364501953,105.6224136352539,191.33377075195312,166.7024383544922,0.5265517830848694,-1,-1,-1
1418,-1,138.6683807373047,106.03934478759766,191.06396484375,166.40870666503906,0.5217092037200928,-1,-1,-1
1419,-1,138.6831512451172,105.77725982666016,191.408935546875,166.53521728515625,0.5232284069061279,-1,-1,-1
1422,-1,138.83485412597656,106.40524291992188,191.0386505126953,165.76434326171875,0.5092647671699524,-1,-1,-1
1423,-1,138.85452270507812,106.39067077636719,191.07144165039062,165.7083282470703,0.5118604302406311,-1,-1,-1
1424,-1,138.92027282714844,105.92145538330078,190.9127960205078,166.58543395996094,0.5056460499763489,-1,-1,-1
1878,-1,139.5948944091797,106.38660430908203,190.87222290039062,166.63784790039062,0.5420880317687988,-1,-1,-1
1879,-1,139.60470581054688,106.37281799316406,190.88082885742188,166.61097717285156,0.5470524430274963,-1,-1,-1
1944,-1,139.594482421875,106.13526916503906,191.51817321777344,166.63836669921875,0.5278782248497009,-1,-1,-1
1945,-1,139.5161590576172,106.09837341308594,191.48968505859375,166.6020965576172,0.5316195487976074,-1,-1,-1
1998,-1,112.19105529785156,91.67195129394531,195.35385131835938,164.844970703125,0.5037201642990112,-1,-1,-1
2042,-1,138.78121948242188,105.62208557128906,191.2245330810547,167.44241333007812,0.5054993629455566,-1,-1,-1
2232,-1,139.00807189941406,106.00654602050781,191.4115753173828,166.6084747314453,0.5218556523323059,-1,-1,-1
2233,-1,138.97259521484375,106.03720092773438,191.4431610107422,166.6141815185547,0.5255170464515686,-1,-1,-1
2468,-1,139.38153076171875,106.24662017822266,191.44174194335938,167.29483032226562,0.5090857148170471,-1,-1,-1
2568,-1,139.32696533203125,106.11117553710938,190.38693237304688,166.3773956298828,0.50163733959198,-1,-1,-1
2569,-1,139.3396453857422,106.19356536865234,190.39682006835938,166.36863708496094,0.5055892467498779,-1,-1,-1
2582,-1,139.59744262695312,106.3569564819336,190.2689971923828,166.37380981445312,0.5120238661766052,-1,-1,-1
2750,-1,138.7250213623047,105.67376708984375,191.22439575195312,166.3647003173828,0.5069792866706848,-1,-1,-1
2751,-1,138.693603515625,105.71765899658203,191.24371337890625,166.49850463867188,0.5287883877754211,-1,-1,-1
2752,-1,138.54684448242188,105.46443176269531,191.28530883789062,166.6329345703125,0.503774106502533,-1,-1,-1
2754,-1,138.3438720703125,105.57917785644531,191.3674774169922,166.66311645507812,0.500792384147644,-1,-1,-1
2755,-1,138.34974670410156,105.58363342285156,191.34092712402344,166.6705322265625,0.5001305341720581,-1,-1,-1
2759,-1,138.26869201660156,105.85698699951172,191.6503143310547,166.26316833496094,0.5286161303520203,-1,-1,-1
2760,-1,138.268310546875,105.75239562988281,191.405029296875,166.99984741210938,0.5004176497459412,-1,-1,-1
2761,-1,138.25750732421875,105.70706176757812,191.4236297607422,167.06956481933594,0.5002421140670776,-1,-1,-1
2762,-1,138.56317138671875,105.4787826538086,191.5380096435547,166.9226531982422,0.5396718978881836,-1,-1,-1
2764,-1,138.5355224609375,106.0273666381836,191.5915069580078,166.79542541503906,0.5666245818138123,-1,-1,-1
2768,-1,138.41220092773438,106.11271667480469,191.56539916992188,167.4768524169922,0.5087036490440369,-1,-1,-1
2770,-1,139.39813232421875,106.16888427734375,191.48109436035156,167.03579711914062,0.5154262185096741,-1,-1,-1
2865,-1,139.48655700683594,106.37895202636719,191.0154571533203,166.4429473876953,0.5044006109237671,-1,-1,-1
3045,-1,138.98486328125,106.08574676513672,191.01702880859375,166.65252685546875,0.5229050517082214,-1,-1,-1
3054,-1,138.92079162597656,106.14907836914062,191.20957946777344,166.89300537109375,0.508923351764679,-1,-1,-1
3083,-1,138.57473754882812,105.48108673095703,191.95501708984375,167.23707580566406,0.5043198466300964,-1,-1,-1
3087,-1,138.8833465576172,105.72894287109375,191.6185760498047,167.089599609375,0.504546046257019,-1,-1,-1
3110,-1,139.1676483154297,106.2879638671875,191.6077880859375,167.01214599609375,0.5016965270042419,-1,-1,-1
3346,-1,139.04209899902344,106.5322036743164,191.1280975341797,166.55322265625,0.5086671710014343,-1,-1,-1
3406,-1,139.5454559326172,106.39400482177734,190.99342346191406,167.07955932617188,0.5062779188156128,-1,-1,-1
3407,-1,139.21641540527344,106.06006622314453,191.21539306640625,167.4393310546875,0.5359020829200745,-1,-1,-1
3458,-1,138.45541381835938,106.07778930664062,191.6376953125,166.43594360351562,0.5191119909286499,-1,-1,-1
3459,-1,139.17135620117188,106.55101776123047,191.6683807373047,166.20449829101562,0.5334544777870178,-1,-1,-1
3476,-1,138.90890502929688,106.28156280517578,191.80067443847656,167.1902313232422,0.5344446897506714,-1,-1,-1
3477,-1,138.3688507080078,105.82334899902344,192.23106384277344,167.32122802734375,0.5081287622451782,-1,-1,-1
3481,-1,138.64166259765625,106.14962005615234,192.1890106201172,167.45826721191406,0.5019509196281433,-1,-1,-1
3484,-1,138.874755859375,106.00553131103516,191.777099609375,167.09637451171875,0.5095282793045044,-1,-1,-1
3485,-1,138.70379638671875,106.03041076660156,191.95965576171875,167.44801330566406,0.5064975619316101,-1,-1,-1
3489,-1,138.9644012451172,106.0310287475586,191.66595458984375,166.84722900390625,0.5115851759910583,-1,-1,-1
3494,-1,138.46759033203125,106.70806884765625,192.15048217773438,166.49411010742188,0.5182774066925049,-1,-1,-1
3590,-1,139.65145874023438,106.5403060913086,190.9591522216797,166.53787231445312,0.5583699941635132,-1,-1,-1
