1,-1,255.15072631835938,123.94635009765625,322.2398376464844,205.52113342285156,0.5338853001594543,-1,-1,-1
2,-1,255.21249389648438,123.99813842773438,322.2723388671875,205.43368530273438,0.5452170372009277,-1,-1,-1
3,-1,255.0540313720703,123.94190216064453,322.4583435058594,205.3157196044922,0.5331522822380066,-1,-1,-1
4,-1,255.02398681640625,123.8458023071289,322.4574279785156,205.32403564453125,0.5261572003364563,-1,-1,-1
5,-1,254.4622039794922,130.1205596923828,321.2898254394531,204.4610137939453,0.5562495589256287,-1,-1,-1
6,-1,254.5709228515625,130.61248779296875,321.20233154296875,204.36798095703125,0.5924572944641113,-1,-1,-1
7,-1,254.6522216796875,130.59506225585938,321.1307067871094,204.42478942871094,0.5847064852714539,-1,-1,-1
8,-1,254.17677307128906,130.265625,321.2867736816406,204.81776428222656,0.6228485107421875,-1,-1,-1
9,-1,254.11146545410156,130.00155639648438,320.819091796875,204.7724609375,0.5881054997444153,-1,-1,-1
10,-1,252.97071838378906,129.0211944580078,321.58453369140625,206.1841278076172,0.535777747631073,-1,-1,-1
11,-1,253.45411682128906,128.67694091796875,321.6036682128906,206.18807983398438,0.5500394701957703,-1,-1,-1
12,-1,253.78684997558594,128.4176788330078,321.49114990234375,206.18267822265625,0.5303612947463989,-1,-1,-1
20,-1,254.19532775878906,129.74148559570312,320.29827880859375,205.62969970703125,0.5218146443367004,-1,-1,-1
21,-1,254.20579528808594,129.67071533203125,320.2679138183594,205.59432983398438,0.5059092044830322,-1,-1,-1
22,-1,254.31112670898438,129.67800903320312,320.3616638183594,205.58673095703125,0.5100757479667664,-1,-1,-1
23,-1,254.0809326171875,129.4054718017578,320.7402038574219,205.78477478027344,0.5789066553115845,-1,-1,-1
24,-1,254.18814086914062,129.37545776367188,320.75909423828125,205.69105529785156,0.5766485333442688,-1,-1,-1
25,-1,253.84141540527344,128.0380401611328,320.5685119628906,205.51617431640625,0.5193482041358948,-1,-1,-1
26,-1,253.9199981689453,128.15582275390625,320.5780334472656,205.4499053955078,0.5234969258308411,-1,-1,-1
27,-1,254.0345001220703,128.23631286621094,320.5775451660156,205.4461669921875,0.5252311825752258,-1,-1,-1
28,-1,253.99314880371094,127.93582153320312,320.9765319824219,205.49351501464844,0.5007873773574829,-1,-1,-1
35,-1,253.48158264160156,128.0499725341797,321.4681396484375,205.79603576660156,0.5400328636169434,-1,-1,-1
36,-1,253.5004425048828,128.00672912597656,321.5260314941406,205.76739501953125,0.5338795185089111,-1,-1,-1
37,-1,253.55477905273438,128.01072692871094,321.518310546875,205.71792602539062,0.5376183986663818,-1,-1,-1
38,-1,252.87677001953125,125.98324584960938,322.06317138671875,206.31515502929688,0.5625578761100769,-1,-1,-1
39,-1,252.77691650390625,126.250732421875,322.03204345703125,206.32054138183594,0.562325656414032,-1,-1,-1
40,-1,253.26019287109375,127.7874755859375,321.56927490234375,206.6106719970703,0.5296486020088196,-1,-1,-1
41,-1,253.13006591796875,127.55889129638672,321.64678955078125,206.67971801757812,0.5438694357872009,-1,-1,-1
42,-1,253.1344451904297,127.56377410888672,321.64312744140625,206.69761657714844,0.5451260805130005,-1,-1,-1
43,-1,254.45452880859375,128.46560668945312,321.3741760253906,206.95509338378906,0.517683744430542,-1,-1,-1
44,-1,254.33248901367188,128.41761779785156,321.3740539550781,206.93821716308594,0.5161044001579285,-1,-1,-1
45,-1,254.7555389404297,129.22474670410156,321.5188903808594,206.88458251953125,0.5909813642501831,-1,-1,-1
46,-1,254.80455017089844,129.1258544921875,321.52423095703125,206.85581970214844,0.581672191619873,-1,-1,-1
47,-1,254.78890991210938,129.11837768554688,321.5209655761719,206.858642578125,0.583272397518158,-1,-1,-1
48,-1,254.4824981689453,128.34593200683594,321.4564514160156,206.45947265625,0.6173721551895142,-1,-1,-1
49,-1,254.449951171875,128.271484375,321.46429443359375,206.4727783203125,0.6191329956054688,-1,-1,-1
50,-1,254.95602416992188,128.06224060058594,321.7253112792969,206.0028076171875,0.5408995747566223,-1,-1,-1
51,-1,254.95460510253906,128.3301544189453,321.6918640136719,206.0020294189453,0.5434252023696899,-1,-1,-1
52,-1,254.9514617919922,128.3361053466797,321.6952819824219,206.00845336914062,0.5441784858703613,-1,-1,-1
53,-1,254.96092224121094,128.10060119628906,321.7060852050781,206.26490783691406,0.5320809483528137,-1,-1,-1
54,-1,254.94993591308594,128.32977294921875,321.6702880859375,206.27049255371094,0.5288749933242798,-1,-1,-1
86,-1,256.2048645019531,129.43370056152344,321.3927917480469,205.5487518310547,0.5094162821769714,-1,-1,-1
87,-1,256.193359375,129.4420623779297,321.3799743652344,205.54295349121094,0.5075170397758484,-1,-1,-1
100,-1,255.97669982910156,128.38970947265625,321.6744689941406,205.78810119628906,0.5578964352607727,-1,-1,-1
101,-1,255.9768829345703,128.40548706054688,321.6807556152344,205.78048706054688,0.5607157945632935,-1,-1,-1
102,-1,255.97433471679688,128.41612243652344,321.67022705078125,205.75491333007812,0.5583305358886719,-1,-1,-1
103,-1,255.92416381835938,128.53564453125,321.62335205078125,205.89381408691406,0.5541475415229797,-1,-1,-1
104,-1,255.92929077148438,128.55007934570312,321.6390380859375,205.89561462402344,0.5536374449729919,-1,-1,-1
108,-1,255.89865112304688,129.1866912841797,321.6119689941406,205.7323760986328,0.5157550573348999,-1,-1,-1
109,-1,255.91819763183594,129.25558471679688,321.6080322265625,205.69972229003906,0.5187371373176575,-1,-1,-1
110,-1,256.0071105957031,129.74618530273438,321.5023193359375,205.8618621826172,0.5995392799377441,-1,-1,-1
111,-1,256.037109375,129.7530975341797,321.469482421875,205.86094665527344,0.5968430638313293,-1,-1,-1
112,-1,256.0557861328125,129.729248046875,321.4807434082031,205.86317443847656,0.5936300158500671,-1,-1,-1
113,-1,256.0306396484375,129.2683563232422,321.4665222167969,205.66441345214844,0.5284226536750793,-1,-1,-1
114,-1,256.0206298828125,129.23580932617188,321.44488525390625,205.6395721435547,0.5230803489685059,-1,-1,-1
115,-1,255.99549865722656,129.07794189453125,321.4187927246094,205.57237243652344,0.5118070244789124,-1,-1,-1
116,-1,255.9127655029297,129.03172302246094,321.4183044433594,205.58953857421875,0.5050753355026245,-1,-1,-1
117,-1,255.9119873046875,129.03179931640625,321.42156982421875,205.59165954589844,0.5063483119010925,-1,-1,-1
118,-1,256.42724609375,129.232666015625,321.43914794921875,205.78155517578125,0.5454773306846619,-1,-1,-1
119,-1,256.4712219238281,129.30726623535156,321.4400939941406,205.76214599609375,0.5411136150360107,-1,-1,-1
123,-1,256.12274169921875,129.6490478515625,321.383544921875,205.99285888671875,0.5014698505401611,-1,-1,-1
124,-1,256.19024658203125,129.85568237304688,321.3682861328125,205.96450805664062,0.5043360590934753,-1,-1,-1
125,-1,255.88966369628906,130.05874633789062,321.4365234375,205.91578674316406,0.5571502447128296,-1,-1,-1
126,-1,255.86276245117188,130.1053924560547,321.4228515625,205.90606689453125,0.5606035590171814,-1,-1,-1
127,-1,255.86233520507812,130.1051788330078,321.42254638671875,205.9063262939453,0.5605887770652771,-1,-1,-1
128,-1,255.7276611328125,130.13754272460938,321.42041015625,206.04371643066406,0.598437488079071,-1,-1,-1
129,-1,255.7477569580078,130.123779296875,321.41900634765625,206.03521728515625,0.5950528383255005,-1,-1,-1
130,-1,255.63729858398438,130.44317626953125,321.2581787109375,206.22230529785156,0.6156444549560547,-1,-1,-1
131,-1,255.61758422851562,130.44886779785156,321.2548522949219,206.2590789794922,0.6146869659423828,-1,-1,-1
132,-1,255.6204376220703,130.44813537597656,321.2538146972656,206.25820922851562,0.614631712436676,-1,-1,-1
133,-1,255.5333709716797,130.32762145996094,321.2581787109375,206.3879852294922,0.6077266931533813,-1,-1,-1
134,-1,255.52650451660156,130.3948211669922,321.2691955566406,206.3896026611328,0.6070876121520996,-1,-1,-1
135,-1,255.45005798339844,130.71360778808594,321.2453918457031,206.51353454589844,0.65504390001297,-1,-1,-1
136,-1,255.40753173828125,130.73243713378906,321.2521057128906,206.526611328125,0.6575321555137634,-1,-1,-1
137,-1,255.3823699951172,130.73919677734375,321.2497253417969,206.53578186035156,0.6611793637275696,-1,-1,-1
138,-1,255.55050659179688,130.69369506835938,321.1600036621094,206.21844482421875,0.632102906703949,-1,-1,-1
139,-1,255.48240661621094,130.66212463378906,321.15960693359375,206.1877899169922,0.628843367099762,-1,-1,-1
140,-1,255.44900512695312,130.19235229492188,321.27349853515625,206.2349853515625,0.636152446269989,-1,-1,-1
141,-1,255.4461669921875,130.15126037597656,321.2691650390625,206.20315551757812,0.6382229924201965,-1,-1,-1
142,-1,255.4505157470703,130.14976501464844,321.2690734863281,206.20333862304688,0.638155996799469,-1,-1,-1
143,-1,255.49559020996094,130.16078186035156,321.2537841796875,206.3118133544922,0.6078355312347412,-1,-1,-1
144,-1,255.53358459472656,130.24676513671875,321.2684631347656,206.31272888183594,0.6124396920204163,-1,-1,-1
145,-1,255.5946044921875,130.07382202148438,321.2092590332031,206.0867462158203,0.533659040927887,-1,-1,-1
146,-1,255.56295776367188,129.9794921875,321.2326354980469,206.0946502685547,0.5326085686683655,-1,-1,-1
147,-1,255.5665283203125,129.9748992919922,321.23297119140625,206.09799194335938,0.5325855016708374,-1,-1,-1
150,-1,255.0517120361328,130.16702270507812,321.117431640625,205.63662719726562,0.6370340585708618,-1,-1,-1
151,-1,255.1229705810547,130.33026123046875,321.15374755859375,205.64572143554688,0.6388360857963562,-1,-1,-1
152,-1,255.1203155517578,130.3302459716797,321.1534118652344,205.64405822753906,0.6385750770568848,-1,-1,-1
153,-1,254.64215087890625,130.81365966796875,321.44793701171875,206.77276611328125,0.5464674830436707,-1,-1,-1
154,-1,254.66574096679688,130.75607299804688,321.44805908203125,206.7339630126953,0.5513429641723633,-1,-1,-1
155,-1,255.0381317138672,130.66563415527344,321.79571533203125,207.42518615722656,0.6112095713615417,-1,-1,-1
156,-1,255.02560424804688,130.52310180664062,321.8143005371094,207.4095001220703,0.6065602898597717,-1,-1,-1
157,-1,255.0198516845703,130.5074005126953,321.814208984375,207.40895080566406,0.6065331101417542,-1,-1,-1
158,-1,254.32647705078125,130.49630737304688,321.5441589355469,207.30638122558594,0.5562679171562195,-1,-1,-1
159,-1,254.3333740234375,130.52197265625,321.560546875,207.31527709960938,0.5571976900100708,-1,-1,-1
160,-1,254.48594665527344,131.24188232421875,321.5937805175781,207.61610412597656,0.6715638041496277,-1,-1,-1
161,-1,254.45010375976562,131.2400360107422,321.6495361328125,207.63697814941406,0.6726856827735901,-1,-1,-1
162,-1,254.45213317871094,131.2174072265625,321.6505432128906,207.6251220703125,0.672559916973114,-1,-1,-1
163,-1,253.77560424804688,130.50698852539062,321.64862060546875,207.24034118652344,0.6622205972671509,-1,-1,-1
164,-1,253.83766174316406,130.5299835205078,321.72064208984375,207.32017517089844,0.6727234721183777,-1,-1,-1
165,-1,253.19476318359375,130.90313720703125,321.2640380859375,207.24026489257812,0.6820405721664429,-1,-1,-1
166,-1,253.20199584960938,130.78091430664062,321.33685302734375,207.29161071777344,0.6787617206573486,-1,-1,-1
167,-1,253.20452880859375,130.79879760742188,321.34375,207.29571533203125,0.6794374585151672,-1,-1,-1
168,-1,253.5458526611328,130.93899536132812,321.0361328125,206.92706298828125,0.659304678440094,-1,-1,-1
169,-1,253.38868713378906,130.9583282470703,321.02410888671875,206.9490203857422,0.6617848873138428,-1,-1,-1
170,-1,253.5882568359375,131.27505493164062,320.9349060058594,206.87530517578125,0.6918702125549316,-1,-1,-1
171,-1,253.71432495117188,131.08132934570312,321.04010009765625,206.78919982910156,0.6876450777053833,-1,-1,-1
172,-1,253.79360961914062,131.04507446289062,321.0647888183594,206.79417419433594,0.6890239715576172,-1,-1,-1
173,-1,253.74267578125,131.24053955078125,320.9466857910156,206.9834747314453,0.7032192945480347,-1,-1,-1
174,-1,253.75994873046875,131.2470245361328,320.9689025878906,207.00172424316406,0.7056411504745483,-1,-1,-1
175,-1,254.1092071533203,130.74063110351562,321.3656311035156,207.2112579345703,0.6742022633552551,-1,-1,-1
176,-1,254.0637969970703,130.7146453857422,321.3740234375,207.24188232421875,0.671981155872345,-1,-1,-1
177,-1,254.05357360839844,130.70030212402344,321.382080078125,207.2457275390625,0.6719056963920593,-1,-1,-1
178,-1,254.138671875,130.89158630371094,321.3066101074219,206.73719787597656,0.6948257088661194,-1,-1,-1
179,-1,254.17884826660156,130.83673095703125,321.33917236328125,206.7298126220703,0.6962317228317261,-1,-1,-1
180,-1,254.72901916503906,131.241943359375,321.7993469238281,207.98976135253906,0.7086614966392517,-1,-1,-1
181,-1,254.7901153564453,131.40724182128906,321.7762451171875,207.9873046875,0.7184203863143921,-1,-1,-1
182,-1,254.77496337890625,131.414306640625,321.7794494628906,207.9938201904297,0.7191947102546692,-1,-1,-1
183,-1,255.43092346191406,132.18121337890625,321.6731262207031,208.21083068847656,0.7151966094970703,-1,-1,-1
184,-1,255.41317749023438,131.99180603027344,321.7392578125,208.1836700439453,0.7123358249664307,-1,-1,-1
185,-1,254.93624877929688,131.7688751220703,321.4555358886719,207.89341735839844,0.6865074634552002,-1,-1,-1
186,-1,254.91546630859375,131.7671661376953,321.4588928222656,207.94717407226562,0.6861581206321716,-1,-1,-1
187,-1,254.90505981445312,131.76467895507812,321.46063232421875,207.94558715820312,0.6858445405960083,-1,-1,-1
188,-1,254.73985290527344,131.53662109375,321.6729431152344,207.96800231933594,0.6475478410720825,-1,-1,-1
189,-1,254.70834350585938,131.5071258544922,321.62030029296875,207.96266174316406,0.6398838758468628,-1,-1,-1
190,-1,254.92327880859375,131.10304260253906,321.4471740722656,207.4471435546875,0.6678175330162048,-1,-1,-1
191,-1,254.9282989501953,131.166015625,321.42919921875,207.43739318847656,0.6734666228294373,-1,-1,-1
192,-1,254.9264678955078,131.15536499023438,321.4339904785156,207.4547576904297,0.6755269169807434,-1,-1,-1
193,-1,254.98992919921875,130.49415588378906,321.4045715332031,207.05613708496094,0.6123677492141724,-1,-1,-1
194,-1,255.00816345214844,130.4462890625,321.44061279296875,207.00125122070312,0.6105438470840454,-1,-1,-1
195,-1,255.1561279296875,129.79820251464844,321.4741516113281,206.57191467285156,0.542030394077301,-1,-1,-1
196,-1,255.11776733398438,129.769775390625,321.4303283691406,206.53041076660156,0.5294062495231628,-1,-1,-1
197,-1,255.1165008544922,129.7678985595703,321.4375305175781,206.52162170410156,0.5266810655593872,-1,-1,-1
200,-1,254.67262268066406,129.04888916015625,321.5514831542969,206.42306518554688,0.5071708559989929,-1,-1,-1
201,-1,254.71266174316406,129.138916015625,321.61859130859375,206.48605346679688,0.5211074352264404,-1,-1,-1
202,-1,254.75192260742188,129.1553192138672,321.58251953125,206.46014404296875,0.521414041519165,-1,-1,-1
203,-1,254.93130493164062,129.15469360351562,321.5596923828125,206.23597717285156,0.5242231488227844,-1,-1,-1
204,-1,254.9588165283203,129.10580444335938,321.531982421875,206.20785522460938,0.5294870138168335,-1,-1,-1
205,-1,254.80857849121094,128.9891357421875,321.63671875,206.1170654296875,0.5615324974060059,-1,-1,-1
206,-1,254.8233184814453,129.01431274414062,321.62030029296875,206.06602478027344,0.5573595762252808,-1,-1,-1
207,-1,254.82168579101562,129.01458740234375,321.62469482421875,206.06466674804688,0.5573800802230835,-1,-1,-1
208,-1,254.7112274169922,129.24853515625,321.5329284667969,206.20108032226562,0.5767118334770203,-1,-1,-1
209,-1,254.75650024414062,129.2293243408203,321.5704040527344,206.24049377441406,0.5662426948547363,-1,-1,-1
210,-1,254.91650390625,129.2864532470703,321.7081298828125,206.31173706054688,0.6032494306564331,-1,-1,-1
211,-1,254.90182495117188,129.1548309326172,321.71990966796875,206.25344848632812,0.594397246837616,-1,-1,-1
212,-1,254.8991241455078,129.11376953125,321.7164306640625,206.25755310058594,0.594089686870575,-1,-1,-1
213,-1,254.84722900390625,129.55374145507812,321.62847900390625,206.13816833496094,0.5941663980484009,-1,-1,-1
214,-1,254.87306213378906,129.5868377685547,321.623046875,206.18869018554688,0.5930190086364746,-1,-1,-1
215,-1,254.86654663085938,129.27249145507812,321.6409912109375,206.0778350830078,0.5794366002082825,-1,-1,-1
216,-1,254.85166931152344,129.2468719482422,321.6419982910156,206.02613830566406,0.5785905122756958,-1,-1,-1
217,-1,254.85137939453125,129.24681091308594,321.6421203613281,206.0261688232422,0.578576385974884,-1,-1,-1
218,-1,255.2442169189453,129.8484649658203,321.5237121582031,206.18836975097656,0.6144939661026001,-1,-1,-1
219,-1,255.2340850830078,129.8468780517578,321.5320129394531,206.1576385498047,0.6142894625663757,-1,-1,-1
220,-1,255.4525909423828,129.72457885742188,321.4642333984375,206.10565185546875,0.594760000705719,-1,-1,-1
221,-1,255.39048767089844,129.64454650878906,321.45733642578125,206.11468505859375,0.5962903499603271,-1,-1,-1
222,-1,255.39004516601562,129.64404296875,321.4575500488281,206.11485290527344,0.5960809588432312,-1,-1,-1
223,-1,255.27316284179688,129.9402313232422,321.3486022949219,206.09304809570312,0.6328795552253723,-1,-1,-1
224,-1,255.27366638183594,129.84390258789062,321.31915283203125,206.0724639892578,0.6215006113052368,-1,-1,-1
225,-1,255.21963500976562,130.08192443847656,321.2384033203125,206.0657196044922,0.634541928768158,-1,-1,-1
226,-1,255.26358032226562,130.03048706054688,321.28839111328125,206.0578155517578,0.6536723375320435,-1,-1,-1
227,-1,255.2838134765625,130.0612030029297,321.27606201171875,206.0554656982422,0.6528012752532959,-1,-1,-1
228,-1,255.4057159423828,130.48477172851562,321.3041687011719,205.8625030517578,0.6910456418991089,-1,-1,-1
229,-1,255.40513610839844,130.4114532470703,321.28497314453125,205.80992126464844,0.6880138516426086,-1,-1,-1
230,-1,255.44564819335938,130.25791931152344,321.20404052734375,205.63751220703125,0.6603816747665405,-1,-1,-1
231,-1,255.43771362304688,130.29519653320312,321.206298828125,205.62600708007812,0.663164496421814,-1,-1,-1
232,-1,255.43658447265625,130.2938232421875,321.2066650390625,205.6262664794922,0.663181483745575,-1,-1,-1
233,-1,256.0505065917969,130.17538452148438,321.18951416015625,205.4505157470703,0.6566598415374756,-1,-1,-1
234,-1,256.1090393066406,130.25657653808594,321.167236328125,205.42916870117188,0.6551850438117981,-1,-1,-1
235,-1,255.8409881591797,130.178466796875,321.222412109375,205.55645751953125,0.6587927937507629,-1,-1,-1
236,-1,255.80227661132812,130.0221405029297,321.2379150390625,205.59756469726562,0.6635478734970093,-1,-1,-1
237,-1,255.8074188232422,130.01637268066406,321.23468017578125,205.60450744628906,0.6633280515670776,-1,-1,-1
238,-1,255.8146514892578,130.9087677001953,321.39276123046875,205.836181640625,0.7234450578689575,-1,-1,-1
239,-1,255.78509521484375,130.92593383789062,321.3876647949219,205.79876708984375,0.7216914296150208,-1,-1,-1
240,-1,255.50717163085938,131.37147521972656,321.2542724609375,205.54742431640625,0.7230995297431946,-1,-1,-1
241,-1,255.5731201171875,131.15602111816406,321.3391418457031,205.70761108398438,0.7320567965507507,-1,-1,-1
242,-1,255.57162475585938,131.17588806152344,321.3294677734375,205.67666625976562,0.7303014397621155,-1,-1,-1
243,-1,255.49330139160156,130.9483642578125,321.51068115234375,205.74649047851562,0.7200471758842468,-1,-1,-1
244,-1,255.35108947753906,131.05482482910156,321.5103454589844,205.81011962890625,0.7273889183998108,-1,-1,-1
245,-1,255.21603393554688,131.09902954101562,321.48760986328125,205.6515350341797,0.7255557775497437,-1,-1,-1
246,-1,255.25949096679688,131.1461639404297,321.4703674316406,205.6854705810547,0.7339892387390137,-1,-1,-1
247,-1,255.25677490234375,131.14688110351562,321.47174072265625,205.68646240234375,0.7340540289878845,-1,-1,-1
248,-1,255.093505859375,131.32362365722656,321.43560791015625,205.76446533203125,0.7507421970367432,-1,-1,-1
249,-1,255.042724609375,131.26889038085938,321.44903564453125,205.70962524414062,0.7525249123573303,-1,-1,-1
250,-1,254.90957641601562,131.44786071777344,321.46099853515625,205.86788940429688,0.7939855456352234,-1,-1,-1
251,-1,255.41146850585938,131.62872314453125,321.4383239746094,205.61949157714844,0.7911973595619202,-1,-1,-1
252,-1,255.44558715820312,131.60354614257812,321.43304443359375,205.563720703125,0.7898688912391663,-1,-1,-1
253,-1,255.2086181640625,131.42025756835938,321.48223876953125,205.5614471435547,0.778046190738678,-1,-1,-1
254,-1,255.2013397216797,131.47265625,321.466796875,205.5843048095703,0.7785053253173828,-1,-1,-1
255,-1,254.93577575683594,130.5987548828125,321.3570556640625,205.76260375976562,0.7804294228553772,-1,-1,-1
256,-1,254.94749450683594,130.5711669921875,321.380126953125,205.73394775390625,0.780594527721405,-1,-1,-1
257,-1,254.9481201171875,130.57054138183594,321.38104248046875,205.73504638671875,0.7806720733642578,-1,-1,-1
258,-1,254.83206176757812,130.97915649414062,321.3456726074219,205.9651641845703,0.7801322340965271,-1,-1,-1
259,-1,254.83035278320312,130.99705505371094,321.30780029296875,205.9605712890625,0.7779059410095215,-1,-1,-1
260,-1,254.80508422851562,131.1885986328125,321.20965576171875,205.8000030517578,0.7797744870185852,-1,-1,-1
261,-1,254.8463134765625,131.0528564453125,321.2297058105469,205.7872314453125,0.7836018204689026,-1,-1,-1
262,-1,254.84144592285156,131.05172729492188,321.23040771484375,205.78857421875,0.7832245230674744,-1,-1,-1
263,-1,254.98548889160156,131.4444122314453,321.2850341796875,205.95782470703125,0.7947248816490173,-1,-1,-1
264,-1,254.9445343017578,131.3551483154297,321.27783203125,205.91140747070312,0.7940893173217773,-1,-1,-1
265,-1,254.71670532226562,131.740234375,321.12506103515625,205.9191436767578,0.8238879442214966,-1,-1,-1
266,-1,254.6973419189453,131.64022827148438,321.10540771484375,205.8808135986328,0.8217439651489258,-1,-1,-1
267,-1,254.69851684570312,131.64149475097656,321.1054992675781,205.88038635253906,0.8217349648475647,-1,-1,-1
268,-1,254.87977600097656,131.68748474121094,321.0466003417969,205.69984436035156,0.8159610629081726,-1,-1,-1
269,-1,254.8448944091797,131.66168212890625,321.04400634765625,205.71070861816406,0.8186786770820618,-1,-1,-1
270,-1,254.71121215820312,131.144287109375,321.3683776855469,206.34707641601562,0.8187733292579651,-1,-1,-1
271,-1,254.6729278564453,131.19215393066406,321.3581848144531,206.43577575683594,0.819652259349823,-1,-1,-1
272,-1,254.669677734375,131.20867919921875,321.35528564453125,206.4458465576172,0.8223369717597961,-1,-1,-1
273,-1,254.59048461914062,131.33319091796875,321.33721923828125,206.5359344482422,0.806114673614502,-1,-1,-1
274,-1,254.64601135253906,131.22157287597656,321.3609313964844,206.4917755126953,0.8027088642120361,-1,-1,-1
275,-1,254.92750549316406,131.5126953125,321.2945556640625,206.1224822998047,0.796345055103302,-1,-1,-1
276,-1,254.84205627441406,131.4598846435547,321.29510498046875,206.11288452148438,0.7906016111373901,-1,-1,-1
277,-1,254.85260009765625,131.4367218017578,321.29815673828125,206.1205596923828,0.7894386053085327,-1,-1,-1
278,-1,254.8145294189453,131.3887481689453,321.2342834472656,206.14369201660156,0.7910676598548889,-1,-1,-1
279,-1,254.76585388183594,131.43324279785156,321.24920654296875,206.15145874023438,0.7904882431030273,-1,-1,-1
280,-1,255.16989135742188,131.19256591796875,321.1919860839844,205.91195678710938,0.7869147062301636,-1,-1,-1
281,-1,255.1809844970703,131.20968627929688,321.18780517578125,205.9368133544922,0.7832276821136475,-1,-1,-1
282,-1,255.1677703857422,131.22402954101562,321.1871643066406,205.94444274902344,0.7841980457305908,-1,-1,-1
283,-1,255.1272430419922,131.09811401367188,321.3009948730469,206.13955688476562,0.8029829263687134,-1,-1,-1
284,-1,255.08892822265625,130.9155731201172,321.3105773925781,206.16107177734375,0.8059885501861572,-1,-1,-1
285,-1,255.26930236816406,130.77549743652344,321.5664978027344,206.35829162597656,0.7822957038879395,-1,-1,-1
286,-1,255.23284912109375,130.789794921875,321.5460510253906,206.3348846435547,0.7851693630218506,-1,-1,-1
287,-1,255.24057006835938,130.80027770996094,321.5381164550781,206.32530212402344,0.7854326367378235,-1,-1,-1
288,-1,255.32752990722656,130.83827209472656,321.58551025390625,206.59544372558594,0.8020070791244507,-1,-1,-1
289,-1,255.32754516601562,130.85028076171875,321.57806396484375,206.5818634033203,0.8040215969085693,-1,-1,-1
290,-1,255.32406616210938,130.82337951660156,321.6170959472656,206.6341552734375,0.8062067627906799,-1,-1,-1
291,-1,255.32632446289062,130.68539428710938,321.6401672363281,206.67103576660156,0.8083375692367554,-1,-1,-1
292,-1,255.33071899414062,130.6858673095703,321.6383361816406,206.6705780029297,0.8083052039146423,-1,-1,-1
293,-1,255.11990356445312,131.01107788085938,321.490234375,206.5582275390625,0.8228740096092224,-1,-1,-1
294,-1,255.14691162109375,130.96604919433594,321.5002136230469,206.56753540039062,0.8233392238616943,-1,-1,-1
295,-1,254.9500274658203,130.2011260986328,321.5343017578125,206.68963623046875,0.8342328667640686,-1,-1,-1
296,-1,254.8931121826172,130.28114318847656,321.53497314453125,206.73043823242188,0.836701512336731,-1,-1,-1
297,-1,254.89346313476562,130.2935028076172,321.535888671875,206.73709106445312,0.8370439410209656,-1,-1,-1
298,-1,255.373046875,130.59353637695312,321.6890869140625,206.67893981933594,0.8056328892707825,-1,-1,-1
299,-1,255.38858032226562,130.6623077392578,321.7171630859375,206.65985107421875,0.8006752729415894,-1,-1,-1
300,-1,254.81768798828125,131.61642456054688,321.6073303222656,206.6734619140625,0.796489953994751,-1,-1,-1
301,-1,254.9440155029297,131.50686645507812,321.6134948730469,206.7425079345703,0.8026543259620667,-1,-1,-1
302,-1,254.95770263671875,131.5242919921875,321.6094970703125,206.745849609375,0.8038535714149475,-1,-1,-1
303,-1,255.1368865966797,131.21034240722656,321.6004943847656,206.8883514404297,0.8140389323234558,-1,-1,-1
304,-1,255.0885009765625,131.259521484375,321.5946960449219,206.88368225097656,0.8129228949546814,-1,-1,-1
305,-1,255.02793884277344,131.1900634765625,321.56982421875,206.89727783203125,0.8236737847328186,-1,-1,-1
306,-1,254.96713256835938,131.05368041992188,321.5564270019531,206.88502502441406,0.8234140872955322,-1,-1,-1
307,-1,254.92723083496094,131.1181182861328,321.54974365234375,206.88861083984375,0.8233298063278198,-1,-1,-1
308,-1,255.00570678710938,131.64083862304688,321.4154357910156,206.78086853027344,0.8275989294052124,-1,-1,-1
309,-1,255.02603149414062,131.610107421875,321.4482116699219,206.7953643798828,0.8245948553085327,-1,-1,-1
310,-1,254.63345336914062,131.16131591796875,321.4407653808594,207.3053436279297,0.8325864672660828,-1,-1,-1
311,-1,254.524658203125,131.2408905029297,321.4169006347656,207.33984375,0.8333581686019897,-1,-1,-1
312,-1,254.5272979736328,131.249267578125,321.41046142578125,207.3340606689453,0.8345274925231934,-1,-1,-1
313,-1,254.48219299316406,131.275146484375,321.4300842285156,207.4012451171875,0.838883638381958,-1,-1,-1
314,-1,254.44387817382812,131.211181640625,321.4486083984375,207.3186798095703,0.8363049626350403,-1,-1,-1
315,-1,254.59654235839844,131.10409545898438,321.43603515625,207.0333251953125,0.8326810598373413,-1,-1,-1
316,-1,254.6747589111328,131.01144409179688,321.4462890625,206.95086669921875,0.8297553658485413,-1,-1,-1
317,-1,254.67515563964844,131.01583862304688,321.4474182128906,206.95309448242188,0.8297386169433594,-1,-1,-1
318,-1,254.688720703125,131.05442810058594,321.37030029296875,206.89694213867188,0.8296254277229309,-1,-1,-1
319,-1,254.56906127929688,131.02218627929688,321.3626708984375,206.8816680908203,0.8267767429351807,-1,-1,-1
320,-1,254.43711853027344,131.1334686279297,321.28985595703125,206.81997680664062,0.827531099319458,-1,-1,-1
321,-1,254.38429260253906,131.297607421875,321.2929992675781,206.66671752929688,0.8148046135902405,-1,-1,-1
322,-1,254.40164184570312,131.39442443847656,321.2760009765625,206.6763458251953,0.8171063661575317,-1,-1,-1
323,-1,254.40032958984375,131.64495849609375,321.2525634765625,206.5727081298828,0.827301561832428,-1,-1,-1
324,-1,254.496337890625,131.64866638183594,321.25433349609375,206.55517578125,0.826998233795166,-1,-1,-1
325,-1,254.6280059814453,131.44085693359375,321.3435363769531,206.79278564453125,0.8159000873565674,-1,-1,-1
326,-1,254.66677856445312,131.45225524902344,321.33477783203125,206.77838134765625,0.8130137324333191,-1,-1,-1
327,-1,254.67120361328125,131.4549102783203,321.3345947265625,206.77748107910156,0.8127721548080444,-1,-1,-1
328,-1,254.65625,131.549560546875,321.259521484375,206.77830505371094,0.8256081342697144,-1,-1,-1
329,-1,254.70877075195312,131.50088500976562,321.2686462402344,206.7333221435547,0.8189206719398499,-1,-1,-1
330,-1,255.16746520996094,131.49830627441406,321.31585693359375,206.45738220214844,0.7396351099014282,-1,-1,-1
331,-1,255.1394500732422,131.5269775390625,321.2740783691406,206.5056610107422,0.7432186603546143,-1,-1,-1
332,-1,255.1589813232422,131.5472412109375,321.2713623046875,206.49630737304688,0.7449910640716553,-1,-1,-1
333,-1,255.6260528564453,131.68992614746094,321.3247985839844,206.4630126953125,0.7299902439117432,-1,-1,-1
334,-1,255.60997009277344,131.576416015625,321.3475036621094,206.534912109375,0.7317554354667664,-1,-1,-1
335,-1,255.45654296875,131.10479736328125,321.5137023925781,206.39125061035156,0.6627438068389893,-1,-1,-1
336,-1,255.50579833984375,131.0935516357422,321.5083312988281,206.36392211914062,0.6655904650688171,-1,-1,-1
337,-1,255.5099639892578,131.0988311767578,321.50750732421875,206.3610076904297,0.6666272282600403,-1,-1,-1
338,-1,255.38430786132812,131.1268310546875,321.5756530761719,206.4330291748047,0.6821454167366028,-1,-1,-1
339,-1,255.40325927734375,131.14852905273438,321.5728454589844,206.4773406982422,0.6806120872497559,-1,-1,-1
340,-1,255.55880737304688,131.2524871826172,321.4980773925781,206.64381408691406,0.6945255398750305,-1,-1,-1
341,-1,255.5392303466797,131.14649963378906,321.5083312988281,206.63436889648438,0.7030170559883118,-1,-1,-1
342,-1,255.533935546875,131.1429901123047,321.5067138671875,206.6344757080078,0.7025426626205444,-1,-1,-1
343,-1,255.33294677734375,130.7980194091797,321.5880126953125,206.53311157226562,0.7024352550506592,-1,-1,-1
344,-1,255.3583984375,130.842041015625,321.5854187011719,206.51893615722656,0.7071148157119751,-1,-1,-1
345,-1,255.46607971191406,130.54974365234375,321.59136962890625,206.55908203125,0.6839720010757446,-1,-1,-1
346,-1,255.40707397460938,130.62835693359375,321.5934753417969,206.62322998046875,0.6879870295524597,-1,-1,-1
347,-1,255.37710571289062,130.58541870117188,321.5849304199219,206.59259033203125,0.6850436925888062,-1,-1,-1
348,-1,255.40066528320312,130.449951171875,321.5531005859375,206.2156982421875,0.678801417350769,-1,-1,-1
349,-1,255.4376220703125,130.4931640625,321.5365905761719,206.17422485351562,0.6795109510421753,-1,-1,-1
350,-1,255.47869873046875,130.68775939941406,321.5613098144531,206.33639526367188,0.6801906228065491,-1,-1,-1
351,-1,255.45492553710938,130.6793975830078,321.51910400390625,206.2852783203125,0.6809512972831726,-1,-1,-1
352,-1,255.430908203125,130.65164184570312,321.51434326171875,206.2696533203125,0.6815541386604309,-1,-1,-1
353,-1,255.1365966796875,130.57376098632812,321.5792236328125,205.7148895263672,0.6092772483825684,-1,-1,-1
354,-1,255.1203155517578,130.7955780029297,321.57586669921875,205.79296875,0.6056092977523804,-1,-1,-1
355,-1,254.8568572998047,130.35794067382812,321.5916442871094,205.87969970703125,0.6753858923912048,-1,-1,-1
356,-1,254.8564910888672,130.3610382080078,321.5997009277344,205.849365234375,0.6775002479553223,-1,-1,-1
357,-1,254.84475708007812,130.3944549560547,321.6020202636719,205.90357971191406,0.6774014234542847,-1,-1,-1
358,-1,254.32315063476562,129.88864135742188,321.61187744140625,207.2310791015625,0.709115743637085,-1,-1,-1
359,-1,254.3358154296875,129.78343200683594,321.6070861816406,207.14337158203125,0.7111347913742065,-1,-1,-1
360,-1,254.86898803710938,128.72500610351562,321.8078918457031,205.92465209960938,0.5670464634895325,-1,-1,-1
361,-1,254.8912811279297,128.69688415527344,321.8128967285156,205.92996215820312,0.5639511942863464,-1,-1,-1
362,-1,254.9132080078125,128.70997619628906,321.80859375,205.92877197265625,0.5627818703651428,-1,-1,-1
363,-1,254.8108673095703,128.1016845703125,321.88507080078125,205.7197265625,0.5407451391220093,-1,-1,-1
364,-1,254.78407287597656,128.29183959960938,321.868896484375,205.75572204589844,0.5365508198738098,-1,-1,-1
365,-1,254.76898193359375,128.5035858154297,321.77496337890625,205.28309631347656,0.5317862629890442,-1,-1,-1
366,-1,254.779541015625,128.4679412841797,321.8005065917969,205.3345489501953,0.5282418131828308,-1,-1,-1
367,-1,254.7842559814453,128.4710235595703,321.80108642578125,205.3400115966797,0.5298179388046265,-1,-1,-1
368,-1,254.97750854492188,128.1711883544922,321.79571533203125,205.1427001953125,0.5197806358337402,-1,-1,-1
369,-1,254.97866821289062,128.19407653808594,321.7987365722656,205.1364288330078,0.5259482264518738,-1,-1,-1
370,-1,255.15460205078125,129.23915100097656,321.5169982910156,204.81565856933594,0.5889750719070435,-1,-1,-1
371,-1,255.1201629638672,129.17124938964844,321.5605163574219,204.81094360351562,0.5858774781227112,-1,-1,-1
372,-1,255.12269592285156,129.1736297607422,321.5597229003906,204.80087280273438,0.5838704109191895,-1,-1,-1
373,-1,254.77780151367188,129.41436767578125,321.65899658203125,205.27951049804688,0.6531233787536621,-1,-1,-1
374,-1,254.70486450195312,129.22584533691406,321.681396484375,205.29916381835938,0.6484048366546631,-1,-1,-1
375,-1,254.53521728515625,130.22071838378906,321.57073974609375,206.2257537841797,0.6281452775001526,-1,-1,-1
376,-1,254.54083251953125,130.2413330078125,321.57354736328125,206.2108154296875,0.6382981538772583,-1,-1,-1
377,-1,254.53871154785156,130.23501586914062,321.5820007324219,206.2017059326172,0.6375720500946045,-1,-1,-1
448,-1,252.21266174316406,125.25618743896484,322.2115478515625,206.7073211669922,0.5094708800315857,-1,-1,-1
449,-1,252.16717529296875,125.19607543945312,322.2179870605469,206.73928833007812,0.5147587656974792,-1,-1,-1
455,-1,251.70504760742188,129.8378143310547,323.1939392089844,207.0757293701172,0.5371689200401306,-1,-1,-1
456,-1,251.64151000976562,129.6994171142578,323.1848449707031,207.13233947753906,0.545589029788971,-1,-1,-1
457,-1,251.64532470703125,129.6973419189453,323.1837463378906,207.1229248046875,0.545291543006897,-1,-1,-1
458,-1,251.968994140625,129.06045532226562,322.8631896972656,207.31842041015625,0.5126469731330872,-1,-1,-1
459,-1,251.97654724121094,128.98861694335938,322.8511047363281,207.26455688476562,0.5050316452980042,-1,-1,-1
460,-1,250.90167236328125,128.02883911132812,322.9898376464844,207.03724670410156,0.527646541595459,-1,-1,-1
461,-1,250.93966674804688,128.1510772705078,323.0172424316406,207.017333984375,0.5262143015861511,-1,-1,-1
462,-1,250.9213104248047,128.1146240234375,323.0179443359375,207.0166015625,0.5265787839889526,-1,-1,-1
463,-1,252.48440551757812,127.17892456054688,323.35272216796875,207.6312713623047,0.5331920385360718,-1,-1,-1
464,-1,252.51394653320312,127.13153076171875,323.3465270996094,207.75146484375,0.538293719291687,-1,-1,-1
465,-1,252.29505920410156,126.99018096923828,323.4436340332031,207.65655517578125,0.5005679130554199,-1,-1,-1
468,-1,252.0522918701172,124.9590835571289,323.43194580078125,207.77980041503906,0.5248317718505859,-1,-1,-1
469,-1,252.06787109375,125.06381225585938,323.504638671875,207.83433532714844,0.5269476175308228,-1,-1,-1
470,-1,252.25830078125,124.66207885742188,323.5383605957031,207.81285095214844,0.5277882814407349,-1,-1,-1
471,-1,252.21702575683594,124.70034790039062,323.55401611328125,207.8035125732422,0.5280300378799438,-1,-1,-1
472,-1,252.21859741210938,124.6995849609375,323.55389404296875,207.8020477294922,0.5278357267379761,-1,-1,-1
521,-1,252.8352508544922,125.49925994873047,323.44512939453125,207.9987030029297,0.500061571598053,-1,-1,-1
528,-1,251.64930725097656,125.8913345336914,323.6438293457031,208.0272979736328,0.500913679599762,-1,-1,-1
529,-1,251.67259216308594,125.89478302001953,323.66021728515625,208.04861450195312,0.5023746490478516,-1,-1,-1
533,-1,251.38609313964844,125.68045806884766,323.86346435546875,208.0983428955078,0.5090101361274719,-1,-1,-1
534,-1,251.45455932617188,125.78427124023438,323.8623352050781,208.10581970214844,0.5178854465484619,-1,-1,-1
535,-1,251.07862854003906,125.80818939208984,323.97802734375,208.0203399658203,0.5115809440612793,-1,-1,-1
536,-1,251.09774780273438,125.92477416992188,323.9912109375,208.02513122558594,0.5136311650276184,-1,-1,-1
537,-1,251.1288299560547,125.95179748535156,323.9874572753906,208.02943420410156,0.5120107531547546,-1,-1,-1
538,-1,251.11264038085938,125.96001434326172,323.9303894042969,208.0873565673828,0.5223687887191772,-1,-1,-1
539,-1,251.1081085205078,125.91998291015625,323.9262390136719,208.09288024902344,0.52452152967453,-1,-1,-1
540,-1,251.26312255859375,126.77238464355469,323.5502624511719,208.4876251220703,0.5393387079238892,-1,-1,-1
541,-1,251.2539825439453,126.84931945800781,323.4704284667969,208.48777770996094,0.5412710905075073,-1,-1,-1
542,-1,251.26502990722656,126.90304565429688,323.45843505859375,208.50637817382812,0.5421230792999268,-1,-1,-1
543,-1,251.17190551757812,126.06572723388672,323.496337890625,208.64707946777344,0.5608174800872803,-1,-1,-1
544,-1,250.97764587402344,126.1787109375,323.484130859375,208.6439971923828,0.5431795716285706,-1,-1,-1
545,-1,250.99037170410156,126.08129119873047,323.5726318359375,208.52919006347656,0.5247526168823242,-1,-1,-1
546,-1,251.1674346923828,126.24073791503906,323.5441589355469,208.51687622070312,0.5346376299858093,-1,-1,-1
547,-1,251.1681365966797,126.26822662353516,323.5303039550781,208.49366760253906,0.5348408818244934,-1,-1,-1
548,-1,250.7811279296875,125.7469253540039,323.37225341796875,208.6419677734375,0.545870840549469,-1,-1,-1
549,-1,250.769775390625,125.88589477539062,323.35638427734375,208.64183044433594,0.5460072755813599,-1,-1,-1
550,-1,251.10043334960938,126.37816619873047,323.3467102050781,208.5465087890625,0.557526171207428,-1,-1,-1
551,-1,250.94146728515625,126.28736877441406,323.4179992675781,208.61318969726562,0.5444658398628235,-1,-1,-1
552,-1,250.94757080078125,126.30072784423828,323.41558837890625,208.599365234375,0.5463370680809021,-1,-1,-1
553,-1,253.24810791015625,127.17021179199219,322.91802978515625,207.71377563476562,0.5328459143638611,-1,-1,-1
554,-1,253.1955108642578,127.10145568847656,322.9272155761719,207.7845458984375,0.5465801954269409,-1,-1,-1
585,-1,263.2607116699219,114.1802749633789,320.09820556640625,213.24305725097656,0.6357382535934448,-1,-1,-1
586,-1,263.263427734375,114.2032241821289,320.1211853027344,213.2703094482422,0.636954665184021,-1,-1,-1
587,-1,263.2528381347656,114.13558959960938,320.1275329589844,213.29684448242188,0.6346254348754883,-1,-1,-1
588,-1,263.5566101074219,113.60136413574219,319.57049560546875,213.33328247070312,0.7515090107917786,-1,-1,-1
589,-1,263.541015625,113.6978530883789,319.6145324707031,213.25091552734375,0.7453604340553284,-1,-1,-1
945,-1,252.63365173339844,173.45989990234375,320.6837158203125,208.54258728027344,0.5053169131278992,-1,-1,-1
1668,-1,153.94346618652344,187.81954956054688,182.8872833251953,209.97769165039062,0.5347442626953125,-1,-1,-1
1669,-1,153.97329711914062,187.7995147705078,182.83287048339844,209.97982788085938,0.5225443243980408,-1,-1,-1
1670,-1,152.89480590820312,188.78558349609375,183.5629425048828,209.5565185546875,0.5157915949821472,-1,-1,-1
1671,-1,152.8825225830078,188.7841796875,183.5844268798828,209.58172607421875,0.5185125470161438,-1,-1,-1
1672,-1,152.89752197265625,188.79788208007812,183.57327270507812,209.5821533203125,0.5188199877738953,-1,-1,-1
1765,-1,129.29751586914062,182.3167266845703,177.26986694335938,211.15419006347656,0.6017681360244751,-1,-1,-1
1766,-1,129.30445861816406,182.33311462402344,177.3723602294922,211.18124389648438,0.5966399908065796,-1,-1,-1
1767,-1,129.3001708984375,182.33631896972656,177.3575439453125,211.181640625,0.597084105014801,-1,-1,-1
1768,-1,129.30838012695312,182.3810272216797,177.3167724609375,211.15806579589844,0.6014087796211243,-1,-1,-1
1769,-1,129.30966186523438,182.38385009765625,177.31369018554688,211.15492248535156,0.6015019416809082,-1,-1,-1
1773,-1,130.23985290527344,183.41146850585938,177.10264587402344,210.6671905517578,0.6823040843009949,-1,-1,-1
1774,-1,130.26109313964844,183.4258575439453,177.0954132080078,210.66053771972656,0.680799126625061,-1,-1,-1
2468,-1,189.81683349609375,31.56511878967285,262.8630676269531,105.20467376708984,0.6294857859611511,-1,-1,-1
2469,-1,189.76470947265625,31.577838897705078,262.8351135253906,105.19198608398438,0.6475089192390442,-1,-1,-1
2470,-1,188.11798095703125,31.907079696655273,271.5707092285156,105.53719329833984,0.7922288179397583,-1,-1,-1
2471,-1,188.11585998535156,31.93011474609375,271.5869445800781,105.51184844970703,0.8026739358901978,-1,-1,-1
2472,-1,188.13815307617188,31.923559188842773,271.5865783691406,105.49947357177734,0.8004510998725891,-1,-1,-1
2873,-1,287.87396240234375,30.750621795654297,319.93658447265625,76.59032440185547,0.6097690463066101,-1,-1,-1
2874,-1,287.85540771484375,30.737503051757812,319.9207763671875,76.61283111572266,0.6085633635520935,-1,-1,-1
2875,-1,209.4805145263672,52.247066497802734,289.7426452636719,122.39836883544922,0.6737014055252075,-1,-1,-1
2875,-1,287.2642822265625,31.261960983276367,320.5311584472656,77.13748168945312,0.5870599746704102,-1,-1,-1
2876,-1,209.41537475585938,52.286231994628906,289.84515380859375,122.30734252929688,0.6718286871910095,-1,-1,-1
2876,-1,287.2599182128906,31.311199188232422,320.54571533203125,77.1709976196289,0.5846170783042908,-1,-1,-1
2877,-1,209.4224395751953,52.28814697265625,289.7662048339844,122.3008804321289,0.6662623882293701,-1,-1,-1
2877,-1,287.2583312988281,31.31163215637207,320.5313720703125,77.15686798095703,0.5830488801002502,-1,-1,-1
2878,-1,209.3832550048828,52.37493896484375,289.88909912109375,122.22615051269531,0.6514446139335632,-1,-1,-1
2878,-1,287.2509460449219,31.2623291015625,320.5125427246094,77.12342071533203,0.5614850521087646,-1,-1,-1
2879,-1,209.38455200195312,52.39570236206055,289.88360595703125,122.23404693603516,0.65033358335495,-1,-1,-1
2879,-1,287.2530517578125,31.26438331604004,320.51007080078125,77.11905670166016,0.5618202686309814,-1,-1,-1
2880,-1,186.43247985839844,53.21842956542969,271.56158447265625,122.50099182128906,0.7969121336936951,-1,-1,-1
2881,-1,186.31719970703125,53.2098388671875,271.5835266113281,122.47967529296875,0.8004003167152405,-1,-1,-1
2882,-1,186.2560272216797,53.04497528076172,271.5906982421875,122.50849914550781,0.8084734678268433,-1,-1,-1
2883,-1,171.10232543945312,58.701454162597656,265.8401794433594,121.10980224609375,0.8906635642051697,-1,-1,-1
2884,-1,171.13394165039062,58.71565628051758,265.8878173828125,121.01986694335938,0.8873589634895325,-1,-1,-1
2885,-1,170.07778930664062,57.1555290222168,257.78826904296875,119.8553695678711,0.9048478603363037,-1,-1,-1
2886,-1,170.39549255371094,57.10361099243164,257.57427978515625,119.86935424804688,0.896904468536377,-1,-1,-1
2887,-1,170.3642578125,57.107696533203125,257.57965087890625,119.86972045898438,0.9010049700737,-1,-1,-1
2918,-1,76.58104705810547,72.60871124267578,148.5010986328125,129.750732421875,0.5912289023399353,-1,-1,-1
2919,-1,76.66422271728516,72.66463470458984,148.4820556640625,129.6973876953125,0.576594889163971,-1,-1,-1
3113,-1,264.5782165527344,113.88595581054688,321.3476257324219,213.7056884765625,0.5030032992362976,-1,-1,-1
3114,-1,264.49505615234375,113.78732299804688,321.3870849609375,213.74070739746094,0.5108746886253357,-1,-1,-1
3115,-1,264.98138427734375,114.01298522949219,321.1995849609375,213.53338623046875,0.5940238833427429,-1,-1,-1
3116,-1,264.8656005859375,114.12855529785156,321.2651062011719,213.41261291503906,0.5828526616096497,-1,-1,-1
3117,-1,264.88458251953125,114.15428161621094,321.2674255371094,213.40872192382812,0.5799633860588074,-1,-1,-1
3118,-1,265.0436096191406,114.09564971923828,321.1952209472656,213.45802307128906,0.5867229104042053,-1,-1,-1
3119,-1,265.0380554199219,114.08992004394531,321.19256591796875,213.47032165527344,0.5874829888343811,-1,-1,-1
3120,-1,265.3419189453125,113.99855041503906,321.13677978515625,213.49632263183594,0.6787790060043335,-1,-1,-1
3121,-1,265.3290710449219,113.94889068603516,321.1498718261719,213.49642944335938,0.6838272213935852,-1,-1,-1
3122,-1,265.3881530761719,113.90324401855469,321.120361328125,213.5754852294922,0.695878267288208,-1,-1,-1
3123,-1,265.146728515625,113.5754165649414,321.3006286621094,213.7706298828125,0.678091287612915,-1,-1,-1
3124,-1,265.1256408691406,113.4636459350586,321.28961181640625,213.76742553710938,0.6664135456085205,-1,-1,-1
3125,-1,265.0393981933594,114.24504852294922,321.33099365234375,213.43026733398438,0.6682481169700623,-1,-1,-1
3126,-1,265.00372314453125,114.36504364013672,321.2753601074219,213.4075927734375,0.6422515511512756,-1,-1,-1
3127,-1,265.0086669921875,114.3564453125,321.2746887207031,213.41326904296875,0.6432583332061768,-1,-1,-1
3128,-1,264.73248291015625,114.51004028320312,321.40631103515625,213.42266845703125,0.6459581255912781,-1,-1,-1
3129,-1,264.7669677734375,114.47198486328125,321.3995056152344,213.44581604003906,0.6466180086135864,-1,-1,-1
3130,-1,265.4092102050781,114.0250473022461,321.1029357910156,213.86695861816406,0.7175108194351196,-1,-1,-1
3131,-1,265.38726806640625,114.01971435546875,321.1074523925781,213.9032440185547,0.7210043668746948,-1,-1,-1
3132,-1,265.39752197265625,114.05181884765625,321.1053771972656,213.89077758789062,0.7193747162818909,-1,-1,-1
3133,-1,265.38653564453125,113.88460540771484,321.164794921875,213.82679748535156,0.7200939655303955,-1,-1,-1
3134,-1,265.35723876953125,113.88528442382812,321.1611328125,213.83602905273438,0.7115581631660461,-1,-1,-1
3135,-1,265.5559997558594,113.70037078857422,321.1279602050781,214.12803649902344,0.7282596230506897,-1,-1,-1
3136,-1,265.5953674316406,113.61750793457031,321.13128662109375,214.16348266601562,0.7336434125900269,-1,-1,-1
3137,-1,265.61663818359375,113.57046508789062,321.12664794921875,214.22659301757812,0.7349362373352051,-1,-1,-1
3138,-1,264.8900146484375,113.9321060180664,321.3958435058594,213.71652221679688,0.6723811030387878,-1,-1,-1
3139,-1,264.89544677734375,113.91857147216797,321.4141540527344,213.6946258544922,0.6711499094963074,-1,-1,-1
3140,-1,264.9320373535156,114.02305603027344,321.4443664550781,213.75881958007812,0.6587916016578674,-1,-1,-1
3141,-1,264.9309997558594,113.96685791015625,321.4326477050781,213.79051208496094,0.6530186533927917,-1,-1,-1
3142,-1,264.9309387207031,113.96733093261719,321.4271545410156,213.78489685058594,0.6525834202766418,-1,-1,-1
3143,-1,265.1246337890625,113.33657836914062,321.4668273925781,214.0861358642578,0.696786105632782,-1,-1,-1
3144,-1,265.1733703613281,113.34358215332031,321.43731689453125,214.12506103515625,0.6929569840431213,-1,-1,-1
3145,-1,265.3402404785156,113.23114013671875,321.3663024902344,214.14166259765625,0.7198268175125122,-1,-1,-1
3146,-1,265.299072265625,113.2745590209961,321.4285583496094,214.05154418945312,0.721327543258667,-1,-1,-1
3147,-1,265.3005065917969,113.29633331298828,321.4311218261719,214.03733825683594,0.7208060622215271,-1,-1,-1
3148,-1,264.97967529296875,113.26316833496094,321.5234375,214.07723999023438,0.7051752209663391,-1,-1,-1
3149,-1,264.86505126953125,113.36190032958984,321.56427001953125,213.95042419433594,0.7030760645866394,-1,-1,-1
3150,-1,265.2039489746094,113.23099517822266,321.52764892578125,213.8800506591797,0.7349953651428223,-1,-1,-1
3151,-1,265.2491455078125,113.14671325683594,321.48187255859375,213.94210815429688,0.742527425289154,-1,-1,-1
3152,-1,265.2340393066406,113.1353530883789,321.4862365722656,213.9575958251953,0.7394108176231384,-1,-1,-1
3153,-1,264.8299255371094,113.3697738647461,321.58056640625,213.72923278808594,0.7219101786613464,-1,-1,-1
3154,-1,264.8121032714844,113.32633209228516,321.57489013671875,213.76708984375,0.7221716642379761,-1,-1,-1
3155,-1,265.09747314453125,113.12118530273438,321.406982421875,214.07456970214844,0.6928709745407104,-1,-1,-1
3156,-1,265.0518798828125,113.11366271972656,321.43927001953125,214.08787536621094,0.6866108775138855,-1,-1,-1
3157,-1,265.05755615234375,113.10386657714844,321.4381408691406,214.0954132080078,0.6870543360710144,-1,-1,-1
3158,-1,264.761962890625,113.66278839111328,321.6596984863281,213.787353515625,0.6802818179130554,-1,-1,-1
3159,-1,264.7635192871094,113.62208557128906,321.6345520019531,213.7837677001953,0.6703262329101562,-1,-1,-1
3160,-1,264.92315673828125,113.60450744628906,321.3951416015625,213.74620056152344,0.6412340998649597,-1,-1,-1
3161,-1,264.8766784667969,113.7271499633789,321.3687744140625,213.7212677001953,0.63343745470047,-1,-1,-1
3162,-1,264.89068603515625,113.79735565185547,321.37841796875,213.6552276611328,0.6314754486083984,-1,-1,-1
3163,-1,264.97637939453125,113.6736831665039,321.4212341308594,213.761474609375,0.633712887763977,-1,-1,-1
3164,-1,264.9723205566406,113.90634155273438,321.40081787109375,213.62289428710938,0.6112764477729797,-1,-1,-1
3165,-1,264.9138488769531,113.85045623779297,321.4169616699219,213.61087036132812,0.5852853655815125,-1,-1,-1
3166,-1,264.94921875,113.84725952148438,321.4051818847656,213.6119384765625,0.5940296053886414,-1,-1,-1
3167,-1,264.9004821777344,113.85970306396484,321.4239196777344,213.5948486328125,0.5936364531517029,-1,-1,-1
3168,-1,264.75787353515625,113.93136596679688,321.3304443359375,213.70079040527344,0.5794824361801147,-1,-1,-1
3169,-1,264.7244567871094,113.92713165283203,321.3455810546875,213.68690490722656,0.5843409895896912,-1,-1,-1
3170,-1,264.6159973144531,114.15982818603516,321.4474182128906,213.4912567138672,0.5892400741577148,-1,-1,-1
3171,-1,264.5843811035156,114.14358520507812,321.445068359375,213.4923858642578,0.5906383395195007,-1,-1,-1
3172,-1,264.5860900878906,114.13987731933594,321.44451904296875,213.4988555908203,0.5909495949745178,-1,-1,-1
3173,-1,264.67144775390625,114.3912353515625,321.5081481933594,213.18959045410156,0.5729465484619141,-1,-1,-1
3174,-1,264.7015686035156,114.39952087402344,321.4809875488281,213.19100952148438,0.5648186206817627,-1,-1,-1
3175,-1,264.7886962890625,114.03632354736328,321.4421081542969,213.6177215576172,0.5945351719856262,-1,-1,-1
3176,-1,264.82666015625,113.8592300415039,321.44512939453125,213.73410034179688,0.6073744297027588,-1,-1,-1
3177,-1,264.8374328613281,113.88805389404297,321.4435119628906,213.72256469726562,0.6077015995979309,-1,-1,-1
3178,-1,264.877197265625,113.88011932373047,321.4297180175781,213.7452850341797,0.6101807951927185,-1,-1,-1
3179,-1,264.8735656738281,113.87488555908203,321.44097900390625,213.7401885986328,0.6103443503379822,-1,-1,-1
3180,-1,264.5758056640625,114.08153533935547,321.6195068359375,213.48263549804688,0.6033905744552612,-1,-1,-1
3181,-1,264.66058349609375,113.93022155761719,321.6210632324219,213.62930297851562,0.6241838932037354,-1,-1,-1
3182,-1,264.6777038574219,113.88467407226562,321.6278381347656,213.64466857910156,0.6302287578582764,-1,-1,-1
3183,-1,264.8193664550781,114.02287292480469,321.5124206542969,213.79995727539062,0.6001080274581909,-1,-1,-1
3184,-1,264.7039489746094,114.10189056396484,321.5564270019531,213.68496704101562,0.5907752513885498,-1,-1,-1
3185,-1,264.71112060546875,113.70201110839844,321.5130310058594,214.03488159179688,0.6234339475631714,-1,-1,-1
3186,-1,264.7685546875,113.72431945800781,321.50982666015625,214.01283264160156,0.6207674145698547,-1,-1,-1
3187,-1,264.7948913574219,113.70950317382812,321.508544921875,214.03965759277344,0.6226194500923157,-1,-1,-1
3188,-1,264.6355285644531,114.07393646240234,321.5635681152344,213.66632080078125,0.6089784502983093,-1,-1,-1
3189,-1,264.5794372558594,114.08580780029297,321.56939697265625,213.6943359375,0.6128226518630981,-1,-1,-1
3190,-1,264.5920715332031,113.8000717163086,321.5319519042969,214.12567138671875,0.6554269194602966,-1,-1,-1
3191,-1,264.5733642578125,113.87710571289062,321.5542297363281,214.0874786376953,0.655914843082428,-1,-1,-1
3192,-1,264.5621032714844,113.86991119384766,321.5492248535156,214.0985565185547,0.65613853931427,-1,-1,-1
3193,-1,264.3563537597656,114.5916519165039,321.672607421875,213.0588836669922,0.5726661086082458,-1,-1,-1
3194,-1,264.3285827636719,114.68711853027344,321.6873474121094,213.01068115234375,0.5648505687713623,-1,-1,-1
3198,-1,262.9271240234375,114.21015167236328,321.7421875,213.38580322265625,0.5041788816452026,-1,-1,-1
3480,-1,263.7799377441406,168.8123779296875,316.5707702636719,211.52102661132812,0.6638343334197998,-1,-1,-1
3481,-1,263.7551574707031,168.8200225830078,316.5784912109375,211.5198516845703,0.6709436178207397,-1,-1,-1
3482,-1,263.7568054199219,168.82078552246094,316.5816955566406,211.5132293701172,0.6715424656867981,-1,-1,-1
3483,-1,263.71142578125,170.2958984375,314.8105773925781,212.64833068847656,0.570537805557251,-1,-1,-1
3484,-1,263.6510925292969,170.2936553955078,314.8614501953125,212.62771606445312,0.5874729752540588,-1,-1,-1
3590,-1,263.1841125488281,114.11634063720703,319.8736877441406,215.79322814941406,0.6081651449203491,-1,-1,-1
3591,-1,263.0791320800781,114.07015228271484,319.92633056640625,215.86036682128906,0.5946477651596069,-1,-1,-1
3592,-1,263.08221435546875,114.09046936035156,319.926025390625,215.82730102539062,0.5937761068344116,-1,-1,-1
4044,-1,203.00270080566406,84.5273666381836,272.7566833496094,147.6997833251953,0.5036019086837769,-1,-1,-1
4045,-1,202.93161010742188,84.7540054321289,264.5995788574219,145.95281982421875,0.6987167000770569,-1,-1,-1
4046,-1,203.02325439453125,84.7842788696289,264.65673828125,145.935546875,0.6944904327392578,-1,-1,-1
4047,-1,203.004150390625,84.77440643310547,264.608642578125,145.92323303222656,0.6927593350410461,-1,-1,-1
4048,-1,202.9293670654297,84.78043365478516,264.6773681640625,145.95416259765625,0.6955114603042603,-1,-1,-1
4049,-1,202.90895080566406,84.75980377197266,264.69146728515625,145.93519592285156,0.6980950236320496,-1,-1,-1
4073,-1,165.16253662109375,35.11034393310547,216.3857879638672,119.21552276611328,0.8603886961936951,-1,-1,-1
4074,-1,165.1234130859375,35.07925796508789,216.36709594726562,119.2491226196289,0.8619294762611389,-1,-1,-1
4075,-1,147.74649047851562,36.1578483581543,219.26817321777344,118.33269500732422,0.8703632354736328,-1,-1,-1
4076,-1,147.86981201171875,36.20316696166992,219.06808471679688,118.43482971191406,0.8648493885993958,-1,-1,-1
4077,-1,147.86767578125,36.18006896972656,219.15017700195312,118.3758773803711,0.8669186234474182,-1,-1,-1
4078,-1,147.9021759033203,36.162147521972656,219.03948974609375,118.3991470336914,0.8632016777992249,-1,-1,-1
4079,-1,147.90625,36.1663818359375,219.03807067871094,118.38048553466797,0.8646534085273743,-1,-1,-1
4080,-1,146.59759521484375,36.40871810913086,203.22622680664062,117.59634399414062,0.6925321221351624,-1,-1,-1
4081,-1,146.55313110351562,36.44074630737305,203.2185516357422,117.4935302734375,0.6965926289558411,-1,-1,-1
4082,-1,146.57766723632812,36.444252014160156,203.21197509765625,117.46652221679688,0.6939668655395508,-1,-1,-1
4105,-1,71.27916717529297,50.535736083984375,136.86041259765625,122.3239517211914,0.6600856184959412,-1,-1,-1
4105,-1,99.90687561035156,103.15505981445312,143.32383728027344,119.1911849975586,0.6575450897216797,-1,-1,-1
4106,-1,71.18193817138672,50.5713005065918,136.89736938476562,122.32699584960938,0.6823043823242188,-1,-1,-1
4106,-1,99.93645477294922,103.2073974609375,143.3270721435547,119.22074127197266,0.6660167574882507,-1,-1,-1
4107,-1,71.18933868408203,50.56931686401367,136.88763427734375,122.31708526611328,0.6849195957183838,-1,-1,-1
4107,-1,99.93998718261719,103.21077728271484,143.3225860595703,119.22288513183594,0.66637122631073,-1,-1,-1
4108,-1,71.10099029541016,50.57558822631836,136.8466339111328,122.29837036132812,0.7091774940490723,-1,-1,-1
4108,-1,100.00225067138672,103.21814727783203,143.2564697265625,119.23121643066406,0.6742884516716003,-1,-1,-1
4109,-1,71.08982849121094,50.57713317871094,136.8694610595703,122.29478454589844,0.7134999632835388,-1,-1,-1
4109,-1,100.02693939208984,103.20399475097656,143.2333221435547,119.2289810180664,0.6782206892967224,-1,-1,-1
4260,-1,91.75286102294922,33.164642333984375,147.4027862548828,114.13118743896484,0.6469345092773438,-1,-1,-1
4261,-1,91.73480224609375,33.20002746582031,147.38128662109375,114.14912414550781,0.6454994082450867,-1,-1,-1
4262,-1,91.73832702636719,33.20382308959961,147.37741088867188,114.14583587646484,0.6448785066604614,-1,-1,-1
4300,-1,145.70037841796875,40.08218765258789,234.65310668945312,107.8289566040039,0.8014355301856995,-1,-1,-1
4301,-1,145.75277709960938,40.09917068481445,234.7019805908203,107.8694839477539,0.7988277077674866,-1,-1,-1
4302,-1,145.72930908203125,40.10176467895508,234.7050323486328,107.84768676757812,0.801795244216919,-1,-1,-1
4305,-1,161.4627227783203,43.187591552734375,240.8001708984375,108.78257751464844,0.7234865427017212,-1,-1,-1
4306,-1,161.46502685546875,43.18611145019531,240.78012084960938,108.74777221679688,0.7142615914344788,-1,-1,-1
4307,-1,161.47189331054688,43.181270599365234,240.77207946777344,108.70244598388672,0.7148724794387817,-1,-1,-1
4308,-1,168.87896728515625,42.34645080566406,245.38034057617188,110.00022888183594,0.6080933809280396,-1,-1,-1
4309,-1,169.04660034179688,42.349220275878906,245.32672119140625,110.05509948730469,0.5881333947181702,-1,-1,-1
5053,-1,-0.8228302001953125,36.9666748046875,59.26628112792969,111.73018646240234,0.9001032114028931,-1,-1,-1
5054,-1,-0.861159086227417,37.006046295166016,59.26328659057617,111.71007537841797,0.892581045627594,-1,-1,-1
5055,-1,-0.8177947998046875,38.79136276245117,65.17037200927734,112.76261138916016,0.6336429119110107,-1,-1,-1
5056,-1,-0.8435733318328857,38.77827072143555,65.12286376953125,112.8259048461914,0.6401084661483765,-1,-1,-1
5057,-1,-0.8181058764457703,38.80854797363281,65.1114501953125,112.84828186035156,0.6430367231369019,-1,-1,-1
5058,-1,-0.46181315183639526,37.88478088378906,68.0661849975586,109.83026885986328,0.5196249485015869,-1,-1,-1
5059,-1,-0.4033367335796356,37.81990432739258,68.00404357910156,109.68739318847656,0.505212128162384,-1,-1,-1
5065,-1,0.832314133644104,34.67854309082031,72.90318298339844,112.62445068359375,0.8617184162139893,-1,-1,-1
5066,-1,0.8371822834014893,34.596317291259766,72.83332061767578,112.70148468017578,0.8591970801353455,-1,-1,-1
5067,-1,0.832572340965271,34.6189079284668,72.82593536376953,112.69432830810547,0.8597674369812012,-1,-1,-1
5068,-1,0.907038152217865,34.55040740966797,72.82261657714844,112.58993530273438,0.8301268815994263,-1,-1,-1
5069,-1,0.9054917693138123,34.55073547363281,72.79129028320312,112.61507415771484,0.831583559513092,-1,-1,-1
5070,-1,3.850261926651001,32.348609924316406,73.24072265625,109.57494354248047,0.7299993634223938,-1,-1,-1
5071,-1,3.8933827877044678,32.37065887451172,73.22978210449219,109.39586639404297,0.7363894581794739,-1,-1,-1
5072,-1,3.856330156326294,32.344932556152344,73.25518035888672,109.43128204345703,0.7372847199440002,-1,-1,-1
5073,-1,3.9466567039489746,37.81562042236328,78.97950744628906,113.95925903320312,0.9300487637519836,-1,-1,-1
5074,-1,3.902174234390259,37.83896255493164,78.94912719726562,113.9227066040039,0.9198794364929199,-1,-1,-1
5080,-1,11.786840438842773,38.48934555053711,92.26318359375,120.29782104492188,0.7449868321418762,-1,-1,-1
5081,-1,11.741843223571777,38.38978576660156,92.29645538330078,120.32353973388672,0.7700149416923523,-1,-1,-1
5082,-1,11.76374340057373,38.43406677246094,92.28681945800781,120.28121185302734,0.7749069929122925,-1,-1,-1
5083,-1,10.004779815673828,38.14884948730469,96.93852233886719,121.04769134521484,0.8284111022949219,-1,-1,-1
5084,-1,9.875358581542969,38.14671325683594,96.92140197753906,120.92383575439453,0.8314738869667053,-1,-1,-1
5085,-1,14.074921607971191,40.57759094238281,97.18841552734375,120.46231079101562,0.9708489179611206,-1,-1,-1
5085,-1,21.395889282226562,81.66093444824219,63.07872009277344,114.11058044433594,0.5783605575561523,-1,-1,-1
5085,-1,-0.6549791097640991,83.16880798339844,38.525726318359375,122.46054077148438,0.5534932017326355,-1,-1,-1
5086,-1,13.940202713012695,40.41574478149414,97.20894622802734,120.65499877929688,0.9672040343284607,-1,-1,-1
5086,-1,21.36936378479004,81.62431335449219,63.110755920410156,114.10557556152344,0.5487484335899353,-1,-1,-1
5086,-1,-0.6272404193878174,83.1399154663086,38.52235412597656,122.45176696777344,0.5405506491661072,-1,-1,-1
5087,-1,13.957428932189941,40.4417839050293,97.2322769165039,120.64237213134766,0.9668840765953064,-1,-1,-1
5087,-1,21.393081665039062,81.62244415283203,63.13677978515625,114.09864044189453,0.5412264466285706,-1,-1,-1
5087,-1,-0.6184945106506348,83.13520050048828,38.52228546142578,122.45719146728516,0.5389091372489929,-1,-1,-1
5088,-1,20.414772033691406,47.39005661010742,97.0108413696289,125.36024475097656,0.6259819269180298,-1,-1,-1
5089,-1,20.43035125732422,47.38091278076172,97.05054473876953,125.40982055664062,0.6189939975738525,-1,-1,-1
5113,-1,45.2039794921875,53.93461990356445,122.15164947509766,130.74172973632812,0.6797522306442261,-1,-1,-1
5114,-1,45.088653564453125,53.83900451660156,122.2977294921875,130.80613708496094,0.706118643283844,-1,-1,-1
5276,-1,55.183292388916016,75.578857421875,134.7511444091797,164.29470825195312,0.5073493719100952,-1,-1,-1
5277,-1,55.1695556640625,75.58683013916016,134.7588653564453,164.28311157226562,0.5051359534263611,-1,-1,-1
5278,-1,55.168296813964844,75.21436309814453,134.98294067382812,164.308349609375,0.5657265782356262,-1,-1,-1
5279,-1,55.220664978027344,75.26721954345703,134.97421264648438,164.37770080566406,0.5634270906448364,-1,-1,-1
5280,-1,57.94232940673828,77.16124725341797,132.745361328125,167.22483825683594,0.5902784466743469,-1,-1,-1
5281,-1,57.94469451904297,77.10904693603516,132.77378845214844,167.12071228027344,0.5876564383506775,-1,-1,-1
5282,-1,57.95435333251953,77.09761810302734,132.77334594726562,167.16204833984375,0.5890815854072571,-1,-1,-1
5295,-1,54.624786376953125,79.01153564453125,132.31907653808594,170.0309600830078,0.5262864828109741,-1,-1,-1
5296,-1,54.5327033996582,78.95986938476562,132.34510803222656,170.0618438720703,0.5498332977294922,-1,-1,-1
5297,-1,54.53310012817383,78.9502182006836,132.3489227294922,170.07675170898438,0.5425687432289124,-1,-1,-1
5298,-1,53.84905242919922,78.09508514404297,133.0099639892578,172.6721649169922,0.6147984862327576,-1,-1,-1
5299,-1,53.8437614440918,78.10740661621094,133.06898498535156,172.62437438964844,0.5979543328285217,-1,-1,-1
5510,-1,27.03909683227539,127.155029296875,93.81478881835938,197.59861755371094,0.5361185669898987,-1,-1,-1
5511,-1,26.981616973876953,127.0295639038086,93.74299621582031,197.59803771972656,0.5344536900520325,-1,-1,-1
5512,-1,26.99648094177246,127.02216339111328,93.73228454589844,197.62533569335938,0.5350767374038696,-1,-1,-1
5710,-1,43.97612762451172,158.7700958251953,120.04096221923828,209.81793212890625,0.5782015919685364,-1,-1,-1
5711,-1,44.0239372253418,158.76953125,119.94172668457031,209.83164978027344,0.5732194185256958,-1,-1,-1
5712,-1,44.0843505859375,158.748046875,119.86143493652344,209.84860229492188,0.567703366279602,-1,-1,-1
5715,-1,51.045249938964844,158.40260314941406,122.44816589355469,212.35928344726562,0.713970959186554,-1,-1,-1
5716,-1,51.04753875732422,158.43975830078125,122.51514434814453,212.35018920898438,0.7329916954040527,-1,-1,-1
5717,-1,51.02787780761719,158.41757202148438,122.50952911376953,212.3429718017578,0.7332520484924316,-1,-1,-1
5723,-1,64.39457702636719,170.47642517089844,116.64315032958984,211.3935546875,0.5561736822128296,-1,-1,-1
5724,-1,64.38084411621094,170.5051727294922,116.71632385253906,211.36471557617188,0.5201820731163025,-1,-1,-1
5725,-1,68.70323181152344,169.88491821289062,119.26799774169922,211.30235290527344,0.6525872349739075,-1,-1,-1
5726,-1,68.70747375488281,169.89291381835938,119.2622299194336,211.3080291748047,0.6579936742782593,-1,-1,-1
5727,-1,68.70720672607422,169.89053344726562,119.25508117675781,211.3085174560547,0.6582837104797363,-1,-1,-1
5728,-1,68.67962646484375,169.66204833984375,119.23509216308594,211.36863708496094,0.658836305141449,-1,-1,-1
5729,-1,68.67888641357422,169.65640258789062,119.24076843261719,211.37208557128906,0.6590749025344849,-1,-1,-1
5773,-1,78.0643310546875,179.45620727539062,131.17543029785156,212.1458740234375,0.6485339403152466,-1,-1,-1
5774,-1,78.11471557617188,179.4221954345703,131.09783935546875,212.2166748046875,0.6724563837051392,-1,-1,-1
5775,-1,80.28631591796875,173.31825256347656,130.44296264648438,210.50433349609375,0.6835588216781616,-1,-1,-1
5776,-1,80.36263275146484,173.38600158691406,130.38758850097656,210.46038818359375,0.6794878840446472,-1,-1,-1
5777,-1,80.35823059082031,173.37228393554688,130.4144287109375,210.48049926757812,0.6868584156036377,-1,-1,-1
5778,-1,79.48939514160156,172.3468017578125,130.8947296142578,210.9875946044922,0.8062669634819031,-1,-1,-1
5779,-1,79.4634780883789,172.346923828125,130.82275390625,210.9916534423828,0.7956644892692566,-1,-1,-1
5780,-1,78.50676727294922,172.23965454101562,129.55813598632812,211.0303192138672,0.7273604273796082,-1,-1,-1
5781,-1,78.44154357910156,172.31362915039062,129.64125061035156,210.9697723388672,0.7178806066513062,-1,-1,-1
5782,-1,78.44451904296875,172.3100128173828,129.6383056640625,210.97048950195312,0.7173213958740234,-1,-1,-1
5858,-1,110.59600830078125,179.76303100585938,168.03372192382812,211.33377075195312,0.5254518985748291,-1,-1,-1
5859,-1,110.55436706542969,179.7700958251953,168.1240997314453,211.3517608642578,0.5261963605880737,-1,-1,-1
5863,-1,120.46595764160156,178.87355041503906,181.38345336914062,212.0576629638672,0.6452139616012573,-1,-1,-1
5864,-1,120.54876708984375,178.87258911132812,181.33314514160156,212.04623413085938,0.635015070438385,-1,-1,-1
6100,-1,122.70814514160156,178.94871520996094,180.8047332763672,212.26988220214844,0.7310892939567566,-1,-1,-1
6101,-1,122.72093963623047,178.88221740722656,180.7996368408203,212.3468475341797,0.7322365045547485,-1,-1,-1
6102,-1,122.76158142089844,178.94985961914062,180.77236938476562,212.27496337890625,0.7293434143066406,-1,-1,-1
6103,-1,116.41877746582031,178.3839874267578,174.57659912109375,211.93699645996094,0.8600117564201355,-1,-1,-1
6104,-1,116.49789428710938,178.38116455078125,174.53839111328125,211.91241455078125,0.8614611625671387,-1,-1,-1
6105,-1,115.53813171386719,178.79579162597656,173.90994262695312,212.35169982910156,0.7391024827957153,-1,-1,-1
6106,-1,115.5220947265625,178.62890625,173.97752380371094,212.43760681152344,0.7646195292472839,-1,-1,-1
6107,-1,115.55782318115234,178.59352111816406,173.90872192382812,212.44361877441406,0.7716064453125,-1,-1,-1
6163,-1,-1.237740159034729,133.3658447265625,133.23577880859375,202.3498992919922,0.6503989100456238,-1,-1,-1
6164,-1,-1.1032514572143555,133.38748168945312,133.34295654296875,202.40994262695312,0.6582252383232117,-1,-1,-1
6165,-1,-2.9419121742248535,130.73817443847656,134.55995178222656,202.90037536621094,0.7891647815704346,-1,-1,-1
6166,-1,-2.9788498878479004,130.78773498535156,134.61851501464844,202.9544677734375,0.8046801090240479,-1,-1,-1
6167,-1,-2.966296911239624,130.82058715820312,134.6658935546875,202.94223022460938,0.8056552410125732,-1,-1,-1
6168,-1,-3.587928056716919,133.5361328125,134.2427978515625,201.273193359375,0.6862375140190125,-1,-1,-1
6169,-1,-3.7516608238220215,133.5440673828125,134.14389038085938,201.3665313720703,0.6882871389389038,-1,-1,-1
6170,-1,-2.217641830444336,132.43380737304688,130.5377197265625,201.06976318359375,0.6616922616958618,-1,-1,-1
6171,-1,-2.0492026805877686,132.61546325683594,130.41607666015625,201.12530517578125,0.6528844237327576,-1,-1,-1
6172,-1,-2.059760332107544,132.65151977539062,130.46124267578125,201.08506774902344,0.6441951394081116,-1,-1,-1
6243,-1,68.02613830566406,167.35321044921875,123.18533325195312,209.8271484375,0.54412442445755,-1,-1,-1
6244,-1,68.09990692138672,167.28494262695312,123.141845703125,209.82913208007812,0.5560795664787292,-1,-1,-1
6245,-1,68.6911849975586,169.124755859375,131.8223419189453,209.99769592285156,0.8410719037055969,-1,-1,-1
6246,-1,68.74785614013672,169.09156799316406,131.79502868652344,210.008544921875,0.8269100785255432,-1,-1,-1
6247,-1,68.74104309082031,169.1046600341797,131.79981994628906,210.00347900390625,0.8297906517982483,-1,-1,-1
6248,-1,69.74434661865234,168.4494171142578,131.81703186035156,210.0548858642578,0.7198682427406311,-1,-1,-1
6249,-1,69.67984008789062,168.482177734375,131.8542022705078,210.0476837158203,0.7609236836433411,-1,-1,-1
6250,-1,70.67967224121094,167.07443237304688,131.16326904296875,208.97439575195312,0.5457916855812073,-1,-1,-1
6251,-1,70.5469970703125,166.98764038085938,131.27630615234375,209.0023651123047,0.541225016117096,-1,-1,-1
6252,-1,70.55323028564453,167.0134735107422,131.26629638671875,209.00247192382812,0.5449389815330505,-1,-1,-1
6311,-1,75.32166290283203,163.54443359375,157.33261108398438,212.13714599609375,0.5023617148399353,-1,-1,-1
6312,-1,75.4814682006836,163.42503356933594,157.25167846679688,212.2141876220703,0.5165491700172424,-1,-1,-1
6320,-1,106.52886962890625,158.49166870117188,197.76588439941406,212.93240356445312,0.7779852151870728,-1,-1,-1
6321,-1,106.50615692138672,158.43527221679688,197.83021545410156,212.8956756591797,0.799061119556427,-1,-1,-1
6322,-1,106.5251235961914,158.41552734375,197.83509826660156,212.8986053466797,0.8000422120094299,-1,-1,-1
6330,-1,154.06651306152344,33.54328536987305,227.89076232910156,100.75448608398438,0.8815448880195618,-1,-1,-1
6331,-1,154.15643310546875,33.49637222290039,227.83982849121094,100.78771209716797,0.8818030953407288,-1,-1,-1
6332,-1,154.14834594726562,33.49394607543945,227.83201599121094,100.78445434570312,0.8825483918190002,-1,-1,-1
6333,-1,148.22256469726562,33.22354507446289,220.1022491455078,101.28448486328125,0.7726814150810242,-1,-1,-1
6334,-1,148.23643493652344,33.252376556396484,220.23658752441406,101.25016784667969,0.7613021731376648,-1,-1,-1
6335,-1,145.25750732421875,32.45341491699219,212.39483642578125,101.90877532958984,0.5874057412147522,-1,-1,-1
6336,-1,145.28909301757812,32.443599700927734,212.54835510253906,101.91194152832031,0.5879157781600952,-1,-1,-1
6337,-1,145.3123779296875,32.4239501953125,212.6138458251953,101.91172790527344,0.5899553894996643,-1,-1,-1
6470,-1,140.6862335205078,32.1740608215332,212.80331420898438,99.95014953613281,0.8856006264686584,-1,-1,-1
6471,-1,140.7108917236328,32.135887145996094,212.81607055664062,99.95225524902344,0.8850538730621338,-1,-1,-1
6472,-1,140.70509338378906,32.14145278930664,212.82742309570312,99.92675018310547,0.8854260444641113,-1,-1,-1
6473,-1,146.56008911132812,32.480857849121094,227.88424682617188,111.65324401855469,0.9554317593574524,-1,-1,-1
6474,-1,146.535400390625,32.43357849121094,227.94105529785156,111.64310455322266,0.9590173959732056,-1,-1,-1
6475,-1,149.40280151367188,31.368467330932617,237.2283172607422,118.9879379272461,0.9830741286277771,-1,-1,-1
6476,-1,149.36578369140625,31.377063751220703,237.17324829101562,118.91779327392578,0.9827852845191956,-1,-1,-1
6477,-1,149.35316467285156,31.390363693237305,237.18722534179688,118.91962432861328,0.982837975025177,-1,-1,-1
6478,-1,149.41590881347656,31.351106643676758,237.09779357910156,119.01749420166016,0.9825356006622314,-1,-1,-1
6479,-1,149.39007568359375,31.323036193847656,237.11599731445312,119.03022003173828,0.9825171828269958,-1,-1,-1
6563,-1,34.85255813598633,65.53076171875,134.29620361328125,130.21005249023438,0.5760319828987122,-1,-1,-1
6564,-1,34.849525451660156,65.56668853759766,134.3630828857422,130.12191772460938,0.5818489193916321,-1,-1,-1
6570,-1,26.191225051879883,59.74982452392578,140.80038452148438,129.49472045898438,0.938748836517334,-1,-1,-1
6571,-1,26.244583129882812,59.81193161010742,140.68402099609375,129.4832000732422,0.9311989545822144,-1,-1,-1
6572,-1,26.257417678833008,59.858516693115234,140.69989013671875,129.47897338867188,0.933109700679779,-1,-1,-1
6590,-1,107.75534057617188,169.42921447753906,174.724853515625,210.27142333984375,0.5683829188346863,-1,-1,-1
6591,-1,107.77632904052734,169.44859313964844,174.6363067626953,210.2387237548828,0.5877944231033325,-1,-1,-1
6592,-1,107.75519561767578,169.449462890625,174.63609313964844,210.2318878173828,0.5914754867553711,-1,-1,-1
6593,-1,107.284912109375,169.5227813720703,174.29864501953125,210.40187072753906,0.5921955704689026,-1,-1,-1
6594,-1,107.29043579101562,169.5245361328125,174.30528259277344,210.38621520996094,0.5973286032676697,-1,-1,-1
6595,-1,108.57685852050781,169.7906951904297,173.6344757080078,210.5902557373047,0.5220862030982971,-1,-1,-1
6596,-1,108.47685241699219,169.8516082763672,173.70571899414062,210.53135681152344,0.5672452449798584,-1,-1,-1
6597,-1,108.45759582519531,169.83328247070312,173.72557067871094,210.52415466308594,0.5617009997367859,-1,-1,-1
6598,-1,108.50922393798828,169.77674865722656,173.65444946289062,210.51739501953125,0.5522987842559814,-1,-1,-1
6599,-1,108.49618530273438,169.77696228027344,173.66432189941406,210.5201416015625,0.556220531463623,-1,-1,-1
