1,-1,217.89031982421875,66.58370971679688,316.03021240234375,138.63352966308594,0.9560220241546631,-1,-1,-1
1,-1,187.9700927734375,101.24018859863281,213.2407989501953,149.82286071777344,0.9029228091239929,-1,-1,-1
1,-1,56.72298049926758,77.33061981201172,227.22760009765625,240.98886108398438,0.8910700678825378,-1,-1,-1
1,-1,218.1712188720703,110.98977661132812,239.43319702148438,166.05252075195312,0.8435123562812805,-1,-1,-1
1,-1,131.32363891601562,39.80292510986328,239.9748992919922,92.4592514038086,0.5757984519004822,-1,-1,-1
2,-1,217.9853057861328,66.8051528930664,316.01080322265625,138.7537841796875,0.9616276025772095,-1,-1,-1
2,-1,56.395713806152344,77.46856689453125,227.09613037109375,241.0566864013672,0.9190271496772766,-1,-1,-1
2,-1,188.25270080566406,101.88247680664062,212.85113525390625,149.1181182861328,0.8978771567344666,-1,-1,-1
2,-1,218.32928466796875,111.35152435302734,239.37255859375,165.3657684326172,0.8477284908294678,-1,-1,-1
2,-1,131.63003540039062,39.689910888671875,240.5414581298828,92.73580932617188,0.6375977396965027,-1,-1,-1
3,-1,218.0807647705078,67.0169906616211,315.6203918457031,138.1506805419922,0.9648544192314148,-1,-1,-1
3,-1,56.21992111206055,78.32064056396484,226.6655731201172,240.82652282714844,0.9592151045799255,-1,-1,-1
3,-1,218.8408660888672,113.0622787475586,244.199951171875,170.36407470703125,0.933092474937439,-1,-1,-1
3,-1,190.18434143066406,104.51286315917969,215.41421508789062,150.1846160888672,0.9311529994010925,-1,-1,-1
3,-1,131.1483917236328,40.955078125,238.77197265625,93.07643127441406,0.8414198756217957,-1,-1,-1
4,-1,217.78424072265625,66.97296142578125,315.784423828125,137.9806671142578,0.9594641327857971,-1,-1,-1
4,-1,55.91260528564453,77.98149108886719,226.61659240722656,240.9398193359375,0.9526456594467163,-1,-1,-1
4,-1,218.88629150390625,113.3135757446289,244.07203674316406,170.10733032226562,0.9298485517501831,-1,-1,-1
4,-1,190.27565002441406,104.36170196533203,215.51565551757812,150.7152557373047,0.9184069037437439,-1,-1,-1
4,-1,130.3120574951172,40.35700225830078,238.8619842529297,93.23816680908203,0.8664932250976562,-1,-1,-1
5,-1,217.82278442382812,66.9904556274414,315.73565673828125,137.97488403320312,0.9611413478851318,-1,-1,-1
5,-1,56.043373107910156,78.03905487060547,226.3445281982422,240.90786743164062,0.9553460478782654,-1,-1,-1
5,-1,218.88919067382812,113.25627899169922,244.0884246826172,170.1026611328125,0.9323775172233582,-1,-1,-1
5,-1,190.26121520996094,104.34751892089844,215.50660705566406,150.72540283203125,0.9201740026473999,-1,-1,-1
5,-1,130.22470092773438,40.3389778137207,238.9500274658203,93.19385528564453,0.8658144474029541,-1,-1,-1
6,-1,217.74208068847656,67.71188354492188,316.1007080078125,138.0810546875,0.9612898826599121,-1,-1,-1
6,-1,55.91998291015625,78.30101013183594,225.69288635253906,240.2418975830078,0.9453808665275574,-1,-1,-1
6,-1,194.52224731445312,104.76410675048828,218.66973876953125,153.71771240234375,0.9444181323051453,-1,-1,-1
6,-1,224.47518920898438,117.42169189453125,247.15867614746094,179.64649963378906,0.8241172432899475,-1,-1,-1
6,-1,124.59120178222656,39.939247131347656,235.8441162109375,93.42341613769531,0.5131790637969971,-1,-1,-1
7,-1,217.85165405273438,67.57856750488281,315.9660949707031,138.4190673828125,0.9604554772377014,-1,-1,-1
7,-1,55.71088409423828,77.89823150634766,225.95938110351562,240.59437561035156,0.9524405002593994,-1,-1,-1
7,-1,194.3500518798828,104.71707916259766,218.73086547851562,153.55520629882812,0.9419677257537842,-1,-1,-1
7,-1,224.35345458984375,117.3626480102539,247.2299041748047,178.99984741210938,0.7684115767478943,-1,-1,-1
7,-1,125.07483673095703,40.18505096435547,235.60971069335938,93.03910827636719,0.6187188029289246,-1,-1,-1
8,-1,217.69244384765625,66.69203186035156,315.9247741699219,138.9145050048828,0.9683730006217957,-1,-1,-1
8,-1,56.47976303100586,77.14735412597656,227.05746459960938,241.51414489746094,0.9598516225814819,-1,-1,-1
8,-1,199.4342803955078,105.80253601074219,222.27334594726562,163.8306427001953,0.9313682317733765,-1,-1,-1
8,-1,225.52503967285156,118.31718444824219,250.80609130859375,185.9948272705078,0.868222177028656,-1,-1,-1
9,-1,217.61639404296875,66.75274658203125,315.8868408203125,139.01429748535156,0.9624710083007812,-1,-1,-1
9,-1,56.635250091552734,77.13453674316406,226.9189453125,241.54483032226562,0.9563290476799011,-1,-1,-1
9,-1,199.08541870117188,105.66131591796875,222.3168182373047,163.4285125732422,0.9264799356460571,-1,-1,-1
9,-1,225.72080993652344,118.2244873046875,250.68582153320312,186.1721954345703,0.9075590968132019,-1,-1,-1
10,-1,56.69891357421875,77.57239532470703,225.4655303955078,241.3827362060547,0.9326972365379333,-1,-1,-1
10,-1,218.04849243164062,67.17230987548828,316.2970275878906,138.63851928710938,0.9209505915641785,-1,-1,-1
10,-1,203.06607055664062,107.93666076660156,224.3479766845703,167.34820556640625,0.8761201500892639,-1,-1,-1
10,-1,230.38693237304688,120.9007797241211,254.17767333984375,187.82662963867188,0.8401966094970703,-1,-1,-1
10,-1,112.1697998046875,39.63935852050781,225.61465454101562,93.30148315429688,0.6804097890853882,-1,-1,-1
11,-1,57.0909309387207,77.85721588134766,225.16371154785156,241.28062438964844,0.937335729598999,-1,-1,-1
11,-1,218.07638549804688,67.25389099121094,316.24481201171875,138.66127014160156,0.9191384315490723,-1,-1,-1
11,-1,203.25100708007812,107.92317199707031,224.2271728515625,167.2836151123047,0.8873565196990967,-1,-1,-1
11,-1,230.23318481445312,121.26165771484375,254.05499267578125,187.56605529785156,0.8266529440879822,-1,-1,-1
11,-1,112.49848175048828,39.91168975830078,225.4403533935547,93.0433578491211,0.6778467893600464,-1,-1,-1
12,-1,56.247535705566406,77.21519470214844,226.07591247558594,241.6650848388672,0.9317541122436523,-1,-1,-1
12,-1,218.08656311035156,67.29391479492188,316.24334716796875,138.6576385498047,0.9149039387702942,-1,-1,-1
12,-1,203.16104125976562,108.03691864013672,224.18698120117188,167.0902557373047,0.8672162294387817,-1,-1,-1
12,-1,230.2152862548828,121.35517883300781,254.12008666992188,187.16387939453125,0.8177371621131897,-1,-1,-1
13,-1,232.8858642578125,122.71996307373047,255.6944122314453,193.97793579101562,0.965702474117279,-1,-1,-1
13,-1,205.97984313964844,108.09638977050781,229.9947967529297,185.5242462158203,0.9450948238372803,-1,-1,-1
13,-1,218.1341552734375,67.69304656982422,315.4501953125,138.0935821533203,0.9429545402526855,-1,-1,-1
13,-1,54.77246856689453,76.05924224853516,226.36338806152344,242.51939392089844,0.9283003211021423,-1,-1,-1
13,-1,109.17092895507812,40.237159729003906,222.6085205078125,91.06338500976562,0.8163164854049683,-1,-1,-1
13,-1,58.749053955078125,66.50270080566406,220.4426727294922,232.68394470214844,0.5642855763435364,-1,-1,-1
14,-1,232.9507598876953,122.5558090209961,255.526123046875,194.01431274414062,0.969778835773468,-1,-1,-1
14,-1,206.05984497070312,108.18254852294922,229.95828247070312,185.42288208007812,0.9414611458778381,-1,-1,-1
14,-1,218.35923767089844,67.70370483398438,315.31292724609375,137.967529296875,0.9406346678733826,-1,-1,-1
14,-1,55.824195861816406,76.38988494873047,226.02333068847656,242.0949249267578,0.9148042798042297,-1,-1,-1
14,-1,109.08120727539062,40.22205352783203,222.677001953125,90.80738067626953,0.8243589401245117,-1,-1,-1
14,-1,58.82499694824219,66.97711944580078,220.8338165283203,232.64727783203125,0.5838525295257568,-1,-1,-1
15,-1,218.57215881347656,67.68216705322266,314.9408264160156,138.2187042236328,0.958935022354126,-1,-1,-1
15,-1,233.28579711914062,129.5177764892578,255.58798217773438,196.50132751464844,0.9127787351608276,-1,-1,-1
15,-1,211.09567260742188,112.68080139160156,235.14564514160156,183.81039428710938,0.8319404721260071,-1,-1,-1
15,-1,61.37934875488281,65.09976196289062,219.08984375,230.9723358154297,0.798424243927002,-1,-1,-1
15,-1,61.37934875488281,65.09976196289062,219.08984375,230.9723358154297,0.5042713284492493,-1,-1,-1
16,-1,218.56448364257812,67.67251586914062,314.7288818359375,137.63616943359375,0.9574657082557678,-1,-1,-1
16,-1,236.15194702148438,126.3458480834961,260.44671630859375,194.36276245117188,0.8853509426116943,-1,-1,-1
16,-1,211.01438903808594,112.65642547607422,235.0999755859375,184.28529357910156,0.807487428188324,-1,-1,-1
16,-1,57.934959411621094,80.1544418334961,225.28836059570312,239.548828125,0.7841714024543762,-1,-1,-1
16,-1,61.5663948059082,65.00645446777344,219.44515991210938,231.25294494628906,0.5396185517311096,-1,-1,-1
17,-1,218.57484436035156,67.65908813476562,314.7324523925781,137.66375732421875,0.9568850994110107,-1,-1,-1
17,-1,236.197998046875,126.29908752441406,260.42376708984375,194.28079223632812,0.8861083984375,-1,-1,-1
17,-1,211.04147338867188,112.66275024414062,235.08871459960938,184.28433227539062,0.8102038502693176,-1,-1,-1
17,-1,58.06020736694336,80.19187927246094,225.23439025878906,239.49815368652344,0.7883070111274719,-1,-1,-1
17,-1,61.599037170410156,65.29000854492188,219.29989624023438,231.11279296875,0.5301527380943298,-1,-1,-1
18,-1,236.84129333496094,129.65765380859375,260.76123046875,198.53346252441406,0.965266764163971,-1,-1,-1
18,-1,221.27073669433594,67.62603759765625,314.0592346191406,137.95480346679688,0.9336651563644409,-1,-1,-1
18,-1,213.2220458984375,113.84698486328125,238.3315887451172,184.6985321044922,0.9139828681945801,-1,-1,-1
18,-1,56.38809585571289,78.07622528076172,227.3023223876953,241.1204071044922,0.8754759430885315,-1,-1,-1
18,-1,60.28704071044922,64.01543426513672,220.58840942382812,232.9256134033203,0.6300848126411438,-1,-1,-1
19,-1,220.8613739013672,67.40767669677734,314.25213623046875,138.47703552246094,0.9399614930152893,-1,-1,-1
19,-1,237.3820343017578,128.94329833984375,260.9255065917969,199.33250427246094,0.9174803495407104,-1,-1,-1
19,-1,213.3175506591797,113.74945831298828,238.50843811035156,184.89427185058594,0.8823621869087219,-1,-1,-1
19,-1,57.34653091430664,76.70889282226562,226.88067626953125,241.95628356933594,0.8772035837173462,-1,-1,-1
19,-1,60.95829772949219,64.74993896484375,221.5069580078125,232.4054412841797,0.6335625052452087,-1,-1,-1
20,-1,219.72210693359375,66.51275634765625,314.9837646484375,138.7742462158203,0.9461671710014343,-1,-1,-1
20,-1,236.8547821044922,136.38555908203125,260.20147705078125,207.3302001953125,0.9296953678131104,-1,-1,-1
20,-1,214.31918334960938,114.76519775390625,240.15472412109375,185.13742065429688,0.9097265005111694,-1,-1,-1
20,-1,55.07388687133789,76.7425537109375,228.18772888183594,241.80967712402344,0.863377034664154,-1,-1,-1
20,-1,59.344200134277344,65.4984130859375,222.20521545410156,231.71682739257812,0.7010856866836548,-1,-1,-1
21,-1,238.854248046875,137.6293487548828,263.0907897949219,210.44204711914062,0.9714425802230835,-1,-1,-1
21,-1,220.28277587890625,66.3592529296875,314.6664733886719,138.92251586914062,0.9341105222702026,-1,-1,-1
21,-1,209.55137634277344,118.08781433105469,244.5872802734375,185.59811401367188,0.9151460528373718,-1,-1,-1
21,-1,56.066776275634766,76.50850677490234,228.07737731933594,242.1761474609375,0.8995151519775391,-1,-1,-1
21,-1,59.34505081176758,66.31089782714844,222.332275390625,232.6436309814453,0.6038021445274353,-1,-1,-1
22,-1,238.843994140625,137.2259521484375,263.19293212890625,210.7617645263672,0.9713903665542603,-1,-1,-1
22,-1,219.9720916748047,66.44319915771484,314.7164611816406,138.85707092285156,0.9340271353721619,-1,-1,-1
22,-1,209.62405395507812,118.04124450683594,244.7751007080078,186.56085205078125,0.9088821411132812,-1,-1,-1
22,-1,55.98490905761719,76.94371795654297,227.73934936523438,241.9956817626953,0.9049068689346313,-1,-1,-1
22,-1,58.929630279541016,66.02469635009766,222.37327575683594,232.04119873046875,0.6030727624893188,-1,-1,-1
23,-1,238.82159423828125,137.188720703125,263.1535949707031,210.74420166015625,0.9706234931945801,-1,-1,-1
23,-1,219.9136505126953,66.44514465332031,314.724853515625,138.8478546142578,0.9337780475616455,-1,-1,-1
23,-1,209.6212921142578,118.04238891601562,244.7433624267578,186.55572509765625,0.9092338681221008,-1,-1,-1
23,-1,56.11235809326172,76.98429870605469,227.6385498046875,241.93038940429688,0.9079893827438354,-1,-1,-1
23,-1,59.003440856933594,66.0273208618164,222.33074951171875,231.94679260253906,0.5951083898544312,-1,-1,-1
24,-1,237.31666564941406,140.15240478515625,268.75897216796875,217.88987731933594,0.9881260991096497,-1,-1,-1
24,-1,209.3451690673828,118.54731750488281,248.7361297607422,187.51351928710938,0.9726249575614929,-1,-1,-1
24,-1,221.25888061523438,66.52828216552734,314.28204345703125,139.79237365722656,0.8936697840690613,-1,-1,-1
24,-1,56.58317184448242,76.20115661621094,225.9549102783203,242.2188720703125,0.8935450911521912,-1,-1,-1
24,-1,59.509376525878906,63.912776947021484,220.8139190673828,232.81951904296875,0.5849098563194275,-1,-1,-1
25,-1,237.19552612304688,140.21522521972656,268.6676330566406,217.89297485351562,0.9879923462867737,-1,-1,-1
25,-1,209.20077514648438,118.43167877197266,248.76058959960938,187.8130645751953,0.9708065986633301,-1,-1,-1
25,-1,221.32545471191406,66.44400787353516,314.253173828125,139.8411865234375,0.9025177359580994,-1,-1,-1
25,-1,56.66618347167969,76.16426086425781,225.58749389648438,242.0584716796875,0.8868813514709473,-1,-1,-1
25,-1,59.408363342285156,64.4854965209961,220.59957885742188,232.48846435546875,0.5849026441574097,-1,-1,-1
26,-1,238.48956298828125,145.4590606689453,270.4217834472656,230.53469848632812,0.9937028884887695,-1,-1,-1
26,-1,211.79531860351562,120.89537048339844,247.05667114257812,209.49375915527344,0.9922993183135986,-1,-1,-1
26,-1,55.618953704833984,75.45896911621094,226.23342895507812,242.81109619140625,0.9489024877548218,-1,-1,-1
26,-1,221.84617614746094,66.7327880859375,313.7628173828125,139.2891082763672,0.9081838726997375,-1,-1,-1
26,-1,69.53300476074219,42.68097686767578,193.62290954589844,91.04277038574219,0.8166297674179077,-1,-1,-1
27,-1,238.57586669921875,145.40704345703125,270.2393493652344,230.2691650390625,0.9932551980018616,-1,-1,-1
27,-1,211.8492889404297,120.81388854980469,247.0921630859375,209.42193603515625,0.9908533692359924,-1,-1,-1
27,-1,55.741939544677734,75.5414047241211,225.4025421142578,242.58364868164062,0.9572458863258362,-1,-1,-1
27,-1,223.88084411621094,68.98343658447266,320.4386901855469,139.28529357910156,0.9161658883094788,-1,-1,-1
27,-1,70.47261047363281,42.350887298583984,192.98648071289062,91.30294036865234,0.8261716365814209,-1,-1,-1
28,-1,239.16490173339844,147.61468505859375,272.36041259765625,232.02178955078125,0.9954405426979065,-1,-1,-1
28,-1,216.08151245117188,121.50128173828125,245.7620391845703,212.7764892578125,0.9786949157714844,-1,-1,-1
28,-1,221.1170654296875,66.91463470458984,314.16448974609375,138.90835571289062,0.9247226119041443,-1,-1,-1
28,-1,55.32450866699219,77.65409088134766,227.1160888671875,240.93624877929688,0.8859992623329163,-1,-1,-1
28,-1,69.25110626220703,42.495574951171875,185.2950897216797,90.38005065917969,0.7407779097557068,-1,-1,-1
28,-1,103.70037078857422,15.842567443847656,113.97673034667969,22.453989028930664,0.6377922892570496,-1,-1,-1
28,-1,60.72151565551758,42.1216926574707,181.02178955078125,89.84849548339844,0.5457351207733154,-1,-1,-1
28,-1,57.24172592163086,73.23471069335938,222.53619384765625,232.17514038085938,0.5197178721427917,-1,-1,-1
29,-1,239.12245178222656,147.61563110351562,272.41839599609375,231.92800903320312,0.9958229660987854,-1,-1,-1
29,-1,216.0712432861328,121.5058822631836,245.76211547851562,212.82565307617188,0.9783247113227844,-1,-1,-1
29,-1,221.12596130371094,66.88504791259766,314.1113586425781,138.859130859375,0.9203148484230042,-1,-1,-1
29,-1,55.3458366394043,77.6470718383789,227.10092163085938,240.98977661132812,0.882061779499054,-1,-1,-1
29,-1,69.09288787841797,42.42446517944336,185.4470977783203,90.28208923339844,0.7309798002243042,-1,-1,-1
29,-1,103.69884490966797,15.869215965270996,113.98517608642578,22.486495971679688,0.6357809901237488,-1,-1,-1
29,-1,60.81669616699219,42.051780700683594,180.9286651611328,89.8556900024414,0.573215663433075,-1,-1,-1
29,-1,57.35120391845703,73.13684844970703,222.46701049804688,232.35382080078125,0.5208563804626465,-1,-1,-1
30,-1,239.1590118408203,147.47842407226562,272.48992919921875,232.158935546875,0.9954907894134521,-1,-1,-1
30,-1,215.989501953125,121.5167007446289,245.78707885742188,212.889892578125,0.975244402885437,-1,-1,-1
30,-1,221.3642578125,66.77227020263672,314.1250305175781,139.4515838623047,0.9206687808036804,-1,-1,-1
30,-1,55.213470458984375,77.51150512695312,226.63992309570312,241.07620239257812,0.879866898059845,-1,-1,-1
30,-1,103.7302017211914,15.833346366882324,113.98406219482422,22.426258087158203,0.6626595854759216,-1,-1,-1
30,-1,69.60311126708984,42.7627067565918,184.6851348876953,90.28240203857422,0.6571128368377686,-1,-1,-1
30,-1,61.23136520385742,42.50387191772461,180.35357666015625,89.7168197631836,0.6547939777374268,-1,-1,-1
30,-1,57.281490325927734,72.96905517578125,221.9863739013672,232.17381286621094,0.5096992254257202,-1,-1,-1
31,-1,236.9912567138672,150.65049743652344,272.953125,233.31411743164062,0.9662664532661438,-1,-1,-1
31,-1,221.06784057617188,66.11495971679688,314.1182556152344,139.9594268798828,0.9605317711830139,-1,-1,-1
31,-1,216.9519805908203,124.09651184082031,245.68310546875,208.23507690429688,0.9122021198272705,-1,-1,-1
31,-1,54.109642028808594,78.11456298828125,228.61611938476562,240.73284912109375,0.9035102725028992,-1,-1,-1
31,-1,59.47649383544922,42.86021423339844,174.9716033935547,89.79805755615234,0.7801287174224854,-1,-1,-1
31,-1,103.77726745605469,16.01191520690918,114.43617248535156,22.447040557861328,0.6730008125305176,-1,-1,-1
31,-1,59.47649383544922,42.86021423339844,174.9716033935547,89.79805755615234,0.5319457650184631,-1,-1,-1
32,-1,236.79954528808594,151.23460388183594,272.8917236328125,233.1702117919922,0.9776758551597595,-1,-1,-1
32,-1,220.81695556640625,66.21420288085938,314.3289489746094,139.9200439453125,0.9620417952537537,-1,-1,-1
32,-1,53.32454299926758,77.6080093383789,228.8816680908203,241.04232788085938,0.906775712966919,-1,-1,-1
32,-1,216.82252502441406,123.98172760009766,245.68942260742188,208.54669189453125,0.8989274501800537,-1,-1,-1
32,-1,59.66676712036133,42.825355529785156,174.7025909423828,89.98665618896484,0.7966949343681335,-1,-1,-1
32,-1,103.73078155517578,16.12474250793457,114.4327621459961,22.55723762512207,0.6449699401855469,-1,-1,-1
32,-1,59.66676712036133,42.825355529785156,174.7025909423828,89.98665618896484,0.5123957395553589,-1,-1,-1
32,-1,55.527156829833984,74.01327514648438,223.86155700683594,232.41336059570312,0.50037682056427,-1,-1,-1
33,-1,220.66363525390625,66.65570068359375,313.545654296875,139.5205078125,0.9600575566291809,-1,-1,-1
33,-1,236.99644470214844,162.98367309570312,271.3747863769531,234.84661865234375,0.9558592438697815,-1,-1,-1
33,-1,54.67489242553711,77.53657531738281,229.16114807128906,240.7656707763672,0.8947704434394836,-1,-1,-1
33,-1,223.0282440185547,128.66452026367188,247.81207275390625,202.7540283203125,0.8609265685081482,-1,-1,-1
33,-1,103.67117309570312,15.768433570861816,114.27750396728516,22.384855270385742,0.673464298248291,-1,-1,-1
33,-1,55.490394592285156,42.679229736328125,165.15554809570312,92.87275695800781,0.6633583903312683,-1,-1,-1
33,-1,55.490394592285156,42.679229736328125,165.15554809570312,92.87275695800781,0.6033290028572083,-1,-1,-1
34,-1,220.97190856933594,66.5130844116211,313.55755615234375,139.5757293701172,0.9587929248809814,-1,-1,-1
34,-1,237.14398193359375,162.94537353515625,271.4300231933594,234.59951782226562,0.9502895474433899,-1,-1,-1
34,-1,54.68446731567383,77.861572265625,229.7633514404297,240.75299072265625,0.8823320269584656,-1,-1,-1
34,-1,222.83721923828125,128.6829071044922,247.9402313232422,202.35971069335938,0.8361170887947083,-1,-1,-1
34,-1,54.72624969482422,42.60868835449219,165.17498779296875,92.65647888183594,0.7036942839622498,-1,-1,-1
34,-1,103.65675354003906,15.791666030883789,114.24254608154297,22.428617477416992,0.6686550378799438,-1,-1,-1
34,-1,54.72624969482422,42.60868835449219,165.17498779296875,92.65647888183594,0.5551085472106934,-1,-1,-1
35,-1,220.9822235107422,66.46841430664062,313.57403564453125,139.63241577148438,0.9582139849662781,-1,-1,-1
35,-1,237.16748046875,162.95574951171875,271.4020080566406,234.6143035888672,0.9487472772598267,-1,-1,-1
35,-1,54.63918685913086,77.81839752197266,229.7976531982422,240.74993896484375,0.8796945810317993,-1,-1,-1
35,-1,222.83700561523438,128.65074157714844,247.9196319580078,202.41909790039062,0.834796130657196,-1,-1,-1
35,-1,54.768287658691406,42.657257080078125,165.103759765625,92.63104248046875,0.7079123258590698,-1,-1,-1
35,-1,103.6572265625,15.791491508483887,114.26504516601562,22.432058334350586,0.6689153909683228,-1,-1,-1
35,-1,54.768287658691406,42.657257080078125,165.103759765625,92.63104248046875,0.5442716479301453,-1,-1,-1
36,-1,56.52399444580078,78.9570541381836,228.63711547851562,240.6024169921875,0.9670456647872925,-1,-1,-1
36,-1,219.7488250732422,66.90027618408203,314.3818359375,139.4276123046875,0.9581748843193054,-1,-1,-1
36,-1,222.47894287109375,131.5045623779297,252.6204071044922,220.10479736328125,0.9394410848617554,-1,-1,-1
36,-1,238.3362579345703,170.1531982421875,268.4581298828125,231.12014770507812,0.8974300026893616,-1,-1,-1
36,-1,103.75926971435547,15.860125541687012,114.15919494628906,22.33686065673828,0.6944383382797241,-1,-1,-1
36,-1,46.54664993286133,41.703250885009766,160.96238708496094,94.26322937011719,0.6680576801300049,-1,-1,-1
36,-1,46.54664993286133,41.703250885009766,160.96238708496094,94.26322937011719,0.5899677872657776,-1,-1,-1
37,-1,55.288490295410156,78.2214584350586,229.4455108642578,241.2716064453125,0.9782524704933167,-1,-1,-1
37,-1,219.8077392578125,66.67562866210938,313.4717712402344,138.76422119140625,0.9564379453659058,-1,-1,-1
37,-1,222.38589477539062,132.1498260498047,252.74838256835938,218.50498962402344,0.8841025233268738,-1,-1,-1
37,-1,235.40884399414062,169.77125549316406,270.5528564453125,236.04759216308594,0.872229278087616,-1,-1,-1
37,-1,46.9721794128418,41.09389114379883,161.41226196289062,93.23751831054688,0.6660400032997131,-1,-1,-1
37,-1,46.9721794128418,41.09389114379883,161.41226196289062,93.23751831054688,0.6462041139602661,-1,-1,-1
38,-1,57.34458541870117,72.64291381835938,224.4906463623047,232.51004028320312,0.9728407263755798,-1,-1,-1
38,-1,219.23458862304688,66.73654174804688,313.7481384277344,139.05841064453125,0.9643846750259399,-1,-1,-1
38,-1,222.42999267578125,134.77557373046875,254.7439727783203,215.85960388183594,0.8597837686538696,-1,-1,-1
38,-1,230.84402465820312,176.02444458007812,269.6271667480469,240.61961364746094,0.7573854923248291,-1,-1,-1
38,-1,103.86734771728516,16.263967514038086,113.80931854248047,22.41310691833496,0.5022640228271484,-1,-1,-1
39,-1,57.80197525024414,71.80534362792969,222.48501586914062,233.85577392578125,0.9684745669364929,-1,-1,-1
39,-1,218.96267700195312,66.8957290649414,314.318359375,139.4507293701172,0.9649249911308289,-1,-1,-1
39,-1,228.61053466796875,180.19602966308594,270.3344421386719,242.11061096191406,0.9081831574440002,-1,-1,-1
39,-1,36.69620132446289,42.195892333984375,141.99697875976562,91.50628662109375,0.7932009100914001,-1,-1,-1
39,-1,223.4007568359375,137.1664581298828,255.45774841308594,217.41375732421875,0.7911999821662903,-1,-1,-1
39,-1,103.94448852539062,16.01618194580078,113.76209259033203,22.284317016601562,0.5651339888572693,-1,-1,-1
40,-1,58.02524185180664,71.54498291015625,222.1343994140625,234.05291748046875,0.9711154103279114,-1,-1,-1
40,-1,218.80191040039062,67.0145492553711,314.4259033203125,138.8016815185547,0.9623526334762573,-1,-1,-1
40,-1,228.60891723632812,180.1556854248047,270.33770751953125,242.1200408935547,0.9122907519340515,-1,-1,-1
40,-1,223.38937377929688,137.261474609375,255.47482299804688,217.34092712402344,0.7860519289970398,-1,-1,-1
40,-1,36.5340461730957,42.07801055908203,141.7739715576172,91.74429321289062,0.7301372289657593,-1,-1,-1
41,-1,57.99169158935547,71.56712341308594,222.1446533203125,233.99832153320312,0.9704211354255676,-1,-1,-1
41,-1,218.83775329589844,67.01390838623047,314.4564514160156,138.7328338623047,0.962051510810852,-1,-1,-1
41,-1,228.60494995117188,180.1457061767578,270.3383483886719,242.12408447265625,0.911112904548645,-1,-1,-1
41,-1,223.39097595214844,137.28689575195312,255.47996520996094,217.338134765625,0.7781314253807068,-1,-1,-1
41,-1,36.5097770690918,42.16612243652344,141.7283477783203,91.73314666748047,0.7282726764678955,-1,-1,-1
42,-1,53.480018615722656,74.6472396850586,230.30026245117188,244.2991180419922,0.9596218466758728,-1,-1,-1
42,-1,219.27944946289062,66.8945541381836,314.2134704589844,137.86453247070312,0.9525523781776428,-1,-1,-1
42,-1,223.6769256591797,142.0093231201172,258.7539367675781,232.5424041748047,0.8423963189125061,-1,-1,-1
42,-1,229.25794982910156,188.1027069091797,269.6845397949219,238.31082153320312,0.6749269366264343,-1,-1,-1
43,-1,52.85681915283203,74.84705352783203,230.3771209716797,243.9659423828125,0.9650886058807373,-1,-1,-1
43,-1,219.4019317626953,67.18663024902344,314.6535949707031,138.57550048828125,0.9583437442779541,-1,-1,-1
43,-1,223.86660766601562,142.0038299560547,258.5230712890625,232.2823944091797,0.8437331318855286,-1,-1,-1
43,-1,229.2042694091797,188.20510864257812,269.67791748046875,238.26844787597656,0.692736029624939,-1,-1,-1
44,-1,218.938720703125,66.5054931640625,315.2096862792969,139.86094665527344,0.9699065685272217,-1,-1,-1
44,-1,53.42367172241211,74.3536148071289,229.09141540527344,243.98143005371094,0.9403408765792847,-1,-1,-1
44,-1,224.26766967773438,146.06251525878906,260.8023681640625,233.54347229003906,0.7119249701499939,-1,-1,-1
44,-1,28.359773635864258,42.77540969848633,133.0384521484375,89.33438873291016,0.6780692934989929,-1,-1,-1
45,-1,218.78172302246094,66.1843490600586,315.16766357421875,139.8187713623047,0.9640242457389832,-1,-1,-1
45,-1,57.4852180480957,69.41211700439453,222.19512939453125,234.547119140625,0.9528212547302246,-1,-1,-1
45,-1,27.86185073852539,42.4278564453125,132.8286590576172,90.16700744628906,0.7744771838188171,-1,-1,-1
45,-1,224.47793579101562,145.6499786376953,260.7743225097656,233.973388671875,0.6684796810150146,-1,-1,-1
46,-1,217.79782104492188,66.40982818603516,315.81341552734375,138.99595642089844,0.9771952033042908,-1,-1,-1
46,-1,53.31242370605469,70.24066925048828,223.31382751464844,234.412353515625,0.9769273400306702,-1,-1,-1
46,-1,30.01113510131836,41.704429626464844,129.58203125,88.7835922241211,0.6143885254859924,-1,-1,-1
46,-1,30.01113510131836,41.704429626464844,129.58203125,88.7835922241211,0.6013265252113342,-1,-1,-1
46,-1,230.1464080810547,202.63677978515625,270.1754455566406,239.32742309570312,0.5770135521888733,-1,-1,-1
47,-1,53.14327621459961,70.0560073852539,223.30116271972656,234.4584503173828,0.9779484868049622,-1,-1,-1
47,-1,217.8939666748047,66.43097686767578,315.7657165527344,138.98434448242188,0.9769171476364136,-1,-1,-1
47,-1,29.915361404418945,41.591224670410156,129.60641479492188,88.757080078125,0.6309944987297058,-1,-1,-1
47,-1,230.24371337890625,202.67031860351562,270.1684265136719,239.35769653320312,0.5814692974090576,-1,-1,-1
47,-1,29.915361404418945,41.591224670410156,129.60641479492188,88.757080078125,0.5801687240600586,-1,-1,-1
48,-1,217.88877868652344,66.66918182373047,316.0350341796875,138.93382263183594,0.9770169854164124,-1,-1,-1
48,-1,53.50920867919922,69.23309326171875,222.9727020263672,234.75738525390625,0.975294828414917,-1,-1,-1
48,-1,30.530988693237305,41.60542297363281,129.23406982421875,88.67324829101562,0.6177382469177246,-1,-1,-1
48,-1,230.52992248535156,202.74081420898438,269.9846496582031,239.30490112304688,0.5759238004684448,-1,-1,-1
48,-1,30.530988693237305,41.60542297363281,129.23406982421875,88.67324829101562,0.5564244985580444,-1,-1,-1
49,-1,218.52578735351562,67.03571319580078,315.7458801269531,138.40187072753906,0.977232813835144,-1,-1,-1
49,-1,54.82577896118164,69.97711181640625,223.68695068359375,234.3486328125,0.9611096382141113,-1,-1,-1
49,-1,230.50291442871094,208.3839874267578,270.9851379394531,239.90420532226562,0.6648337841033936,-1,-1,-1
49,-1,31.832843780517578,41.42546463012695,123.62328338623047,88.40965270996094,0.6191900372505188,-1,-1,-1
50,-1,218.4719696044922,67.08323669433594,315.6165466308594,137.98751831054688,0.9782479405403137,-1,-1,-1
50,-1,55.32563018798828,69.72259521484375,224.4180145263672,234.87269592285156,0.9584169983863831,-1,-1,-1
50,-1,230.57351684570312,208.6237030029297,270.89642333984375,239.7955322265625,0.7153843641281128,-1,-1,-1
50,-1,31.777305603027344,41.47545623779297,123.86771392822266,88.5162353515625,0.6308653354644775,-1,-1,-1
50,-1,222.59947204589844,156.80923461914062,261.23828125,238.45379638671875,0.5547279715538025,-1,-1,-1
51,-1,218.37139892578125,67.05280303955078,315.5260009765625,138.90370178222656,0.9797947406768799,-1,-1,-1
51,-1,52.78447723388672,70.69004821777344,224.83294677734375,234.253662109375,0.9692375063896179,-1,-1,-1
51,-1,223.1498565673828,158.43124389648438,260.7665710449219,238.13861083984375,0.8208263516426086,-1,-1,-1
51,-1,31.51949119567871,39.64492416381836,124.71461486816406,89.15458679199219,0.7732744812965393,-1,-1,-1
51,-1,103.6830825805664,15.67674446105957,114.2000503540039,22.374649047851562,0.5323678851127625,-1,-1,-1
52,-1,218.22645568847656,67.08895111083984,315.923583984375,138.7364044189453,0.9812154769897461,-1,-1,-1
52,-1,53.10384750366211,70.63306427001953,224.7258758544922,234.49058532714844,0.970893919467926,-1,-1,-1
52,-1,222.92819213867188,159.00531005859375,260.7741394042969,238.095703125,0.8002153635025024,-1,-1,-1
52,-1,31.023500442504883,39.527950286865234,124.9129638671875,88.85599517822266,0.7898499965667725,-1,-1,-1
53,-1,218.23773193359375,67.08273315429688,315.9051513671875,138.7638397216797,0.9814947247505188,-1,-1,-1
53,-1,53.053260803222656,70.6367416381836,224.69683837890625,234.47076416015625,0.9714816212654114,-1,-1,-1
53,-1,222.86044311523438,159.005859375,260.7787780761719,238.11680603027344,0.797274112701416,-1,-1,-1
53,-1,30.808612823486328,39.55091857910156,125.09725952148438,88.78925323486328,0.7917574644088745,-1,-1,-1
54,-1,222.51089477539062,163.8549041748047,261.70147705078125,239.33924865722656,0.9908064603805542,-1,-1,-1
54,-1,218.85316467285156,67.0538101196289,315.48529052734375,138.51219177246094,0.96921706199646,-1,-1,-1
54,-1,52.88778305053711,70.06028747558594,222.68148803710938,233.17584228515625,0.9387103915214539,-1,-1,-1
54,-1,31.908966064453125,40.15568542480469,126.32472229003906,89.5045166015625,0.6992138624191284,-1,-1,-1
55,-1,222.41258239746094,163.79290771484375,261.7325439453125,239.6151885986328,0.9913642406463623,-1,-1,-1
55,-1,218.61614990234375,66.37163543701172,315.2828674316406,139.84938049316406,0.9754024147987366,-1,-1,-1
55,-1,52.06890869140625,71.00079345703125,223.08868408203125,232.47662353515625,0.9615587592124939,-1,-1,-1
55,-1,33.286155700683594,41.044620513916016,124.64301300048828,88.49090576171875,0.7504929304122925,-1,-1,-1
56,-1,218.20997619628906,167.82496643066406,263.53558349609375,238.28578186035156,0.9922155737876892,-1,-1,-1
56,-1,219.26809692382812,66.49634552001953,315.0759582519531,138.5089569091797,0.9768491387367249,-1,-1,-1
56,-1,50.058677673339844,67.18956756591797,222.6003875732422,232.05287170410156,0.9464862942695618,-1,-1,-1
57,-1,217.45059204101562,171.44541931152344,262.7231140136719,238.05438232421875,0.9870117902755737,-1,-1,-1
57,-1,219.13836669921875,66.76197814941406,315.0411376953125,137.5013427734375,0.9769545793533325,-1,-1,-1
57,-1,51.870365142822266,68.5240707397461,222.11570739746094,232.09913635253906,0.9423209428787231,-1,-1,-1
57,-1,4.010862350463867,60.94808578491211,47.44684600830078,109.47640991210938,0.7267159819602966,-1,-1,-1
57,-1,35.03666687011719,47.45087814331055,125.55801391601562,82.06877136230469,0.6162014007568359,-1,-1,-1
57,-1,103.78031921386719,16.236465454101562,114.41585540771484,22.603500366210938,0.539834201335907,-1,-1,-1
58,-1,217.63668823242188,171.87806701660156,262.85626220703125,237.93820190429688,0.9863225221633911,-1,-1,-1
58,-1,219.2111358642578,66.87120819091797,314.8827209472656,137.39817810058594,0.9721527695655823,-1,-1,-1
58,-1,52.371376037597656,68.82743835449219,221.72349548339844,231.73593139648438,0.934552013874054,-1,-1,-1
58,-1,4.138261318206787,61.05353546142578,47.41342544555664,109.50880432128906,0.6870607137680054,-1,-1,-1
58,-1,34.70098114013672,47.61526107788086,125.67523956298828,82.09463500976562,0.5451228022575378,-1,-1,-1
59,-1,217.68821716308594,171.873291015625,262.85443115234375,237.94703674316406,0.9860542416572571,-1,-1,-1
59,-1,219.16273498535156,66.8796157836914,314.91619873046875,137.44776916503906,0.9718255400657654,-1,-1,-1
59,-1,52.23090362548828,68.86740112304688,221.79342651367188,231.66766357421875,0.9321264624595642,-1,-1,-1
59,-1,4.14571475982666,61.1364631652832,47.463706970214844,109.49781036376953,0.6796863675117493,-1,-1,-1
59,-1,34.69458770751953,47.75389862060547,125.67204284667969,82.14034271240234,0.5240552425384521,-1,-1,-1
60,-1,218.70745849609375,67.27591705322266,315.3496398925781,137.89674377441406,0.9699261784553528,-1,-1,-1
60,-1,54.20528030395508,69.29368591308594,221.84927368164062,233.19183349609375,0.96197509765625,-1,-1,-1
60,-1,219.45372009277344,179.42684936523438,262.749755859375,240.5740966796875,0.9500717520713806,-1,-1,-1
60,-1,2.2611865997314453,61.067081451416016,45.310699462890625,108.758056640625,0.9482383131980896,-1,-1,-1
60,-1,37.156898498535156,40.82590103149414,126.97123718261719,93.25277709960938,0.7471659183502197,-1,-1,-1
60,-1,103.78360748291016,16.34174156188965,114.42755126953125,22.658445358276367,0.5911746025085449,-1,-1,-1
61,-1,218.67623901367188,66.79972839355469,315.2567138671875,137.8668212890625,0.9731053709983826,-1,-1,-1
61,-1,219.317138671875,179.2746124267578,262.8293151855469,240.53421020507812,0.9538969993591309,-1,-1,-1
61,-1,54.85080337524414,69.54592895507812,221.39828491210938,233.42120361328125,0.9512434005737305,-1,-1,-1
61,-1,2.300128936767578,61.13756561279297,45.280677795410156,108.821044921875,0.943152666091919,-1,-1,-1
61,-1,37.643592834472656,40.61767578125,126.49485778808594,93.49359893798828,0.7867618799209595,-1,-1,-1
61,-1,103.80294036865234,16.30618667602539,114.39067840576172,22.68952751159668,0.5944343209266663,-1,-1,-1
62,-1,3.6641530990600586,59.594139099121094,47.60459518432617,110.23002624511719,0.9805095791816711,-1,-1,-1
62,-1,217.87742614746094,66.56511688232422,315.86138916015625,138.25711059570312,0.9752536416053772,-1,-1,-1
62,-1,54.87129592895508,70.08263397216797,221.22982788085938,233.663818359375,0.9588336944580078,-1,-1,-1
62,-1,37.4008903503418,40.46885681152344,125.69459533691406,89.52769470214844,0.9337735772132874,-1,-1,-1
62,-1,221.10633850097656,184.09303283691406,264.3780212402344,239.91632080078125,0.818806529045105,-1,-1,-1
62,-1,103.77401733398438,16.333717346191406,114.46101379394531,22.772693634033203,0.5007671117782593,-1,-1,-1
63,-1,2.0912435054779053,60.61180877685547,45.48023223876953,109.3773193359375,0.9757819175720215,-1,-1,-1
63,-1,217.90252685546875,66.60225677490234,315.7744140625,138.12881469726562,0.9744907021522522,-1,-1,-1
63,-1,54.64680099487305,69.97140502929688,221.25074768066406,233.56805419921875,0.9628267884254456,-1,-1,-1
63,-1,37.45176696777344,40.74882125854492,125.60856628417969,89.76864624023438,0.9181184768676758,-1,-1,-1
63,-1,221.22698974609375,184.0968475341797,264.47998046875,239.74639892578125,0.8663474321365356,-1,-1,-1
64,-1,217.78189086914062,66.7144775390625,315.7137756347656,138.29971313476562,0.9754334688186646,-1,-1,-1
64,-1,2.224144697189331,61.19007110595703,45.043800354003906,108.89208984375,0.9739987254142761,-1,-1,-1
64,-1,54.7258415222168,70.51250457763672,221.30271911621094,233.74363708496094,0.9693252444267273,-1,-1,-1
64,-1,38.067771911621094,42.03150939941406,125.54805755615234,91.50289916992188,0.9444912075996399,-1,-1,-1
64,-1,219.8377685546875,188.78195190429688,264.78900146484375,241.36256408691406,0.8281202912330627,-1,-1,-1
64,-1,103.76722717285156,16.31683349609375,114.60708618164062,22.79437828063965,0.5215179920196533,-1,-1,-1
65,-1,217.79869079589844,66.7501220703125,315.7003479003906,138.31832885742188,0.9755346179008484,-1,-1,-1
65,-1,2.2241034507751465,61.24372100830078,45.06475830078125,108.86747741699219,0.9701129198074341,-1,-1,-1
65,-1,54.7453727722168,70.18284606933594,221.29067993164062,233.80282592773438,0.9687023162841797,-1,-1,-1
65,-1,37.971710205078125,41.96773910522461,125.99102020263672,91.84099578857422,0.934206485748291,-1,-1,-1
65,-1,219.8176727294922,188.80813598632812,264.80902099609375,241.3787841796875,0.8333350419998169,-1,-1,-1
65,-1,103.7619857788086,16.335708618164062,114.60572052001953,22.797840118408203,0.5116609930992126,-1,-1,-1
66,-1,217.64517211914062,66.95881652832031,315.6829528808594,138.07403564453125,0.9729250073432922,-1,-1,-1
66,-1,2.211460828781128,61.24671173095703,45.084232330322266,108.84796142578125,0.9705972075462341,-1,-1,-1
66,-1,54.6279182434082,70.4300537109375,221.45201110839844,233.5767059326172,0.9663466215133667,-1,-1,-1
66,-1,37.945411682128906,41.96772766113281,125.96302032470703,92.01087951660156,0.9354660511016846,-1,-1,-1
66,-1,220.39584350585938,188.74061584472656,264.84442138671875,240.81857299804688,0.7820519804954529,-1,-1,-1
67,-1,217.84422302246094,66.69197845458984,315.28582763671875,138.0289764404297,0.9749348163604736,-1,-1,-1
67,-1,4.263697147369385,60.290035247802734,47.20374298095703,109.70264434814453,0.9607223272323608,-1,-1,-1
67,-1,55.222110748291016,70.83894348144531,221.13233947753906,233.88165283203125,0.942383348941803,-1,-1,-1
67,-1,39.82262420654297,40.996700286865234,124.11461639404297,91.126708984375,0.890360414981842,-1,-1,-1
67,-1,222.2845458984375,194.75997924804688,264.6243591308594,239.96151733398438,0.7615969181060791,-1,-1,-1
67,-1,103.83802795410156,16.3995361328125,114.39469909667969,22.68781280517578,0.5197319388389587,-1,-1,-1
68,-1,217.60195922851562,66.7059555053711,315.1817932128906,137.4095458984375,0.9763613939285278,-1,-1,-1
68,-1,4.397653579711914,60.26570129394531,47.13138198852539,109.79655456542969,0.9668269753456116,-1,-1,-1
68,-1,55.265811920166016,71.16622924804688,221.02084350585938,233.6127166748047,0.9479230642318726,-1,-1,-1
68,-1,39.95270919799805,40.776390075683594,124.08721923828125,90.76995849609375,0.9151122570037842,-1,-1,-1
68,-1,222.09837341308594,194.57325744628906,264.6578063964844,240.02671813964844,0.7864407896995544,-1,-1,-1
68,-1,103.82293701171875,16.420265197753906,114.36497497558594,22.674394607543945,0.5341030359268188,-1,-1,-1
69,-1,218.13467407226562,67.1456298828125,315.6576232910156,138.12245178222656,0.9716594815254211,-1,-1,-1
69,-1,54.90294647216797,71.21173095703125,221.02134704589844,233.1542510986328,0.9626210927963257,-1,-1,-1
69,-1,4.000408172607422,60.51985549926758,47.47322463989258,109.65277862548828,0.9469558000564575,-1,-1,-1
69,-1,39.5626335144043,40.666893005371094,125.53558349609375,91.469482421875,0.8939729332923889,-1,-1,-1
69,-1,103.7852554321289,16.515785217285156,114.49552917480469,22.785808563232422,0.5414734482765198,-1,-1,-1
70,-1,218.20254516601562,67.02703857421875,315.86932373046875,138.37818908691406,0.9750640988349915,-1,-1,-1
70,-1,54.97437286376953,71.19181060791016,221.05482482910156,232.85621643066406,0.9597524404525757,-1,-1,-1
70,-1,2.152104139328003,61.40418243408203,45.57805633544922,108.687744140625,0.9345479607582092,-1,-1,-1
70,-1,39.45609664916992,40.51860046386719,125.60311126708984,91.82472229003906,0.8791647553443909,-1,-1,-1
70,-1,103.78605651855469,16.532386779785156,114.51770782470703,22.853164672851562,0.5566994547843933,-1,-1,-1
71,-1,218.21730041503906,67.04474639892578,315.857666015625,138.4131622314453,0.974564790725708,-1,-1,-1
71,-1,54.790245056152344,71.17864990234375,221.12771606445312,232.8754119873047,0.9599764943122864,-1,-1,-1
71,-1,2.165649175643921,61.40639877319336,45.563358306884766,108.70343780517578,0.9336950778961182,-1,-1,-1
71,-1,39.401981353759766,40.55772399902344,125.76106262207031,91.85314178466797,0.8747830390930176,-1,-1,-1
71,-1,103.77125549316406,16.52985954284668,114.53810119628906,22.872303009033203,0.5632998943328857,-1,-1,-1
72,-1,218.56417846679688,66.91504669189453,315.5038757324219,138.63746643066406,0.9802026748657227,-1,-1,-1
72,-1,55.08138656616211,70.6142807006836,220.14503479003906,234.3463592529297,0.9657046794891357,-1,-1,-1
72,-1,2.217897415161133,61.22728729248047,45.3599853515625,109.037109375,0.9434978365898132,-1,-1,-1
72,-1,40.2302360534668,40.719825744628906,126.98762512207031,90.29706573486328,0.8490898609161377,-1,-1,-1
72,-1,224.39523315429688,209.23472595214844,260.70111083984375,239.36378479003906,0.820723831653595,-1,-1,-1
72,-1,103.86837005615234,16.563167572021484,114.4552230834961,22.732614517211914,0.5657533407211304,-1,-1,-1
73,-1,217.33120727539062,66.8853988647461,315.4689636230469,137.2223358154297,0.9764333963394165,-1,-1,-1
73,-1,52.554874420166016,69.58071899414062,220.37696838378906,235.0628204345703,0.9618609547615051,-1,-1,-1
73,-1,2.400545120239258,61.52583312988281,45.084190368652344,108.96414184570312,0.9597355127334595,-1,-1,-1
73,-1,38.468448638916016,40.544986724853516,127.64774322509766,89.86859893798828,0.9162159562110901,-1,-1,-1
73,-1,224.4481658935547,209.18788146972656,261.0155029296875,239.68927001953125,0.7895756363868713,-1,-1,-1
73,-1,103.6660385131836,16.55953025817871,114.32728576660156,22.820398330688477,0.5855951905250549,-1,-1,-1
74,-1,217.8425750732422,66.87576293945312,315.125244140625,137.2677001953125,0.9774547219276428,-1,-1,-1
74,-1,51.896854400634766,68.95783233642578,221.4214324951172,235.17300415039062,0.9666923880577087,-1,-1,-1
74,-1,36.4036979675293,41.07306671142578,128.4470977783203,90.68511962890625,0.8988572955131531,-1,-1,-1
74,-1,2.2896957397460938,63.0698127746582,44.7685661315918,108.10356903076172,0.8329959511756897,-1,-1,-1
74,-1,103.69861602783203,16.325899124145508,114.32717895507812,22.66544532775879,0.6152622699737549,-1,-1,-1
75,-1,217.64920043945312,66.92235565185547,315.1189880371094,137.1984405517578,0.9809234738349915,-1,-1,-1
75,-1,51.89020538330078,69.53487396240234,220.65106201171875,234.55734252929688,0.9718232750892639,-1,-1,-1
75,-1,36.33975601196289,40.50106430053711,127.76002502441406,90.79290771484375,0.9455952048301697,-1,-1,-1
75,-1,2.312685012817383,63.03603744506836,44.7690544128418,108.14015197753906,0.8772866129875183,-1,-1,-1
75,-1,103.69805145263672,16.29412078857422,114.35382843017578,22.650146484375,0.6085191965103149,-1,-1,-1
76,-1,217.7009735107422,66.91105651855469,315.1221923828125,137.22927856445312,0.9790509939193726,-1,-1,-1
76,-1,51.510948181152344,69.33061218261719,221.01327514648438,234.6880340576172,0.9694385528564453,-1,-1,-1
76,-1,36.32960891723633,40.48838806152344,127.83209991455078,91.0312728881836,0.9443141222000122,-1,-1,-1
76,-1,2.290696382522583,63.304595947265625,44.7293701171875,108.0514144897461,0.8704432249069214,-1,-1,-1
76,-1,103.68251037597656,16.358795166015625,114.36791229248047,22.71084213256836,0.5975040793418884,-1,-1,-1
77,-1,217.7285919189453,66.94132995605469,315.12713623046875,137.2342071533203,0.9793598055839539,-1,-1,-1
77,-1,51.47171401977539,69.30570983886719,221.0232391357422,234.68487548828125,0.9689638018608093,-1,-1,-1
77,-1,36.236061096191406,40.47428512573242,127.78665161132812,90.9656982421875,0.945687472820282,-1,-1,-1
77,-1,2.2783043384552,63.31919479370117,44.72805404663086,108.04045104980469,0.8707537651062012,-1,-1,-1
77,-1,103.68083953857422,16.360715866088867,114.3708724975586,22.71292495727539,0.5939463973045349,-1,-1,-1
78,-1,216.58425903320312,66.07892608642578,315.68377685546875,138.1411895751953,0.9897979497909546,-1,-1,-1
78,-1,51.165771484375,69.38420867919922,221.76959228515625,233.1122283935547,0.9687865376472473,-1,-1,-1
78,-1,3.67563533782959,60.50278854370117,47.87826156616211,109.7613296508789,0.8913435339927673,-1,-1,-1
78,-1,34.49424743652344,46.838470458984375,129.28163146972656,79.4781265258789,0.8359078168869019,-1,-1,-1
79,-1,215.92530822753906,66.73196411132812,315.72216796875,137.65675354003906,0.988825261592865,-1,-1,-1
79,-1,51.414695739746094,69.74132537841797,221.38975524902344,232.73651123046875,0.9477227926254272,-1,-1,-1
79,-1,1.9288532733917236,61.43191909790039,45.52493667602539,108.65048217773438,0.8952692151069641,-1,-1,-1
79,-1,34.040245056152344,47.21868133544922,129.95274353027344,79.46820831298828,0.7866474390029907,-1,-1,-1
79,-1,104.24103546142578,15.871160507202148,114.38423919677734,22.64312744140625,0.7464651465415955,-1,-1,-1
80,-1,215.84327697753906,66.84149932861328,315.9640197753906,137.94454956054688,0.9914748072624207,-1,-1,-1
80,-1,50.4096794128418,70.15862274169922,221.63265991210938,232.50758361816406,0.9677541255950928,-1,-1,-1
80,-1,1.8036446571350098,61.495235443115234,45.54530715942383,108.79951477050781,0.9203734397888184,-1,-1,-1
80,-1,34.7415771484375,48.1561164855957,129.16929626464844,79.7531967163086,0.8579161763191223,-1,-1,-1
80,-1,103.95204162597656,15.937435150146484,113.92274475097656,22.498714447021484,0.7310221791267395,-1,-1,-1
81,-1,215.99761962890625,66.84501647949219,315.89678955078125,138.1168212890625,0.9909089803695679,-1,-1,-1
81,-1,49.86066436767578,69.92162322998047,221.72467041015625,232.52540588378906,0.9511035680770874,-1,-1,-1
81,-1,1.749550700187683,61.5279655456543,45.61553955078125,108.74285888671875,0.9040906429290771,-1,-1,-1
81,-1,41.61568069458008,41.008750915527344,125.3127212524414,87.73782348632812,0.8304647207260132,-1,-1,-1
81,-1,104.0324478149414,15.861863136291504,113.95417785644531,22.464481353759766,0.7357500195503235,-1,-1,-1
82,-1,216.06314086914062,66.62611389160156,315.8800354003906,138.36537170410156,0.9907519817352295,-1,-1,-1
82,-1,51.089149475097656,70.37708282470703,220.89901733398438,232.88815307617188,0.9560269117355347,-1,-1,-1
82,-1,1.77215576171875,61.47244644165039,45.657352447509766,108.8604736328125,0.9097888469696045,-1,-1,-1
82,-1,41.73858642578125,41.66321563720703,125.5075454711914,89.0748062133789,0.8108640313148499,-1,-1,-1
82,-1,104.01482391357422,15.865525245666504,113.97395324707031,22.469058990478516,0.7055434584617615,-1,-1,-1
83,-1,216.0659637451172,66.62023162841797,315.869384765625,138.30484008789062,0.9907895922660828,-1,-1,-1
83,-1,51.189300537109375,70.41661071777344,220.7815704345703,232.93797302246094,0.9569717049598694,-1,-1,-1
83,-1,1.7648345232009888,61.472110748291016,45.67776107788086,108.86839294433594,0.9110559225082397,-1,-1,-1
83,-1,41.78596115112305,41.64930725097656,125.60652923583984,89.0328140258789,0.8145873546600342,-1,-1,-1
83,-1,104.01506042480469,15.86276626586914,113.97551727294922,22.46940040588379,0.7057511210441589,-1,-1,-1
84,-1,216.09210205078125,66.65665435791016,315.8258361816406,138.2661590576172,0.9907416105270386,-1,-1,-1
84,-1,51.92011260986328,70.43119049072266,220.76856994628906,232.9930419921875,0.9570777416229248,-1,-1,-1
84,-1,1.8052864074707031,61.47173309326172,45.64289474487305,108.83970642089844,0.9243749976158142,-1,-1,-1
84,-1,41.31583786010742,41.336856842041016,125.97030639648438,88.70000457763672,0.852605402469635,-1,-1,-1
84,-1,104.03006744384766,15.826057434082031,113.97025299072266,22.467117309570312,0.7244194149971008,-1,-1,-1
85,-1,216.066162109375,66.53750610351562,315.8102111816406,138.6094207763672,0.9886640310287476,-1,-1,-1
85,-1,52.03895568847656,70.25190734863281,220.27194213867188,232.8990478515625,0.94682377576828,-1,-1,-1
85,-1,1.6979247331619263,61.48119354248047,45.775787353515625,108.91856384277344,0.9050319790840149,-1,-1,-1
85,-1,40.38630676269531,40.86521911621094,125.54521179199219,88.83843231201172,0.8233481645584106,-1,-1,-1
85,-1,103.9871597290039,16.144990921020508,114.3148193359375,22.54241371154785,0.537901759147644,-1,-1,-1
86,-1,216.16790771484375,66.48538208007812,315.828369140625,138.67254638671875,0.9891159534454346,-1,-1,-1
86,-1,52.17441177368164,70.1219253540039,220.05332946777344,233.05831909179688,0.9437615275382996,-1,-1,-1
86,-1,1.790971040725708,61.52133560180664,45.63633728027344,108.85226440429688,0.9071299433708191,-1,-1,-1
86,-1,40.40357971191406,41.03335952758789,125.44010925292969,89.15835571289062,0.830761194229126,-1,-1,-1
86,-1,103.99275970458984,16.15137481689453,114.33602905273438,22.546756744384766,0.5225246548652649,-1,-1,-1
87,-1,215.8818817138672,66.56610870361328,316.2279052734375,138.65078735351562,0.988865852355957,-1,-1,-1
87,-1,52.03936767578125,70.05929565429688,220.79071044921875,233.41519165039062,0.9323642253875732,-1,-1,-1
87,-1,1.7558112144470215,61.443843841552734,45.65702438354492,109.08101654052734,0.9261333346366882,-1,-1,-1
87,-1,40.32243728637695,41.16705322265625,125.5027847290039,89.23185729980469,0.8416814208030701,-1,-1,-1
87,-1,103.99665069580078,16.143278121948242,114.33450317382812,22.54167366027832,0.5276085138320923,-1,-1,-1
88,-1,216.0838623046875,66.58055114746094,316.085693359375,138.64236450195312,0.9887036085128784,-1,-1,-1
88,-1,52.006832122802734,70.16767883300781,220.92794799804688,233.3458709716797,0.9334335923194885,-1,-1,-1
88,-1,1.7437598705291748,61.45982360839844,45.67570495605469,109.08573913574219,0.9259034991264343,-1,-1,-1
88,-1,40.132423400878906,41.13591003417969,125.21292114257812,89.14268493652344,0.8586792945861816,-1,-1,-1
88,-1,104.00434875488281,16.125988006591797,114.37754821777344,22.5616397857666,0.5592173337936401,-1,-1,-1
89,-1,216.10433959960938,66.58379364013672,316.0754699707031,138.64540100097656,0.9885814189910889,-1,-1,-1
89,-1,52.03443145751953,70.1502685546875,220.92111206054688,233.339111328125,0.9329367280006409,-1,-1,-1
89,-1,1.745969295501709,61.45686340332031,45.67759704589844,109.0869369506836,0.9265469312667847,-1,-1,-1
89,-1,40.12626266479492,41.140628814697266,125.13758850097656,89.13273620605469,0.8601563572883606,-1,-1,-1
89,-1,104.0046615600586,16.126239776611328,114.37887573242188,22.563100814819336,0.5602515935897827,-1,-1,-1
90,-1,215.974609375,66.75141143798828,316.04425048828125,138.5513458251953,0.9878557920455933,-1,-1,-1
90,-1,52.159698486328125,70.05018615722656,220.88998413085938,233.31874084472656,0.9333369135856628,-1,-1,-1
90,-1,1.7526553869247437,61.458457946777344,45.66822814941406,109.07678985595703,0.9250949025154114,-1,-1,-1
90,-1,40.22358322143555,41.148780822753906,125.4117202758789,89.21031951904297,0.844692051410675,-1,-1,-1
90,-1,104.01673889160156,16.138118743896484,114.34981536865234,22.562925338745117,0.5597837567329407,-1,-1,-1
91,-1,216.4063720703125,66.39081573486328,315.9512023925781,138.6575164794922,0.9899166822433472,-1,-1,-1
91,-1,52.758785247802734,70.2444076538086,219.7064971923828,233.22998046875,0.944019079208374,-1,-1,-1
91,-1,1.8917949199676514,61.394004821777344,45.6095085144043,109.22061920166016,0.9361734390258789,-1,-1,-1
91,-1,40.42052459716797,40.574745178222656,124.3804931640625,88.88772583007812,0.8819555044174194,-1,-1,-1
91,-1,104.03621673583984,16.10731315612793,113.869873046875,22.582521438598633,0.6913498640060425,-1,-1,-1
92,-1,217.66812133789062,66.54788970947266,314.8353271484375,138.07725524902344,0.9924845695495605,-1,-1,-1
92,-1,53.805240631103516,71.2778549194336,220.33914184570312,233.24351501464844,0.9579175114631653,-1,-1,-1
92,-1,4.038235664367676,60.743465423583984,47.13385772705078,109.9581527709961,0.9377590417861938,-1,-1,-1
92,-1,39.109718322753906,41.16304397583008,126.9467544555664,89.38912963867188,0.8720532059669495,-1,-1,-1
92,-1,104.29007720947266,15.868038177490234,114.43963623046875,22.238475799560547,0.5989866852760315,-1,-1,-1
93,-1,217.50387573242188,66.78720092773438,315.18927001953125,138.74032592773438,0.9941498041152954,-1,-1,-1
93,-1,51.50109100341797,71.13094329833984,220.54490661621094,233.32467651367188,0.9605079293251038,-1,-1,-1
93,-1,1.9924193620681763,60.97593688964844,45.524288177490234,109.6395263671875,0.9514192342758179,-1,-1,-1
93,-1,39.82913589477539,40.99252700805664,126.81687927246094,88.79203796386719,0.9101338982582092,-1,-1,-1
93,-1,104.31717681884766,15.872791290283203,114.42164611816406,22.266775131225586,0.5180689692497253,-1,-1,-1
94,-1,217.2667236328125,66.61808776855469,315.1746826171875,138.7262420654297,0.9937007427215576,-1,-1,-1
94,-1,51.93602752685547,70.97975158691406,220.5148162841797,233.46435546875,0.9582423567771912,-1,-1,-1
94,-1,1.9831187725067139,61.06554412841797,45.524879455566406,109.59483337402344,0.9492634534835815,-1,-1,-1
94,-1,40.015174865722656,40.875823974609375,126.64808654785156,89.06265258789062,0.9014337658882141,-1,-1,-1
95,-1,217.27261352539062,66.64649200439453,315.14862060546875,138.7097625732422,0.9937337040901184,-1,-1,-1
95,-1,51.98141098022461,70.93515014648438,220.52145385742188,233.49737548828125,0.9581299424171448,-1,-1,-1
95,-1,1.9752825498580933,61.05671691894531,45.536170959472656,109.61427307128906,0.9490594267845154,-1,-1,-1
95,-1,40.02460479736328,40.876712799072266,126.56693267822266,89.09185791015625,0.9016804695129395,-1,-1,-1
96,-1,217.66018676757812,66.6756362915039,314.87506103515625,138.71629333496094,0.9929471611976624,-1,-1,-1
96,-1,52.39461898803711,71.4141616821289,220.00022888183594,233.46206665039062,0.9501951932907104,-1,-1,-1
96,-1,1.9676868915557861,61.06404113769531,45.54308319091797,109.59415435791016,0.9439934492111206,-1,-1,-1
96,-1,40.298866271972656,40.92329406738281,126.57329559326172,89.59760284423828,0.8668959140777588,-1,-1,-1
97,-1,217.61004638671875,66.66143035888672,315.00225830078125,138.8345947265625,0.9928853511810303,-1,-1,-1
97,-1,52.46495056152344,71.71862030029297,220.50692749023438,233.18740844726562,0.9493595957756042,-1,-1,-1
97,-1,1.9731403589248657,61.07325744628906,45.52480697631836,109.59679412841797,0.9438915252685547,-1,-1,-1
97,-1,40.20469284057617,41.033851623535156,126.53736877441406,89.57583618164062,0.880102813243866,-1,-1,-1
98,-1,217.36215209960938,66.70304870605469,315.51617431640625,139.0242156982422,0.9932993650436401,-1,-1,-1
98,-1,53.015560150146484,71.4269790649414,220.7593994140625,232.96142578125,0.9486373066902161,-1,-1,-1
98,-1,1.9486838579177856,61.08411407470703,45.54479217529297,109.59623718261719,0.9420210719108582,-1,-1,-1
98,-1,40.34303283691406,40.9127197265625,126.22315979003906,89.52783203125,0.8670681715011597,-1,-1,-1
99,-1,217.43629455566406,66.81004333496094,315.5633239746094,138.8665008544922,0.993969738483429,-1,-1,-1
99,-1,52.585113525390625,71.63732147216797,221.13304138183594,232.7996063232422,0.9494036436080933,-1,-1,-1
99,-1,1.9530516862869263,61.12178039550781,45.53779983520508,109.55458068847656,0.9400317072868347,-1,-1,-1
99,-1,40.39471435546875,40.8171272277832,126.03666687011719,89.3212890625,0.8590084314346313,-1,-1,-1
100,-1,217.57281494140625,66.70230102539062,315.6957092285156,139.0387725830078,0.9933557510375977,-1,-1,-1
100,-1,52.54472732543945,71.25296020507812,221.0402069091797,232.4417724609375,0.9539573192596436,-1,-1,-1
100,-1,1.9426463842391968,61.12205123901367,45.55156707763672,109.54694366455078,0.9386195540428162,-1,-1,-1
100,-1,40.24573516845703,40.69270706176758,126.10469055175781,89.45730590820312,0.8547652959823608,-1,-1,-1
101,-1,217.5576934814453,66.72016906738281,315.7397155761719,139.05784606933594,0.993357241153717,-1,-1,-1
101,-1,52.49336242675781,71.22430419921875,221.04112243652344,232.43431091308594,0.9542584419250488,-1,-1,-1
101,-1,1.9453532695770264,61.120784759521484,45.54927062988281,109.54827880859375,0.9388214945793152,-1,-1,-1
101,-1,40.20556640625,40.68252944946289,126.12757873535156,89.44696044921875,0.855827271938324,-1,-1,-1
102,-1,217.46131896972656,66.71949005126953,315.8692626953125,139.1351318359375,0.993398904800415,-1,-1,-1
102,-1,52.3599967956543,71.11311340332031,220.81512451171875,232.50152587890625,0.9574639201164246,-1,-1,-1
102,-1,1.9533406496047974,61.11329650878906,45.541988372802734,109.54914855957031,0.9396600723266602,-1,-1,-1
102,-1,40.256324768066406,40.68083572387695,126.12066650390625,89.49729919433594,0.8590267300605774,-1,-1,-1
103,-1,217.63291931152344,66.79314422607422,315.64599609375,139.03900146484375,0.9931187629699707,-1,-1,-1
103,-1,52.64714050292969,71.08393859863281,221.1105499267578,232.6117401123047,0.954115092754364,-1,-1,-1
103,-1,1.9505867958068848,61.1055793762207,45.55232238769531,109.54683685302734,0.9392133951187134,-1,-1,-1
103,-1,40.24193572998047,40.677833557128906,126.02555084228516,89.56747436523438,0.8573408126831055,-1,-1,-1
104,-1,217.3753204345703,66.82778930664062,315.7110900878906,138.38291931152344,0.9923790097236633,-1,-1,-1
104,-1,53.88132095336914,70.8907470703125,220.72885131835938,232.45777893066406,0.9535137414932251,-1,-1,-1
104,-1,1.7998181581497192,61.08396911621094,45.7213020324707,109.62992858886719,0.9316296577453613,-1,-1,-1
104,-1,39.502769470214844,40.628639221191406,126.11278533935547,90.18080139160156,0.841275691986084,-1,-1,-1
104,-1,104.30095672607422,15.867145538330078,114.46570587158203,22.227901458740234,0.6042249202728271,-1,-1,-1
105,-1,217.57875061035156,66.72760009765625,315.7956848144531,138.88565063476562,0.9924687743186951,-1,-1,-1
105,-1,52.04933547973633,71.08346557617188,221.39834594726562,232.1983642578125,0.9482200145721436,-1,-1,-1
105,-1,1.990281581878662,61.015010833740234,45.489803314208984,109.58230590820312,0.9398808479309082,-1,-1,-1
105,-1,40.31525421142578,40.860782623291016,126.24454498291016,89.8632583618164,0.8511165976524353,-1,-1,-1
106,-1,217.48033142089844,66.70652770996094,315.8108825683594,138.78627014160156,0.9926707744598389,-1,-1,-1
106,-1,53.55626678466797,70.93334197998047,220.60214233398438,232.11756896972656,0.9508658051490784,-1,-1,-1
106,-1,1.9662373065948486,61.127193450927734,45.51688766479492,109.55335235595703,0.94110107421875,-1,-1,-1
106,-1,40.31626892089844,40.78697967529297,126.15962982177734,89.9980239868164,0.83477783203125,-1,-1,-1
107,-1,217.4948272705078,66.71192932128906,315.7911376953125,138.77749633789062,0.9926955699920654,-1,-1,-1
107,-1,53.60558319091797,70.96588134765625,220.56491088867188,232.11569213867188,0.951174259185791,-1,-1,-1
107,-1,1.971915364265442,61.131412506103516,45.51392364501953,109.55644989013672,0.9407800436019897,-1,-1,-1
107,-1,40.31502151489258,40.79328918457031,126.1639404296875,89.98934173583984,0.8349282145500183,-1,-1,-1
108,-1,217.43238830566406,66.70048522949219,315.5534973144531,138.80255126953125,0.9925356507301331,-1,-1,-1
108,-1,52.54645919799805,70.97368621826172,220.7443389892578,232.96241760253906,0.9515360593795776,-1,-1,-1
108,-1,1.9646130800247192,61.14598083496094,45.52217483520508,109.56648254394531,0.936011016368866,-1,-1,-1
108,-1,40.02771759033203,40.6666374206543,126.13468933105469,89.88227844238281,0.8180191516876221,-1,-1,-1
108,-1,104.26206970214844,15.904193878173828,114.44007110595703,22.3272647857666,0.5187335014343262,-1,-1,-1
109,-1,218.07705688476562,66.54380798339844,315.65447998046875,138.5657196044922,0.9910438656806946,-1,-1,-1
109,-1,47.90069580078125,70.51947784423828,223.12124633789062,232.8717498779297,0.9704369902610779,-1,-1,-1
109,-1,1.6894867420196533,60.93069076538086,45.87049102783203,109.09337615966797,0.9344943165779114,-1,-1,-1
109,-1,38.965789794921875,40.68699645996094,125.89557647705078,88.8145751953125,0.9132521748542786,-1,-1,-1
110,-1,217.81137084960938,66.37458038330078,315.8490295410156,138.96206665039062,0.9924814105033875,-1,-1,-1
110,-1,48.98422622680664,70.33906555175781,222.61831665039062,232.9150390625,0.9680898785591125,-1,-1,-1
110,-1,1.658705234527588,60.90807342529297,45.92323684692383,109.08409118652344,0.9404098987579346,-1,-1,-1
110,-1,38.60832595825195,40.32823944091797,125.79204559326172,88.48779296875,0.9392610788345337,-1,-1,-1
111,-1,217.91001892089844,66.56507110595703,315.86529541015625,138.66754150390625,0.9915223717689514,-1,-1,-1
111,-1,48.59796905517578,70.06915283203125,222.97314453125,233.16844177246094,0.9704688191413879,-1,-1,-1
111,-1,1.5826561450958252,60.78931427001953,46.01894760131836,109.17328643798828,0.9401038289070129,-1,-1,-1
111,-1,38.42369842529297,40.536006927490234,125.81267547607422,88.7438735961914,0.9286906719207764,-1,-1,-1
112,-1,217.8614044189453,66.60799407958984,315.8743591308594,138.6837921142578,0.9922903776168823,-1,-1,-1
112,-1,47.945255279541016,69.92479705810547,223.2919464111328,233.1647186279297,0.9684591889381409,-1,-1,-1
112,-1,1.594367265701294,60.79301071166992,45.99147415161133,109.17532348632812,0.9436295032501221,-1,-1,-1
112,-1,38.41891860961914,40.58135986328125,126.0659408569336,88.81746673583984,0.9395295977592468,-1,-1,-1
113,-1,217.87445068359375,66.62750244140625,315.85455322265625,138.66226196289062,0.992348313331604,-1,-1,-1
113,-1,47.95206069946289,69.9254150390625,223.28916931152344,233.16354370117188,0.9686300158500671,-1,-1,-1
113,-1,1.5893981456756592,60.78789138793945,45.99739456176758,109.1784439086914,0.943682849407196,-1,-1,-1
113,-1,38.4363899230957,40.57781219482422,126.06460571289062,88.81887817382812,0.9398396611213684,-1,-1,-1
114,-1,217.8695526123047,66.761474609375,315.7006530761719,138.1761932373047,0.990584671497345,-1,-1,-1
114,-1,47.351192474365234,70.53109741210938,223.40374755859375,233.20950317382812,0.963820219039917,-1,-1,-1
114,-1,1.6450530290603638,60.91959762573242,45.93886947631836,109.11061096191406,0.9351894855499268,-1,-1,-1
114,-1,38.69401550292969,40.606651306152344,125.63125610351562,88.9066390991211,0.9209349751472473,-1,-1,-1
115,-1,217.75148010253906,66.82711029052734,315.80694580078125,137.88778686523438,0.9906616806983948,-1,-1,-1
115,-1,47.613243103027344,70.54790496826172,223.4974822998047,233.13247680664062,0.9644128680229187,-1,-1,-1
115,-1,1.6414084434509277,60.832916259765625,45.94236373901367,109.14590454101562,0.9387486577033997,-1,-1,-1
115,-1,38.449302673339844,40.583229064941406,125.52542114257812,88.94278717041016,0.9327551126480103,-1,-1,-1
115,-1,24.562292098999023,196.06166076660156,65.18531036376953,238.35231018066406,0.5813631415367126,-1,-1,-1
116,-1,217.69906616210938,66.61263275146484,316.0556640625,138.26519775390625,0.9909442067146301,-1,-1,-1
116,-1,48.18290710449219,70.65072631835938,223.26560974121094,232.91412353515625,0.960860013961792,-1,-1,-1
116,-1,1.6056456565856934,60.837799072265625,45.96165466308594,109.17081451416016,0.9388044476509094,-1,-1,-1
116,-1,38.600250244140625,40.6462287902832,125.41767120361328,88.9874267578125,0.9336166381835938,-1,-1,-1
116,-1,22.187339782714844,189.94110107421875,68.03782653808594,242.65682983398438,0.8624662756919861,-1,-1,-1
117,-1,217.95408630371094,66.60250854492188,316.3369445800781,138.9161376953125,0.9905559420585632,-1,-1,-1
117,-1,49.426170349121094,71.40470123291016,222.77587890625,232.16217041015625,0.9636663794517517,-1,-1,-1
117,-1,1.5501067638397217,60.88216018676758,46.020668029785156,109.13066101074219,0.94109046459198,-1,-1,-1
117,-1,38.381465911865234,40.568016052246094,126.1842269897461,88.55970001220703,0.9324706196784973,-1,-1,-1
117,-1,22.232694625854492,189.8610382080078,67.84620666503906,242.61729431152344,0.869967520236969,-1,-1,-1
118,-1,217.610595703125,66.73710632324219,316.20037841796875,139.08090209960938,0.992306649684906,-1,-1,-1
118,-1,48.37686538696289,70.75239562988281,223.06985473632812,233.58419799804688,0.9518113732337952,-1,-1,-1
118,-1,1.5325400829315186,60.84344482421875,46.042396545410156,109.20397186279297,0.9414591789245605,-1,-1,-1
118,-1,38.93181610107422,40.71614074707031,125.33293914794922,89.3440933227539,0.9248677492141724,-1,-1,-1
118,-1,16.61832618713379,185.1915283203125,59.888633728027344,239.26539611816406,0.8904056549072266,-1,-1,-1
119,-1,217.61085510253906,66.7315444946289,316.1910705566406,139.0769500732422,0.9923549294471741,-1,-1,-1
119,-1,48.345306396484375,70.82038116455078,223.1287841796875,233.55674743652344,0.9526169896125793,-1,-1,-1
119,-1,1.52476966381073,60.83913803100586,46.04887008666992,109.21041870117188,0.94205641746521,-1,-1,-1
119,-1,38.86293029785156,40.684471130371094,125.36711120605469,89.32536315917969,0.9280897378921509,-1,-1,-1
119,-1,16.62778091430664,185.2568359375,59.88542938232422,239.28280639648438,0.8896776437759399,-1,-1,-1
120,-1,217.55767822265625,66.74166107177734,316.14996337890625,138.6119384765625,0.9922003746032715,-1,-1,-1
120,-1,1.5252392292022705,60.88639450073242,46.016239166259766,109.1698989868164,0.9537879228591919,-1,-1,-1
120,-1,48.78761291503906,71.23798370361328,223.02816772460938,233.2876434326172,0.9502509236335754,-1,-1,-1
120,-1,38.98483657836914,40.39091873168945,125.41749572753906,88.60517120361328,0.9335541129112244,-1,-1,-1
120,-1,16.51702308654785,185.0208282470703,59.96671676635742,239.12347412109375,0.9020936489105225,-1,-1,-1
121,-1,217.64791870117188,66.50138092041016,315.84417724609375,138.44613647460938,0.991378903388977,-1,-1,-1
121,-1,48.93287658691406,70.87045288085938,223.22064208984375,233.8640899658203,0.9543780088424683,-1,-1,-1
121,-1,1.5130336284637451,60.7578125,46.046630859375,109.22050476074219,0.9456906318664551,-1,-1,-1
121,-1,10.328669548034668,179.36268615722656,52.49538040161133,238.6218719482422,0.9333229064941406,-1,-1,-1
121,-1,38.26754379272461,40.40367889404297,125.50497436523438,88.81014251708984,0.9310623407363892,-1,-1,-1
122,-1,217.5843048095703,66.52082824707031,315.96905517578125,138.5025177001953,0.9911681413650513,-1,-1,-1
122,-1,48.55535125732422,70.9143295288086,223.07757568359375,233.57284545898438,0.9404577612876892,-1,-1,-1
122,-1,1.606838583946228,60.861289978027344,45.924869537353516,109.2715072631836,0.9404120445251465,-1,-1,-1
122,-1,9.893179893493652,179.25450134277344,52.264076232910156,238.80303955078125,0.9310608506202698,-1,-1,-1
122,-1,38.566287994384766,40.59797286987305,125.65319061279297,89.03895568847656,0.909820556640625,-1,-1,-1
123,-1,217.34823608398438,66.86143493652344,316.04644775390625,138.45849609375,0.9900743365287781,-1,-1,-1
123,-1,1.8494547605514526,61.105770111083984,45.572410583496094,109.00503540039062,0.9515941739082336,-1,-1,-1
123,-1,48.52126693725586,71.24868774414062,224.3663330078125,232.41123962402344,0.9513243436813354,-1,-1,-1
123,-1,40.953067779541016,41.36943817138672,124.50929260253906,88.44129943847656,0.8771737813949585,-1,-1,-1
123,-1,5.546367168426514,178.28224182128906,50.16513442993164,238.97264099121094,0.7604354619979858,-1,-1,-1
124,-1,217.26524353027344,66.5173568725586,316.05810546875,138.76258850097656,0.9900962114334106,-1,-1,-1
124,-1,48.61176300048828,71.28910827636719,224.30667114257812,231.85293579101562,0.9522743821144104,-1,-1,-1
124,-1,1.7952830791473389,61.07530975341797,45.62743377685547,109.03105163574219,0.9471345543861389,-1,-1,-1
124,-1,41.328155517578125,41.10795593261719,124.45221710205078,88.65772247314453,0.7953543663024902,-1,-1,-1
124,-1,5.626277923583984,178.21458435058594,50.046993255615234,238.9452667236328,0.7101219892501831,-1,-1,-1
125,-1,217.29046630859375,66.51042175292969,316.0628967285156,138.75994873046875,0.9899167418479919,-1,-1,-1
125,-1,48.5862922668457,71.21621704101562,224.3701934814453,231.8595733642578,0.9505358934402466,-1,-1,-1
125,-1,1.7973254919052124,61.07526397705078,45.62565612792969,109.0311279296875,0.946840763092041,-1,-1,-1
125,-1,41.366886138916016,41.212554931640625,124.53012084960938,88.67316436767578,0.7921693325042725,-1,-1,-1
125,-1,5.628986358642578,178.18896484375,50.03321838378906,238.95965576171875,0.7120952010154724,-1,-1,-1
126,-1,217.2654571533203,66.4996109008789,316.1473388671875,139.11624145507812,0.9895908832550049,-1,-1,-1
126,-1,48.118743896484375,71.49900817871094,224.0988006591797,231.94725036621094,0.9477958679199219,-1,-1,-1
126,-1,1.429959774017334,60.79350280761719,46.06324768066406,109.36251068115234,0.9283149838447571,-1,-1,-1
126,-1,40.37875747680664,41.076637268066406,125.55823516845703,88.18145751953125,0.8693313598632812,-1,-1,-1
127,-1,217.79417419433594,66.41263580322266,315.46478271484375,139.3419189453125,0.990381121635437,-1,-1,-1
127,-1,48.66279983520508,71.38115692138672,223.63792419433594,231.49864196777344,0.9561042189598083,-1,-1,-1
127,-1,1.6614868640899658,60.914833068847656,45.871395111083984,109.59464263916016,0.9123011827468872,-1,-1,-1
127,-1,40.71609878540039,41.91621017456055,125.15404510498047,89.60971069335938,0.8685184121131897,-1,-1,-1
127,-1,305.1049499511719,48.517677307128906,315.64971923828125,71.3271255493164,0.5439319610595703,-1,-1,-1
128,-1,217.65809631347656,66.66668701171875,315.4417724609375,139.33497619628906,0.9916513562202454,-1,-1,-1
128,-1,49.34367752075195,71.93824005126953,222.72360229492188,231.4595947265625,0.970893144607544,-1,-1,-1
128,-1,1.5645804405212402,60.89543533325195,45.941829681396484,109.47843170166016,0.9298445582389832,-1,-1,-1
128,-1,40.85322952270508,41.975746154785156,123.89212036132812,89.31236267089844,0.9074059724807739,-1,-1,-1
128,-1,305.07586669921875,48.681297302246094,315.6765441894531,71.20549011230469,0.5305989384651184,-1,-1,-1
129,-1,217.635498046875,66.61939239501953,315.5820007324219,139.7030792236328,0.9920036196708679,-1,-1,-1
129,-1,49.51820373535156,71.74854278564453,223.46017456054688,231.2798309326172,0.966022253036499,-1,-1,-1
129,-1,1.6712642908096313,60.95226287841797,45.79773712158203,109.55294036865234,0.91657555103302,-1,-1,-1
129,-1,40.82315444946289,41.728965759277344,124.15930938720703,89.93792724609375,0.8990707397460938,-1,-1,-1
129,-1,304.91937255859375,48.8748779296875,315.47125244140625,71.205078125,0.6851040720939636,-1,-1,-1
130,-1,218.05477905273438,66.74329376220703,315.3669128417969,139.2176055908203,0.9905040860176086,-1,-1,-1
130,-1,49.107749938964844,71.26473999023438,223.02590942382812,231.69448852539062,0.9706274271011353,-1,-1,-1
130,-1,1.666176199913025,60.69783020019531,45.89352035522461,109.6865463256836,0.9375046491622925,-1,-1,-1
130,-1,41.57740783691406,41.5755615234375,123.12326049804688,89.42237854003906,0.8779853582382202,-1,-1,-1
130,-1,304.87286376953125,48.91796112060547,315.5782775878906,71.22734832763672,0.6341783404350281,-1,-1,-1
131,-1,218.04556274414062,66.75487518310547,315.3601379394531,139.22825622558594,0.9904093146324158,-1,-1,-1
131,-1,49.09083557128906,71.31355285644531,223.08084106445312,231.64659118652344,0.9708085060119629,-1,-1,-1
131,-1,1.6755748987197876,60.702980041503906,45.88340759277344,109.67069244384766,0.9364136457443237,-1,-1,-1
131,-1,41.62343978881836,41.606773376464844,123.16803741455078,89.47772979736328,0.8754174113273621,-1,-1,-1
131,-1,304.883544921875,48.92951583862305,315.5871276855469,71.23035430908203,0.626484215259552,-1,-1,-1
132,-1,217.85177612304688,66.39337158203125,315.2370300292969,139.62789916992188,0.9920481443405151,-1,-1,-1
132,-1,48.97285842895508,71.06901550292969,222.79605102539062,232.29074096679688,0.9720685482025146,-1,-1,-1
132,-1,1.504469633102417,60.858192443847656,46.01443862915039,109.66034698486328,0.9086621999740601,-1,-1,-1
132,-1,41.32534408569336,41.912200927734375,124.28970336914062,90.24093627929688,0.8803975582122803,-1,-1,-1
132,-1,304.8260192871094,49.20683670043945,315.6348876953125,70.9520492553711,0.5299971103668213,-1,-1,-1
133,-1,217.77381896972656,66.36572265625,315.4668884277344,139.87281799316406,0.9927237033843994,-1,-1,-1
133,-1,49.4863166809082,70.8712158203125,222.73377990722656,232.3401336669922,0.9716127514839172,-1,-1,-1
133,-1,1.6341620683670044,60.85666275024414,45.918251037597656,109.61610412597656,0.8992183804512024,-1,-1,-1
133,-1,41.07362747192383,42.119083404541016,124.62940216064453,90.4178695678711,0.8653040528297424,-1,-1,-1
133,-1,304.84600830078125,49.21019744873047,315.68682861328125,70.92471313476562,0.5088367462158203,-1,-1,-1
134,-1,217.6891326904297,66.4248046875,315.59783935546875,139.58656311035156,0.9937717914581299,-1,-1,-1
134,-1,49.44919967651367,71.35892486572266,222.9158172607422,232.20223999023438,0.9707586169242859,-1,-1,-1
134,-1,1.5781872272491455,60.80916213989258,45.951812744140625,109.6728744506836,0.9049426317214966,-1,-1,-1
134,-1,41.06594467163086,41.816768646240234,124.42703247070312,90.46209716796875,0.8953410387039185,-1,-1,-1
135,-1,217.7438201904297,66.43978118896484,315.5730895996094,139.52569580078125,0.9936732649803162,-1,-1,-1
135,-1,49.45111846923828,71.43521118164062,222.96322631835938,232.04483032226562,0.9729558229446411,-1,-1,-1
135,-1,1.56139075756073,60.805973052978516,45.98563766479492,109.69094848632812,0.8996560573577881,-1,-1,-1
135,-1,40.663299560546875,41.79790496826172,124.58311462402344,90.53492736816406,0.8984020948410034,-1,-1,-1
136,-1,218.2064971923828,66.42273712158203,315.0498046875,138.80825805664062,0.9933173060417175,-1,-1,-1
136,-1,49.108001708984375,71.49832153320312,223.11927795410156,232.2399444580078,0.9734736680984497,-1,-1,-1
136,-1,1.718902587890625,60.91855239868164,45.84806442260742,109.45787048339844,0.904165506362915,-1,-1,-1
136,-1,40.81883239746094,41.61262512207031,124.23694610595703,89.6226577758789,0.8906416893005371,-1,-1,-1
136,-1,305.12066650390625,49.46005630493164,314.71783447265625,71.6284408569336,0.752785861492157,-1,-1,-1
137,-1,218.17568969726562,66.41365051269531,315.04290771484375,138.79954528808594,0.9933708310127258,-1,-1,-1
137,-1,49.09114456176758,71.47311401367188,223.12298583984375,232.24285888671875,0.9736217260360718,-1,-1,-1
137,-1,1.7108681201934814,60.92259216308594,45.857757568359375,109.4622573852539,0.9049549102783203,-1,-1,-1
137,-1,40.86699676513672,41.55073165893555,124.21846008300781,89.5876693725586,0.8921274542808533,-1,-1,-1
137,-1,305.11981201171875,49.46307373046875,314.71270751953125,71.5826187133789,0.7526764273643494,-1,-1,-1
138,-1,218.1535186767578,66.47884368896484,314.97265625,138.83505249023438,0.9927359223365784,-1,-1,-1
138,-1,48.73066711425781,70.7625961303711,223.4676971435547,232.29229736328125,0.9738055467605591,-1,-1,-1
138,-1,1.7040252685546875,60.885623931884766,45.87091827392578,109.48948669433594,0.8776646852493286,-1,-1,-1
138,-1,40.46669006347656,41.558773040771484,124.73362731933594,90.26998901367188,0.8587856292724609,-1,-1,-1
138,-1,305.026123046875,49.3475227355957,314.4576416015625,71.53604888916016,0.7086209654808044,-1,-1,-1
139,-1,218.33740234375,66.24446105957031,314.5941162109375,138.85037231445312,0.9930282235145569,-1,-1,-1
139,-1,49.04147720336914,70.16376495361328,223.41876220703125,232.6376953125,0.972512423992157,-1,-1,-1
139,-1,1.7257354259490967,60.86293411254883,45.85990905761719,109.4883041381836,0.896598756313324,-1,-1,-1
139,-1,40.30080795288086,41.798282623291016,125.04589080810547,89.93089294433594,0.8715184330940247,-1,-1,-1
139,-1,3.3355507850646973,159.9371337890625,36.548248291015625,237.16586303710938,0.5032335519790649,-1,-1,-1
140,-1,218.33309936523438,66.24125671386719,314.3905944824219,138.6674041748047,0.9929246306419373,-1,-1,-1
140,-1,48.77688980102539,70.40302276611328,223.59295654296875,232.34823608398438,0.9701921939849854,-1,-1,-1
140,-1,1.6421303749084473,60.78800964355469,45.94667434692383,109.42417907714844,0.9128125309944153,-1,-1,-1
140,-1,40.45637130737305,41.56507110595703,124.56000518798828,89.98365020751953,0.8948190808296204,-1,-1,-1
140,-1,3.240156650543213,159.33761596679688,36.55714416503906,237.13824462890625,0.5852892398834229,-1,-1,-1
141,-1,218.3842315673828,66.08749389648438,314.2191467285156,138.67477416992188,0.9933698177337646,-1,-1,-1
141,-1,48.95398712158203,70.31092834472656,224.02296447753906,232.47964477539062,0.9732971787452698,-1,-1,-1
141,-1,1.5750415325164795,60.7906494140625,46.02235794067383,109.36920928955078,0.925806999206543,-1,-1,-1
141,-1,40.51132583618164,41.513729095458984,124.31438446044922,89.77545166015625,0.9064570069313049,-1,-1,-1
141,-1,3.532452344894409,149.59461975097656,38.858489990234375,233.66920471191406,0.8972293734550476,-1,-1,-1
141,-1,304.6686096191406,50.31386184692383,314.3895263671875,72.30731964111328,0.8274607062339783,-1,-1,-1
142,-1,218.40675354003906,66.11665344238281,314.22039794921875,138.76324462890625,0.993443489074707,-1,-1,-1
142,-1,48.92459487915039,70.2203369140625,224.04605102539062,232.46826171875,0.9693247079849243,-1,-1,-1
142,-1,1.5632922649383545,60.786766052246094,46.031612396240234,109.40316772460938,0.9268399477005005,-1,-1,-1
142,-1,3.543388605117798,149.57229614257812,39.10126876831055,233.44212341308594,0.9087475538253784,-1,-1,-1
142,-1,40.374671936035156,41.48676300048828,124.30426788330078,89.79047393798828,0.9069206118583679,-1,-1,-1
142,-1,304.68792724609375,50.32004165649414,314.4192810058594,72.30430603027344,0.8128917813301086,-1,-1,-1
143,-1,218.41661071777344,66.11520385742188,314.21710205078125,138.770263671875,0.9934195280075073,-1,-1,-1
143,-1,48.92538070678711,70.22785186767578,224.04598999023438,232.4542999267578,0.9693509936332703,-1,-1,-1
143,-1,1.5622872114181519,60.78720474243164,46.032440185546875,109.40370178222656,0.9266626834869385,-1,-1,-1
143,-1,3.5353028774261475,149.5574493408203,39.10565185546875,233.4630889892578,0.9094020128250122,-1,-1,-1
143,-1,40.3739128112793,41.50166320800781,124.30797576904297,89.80026245117188,0.9060854315757751,-1,-1,-1
143,-1,304.6878662109375,50.32015609741211,314.41937255859375,72.3040542602539,0.8127056360244751,-1,-1,-1
144,-1,218.340576171875,66.4363784790039,314.5004577636719,138.94349670410156,0.9932039380073547,-1,-1,-1
144,-1,3.4236481189727783,147.90789794921875,38.42558670043945,231.27606201171875,0.9738560318946838,-1,-1,-1
144,-1,48.74860382080078,71.16651916503906,224.49575805664062,232.4340362548828,0.9724549651145935,-1,-1,-1
144,-1,1.6296489238739014,60.61276626586914,45.92620086669922,109.40180206298828,0.9140665531158447,-1,-1,-1
144,-1,39.98761749267578,41.7332763671875,124.43022155761719,89.58953857421875,0.9100053310394287,-1,-1,-1
144,-1,304.7711486816406,50.349544525146484,314.3087463378906,72.02932739257812,0.8374944925308228,-1,-1,-1
145,-1,218.22950744628906,66.43315124511719,314.235107421875,138.50152587890625,0.9925627708435059,-1,-1,-1
145,-1,3.470639705657959,147.79635620117188,38.3923225402832,231.53250122070312,0.976951539516449,-1,-1,-1
145,-1,48.77228546142578,71.75914764404297,224.66026306152344,231.94581604003906,0.9720011949539185,-1,-1,-1
145,-1,39.81765365600586,41.53456497192383,123.96504211425781,89.48155212402344,0.9364322423934937,-1,-1,-1
145,-1,1.6700599193572998,60.62226486206055,45.8425178527832,109.4088134765625,0.928838849067688,-1,-1,-1
145,-1,304.76043701171875,50.288169860839844,314.32562255859375,72.002197265625,0.8153505325317383,-1,-1,-1
146,-1,218.226318359375,66.3883056640625,314.3637390136719,138.53758239746094,0.9920462369918823,-1,-1,-1
146,-1,49.413047790527344,71.19720458984375,224.11090087890625,232.77972412109375,0.9667827486991882,-1,-1,-1
146,-1,2.9449257850646973,145.548583984375,38.45807647705078,230.24143981933594,0.947796106338501,-1,-1,-1
146,-1,1.5703537464141846,60.74184799194336,45.97014617919922,109.18730926513672,0.9319157004356384,-1,-1,-1
146,-1,40.53693389892578,41.74177932739258,123.89251708984375,89.50188446044922,0.9314714074134827,-1,-1,-1
146,-1,304.3276672363281,50.159088134765625,314.4859619140625,72.23345947265625,0.5641030669212341,-1,-1,-1
147,-1,218.46060180664062,66.54329681396484,314.4674987792969,138.52182006835938,0.9926668405532837,-1,-1,-1
147,-1,50.03688430786133,70.79508972167969,223.85540771484375,233.43157958984375,0.9661981463432312,-1,-1,-1
147,-1,2.8041956424713135,140.77383422851562,38.335304260253906,231.85594177246094,0.9654129147529602,-1,-1,-1
147,-1,40.1234245300293,41.206172943115234,123.14820098876953,89.30518341064453,0.944556474685669,-1,-1,-1
147,-1,3.572880744934082,59.64877700805664,47.462432861328125,109.99906921386719,0.934231698513031,-1,-1,-1
147,-1,304.6394958496094,50.90376663208008,314.3833312988281,72.62801361083984,0.5755506753921509,-1,-1,-1
148,-1,218.46131896972656,66.5003890991211,314.48699951171875,138.55027770996094,0.9924522638320923,-1,-1,-1
148,-1,49.997642517089844,70.86998748779297,223.66758728027344,233.36891174316406,0.966721773147583,-1,-1,-1
148,-1,2.8009796142578125,140.84210205078125,38.612152099609375,231.84341430664062,0.9643754363059998,-1,-1,-1
148,-1,40.12408447265625,41.16535949707031,123.09040832519531,89.23535919189453,0.9455268383026123,-1,-1,-1
148,-1,3.588155508041382,59.65409469604492,47.45199203491211,109.98831176757812,0.9356028437614441,-1,-1,-1
148,-1,304.6390075683594,50.91256332397461,314.3724365234375,72.61296081542969,0.5449990034103394,-1,-1,-1
149,-1,218.45848083496094,66.50035858154297,314.4699401855469,138.55470275878906,0.9924421310424805,-1,-1,-1
149,-1,49.99385452270508,70.89466094970703,223.64321899414062,233.36483764648438,0.9665217995643616,-1,-1,-1
149,-1,2.7955129146575928,140.8111114501953,38.62541961669922,231.8561248779297,0.9642266035079956,-1,-1,-1
149,-1,40.111778259277344,41.16328811645508,123.1124496459961,89.22295379638672,0.9450432062149048,-1,-1,-1
149,-1,3.5887410640716553,59.6551513671875,47.45191955566406,109.98800659179688,0.9355307817459106,-1,-1,-1
149,-1,304.64373779296875,50.92093276977539,314.3930358886719,72.61526489257812,0.5326290130615234,-1,-1,-1
150,-1,218.06166076660156,66.31047058105469,314.7665100097656,138.74960327148438,0.9925293922424316,-1,-1,-1
150,-1,49.76871109008789,71.25044250488281,223.94229125976562,233.0390167236328,0.9696470499038696,-1,-1,-1
150,-1,3.341169834136963,137.63119506835938,38.906768798828125,231.236083984375,0.9679350852966309,-1,-1,-1
150,-1,40.039581298828125,41.14548873901367,122.95478057861328,89.35896301269531,0.9483576416969299,-1,-1,-1
150,-1,3.6447744369506836,59.60774230957031,47.40313720703125,110.0149154663086,0.9428247213363647,-1,-1,-1
151,-1,218.0706024169922,66.38417053222656,314.6769104003906,138.68080139160156,0.9928863048553467,-1,-1,-1
151,-1,49.752525329589844,71.32725524902344,223.9088592529297,233.03359985351562,0.9706765413284302,-1,-1,-1
151,-1,3.3744254112243652,137.6221923828125,38.933387756347656,230.94874572753906,0.9678120017051697,-1,-1,-1
151,-1,40.080650329589844,41.123069763183594,123.14093780517578,89.39060974121094,0.9480822086334229,-1,-1,-1
151,-1,3.6447408199310303,59.61035919189453,47.406959533691406,110.00863647460938,0.9418642520904541,-1,-1,-1
152,-1,218.10438537597656,66.36824035644531,314.67694091796875,139.073974609375,0.9932800531387329,-1,-1,-1
152,-1,50.77083206176758,71.32926940917969,223.7737274169922,233.0486602783203,0.9633150100708008,-1,-1,-1
152,-1,3.394666910171509,131.49713134765625,38.671478271484375,219.168701171875,0.9620435833930969,-1,-1,-1
152,-1,3.7559919357299805,59.689552307128906,47.26718521118164,110.05378723144531,0.929385781288147,-1,-1,-1
152,-1,40.58286666870117,41.40276336669922,123.15400695800781,89.40259552001953,0.929245114326477,-1,-1,-1
153,-1,218.00355529785156,66.37565612792969,314.6998291015625,138.9508056640625,0.9934343695640564,-1,-1,-1
153,-1,3.3625059127807617,131.5203857421875,38.6229362487793,218.8766632080078,0.9661688208580017,-1,-1,-1
153,-1,50.22395706176758,71.3702163696289,224.18231201171875,232.90235900878906,0.9633016586303711,-1,-1,-1
153,-1,3.7723731994628906,59.67477798461914,47.26260757446289,110.05715942382812,0.9253044128417969,-1,-1,-1
153,-1,41.010555267333984,41.73637390136719,122.91264343261719,89.60565185546875,0.9166517853736877,-1,-1,-1
154,-1,218.24398803710938,66.752197265625,314.9272766113281,138.90048217773438,0.99348384141922,-1,-1,-1
154,-1,51.534122467041016,71.05488586425781,223.6137237548828,232.9858856201172,0.9608660340309143,-1,-1,-1
154,-1,3.7659027576446533,59.49869155883789,47.24968338012695,110.05387878417969,0.9397085905075073,-1,-1,-1
154,-1,40.76266860961914,41.232826232910156,122.80330657958984,89.80072784423828,0.9340646862983704,-1,-1,-1
154,-1,3.62996768951416,128.8201141357422,39.81827163696289,204.5634765625,0.8371423482894897,-1,-1,-1
155,-1,218.23280334472656,66.7278823852539,314.9329528808594,138.9467315673828,0.9934983849525452,-1,-1,-1
155,-1,51.555015563964844,71.01957702636719,223.63543701171875,232.98068237304688,0.9605153799057007,-1,-1,-1
155,-1,3.7540345191955566,59.50408935546875,47.265228271484375,110.05521392822266,0.9391568899154663,-1,-1,-1
155,-1,40.79207992553711,41.21800231933594,122.7374267578125,89.81672668457031,0.9333386421203613,-1,-1,-1
155,-1,3.62618088722229,128.82298278808594,39.819244384765625,204.5609893798828,0.8366203308105469,-1,-1,-1
