1,-1,170.71456909179688,42.115760803222656,188.60873413085938,86.85581970214844,0.9292640089988708,-1,-1,-1
1,-1,197.05970764160156,59.40291213989258,207.056884765625,89.01911926269531,0.9250797629356384,-1,-1,-1
2,-1,170.7164306640625,42.09613800048828,188.619873046875,86.85161590576172,0.928032636642456,-1,-1,-1
2,-1,197.05905151367188,59.401336669921875,207.0531463623047,89.03543090820312,0.9263575673103333,-1,-1,-1
3,-1,170.70046997070312,42.077125549316406,188.63385009765625,86.83707427978516,0.9291731119155884,-1,-1,-1
3,-1,197.0559539794922,59.39509582519531,207.04953002929688,89.03890991210938,0.9260562658309937,-1,-1,-1
4,-1,170.70355224609375,42.0849723815918,188.63136291503906,86.84371948242188,0.9294414520263672,-1,-1,-1
4,-1,197.05868530273438,59.406829833984375,207.04965209960938,89.02928161621094,0.9261202216148376,-1,-1,-1
5,-1,170.702392578125,42.08146286010742,188.62924194335938,86.84718322753906,0.9295558929443359,-1,-1,-1
5,-1,197.05697631835938,59.401832580566406,207.04876708984375,89.0325927734375,0.9259317517280579,-1,-1,-1
6,-1,170.70034790039062,42.08091354370117,188.63075256347656,86.84608459472656,0.9296216368675232,-1,-1,-1
6,-1,197.0571746826172,59.40196228027344,207.04824829101562,89.03215789794922,0.9258670210838318,-1,-1,-1
7,-1,170.70068359375,42.0800895690918,188.63107299804688,86.84522247314453,0.9296718835830688,-1,-1,-1
7,-1,197.05679321289062,59.403018951416016,207.04942321777344,89.03138732910156,0.9260064363479614,-1,-1,-1
8,-1,170.70068359375,42.0800895690918,188.63107299804688,86.84522247314453,0.9296718835830688,-1,-1,-1
8,-1,197.05679321289062,59.403018951416016,207.04942321777344,89.03138732910156,0.9260064363479614,-1,-1,-1
9,-1,170.70068359375,42.0800895690918,188.63107299804688,86.84522247314453,0.9296718835830688,-1,-1,-1
9,-1,197.05679321289062,59.403018951416016,207.04942321777344,89.03138732910156,0.9260064363479614,-1,-1,-1
10,-1,170.69989013671875,42.0770263671875,188.63259887695312,86.84609985351562,0.9298093318939209,-1,-1,-1
10,-1,197.05650329589844,59.40242004394531,207.04965209960938,89.03083801269531,0.9258818030357361,-1,-1,-1
11,-1,170.699951171875,42.07944107055664,188.63055419921875,86.84539794921875,0.9296887516975403,-1,-1,-1
11,-1,197.05624389648438,59.40103530883789,207.04904174804688,89.03193664550781,0.9258931875228882,-1,-1,-1
12,-1,170.70175170898438,42.076236724853516,188.6333465576172,86.8338851928711,0.9300745129585266,-1,-1,-1
12,-1,197.05807495117188,59.41149139404297,207.04725646972656,89.0139389038086,0.92509526014328,-1,-1,-1
13,-1,169.20001220703125,40.47874069213867,186.23287963867188,89.60978698730469,0.9699022173881531,-1,-1,-1
13,-1,197.35256958007812,58.703556060791016,206.1090850830078,89.08068084716797,0.9690483808517456,-1,-1,-1
14,-1,195.957763671875,59.63026809692383,205.97984313964844,86.06999206542969,0.967477560043335,-1,-1,-1
14,-1,168.0677490234375,41.03685760498047,185.77783203125,91.39412689208984,0.9325345754623413,-1,-1,-1
15,-1,194.1865234375,61.194175720214844,205.6792449951172,87.47669219970703,0.9757096767425537,-1,-1,-1
15,-1,166.31411743164062,41.84135818481445,186.57127380371094,93.70623779296875,0.97120201587677,-1,-1,-1
15,-1,164.52621459960938,104.94707489013672,264.7933654785156,236.23464965820312,0.5091995000839233,-1,-1,-1
16,-1,164.56143188476562,42.29294967651367,185.10641479492188,94.98131561279297,0.9934322237968445,-1,-1,-1
16,-1,192.96287536621094,60.643760681152344,204.64585876464844,88.19782257080078,0.9546511769294739,-1,-1,-1
16,-1,164.0934600830078,107.00952911376953,266.6724853515625,236.1631317138672,0.5513986945152283,-1,-1,-1
17,-1,164.6092071533203,42.2857780456543,185.08395385742188,94.9686279296875,0.9927762150764465,-1,-1,-1
17,-1,192.94644165039062,60.66179656982422,204.6103057861328,88.1859359741211,0.9511715173721313,-1,-1,-1
17,-1,164.12843322753906,107.06108856201172,266.71148681640625,236.08505249023438,0.5559303760528564,-1,-1,-1
18,-1,163.23287963867188,41.932716369628906,184.939697265625,96.93451690673828,0.9956177473068237,-1,-1,-1
18,-1,192.64480590820312,61.64763641357422,204.3866729736328,89.64576721191406,0.9191301465034485,-1,-1,-1
18,-1,163.72450256347656,106.94329833984375,266.7560119628906,235.74026489257812,0.5375438332557678,-1,-1,-1
19,-1,164.08633422851562,41.91610336303711,183.98919677734375,97.07971954345703,0.9824126958847046,-1,-1,-1
19,-1,192.2416534423828,61.508052825927734,203.79270935058594,89.98358154296875,0.8342892527580261,-1,-1,-1
19,-1,164.07896423339844,109.30986022949219,266.23724365234375,235.7819366455078,0.6809898614883423,-1,-1,-1
20,-1,164.30772399902344,42.4550895690918,183.38681030273438,96.39885711669922,0.9568547010421753,-1,-1,-1
20,-1,189.97633361816406,64.17628479003906,201.57693481445312,91.47142028808594,0.9396622776985168,-1,-1,-1
20,-1,164.84088134765625,111.19650268554688,265.6544189453125,235.56544494628906,0.593122124671936,-1,-1,-1
21,-1,160.4349365234375,45.15525436401367,181.374755859375,98.81343841552734,0.9641517400741577,-1,-1,-1
21,-1,189.84906005859375,64.57563018798828,200.43333435058594,90.85662078857422,0.9519339799880981,-1,-1,-1
21,-1,164.0233612060547,111.8014907836914,266.4717712402344,234.88722229003906,0.6930314898490906,-1,-1,-1
22,-1,160.43824768066406,45.57219696044922,180.2899169921875,99.04946899414062,0.958514392375946,-1,-1,-1
22,-1,189.96200561523438,64.48531341552734,199.50111389160156,91.44930267333984,0.9346657991409302,-1,-1,-1
22,-1,163.69737243652344,109.76780700683594,266.406982421875,235.27365112304688,0.5474263429641724,-1,-1,-1
23,-1,160.42909240722656,45.50448989868164,180.35726928710938,99.0877456665039,0.9593496918678284,-1,-1,-1
23,-1,189.9586181640625,64.47158813476562,199.49998474121094,91.46077728271484,0.9333875179290771,-1,-1,-1
23,-1,163.61660766601562,109.87311553955078,266.57769775390625,235.2574462890625,0.5436702370643616,-1,-1,-1
24,-1,159.3596954345703,47.686580657958984,178.1094207763672,98.38159942626953,0.9624719619750977,-1,-1,-1
24,-1,188.45748901367188,64.10047912597656,199.22219848632812,91.54381561279297,0.9417586922645569,-1,-1,-1
24,-1,163.4870147705078,108.87741088867188,267.04290771484375,235.9207000732422,0.5851647257804871,-1,-1,-1
25,-1,188.31336975097656,63.58325958251953,199.29190063476562,93.75675964355469,0.97376948595047,-1,-1,-1
25,-1,159.20155334472656,47.21180725097656,177.4467315673828,98.50680541992188,0.9468491673469543,-1,-1,-1
25,-1,163.76390075683594,108.7047348022461,266.01788330078125,236.15318298339844,0.5700858235359192,-1,-1,-1
26,-1,187.20932006835938,64.43154907226562,198.61752319335938,95.7879867553711,0.984961986541748,-1,-1,-1
26,-1,159.72885131835938,48.323326110839844,176.64474487304688,96.99583435058594,0.9703880548477173,-1,-1,-1
26,-1,164.51902770996094,109.4843978881836,266.43170166015625,235.1947021484375,0.7420282363891602,-1,-1,-1
27,-1,186.73489379882812,65.18099212646484,198.15155029296875,96.09403228759766,0.9777634739875793,-1,-1,-1
27,-1,159.49827575683594,48.98291015625,175.577880859375,96.32855987548828,0.9151059985160828,-1,-1,-1
27,-1,163.6337432861328,110.30057525634766,266.4588317871094,235.5170135498047,0.7210320830345154,-1,-1,-1
28,-1,158.3594207763672,47.523826599121094,174.33900451660156,98.6883544921875,0.969556987285614,-1,-1,-1
28,-1,186.81028747558594,64.94103240966797,197.3381805419922,96.25225067138672,0.9630096554756165,-1,-1,-1
28,-1,164.1669921875,108.96279907226562,266.39117431640625,236.7213897705078,0.7007097005844116,-1,-1,-1
29,-1,158.3793487548828,47.56577682495117,174.36444091796875,98.68291473388672,0.9683021306991577,-1,-1,-1
29,-1,186.81240844726562,64.92638397216797,197.34097290039062,96.23556518554688,0.9631941318511963,-1,-1,-1
29,-1,164.15863037109375,108.8720932006836,266.4241638183594,236.71600341796875,0.6986808180809021,-1,-1,-1
30,-1,157.79893493652344,47.09183883666992,174.85208129882812,102.28191375732422,0.987077534198761,-1,-1,-1
30,-1,186.86021423339844,65.37489318847656,197.16677856445312,96.42601776123047,0.8956751227378845,-1,-1,-1
30,-1,164.082763671875,108.79606628417969,265.9329528808594,236.46832275390625,0.6880365610122681,-1,-1,-1
31,-1,157.84376525878906,47.05399703979492,173.494384765625,104.84888458251953,0.9747453331947327,-1,-1,-1
31,-1,187.52291870117188,65.34852600097656,196.4866943359375,96.27801513671875,0.809096097946167,-1,-1,-1
31,-1,164.41751098632812,108.9951400756836,266.29278564453125,235.77964782714844,0.7490898370742798,-1,-1,-1
31,-1,184.300537109375,72.33360290527344,192.91195678710938,97.5280990600586,0.6579432487487793,-1,-1,-1
32,-1,157.80191040039062,47.3851318359375,173.58421325683594,108.5858154296875,0.9730068445205688,-1,-1,-1
32,-1,183.75364685058594,66.84990692138672,195.7176055908203,96.71495056152344,0.8848451375961304,-1,-1,-1
32,-1,163.42466735839844,108.6161880493164,266.6644592285156,236.25938415527344,0.6840839982032776,-1,-1,-1
33,-1,155.73899841308594,48.23221206665039,173.67648315429688,109.5794906616211,0.9831613898277283,-1,-1,-1
33,-1,183.13307189941406,67.05573272705078,195.5483856201172,97.17496490478516,0.9353609085083008,-1,-1,-1
33,-1,162.65550231933594,110.05693817138672,267.0863037109375,236.16470336914062,0.7048420906066895,-1,-1,-1
34,-1,154.67767333984375,48.56621551513672,173.50140380859375,108.74225616455078,0.9802981615066528,-1,-1,-1
34,-1,183.148681640625,67.43231964111328,195.43307495117188,96.91938781738281,0.9441898465156555,-1,-1,-1
34,-1,163.3482208251953,110.32843780517578,265.9924621582031,235.9012908935547,0.7294611930847168,-1,-1,-1
35,-1,154.66046142578125,48.52588653564453,173.53945922851562,108.78640747070312,0.9805858135223389,-1,-1,-1
35,-1,183.14852905273438,67.43290710449219,195.42279052734375,96.9262466430664,0.9440547227859497,-1,-1,-1
35,-1,163.50918579101562,110.24752044677734,265.93646240234375,235.91421508789062,0.7306138277053833,-1,-1,-1
36,-1,154.80123901367188,48.86338424682617,173.49111938476562,109.57181549072266,0.9860348105430603,-1,-1,-1
36,-1,181.91407775878906,69.96157836914062,193.8685302734375,98.95680236816406,0.9720634818077087,-1,-1,-1
36,-1,163.25955200195312,109.51974487304688,267.1472473144531,235.15762329101562,0.7423644661903381,-1,-1,-1
37,-1,153.21957397460938,49.92902374267578,171.77061462402344,110.84215545654297,0.9902384281158447,-1,-1,-1
37,-1,181.50880432128906,69.41471862792969,194.16928100585938,99.50289154052734,0.908388614654541,-1,-1,-1
37,-1,163.8217010498047,108.29419708251953,266.12890625,235.81871032714844,0.7171074748039246,-1,-1,-1
38,-1,152.94912719726562,51.28179931640625,171.78465270996094,110.2710952758789,0.9797725081443787,-1,-1,-1
38,-1,180.6373291015625,70.18963623046875,194.60340881347656,99.69195556640625,0.9259739518165588,-1,-1,-1
38,-1,163.55467224121094,106.80274200439453,266.40447998046875,235.58636474609375,0.7164799571037292,-1,-1,-1
39,-1,153.21812438964844,53.149757385253906,170.75523376464844,108.68655395507812,0.9681620001792908,-1,-1,-1
39,-1,179.59510803222656,70.88029479980469,193.88064575195312,100.82324981689453,0.9511613845825195,-1,-1,-1
39,-1,163.8212890625,110.93558502197266,266.036376953125,235.2288818359375,0.6519678235054016,-1,-1,-1
40,-1,179.11073303222656,71.62435913085938,192.69412231445312,100.86981964111328,0.9702830910682678,-1,-1,-1
40,-1,153.2342529296875,53.696739196777344,170.0604248046875,109.01618194580078,0.9685556888580322,-1,-1,-1
40,-1,163.34603881835938,109.73580932617188,266.1431884765625,235.5762176513672,0.7064151167869568,-1,-1,-1
41,-1,153.2642822265625,53.60116958618164,170.05380249023438,109.13001251220703,0.9743651747703552,-1,-1,-1
41,-1,179.10464477539062,71.59497833251953,192.68479919433594,100.88065338134766,0.9708881378173828,-1,-1,-1
41,-1,163.2974090576172,110.0881118774414,266.16455078125,235.60330200195312,0.7125337719917297,-1,-1,-1
42,-1,153.50323486328125,54.19337463378906,169.28915405273438,108.70932006835938,0.942203164100647,-1,-1,-1
42,-1,179.47573852539062,71.65804290771484,192.25714111328125,100.20960998535156,0.9177034497261047,-1,-1,-1
42,-1,163.40928649902344,109.51242065429688,266.06463623046875,234.95196533203125,0.6304689049720764,-1,-1,-1
43,-1,149.819091796875,53.76689910888672,167.25656127929688,109.96878051757812,0.9594655632972717,-1,-1,-1
43,-1,179.68458557128906,71.21868896484375,192.5659942626953,101.63903045654297,0.8966487050056458,-1,-1,-1
43,-1,163.06272888183594,109.79727172851562,266.14605712890625,235.7434539794922,0.7139453887939453,-1,-1,-1
44,-1,148.573486328125,54.998695373535156,167.34072875976562,108.58505249023438,0.9822050929069519,-1,-1,-1
44,-1,177.07276916503906,71.56633758544922,190.39248657226562,102.83296203613281,0.9188193082809448,-1,-1,-1
44,-1,161.85279846191406,109.73578643798828,266.7856140136719,235.8910369873047,0.6145988702774048,-1,-1,-1
45,-1,177.8052978515625,72.40972900390625,188.95022583007812,107.59407806396484,0.970945417881012,-1,-1,-1
45,-1,149.11795043945312,56.13408660888672,165.76734924316406,107.24783325195312,0.9346987009048462,-1,-1,-1
45,-1,162.38267517089844,109.9844970703125,267.2488098144531,235.7375946044922,0.6387563943862915,-1,-1,-1
46,-1,177.3273468017578,73.43401336669922,188.96034240722656,107.73735046386719,0.9841025471687317,-1,-1,-1
46,-1,148.54681396484375,59.18738555908203,164.3662872314453,109.74024963378906,0.9645386934280396,-1,-1,-1
46,-1,153.59420776367188,76.15518188476562,164.2825469970703,108.4454574584961,0.66204434633255,-1,-1,-1
46,-1,162.6300811767578,111.44456481933594,266.92572021484375,234.56520080566406,0.6292035579681396,-1,-1,-1
47,-1,177.32618713378906,73.42562103271484,188.95602416992188,107.72862243652344,0.9834707975387573,-1,-1,-1
47,-1,148.52818298339844,59.18701171875,164.36758422851562,109.70064544677734,0.9635726809501648,-1,-1,-1
47,-1,153.6126708984375,76.19635772705078,164.28648376464844,108.40994262695312,0.661688506603241,-1,-1,-1
47,-1,162.58676147460938,111.33709716796875,266.93408203125,234.68338012695312,0.6309011578559875,-1,-1,-1
48,-1,147.12640380859375,59.2663688659668,164.0556182861328,110.74083709716797,0.961290180683136,-1,-1,-1
48,-1,176.4168701171875,74.58692932128906,189.08876037597656,108.02173614501953,0.9567719101905823,-1,-1,-1
48,-1,162.87860107421875,110.56583404541016,266.0240783691406,235.1968536376953,0.7024962902069092,-1,-1,-1
48,-1,153.4761505126953,76.87606811523438,163.88674926757812,108.7055435180664,0.608677089214325,-1,-1,-1
49,-1,145.11610412597656,58.984375,165.11691284179688,113.99071502685547,0.9796339869499207,-1,-1,-1
49,-1,176.28817749023438,74.46311950683594,188.6641082763672,107.67733001708984,0.9289765954017639,-1,-1,-1
49,-1,161.49217224121094,110.98070526123047,266.502685546875,234.4226531982422,0.6538362503051758,-1,-1,-1
50,-1,143.14378356933594,59.62864685058594,164.65084838867188,116.28469848632812,0.9919267296791077,-1,-1,-1
50,-1,175.4759521484375,75.33504486083984,187.83786010742188,108.41802978515625,0.9474730491638184,-1,-1,-1
50,-1,162.77220153808594,112.59355926513672,266.8076477050781,234.7802276611328,0.7234246134757996,-1,-1,-1
51,-1,142.8585968017578,58.969200134277344,163.47776794433594,117.31063842773438,0.9855924844741821,-1,-1,-1
51,-1,174.5862579345703,75.7251205444336,187.65296936035156,108.64572143554688,0.9414585828781128,-1,-1,-1
51,-1,162.3966827392578,113.32815551757812,266.19940185546875,234.05352783203125,0.6755124926567078,-1,-1,-1
52,-1,143.35928344726562,60.69826889038086,163.50018310546875,117.76605987548828,0.970737874507904,-1,-1,-1
52,-1,173.24725341796875,75.9832763671875,186.20741271972656,108.67147827148438,0.8777516484260559,-1,-1,-1
52,-1,161.95814514160156,112.39602661132812,265.9619445800781,234.7724609375,0.776385486125946,-1,-1,-1
53,-1,143.3621826171875,60.68913269042969,163.49002075195312,117.76744842529297,0.970272958278656,-1,-1,-1
53,-1,173.24127197265625,75.99038696289062,186.2191619873047,108.67882537841797,0.8786864876747131,-1,-1,-1
53,-1,161.89212036132812,112.33403015136719,265.9798889160156,234.7790069580078,0.7741665840148926,-1,-1,-1
54,-1,143.98507690429688,60.223995208740234,165.96438598632812,118.17485809326172,0.9641202092170715,-1,-1,-1
54,-1,171.1799774169922,77.14850616455078,183.8776397705078,109.48601531982422,0.8497805595397949,-1,-1,-1
54,-1,162.4107208251953,109.92871856689453,265.89080810546875,234.27719116210938,0.7191606163978577,-1,-1,-1
55,-1,141.76243591308594,61.10002899169922,165.0137176513672,119.1152572631836,0.9528118968009949,-1,-1,-1
55,-1,171.30816650390625,77.17849731445312,183.8319091796875,108.96241760253906,0.9052274227142334,-1,-1,-1
55,-1,162.10116577148438,110.37460327148438,266.3160095214844,234.98257446289062,0.69444739818573,-1,-1,-1
56,-1,170.99424743652344,76.43179321289062,184.06507873535156,109.79959106445312,0.9532767534255981,-1,-1,-1
56,-1,162.20596313476562,112.39154815673828,265.9783630371094,234.3057098388672,0.7108525633811951,-1,-1,-1
56,-1,142.32632446289062,61.02037811279297,162.4594268798828,117.70466613769531,0.5689440965652466,-1,-1,-1
57,-1,170.20140075683594,77.91273498535156,183.54429626464844,109.9531478881836,0.8880391120910645,-1,-1,-1
57,-1,139.80078125,61.746917724609375,161.14242553710938,118.2903823852539,0.7687109112739563,-1,-1,-1
57,-1,162.06301879882812,111.11802673339844,266.5386962890625,235.74073791503906,0.749424934387207,-1,-1,-1
58,-1,138.34500122070312,62.15153884887695,161.76040649414062,120.91340637207031,0.9524863958358765,-1,-1,-1
58,-1,170.4515380859375,78.20757293701172,182.95010375976562,110.50505065917969,0.9236999154090881,-1,-1,-1
58,-1,162.90252685546875,111.06048583984375,266.09881591796875,235.29632568359375,0.6973893046379089,-1,-1,-1
59,-1,138.3487091064453,62.17218017578125,161.7962646484375,120.95396423339844,0.9554967880249023,-1,-1,-1
59,-1,170.4295654296875,78.18962097167969,182.9554901123047,110.52791595458984,0.9225606322288513,-1,-1,-1
59,-1,162.98057556152344,111.01554870605469,266.1957092285156,235.4212188720703,0.6822121143341064,-1,-1,-1
60,-1,136.35336303710938,62.961036682128906,156.4315948486328,122.1962890625,0.9494051933288574,-1,-1,-1
60,-1,169.31185913085938,78.1469497680664,181.55636596679688,111.13272094726562,0.8594902157783508,-1,-1,-1
60,-1,163.9126739501953,110.84416198730469,266.650634765625,235.2169189453125,0.7604510188102722,-1,-1,-1
61,-1,135.55894470214844,64.77096557617188,155.82855224609375,119.24617767333984,0.9852499961853027,-1,-1,-1
61,-1,169.3292999267578,80.28804779052734,181.14332580566406,113.12142181396484,0.9097329378128052,-1,-1,-1
61,-1,162.03721618652344,110.68402862548828,266.75274658203125,234.58843994140625,0.6962365508079529,-1,-1,-1
62,-1,135.25343322753906,64.27466583251953,154.26605224609375,121.35911560058594,0.9922976493835449,-1,-1,-1
62,-1,167.47848510742188,81.51802825927734,180.6558074951172,114.369873046875,0.9611180424690247,-1,-1,-1
62,-1,161.44264221191406,109.72172546386719,266.9509582519531,235.07093811035156,0.8313558101654053,-1,-1,-1
63,-1,134.15097045898438,64.51713562011719,155.71217346191406,128.72972106933594,0.9912133812904358,-1,-1,-1
63,-1,166.80560302734375,81.764892578125,180.2024688720703,114.3681869506836,0.9472708702087402,-1,-1,-1
63,-1,162.53843688964844,109.0444107055664,266.00616455078125,235.54583740234375,0.7232771515846252,-1,-1,-1
64,-1,134.68699645996094,65.84829711914062,155.14663696289062,130.07728576660156,0.9943368434906006,-1,-1,-1
64,-1,166.40524291992188,82.42990112304688,179.95147705078125,114.85762786865234,0.9382164478302002,-1,-1,-1
64,-1,162.99588012695312,108.7148208618164,265.821533203125,236.3232421875,0.7794156074523926,-1,-1,-1
65,-1,134.65682983398438,65.8798828125,155.15023803710938,130.05429077148438,0.994384229183197,-1,-1,-1
65,-1,166.40357971191406,82.45088958740234,179.95872497558594,114.86605072021484,0.9381087422370911,-1,-1,-1
65,-1,162.88206481933594,108.7081298828125,265.8533020019531,236.42376708984375,0.7818323969841003,-1,-1,-1
66,-1,134.9040069580078,67.37920379638672,154.57350158691406,132.90762329101562,0.9939541220664978,-1,-1,-1
66,-1,166.51275634765625,83.06234741210938,180.0941619873047,115.94135284423828,0.8259444832801819,-1,-1,-1
66,-1,162.24758911132812,109.93696594238281,267.3257751464844,234.35830688476562,0.6364906430244446,-1,-1,-1
67,-1,133.42031860351562,68.5260238647461,154.3436737060547,134.55911254882812,0.989668071269989,-1,-1,-1
67,-1,164.9247589111328,82.15215301513672,181.41061401367188,120.72846984863281,0.8626072406768799,-1,-1,-1
67,-1,162.20712280273438,108.89443969726562,267.24261474609375,234.86447143554688,0.7529478073120117,-1,-1,-1
68,-1,133.28048706054688,68.54393768310547,153.64573669433594,133.0070037841797,0.9809409976005554,-1,-1,-1
68,-1,164.70745849609375,82.77088928222656,181.32798767089844,120.85933685302734,0.7560349702835083,-1,-1,-1
68,-1,159.6805419921875,107.24445343017578,268.04638671875,234.12301635742188,0.6784229278564453,-1,-1,-1
69,-1,133.5372314453125,69.36507415771484,152.6571044921875,133.4398651123047,0.9836116433143616,-1,-1,-1
69,-1,163.69508361816406,86.93003845214844,178.5679473876953,120.2431869506836,0.9220198392868042,-1,-1,-1
69,-1,158.244384765625,107.64387512207031,269.4070739746094,234.680908203125,0.6156099438667297,-1,-1,-1
70,-1,132.9977569580078,69.74212646484375,153.78916931152344,135.12255859375,0.9723219871520996,-1,-1,-1
70,-1,163.42098999023438,87.8701171875,177.32894897460938,120.42935180664062,0.9435288310050964,-1,-1,-1
70,-1,160.21493530273438,108.62417602539062,268.76416015625,233.9300994873047,0.5751745104789734,-1,-1,-1
71,-1,132.9942169189453,69.75486755371094,153.78489685058594,135.1027374267578,0.9723621010780334,-1,-1,-1
71,-1,163.44850158691406,87.87145233154297,177.33309936523438,120.4516830444336,0.9470942616462708,-1,-1,-1
71,-1,160.29812622070312,108.58844757080078,268.7135925292969,233.96766662597656,0.5763420462608337,-1,-1,-1
72,-1,131.82028198242188,69.18008422851562,152.73114013671875,134.99029541015625,0.9787256717681885,-1,-1,-1
72,-1,162.04238891601562,89.01953125,175.68589782714844,121.3319320678711,0.8008386492729187,-1,-1,-1
72,-1,160.35610961914062,110.15956115722656,267.9290771484375,234.7602996826172,0.6818836331367493,-1,-1,-1
73,-1,130.88609313964844,70.43447875976562,151.7703399658203,135.85250854492188,0.9796446561813354,-1,-1,-1
73,-1,162.5428924560547,88.98114776611328,175.31777954101562,121.984375,0.7262431383132935,-1,-1,-1
73,-1,159.1678009033203,108.91500854492188,267.673095703125,235.08848571777344,0.600745677947998,-1,-1,-1
74,-1,130.65985107421875,71.75527954101562,150.7096710205078,134.85568237304688,0.9826362729072571,-1,-1,-1
74,-1,162.4966583251953,88.9005126953125,174.68984985351562,121.60201263427734,0.7867810726165771,-1,-1,-1
74,-1,159.4796142578125,111.06835174560547,268.2950439453125,234.47482299804688,0.6578462719917297,-1,-1,-1
75,-1,131.0926971435547,72.53036499023438,150.35928344726562,136.10484313964844,0.9742214679718018,-1,-1,-1
75,-1,161.48532104492188,110.911376953125,267.3955993652344,234.28506469726562,0.6285585761070251,-1,-1,-1
75,-1,161.58734130859375,89.32117462158203,174.35794067382812,122.274169921875,0.537436306476593,-1,-1,-1
76,-1,130.50283813476562,73.34925079345703,148.824462890625,133.40614318847656,0.9428516626358032,-1,-1,-1
76,-1,161.72982788085938,109.6836929321289,266.9097900390625,235.7294158935547,0.7512652277946472,-1,-1,-1
76,-1,160.88076782226562,93.47089385986328,174.1488037109375,124.2206802368164,0.5193542242050171,-1,-1,-1
77,-1,130.4882354736328,73.27104187011719,148.80921936035156,133.41543579101562,0.9452717304229736,-1,-1,-1
77,-1,161.656982421875,109.70820617675781,266.9433898925781,235.74935913085938,0.7530341148376465,-1,-1,-1
77,-1,160.87359619140625,93.44738006591797,174.15794372558594,124.21394348144531,0.537543773651123,-1,-1,-1
78,-1,129.3002166748047,73.45057678222656,149.92384338378906,132.7041473388672,0.9725887179374695,-1,-1,-1
78,-1,160.3577423095703,92.37642669677734,173.73660278320312,125.67755889892578,0.7609313130378723,-1,-1,-1
78,-1,158.10240173339844,108.87447357177734,268.1927185058594,234.85853576660156,0.5606692433357239,-1,-1,-1
79,-1,128.3791961669922,75.03023529052734,148.90756225585938,135.16165161132812,0.9815040230751038,-1,-1,-1
79,-1,158.974609375,91.04071044921875,171.5670623779297,126.33123016357422,0.8253159523010254,-1,-1,-1
79,-1,162.86415100097656,110.0433120727539,266.9753723144531,235.4103546142578,0.6011824011802673,-1,-1,-1
80,-1,128.08843994140625,74.47223663330078,148.23057556152344,137.77346801757812,0.947331428527832,-1,-1,-1
80,-1,159.08399963378906,89.99777221679688,170.5982666015625,129.3024139404297,0.8193666338920593,-1,-1,-1
80,-1,163.32334899902344,111.14851379394531,265.9054260253906,234.9031219482422,0.5267707705497742,-1,-1,-1
81,-1,128.03424072265625,77.02229309082031,146.74249267578125,142.5346221923828,0.9764857888221741,-1,-1,-1
81,-1,159.1542205810547,92.09132385253906,170.1261749267578,129.49240112304688,0.9218962788581848,-1,-1,-1
81,-1,162.24490356445312,111.38861083984375,266.6675720214844,235.14137268066406,0.67746901512146,-1,-1,-1
82,-1,126.70355987548828,76.95993041992188,147.49998474121094,144.1455078125,0.9854242205619812,-1,-1,-1
82,-1,158.96893310546875,93.00569152832031,170.4993896484375,129.95318603515625,0.9464004635810852,-1,-1,-1
82,-1,161.40225219726562,111.29377746582031,266.1257019042969,234.4490509033203,0.5865992307662964,-1,-1,-1
83,-1,126.71290588378906,76.927490234375,147.48910522460938,144.14761352539062,0.98548823595047,-1,-1,-1
83,-1,158.96697998046875,93.01828002929688,170.4958953857422,129.96250915527344,0.946220874786377,-1,-1,-1
83,-1,161.39218139648438,111.2273941040039,266.215087890625,234.42459106445312,0.5817418098449707,-1,-1,-1
84,-1,126.3223876953125,78.34846496582031,147.7267303466797,145.4085235595703,0.9718878865242004,-1,-1,-1
84,-1,158.5001983642578,94.936767578125,170.134765625,129.0496368408203,0.8645323514938354,-1,-1,-1
84,-1,162.20274353027344,112.24909210205078,266.7543640136719,234.88113403320312,0.6540350317955017,-1,-1,-1
85,-1,126.10520935058594,80.08031463623047,147.84613037109375,146.7888946533203,0.9314133524894714,-1,-1,-1
85,-1,155.8317413330078,93.75080871582031,171.83595275878906,135.7480926513672,0.7861871123313904,-1,-1,-1
85,-1,162.3465118408203,112.12410736083984,267.8747253417969,234.62802124023438,0.6313062906265259,-1,-1,-1
86,-1,123.89268493652344,80.2007827758789,143.8490447998047,149.37281799316406,0.9524051547050476,-1,-1,-1
86,-1,155.4984130859375,94.98529052734375,172.16128540039062,135.75958251953125,0.8078440427780151,-1,-1,-1
86,-1,161.8236541748047,113.13643646240234,268.1140441894531,234.64845275878906,0.7025513648986816,-1,-1,-1
87,-1,121.84223175048828,80.93192291259766,145.62643432617188,148.9091033935547,0.9752518534660339,-1,-1,-1
87,-1,155.52745056152344,95.1040267944336,172.61253356933594,138.2160186767578,0.8609288930892944,-1,-1,-1
87,-1,162.2662353515625,112.65973663330078,268.3531494140625,234.43115234375,0.553015947341919,-1,-1,-1
88,-1,121.17124938964844,81.79753112792969,143.7772979736328,148.09844970703125,0.897276759147644,-1,-1,-1
88,-1,153.95956420898438,96.42301177978516,172.0283660888672,140.46690368652344,0.8413370847702026,-1,-1,-1
88,-1,161.12840270996094,113.2729263305664,268.1815185546875,234.65342712402344,0.6030665040016174,-1,-1,-1
89,-1,121.06922149658203,81.88331604003906,143.84515380859375,147.9958038330078,0.9008811712265015,-1,-1,-1
89,-1,153.96835327148438,96.39006805419922,172.0255126953125,140.4800262451172,0.84492027759552,-1,-1,-1
89,-1,161.14993286132812,113.16940307617188,268.1402893066406,234.62815856933594,0.6112599968910217,-1,-1,-1
90,-1,120.06646728515625,82.74545288085938,143.2914581298828,147.97581481933594,0.924789309501648,-1,-1,-1
90,-1,153.9974822998047,96.96463775634766,172.029541015625,140.64175415039062,0.7840542793273926,-1,-1,-1
90,-1,162.75152587890625,112.99645233154297,266.9298095703125,235.27072143554688,0.5231902003288269,-1,-1,-1
91,-1,119.47549438476562,84.57022094726562,143.728515625,148.33538818359375,0.9872549176216125,-1,-1,-1
91,-1,154.132568359375,99.40389251708984,172.31527709960938,143.0707550048828,0.9436415433883667,-1,-1,-1
91,-1,161.95657348632812,113.13764190673828,267.5372619628906,235.18685913085938,0.7603614330291748,-1,-1,-1
92,-1,118.423828125,84.43135833740234,143.66207885742188,148.77496337890625,0.9919658303260803,-1,-1,-1
92,-1,154.07467651367188,99.26143646240234,171.73892211914062,143.73123168945312,0.8937650322914124,-1,-1,-1
92,-1,163.0937957763672,112.98433685302734,266.7237548828125,235.27694702148438,0.6144495606422424,-1,-1,-1
93,-1,118.52909088134766,84.50096130371094,141.72186279296875,149.22415161132812,0.9833256602287292,-1,-1,-1
93,-1,152.80482482910156,99.97591400146484,170.78695678710938,143.87892150878906,0.7373970746994019,-1,-1,-1
93,-1,164.0052490234375,112.73124694824219,266.45166015625,236.1913299560547,0.6423326730728149,-1,-1,-1
94,-1,117.2950668334961,85.40656280517578,141.20335388183594,150.5959014892578,0.9698928594589233,-1,-1,-1
94,-1,153.16064453125,100.4567642211914,170.1228485107422,143.37091064453125,0.7470473051071167,-1,-1,-1
94,-1,158.89901733398438,112.62324523925781,268.9293518066406,234.33827209472656,0.6598774790763855,-1,-1,-1
95,-1,117.19111633300781,85.43596649169922,141.19650268554688,150.55007934570312,0.9698120355606079,-1,-1,-1
95,-1,153.16305541992188,100.47028350830078,170.11203002929688,143.32887268066406,0.7507866621017456,-1,-1,-1
95,-1,158.86233520507812,112.53431701660156,268.94976806640625,234.3994598388672,0.6595434546470642,-1,-1,-1
96,-1,117.14730072021484,86.11072540283203,140.79393005371094,151.09645080566406,0.9557603597640991,-1,-1,-1
96,-1,153.4043731689453,100.83975219726562,169.99798583984375,144.593505859375,0.7953702211380005,-1,-1,-1
96,-1,160.7105712890625,114.09355163574219,268.48126220703125,235.00523376464844,0.7237547039985657,-1,-1,-1
97,-1,117.82756805419922,91.43873596191406,139.83702087402344,157.28085327148438,0.9767470955848694,-1,-1,-1
97,-1,153.55477905273438,102.32598876953125,169.47897338867188,144.9985809326172,0.7616658806800842,-1,-1,-1
97,-1,161.04473876953125,114.0840072631836,266.752685546875,234.69622802734375,0.6645787954330444,-1,-1,-1
98,-1,116.14788055419922,93.27339172363281,139.85311889648438,160.74392700195312,0.986510157585144,-1,-1,-1
98,-1,153.2469482421875,104.07076263427734,169.6094970703125,145.0938720703125,0.8261004090309143,-1,-1,-1
98,-1,162.4171142578125,113.8405532836914,266.7622985839844,235.06930541992188,0.6842910051345825,-1,-1,-1
99,-1,115.31843566894531,94.5470962524414,139.00247192382812,162.48910522460938,0.9789847731590271,-1,-1,-1
99,-1,153.27867126464844,107.23114013671875,170.5866241455078,147.6508026123047,0.7995854020118713,-1,-1,-1
99,-1,161.77615356445312,113.10403442382812,266.513916015625,234.73545837402344,0.6183302998542786,-1,-1,-1
100,-1,114.91464233398438,95.74414825439453,139.44314575195312,162.24290466308594,0.9588561654090881,-1,-1,-1
100,-1,152.86988830566406,107.91268157958984,170.59832763671875,148.68170166015625,0.924812376499176,-1,-1,-1
100,-1,163.32460021972656,111.64712524414062,266.8210754394531,235.4607391357422,0.6915711760520935,-1,-1,-1
101,-1,114.89762115478516,95.73355102539062,139.43666076660156,162.26202392578125,0.9586160182952881,-1,-1,-1
101,-1,152.8732452392578,107.92578125,170.60264587402344,148.7074737548828,0.923888087272644,-1,-1,-1
101,-1,163.37716674804688,111.66804504394531,266.7989807128906,235.4775848388672,0.6891764998435974,-1,-1,-1
102,-1,111.85738372802734,94.33654022216797,148.6399383544922,167.40219116210938,0.9536662101745605,-1,-1,-1
102,-1,151.97036743164062,107.1843032836914,170.89393615722656,148.0418701171875,0.8279856443405151,-1,-1,-1
103,-1,152.91018676757812,109.9007797241211,170.93890380859375,148.13172912597656,0.8760574460029602,-1,-1,-1
103,-1,113.60610961914062,97.14863586425781,137.47430419921875,164.11094665527344,0.8036635518074036,-1,-1,-1
103,-1,171.33766174316406,117.83229064941406,255.78976440429688,223.2733917236328,0.5391141772270203,-1,-1,-1
104,-1,152.5515594482422,109.53583526611328,170.8631134033203,148.79994201660156,0.8705143928527832,-1,-1,-1
104,-1,113.96356201171875,99.03524780273438,137.23788452148438,167.93136596679688,0.733641505241394,-1,-1,-1
105,-1,110.76956176757812,98.0460205078125,149.65602111816406,170.96359252929688,0.8770901560783386,-1,-1,-1
105,-1,152.72317504882812,109.81510925292969,170.97093200683594,147.7335205078125,0.836027204990387,-1,-1,-1
106,-1,111.77793884277344,100.79088592529297,137.9381103515625,167.75982666015625,0.9339212775230408,-1,-1,-1
106,-1,152.873779296875,111.43389129638672,170.82383728027344,149.7178955078125,0.8706740736961365,-1,-1,-1
107,-1,111.74722290039062,100.72833251953125,138.01666259765625,167.77818298339844,0.9324558973312378,-1,-1,-1
107,-1,152.85787963867188,111.4022216796875,170.802734375,149.6933135986328,0.8699944615364075,-1,-1,-1
108,-1,111.85749816894531,101.50352478027344,136.83920288085938,167.81600952148438,0.9545947313308716,-1,-1,-1
108,-1,153.3205108642578,112.18649291992188,170.80960083007812,155.13592529296875,0.6601645350456238,-1,-1,-1
109,-1,109.14871215820312,98.95877838134766,134.78585815429688,169.4739227294922,0.9862560033798218,-1,-1,-1
109,-1,154.396484375,112.66033172607422,171.455078125,156.42723083496094,0.5317085981369019,-1,-1,-1
110,-1,108.05603790283203,101.0817642211914,134.6932830810547,169.05438232421875,0.9801865816116333,-1,-1,-1
110,-1,154.34442138671875,113.79611206054688,172.2279052734375,156.42523193359375,0.8437145352363586,-1,-1,-1
110,-1,164.40243530273438,111.72142028808594,265.95947265625,236.8289794921875,0.5215017199516296,-1,-1,-1
111,-1,107.36087799072266,103.20028686523438,132.96688842773438,167.2626190185547,0.9847008585929871,-1,-1,-1
111,-1,155.08419799804688,116.34040069580078,173.05747985839844,156.67477416992188,0.9113496541976929,-1,-1,-1
111,-1,120.46202087402344,133.72830200195312,134.06800842285156,151.6692352294922,0.7756860256195068,-1,-1,-1
112,-1,106.54734802246094,107.52286529541016,131.95718383789062,167.57933044433594,0.9767691493034363,-1,-1,-1
112,-1,154.7854461669922,115.2972183227539,172.87747192382812,158.13299560546875,0.5621203184127808,-1,-1,-1
113,-1,106.55907440185547,107.4979019165039,131.97462463378906,167.536376953125,0.9766250252723694,-1,-1,-1
113,-1,154.74539184570312,115.36100769042969,172.8785858154297,158.3978729248047,0.5574535131454468,-1,-1,-1
114,-1,105.4258804321289,108.07194519042969,129.0908966064453,171.31552124023438,0.931105375289917,-1,-1,-1
114,-1,121.1985855102539,137.76171875,133.9439697265625,157.13507080078125,0.5271347761154175,-1,-1,-1
115,-1,106.09365844726562,108.21549987792969,130.44419860839844,173.8567657470703,0.9511741995811462,-1,-1,-1
115,-1,164.48190307617188,112.8585433959961,266.16455078125,236.05111694335938,0.5476716160774231,-1,-1,-1
115,-1,155.8656768798828,115.96378326416016,172.41571044921875,158.7420196533203,0.5253744125366211,-1,-1,-1
116,-1,106.10375213623047,111.17942810058594,130.55455017089844,174.73208618164062,0.8406080007553101,-1,-1,-1
116,-1,155.18128967285156,116.33141326904297,171.71389770507812,160.64244079589844,0.643473207950592,-1,-1,-1
116,-1,171.8321533203125,118.76731872558594,257.27813720703125,223.8439483642578,0.5035925507545471,-1,-1,-1
117,-1,105.35890197753906,112.36811065673828,130.4539337158203,180.7989959716797,0.8516032695770264,-1,-1,-1
117,-1,154.86756896972656,119.06827545166016,172.3208465576172,163.1669921875,0.7013438940048218,-1,-1,-1
118,-1,104.75971221923828,114.02172088623047,127.42603302001953,182.43533325195312,0.8316442370414734,-1,-1,-1
118,-1,154.2664794921875,121.80352783203125,172.0814208984375,165.1434783935547,0.7925335168838501,-1,-1,-1
119,-1,104.74008178710938,114.02175903320312,127.39999389648438,182.42774963378906,0.834675133228302,-1,-1,-1
119,-1,154.2566375732422,121.74529266357422,172.09585571289062,165.18234252929688,0.7966391444206238,-1,-1,-1
120,-1,103.48517608642578,113.14230346679688,128.41627502441406,184.15130615234375,0.8287997245788574,-1,-1,-1
120,-1,154.17135620117188,123.38851165771484,171.25320434570312,168.739501953125,0.7740554213523865,-1,-1,-1
121,-1,154.13211059570312,124.02364349365234,171.54852294921875,168.9056854248047,0.6317954063415527,-1,-1,-1
122,-1,154.22364807128906,124.94293212890625,172.11184692382812,167.92489624023438,0.8645520210266113,-1,-1,-1
123,-1,153.3842315673828,125.76252746582031,172.16163635253906,167.5060272216797,0.9313157796859741,-1,-1,-1
123,-1,103.14616394042969,116.0737075805664,149.51300048828125,191.4423370361328,0.7308359146118164,-1,-1,-1
123,-1,101.96269226074219,116.77041625976562,125.5539321899414,186.4857177734375,0.5605920553207397,-1,-1,-1
124,-1,153.33726501464844,127.30463409423828,172.17739868164062,165.8789520263672,0.8760461807250977,-1,-1,-1
124,-1,100.8082504272461,118.39412689208984,127.02879333496094,185.74757385253906,0.7782854437828064,-1,-1,-1
125,-1,153.35110473632812,127.3211441040039,172.186767578125,165.8831787109375,0.8752918839454651,-1,-1,-1
125,-1,100.79532623291016,118.36534118652344,127.02009582519531,185.76197814941406,0.7749091982841492,-1,-1,-1
126,-1,153.5695037841797,129.9868927001953,172.07568359375,166.9749755859375,0.7837317585945129,-1,-1,-1
126,-1,100.69670867919922,119.81819152832031,127.2646713256836,185.45416259765625,0.7469674944877625,-1,-1,-1
127,-1,99.27100372314453,121.03826904296875,128.0547637939453,184.53857421875,0.974327802658081,-1,-1,-1
127,-1,153.899169921875,130.68963623046875,172.20889282226562,171.44432067871094,0.9058951735496521,-1,-1,-1
128,-1,153.81106567382812,131.0661163330078,171.25120544433594,174.74403381347656,0.880252480506897,-1,-1,-1
128,-1,99.72817993164062,121.19058227539062,128.1724395751953,187.96322631835938,0.8487867712974548,-1,-1,-1
128,-1,171.21395874023438,118.17396545410156,258.1291809082031,222.94419860839844,0.5094118118286133,-1,-1,-1
129,-1,153.08409118652344,133.81185913085938,171.37442016601562,177.12655639648438,0.6463479995727539,-1,-1,-1
129,-1,99.23768615722656,125.40773010253906,126.7195053100586,191.21096801757812,0.6369344592094421,-1,-1,-1
129,-1,172.73794555664062,118.2235107421875,256.8206481933594,222.25323486328125,0.5537553429603577,-1,-1,-1
130,-1,95.54412078857422,123.9533462524414,130.0294647216797,200.0738067626953,0.6418490409851074,-1,-1,-1
130,-1,172.02593994140625,117.17855834960938,256.4879150390625,223.4691619873047,0.5016409754753113,-1,-1,-1
131,-1,95.5521011352539,124.01854705810547,129.99200439453125,200.20352172851562,0.6276678442955017,-1,-1,-1
131,-1,171.9697265625,117.01801300048828,256.41473388671875,223.465576171875,0.5003451108932495,-1,-1,-1
132,-1,95.33260345458984,125.92748260498047,129.2221221923828,203.72344970703125,0.8139777779579163,-1,-1,-1
132,-1,154.01370239257812,134.50149536132812,171.56263732910156,177.27352905273438,0.784088671207428,-1,-1,-1
133,-1,153.4701690673828,134.00765991210938,171.16427612304688,184.42803955078125,0.8237211108207703,-1,-1,-1
133,-1,96.33422088623047,126.5602798461914,128.15908813476562,206.15870666503906,0.7611562013626099,-1,-1,-1
134,-1,152.43475341796875,135.2875213623047,171.0260772705078,184.7521514892578,0.815398633480072,-1,-1,-1
134,-1,96.83513641357422,131.80728149414062,129.20440673828125,209.29888916015625,0.5493642091751099,-1,-1,-1
135,-1,151.81886291503906,136.1807098388672,171.22982788085938,184.28781127929688,0.8198260068893433,-1,-1,-1
135,-1,96.67224884033203,131.55154418945312,132.81541442871094,211.3890380859375,0.5856976509094238,-1,-1,-1
136,-1,95.9825210571289,132.78099060058594,130.1498260498047,211.67156982421875,0.9199095964431763,-1,-1,-1
136,-1,147.81703186035156,137.12913513183594,170.1373291015625,183.3042449951172,0.9120402336120605,-1,-1,-1
137,-1,95.96538543701172,132.78268432617188,130.158203125,211.64138793945312,0.9200627207756042,-1,-1,-1
137,-1,147.8320770263672,137.14541625976562,170.11575317382812,183.27513122558594,0.9086589217185974,-1,-1,-1
138,-1,146.51251220703125,139.14254760742188,170.5267333984375,186.65621948242188,0.9442142248153687,-1,-1,-1
138,-1,95.23726654052734,134.27755737304688,133.8433380126953,212.80128479003906,0.7934635877609253,-1,-1,-1
139,-1,94.56488037109375,134.6625213623047,135.0980987548828,214.49337768554688,0.9381830096244812,-1,-1,-1
139,-1,144.35403442382812,141.34999084472656,171.31259155273438,186.77456665039062,0.9286190867424011,-1,-1,-1
140,-1,94.469482421875,135.60321044921875,132.73435974121094,214.16659545898438,0.8863494396209717,-1,-1,-1
140,-1,144.25653076171875,143.60939025878906,169.81976318359375,187.998046875,0.8109186887741089,-1,-1,-1
141,-1,92.39561462402344,138.07431030273438,124.91423034667969,212.82012939453125,0.8650713562965393,-1,-1,-1
141,-1,143.32220458984375,144.8857879638672,168.43365478515625,188.87171936035156,0.8473256826400757,-1,-1,-1
142,-1,94.9611587524414,138.39796447753906,131.74588012695312,214.64312744140625,0.8502855896949768,-1,-1,-1
142,-1,144.7068328857422,145.41122436523438,167.9329071044922,189.00076293945312,0.7377467155456543,-1,-1,-1
143,-1,94.96078491210938,138.4214324951172,131.7068634033203,214.62692260742188,0.8534317016601562,-1,-1,-1
143,-1,144.71798706054688,145.40525817871094,167.92648315429688,189.01223754882812,0.7376242280006409,-1,-1,-1
144,-1,94.00422668457031,139.0429229736328,131.86061096191406,212.7216033935547,0.7157647013664246,-1,-1,-1
144,-1,143.15835571289062,145.47088623046875,167.7896270751953,189.39540100097656,0.5719966292381287,-1,-1,-1
145,-1,92.43013000488281,141.27613830566406,125.57971954345703,214.12982177734375,0.8916274905204773,-1,-1,-1
145,-1,144.88748168945312,148.68174743652344,168.94081115722656,193.83555603027344,0.5948910713195801,-1,-1,-1
146,-1,92.86979675292969,143.34701538085938,125.38997650146484,216.98861694335938,0.890392541885376,-1,-1,-1
147,-1,92.14015197753906,146.13096618652344,125.78357696533203,222.0777130126953,0.9602587223052979,-1,-1,-1
147,-1,145.69955444335938,148.284423828125,168.41836547851562,194.01815795898438,0.6014001369476318,-1,-1,-1
148,-1,91.28093719482422,146.64418029785156,126.71446228027344,227.0023956298828,0.7546012997627258,-1,-1,-1
149,-1,91.24662780761719,146.64822387695312,126.69851684570312,226.9961395263672,0.7624343633651733,-1,-1,-1
150,-1,91.64591979980469,148.0185089111328,126.3723373413086,230.6957550048828,0.7272975444793701,-1,-1,-1
151,-1,90.481201171875,151.4493865966797,127.16472625732422,229.39056396484375,0.6364520788192749,-1,-1,-1
158,-1,144.05694580078125,161.28392028808594,171.0999298095703,207.08114624023438,0.5467796921730042,-1,-1,-1
162,-1,87.84300231933594,169.88784790039062,127.72270965576172,237.61802673339844,0.6195018291473389,-1,-1,-1
171,-1,89.43932342529297,187.63963317871094,127.94744873046875,239.67816162109375,0.5926166772842407,-1,-1,-1
181,-1,86.65969848632812,206.5752716064453,125.86619567871094,239.57725524902344,0.514611542224884,-1,-1,-1
