117,-1,241.56192016601562,59.641876220703125,253.53457641601562,77.3879165649414,0.542311429977417,-1,-1,-1
117,-1,224.00076293945312,59.63521957397461,235.93753051757812,78.75826263427734,0.5367250442504883,-1,-1,-1
118,-1,223.9745330810547,59.63650131225586,235.80422973632812,78.77500915527344,0.5233597159385681,-1,-1,-1
118,-1,241.58995056152344,59.618507385253906,253.5368194580078,77.46598815917969,0.5017611980438232,-1,-1,-1
119,-1,223.97630310058594,59.65416717529297,235.83514404296875,78.7608413696289,0.5167048573493958,-1,-1,-1
120,-1,241.33013916015625,59.693782806396484,253.58253479003906,77.29185485839844,0.5118588209152222,-1,-1,-1
121,-1,223.61595153808594,59.61141586303711,236.25479125976562,78.96373748779297,0.6746090054512024,-1,-1,-1
121,-1,241.08726501464844,59.24409103393555,253.41026306152344,78.39248657226562,0.5537580251693726,-1,-1,-1
122,-1,223.64016723632812,59.58108901977539,236.20994567871094,78.99444580078125,0.6918234825134277,-1,-1,-1
122,-1,241.10238647460938,59.203819274902344,253.44357299804688,78.45475769042969,0.5508760809898376,-1,-1,-1
123,-1,223.07650756835938,59.22614288330078,236.53533935546875,79.85985565185547,0.5648407340049744,-1,-1,-1
123,-1,240.68907165527344,59.15058898925781,254.3323974609375,80.1175765991211,0.5548720359802246,-1,-1,-1
124,-1,223.12808227539062,59.14873504638672,236.44418334960938,80.03898620605469,0.6058349013328552,-1,-1,-1
124,-1,240.60458374023438,59.239994049072266,254.0745849609375,80.03289031982422,0.5988360047340393,-1,-1,-1
125,-1,223.12136840820312,59.1339111328125,236.43368530273438,80.06394958496094,0.6093841195106506,-1,-1,-1
125,-1,240.58108520507812,59.24589920043945,254.07217407226562,80.05973052978516,0.6028135418891907,-1,-1,-1
126,-1,240.42257690429688,59.39191436767578,254.27337646484375,80.0652084350586,0.6013672947883606,-1,-1,-1
126,-1,222.98077392578125,59.17045974731445,236.08700561523438,80.44879913330078,0.5573939681053162,-1,-1,-1
127,-1,222.7859649658203,58.62773132324219,236.28370666503906,80.87694549560547,0.7203406691551208,-1,-1,-1
127,-1,240.87950134277344,59.5031852722168,253.83395385742188,80.06604766845703,0.5567116737365723,-1,-1,-1
128,-1,222.9088134765625,58.56758499145508,236.3115692138672,80.88187408447266,0.700606107711792,-1,-1,-1
128,-1,240.9003448486328,59.56071090698242,253.863037109375,79.76799774169922,0.5445263385772705,-1,-1,-1
129,-1,222.9078826904297,58.51414489746094,236.22958374023438,81.0435791015625,0.6090836524963379,-1,-1,-1
129,-1,241.415283203125,59.622581481933594,253.87603759765625,79.56123352050781,0.529892086982727,-1,-1,-1
130,-1,222.87994384765625,58.49176025390625,236.17799377441406,81.07460021972656,0.6148353219032288,-1,-1,-1
130,-1,241.4178466796875,59.525909423828125,253.88465881347656,79.85641479492188,0.5241596102714539,-1,-1,-1
131,-1,222.88491821289062,58.50240707397461,236.1494140625,81.0450439453125,0.6215279698371887,-1,-1,-1
131,-1,241.42225646972656,59.51937484741211,253.87892150878906,79.85811614990234,0.524490237236023,-1,-1,-1
132,-1,223.01026916503906,59.266170501708984,235.7288818359375,84.06835174560547,0.6608045101165771,-1,-1,-1
132,-1,162.21783447265625,59.292381286621094,224.19776916503906,79.02706146240234,0.5670470595359802,-1,-1,-1
132,-1,241.72390747070312,59.58775329589844,253.94773864746094,79.88909912109375,0.5259582996368408,-1,-1,-1
133,-1,170.71617126464844,56.67950439453125,233.3157196044922,80.7760238647461,0.8149839043617249,-1,-1,-1
133,-1,223.07640075683594,58.92195510864258,234.8776092529297,84.64017486572266,0.7120311856269836,-1,-1,-1
133,-1,242.14306640625,59.256134033203125,253.23513793945312,79.96005249023438,0.5712259411811829,-1,-1,-1
134,-1,171.10369873046875,56.6582145690918,233.05223083496094,80.69509887695312,0.8085877299308777,-1,-1,-1
134,-1,223.04603576660156,58.88433837890625,234.92845153808594,84.73694610595703,0.7064575552940369,-1,-1,-1
134,-1,242.0303497314453,59.253047943115234,253.30397033691406,80.00643157958984,0.5367952585220337,-1,-1,-1
135,-1,171.07469177246094,55.91938781738281,236.84072875976562,82.26626586914062,0.9130911231040955,-1,-1,-1
135,-1,242.7672576904297,58.930397033691406,253.0287322998047,79.75098419189453,0.5442476868629456,-1,-1,-1
136,-1,171.2003936767578,55.786277770996094,236.75782775878906,82.47486114501953,0.9094274044036865,-1,-1,-1
137,-1,171.1835479736328,55.778724670410156,236.76048278808594,82.48101806640625,0.9083811044692993,-1,-1,-1
138,-1,175.1863250732422,58.03554153442383,238.56661987304688,85.76817321777344,0.8557822704315186,-1,-1,-1
139,-1,178.26133728027344,59.33650207519531,252.52572631835938,88.0627670288086,0.9669494032859802,-1,-1,-1
140,-1,178.27120971679688,59.18503952026367,252.62757873535156,88.23725891113281,0.9706148505210876,-1,-1,-1
141,-1,180.86337280273438,59.69149398803711,253.7377166748047,89.59829711914062,0.752554178237915,-1,-1,-1
142,-1,181.0183563232422,59.718284606933594,253.70059204101562,89.63002014160156,0.7405903935432434,-1,-1,-1
143,-1,180.99363708496094,59.70005798339844,253.7035369873047,89.6227798461914,0.7457959055900574,-1,-1,-1
145,-1,189.25677490234375,60.277748107910156,262.4060363769531,96.68852996826172,0.523587703704834,-1,-1,-1
146,-1,189.19615173339844,60.33130645751953,262.31097412109375,96.78297424316406,0.5325408577919006,-1,-1,-1
162,-1,189.6717529296875,59.603294372558594,262.89044189453125,98.14720916748047,0.5545904040336609,-1,-1,-1
163,-1,190.00881958007812,59.013328552246094,261.416748046875,98.95050811767578,0.6396225094795227,-1,-1,-1
164,-1,189.9832305908203,59.109954833984375,261.3062438964844,98.77540588378906,0.5842565894126892,-1,-1,-1
187,-1,183.82925415039062,59.22018051147461,254.1583251953125,94.92453002929688,0.5684245228767395,-1,-1,-1
188,-1,183.27804565429688,59.23021697998047,254.68641662597656,94.40824890136719,0.5675254464149475,-1,-1,-1
189,-1,183.3978271484375,59.412864685058594,253.52957153320312,92.73343658447266,0.6970815658569336,-1,-1,-1
190,-1,183.43324279785156,59.52202224731445,253.50796508789062,92.82245635986328,0.6887805461883545,-1,-1,-1
191,-1,183.3953094482422,59.525840759277344,253.56069946289062,92.8157958984375,0.6922309398651123,-1,-1,-1
193,-1,180.2183380126953,60.62310791015625,257.4001159667969,87.08602905273438,0.7797432541847229,-1,-1,-1
193,-1,207.33602905273438,66.07450866699219,226.4598388671875,105.66024780273438,0.6905195116996765,-1,-1,-1
194,-1,180.28868103027344,60.64520263671875,256.97589111328125,87.09649658203125,0.7480388879776001,-1,-1,-1
194,-1,207.2128448486328,65.97295379638672,226.5316925048828,105.79845428466797,0.6723282337188721,-1,-1,-1
195,-1,205.6358184814453,65.2481460571289,227.08944702148438,107.31544494628906,0.5312186479568481,-1,-1,-1
196,-1,205.64950561523438,65.38153076171875,226.98965454101562,107.08401489257812,0.505626916885376,-1,-1,-1
197,-1,205.6509246826172,65.38552856445312,226.98927307128906,107.08601379394531,0.5046273469924927,-1,-1,-1
198,-1,175.88671875,60.425506591796875,257.54803466796875,88.38365173339844,0.8163289427757263,-1,-1,-1
198,-1,203.24908447265625,63.52708435058594,220.58387756347656,112.21768951416016,0.6593471765518188,-1,-1,-1
199,-1,196.4368896484375,69.03951263427734,217.2772979736328,112.31596374511719,0.9135221838951111,-1,-1,-1
199,-1,177.4515380859375,59.70585632324219,255.15113830566406,87.2937240600586,0.6455806493759155,-1,-1,-1
200,-1,196.4049530029297,67.7857894897461,216.96168518066406,113.47867584228516,0.8980082869529724,-1,-1,-1
200,-1,177.57749938964844,59.77751541137695,255.0171661376953,88.08042907714844,0.5238925814628601,-1,-1,-1
201,-1,192.05386352539062,66.76750183105469,216.83489990234375,114.28717041015625,0.9006807208061218,-1,-1,-1
201,-1,177.87503051757812,59.636756896972656,256.2234191894531,88.769775390625,0.7394027709960938,-1,-1,-1
202,-1,191.90280151367188,66.61327362060547,216.84539794921875,114.68698120117188,0.8997693061828613,-1,-1,-1
202,-1,177.7783966064453,59.47136688232422,256.36181640625,88.90251922607422,0.7286148071289062,-1,-1,-1
203,-1,191.99339294433594,66.54486846923828,216.8430938720703,114.69623565673828,0.9048196077346802,-1,-1,-1
203,-1,177.79678344726562,59.477500915527344,256.38824462890625,88.81057739257812,0.7333164215087891,-1,-1,-1
204,-1,189.6438446044922,65.08760833740234,215.84774780273438,115.20177459716797,0.961576521396637,-1,-1,-1
204,-1,179.3745574951172,59.05046844482422,255.52520751953125,88.1588363647461,0.8774887323379517,-1,-1,-1
205,-1,188.28514099121094,65.19023895263672,215.42837524414062,115.26815795898438,0.9528576135635376,-1,-1,-1
205,-1,201.41665649414062,59.12394714355469,252.58445739746094,91.92510986328125,0.9023512601852417,-1,-1,-1
206,-1,188.3454132080078,64.99431610107422,215.50692749023438,115.33761596679688,0.9549012780189514,-1,-1,-1
206,-1,202.05990600585938,59.118995666503906,252.2247314453125,91.8509521484375,0.9093589782714844,-1,-1,-1
207,-1,187.86660766601562,65.13728332519531,214.6607666015625,115.43086242675781,0.9604265093803406,-1,-1,-1
207,-1,200.80838012695312,59.071224212646484,251.61837768554688,91.5101089477539,0.8734332919120789,-1,-1,-1
208,-1,188.03201293945312,65.1880111694336,214.5305633544922,115.46973419189453,0.959381639957428,-1,-1,-1
208,-1,200.90951538085938,59.02970504760742,251.1593780517578,91.50261688232422,0.8607683777809143,-1,-1,-1
209,-1,188.0084228515625,65.11075592041016,214.46942138671875,115.52959442138672,0.9593821167945862,-1,-1,-1
209,-1,200.97007751464844,59.02583312988281,251.15440368652344,91.51907348632812,0.8591110110282898,-1,-1,-1
210,-1,186.9884490966797,65.50030517578125,213.13629150390625,115.24205780029297,0.9557047486305237,-1,-1,-1
210,-1,200.85574340820312,59.42118835449219,250.09254455566406,91.44063568115234,0.6536772847175598,-1,-1,-1
211,-1,183.5832977294922,65.79180908203125,213.5267333984375,117.8912582397461,0.9837120175361633,-1,-1,-1
211,-1,189.4322509765625,59.25563049316406,243.8330841064453,91.01715087890625,0.8942075371742249,-1,-1,-1
212,-1,183.7031707763672,65.74446105957031,213.48959350585938,118.16533660888672,0.9848834872245789,-1,-1,-1
212,-1,189.8861541748047,59.29402160644531,243.74920654296875,91.00035858154297,0.872501015663147,-1,-1,-1
213,-1,182.7041778564453,64.79873657226562,213.59605407714844,119.4113540649414,0.9871182441711426,-1,-1,-1
213,-1,189.5076141357422,59.08824157714844,243.04991149902344,90.41699981689453,0.9247603416442871,-1,-1,-1
214,-1,182.6748809814453,64.81278228759766,213.63107299804688,119.11708068847656,0.9849557280540466,-1,-1,-1
214,-1,189.2572784423828,59.07571792602539,243.0718231201172,90.39078521728516,0.9197837710380554,-1,-1,-1
215,-1,182.66659545898438,64.81194305419922,213.63426208496094,119.12369537353516,0.9848271608352661,-1,-1,-1
215,-1,189.21328735351562,59.068084716796875,243.0789337158203,90.39282989501953,0.9199109077453613,-1,-1,-1
216,-1,179.46083068847656,68.72048950195312,210.24075317382812,125.03810119628906,0.9851038455963135,-1,-1,-1
216,-1,192.69944763183594,59.78838348388672,242.20950317382812,89.10298156738281,0.8280824422836304,-1,-1,-1
217,-1,178.3321990966797,71.58560943603516,209.04165649414062,126.72599029541016,0.9880690574645996,-1,-1,-1
218,-1,178.38197326660156,71.77252960205078,208.50863647460938,126.7768783569336,0.9867892265319824,-1,-1,-1
219,-1,179.13003540039062,73.27555084228516,206.8876495361328,128.04595947265625,0.9813358783721924,-1,-1,-1
219,-1,190.92247009277344,58.88566207885742,241.7770233154297,89.33981323242188,0.6245988607406616,-1,-1,-1
220,-1,179.1454315185547,73.3117904663086,207.0496826171875,127.94285583496094,0.9807817339897156,-1,-1,-1
220,-1,190.45208740234375,58.89207077026367,241.9586181640625,89.06259155273438,0.5320625305175781,-1,-1,-1
221,-1,179.14675903320312,73.2766342163086,207.0455780029297,127.9475326538086,0.9809694290161133,-1,-1,-1
221,-1,190.42396545410156,58.90483093261719,241.9595489501953,89.06387329101562,0.5291067957878113,-1,-1,-1
222,-1,181.51699829101562,75.27820587158203,206.21011352539062,130.93019104003906,0.9854103922843933,-1,-1,-1
222,-1,186.73239135742188,59.358463287353516,241.8907012939453,88.9590835571289,0.6277457475662231,-1,-1,-1
223,-1,183.15443420410156,75.8118896484375,205.71713256835938,131.86309814453125,0.9861478209495544,-1,-1,-1
223,-1,171.07904052734375,58.8525276184082,242.02566528320312,86.80313110351562,0.5548455119132996,-1,-1,-1
224,-1,183.05502319335938,76.44315338134766,205.50315856933594,131.6953125,0.9858322143554688,-1,-1,-1
224,-1,171.72959899902344,58.71548080444336,241.83245849609375,87.06610107421875,0.5995722413063049,-1,-1,-1
225,-1,183.6717987060547,76.15396118164062,205.37173461914062,132.12353515625,0.9879732131958008,-1,-1,-1
225,-1,182.06838989257812,59.58641815185547,242.29306030273438,87.81144714355469,0.7749011516571045,-1,-1,-1
225,-1,189.3874969482422,126.03793334960938,199.27694702148438,132.93603515625,0.689009964466095,-1,-1,-1
225,-1,172.76144409179688,58.81663513183594,241.06396484375,87.12293243408203,0.5528074502944946,-1,-1,-1
226,-1,183.69876098632812,75.6021957397461,205.4407501220703,132.25816345214844,0.9892720580101013,-1,-1,-1
226,-1,181.90438842773438,59.75432205200195,242.32540893554688,87.6919174194336,0.8099972605705261,-1,-1,-1
226,-1,189.37498474121094,125.98030853271484,199.22518920898438,132.88943481445312,0.6702839732170105,-1,-1,-1
227,-1,183.68304443359375,75.79916381835938,205.394287109375,132.20394897460938,0.9889469742774963,-1,-1,-1
227,-1,181.73597717285156,59.7613639831543,242.39625549316406,87.6870346069336,0.8116297125816345,-1,-1,-1
227,-1,189.38783264160156,125.96358489990234,199.20938110351562,132.9088592529297,0.6731019616127014,-1,-1,-1
228,-1,187.54833984375,76.02796173095703,208.6487579345703,134.74559020996094,0.9176265597343445,-1,-1,-1
228,-1,183.10012817382812,59.56403350830078,240.7125701904297,87.19425201416016,0.8069325089454651,-1,-1,-1
228,-1,175.86923217773438,58.92625045776367,238.16415405273438,86.53832244873047,0.6683996319770813,-1,-1,-1
229,-1,189.9227752685547,88.47798919677734,209.23562622070312,134.7981719970703,0.9009860754013062,-1,-1,-1
229,-1,176.16314697265625,58.74606704711914,235.66932678222656,86.49555969238281,0.6842672824859619,-1,-1,-1
230,-1,189.85215759277344,88.81460571289062,209.2880401611328,134.65484619140625,0.9097464680671692,-1,-1,-1
230,-1,176.19998168945312,58.802574157714844,235.69557189941406,86.53544616699219,0.6473352313041687,-1,-1,-1
231,-1,190.5222930908203,90.62589263916016,210.7377471923828,134.5132293701172,0.905667245388031,-1,-1,-1
231,-1,176.83746337890625,58.791934967041016,235.0902557373047,86.32505798339844,0.7108960151672363,-1,-1,-1
232,-1,190.4273681640625,90.62793731689453,210.70712280273438,134.87669372558594,0.9251781105995178,-1,-1,-1
232,-1,176.25143432617188,58.86653137207031,234.99661254882812,86.28582000732422,0.7143979668617249,-1,-1,-1
233,-1,190.42327880859375,90.63392639160156,210.6981658935547,134.888671875,0.9243178367614746,-1,-1,-1
233,-1,176.26858520507812,58.88703536987305,234.99301147460938,86.2710189819336,0.7187646627426147,-1,-1,-1
234,-1,190.35643005371094,91.71635437011719,213.4287872314453,135.06979370117188,0.9525094032287598,-1,-1,-1
234,-1,176.70494079589844,58.606719970703125,234.32302856445312,85.7576675415039,0.7681165337562561,-1,-1,-1
234,-1,184.1905517578125,59.43874740600586,237.89532470703125,85.97927856445312,0.5070523619651794,-1,-1,-1
235,-1,190.87924194335938,93.32222747802734,216.87356567382812,136.76116943359375,0.9542854428291321,-1,-1,-1
235,-1,175.6868133544922,57.87345886230469,233.0838165283203,82.27143096923828,0.6427671909332275,-1,-1,-1
236,-1,190.8299560546875,93.58966827392578,216.88998413085938,136.38771057128906,0.9549254179000854,-1,-1,-1
236,-1,175.78565979003906,57.870628356933594,233.26214599609375,82.2872085571289,0.6195125579833984,-1,-1,-1
237,-1,190.97622680664062,92.81239318847656,219.28305053710938,137.83653259277344,0.9570737481117249,-1,-1,-1
237,-1,175.58270263671875,58.64537048339844,232.13763427734375,85.72359466552734,0.793953001499176,-1,-1,-1
238,-1,190.97238159179688,93.00830841064453,219.20509338378906,137.7268829345703,0.9576098918914795,-1,-1,-1
238,-1,175.6580352783203,58.67034912109375,232.24191284179688,85.64244079589844,0.7878674864768982,-1,-1,-1
239,-1,190.99412536621094,93.02787017822266,219.18997192382812,137.65721130371094,0.9571002125740051,-1,-1,-1
239,-1,175.5958251953125,58.66242599487305,232.222900390625,85.66785430908203,0.79807049036026,-1,-1,-1
240,-1,173.74908447265625,58.62124252319336,230.5213165283203,85.40086364746094,0.8979269862174988,-1,-1,-1
241,-1,200.28240966796875,100.43500518798828,226.81161499023438,146.8335418701172,0.9466751217842102,-1,-1,-1
241,-1,174.6977081298828,58.002357482910156,228.70298767089844,81.93709564208984,0.8670962452888489,-1,-1,-1
242,-1,200.22091674804688,100.423828125,226.95294189453125,146.89877319335938,0.9515613317489624,-1,-1,-1
242,-1,174.53533935546875,57.9465446472168,228.62867736816406,81.943359375,0.8750017285346985,-1,-1,-1
243,-1,200.64227294921875,102.53541564941406,227.55540466308594,147.6569366455078,0.9194528460502625,-1,-1,-1
243,-1,174.69375610351562,57.97883605957031,228.32876586914062,81.75269317626953,0.8541589379310608,-1,-1,-1
244,-1,200.523681640625,102.37261962890625,227.6352081298828,147.6256103515625,0.924396812915802,-1,-1,-1
244,-1,174.84754943847656,58.014869689941406,228.4445037841797,81.69862365722656,0.8499037623405457,-1,-1,-1
245,-1,200.52711486816406,102.35059356689453,227.63751220703125,147.5971221923828,0.9247059226036072,-1,-1,-1
245,-1,174.77777099609375,58.01295852661133,228.45289611816406,81.70995330810547,0.8509094715118408,-1,-1,-1
246,-1,199.60745239257812,103.3096923828125,229.15292358398438,151.5712127685547,0.9753777980804443,-1,-1,-1
246,-1,174.20062255859375,57.23470687866211,227.53253173828125,82.11644744873047,0.8055218458175659,-1,-1,-1
247,-1,200.18287658691406,103.63884735107422,229.2831268310547,157.49241638183594,0.9415503144264221,-1,-1,-1
247,-1,173.38113403320312,56.61112976074219,227.19760131835938,82.29749298095703,0.8825543522834778,-1,-1,-1
248,-1,200.1057586669922,103.66262817382812,229.2872314453125,157.4579315185547,0.9443786144256592,-1,-1,-1
248,-1,173.4270477294922,56.691062927246094,227.19573974609375,82.1811752319336,0.880901575088501,-1,-1,-1
249,-1,172.94369506835938,57.15165328979492,226.53018188476562,81.94324493408203,0.9206930994987488,-1,-1,-1
249,-1,199.28012084960938,107.57990264892578,227.5133514404297,163.63552856445312,0.9196617603302002,-1,-1,-1
250,-1,199.1400146484375,108.37197875976562,227.38507080078125,163.50436401367188,0.9089153409004211,-1,-1,-1
250,-1,172.4040069580078,57.198341369628906,226.69676208496094,82.08110809326172,0.8975791335105896,-1,-1,-1
251,-1,172.4185333251953,57.13542175292969,226.77818298339844,82.16859436035156,0.9074216485023499,-1,-1,-1
251,-1,199.22706604003906,108.59967803955078,227.24830627441406,163.35194396972656,0.9017175436019897,-1,-1,-1
252,-1,198.7969970703125,113.20555877685547,228.16546630859375,168.49105834960938,0.9637828469276428,-1,-1,-1
252,-1,171.57818603515625,57.122196197509766,226.05140686035156,81.65151977539062,0.950147807598114,-1,-1,-1
253,-1,196.1656951904297,120.3980941772461,227.7969512939453,174.76405334472656,0.9756982922554016,-1,-1,-1
253,-1,166.0912322998047,57.43417739868164,224.80674743652344,82.0685043334961,0.8504821062088013,-1,-1,-1
254,-1,196.20668029785156,120.45845031738281,227.7366485595703,174.8418731689453,0.9707054495811462,-1,-1,-1
254,-1,165.8887939453125,57.45634841918945,224.7650909423828,82.04720306396484,0.8537092804908752,-1,-1,-1
255,-1,197.30084228515625,124.2348861694336,227.27468872070312,174.6837921142578,0.8469799757003784,-1,-1,-1
255,-1,167.28671264648438,57.922943115234375,223.58375549316406,81.72427368164062,0.8042107820510864,-1,-1,-1
256,-1,197.31626892089844,123.89092254638672,227.3204345703125,174.7386016845703,0.8786632418632507,-1,-1,-1
256,-1,167.5520477294922,57.927730560302734,223.41461181640625,81.7600326538086,0.7734665274620056,-1,-1,-1
257,-1,197.35842895507812,124.04849243164062,227.27651977539062,174.66085815429688,0.8737320303916931,-1,-1,-1
257,-1,167.5623321533203,57.92272186279297,223.40878295898438,81.7667007446289,0.7729174494743347,-1,-1,-1
258,-1,168.0296173095703,58.45539855957031,222.5966033935547,80.90227508544922,0.9178102612495422,-1,-1,-1
258,-1,197.8772735595703,124.94231414794922,224.7181854248047,177.9990997314453,0.8743800520896912,-1,-1,-1
259,-1,168.8918914794922,58.09765625,221.79302978515625,81.08264923095703,0.9402889013290405,-1,-1,-1
259,-1,197.86721801757812,128.5500030517578,224.48825073242188,175.18096923828125,0.7984334826469421,-1,-1,-1
260,-1,169.08700561523438,58.13052749633789,221.7005615234375,80.85253143310547,0.938226580619812,-1,-1,-1
260,-1,198.43630981445312,128.4042205810547,224.35401916503906,174.63629150390625,0.7694255113601685,-1,-1,-1
261,-1,169.59994506835938,58.07719039916992,221.19586181640625,80.56572723388672,0.9442863464355469,-1,-1,-1
261,-1,198.66229248046875,131.0786895751953,224.35302734375,175.58364868164062,0.8244183659553528,-1,-1,-1
262,-1,169.44764709472656,58.25651931762695,221.15997314453125,80.5208740234375,0.9382315278053284,-1,-1,-1
262,-1,198.41909790039062,131.20628356933594,224.36180114746094,174.84986877441406,0.7928667068481445,-1,-1,-1
263,-1,169.44815063476562,58.26136779785156,221.1647186279297,80.53350067138672,0.9381021857261658,-1,-1,-1
263,-1,198.41177368164062,131.22039794921875,224.34750366210938,174.82763671875,0.7927291989326477,-1,-1,-1
264,-1,191.0311737060547,140.6300048828125,219.92684936523438,181.736328125,0.9676549434661865,-1,-1,-1
264,-1,170.68617248535156,58.65403366088867,220.040771484375,79.9981460571289,0.9324870109558105,-1,-1,-1
265,-1,194.21002197265625,144.75729370117188,218.44784545898438,181.1223602294922,0.9428189992904663,-1,-1,-1
265,-1,171.3035430908203,58.63511276245117,218.97113037109375,79.7386245727539,0.9340277314186096,-1,-1,-1
266,-1,194.24049377441406,144.88092041015625,218.31378173828125,181.29237365722656,0.9415566921234131,-1,-1,-1
266,-1,171.27593994140625,58.590675354003906,218.9452362060547,79.79753112792969,0.931193470954895,-1,-1,-1
267,-1,171.16676330566406,58.7506103515625,218.4075927734375,79.72052764892578,0.9221354722976685,-1,-1,-1
267,-1,193.20339965820312,145.44688415527344,217.940185546875,180.9088134765625,0.9159334897994995,-1,-1,-1
268,-1,170.98846435546875,58.788089752197266,218.48524475097656,79.694580078125,0.9216786026954651,-1,-1,-1
268,-1,193.20350646972656,145.42047119140625,217.39398193359375,180.99972534179688,0.9027996063232422,-1,-1,-1
269,-1,170.9736785888672,58.780033111572266,218.48849487304688,79.69161987304688,0.9223729372024536,-1,-1,-1
269,-1,193.20370483398438,145.42086791992188,217.39601135253906,180.9972686767578,0.9029312133789062,-1,-1,-1
270,-1,171.94171142578125,58.86638641357422,217.58883666992188,79.7880630493164,0.9082769155502319,-1,-1,-1
270,-1,191.08309936523438,148.1468505859375,213.39935302734375,180.9547119140625,0.896815299987793,-1,-1,-1
271,-1,173.6436767578125,59.48805618286133,216.25836181640625,79.32262420654297,0.8281189203262329,-1,-1,-1
271,-1,187.8468017578125,154.1809539794922,208.94192504882812,182.41018676757812,0.5407558679580688,-1,-1,-1
272,-1,173.33334350585938,59.5011100769043,216.34091186523438,79.29093170166016,0.824809730052948,-1,-1,-1
272,-1,187.7716827392578,154.17202758789062,209.00381469726562,182.40887451171875,0.5079911351203918,-1,-1,-1
273,-1,179.10874938964844,59.733463287353516,215.74166870117188,79.46234893798828,0.8041306138038635,-1,-1,-1
273,-1,175.11488342285156,59.158145904541016,215.32945251464844,79.56475830078125,0.5817140936851501,-1,-1,-1
274,-1,178.885009765625,59.715965270996094,215.9690704345703,79.45523071289062,0.7591433525085449,-1,-1,-1
274,-1,174.1836700439453,59.31549072265625,215.79681396484375,79.47566223144531,0.6307553648948669,-1,-1,-1
275,-1,178.874267578125,59.695926666259766,215.97613525390625,79.49518585205078,0.745274543762207,-1,-1,-1
275,-1,174.1395263671875,59.33116149902344,215.82766723632812,79.49262237548828,0.6378821730613708,-1,-1,-1
276,-1,172.3851318359375,59.54694366455078,214.78973388671875,79.45630645751953,0.5529502630233765,-1,-1,-1
277,-1,177.0189666748047,59.97691345214844,213.24990844726562,79.29096984863281,0.6208485960960388,-1,-1,-1
278,-1,176.53810119628906,60.0399055480957,213.31634521484375,79.06012725830078,0.6864832043647766,-1,-1,-1
279,-1,176.32550048828125,60.06611633300781,213.10910034179688,79.16755676269531,0.6651870608329773,-1,-1,-1
280,-1,175.9980010986328,60.06370162963867,213.25379943847656,79.30036163330078,0.7087627053260803,-1,-1,-1
281,-1,176.02125549316406,60.062477111816406,213.24917602539062,79.29705047607422,0.7081922888755798,-1,-1,-1
282,-1,175.67457580566406,59.848690032958984,212.5244903564453,79.04969024658203,0.5509663224220276,-1,-1,-1
283,-1,175.64817810058594,59.94401168823242,211.8716583251953,78.62651824951172,0.618985116481781,-1,-1,-1
284,-1,175.46987915039062,59.976253509521484,211.98916625976562,78.76667785644531,0.6663680076599121,-1,-1,-1
285,-1,174.96310424804688,60.00942611694336,211.84112548828125,78.5976333618164,0.6266146302223206,-1,-1,-1
286,-1,175.0503387451172,60.02803039550781,211.769287109375,78.53571319580078,0.6360976099967957,-1,-1,-1
287,-1,175.0381317138672,60.0241813659668,211.7627716064453,78.53585815429688,0.6383458971977234,-1,-1,-1
288,-1,175.46156311035156,59.98147964477539,210.84747314453125,77.55207061767578,0.6783723831176758,-1,-1,-1
289,-1,174.36383056640625,59.83760070800781,210.84898376464844,77.1612319946289,0.7238984704017639,-1,-1,-1
290,-1,174.43360900878906,59.809242248535156,210.80087280273438,77.15418243408203,0.7278316617012024,-1,-1,-1
291,-1,174.92689514160156,59.88993835449219,210.34576416015625,77.02705383300781,0.7574551701545715,-1,-1,-1
292,-1,174.84100341796875,59.892215728759766,210.32894897460938,76.97126007080078,0.7528418302536011,-1,-1,-1
293,-1,174.84158325195312,59.89895248413086,210.33242797851562,76.99079132080078,0.7565799951553345,-1,-1,-1
294,-1,174.75247192382812,59.72869873046875,209.91360473632812,77.1434326171875,0.802028238773346,-1,-1,-1
295,-1,174.71022033691406,59.730224609375,209.66064453125,76.43218994140625,0.8865025639533997,-1,-1,-1
296,-1,174.70736694335938,59.72645568847656,209.66305541992188,76.3912353515625,0.8828504085540771,-1,-1,-1
297,-1,174.47543334960938,59.7371711730957,209.78501892089844,75.84007263183594,0.8992359042167664,-1,-1,-1
298,-1,174.46630859375,59.71913146972656,209.77745056152344,75.90997314453125,0.9001957774162292,-1,-1,-1
299,-1,174.46676635742188,59.71750259399414,209.7693634033203,75.91419219970703,0.9005627036094666,-1,-1,-1
300,-1,174.24215698242188,59.9109001159668,209.5248565673828,76.26207733154297,0.7368396520614624,-1,-1,-1
301,-1,174.67257690429688,60.09776306152344,208.71380615234375,76.11734771728516,0.6500458121299744,-1,-1,-1
302,-1,174.69053649902344,60.07005310058594,208.68814086914062,76.10480499267578,0.6045070290565491,-1,-1,-1
303,-1,174.84617614746094,60.112037658691406,208.56362915039062,75.9922103881836,0.6339492797851562,-1,-1,-1
304,-1,174.92250061035156,60.25374984741211,208.3517608642578,76.2717056274414,0.5788335204124451,-1,-1,-1
305,-1,174.92958068847656,60.26816940307617,208.3446502685547,76.27149200439453,0.581341564655304,-1,-1,-1
306,-1,174.90774536132812,60.20257568359375,208.32608032226562,76.16944122314453,0.5703709125518799,-1,-1,-1
307,-1,171.3062744140625,59.909210205078125,207.34922790527344,75.70677185058594,0.616590678691864,-1,-1,-1
308,-1,171.24368286132812,59.88322448730469,207.42539978027344,76.03910827636719,0.5980961918830872,-1,-1,-1
312,-1,170.97955322265625,59.57323455810547,206.77767944335938,75.89704132080078,0.7083781957626343,-1,-1,-1
313,-1,171.37576293945312,59.4158935546875,206.57151794433594,76.18495178222656,0.7441236972808838,-1,-1,-1
314,-1,170.9306182861328,59.25795364379883,206.61256408691406,76.24370574951172,0.7369006872177124,-1,-1,-1
315,-1,171.05715942382812,59.4891471862793,206.60719299316406,75.86722564697266,0.6793735027313232,-1,-1,-1
316,-1,170.92758178710938,59.64073944091797,206.40687561035156,75.533447265625,0.679076611995697,-1,-1,-1
317,-1,170.93905639648438,59.6474494934082,206.4315643310547,75.50942993164062,0.6793543696403503,-1,-1,-1
318,-1,170.9011688232422,59.55064010620117,206.38949584960938,75.45915222167969,0.6836947798728943,-1,-1,-1
319,-1,170.44940185546875,59.42408752441406,205.79620361328125,75.0494384765625,0.6669638156890869,-1,-1,-1
320,-1,170.66831970214844,59.538291931152344,205.74514770507812,74.83869934082031,0.6964521408081055,-1,-1,-1
321,-1,170.54122924804688,59.576602935791016,205.32611083984375,75.16303253173828,0.6647880673408508,-1,-1,-1
322,-1,170.39569091796875,59.58727264404297,205.13365173339844,74.54264068603516,0.7278873324394226,-1,-1,-1
323,-1,170.38916015625,59.567203521728516,205.14889526367188,74.54400634765625,0.7269657850265503,-1,-1,-1
324,-1,170.42691040039062,59.497493743896484,205.08074951171875,74.501220703125,0.6985055208206177,-1,-1,-1
325,-1,169.8799285888672,59.56380844116211,205.07484436035156,74.10226440429688,0.7971659898757935,-1,-1,-1
326,-1,169.7924041748047,59.54884338378906,205.08200073242188,74.08853912353516,0.8113933205604553,-1,-1,-1
327,-1,169.64874267578125,59.430294036865234,204.92633056640625,74.00859069824219,0.8080001473426819,-1,-1,-1
328,-1,169.69454956054688,59.11665725708008,204.22842407226562,73.96878814697266,0.799866795539856,-1,-1,-1
329,-1,169.6959228515625,59.11764144897461,204.23715209960938,73.9744644165039,0.80205237865448,-1,-1,-1
330,-1,169.72079467773438,59.118019104003906,204.22122192382812,73.90885925292969,0.7943405508995056,-1,-1,-1
331,-1,169.64984130859375,59.27086639404297,203.7274932861328,73.95915985107422,0.7830864787101746,-1,-1,-1
332,-1,169.41830444335938,59.164981842041016,203.73924255371094,74.0890884399414,0.7458566427230835,-1,-1,-1
333,-1,169.86814880371094,59.45082473754883,203.22842407226562,73.50208282470703,0.717351496219635,-1,-1,-1
334,-1,169.85137939453125,59.388484954833984,203.19093322753906,73.27430725097656,0.5875928997993469,-1,-1,-1
335,-1,169.86346435546875,59.371116638183594,203.19244384765625,73.30050659179688,0.587265133857727,-1,-1,-1
336,-1,169.8168182373047,59.45820617675781,203.29283142089844,73.30609893798828,0.6768080592155457,-1,-1,-1
337,-1,169.83763122558594,59.42109298706055,202.97406005859375,73.05426025390625,0.6935278177261353,-1,-1,-1
338,-1,169.7554168701172,59.302616119384766,202.9633331298828,73.13041687011719,0.6066973209381104,-1,-1,-1
339,-1,170.12159729003906,59.5810546875,202.52096557617188,72.77486419677734,0.7376851439476013,-1,-1,-1
340,-1,170.14161682128906,59.663543701171875,202.63052368164062,72.47257232666016,0.7425233125686646,-1,-1,-1
341,-1,170.18896484375,59.689884185791016,202.65045166015625,72.45845794677734,0.7458667159080505,-1,-1,-1
342,-1,170.4955291748047,59.64348602294922,202.48077392578125,72.28174591064453,0.7516651153564453,-1,-1,-1
343,-1,170.23614501953125,59.45222091674805,202.09286499023438,72.41426086425781,0.5938493609428406,-1,-1,-1
404,-1,169.62368774414062,59.03482437133789,203.01898193359375,72.90311431884766,0.5452739596366882,-1,-1,-1
405,-1,169.6157684326172,58.985328674316406,203.04656982421875,73.1028060913086,0.589998722076416,-1,-1,-1
406,-1,169.41566467285156,58.95851516723633,203.12847900390625,73.08134460449219,0.5992627143859863,-1,-1,-1
407,-1,169.42987060546875,58.947059631347656,203.13214111328125,73.07937622070312,0.5990800261497498,-1,-1,-1
411,-1,168.91140747070312,59.34373092651367,203.9012451171875,74.80790710449219,0.5117784738540649,-1,-1,-1
412,-1,168.98709106445312,59.47760772705078,204.03225708007812,74.75482177734375,0.629949688911438,-1,-1,-1
413,-1,168.9729461669922,59.47178649902344,204.044189453125,74.759033203125,0.6404995918273926,-1,-1,-1
414,-1,168.816650390625,59.307273864746094,204.04356384277344,74.68477630615234,0.7012108564376831,-1,-1,-1
415,-1,168.82522583007812,59.27835464477539,204.05325317382812,75.07075500488281,0.6492224335670471,-1,-1,-1
416,-1,168.65464782714844,59.289798736572266,203.89739990234375,75.09661102294922,0.5307492017745972,-1,-1,-1
417,-1,168.8620147705078,59.408935546875,203.9256591796875,76.69371032714844,0.6482895612716675,-1,-1,-1
418,-1,168.80369567871094,59.42334747314453,203.90074157714844,76.73796081542969,0.6182878017425537,-1,-1,-1
419,-1,168.80487060546875,59.42378234863281,203.90150451660156,76.74050903320312,0.6183867454528809,-1,-1,-1
420,-1,168.10238647460938,59.368873596191406,204.0369415283203,77.2619857788086,0.6962887644767761,-1,-1,-1
421,-1,167.86634826660156,58.928401947021484,204.31517028808594,78.56416320800781,0.8172400593757629,-1,-1,-1
422,-1,167.83827209472656,58.94012451171875,204.3156280517578,78.40658569335938,0.7997519969940186,-1,-1,-1
423,-1,167.64158630371094,59.2260856628418,204.15835571289062,77.75896453857422,0.7929254174232483,-1,-1,-1
424,-1,167.9400634765625,59.257598876953125,204.05503845214844,77.79625701904297,0.7644632458686829,-1,-1,-1
425,-1,167.9631805419922,59.2511100769043,204.0432891845703,77.81209564208984,0.7656638026237488,-1,-1,-1
426,-1,168.00082397460938,58.751914978027344,204.01873779296875,79.27366638183594,0.6799558997154236,-1,-1,-1
427,-1,161.1331329345703,57.25566101074219,203.62240600585938,80.86687469482422,0.8606869578361511,-1,-1,-1
428,-1,160.96083068847656,57.23807144165039,203.69271850585938,80.80134582519531,0.8603613972663879,-1,-1,-1
429,-1,161.96206665039062,57.6098518371582,203.09327697753906,80.86204528808594,0.8379390835762024,-1,-1,-1
430,-1,161.9697723388672,57.588218688964844,203.0748291015625,80.99517822265625,0.8483688831329346,-1,-1,-1
431,-1,161.9739532470703,57.6007194519043,203.0760955810547,80.99093627929688,0.8480261564254761,-1,-1,-1
432,-1,164.92469787597656,59.11704635620117,200.21963500976562,77.66802215576172,0.5064641237258911,-1,-1,-1
433,-1,163.4214630126953,59.619056701660156,199.89010620117188,79.62506866455078,0.673346996307373,-1,-1,-1
434,-1,163.29559326171875,59.56073760986328,199.94985961914062,79.77029418945312,0.6673765778541565,-1,-1,-1
435,-1,163.27841186523438,59.436466217041016,198.95162963867188,79.82969665527344,0.5652847290039062,-1,-1,-1
438,-1,160.83616638183594,58.92056655883789,197.59239196777344,85.51776123046875,0.6985645890235901,-1,-1,-1
441,-1,160.81703186035156,59.40205383300781,196.87721252441406,85.79295349121094,0.5297600626945496,-1,-1,-1
442,-1,160.57315063476562,59.36568069458008,196.76913452148438,85.94010925292969,0.5014299750328064,-1,-1,-1
483,-1,52.4160041809082,61.924346923828125,123.87705993652344,119.47826385498047,0.6156736016273499,-1,-1,-1
484,-1,52.47480392456055,61.86882781982422,123.45984649658203,119.53211212158203,0.5609831213951111,-1,-1,-1
485,-1,52.474727630615234,61.84737014770508,123.47142028808594,119.52507781982422,0.5603417158126831,-1,-1,-1
486,-1,51.85023498535156,61.092811584472656,123.09419250488281,119.73857879638672,0.6357507109642029,-1,-1,-1
487,-1,56.817474365234375,68.95089721679688,121.38423156738281,108.49198913574219,0.5499863028526306,-1,-1,-1
488,-1,56.37666702270508,68.68316650390625,121.89363098144531,108.5461196899414,0.5633288621902466,-1,-1,-1
