1,-1,192.57398986816406,104.37413024902344,211.29751586914062,154.56063842773438,0.5878408551216125,-1,-1,-1
2,-1,192.68577575683594,104.41250610351562,211.40061950683594,154.3650360107422,0.5264205932617188,-1,-1,-1
3,-1,192.59002685546875,104.42401885986328,211.3282012939453,154.52944946289062,0.5874218940734863,-1,-1,-1
4,-1,192.59324645996094,104.42491912841797,211.33786010742188,154.5345001220703,0.5884342193603516,-1,-1,-1
5,-1,189.63270568847656,104.6130142211914,209.59310913085938,151.93153381347656,0.7820870876312256,-1,-1,-1
6,-1,189.61007690429688,104.60153198242188,209.58621215820312,151.96205139160156,0.7836583256721497,-1,-1,-1
7,-1,189.61007690429688,104.60153198242188,209.58621215820312,151.96205139160156,0.7836583256721497,-1,-1,-1
8,-1,189.61007690429688,104.60153198242188,209.58621215820312,151.96205139160156,0.7836583256721497,-1,-1,-1
9,-1,189.61260986328125,104.60182189941406,209.58421325683594,151.9638671875,0.7843822240829468,-1,-1,-1
10,-1,119.21992492675781,119.29247283935547,133.80523681640625,149.83004760742188,0.7087122201919556,-1,-1,-1
10,-1,78.62269592285156,110.41608428955078,87.96296691894531,138.04122924804688,0.5420578718185425,-1,-1,-1
11,-1,119.17713928222656,119.34422302246094,133.91481018066406,149.7788848876953,0.725482702255249,-1,-1,-1
11,-1,78.63981628417969,110.45459747314453,87.941162109375,138.06869506835938,0.5960770845413208,-1,-1,-1
12,-1,119.17639923095703,119.41807556152344,133.91339111328125,149.83714294433594,0.6942295432090759,-1,-1,-1
12,-1,78.652587890625,110.43498992919922,87.84552001953125,138.05804443359375,0.5456820726394653,-1,-1,-1
13,-1,119.36011505126953,119.28365325927734,133.80030822753906,149.78643798828125,0.6190487742424011,-1,-1,-1
13,-1,78.63337707519531,110.40528869628906,87.99946594238281,138.1870574951172,0.5399163365364075,-1,-1,-1
14,-1,119.33684539794922,119.3047866821289,133.94473266601562,149.7595672607422,0.656079888343811,-1,-1,-1
14,-1,78.65859985351562,110.4197006225586,87.95433807373047,138.10423278808594,0.5542734265327454,-1,-1,-1
15,-1,119.20960235595703,119.39237213134766,134.05892944335938,149.9037628173828,0.6668509840965271,-1,-1,-1
15,-1,78.65686798095703,110.44161224365234,87.9495849609375,138.1031494140625,0.5447743535041809,-1,-1,-1
16,-1,119.26400756835938,119.35184478759766,134.03890991210938,149.94613647460938,0.6278168559074402,-1,-1,-1
16,-1,78.65531158447266,110.43304443359375,87.94239044189453,138.1037139892578,0.5476813316345215,-1,-1,-1
17,-1,119.23287963867188,119.36913299560547,134.00177001953125,149.97166442871094,0.6306794285774231,-1,-1,-1
17,-1,78.65646362304688,110.44302368164062,87.91443634033203,138.07574462890625,0.5443277359008789,-1,-1,-1
18,-1,119.2323226928711,119.37601470947266,134.00738525390625,149.9654083251953,0.6368762254714966,-1,-1,-1
18,-1,78.66059112548828,110.44517517089844,87.91011047363281,138.0730743408203,0.5455538630485535,-1,-1,-1
19,-1,119.23345947265625,119.37244415283203,134.00595092773438,149.97802734375,0.6318749189376831,-1,-1,-1
19,-1,78.65841674804688,110.43773651123047,87.91131591796875,138.0771942138672,0.5372848510742188,-1,-1,-1
20,-1,131.4879150390625,114.98477935791016,149.44100952148438,154.97723388671875,0.9006631374359131,-1,-1,-1
20,-1,188.02200317382812,106.37561798095703,199.04998779296875,139.01287841796875,0.8525360822677612,-1,-1,-1
20,-1,102.64090728759766,117.14756774902344,115.39246368408203,141.1672821044922,0.5428935885429382,-1,-1,-1
21,-1,131.51612854003906,114.9493408203125,149.4421844482422,155.0108184814453,0.8985370993614197,-1,-1,-1
21,-1,188.02488708496094,106.35543823242188,199.04537963867188,139.0290069580078,0.8540416359901428,-1,-1,-1
21,-1,102.62406158447266,117.20145416259766,115.47783660888672,141.120361328125,0.5438852906227112,-1,-1,-1
22,-1,131.52520751953125,114.93810272216797,149.39820861816406,155.03208923339844,0.9021402597427368,-1,-1,-1
22,-1,188.04061889648438,106.40104675292969,199.02645874023438,138.9878387451172,0.8486579656600952,-1,-1,-1
22,-1,102.65422821044922,117.15869903564453,115.49185180664062,141.1085205078125,0.5573922991752625,-1,-1,-1
23,-1,131.5399627685547,114.91973876953125,149.5010986328125,155.0600128173828,0.9008507132530212,-1,-1,-1
23,-1,188.03831481933594,106.42108154296875,199.0255584716797,138.97738647460938,0.842122495174408,-1,-1,-1
23,-1,102.64672088623047,117.13548278808594,115.50968933105469,141.1222686767578,0.5549395680427551,-1,-1,-1
24,-1,131.5323028564453,114.95368957519531,149.5634002685547,155.08050537109375,0.9070020914077759,-1,-1,-1
24,-1,188.03253173828125,106.43484497070312,199.02883911132812,138.96865844726562,0.8495045304298401,-1,-1,-1
24,-1,102.62706756591797,117.03802490234375,115.55848693847656,141.1619110107422,0.5604066848754883,-1,-1,-1
25,-1,131.4363555908203,114.98941040039062,149.46730041503906,155.1517791748047,0.9041315317153931,-1,-1,-1
25,-1,188.0577392578125,106.4912109375,199.0192413330078,138.96292114257812,0.8486960530281067,-1,-1,-1
25,-1,102.60150909423828,117.07344818115234,115.63835906982422,141.2371063232422,0.5613526105880737,-1,-1,-1
26,-1,131.4407501220703,114.9922103881836,149.48191833496094,155.13987731933594,0.9073014855384827,-1,-1,-1
26,-1,188.06307983398438,106.48239135742188,199.01991271972656,138.9721221923828,0.8472263216972351,-1,-1,-1
26,-1,102.5894775390625,117.09783172607422,115.62165069580078,141.23892211914062,0.5637588500976562,-1,-1,-1
27,-1,131.44485473632812,115.00572204589844,149.5058135986328,155.13067626953125,0.9052431583404541,-1,-1,-1
27,-1,188.0550994873047,106.48527526855469,199.02011108398438,138.97703552246094,0.8475511074066162,-1,-1,-1
27,-1,102.5826644897461,117.09358978271484,115.6624526977539,141.23898315429688,0.558685839176178,-1,-1,-1
28,-1,131.44873046875,115.00202178955078,149.51058959960938,155.14137268066406,0.9041897058486938,-1,-1,-1
28,-1,188.057373046875,106.48808288574219,199.02243041992188,138.97451782226562,0.8477580547332764,-1,-1,-1
28,-1,102.59284210205078,117.11698913574219,115.64311981201172,141.2276611328125,0.5561568737030029,-1,-1,-1
29,-1,131.45037841796875,114.99826049804688,149.5082244873047,155.14877319335938,0.904966413974762,-1,-1,-1
29,-1,188.0497589111328,106.488037109375,199.02304077148438,138.96902465820312,0.8492857217788696,-1,-1,-1
29,-1,102.57842254638672,117.08513641357422,115.6771011352539,141.24691772460938,0.560990035533905,-1,-1,-1
30,-1,131.44720458984375,114.99394989013672,149.48670959472656,155.11813354492188,0.9045301675796509,-1,-1,-1
30,-1,188.05345153808594,106.47940063476562,199.02304077148438,138.97056579589844,0.8488526344299316,-1,-1,-1
30,-1,102.58734893798828,117.10697174072266,115.6547622680664,141.24073791503906,0.5595036149024963,-1,-1,-1
31,-1,131.4347686767578,114.98521423339844,149.43927001953125,155.12548828125,0.902267336845398,-1,-1,-1
31,-1,188.02133178710938,106.48817443847656,199.0469207763672,138.9709014892578,0.8502880334854126,-1,-1,-1
31,-1,102.6351089477539,117.03665161132812,115.65261840820312,141.26644897460938,0.5383294224739075,-1,-1,-1
32,-1,131.4363250732422,114.98487091064453,149.43862915039062,155.1238555908203,0.9019488096237183,-1,-1,-1
32,-1,188.02447509765625,106.47406005859375,199.04483032226562,138.99215698242188,0.849436342716217,-1,-1,-1
32,-1,102.65348815917969,117.03865051269531,115.64482116699219,141.22885131835938,0.5349130630493164,-1,-1,-1
33,-1,131.43637084960938,114.98941040039062,149.440673828125,155.11985778808594,0.9015986323356628,-1,-1,-1
33,-1,188.02459716796875,106.46009063720703,199.031494140625,139.0067596435547,0.8506792783737183,-1,-1,-1
33,-1,102.669677734375,117.04690551757812,115.64329528808594,141.21563720703125,0.5413532257080078,-1,-1,-1
34,-1,131.4352264404297,114.98896789550781,149.44105529785156,155.11798095703125,0.9017044305801392,-1,-1,-1
34,-1,188.02334594726562,106.46124267578125,199.03128051757812,139.0098114013672,0.8507907390594482,-1,-1,-1
34,-1,102.67066192626953,117.05268096923828,115.64594268798828,141.20849609375,0.5410107970237732,-1,-1,-1
35,-1,187.4598388671875,105.71442413330078,198.44265747070312,139.2672882080078,0.5626993775367737,-1,-1,-1
36,-1,187.4301300048828,105.70814514160156,198.46383666992188,139.23388671875,0.5748612880706787,-1,-1,-1
37,-1,187.43414306640625,105.71674346923828,198.46688842773438,139.21897888183594,0.578612208366394,-1,-1,-1
38,-1,187.43263244628906,105.71953582763672,198.46728515625,139.21963500976562,0.5767773985862732,-1,-1,-1
39,-1,187.4304962158203,105.7216567993164,198.46722412109375,139.220703125,0.5787781476974487,-1,-1,-1
40,-1,186.63485717773438,101.22440338134766,198.26162719726562,135.20510864257812,0.8783926963806152,-1,-1,-1
40,-1,155.6561279296875,119.421630859375,170.17813110351562,152.1664581298828,0.8452596664428711,-1,-1,-1
40,-1,118.4054946899414,118.53189086914062,138.6934814453125,153.3347930908203,0.7216864228248596,-1,-1,-1
40,-1,44.992733001708984,128.62521362304688,56.22889709472656,153.9107666015625,0.5402736663818359,-1,-1,-1
41,-1,186.63357543945312,101.22447204589844,198.25711059570312,135.18020629882812,0.8788426518440247,-1,-1,-1
41,-1,155.6354217529297,119.45143127441406,170.18576049804688,152.0862579345703,0.8381004333496094,-1,-1,-1
41,-1,118.41848754882812,118.5241470336914,138.68890380859375,153.3318328857422,0.7196093201637268,-1,-1,-1
41,-1,44.99452590942383,128.63377380371094,56.22276306152344,153.91552734375,0.5402615070343018,-1,-1,-1
42,-1,186.6342315673828,101.22347259521484,198.25778198242188,135.18161010742188,0.8787078261375427,-1,-1,-1
42,-1,155.65855407714844,119.43202209472656,170.17376708984375,152.155029296875,0.8443537354469299,-1,-1,-1
42,-1,118.4181137084961,118.52365112304688,138.69175720214844,153.3292999267578,0.7197673320770264,-1,-1,-1
42,-1,44.99471664428711,128.63436889648438,56.22256851196289,153.9148712158203,0.5403907895088196,-1,-1,-1
43,-1,186.63438415527344,101.22367095947266,198.2575225830078,135.18215942382812,0.8787060379981995,-1,-1,-1
43,-1,155.6571044921875,119.43309020996094,170.17434692382812,152.15354919433594,0.8445950150489807,-1,-1,-1
43,-1,118.41742706298828,118.52334594726562,138.69134521484375,153.32691955566406,0.7198240756988525,-1,-1,-1
43,-1,44.99602508544922,128.63771057128906,56.22486877441406,153.91702270507812,0.5400523543357849,-1,-1,-1
44,-1,186.63465881347656,101.22317504882812,198.25706481933594,135.18321228027344,0.8786873817443848,-1,-1,-1
44,-1,155.65805053710938,119.43328857421875,170.17428588867188,152.15428161621094,0.8448238372802734,-1,-1,-1
44,-1,118.41812896728516,118.52349853515625,138.68975830078125,153.3275146484375,0.7198552489280701,-1,-1,-1
44,-1,44.996036529541016,128.63731384277344,56.22479248046875,153.91744995117188,0.539876401424408,-1,-1,-1
45,-1,186.6346435546875,101.22406005859375,198.25772094726562,135.1815643310547,0.8786043524742126,-1,-1,-1
45,-1,155.66049194335938,119.42975616455078,170.17259216308594,152.1578369140625,0.8448405861854553,-1,-1,-1
45,-1,118.43441009521484,118.52262115478516,138.69149780273438,153.33724975585938,0.7169024348258972,-1,-1,-1
45,-1,44.99593734741211,128.63766479492188,56.224727630615234,153.91720581054688,0.540645956993103,-1,-1,-1
46,-1,186.63442993164062,101.22467041015625,198.2581787109375,135.18038940429688,0.8786759376525879,-1,-1,-1
46,-1,155.65921020507812,119.42990112304688,170.1728057861328,152.15663146972656,0.8446062207221985,-1,-1,-1
46,-1,118.43392181396484,118.52239990234375,138.69290161132812,153.3371124267578,0.7168960571289062,-1,-1,-1
46,-1,44.99595260620117,128.63800048828125,56.22475051879883,153.91688537597656,0.5408012270927429,-1,-1,-1
47,-1,186.634521484375,101.22476959228516,198.25804138183594,135.18093872070312,0.8786556124687195,-1,-1,-1
47,-1,155.65802001953125,119.4309310913086,170.17361450195312,152.154541015625,0.8446204662322998,-1,-1,-1
47,-1,118.43321228027344,118.52201080322266,138.69287109375,153.3350830078125,0.7169257402420044,-1,-1,-1
47,-1,44.995849609375,128.6377716064453,56.22493362426758,153.9170684814453,0.540697455406189,-1,-1,-1
48,-1,186.63475036621094,101.22419738769531,198.25753784179688,135.18203735351562,0.8786295056343079,-1,-1,-1
48,-1,155.6589813232422,119.4311294555664,170.17356872558594,152.15525817871094,0.844843327999115,-1,-1,-1
48,-1,118.43397521972656,118.52197265625,138.69126892089844,153.33560180664062,0.7169706225395203,-1,-1,-1
48,-1,44.99583435058594,128.6373291015625,56.22489929199219,153.91751098632812,0.5405149459838867,-1,-1,-1
49,-1,186.6346435546875,101.22406005859375,198.25772094726562,135.1815643310547,0.8786043524742126,-1,-1,-1
49,-1,155.66049194335938,119.42975616455078,170.17259216308594,152.1578369140625,0.8448405861854553,-1,-1,-1
49,-1,118.43441009521484,118.52262115478516,138.69149780273438,153.33724975585938,0.7169024348258972,-1,-1,-1
49,-1,44.99593734741211,128.63766479492188,56.224727630615234,153.91720581054688,0.540645956993103,-1,-1,-1
50,-1,186.63442993164062,101.22467041015625,198.2581787109375,135.18038940429688,0.8786759376525879,-1,-1,-1
50,-1,155.65921020507812,119.42990112304688,170.1728057861328,152.15663146972656,0.8446062207221985,-1,-1,-1
50,-1,118.43392181396484,118.52239990234375,138.69290161132812,153.3371124267578,0.7168960571289062,-1,-1,-1
50,-1,44.99595260620117,128.63800048828125,56.22475051879883,153.91688537597656,0.5408012270927429,-1,-1,-1
51,-1,186.634521484375,101.22476959228516,198.25804138183594,135.18093872070312,0.8786556124687195,-1,-1,-1
51,-1,155.65802001953125,119.4309310913086,170.17361450195312,152.154541015625,0.8446204662322998,-1,-1,-1
51,-1,118.43321228027344,118.52201080322266,138.69287109375,153.3350830078125,0.7169257402420044,-1,-1,-1
51,-1,44.995849609375,128.6377716064453,56.22493362426758,153.9170684814453,0.540697455406189,-1,-1,-1
52,-1,186.63475036621094,101.22419738769531,198.25753784179688,135.18203735351562,0.8786295056343079,-1,-1,-1
52,-1,155.6589813232422,119.4311294555664,170.17356872558594,152.15525817871094,0.844843327999115,-1,-1,-1
52,-1,118.43397521972656,118.52197265625,138.69126892089844,153.33560180664062,0.7169706225395203,-1,-1,-1
52,-1,44.99583435058594,128.6373291015625,56.22489929199219,153.91751098632812,0.5405149459838867,-1,-1,-1
53,-1,186.6346435546875,101.22406005859375,198.25772094726562,135.1815643310547,0.8786043524742126,-1,-1,-1
53,-1,155.66049194335938,119.42975616455078,170.17259216308594,152.1578369140625,0.8448405861854553,-1,-1,-1
53,-1,118.43441009521484,118.52262115478516,138.69149780273438,153.33724975585938,0.7169024348258972,-1,-1,-1
53,-1,44.99593734741211,128.63766479492188,56.224727630615234,153.91720581054688,0.540645956993103,-1,-1,-1
54,-1,186.63442993164062,101.22467041015625,198.2581787109375,135.18038940429688,0.8786759376525879,-1,-1,-1
54,-1,155.65921020507812,119.42990112304688,170.1728057861328,152.15663146972656,0.8446062207221985,-1,-1,-1
54,-1,118.43392181396484,118.52239990234375,138.69290161132812,153.3371124267578,0.7168960571289062,-1,-1,-1
54,-1,44.99595260620117,128.63800048828125,56.22475051879883,153.91688537597656,0.5408012270927429,-1,-1,-1
55,-1,186.67588806152344,101.37767791748047,198.26499938964844,135.16226196289062,0.879116415977478,-1,-1,-1
55,-1,155.74325561523438,119.41719818115234,170.1204833984375,152.24449157714844,0.8513901233673096,-1,-1,-1
55,-1,118.4268798828125,118.53541564941406,138.68283081054688,153.32508850097656,0.7175596952438354,-1,-1,-1
55,-1,44.99905014038086,128.644775390625,56.21364974975586,153.8947296142578,0.5408678650856018,-1,-1,-1
56,-1,186.67771911621094,101.37240600585938,198.262939453125,135.1663818359375,0.8789952397346497,-1,-1,-1
56,-1,155.74227905273438,119.41780090332031,170.12213134765625,152.2422332763672,0.8510664701461792,-1,-1,-1
56,-1,118.42620849609375,118.53614044189453,138.6818084716797,153.32791137695312,0.7169448733329773,-1,-1,-1
56,-1,44.999141693115234,128.643798828125,56.213932037353516,153.89598083496094,0.5401374101638794,-1,-1,-1
57,-1,186.68275451660156,101.38465881347656,198.27099609375,135.1561279296875,0.8787446618080139,-1,-1,-1
57,-1,155.74183654785156,119.41926574707031,170.1223907470703,152.24044799804688,0.8507800102233887,-1,-1,-1
57,-1,118.42631530761719,118.5390396118164,138.68197631835938,153.32936096191406,0.7169243693351746,-1,-1,-1
57,-1,44.99916076660156,128.6438446044922,56.213958740234375,153.89598083496094,0.5402466058731079,-1,-1,-1
58,-1,186.6829071044922,101.3849868774414,198.27099609375,135.15602111816406,0.878750205039978,-1,-1,-1
58,-1,155.74143981933594,119.41848754882812,170.1223602294922,152.24041748046875,0.8506968021392822,-1,-1,-1
58,-1,118.42583465576172,118.53965759277344,138.68260192871094,153.32821655273438,0.7169769406318665,-1,-1,-1
58,-1,44.998992919921875,128.64437866210938,56.21424865722656,153.89544677734375,0.5405257344245911,-1,-1,-1
59,-1,186.6828155517578,101.38556671142578,198.27085876464844,135.15603637695312,0.8788209557533264,-1,-1,-1
59,-1,155.73895263671875,119.41975402832031,170.1238250732422,152.23805236816406,0.8505473136901855,-1,-1,-1
59,-1,118.42494201660156,118.53909301757812,138.6820068359375,153.32711791992188,0.7170107364654541,-1,-1,-1
59,-1,44.99893569946289,128.64419555664062,56.214263916015625,153.89556884765625,0.5403894186019897,-1,-1,-1
60,-1,130.31793212890625,119.61624145507812,150.68360900878906,155.01004028320312,0.842327892780304,-1,-1,-1
60,-1,182.5263214111328,106.44358825683594,191.9886474609375,131.3930206298828,0.8334188461303711,-1,-1,-1
60,-1,168.22557067871094,118.96551513671875,188.4226837158203,156.2880401611328,0.7804463505744934,-1,-1,-1
61,-1,130.32662963867188,119.61053466796875,150.69546508789062,155.02157592773438,0.8407583236694336,-1,-1,-1
61,-1,182.52462768554688,106.44087219238281,191.98777770996094,131.39468383789062,0.8327270150184631,-1,-1,-1
61,-1,168.22293090820312,118.95073699951172,188.41259765625,156.28909301757812,0.7817890048027039,-1,-1,-1
62,-1,130.3273468017578,119.6112289428711,150.69473266601562,155.0200653076172,0.8408833742141724,-1,-1,-1
62,-1,182.52500915527344,106.44073486328125,191.98773193359375,131.39508056640625,0.8328384757041931,-1,-1,-1
62,-1,168.2267608642578,118.95161437988281,188.4124755859375,156.28585815429688,0.781869649887085,-1,-1,-1
63,-1,130.32716369628906,119.60974884033203,150.69317626953125,155.0199432373047,0.8409961462020874,-1,-1,-1
63,-1,182.52488708496094,106.44023132324219,191.98753356933594,131.3955535888672,0.8329806327819824,-1,-1,-1
63,-1,168.22706604003906,118.95038604736328,188.4122314453125,156.2830047607422,0.7824026346206665,-1,-1,-1
64,-1,130.32791137695312,119.61002349853516,150.6931915283203,155.02108764648438,0.8412283062934875,-1,-1,-1
64,-1,182.52456665039062,106.44025421142578,191.9874725341797,131.3955078125,0.8329325318336487,-1,-1,-1
64,-1,168.22561645507812,118.95137786865234,188.41102600097656,156.28524780273438,0.7824426889419556,-1,-1,-1
65,-1,130.33140563964844,119.56517791748047,150.67088317871094,155.01266479492188,0.8425936698913574,-1,-1,-1
65,-1,182.52532958984375,106.43926239013672,191.9804229736328,131.3899383544922,0.8282189965248108,-1,-1,-1
65,-1,168.2360076904297,118.8761215209961,188.44679260253906,156.2389678955078,0.7765228748321533,-1,-1,-1
66,-1,130.33203125,119.56804656982422,150.67335510253906,155.00376892089844,0.8428395390510559,-1,-1,-1
66,-1,182.5267333984375,106.43917083740234,191.9795379638672,131.3897705078125,0.8285509347915649,-1,-1,-1
66,-1,168.2284393310547,118.88287353515625,188.44871520996094,156.23875427246094,0.7785471677780151,-1,-1,-1
67,-1,130.3318634033203,119.5666275024414,150.6717529296875,155.00340270996094,0.8429388403892517,-1,-1,-1
67,-1,182.52664184570312,106.4386978149414,191.97933959960938,131.39004516601562,0.8287173509597778,-1,-1,-1
67,-1,168.22854614257812,118.88186645507812,188.44834899902344,156.23533630371094,0.7790789604187012,-1,-1,-1
68,-1,130.33251953125,119.5666275024414,150.67178344726562,155.0047149658203,0.8431643843650818,-1,-1,-1
68,-1,182.52626037597656,106.43873596191406,191.97938537597656,131.38995361328125,0.8286738395690918,-1,-1,-1
68,-1,168.22698974609375,118.88292694091797,188.4469757080078,156.23870849609375,0.7791176438331604,-1,-1,-1
69,-1,130.33265686035156,119.56780242919922,150.6732635498047,155.00521850585938,0.8430173993110657,-1,-1,-1
69,-1,182.52647399902344,106.43913269042969,191.9794921875,131.3898468017578,0.8285094499588013,-1,-1,-1
69,-1,168.2267608642578,118.8832015991211,188.44754028320312,156.2415008544922,0.7785820364952087,-1,-1,-1
70,-1,130.33193969726562,119.56785583496094,150.67327880859375,155.00393676757812,0.8428210020065308,-1,-1,-1
70,-1,182.52682495117188,106.43917083740234,191.97950744628906,131.3897705078125,0.8285612463951111,-1,-1,-1
70,-1,168.22853088378906,118.8828125,188.4486541748047,156.23849487304688,0.7785450220108032,-1,-1,-1
71,-1,130.33175659179688,119.56644439697266,150.6716766357422,155.00355529785156,0.8429197072982788,-1,-1,-1
71,-1,182.52671813964844,106.4386978149414,191.97927856445312,131.39004516601562,0.8287266492843628,-1,-1,-1
71,-1,168.22866821289062,118.88182830810547,188.44830322265625,156.23507690429688,0.7790757417678833,-1,-1,-1
72,-1,130.331298828125,119.56776428222656,150.671875,155.00389099121094,0.8430562615394592,-1,-1,-1
72,-1,182.52658081054688,106.43871307373047,191.97923278808594,131.39012145996094,0.8286996483802795,-1,-1,-1
72,-1,168.2248077392578,118.88188171386719,188.4471435546875,156.23895263671875,0.7791059017181396,-1,-1,-1
73,-1,130.33352661132812,119.56703186035156,150.67385864257812,155.00546264648438,0.8427798748016357,-1,-1,-1
73,-1,182.5264892578125,106.43915557861328,191.97952270507812,131.3898468017578,0.8285003304481506,-1,-1,-1
73,-1,168.2276611328125,118.88245391845703,188.44747924804688,156.2416534423828,0.7783655524253845,-1,-1,-1
74,-1,130.3328857421875,119.56726837158203,150.6739501953125,155.00396728515625,0.8426026701927185,-1,-1,-1
74,-1,182.52676391601562,106.439208984375,191.97958374023438,131.38973999023438,0.8285412192344666,-1,-1,-1
74,-1,168.22933959960938,118.88214111328125,188.4486541748047,156.2388916015625,0.7783347964286804,-1,-1,-1
75,-1,180.63523864746094,103.03273010253906,202.9130401611328,152.5205078125,0.7357451319694519,-1,-1,-1
76,-1,180.63250732421875,103.05293273925781,202.89772033691406,152.59039306640625,0.7386664748191833,-1,-1,-1
77,-1,180.63072204589844,103.0558090209961,202.8992919921875,152.5892333984375,0.7386402487754822,-1,-1,-1
78,-1,180.6309814453125,103.05557250976562,202.8985595703125,152.59671020507812,0.7383131980895996,-1,-1,-1
79,-1,180.6309356689453,103.05349731445312,202.89865112304688,152.60108947753906,0.7386845350265503,-1,-1,-1
80,-1,180.6289825439453,102.9568862915039,202.89215087890625,152.1568603515625,0.7331621050834656,-1,-1,-1
81,-1,180.6243133544922,102.95015716552734,202.89227294921875,152.16650390625,0.7326620221138,-1,-1,-1
82,-1,180.62452697753906,102.94775390625,202.89151000976562,152.17501831054688,0.7322364449501038,-1,-1,-1
83,-1,180.62437438964844,102.9464111328125,202.8919219970703,152.177978515625,0.7326986789703369,-1,-1,-1
84,-1,180.62261962890625,102.94845581054688,202.8943634033203,152.1746063232422,0.7331375479698181,-1,-1,-1
85,-1,193.36163330078125,121.65165710449219,213.89906311035156,157.71035766601562,0.7529557943344116,-1,-1,-1
85,-1,103.69497680664062,109.5038833618164,114.34894561767578,140.06947326660156,0.6038863062858582,-1,-1,-1
85,-1,91.85599517822266,110.39432525634766,102.32482147216797,127.99474334716797,0.5395687818527222,-1,-1,-1
86,-1,193.3372344970703,121.6757583618164,213.9285430908203,157.68344116210938,0.7518389821052551,-1,-1,-1
86,-1,103.6886978149414,109.52102661132812,114.34661102294922,140.05796813964844,0.600165843963623,-1,-1,-1
86,-1,91.85594177246094,110.39244079589844,102.32839965820312,127.9930419921875,0.5389382839202881,-1,-1,-1
87,-1,193.3317413330078,121.66262817382812,213.92474365234375,157.6806640625,0.7481486797332764,-1,-1,-1
87,-1,103.68946075439453,109.52404022216797,114.34269714355469,140.05136108398438,0.597904622554779,-1,-1,-1
87,-1,91.85675048828125,110.39525604248047,102.32909393310547,127.9919662475586,0.5383808612823486,-1,-1,-1
88,-1,193.33151245117188,121.66407012939453,213.92881774902344,157.6837921142578,0.7484170794487,-1,-1,-1
88,-1,103.68928527832031,109.5239486694336,114.34291076660156,140.05125427246094,0.5978708267211914,-1,-1,-1
88,-1,91.85678100585938,110.39517974853516,102.32914733886719,127.99208068847656,0.5382630825042725,-1,-1,-1
89,-1,193.33267211914062,121.66419982910156,213.929931640625,157.6820068359375,0.7479727864265442,-1,-1,-1
89,-1,103.68910217285156,109.52376556396484,114.34271240234375,140.05148315429688,0.5978078246116638,-1,-1,-1
89,-1,91.8568344116211,110.39463806152344,102.32908630371094,127.99252319335938,0.5382051467895508,-1,-1,-1
90,-1,193.33543395996094,121.71118927001953,213.93821716308594,157.67379760742188,0.7496974468231201,-1,-1,-1
90,-1,103.70337677001953,109.52230072021484,114.39765167236328,140.03359985351562,0.5882897973060608,-1,-1,-1
90,-1,91.85253143310547,110.40917205810547,102.34098815917969,127.98676300048828,0.5390269756317139,-1,-1,-1
91,-1,193.33456420898438,121.7137680053711,213.93582153320312,157.67681884765625,0.7501621246337891,-1,-1,-1
91,-1,103.70382690429688,109.52383422851562,114.39797973632812,140.03207397460938,0.5885699987411499,-1,-1,-1
91,-1,91.85257720947266,110.4100341796875,102.34083557128906,127.98603057861328,0.539404571056366,-1,-1,-1
92,-1,193.33367919921875,121.71187591552734,213.93362426757812,157.68032836914062,0.7506563067436218,-1,-1,-1
92,-1,103.70293426513672,109.51873779296875,114.39983367919922,140.03536987304688,0.5885715484619141,-1,-1,-1
92,-1,91.85214233398438,110.40872192382812,102.33964538574219,127.98687744140625,0.5392597317695618,-1,-1,-1
93,-1,193.33436584472656,121.71216583251953,213.9352569580078,157.67823791503906,0.7502768039703369,-1,-1,-1
93,-1,103.70274353027344,109.51864624023438,114.3995590209961,140.03550720214844,0.5885480046272278,-1,-1,-1
93,-1,91.8521957397461,110.40819549560547,102.33953857421875,127.98722839355469,0.5392678380012512,-1,-1,-1
94,-1,193.3358917236328,121.71160888671875,213.93333435058594,157.67413330078125,0.7497139573097229,-1,-1,-1
94,-1,103.70268249511719,109.51852416992188,114.39978790283203,140.03587341308594,0.5886096954345703,-1,-1,-1
94,-1,91.85211944580078,110.40809631347656,102.33963012695312,127.98719024658203,0.5393414497375488,-1,-1,-1
95,-1,179.5667266845703,118.35295104980469,202.57855224609375,156.39593505859375,0.8480238914489746,-1,-1,-1
95,-1,113.93560791015625,112.77700805664062,135.87954711914062,148.91758728027344,0.7555040717124939,-1,-1,-1
95,-1,97.95576477050781,110.51988983154297,108.72660827636719,135.5445098876953,0.7482996582984924,-1,-1,-1
96,-1,179.55392456054688,118.37944030761719,202.55270385742188,156.33189392089844,0.8539459109306335,-1,-1,-1
96,-1,113.938232421875,112.76852416992188,135.8822479248047,148.93096923828125,0.7567607760429382,-1,-1,-1
96,-1,97.96316528320312,110.51436614990234,108.73035430908203,135.57664489746094,0.7507645487785339,-1,-1,-1
97,-1,179.5504150390625,118.3795166015625,202.5501708984375,156.3322296142578,0.8536351323127747,-1,-1,-1
97,-1,113.9505615234375,112.76139831542969,135.8626708984375,148.93768310546875,0.7589151263237,-1,-1,-1
97,-1,97.96260070800781,110.51278686523438,108.73068237304688,135.580078125,0.7513474822044373,-1,-1,-1
98,-1,179.5509033203125,118.3812026977539,202.55068969726562,156.32992553710938,0.8530584573745728,-1,-1,-1
98,-1,113.9505615234375,112.76061248779297,135.8625946044922,148.93832397460938,0.7581012845039368,-1,-1,-1
98,-1,97.96273040771484,110.51244354248047,108.73037719726562,135.58106994628906,0.7510873675346375,-1,-1,-1
99,-1,179.55055236816406,118.38233184814453,202.5511016845703,156.33372497558594,0.8532493710517883,-1,-1,-1
99,-1,113.9497299194336,112.76046752929688,135.86325073242188,148.937744140625,0.7579538226127625,-1,-1,-1
99,-1,97.96253204345703,110.51348876953125,108.72989654541016,135.58065795898438,0.7511997818946838,-1,-1,-1
100,-1,179.54872131347656,118.38691711425781,202.5514373779297,156.33816528320312,0.8543733358383179,-1,-1,-1
100,-1,113.94954681396484,112.78895568847656,135.8548126220703,148.92388916015625,0.7590733766555786,-1,-1,-1
100,-1,97.96456146240234,110.51046752929688,108.7531967163086,135.57949829101562,0.7565170526504517,-1,-1,-1
101,-1,179.5485076904297,118.386474609375,202.55099487304688,156.3339385986328,0.8542802333831787,-1,-1,-1
101,-1,113.9492416381836,112.78998565673828,135.85440063476562,148.9241180419922,0.7594126462936401,-1,-1,-1
101,-1,97.96448516845703,110.50896453857422,108.75379943847656,135.58009338378906,0.7565224766731262,-1,-1,-1
102,-1,179.54881286621094,118.38885498046875,202.5515899658203,156.33175659179688,0.8537140488624573,-1,-1,-1
102,-1,113.9486312866211,112.78904724121094,135.85409545898438,148.92572021484375,0.7585417032241821,-1,-1,-1
102,-1,97.96444702148438,110.50884246826172,108.7535171508789,135.58128356933594,0.7562932372093201,-1,-1,-1
103,-1,179.54856872558594,118.39006042480469,202.55201721191406,156.33558654785156,0.8538942933082581,-1,-1,-1
103,-1,113.94786834716797,112.78884887695312,135.85470581054688,148.92510986328125,0.7584052085876465,-1,-1,-1
103,-1,97.96431732177734,110.50994873046875,108.75303649902344,135.58084106445312,0.7564013004302979,-1,-1,-1
104,-1,179.5481719970703,118.38819885253906,202.55166625976562,156.33815002441406,0.8544299602508545,-1,-1,-1
104,-1,113.94845581054688,112.78897857666016,135.85488891601562,148.9246826171875,0.7590805292129517,-1,-1,-1
104,-1,97.964111328125,110.50995635986328,108.75334167480469,135.5802459716797,0.7566507458686829,-1,-1,-1
105,-1,179.5583953857422,118.39044952392578,202.55186462402344,156.3291778564453,0.8538589477539062,-1,-1,-1
105,-1,113.9497299194336,112.79014587402344,135.85394287109375,148.92506408691406,0.7591893076896667,-1,-1,-1
105,-1,97.96431732177734,110.50918579101562,108.7538833618164,135.58047485351562,0.7566036581993103,-1,-1,-1
106,-1,179.55670166015625,118.39398956298828,202.55157470703125,156.3248748779297,0.8531849980354309,-1,-1,-1
106,-1,113.9497299194336,112.7887191772461,135.8536376953125,148.9259796142578,0.7583689093589783,-1,-1,-1
106,-1,97.96454620361328,110.50881958007812,108.75346374511719,135.58180236816406,0.7563329935073853,-1,-1,-1
107,-1,179.55645751953125,118.39537048339844,202.5521697998047,156.32850646972656,0.8533620238304138,-1,-1,-1
107,-1,113.94903564453125,112.78845977783203,135.8542022705078,148.92539978027344,0.758236289024353,-1,-1,-1
107,-1,97.96440124511719,110.50992584228516,108.75294494628906,135.58135986328125,0.7564452886581421,-1,-1,-1
108,-1,179.5561065673828,118.39331817626953,202.5518798828125,156.3312225341797,0.8538960218429565,-1,-1,-1
108,-1,113.94956970214844,112.7886734008789,135.85440063476562,148.92491149902344,0.7589021921157837,-1,-1,-1
108,-1,97.9642105102539,110.50992584228516,108.75326538085938,135.58078002929688,0.7566897869110107,-1,-1,-1
109,-1,179.55615234375,118.39216613769531,202.5511932373047,156.32713317871094,0.8537763953208923,-1,-1,-1
109,-1,113.94966888427734,112.78956604003906,135.85382080078125,148.9251708984375,0.7591564059257507,-1,-1,-1
109,-1,97.96440124511719,110.50900268554688,108.75381469726562,135.5809783935547,0.7565703392028809,-1,-1,-1
110,-1,179.56341552734375,118.33551025390625,202.57261657714844,156.31466674804688,0.8506574630737305,-1,-1,-1
110,-1,113.96656036376953,112.809814453125,135.81236267089844,148.91490173339844,0.7628785371780396,-1,-1,-1
110,-1,97.96248626708984,110.51253509521484,108.74726867675781,135.5688018798828,0.7553970813751221,-1,-1,-1
111,-1,179.56536865234375,118.35543060302734,202.57798767089844,156.31756591796875,0.8495733141899109,-1,-1,-1
111,-1,113.967041015625,112.81271362304688,135.81472778320312,148.91342163085938,0.762191891670227,-1,-1,-1
111,-1,97.9620361328125,110.51431274414062,108.74716186523438,135.56642150878906,0.7553004622459412,-1,-1,-1
112,-1,179.56491088867188,118.35405731201172,202.57852172851562,156.3180389404297,0.8499539494514465,-1,-1,-1
112,-1,113.96784973144531,112.81343841552734,135.81451416015625,148.91567993164062,0.7620685696601868,-1,-1,-1
112,-1,97.96188354492188,110.51485443115234,108.74785614013672,135.56544494628906,0.7555346488952637,-1,-1,-1
113,-1,179.56546020507812,118.35470581054688,202.57693481445312,156.31405639648438,0.8498567342758179,-1,-1,-1
113,-1,113.96826934814453,112.81477355957031,135.81341552734375,148.91510009765625,0.7622233629226685,-1,-1,-1
113,-1,97.96212005615234,110.51354217529297,108.7484130859375,135.5662841796875,0.7554998993873596,-1,-1,-1
114,-1,179.5674285888672,118.35469055175781,202.57717895507812,156.31320190429688,0.8491868376731873,-1,-1,-1
114,-1,113.96927642822266,112.81649017333984,135.81317138671875,148.90948486328125,0.7616517543792725,-1,-1,-1
114,-1,97.96235656738281,110.51383209228516,108.74757385253906,135.5669403076172,0.755460262298584,-1,-1,-1
115,-1,196.3134002685547,119.69994354248047,217.91607666015625,155.15794372558594,0.7534770369529724,-1,-1,-1
115,-1,129.2039337158203,112.82135009765625,148.3353271484375,155.4760284423828,0.6930074095726013,-1,-1,-1
116,-1,196.30972290039062,119.68626403808594,217.92828369140625,155.1338653564453,0.751006007194519,-1,-1,-1
116,-1,129.19557189941406,112.8386001586914,148.34104919433594,155.47882080078125,0.6906386613845825,-1,-1,-1
117,-1,196.3091278076172,119.69963836669922,217.92823791503906,155.13754272460938,0.7540981769561768,-1,-1,-1
117,-1,129.19790649414062,112.82601928710938,148.33792114257812,155.4557647705078,0.6994626522064209,-1,-1,-1
118,-1,196.3109588623047,119.69587707519531,217.92684936523438,155.1411590576172,0.7530025839805603,-1,-1,-1
118,-1,129.19081115722656,112.83006286621094,148.33123779296875,155.45816040039062,0.697096586227417,-1,-1,-1
119,-1,196.31289672851562,119.69461822509766,217.92518615722656,155.1410369873047,0.7530286908149719,-1,-1,-1
119,-1,129.19020080566406,112.82998657226562,148.3314666748047,155.4569854736328,0.6966812014579773,-1,-1,-1
120,-1,196.32398986816406,119.66177368164062,217.9708709716797,155.04978942871094,0.755583643913269,-1,-1,-1
120,-1,129.21151733398438,112.80149841308594,148.28855895996094,155.4958953857422,0.6975389122962952,-1,-1,-1
121,-1,196.319091796875,119.66842651367188,217.9656219482422,155.05355834960938,0.7572463750839233,-1,-1,-1
121,-1,129.21360778808594,112.7977294921875,148.29075622558594,155.49510192871094,0.6996508240699768,-1,-1,-1
122,-1,196.32034301757812,119.66680145263672,217.96507263183594,155.05740356445312,0.7565487623214722,-1,-1,-1
122,-1,129.21255493164062,112.79602813720703,148.28921508789062,155.49862670898438,0.6980667114257812,-1,-1,-1
123,-1,196.3221893310547,119.66606903076172,217.96328735351562,155.05703735351562,0.7566243410110474,-1,-1,-1
123,-1,129.21182250976562,112.79653930664062,148.2897491455078,155.4971160888672,0.6977260112762451,-1,-1,-1
124,-1,196.3203582763672,119.66775512695312,217.96420288085938,155.0538330078125,0.757059633731842,-1,-1,-1
124,-1,129.2126007080078,112.79743194580078,148.29150390625,155.49478149414062,0.6990157961845398,-1,-1,-1
125,-1,196.31976318359375,119.66792297363281,217.96499633789062,155.05455017089844,0.7572522163391113,-1,-1,-1
125,-1,129.21368408203125,112.79796600341797,148.29122924804688,155.4949493408203,0.6999465823173523,-1,-1,-1
126,-1,196.32102966308594,119.66626739501953,217.96438598632812,155.05841064453125,0.756558358669281,-1,-1,-1
126,-1,129.21267700195312,112.7964859008789,148.28965759277344,155.49826049804688,0.6983841061592102,-1,-1,-1
127,-1,196.3227081298828,119.66552734375,217.96298217773438,155.0579833984375,0.7567657232284546,-1,-1,-1
127,-1,129.2152557373047,112.79808044433594,148.29405212402344,155.49842834472656,0.697996973991394,-1,-1,-1
128,-1,196.32093811035156,119.6671142578125,217.96365356445312,155.0538787841797,0.7570483088493347,-1,-1,-1
128,-1,129.21481323242188,112.79932403564453,148.29147338867188,155.49560546875,0.6990149617195129,-1,-1,-1
129,-1,196.31971740722656,119.66790008544922,217.965087890625,155.05357360839844,0.7572423219680786,-1,-1,-1
129,-1,129.21578979492188,112.79969024658203,148.2906951904297,155.4959716796875,0.6996437311172485,-1,-1,-1
150,-1,122.80397033691406,109.03063201904297,139.1927490234375,152.27056884765625,0.8841075301170349,-1,-1,-1
151,-1,122.78984832763672,109.02208709716797,139.18374633789062,152.2724609375,0.8841955065727234,-1,-1,-1
152,-1,122.79002380371094,109.02435302734375,139.18472290039062,152.27154541015625,0.8840257525444031,-1,-1,-1
153,-1,122.78992462158203,109.02348327636719,139.1848907470703,152.27218627929688,0.8840358257293701,-1,-1,-1
154,-1,122.78990936279297,109.02320861816406,139.18496704101562,152.2724609375,0.8840172290802002,-1,-1,-1
155,-1,122.76940155029297,108.98820495605469,139.1978302001953,152.2796173095703,0.8829697966575623,-1,-1,-1
156,-1,122.77632904052734,109.0007095336914,139.19854736328125,152.2616424560547,0.881214439868927,-1,-1,-1
157,-1,122.77566528320312,109.00057983398438,139.19940185546875,152.26242065429688,0.8814180493354797,-1,-1,-1
158,-1,122.77568054199219,109.00067901611328,139.19932556152344,152.2623291015625,0.8814155459403992,-1,-1,-1
159,-1,122.77568054199219,109.00067901611328,139.19932556152344,152.2623291015625,0.8814155459403992,-1,-1,-1
160,-1,122.77546691894531,109.01542663574219,139.20419311523438,152.24383544921875,0.8808509111404419,-1,-1,-1
161,-1,122.77542877197266,109.01661682128906,139.20477294921875,152.24307250976562,0.8809455633163452,-1,-1,-1
162,-1,122.77542877197266,109.01661682128906,139.20477294921875,152.24307250976562,0.8809455633163452,-1,-1,-1
163,-1,122.77542877197266,109.01661682128906,139.20477294921875,152.24307250976562,0.8809455633163452,-1,-1,-1
164,-1,122.77542877197266,109.01661682128906,139.20477294921875,152.24307250976562,0.8809455633163452,-1,-1,-1
165,-1,134.41867065429688,108.56957244873047,151.70179748535156,150.95960998535156,0.9639801979064941,-1,-1,-1
165,-1,177.2730255126953,115.52045440673828,199.6046142578125,157.20132446289062,0.8887969255447388,-1,-1,-1
166,-1,134.42593383789062,108.6017074584961,151.72354125976562,150.96583557128906,0.9632043242454529,-1,-1,-1
166,-1,177.23776245117188,115.55526733398438,199.66127014160156,157.1696014404297,0.8878335356712341,-1,-1,-1
167,-1,134.42776489257812,108.60071563720703,151.72103881835938,150.9700927734375,0.9633824825286865,-1,-1,-1
167,-1,177.21536254882812,115.55590057373047,199.6575164794922,157.1561279296875,0.8877308964729309,-1,-1,-1
168,-1,134.427734375,108.6008071899414,151.7209014892578,150.97000122070312,0.9633795619010925,-1,-1,-1
168,-1,177.21543884277344,115.5557861328125,199.6571044921875,157.15634155273438,0.8877358436584473,-1,-1,-1
169,-1,134.4276580810547,108.60025024414062,151.71957397460938,150.96990966796875,0.9633118510246277,-1,-1,-1
169,-1,177.21763610839844,115.55906677246094,199.65606689453125,157.15806579589844,0.8877477049827576,-1,-1,-1
170,-1,134.46817016601562,108.5550308227539,151.7722930908203,150.90353393554688,0.954824686050415,-1,-1,-1
170,-1,177.1742401123047,115.56370544433594,199.7583770751953,157.1367645263672,0.8881958723068237,-1,-1,-1
171,-1,134.4639129638672,108.55844116210938,151.78968811035156,150.91490173339844,0.9540880918502808,-1,-1,-1
171,-1,177.1588134765625,115.56714630126953,199.74534606933594,157.1344757080078,0.8885222673416138,-1,-1,-1
172,-1,134.4639892578125,108.55841827392578,151.78948974609375,150.91482543945312,0.9540961384773254,-1,-1,-1
172,-1,177.15943908691406,115.56739807128906,199.74588012695312,157.1345977783203,0.8885309100151062,-1,-1,-1
173,-1,134.4639892578125,108.55841827392578,151.78948974609375,150.91482543945312,0.9540961384773254,-1,-1,-1
173,-1,177.15943908691406,115.56739807128906,199.74588012695312,157.1345977783203,0.8885309100151062,-1,-1,-1
174,-1,134.4639892578125,108.55841827392578,151.78948974609375,150.91482543945312,0.9540961384773254,-1,-1,-1
174,-1,177.15943908691406,115.56739807128906,199.74588012695312,157.1345977783203,0.8885309100151062,-1,-1,-1
175,-1,134.46499633789062,108.5567855834961,151.80679321289062,150.90664672851562,0.9524451494216919,-1,-1,-1
175,-1,177.16123962402344,115.55001068115234,199.7529296875,157.13543701171875,0.8884514570236206,-1,-1,-1
176,-1,134.4668731689453,108.55467987060547,151.8156280517578,150.912841796875,0.9522501230239868,-1,-1,-1
176,-1,177.16534423828125,115.5494384765625,199.75364685058594,157.13641357421875,0.8883380889892578,-1,-1,-1
177,-1,134.4634552001953,108.5518798828125,151.8193359375,150.91104125976562,0.9525154829025269,-1,-1,-1
177,-1,177.1644287109375,115.54962158203125,199.75379943847656,157.1356658935547,0.888475775718689,-1,-1,-1
178,-1,134.4634552001953,108.5518798828125,151.8193359375,150.91104125976562,0.9525154829025269,-1,-1,-1
178,-1,177.1644287109375,115.54962158203125,199.75379943847656,157.1356658935547,0.888475775718689,-1,-1,-1
179,-1,134.4634552001953,108.5518798828125,151.8193359375,150.91104125976562,0.9525154829025269,-1,-1,-1
179,-1,177.1644287109375,115.54962158203125,199.75379943847656,157.1356658935547,0.888475775718689,-1,-1,-1
200,-1,193.31350708007812,117.07037353515625,213.924560546875,157.2504119873047,0.8435456156730652,-1,-1,-1
200,-1,161.58743286132812,117.41151428222656,174.79794311523438,152.71832275390625,0.7418583631515503,-1,-1,-1
200,-1,218.89364624023438,124.1685791015625,233.4680938720703,149.8932342529297,0.6450831294059753,-1,-1,-1
200,-1,129.4051971435547,103.49801635742188,138.10227966308594,133.80657958984375,0.5362241864204407,-1,-1,-1
201,-1,193.28121948242188,117.02117919921875,213.89930725097656,157.2662353515625,0.8396300673484802,-1,-1,-1
201,-1,161.58245849609375,117.41781616210938,174.79840087890625,152.7178497314453,0.744909942150116,-1,-1,-1
201,-1,218.89285278320312,124.2000503540039,233.50839233398438,149.8731689453125,0.6478857398033142,-1,-1,-1
201,-1,129.40577697753906,103.4981460571289,138.105224609375,133.81649780273438,0.5361297130584717,-1,-1,-1
202,-1,193.2772979736328,117.0260009765625,213.90811157226562,157.2627716064453,0.8395881652832031,-1,-1,-1
202,-1,161.582763671875,117.41790771484375,174.798583984375,152.71827697753906,0.7447709441184998,-1,-1,-1
202,-1,218.89138793945312,124.19982147216797,233.5047607421875,149.86268615722656,0.6456011533737183,-1,-1,-1
202,-1,129.40599060058594,103.49829864501953,138.10507202148438,133.81614685058594,0.5361409783363342,-1,-1,-1
203,-1,193.27720642089844,117.02590942382812,213.90821838378906,157.26284790039062,0.8395814299583435,-1,-1,-1
203,-1,161.582763671875,117.41751861572266,174.79861450195312,152.71832275390625,0.7447115182876587,-1,-1,-1
203,-1,218.8914337158203,124.19982147216797,233.5047607421875,149.8626708984375,0.6455879211425781,-1,-1,-1
203,-1,129.40582275390625,103.4981918334961,138.1051788330078,133.81613159179688,0.5360674262046814,-1,-1,-1
204,-1,193.27725219726562,117.02584838867188,213.90811157226562,157.26283264160156,0.8395717144012451,-1,-1,-1
204,-1,161.58282470703125,117.41755676269531,174.79859924316406,152.71835327148438,0.7447013854980469,-1,-1,-1
204,-1,218.8914337158203,124.19979858398438,233.5047607421875,149.86273193359375,0.6455870270729065,-1,-1,-1
204,-1,129.4059600830078,103.49842071533203,138.10507202148438,133.8159942626953,0.5360121726989746,-1,-1,-1
205,-1,193.29786682128906,117.02435302734375,213.8876190185547,157.23712158203125,0.8384860754013062,-1,-1,-1
205,-1,161.58860778808594,117.41437530517578,174.79910278320312,152.72525024414062,0.7456890940666199,-1,-1,-1
205,-1,218.9097900390625,124.16901397705078,233.47189331054688,149.8875732421875,0.6421422958374023,-1,-1,-1
205,-1,129.440673828125,103.50435638427734,138.0923614501953,133.82244873046875,0.5431320071220398,-1,-1,-1
206,-1,193.30035400390625,117.02521514892578,213.88775634765625,157.2330322265625,0.8383795619010925,-1,-1,-1
206,-1,161.59019470214844,117.41371154785156,174.79933166503906,152.72103881835938,0.7449772357940674,-1,-1,-1
206,-1,218.90992736816406,124.1694107055664,233.47018432617188,149.8865203857422,0.6423094868659973,-1,-1,-1
206,-1,129.44020080566406,103.50318145751953,138.0924835205078,133.82232666015625,0.5422760844230652,-1,-1,-1
207,-1,193.30035400390625,117.02521514892578,213.88775634765625,157.2330322265625,0.8383795619010925,-1,-1,-1
207,-1,161.59019470214844,117.41371154785156,174.79933166503906,152.72103881835938,0.7449772357940674,-1,-1,-1
207,-1,218.90992736816406,124.1694107055664,233.47018432617188,149.8865203857422,0.6423094868659973,-1,-1,-1
207,-1,129.44020080566406,103.50318145751953,138.0924835205078,133.82232666015625,0.5422760844230652,-1,-1,-1
208,-1,193.3003387451172,117.02523803710938,213.8877716064453,157.23306274414062,0.8383898138999939,-1,-1,-1
208,-1,161.59011840820312,117.41371154785156,174.79931640625,152.72125244140625,0.7450187802314758,-1,-1,-1
208,-1,218.90992736816406,124.16942596435547,233.47018432617188,149.886474609375,0.6423138976097107,-1,-1,-1
208,-1,129.4400634765625,103.50312805175781,138.0924530029297,133.82217407226562,0.5423728227615356,-1,-1,-1
209,-1,193.3003387451172,117.02523803710938,213.8877716064453,157.23306274414062,0.8383898138999939,-1,-1,-1
209,-1,161.59011840820312,117.41371154785156,174.79931640625,152.72125244140625,0.7450187802314758,-1,-1,-1
209,-1,218.90992736816406,124.16942596435547,233.47018432617188,149.886474609375,0.6423138976097107,-1,-1,-1
209,-1,129.4400634765625,103.50312805175781,138.0924530029297,133.82217407226562,0.5423728227615356,-1,-1,-1
210,-1,193.27291870117188,117.04910278320312,213.9311065673828,157.2504119873047,0.8455974459648132,-1,-1,-1
210,-1,161.58888244628906,117.43903350830078,174.7999725341797,152.71759033203125,0.7436743974685669,-1,-1,-1
210,-1,218.8928985595703,124.19713592529297,233.43701171875,149.86917114257812,0.6365509033203125,-1,-1,-1
210,-1,129.47720336914062,103.51576232910156,138.08425903320312,133.8101043701172,0.5434392094612122,-1,-1,-1
211,-1,193.27145385742188,117.05099487304688,213.9318084716797,157.2530975341797,0.845120370388031,-1,-1,-1
211,-1,161.5880584716797,117.44313049316406,174.80255126953125,152.7177734375,0.7429332733154297,-1,-1,-1
211,-1,218.89381408691406,124.19746398925781,233.43624877929688,149.86663818359375,0.636298656463623,-1,-1,-1
211,-1,129.4802703857422,103.5257797241211,138.07931518554688,133.7964630126953,0.5464717745780945,-1,-1,-1
212,-1,193.27345275878906,117.05154418945312,213.9307861328125,157.25021362304688,0.8450787663459778,-1,-1,-1
212,-1,161.58746337890625,117.43628692626953,174.80360412597656,152.72320556640625,0.743858277797699,-1,-1,-1
212,-1,218.89413452148438,124.19640350341797,233.43580627441406,149.8682098388672,0.6366629600524902,-1,-1,-1
212,-1,129.4802703857422,103.5252685546875,138.07931518554688,133.7969512939453,0.5465525388717651,-1,-1,-1
213,-1,193.27340698242188,117.05148315429688,213.93069458007812,157.250244140625,0.845074474811554,-1,-1,-1
213,-1,161.58749389648438,117.43617248535156,174.8035888671875,152.7232208251953,0.7438406348228455,-1,-1,-1
213,-1,218.89413452148438,124.1963882446289,233.43580627441406,149.86822509765625,0.6366600394248962,-1,-1,-1
213,-1,129.48037719726562,103.52519226074219,138.07923889160156,133.79701232910156,0.546520471572876,-1,-1,-1
214,-1,193.27340698242188,117.05148315429688,213.93069458007812,157.250244140625,0.845074474811554,-1,-1,-1
214,-1,161.58749389648438,117.43617248535156,174.8035888671875,152.7232208251953,0.7438406348228455,-1,-1,-1
214,-1,218.89413452148438,124.1963882446289,233.43580627441406,149.86822509765625,0.6366600394248962,-1,-1,-1
214,-1,129.48037719726562,103.52519226074219,138.07923889160156,133.79701232910156,0.546520471572876,-1,-1,-1
215,-1,193.27352905273438,117.04904174804688,213.92984008789062,157.252685546875,0.8449040651321411,-1,-1,-1
215,-1,161.58767700195312,117.43447875976562,174.80343627929688,152.723388671875,0.7436770796775818,-1,-1,-1
215,-1,218.8944854736328,124.1966781616211,233.4342803955078,149.8677978515625,0.6365439891815186,-1,-1,-1
215,-1,129.48072814941406,103.52561950683594,138.0792236328125,133.79684448242188,0.5467186570167542,-1,-1,-1
216,-1,193.27352905273438,117.04904174804688,213.92984008789062,157.252685546875,0.8449040651321411,-1,-1,-1
216,-1,161.58767700195312,117.43447875976562,174.80343627929688,152.723388671875,0.7436770796775818,-1,-1,-1
216,-1,218.8944854736328,124.1966781616211,233.4342803955078,149.8677978515625,0.6365439891815186,-1,-1,-1
216,-1,129.48072814941406,103.52561950683594,138.0792236328125,133.79684448242188,0.5467186570167542,-1,-1,-1
217,-1,193.27352905273438,117.04904174804688,213.92984008789062,157.252685546875,0.8449040651321411,-1,-1,-1
217,-1,161.58767700195312,117.43447875976562,174.80343627929688,152.723388671875,0.7436770796775818,-1,-1,-1
217,-1,218.8944854736328,124.1966781616211,233.4342803955078,149.8677978515625,0.6365439891815186,-1,-1,-1
217,-1,129.48072814941406,103.52561950683594,138.0792236328125,133.79684448242188,0.5467186570167542,-1,-1,-1
218,-1,193.27352905273438,117.04904174804688,213.92984008789062,157.252685546875,0.8449040651321411,-1,-1,-1
218,-1,161.58767700195312,117.43447875976562,174.80343627929688,152.723388671875,0.7436770796775818,-1,-1,-1
218,-1,218.8944854736328,124.1966781616211,233.4342803955078,149.8677978515625,0.6365439891815186,-1,-1,-1
218,-1,129.48072814941406,103.52561950683594,138.0792236328125,133.79684448242188,0.5467186570167542,-1,-1,-1
219,-1,193.27352905273438,117.04904174804688,213.92984008789062,157.252685546875,0.8449040651321411,-1,-1,-1
219,-1,161.58767700195312,117.43447875976562,174.80343627929688,152.723388671875,0.7436770796775818,-1,-1,-1
219,-1,218.8944854736328,124.1966781616211,233.4342803955078,149.8677978515625,0.6365439891815186,-1,-1,-1
219,-1,129.48072814941406,103.52561950683594,138.0792236328125,133.79684448242188,0.5467186570167542,-1,-1,-1
220,-1,167.93350219726562,112.93012237548828,185.16131591796875,158.25425720214844,0.9597797989845276,-1,-1,-1
220,-1,194.9205322265625,116.08407592773438,215.5303192138672,157.3919219970703,0.6206950545310974,-1,-1,-1
221,-1,167.9313507080078,112.93859100341797,185.16619873046875,158.28921508789062,0.9596996903419495,-1,-1,-1
221,-1,194.9136505126953,116.06513977050781,215.5419158935547,157.4304962158203,0.6213348507881165,-1,-1,-1
222,-1,167.93087768554688,112.94088745117188,185.16751098632812,158.27647399902344,0.9597119688987732,-1,-1,-1
222,-1,194.91452026367188,116.06820678710938,215.53732299804688,157.4310302734375,0.6215820908546448,-1,-1,-1
223,-1,167.93087768554688,112.94088745117188,185.16751098632812,158.27647399902344,0.9597119688987732,-1,-1,-1
223,-1,194.91452026367188,116.06820678710938,215.53732299804688,157.4310302734375,0.6215820908546448,-1,-1,-1
224,-1,167.93087768554688,112.94088745117188,185.16751098632812,158.27647399902344,0.9597119688987732,-1,-1,-1
224,-1,194.91452026367188,116.06820678710938,215.53732299804688,157.4310302734375,0.6215820908546448,-1,-1,-1
225,-1,167.9960479736328,112.97441101074219,185.19937133789062,158.23887634277344,0.9603629112243652,-1,-1,-1
225,-1,194.91436767578125,116.07324981689453,215.6395263671875,157.47817993164062,0.6713349223136902,-1,-1,-1
226,-1,167.99429321289062,112.97605895996094,185.1892852783203,158.23594665527344,0.96112459897995,-1,-1,-1
226,-1,194.90573120117188,116.07539367675781,215.64492797851562,157.4805908203125,0.6783248782157898,-1,-1,-1
227,-1,167.99435424804688,112.97598266601562,185.1892852783203,158.2360382080078,0.9611222147941589,-1,-1,-1
227,-1,194.90573120117188,116.07530212402344,215.64501953125,157.48062133789062,0.6782937049865723,-1,-1,-1
228,-1,167.99497985839844,112.97504425048828,185.18862915039062,158.23684692382812,0.9611061215400696,-1,-1,-1
228,-1,194.90505981445312,116.06893920898438,215.647705078125,157.479736328125,0.677508533000946,-1,-1,-1
229,-1,167.99497985839844,112.97504425048828,185.18862915039062,158.23684692382812,0.9611061215400696,-1,-1,-1
229,-1,194.90505981445312,116.06893920898438,215.647705078125,157.479736328125,0.677508533000946,-1,-1,-1
230,-1,168.1685028076172,112.64097595214844,185.2572784423828,158.99241638183594,0.9622911214828491,-1,-1,-1
230,-1,194.8594970703125,115.45975494384766,215.35987854003906,157.61766052246094,0.6288122534751892,-1,-1,-1
231,-1,168.18179321289062,112.6782455444336,185.2969512939453,159.018310546875,0.962120771408081,-1,-1,-1
231,-1,194.83987426757812,115.42626953125,215.33079528808594,157.6775665283203,0.6329312920570374,-1,-1,-1
232,-1,168.1983184814453,112.68519592285156,185.2974090576172,159.01687622070312,0.9624390602111816,-1,-1,-1
232,-1,194.8338623046875,115.43175506591797,215.3294219970703,157.67288208007812,0.6326754689216614,-1,-1,-1
233,-1,168.1991729736328,112.6851806640625,185.298095703125,159.01812744140625,0.9624494910240173,-1,-1,-1
233,-1,194.83554077148438,115.4327163696289,215.3291015625,157.6714630126953,0.6330753564834595,-1,-1,-1
234,-1,168.1987762451172,112.68535614013672,185.298583984375,159.01773071289062,0.9624338150024414,-1,-1,-1
234,-1,194.8369140625,115.43163299560547,215.32728576660156,157.67247009277344,0.6330552101135254,-1,-1,-1
235,-1,180.39004516601562,104.8492431640625,202.15577697753906,154.34619140625,0.7859494686126709,-1,-1,-1
235,-1,190.88438415527344,119.35072326660156,216.65692138671875,156.81370544433594,0.51399827003479,-1,-1,-1
236,-1,180.40390014648438,104.81558227539062,202.1595916748047,154.345703125,0.7870258688926697,-1,-1,-1
236,-1,190.86468505859375,119.34559631347656,216.61990356445312,156.8596649169922,0.5172742605209351,-1,-1,-1
237,-1,180.40240478515625,104.80642700195312,202.16159057617188,154.34912109375,0.7864052653312683,-1,-1,-1
237,-1,190.8733367919922,119.36784362792969,216.62637329101562,156.8544464111328,0.5120890736579895,-1,-1,-1
238,-1,180.40386962890625,104.8042221069336,202.16163635253906,154.35072326660156,0.7863864898681641,-1,-1,-1
238,-1,190.87538146972656,119.3655776977539,216.6267547607422,156.85438537597656,0.5120662450790405,-1,-1,-1
239,-1,180.4037322998047,104.80426025390625,202.16139221191406,154.35073852539062,0.7865251898765564,-1,-1,-1
239,-1,190.87562561035156,119.36453247070312,216.62600708007812,156.85516357421875,0.5121446251869202,-1,-1,-1
240,-1,180.39625549316406,104.76927185058594,202.17649841308594,154.39572143554688,0.7833974957466125,-1,-1,-1
240,-1,190.90625,119.36840057373047,216.58905029296875,156.8535919189453,0.5122491717338562,-1,-1,-1
241,-1,180.39503479003906,104.76710510253906,202.1772918701172,154.39776611328125,0.7833550572395325,-1,-1,-1
241,-1,190.90667724609375,119.3756332397461,216.58853149414062,156.853515625,0.5109832286834717,-1,-1,-1
242,-1,180.39501953125,104.76705169677734,202.1772918701172,154.39784240722656,0.7833513021469116,-1,-1,-1
242,-1,190.9066619873047,119.3755874633789,216.58856201171875,156.85350036621094,0.5109797120094299,-1,-1,-1
243,-1,180.39501953125,104.76705169677734,202.1772918701172,154.39784240722656,0.7833513021469116,-1,-1,-1
243,-1,190.9066619873047,119.3755874633789,216.58856201171875,156.85350036621094,0.5109797120094299,-1,-1,-1
244,-1,180.39501953125,104.76705169677734,202.1772918701172,154.39784240722656,0.7833513021469116,-1,-1,-1
244,-1,190.9066619873047,119.3755874633789,216.58856201171875,156.85350036621094,0.5109797120094299,-1,-1,-1
245,-1,180.3948974609375,104.76689147949219,202.17742919921875,154.3979034423828,0.7833679914474487,-1,-1,-1
245,-1,190.9064483642578,119.37567901611328,216.58851623535156,156.8536834716797,0.5109946131706238,-1,-1,-1
246,-1,180.3948974609375,104.76689147949219,202.17742919921875,154.3979034423828,0.7833679914474487,-1,-1,-1
246,-1,190.9064483642578,119.37567901611328,216.58851623535156,156.8536834716797,0.5109946131706238,-1,-1,-1
247,-1,180.3948974609375,104.76689147949219,202.17742919921875,154.3979034423828,0.7833679914474487,-1,-1,-1
247,-1,190.9064483642578,119.37567901611328,216.58851623535156,156.8536834716797,0.5109946131706238,-1,-1,-1
248,-1,180.3948974609375,104.76689147949219,202.17742919921875,154.3979034423828,0.7833679914474487,-1,-1,-1
248,-1,190.9064483642578,119.37567901611328,216.58851623535156,156.8536834716797,0.5109946131706238,-1,-1,-1
249,-1,180.3948974609375,104.76689147949219,202.17742919921875,154.3979034423828,0.7833679914474487,-1,-1,-1
249,-1,190.9064483642578,119.37567901611328,216.58851623535156,156.8536834716797,0.5109946131706238,-1,-1,-1
250,-1,180.3948974609375,104.76689147949219,202.17742919921875,154.3979034423828,0.7833679914474487,-1,-1,-1
250,-1,190.9064483642578,119.37567901611328,216.58851623535156,156.8536834716797,0.5109946131706238,-1,-1,-1
251,-1,180.45057678222656,104.93977355957031,202.22842407226562,154.25473022460938,0.7964326739311218,-1,-1,-1
251,-1,190.91514587402344,119.3250732421875,216.67100524902344,156.75967407226562,0.5439940690994263,-1,-1,-1
252,-1,180.4521026611328,104.93659210205078,202.22726440429688,154.2620391845703,0.7970751523971558,-1,-1,-1
252,-1,190.92637634277344,119.31769561767578,216.66629028320312,156.7711639404297,0.5457802414894104,-1,-1,-1
253,-1,180.4521026611328,104.93659210205078,202.22726440429688,154.2620391845703,0.7970751523971558,-1,-1,-1
253,-1,190.92637634277344,119.31769561767578,216.66629028320312,156.7711639404297,0.5457802414894104,-1,-1,-1
254,-1,180.4521026611328,104.93663024902344,202.227294921875,154.26202392578125,0.7970786690711975,-1,-1,-1
254,-1,190.9263916015625,119.317626953125,216.66627502441406,156.77127075195312,0.5457820892333984,-1,-1,-1
255,-1,184.1746368408203,105.51141357421875,201.77308654785156,151.04180908203125,0.6924413442611694,-1,-1,-1
256,-1,184.20681762695312,105.51055145263672,201.7527618408203,150.93960571289062,0.6898337006568909,-1,-1,-1
257,-1,184.20396423339844,105.51073455810547,201.7532196044922,150.9384307861328,0.6897072196006775,-1,-1,-1
258,-1,184.20396423339844,105.51073455810547,201.7532196044922,150.9384307861328,0.6897072196006775,-1,-1,-1
259,-1,184.20396423339844,105.51073455810547,201.7532196044922,150.9384307861328,0.6897072196006775,-1,-1,-1
260,-1,184.185302734375,105.5101318359375,201.75,150.9111328125,0.6903696656227112,-1,-1,-1
261,-1,184.1865692138672,105.51879119873047,201.75018310546875,150.89942932128906,0.6904615163803101,-1,-1,-1
262,-1,184.1865692138672,105.51879119873047,201.75018310546875,150.89942932128906,0.6904615163803101,-1,-1,-1
263,-1,184.1865692138672,105.51879119873047,201.75018310546875,150.89942932128906,0.6904615163803101,-1,-1,-1
264,-1,184.1865692138672,105.51879119873047,201.75018310546875,150.89942932128906,0.6904615163803101,-1,-1,-1
265,-1,192.5120391845703,117.35459899902344,214.35301208496094,157.78465270996094,0.5492286086082458,-1,-1,-1
266,-1,192.51834106445312,117.3777847290039,214.35299682617188,157.793701171875,0.5472003817558289,-1,-1,-1
267,-1,192.5164031982422,117.37566375732422,214.35372924804688,157.79417419433594,0.5466809272766113,-1,-1,-1
268,-1,192.51641845703125,117.3755874633789,214.35366821289062,157.79417419433594,0.5466877818107605,-1,-1,-1
269,-1,192.51661682128906,117.37574768066406,214.35366821289062,157.79425048828125,0.5467444062232971,-1,-1,-1
270,-1,192.55995178222656,117.3705825805664,214.35232543945312,157.80384826660156,0.5481731295585632,-1,-1,-1
271,-1,192.57464599609375,117.32877349853516,214.34861755371094,157.8131866455078,0.5499781370162964,-1,-1,-1
272,-1,192.57469177246094,117.32867431640625,214.34857177734375,157.81314086914062,0.549980640411377,-1,-1,-1
273,-1,192.57492065429688,117.32880401611328,214.3485870361328,157.813232421875,0.5500324368476868,-1,-1,-1
274,-1,192.57492065429688,117.32887268066406,214.3485870361328,157.81329345703125,0.5500306487083435,-1,-1,-1
275,-1,192.57464599609375,117.32877349853516,214.34861755371094,157.8131866455078,0.5499781370162964,-1,-1,-1
276,-1,192.57469177246094,117.32867431640625,214.34857177734375,157.81314086914062,0.549980640411377,-1,-1,-1
277,-1,192.57492065429688,117.32880401611328,214.3485870361328,157.813232421875,0.5500324368476868,-1,-1,-1
278,-1,192.57492065429688,117.32887268066406,214.3485870361328,157.81329345703125,0.5500306487083435,-1,-1,-1
279,-1,192.57464599609375,117.32877349853516,214.34861755371094,157.8131866455078,0.5499781370162964,-1,-1,-1
280,-1,192.57469177246094,117.32867431640625,214.34857177734375,157.81314086914062,0.549980640411377,-1,-1,-1
281,-1,192.57492065429688,117.32880401611328,214.3485870361328,157.813232421875,0.5500324368476868,-1,-1,-1
282,-1,192.57492065429688,117.32887268066406,214.3485870361328,157.81329345703125,0.5500306487083435,-1,-1,-1
283,-1,192.57464599609375,117.32877349853516,214.34861755371094,157.8131866455078,0.5499781370162964,-1,-1,-1
284,-1,192.57469177246094,117.32867431640625,214.34857177734375,157.81314086914062,0.549980640411377,-1,-1,-1
